0 0 7 5 4 12 6
1 1 1 22 5 40 7
2 1 14 32 2 6 3
3 0 5 50 1 5 1
4 0 3 66 11 34 16
5 1 5 81 110 432 165
6 0 2 97 1 10 1
7 1 1 112 77 705 115
8 0 6 123 1 5 1
9 1 2 139 451 4507 676
10 0 4 153 2 7 3
11 0 2 169 3 25 4
12 1 9 183 122432 765506 183648
13 0 6 200 2 7 3
14 1 2 216 1276 13382 1914
15 0 3 230 1 4 1
16 0 2 245 1 9 1
17 1 4 259 151 608 226
18 1 5 275 33620 195821 50430
19 1 1 291 2387 25741 3580
20 0 2 304 6 48 9
21 0 2 319 45 400 67
22 1 3 334 1 4 1
23 1 1 349 6 48 9
24 0 12 359 16 52 24
25 0 3 377 53 195 79
26 0 2 392 1 11 1
27 0 1 406 83 762 124
28 1 19 418 2 7 3
29 0 6 436 13 41 19
30 0 5 453 726 3306 1089
31 0 2 469 11 90 16
32 1 14 484 127 505 190
33 0 2 502 1 12 1
34 0 1 516 7 56 10
35 0 3 529 4 33 6
36 0 3 544 13 107 19
37 1 4 559 1 3 1
38 1 3 575 261 1100 391
39 0 55 590 174 710 261
40 1 2 609 548 5528 822
41 1 15 623 4994 25934 7491
42 1 1 641 1 10 1
43 1 2 654 234 2266 351
44 0 2 668 44 391 66
45 0 2 682 1575 16674 2362
46 1 5 696 218 905 327
47 1 2 712 30 261 45
48 0 2 726 301 2950 451
49 0 1 741 2 17 3
50 0 1 754 1 11 1
51 1 2 766 9 73 13
52 1 1 780 1 9 1
53 0 4 793 9 27 13
54 1 5 809 810 3718 1215
55 1 3 825 1 10 1
56 0 16 840 1 5 1
57 0 2 858 1 10 1
58 0 2 873 1 9 1
59 0 4 887 14 45 21
60 0 4 903 83 318 124
61 1 3 919 25 85 37
62 1 12 935 220 914 330
63 1 2 953 1 10 1
64 0 1 968 25 215 37
65 1 2 980 6 48 9
66 1 2 994 65 590 97
67 1 5 1008 140 561 210
68 1 1 1024 17 143 25
69 0 3 1034 7 21 10
70 1 15 1049 19 63 28
71 0 1 1067 1 11 1
72 1 1 1076 43171 524672 64756
73 1 1 1086 172 1640 258
74 0 2 1096 1 11 1
75 1 1 1110 1 11 1
76 0 1 1123 31760 381379 47640
77 0 3 1132 1 10 1
78 0 3 1147 184 1761 276
79 1 6 1162 394 1714 591
80 1 2 1178 5 40 7
81 1 2 1192 1 11 1
82 0 4 1207 1 4 1
83 0 4 1223 7 21 10
84 1 2 1239 20 170 30
85 1 3 1253 2 7 3
86 1 2 1268 1 9 1
87 0 2 1282 1 10 1
88 1 3 1295 1 4 1
89 0 6 1310 7 21 10
90 1 7 1326 1 3 1
91 0 3 1343 34 120 51
92 0 1 1358 38 334 57
93 1 9 1371 1002 4670 1503
94 1 4 1388 35524 207559 53286
95 0 5 1404 48075 285708 72112
96 1 11 1420 1450 6936 2175
97 1 3 1438 18 152 27
98 1 19 1453 172 701 258
99 0 1 1471 1 11 1
100 1 9 1481 1 5 1
101 0 2 1498 1 9 1
102 1 2 1512 81 743 121
103 1 1 1526 3 25 4
104 1 3 1539 4 33 6
105 1 3 1554 1281 13436 1921
106 0 1 1569 377 3736 565
107 0 2 1582 1 9 1
108 0 2 1597 29 251 43
109 1 4 1612 109 427 163
110 1 1 1628 1 10 1
111 0 1 1638 1 10 1
112 0 4 1650 1 5 1
113 0 4 1666 2 6 3
114 1 1 1682 7663 86864 11494
115 0 4 1694 8136 43566 12204
116 1 3 1710 324 1388 486
117 1 1 1725 2 17 3
118 0 1 1738 1084 11284 1626
119 1 5 1751 14 45 21
120 0 2 1767 1 10 1
121 1 1 1781 1087 11317 1630
122 0 4 1793 3184 16060 4776
123 0 4 1809 20 67 30
124 0 4 1825 1 5 1
125 0 3 1841 2 7 3
126 1 2 1856 545 5496 817
127 1 2 1871 15273 178111 22909
128 1 1 1886 37411 452135 56116
129 0 4 1898 1 5 1
130 1 1 1914 76 695 114
131 0 3 1927 6 48 9
132 1 1 1942 66 599 99
133 1 8 1954 233 973 349
134 0 1 1971 2 17 3
135 0 1 1983 19 161 28
136 1 4 1994 67167 406609 100750
137 0 2 2010 1 9 1
138 0 7 2024 1 4 1
139 0 16 2041 1 5 1
140 0 1 2059 3 25 4
141 1 2 2072 45 400 67
142 1 2 2087 53 475 79
143 1 15 2101 77 293 115
144 1 6 2119 26 89 39
145 1 3 2135 169 688 253
146 1 1 2150 284 2776 426
147 0 4 2160 161 652 241
148 1 2 2176 1 9 1
149 0 2 2191 2 17 3
150 1 2 2205 1 9 1
151 1 3 2220 1399 6675 2098
152 1 1 2235 2 17 3
153 1 3 2246 78 297 117
154 1 9 2261 1 3 1
155 1 1 2278 98 908 147
156 1 9 2290 1 4 1
157 0 15 2307 1 3 1
158 0 1 2325 2 17 3
159 1 12 2337 667 3018 1000
160 1 2 2355 1 10 1
161 0 1 2369 1 9 1
162 1 10 2382 686 3111 1029
163 1 2 2399 3 25 4
164 0 2 2413 1 9 1
165 0 3 2427 1 4 1
166 0 4 2442 4647 24021 6970
167 0 4 2458 4 13 6
168 1 5 2474 44 159 66
169 0 1 2490 2 17 3
170 0 1 2502 3992 44020 5988
171 0 1 2515 1 10 1
172 1 2 2528 146 1381 219
173 1 1 2542 6 48 9
174 1 1 2554 12263 141736 18394
175 0 2 2567 182 1740 273
176 0 9 2581 9 27 13
177 0 4 2598 98 381 147
178 0 4 2614 13 41 19
179 1 1 2630 1 11 1
180 0 12 2643 1 5 1
181 0 1 2661 2 17 3
182 0 5 2674 19 63 28
183 0 1 2690 4 33 6
184 1 6 2702 201 829 301
185 1 1 2718 19 161 28
186 0 6 2731 1 3 1
187 1 5 2748 5 15 7
188 0 4 2764 1 4 1
189 0 1 2780 61 551 91
190 0 5 2793 1670 8066 2505
191 1 4 2809 55 203 82
192 0 1 2825 9 72 13
193 1 3 2838 923 4277 1384
194 1 4 2853 1 4 1
195 0 6 2869 90 347 135
196 0 1 2886 18 152 27
197 1 3 2899 1 3 1
198 1 1 2914 42 372 63
199 1 7 2927 3 10 4
200 0 2 2944 168 1600 252
201 0 4 2958 2 6 3
202 1 1 2974 5 41 7
203 0 9 2986 20966 118839 31449
204 1 2 3003 4 33 6
205 0 1 3017 5316 59340 7974
206 1 4 3027 32417 188423 48625
207 0 23 3043 1422 6793 2133
208 1 1 3061 9 73 13
209 0 3 3072 1 3 1
210 1 2 3087 115 1074 172
211 0 2 3101 1 10 1
212 1 3 3116 994 10307 1491
213 1 1 3131 1 9 1
214 1 3 3142 34220 412126 51330
215 1 5 3157 2 7 3
216 1 6 3173 15523 86442 23284
217 1 3 3190 871 4019 1306
218 0 1 3205 1 8 1
219 0 6 3217 1 3 1
220 1 1 3233 65396 807627 98094
221 1 2 3245 1 11 1
222 1 16 3259 1 5 1
223 0 3 3277 1 6 1
224 0 7 3292 2 7 3
225 1 2 3309 7 56 10
226 0 1 3323 50 447 75
227 0 2 3336 26 224 39
228 1 3 3350 21 179 31
229 1 1 3365 3 25 4
230 0 6 3378 56 207 84
231 0 2 3395 123 1153 184
232 0 2 3409 827 8503 1240
233 1 11 3423 2 6 3
234 1 1 3441 410 4079 615
235 0 5 3453 20 67 30
236 1 1 3469 154 1460 231
237 1 4 3481 1 4 1
238 0 3 3497 77 293 115
239 1 2 3512 1 9 1
240 1 3 3526 1 4 1
241 1 1 3541 1235 12933 1852
242 1 2 3554 1 9 1
243 0 2 3569 41 363 61
244 0 1 3584 8 64 12
245 0 1 3595 1 9 1
246 0 2 3606 71 647 106
