0 0 23 5 56 207 84
1 1 1 23 4 33 6
2 1 1 36 4 33 6
3 1 4 47 97 898 145
4 1 4 63 13 107 19
5 1 1 79 15 125 22
6 0 1 90 1 8 1
7 1 1 103 516 5190 774
8 0 4 115 133 1252 199
9 0 1 131 1 9 1
10 1 2 144 7441 84245 11161
11 0 6 158 1 9 1
12 1 2 175 7 56 10
13 1 3 189 28 242 42
14 1 3 204 16 134 24
15 1 1 219 23 197 34
16 0 1 229 2 17 3
17 1 1 242 1 9 1
18 1 4 254 14 116 21
19 0 9 270 18 59 27
20 1 1 287 1 10 1
21 1 1 300 4 33 6
22 0 8 312 35 124 52
23 1 3 329 518 5211 777
24 1 15 344 5 15 7
25 1 22 362 18 59 27
26 0 2 380 1 9 1
27 0 1 394 3796 41768 5694
28 1 5 407 2 17 3
29 1 1 423 1 10 1
30 1 4 434 17766 208455 26649
31 0 2 450 117 1094 175
32 1 2 464 1 9 1
33 1 223 478 149 600 223
34 1 4 499 1 9 1
35 0 8 515 1 3 1
36 0 31 532 70 264 105
37 0 1 551 1 9 1
38 0 2 563 4 33 6
39 0 2 577 2 17 3
40 1 6 592 12 99 18
41 1 2 608 1 9 1
42 1 10 622 37 131 55
43 1 1 639 110 1026 165
44 0 8 652 1 3 1
45 1 8 669 49 179 73
46 0 8 686 61 227 91
47 1 5 703 10 81 15
48 0 2 719 30489 365527 45733
49 0 7 733 27 93 40
50 0 5 750 1 9 1
51 0 13 766 4129 21182 6193
52 1 2 784 5727 64130 8590
53 1 10 799 5 15 7
54 1 2 816 40 353 60
55 1 1 830 287 2807 430
56 0 7 842 11 34 16
57 0 1 859 1 10 1
58 1 1 872 3866826 55216650 5800239
59 1 2 883 23 197 34
60 0 2 898 1 10 1
61 1 3 912 1166 12178 1749
62 1 1 927 1 9 1
63 0 1 940 1 9 1
64 1 3 952 2 17 3
65 0 2 968 1 9 1
66 0 2 982 1 9 1
67 0 3 995 64 580 96
68 0 2 1010 184 1760 276
69 1 1 1024 205 1972 307
70 0 3 1037 637 6470 955
71 1 9 1052 1 4 1
72 0 3 1069 129 1212 193
73 1 3 1084 287 2807 430
74 1 4 1099 2 17 3
75 0 2 1115 11240 129449 16860
76 1 5 1129 256 2490 384
77 0 6 1145 10 81 15
78 1 5 1161 11 90 16
79 1 8 1177 10 31 15
80 0 6 1194 89485 550216 134227
81 0 1 1211 2969 32323 4453
82 1 2 1224 155 1470 232
83 1 2 1238 3 25 4
84 0 2 1251 6 48 9
85 1 5 1265 1 10 1
86 1 2 1281 1 10 1
87 0 1 1295 1 9 1
88 0 3 1308 8202 93238 12303
89 0 2 1323 26 224 39
90 0 1 1337 5839 65437 8758
91 0 3 1349 349 3446 523
92 0 1 1364 1 9 1
93 1 1 1377 1 9 1
94 0 2 1390 2 17 3
95 1 3 1405 11 90 16
96 1 1 1420 77 704 115
97 0 4 1432 15 125 22
98 0 3 1448 7302 82605 10953
99 0 6 1463 6 18 9
100 0 6 1480 737230 5047784 1105845
101 1 4 1497 422 4204 633
102 0 2 1513 1 9 1
103 0 3 1527 1 10 1
104 1 14 1542 142416 897586 213624
105 1 8 1560 119 470 178
106 0 2 1577 1 9 1
107 1 2 1591 6408 72096 9612
108 1 6 1605 1 10 1
109 0 6 1622 219 2113 328
110 1 1 1639 39 344 58
111 0 11 1652 20 67 30
112 0 17 1669 1724 8345 2586
113 1 2 1687 1 10 1
114 1 1 1701 1094 11393 1641
115 0 2 1712 3 25 4
116 1 2 1726 114 1064 171
117 1 3 1740 2 17 3
118 1 11 1755 1 5 1
119 0 29 1772 90 347 135
120 1 2 1791 12 99 18
121 0 3 1806 1 10 1
122 1 4 1821 1896 20239 2844
123 1 6 1837 2 17 3
124 1 1 1854 15 125 22
125 0 2 1863 3 25 4
126 1 2 1877 1 11 1
127 0 3 1891 119 1114 178
128 0 3 1906 1 9 1
129 0 2 1922 14458 168232 21687
130 1 5 1936 2498 26991 3747
131 1 2 1952 2236 24043 3354
132 1 1 1966 87 801 130
133 0 2 1978 1 9 1
134 0 2 1992 8 64 12
135 0 4 2006 4 33 6
136 1 1 2022 171 1630 256
137 1 3 2035 2 17 3
138 1 1 2050 11 90 16
139 1 4 2062 1 8 1
140 1 5 2078 3 25 4
141 1 2 2094 1 10 1
142 0 3 2109 16 134 24
143 0 6 2124 237 991 355
144 1 1 2141 14 116 21
145 1 1 2153 164 1560 246
146 1 1 2165 1 10 1
147 1 1 2175 6 48 9
148 0 1 2187 419 4173 628
149 1 3 2200 1 9 1
150 1 1 2215 801 8224 1201
151 0 8 2228 1 3 1
152 0 4 2245 1 8 1
153 0 2 2261 1 9 1
154 0 3 2276 1 9 1
155 0 2 2291 1 10 1
156 0 2 2305 7 56 10
157 0 2 2319 1 12 1
158 0 1 2333 772 7912 1158
159 1 6 2346 2 7 3
160 0 2 2363 1 9 1
161 0 23 2377 129 513 193
162 1 1 2395 244 2367 366
163 0 4 2407 6 48 9
164 1 2 2423 81 743 121
165 0 17 2438 15695 87457 23542
166 1 3 2456 1 9 1
167 0 7 2471 1 4 1
168 1 2 2488 1 9 1
169 1 1 2503 1 10 1
170 0 2 2515 2 17 3
171 0 1 2530 2 17 3
172 1 1 2542 71 647 106
173 0 6 2554 2 6 3
174 1 45 2571 1 3 1
175 1 2 2590 1 10 1
176 0 9 2604 2 6 3
177 0 3 2621 1 11 1
178 1 1 2636 1 9 1
179 1 4 2649 1 12 1
180 1 1 2665 4 33 6
181 0 6 2677 179 1710 268
182 1 1 2694 375 3715 562
183 0 4 2707 9720 111275 14580
184 1 6 2723 718 7334 1077
185 1 7 2739 39 139 58
186 1 4 2756 138 1302 207
187 0 5 2772 33 288 49
188 1 3 2788 1 10 1
189 0 4 2803 60 542 90
190 1 5 2819 46 409 69
191 0 17 2835 2 7 3
192 1 1 2853 22792 270112 34188
193 1 4 2866 13 107 19
194 0 6 2882 703 7174 1054
195 0 1 2899 2486 26856 3729
196 0 1 2912 2126 22809 3189
197 1 3 2924 1 9 1
198 0 2 2939 1 10 1
199 1 2 2954 16 134 24
200 0 5 2968 11 90 16
201 0 6 2984 3067 33437 4600
202 0 1 3000 13 108 19
203 0 1 3012 70 637 105
204 1 4 3022 1 12 1
205 0 6 3038 1 11 1
206 1 8 3054 1 4 1
207 0 6 3071 1 9 1
208 0 1 3088 2 17 3
209 0 5 3100 62340 768475 93510
210 0 4 3116 8 64 12
211 0 6 3132 1 9 1
212 1 3 3149 2 17 3
213 0 5 3164 1 9 1
214 1 3 3180 28 242 42
215 0 4 3195 5 40 7
216 0 9 3211 1 5 1
217 0 1 3228 5 40 7
218 0 1 3239 11794 136097 17691
219 1 10 3250 157 635 235
220 1 3 3267 54 485 81
221 0 1 3282 4 33 6
222 0 17 3294 1 5 1
223 0 1 3312 5 40 7
224 0 36 3325 1 4 1
225 1 10 3344 1 4 1
226 1 2 3361 1 10 1
227 0 2 3376 6430 72354 9645
228 1 1 3390 2 17 3
229 1 2 3403 52 466 78
230 1 10 3417 1 3 1
231 1 1 3434 4817 53545 7225
232 1 1 3447 1181 12342 1771
233 1 2 3459 136 1281 204
234 0 7 3473 91 351 136
235 1 2 3490 5 41 7
236 0 1 3504 1 9 1
237 1 6 3517 1 9 1
238 0 2 3534 1 10 1
239 0 3 3548 54 485 81
240 1 2 3563 1 9 1
241 0 2 3577 4 33 6
242 1 1 3591 257 2500 385
243 1 2 3601 12281 141952 18421
244 0 2 3615 1 9 1
