0 1 1 5 22 188 33
1 0 1 14 20 170 30
2 1 1 24 1 10 1
3 0 1 34 8 64 12
4 1 7 45 179 732 268
5 0 3 63 1 9 1
6 1 2 77 1 8 1
7 1 6 89 102 398 153
8 0 1 106 669 6811 1003
9 0 1 112 14 116 21
10 1 5 124 1 4 1
11 0 1 141 2 17 3
12 1 1 151 36 316 54
13 1 2 161 1915 20451 2872
14 0 9 175 405 1766 607
15 1 4 194 247 1036 370
16 1 2 210 1 9 1
17 1 1 224 1 11 1
18 1 2 235 47 419 70
19 0 2 247 1 11 1
20 0 3 259 2360 11669 3540
21 1 5 274 4 12 6
22 1 2 291 343 3383 514
23 0 5 305 38 135 57
24 1 1 322 1 9 1
25 1 4 329 1 4 1
26 1 1 345 1 9 1
27 1 1 350 1550 16398 2325
28 0 2 361 2 17 3
29 1 1 373 1003 10404 1504
30 0 1 377 41 363 61
31 1 3 388 1 4 1
32 1 1 403 8 64 12
33 1 2 413 24 206 36
34 1 6 426 1091 5116 1636
35 0 5 443 1 6 1
36 1 4 460 870 4014 1305
37 0 2 476 19 161 28
38 1 3 488 1 4 1
39 1 1 503 1 10 1
40 0 2 514 1 9 1
41 0 8 527 1 4 1
42 0 16 545 117 461 175
43 1 1 566 94 869 141
44 1 3 574 52 466 78
45 0 1 588 129 1212 193
46 0 56 593 3 9 4
47 1 1 617 75 685 112
48 1 3 626 15 125 22
49 0 3 640 1 3 1
50 0 1 655 138 1302 207
51 0 2 665 30193 361839 45289
52 1 4 679 14 45 21
53 0 4 695 1 3 1
54 1 5 711 449 1973 673
55 0 5 728 1 3 1
56 1 13 745 1 4 1
57 0 1 765 1 9 1
58 1 1 775 1 9 1
59 1 1 786 1 9 1
60 1 2 797 32 279 48
61 0 1 809 27 233 40
62 0 4 819 1501 7197 2251
63 0 1 835 3066 33426 4599
64 1 2 844 15 125 22
65 1 12 857 1 4 1
66 1 2 877 1 10 1
67 1 2 891 1 9 1
68 0 2 904 692 7056 1038
69 1 14 917 1 4 1
70 0 1 937 1 10 1
71 0 4 948 1 4 1
72 0 6 964 251799 1634492 377698
73 1 4 981 450 1978 675
74 1 12 997 1 3 1
75 0 6 1017 1 3 1
76 0 1 1034 1 10 1
77 1 1 1043 234 2266 351
78 1 5 1052 294 1251 441
79 0 6 1069 122 483 183
80 1 6 1086 22 74 33
81 1 16 1103 10 31 15
82 0 7 1124 80 305 120
83 0 19 1142 42 151 63
84 0 1 1163 1 9 1
85 1 1 1173 1 9 1
86 1 2 1184 7 56 10
87 1 2 1197 80 734 120
88 1 2 1210 23 197 34
89 0 7 1224 1 3 1
90 1 2 1242 11 90 16
91 0 1 1254 3 25 4
92 0 6 1260 137 548 205
93 1 5 1277 12296 67523 18444
94 1 1 1293 7420 83997 11130
95 1 4 1304 13 41 19
96 1 4 1320 2 6 3
97 0 4 1336 5197 27057 7795
98 0 2 1352 7 56 10
99 0 3 1366 2 17 3
100 1 7 1380 3 9 4
101 0 6 1398 1 5 1
102 1 5 1415 1401 6685 2101
103 0 2 1432 328 3229 492
104 0 1 1444 10 81 15
105 1 2 1455 1 9 1
106 0 1 1467 1265 13261 1897
107 1 2 1474 3 25 4
108 0 1 1487 39 344 58
109 0 2 1497 2 17 3
110 0 1 1509 9 73 13
111 0 4 1513 1 3 1
112 0 23 1529 34084 198678 51126
113 0 7 1551 8062 43145 12093
114 1 5 1569 4 13 6
115 0 6 1586 1 4 1
116 1 3 1604 8 64 12
117 1 1 1618 10 81 15
118 1 2 1625 2 17 3
119 0 10 1638 818 3757 1227
120 1 21 1657 2 6 3
121 1 1 1678 2 17 3
122 1 1 1687 4805 53406 7207
123 0 1 1698 3 25 4
124 0 2 1706 5 41 7
125 0 16 1718 94 364 141
126 1 2 1738 390 3871 585
127 1 2 1752 946 9787 1419
128 1 2 1765 84 772 126
129 1 3 1777 1380 14523 2070
130 0 3 1791 1779 8630 2668
131 1 2 1806 76 695 114
132 1 3 1818 1 5 1
133 1 24 1833 1 3 1
134 1 3 1855 918 4252 1377
135 0 5 1870 2 7 3
136 1 2 1887 541 5454 811
137 1 2 1899 1 9 1
138 0 3 1912 78617 977751 117925
139 1 11 1926 11 34 16
140 1 1 1945 2370 25549 3555
141 0 3 1956 1 4 1
142 0 1 1971 7646 86664 11469
143 0 6 1981 261 1100 391
144 0 1 1998 1 9 1
145 1 20 2009 48 175 72
146 0 2 2030 297 2909 445
147 1 20 2044 1 3 1
148 0 1 2065 450 4497 675
149 0 15 2074 1 3 1
150 0 2 2094 1 10 1
151 0 2 2108 2 17 3
152 1 3 2122 7 21 10
153 1 8 2137 25 85 37
154 1 2 2156 26 224 39
155 0 1 2168 5 41 7
156 0 4 2176 1 4 1
157 0 1 2191 675 6875 1012
158 0 6 2201 174 710 261
159 0 9 2218 1 5 1
160 0 1 2237 165 1570 247
161 0 3 2249 132 526 198
162 0 3 2264 78 297 117
163 1 1 2279 2 17 3
164 0 2 2287 76 695 114
165 0 2 2300 6 48 9
166 0 2 2312 1 10 1
167 0 1 2325 2 17 3
168 1 1 2336 1 9 1
169 0 2 2347 1 10 1
170 1 5 2360 1 3 1
171 0 4 2377 23 78 34
172 1 10 2392 3 9 4
173 0 1 2411 50 447 75
174 1 1 2421 3 25 4
175 0 4 2432 7 21 10
176 1 2 2448 4 33 6
177 0 5 2460 116 457 174
178 0 2 2476 12 98 18
179 1 3 2489 3 25 4
180 1 2 2503 53 476 79
181 0 4 2516 20 67 30
182 1 10 2532 190 780 285
183 0 15 2551 3 9 4
184 0 1 2571 34 297 51
185 0 6 2580 5 15 7
186 0 2 2598 1 9 1
187 0 2 2611 10 81 15
188 1 8 2624 1 3 1
189 1 2 2642 1 10 1
190 0 2 2654 2 17 3
191 1 1 2666 1 9 1
192 0 1 2671 100 928 150
193 0 4 2682 1 4 1
194 0 1 2698 2 17 3
195 1 4 2709 1 5 1
196 1 7 2725 6 18 9
197 0 3 2743 1 3 1
198 1 2 2758 1 10 1
199 0 16 2770 642 2897 963
200 0 3 2791 4 12 6
201 1 1 2806 5 40 7
202 0 1 2812 1 9 1
203 0 4 2819 87 334 130
204 0 1 2835 54 485 81
205 0 1 2842 1 9 1
206 1 4 2853 62 231 93
207 1 2 2869 4 33 6
208 1 2 2882 3 25 4
209 0 1 2894 1 9 1
210 1 1 2900 4 33 6
211 0 11 2911 480 2120 720
212 1 2 2930 1 9 1
213 1 5 2943 1833 8910 2749
214 1 1 2959 1 11 1
215 0 2 2970 2323 25021 3484
216 1 1 2982 1 10 1
217 1 6 2992 39 139 58
218 1 1 3009 32104 385673 48156
219 0 3 3016 1 4 1
220 1 7 3031 975 4535 1462
221 0 3 3049 2 7 3
222 0 5 3064 20 67 30
223 0 5 3080 8 24 12
224 0 1 3097 1 11 1
225 1 19 3107 156 631 234
226 0 10 3128 15 48 22
227 0 2 3147 1 9 1
228 0 4 3159 234 977 351
229 0 1 3175 1 9 1
230 0 33 3184 3 9 4
231 0 3 3207 210 869 315
232 1 1 3221 1 10 1
233 1 1 3231 2 17 3
234 1 1 3238 3 25 4
235 0 11 3247 4 12 6
236 1 4 3266 1 4 1
237 0 1 3281 1 10 1
238 0 2 3289 1 9 1
239 0 13 3301 1 3 1
240 0 1 3321 1 10 1
241 0 2 3330 3670 40323 5505
242 1 1 3342 1901 20295 2851
243 1 4 3351 107 419 160
244 1 24 3367 121 479 181
245 1 1 3389 3525 38663 5287
246 1 1 3400 1 11 1
247 1 4 3407 1 3 1
248 1 17 3422 9063 48854 13594
249 0 2 3443 4 33 6
250 0 4 3457 1 5 1
251 1 7 3473 22 74 33
252 1 4 3491 1 6 1
253 1 9 3507 1 5 1
254 1 2 3526 6 48 9
255 0 5 3539 2 6 3
256 1 3 3556 4 12 6
257 1 5 3571 89 343 133
258 1 3 3588 2 7 3
259 1 18 3603 561 2507 841
260 0 5 3624 3 10 4
