0 1 1 5 35 307 52
1 0 2 9 10 81 15
2 1 1 16 329 3239 493
3 1 9 20 2 7 3
4 1 1 29 8 64 12
5 1 2 33 2 17 3
6 0 1 39 111 1035 166
7 0 4 44 2 7 3
8 1 1 52 170 1620 255
9 0 5 55 1 4 1
10 1 2 63 1 12 1
11 1 27 70 1106 5191 1659
12 1 1 81 4616 51218 6924
13 0 7 85 9 27 13
14 0 1 94 8 64 12
15 0 5 99 214 887 321
16 1 2 107 1 10 1
17 0 6 113 14 45 21
18 0 4 122 1 3 1
19 1 2 130 27 233 40
20 1 1 137 8935 101932 13402
21 0 3 143 2189153 30671067 3283729
22 0 3 150 13 108 19
23 0 1 157 245 2377 367
24 1 7 161 1 3 1
25 0 3 170 100 928 150
26 0 9 177 67 252 100
27 0 2 186 75 685 112
28 1 3 192 2 17 3
29 0 3 199 9 73 13
30 0 1 206 129 1213 193
31 1 2 208 74 676 111
32 1 2 214 9 73 13
33 1 1 221 1 10 1
34 0 23 226 13 41 19
35 1 8 237 213 883 319
36 0 5 246 1 4 1
37 0 1 255 9 73 13
38 1 1 260 1 10 1
39 0 1 266 1 9 1
40 1 21 271 1 4 1
41 1 2 282 52 466 78
42 1 1 289 240 2327 360
43 1 2 294 4 33 6
44 1 3 300 4 33 6
45 1 7 307 4 12 6
46 1 2 316 1 9 1
47 0 1 323 362 3580 543
48 0 11 327 1 4 1
49 1 3 337 116 1084 174
50 1 4 344 1 3 1
51 0 4 352 132970 835030 199455
52 0 7 360 489 2163 733
53 1 2 369 1 9 1
54 1 77 375 1 4 1
55 1 2 387 1306 13711 1959
56 1 1 393 1 10 1
57 1 3 398 2 7 3
58 1 7 406 151 609 226
59 1 9 415 377 1635 565
60 1 4 424 1 3 1
61 0 1 432 7 56 10
62 1 6 437 1647 7948 2470
63 0 2 446 1 9 1
64 1 3 453 3 9 4
65 0 2 460 30 261 45
66 1 1 467 4 33 6
67 1 4 473 44 159 66
68 0 4 481 1 4 1
69 0 2 489 1 8 1
70 0 6 495 1 4 1
71 1 3 504 33 116 49
72 0 2 512 142 1341 213
73 0 1 518 1 9 1
74 1 17 524 504 2234 756
75 1 3 534 15 49 22
76 1 1 541 1 12 1
77 1 4 547 5 15 7
78 1 6 555 8 24 12
79 0 1 564 3 25 4
80 0 4 569 1 4 1
81 0 1 577 1 10 1
82 1 7 581 1 4 1
83 1 4 590 3 10 4
84 1 1 598 8 64 12
85 0 1 603 19 160 28
86 1 8 607 1 6 1
87 1 2 616 1 11 1
88 1 1 622 1 10 1
89 1 5 627 1 4 1
90 0 1 636 20 170 30
91 0 2 641 3 25 4
92 1 4 648 1 3 1
93 1 3 656 1 4 1
94 1 3 663 1 10 1
95 0 32 670 240 1005 360
96 0 4 681 1 3 1
97 1 5 689 19 63 28
98 1 11 697 1 5 1
99 0 1 707 1 9 1
100 0 10 712 4 12 6
101 0 4 722 15 48 22
102 0 3 730 12 99 18
103 1 1 737 4 33 6
104 0 3 740 11 34 16
105 1 3 747 50 183 75
106 1 5 754 1 3 1
107 1 4 762 100 389 150
108 0 1 770 55 494 82
109 0 8 775 16 52 24
110 1 207 784 1 5 1
111 0 2 797 112 1045 168
112 1 5 803 3 10 4
113 1 7 811 1 4 1
114 0 5 820 1 5 1
115 0 2 828 24 206 36
116 0 11 835 1 6 1
117 0 2 845 1 13 1
118 0 4 851 509 2258 763
119 1 3 859 509 2258 763
120 0 6 867 1 3 1
121 0 1 876 86 791 129
122 1 1 881 4 33 6
123 0 9 887 2718 13567 4077
124 0 2 896 668 6801 1002
125 0 1 903 1 8 1
126 1 5 907 2 7 3
127 1 1 916 1 11 1
128 0 1 921 1 9 1
129 1 2 925 31 270 46
130 1 5 931 3 9 4
131 0 2 939 1 11 1
132 1 3 946 2 7 3
133 1 7 954 1 4 1
134 0 5 963 3 10 4
135 0 3 971 239 2317 358
136 0 3 978 162 657 243
137 1 3 985 1 4 1
138 1 2 992 13 107 19
139 0 2 998 2 17 3
140 0 6 1004 212 878 318
141 1 1 1013 6962 78602 10443
142 0 3 1019 13 41 19
143 0 1 1026 34 297 51
144 1 1 1032 256 2490 384
145 1 4 1037 6 18 9
146 1 3 1045 1 5 1
147 1 5 1053 9600 51931 14400
148 0 1 1061 835 8589 1252
149 1 28 1065 1 3 1
150 0 9 1076 282 1196 423
151 1 2 1085 15 125 22
152 1 3 1091 45 163 67
153 0 6 1098 950 4411 1425
154 0 4 1107 2 6 3
155 0 8 1115 185 758 277
156 0 4 1124 1 4 1
157 0 1 1132 7 56 10
158 1 30 1137 155 626 232
159 0 11 1148 943 4376 1414
160 0 2 1158 21 178 31
161 0 6 1164 2 6 3
162 1 2 1173 1 9 1
163 1 15 1179 4 12 6
164 0 2 1189 52 466 78
165 0 2 1196 1 9 1
166 0 2 1202 52 466 78
167 0 1 1208 2 17 3
168 1 1 1212 323 3177 484
169 1 3 1216 453 1992 679
170 1 3 1223 184 754 276
171 0 2 1231 1588 16818 2382
172 0 1 1238 387 3839 580
173 1 4 1244 7 21 10
174 1 1 1252 9 73 13
175 0 2 1257 2 17 3
176 1 2 1264 1 11 1
177 1 1 1271 1 8 1
178 0 4 1276 1 4 1
179 0 1 1284 2 17 3
180 1 12 1289 1 4 1
181 1 3 1299 4570 50686 6855
182 1 27 1306 1 4 1
183 1 9 1317 300 1278 450
184 0 4 1326 11 34 16
185 1 1 1334 10 81 15
186 0 2 1337 55 494 82
187 1 2 1343 1 9 1
188 1 1 1349 1 10 1
189 0 8 1354 16 52 24
190 0 14 1363 1 3 1
191 1 3 1373 37424 219306 56136
192 0 2 1381 5 41 7
193 0 7 1387 302 1287 453
194 0 21 1396 38716 227312 58074
195 1 2 1407 178411 2288038 267616
196 0 1 1413 1 10 1
197 0 5 1418 5 15 7
198 1 2 1426 17 143 25
199 1 2 1432 125 1173 187
200 0 8 1438 28178 162476 42267
201 1 1 1447 4 32 6
202 0 2 1451 1 9 1
203 0 2 1457 133 1252 199
204 1 1 1463 4182 46207 6273
205 0 3 1468 1 3 1
206 1 2 1475 1 13 1
207 1 21 1482 4 12 6
208 0 9 1493 472 2082 708
209 0 8 1502 1 4 1
210 0 4 1511 1 4 1
211 0 3 1519 167 679 250
212 0 8 1526 478 2110 717
213 0 4 1535 1028 4800 1542
214 0 4 1543 3 9 4
215 1 2 1551 1 11 1
216 1 5 1557 1 3 1
217 1 1 1565 279 2725 418
218 0 1 1571 1 9 1
219 1 9 1576 1856 9030 2784
220 0 1 1585 1 9 1
221 0 1 1590 2 17 3
222 1 2 1595 1358 14281 2037
223 1 7 1601 1 4 1
224 0 6 1610 1 3 1
225 0 3 1619 570 5760 855
226 0 3 1626 431 1888 646
227 1 2 1633 1 9 1
228 0 3 1639 453 1992 679
229 0 1 1646 70 637 105
230 1 23 1651 4552 23499 6828
231 0 6 1662 1366 6507 2049
232 0 3 1671 1 9 1
233 0 3 1678 196 1881 294
234 1 9 1685 6 18 9
235 1 3 1694 54 199 81
236 0 1 1701 1 9 1
237 1 1 1706 1 9 1
238 0 2 1710 101 938 151
239 0 1 1717 2 17 3
240 0 2 1721 11 90 16
241 0 3 1727 11 34 16
242 1 5 1734 1 4 1
243 1 1 1743 1 9 1
244 1 1 1748 44 390 66
245 1 1 1752 1 9 1
246 0 2 1757 1 10 1
247 0 3 1763 1 3 1
248 1 3 1771 1 5 1
249 0 3 1779 1 3 1
250 1 2 1786 4785 53175 7177
251 0 5 1792 19 63 28
252 0 34 1800 1 4 1
253 0 1 1811 34 297 51
254 1 6 1816 3 10 4
255 1 2 1825 1 9 1
256 1 2 1831 372 3684 558
257 1 2 1837 123 1153 184
258 1 3 1843 11 34 16
259 0 5 1850 14 45 21
260 0 5 1858 1 6 1
261 1 1 1866 786 8062 1179
262 1 4 1871 26452 151970 39678
263 0 2 1879 1 9 1
264 0 8 1885 1 4 1
265 1 4 1894 1 5 1
266 0 2 1902 5 41 7
267 0 4 1908 34012 198235 51018
268 0 4 1916 1 4 1
269 0 1 1924 1 13 1
270 1 2 1929 6 48 9
271 0 5 1935 8 24 12
272 0 35 1943 11 34 16
273 1 13 1954 9 27 13
274 0 1 1964 18 152 27
275 0 2 1969 11979 138320 17968
276 1 2 1975 3 25 4
277 0 2 1981 1 11 1
278 1 5 1988 1012 4720 1518
279 0 2 1997 4 33 6
280 0 3 2003 3 10 4
281 0 1 2011 1 8 1
282 1 5 2015 3 9 4
283 0 6 2023 5 15 7
284 0 1 2032 1 9 1
285 1 5 2037 1 6 1
286 1 1 2045 9 72 13
287 1 1 2050 1 10 1
288 1 1 2055 2275 24481 3412
289 1 1 2060 147 1391 220
290 0 5 2064 10 31 15
291 0 4 2072 1 6 1
292 0 1 2080 1330 13974 1995
293 1 8 2086 3 9 4
294 0 7 2095 1 4 1
295 1 4 2104 5 15 7
296 1 22 2112 32 112 48
297 1 2 2123 1 9 1
298 0 4 2129 5 15 7
299 1 3 2137 1 3 1
300 0 1 2144 716 7313 1074
301 0 3 2150 160 1520 240
302 1 3 2157 1 3 1
303 1 62 2165 70065 425133 105097
304 0 1 2177 3 25 4
305 0 1 2182 1 8 1
306 0 1 2185 1 8 1
307 1 2 2189 3 25 4
308 0 8 2195 1 4 1
309 0 2 2204 2 17 3
310 0 4 2210 1 5 1
311 1 10 2218 3339587 24536511 5009380
312 0 1 2228 7 56 10
313 1 2 2234 11583 133564 17374
314 1 2 2240 8 64 12
315 1 1 2246 1 9 1
316 0 4 2250 885 4088 1327
317 0 2 2258 2 17 3
318 0 13 2265 21 70 31
319 0 1 2275 1 9 1
320 1 2 2281 78 714 117
321 1 3 2287 29 101 43
322 0 3 2294 1 4 1
323 0 4 2302 3 10 4
324 1 14 2310 56 207 84
325 0 1 2320 59 532 88
326 0 3 2325 1 3 1
327 0 2 2332 1 9 1
328 1 3 2338 1 4 1
329 0 3 2345 113 445 169
330 1 19 2352 1 3 1
331 0 2 2363 72 656 108
332 1 1 2369 13 107 19
333 1 2 2373 45 400 67
334 1 3 2379 64966 802114 97449
335 0 2 2386 14 116 21
336 1 1 2392 5 40 7
337 0 6 2396 2 7 3
338 0 3 2405 41 147 61
339 0 5 2412 1 4 1
340 0 1 2420 8351 95003 12526
341 1 3 2425 4 12 6
342 1 1 2432 3 25 4
343 0 1 2436 93 859 139
344 1 5 2440 39617 232904 59425
345 0 10 2448 31 108 46
346 0 8 2458 3 9 4
347 1 12 2467 2 7 3
348 1 18 2477 16 52 24
349 1 4 2487 76 289 114
350 1 7 2495 1 4 1
351 0 1 2504 1694 17992 2541
352 1 3 2509 28 97 42
353 1 4 2516 6243 32882 9364
354 1 3 2524 3 25 4
355 0 8 2531 1 4 1
356 0 13 2540 10 31 15
357 1 1 2550 27 233 40
358 1 21 2555 462 2034 693
359 0 1 2566 10 81 15
360 0 2 2571 6 48 9
361 1 2 2577 146 1381 219
362 1 3 2584 1 10 1
363 0 4 2591 747 3409 1120
364 0 1 2599 43 381 64
365 0 3 2604 1 4 1
366 0 1 2611 1 11 1
367 1 37 2616 6 18 9
368 0 7 2627 1308 6212 1962
369 1 15 2636 2 6 3
370 1 8 2646 209 865 313
371 1 3 2655 21 70 31
372 1 2 2662 1 11 1
373 1 9 2668 1 5 1
374 1 3 2677 1 3 1
375 1 17 2685 7341228 55851853 11011842
376 1 2 2695 15 125 22
377 0 2 2701 2 17 3
378 0 3 2707 186 763 279
379 0 2 2714 1 9 1
380 0 4 2721 1 4 1
381 0 12 2729 595 2670 892
382 0 10 2739 24 82 36
383 0 5 2749 1 4 1
384 1 9 2757 119 470 178
385 0 4 2766 1153 5428 1729
386 0 3 2774 45 163 67
387 0 3 2781 129 1212 193
388 0 3 2788 488 2158 732
389 1 2 2795 13 107 19
390 1 3 2801 169 1610 253
391 1 11 2808 13 41 19
392 1 1 2818 568 5739 852
393 1 4 2823 24 82 36
394 0 2 2831 95 879 142
395 0 9 2838 3 9 4
396 1 1 2847 1 9 1
397 0 1 2848 102 947 153
398 1 1 2853 22453 265936 33679
399 1 2 2858 60 542 90
400 0 9 2864 3 10 4
401 1 4 2873 5634 29483 8451
402 1 1 2881 857 8826 1285
403 1 1 2886 3 25 4
404 1 5 2891 1 5 1
405 0 8 2899 20 67 30
406 1 6 2908 60 223 90
407 1 1 2917 3 25 4
408 1 6 2923 696 3160 1044
409 0 1 2932 2287 24616 3430
410 0 2 2937 12539 145058 18808
411 0 1 2943 1 10 1
412 1 2 2947 27 233 40
413 1 3 2953 1 10 1
414 0 3 2960 89 343 133
415 0 20 2968 37 131 55
416 0 2 2979 285 2786 427
417 0 8 2985 4550 23488 6825
418 0 2 2994 1 10 1
419 1 3 3000 12 38 18
420 0 6 3007 1 6 1
421 0 14 3016 1 4 1
422 0 4 3026 1 4 1
423 0 1 3034 1 9 1
424 0 2 3038 1 10 1
425 0 3 3044 14675 170860 22012
426 0 5 3051 4 12 6
427 1 11 3059 41185 242652 61777
428 0 2 3069 7 56 10
429 1 1 3075 106 986 159
430 1 4 3079 607 2728 910
431 0 2 3087 656 6673 984
432 0 2 3093 6 48 9
433 1 2 3100 3 25 4
434 1 1 3106 7 56 10
435 1 1 3111 3128 34131 4692
436 1 4 3115 1 4 1
437 1 10 3123 10 31 15
438 0 2 3132 14 116 21
439 1 1 3139 9 73 13
440 1 1 3143 84 772 126
441 0 3 3148 4 32 6
442 1 3 3155 18 59 27
443 0 1 3162 47 419 70
444 1 4 3166 1 3 1
445 0 2 3174 19 161 28
446 0 2 3180 19 161 28
447 0 7 3186 197 811 295
448 0 5 3195 261 1100 391
449 0 3 3203 8 24 12
450 1 1 3210 2 17 3
451 0 3 3215 1 4 1
452 0 1 3223 2 17 3
453 0 2 3228 1 9 1
454 1 3 3235 1 4 1
455 0 3 3243 1 4 1
456 0 3 3251 15 49 22
457 0 3 3258 27 233 40
458 1 2 3265 7 56 10
459 1 11 3271 128 509 192
460 0 2 3281 18 152 27
461 1 6 3287 592 2656 888
462 0 5 3296 4 13 6
463 0 2 3304 1 11 1
464 1 2 3310 4 33 6
465 1 6 3317 1 5 1
466 1 1 3326 1 12 1
467 0 11 3330 1 3 1
468 0 2 3340 22 187 33
469 1 1 3346 8 64 12
470 0 2 3352 5118 57038 7677
471 0 1 3358 1 10 1
472 1 1 3363 6 48 9
473 1 2 3368 612 6205 918
474 1 1 3375 13 107 19
475 1 2 3379 19 160 28
476 1 2 3386 13 107 19
477 0 1 3392 18 152 27
478 1 1 3395 1378 14502 2067
479 1 2 3400 2 17 3
480 1 1 3407 16 134 24
481 0 4 3411 1 5 1
482 0 6 3419 3 10 4
483 1 2 3428 10 81 15
484 0 2 3434 646 6566 969
485 1 2 3440 9019 102931 13528
486 1 5 3447 1 3 1
487 1 32 3456 20 67 30
488 1 3 3467 2 7 3
489 1 2 3474 2 17 3
490 1 1 3480 9 73 13
491 1 3 3485 11981 65690 17971
492 1 4 3493 147 591 220
493 0 3 3501 219 2113 328
494 0 1 3508 1 12 1
495 1 4 3512 28 97 42
496 0 2 3520 1 12 1
497 1 2 3526 1 11 1
498 0 1 3532 62 561 93
499 0 33 3537 27 93 40
500 1 2 3548 4 33 6
501 1 3 3554 1018 4750 1527
502 0 2 3562 1 9 1
503 0 6 3569 42 151 63
504 0 1 3578 15 125 22
505 0 2 3583 273 2663 409
506 1 2 3589 1 11 1
507 1 2 3596 1 10 1
508 0 9 3602 1 3 1
509 1 2 3611 1025 10643 1537
