0 1 1 5 50 447 75
1 0 2 14 17 143 25
2 1 2 26 321 3156 481
3 0 5 38 1 4 1
4 1 3 55 10 81 15
5 0 1 69 5274 58852 7911
6 0 6 81 1 5 1
7 1 1 99 4 33 6
8 1 5 106 1 4 1
9 1 3 123 1 4 1
10 1 6 138 10 31 15
11 1 5 155 1 7 1
12 0 3 172 1 10 1
13 1 3 186 120 474 180
14 1 6 201 1 3 1
15 1 2 218 4 33 6
16 0 14 230 1 3 1
17 0 4 250 1 4 1
18 0 4 266 1 5 1
19 1 6 282 69 260 103
20 0 5 300 1 3 1
21 1 2 316 5 41 7
22 0 15 330 29 101 43
23 0 3 350 1 4 1
24 1 2 365 88 811 132
25 0 7 379 224 932 336
26 0 2 397 8 64 12
27 0 1 409 1 9 1
28 0 3 420 3 25 4
29 1 17 434 2 7 3
30 1 1 455 1 10 1
31 0 1 464 4 33 6
32 0 81 472 75 285 112
33 0 2 497 1 9 1
34 0 6 511 7 21 10
35 1 9 528 106 415 159
36 0 8 547 2 7 3
37 1 3 565 1 4 1
38 0 1 580 5 41 7
39 0 6 591 6 18 9
40 0 3 608 468 2063 702
41 0 1 623 5 40 7
42 1 4 631 5948 31233 8922
43 0 8 647 48 175 72
44 0 14 666 66163 400201 99244
45 0 5 686 113587 707382 170380
46 0 14 703 1 4 1
47 1 2 723 1 11 1
48 1 1 735 175 1670 262
49 0 3 745 1 3 1
50 0 2 760 1 12 1
51 0 2 772 89 821 133
52 1 3 786 1 10 1
53 0 3 800 1 12 1
54 1 4 814 3 10 4
55 0 5 830 7190 38206 10785
56 1 1 846 8 64 12
57 1 5 857 858 3955 1287
58 0 4 874 1368 6517 2052
59 1 3 890 3 25 4
60 1 3 904 1 4 1
61 0 3 919 1 4 1
62 1 3 934 17684 99239 26526
63 1 2 949 11 90 16
64 0 3 961 75 685 112
65 0 1 975 1 11 1
66 1 1 985 1 13 1
67 1 3 996 577 2583 865
68 0 7 1011 323 1384 484
69 0 19 1029 3 10 4
70 0 4 1050 1 4 1
71 0 5 1066 1 4 1
72 0 2 1083 1 9 1
73 0 3 1095 2 17 3
74 0 2 1109 1 11 1
75 0 5 1123 7 21 10
76 1 1 1139 1 10 1
77 1 13 1150 2 7 3
78 0 3 1170 4 12 6
79 0 3 1185 1 12 1
80 0 1 1199 18 152 27
81 1 4 1209 1 3 1
82 1 4 1225 1 4 1
83 0 4 1241 1 3 1
84 0 10 1257 1 3 1
85 1 4 1276 1 4 1
86 0 5 1292 5 15 7
87 1 3 1309 1 4 1
88 0 8 1323 55 203 82
89 1 4 1341 3 9 4
90 0 66 1357 59 219 88
91 0 4 1381 3 9 4
92 0 3 1396 2 7 3
93 1 4 1411 90 347 135
94 1 1 1427 1 10 1
95 0 1 1436 4 32 6
96 1 2 1447 1 8 1
97 1 11 1459 2 7 3
98 0 7 1479 1 4 1
99 0 4 1497 588 2636 882
100 1 5 1513 1 4 1
101 1 6 1530 3 10 4
102 1 3 1548 1 3 1
103 0 12 1563 23638 134923 35457
104 1 1 1583 422 4204 633
105 0 4 1591 50755 302547 76132
106 1 1 1607 149 1411 223
107 0 4 1615 37 132 55
108 0 5 1631 87 334 130
109 1 1 1648 2 17 3
110 0 8 1658 7 21 10
111 1 3 1677 224 932 336
112 1 7 1692 1 4 1
113 0 6 1710 927 4297 1390
114 0 4 1728 4 12 6
115 1 2 1744 1 10 1
116 0 1 1757 5 40 7
117 1 11 1765 1 5 1
118 1 6 1784 1 5 1
119 1 3 1802 1 4 1
120 0 53 1817 1 4 1
121 0 3 1841 5 15 7
122 0 1 1856 1 8 1
123 1 1 1862 1 9 1
124 0 1 1872 21 179 31
125 1 1 1879 1 10 1
126 1 3 1889 1 4 1
127 0 2 1904 1 11 1
128 1 2 1917 1 8 1
129 0 2 1931 1 9 1
130 1 1 1944 3 25 4
131 0 2 1954 2 17 3
132 1 1 1966 10 81 15
133 1 5 1976 42 151 63
134 0 3 1993 5 40 7
135 0 1 2007 5 40 7
136 0 1 2016 1 10 1
137 0 1 2019 8 64 12
138 0 4 2028 152 613 228
139 0 2 2044 1 10 1
140 0 3 2056 43 155 64
141 1 8 2071 100 389 150
142 0 3 2089 57 211 85
143 0 6 2104 1 4 1
144 1 4 2121 10 31 15
145 1 3 2137 2 6 3
146 1 12 2152 130 517 195
147 0 3 2172 1 4 1
148 1 5 2187 26 89 39
149 0 8 2204 1 4 1
150 0 2 2222 48 428 72
151 1 7 2236 1005 4685 1507
152 1 3 2254 2 6 3
153 0 4 2269 1 3 1
154 0 5 2284 1 4 1
155 0 7 2301 422 1846 633
156 0 5 2319 1 4 1
157 0 11 2336 4 12 6
158 1 2 2355 628 6375 942
159 0 1 2369 8 64 12
160 1 9 2376 27 93 40
161 0 7 2395 38 135 57
162 0 19 2413 1 3 1
163 0 1 2434 2 17 3
164 0 8 2445 2 6 3
165 0 3 2463 30 260 45
166 0 2 2477 804 8256 1206
167 0 6 2490 3 9 4
168 0 1 2507 7386 83596 11079
169 0 1 2517 18 152 27
170 0 2 2527 29 251 43
171 0 1 2539 1 10 1
172 0 2 2549 6 48 9
173 1 6 2562 43 155 64
174 0 2 2580 3774 41515 5661
175 1 19 2593 1 3 1
176 0 2 2614 178642 2291110 267963
177 0 6 2627 1 4 1
178 0 2 2644 4721 52433 7081
179 0 8 2657 4 12 6
180 0 14 2675 229 955 343
181 1 1 2695 1 9 1
182 0 2 2706 1 11 1
183 0 1 2719 8 64 12
184 0 1 2730 3 25 4
185 1 1 2739 373 3694 559
186 0 4 2747 1 4 1
187 1 10 2763 2 7 3
188 1 24 2782 5 15 7
189 0 4 2804 1 5 1
190 1 1 2820 1 9 1
191 0 2 2824 9 73 13
192 1 5 2838 10 31 15
193 1 2 2855 17 143 25
194 0 12 2867 1 4 1
195 1 3 2887 8 24 12
196 0 1 2902 11739 135437 17608
197 0 3 2912 2 17 3
198 0 1 2926 1 8 1
199 1 1 2937 34 298 51
200 0 9 2947 318031 2089011 477046
201 0 5 2966 1 4 1
202 0 1 2983 37 325 55
203 0 2 2989 6 48 9
204 0 6 3002 1 4 1
205 1 11 3019 1 4 1
206 0 20 3039 1 3 1
207 1 11 3060 1 5 1
208 1 7 3079 2 6 3
209 1 1 3097 1 9 1
210 0 1 3107 1 10 1
211 0 14 3118 1 3 1
212 1 1 3138 2 17 3
213 0 3 3148 1 4 1
214 0 2 3163 4 33 6
215 0 3 3175 7729 87644 11593
216 0 2 3189 135 1272 202
217 0 8 3202 1314 6242 1971
218 1 3 3220 59731 359273 89596
219 0 1 3235 1 11 1
220 0 2 3242 5 40 7
221 1 3 3254 36 128 54
222 0 2 3269 1 11 1
223 1 3 3282 1 4 1
224 0 1 3297 42 372 63
225 0 3 3308 1 5 1
226 0 2 3323 14 116 21
227 1 5 3335 11 34 16
228 0 20 3352 2 7 3
229 1 12 3373 284 1205 426
230 1 5 3393 6 18 9
231 0 3 3410 7 56 10
232 1 1 3424 137 1291 205
233 0 1 3435 769 7880 1153
234 0 3 3441 1 4 1
235 0 1 3456 2 17 3
236 0 1 3466 3 25 4
237 1 2 3471 6 48 9
238 0 7 3484 5 15 7
239 1 4 3502 2 6 3
240 0 3 3517 33 116 49
241 1 5 3531 1 4 1
242 0 11 3547 1 4 1
243 1 3 3566 1 10 1
244 1 2 3580 169 1610 253
245 0 1 3592 39 344 58
246 1 8 3600 1 5 1
247 0 3 3619 1 10 1
