0 1 1 5 866 8923 1299
1 1 2 6 1 11 1
2 1 2 9 1 9 1
3 0 4 12 141 565 211
4 1 6 16 154 622 231
5 1 1 20 24 206 36
6 0 1 23 1 11 1
7 1 2 25 630 6396 945
8 0 4 28 32025 186016 48037
9 1 2 32 5 40 7
10 1 2 35 1 9 1
11 1 3 38 7 21 10
12 1 14 42 791 3625 1186
13 1 3 47 2 7 3
14 1 1 51 1 9 1
15 1 1 54 134 1262 201
16 0 13 56 7 21 10
17 0 7 61 1 4 1
18 1 1 65 1 12 1
19 1 1 68 499 5011 748
20 1 1 70 46 409 69
21 0 4 73 2680 13365 4020
22 0 6 77 38 135 57
23 0 2 81 12 99 18
24 0 3 84 28 97 42
25 0 8 88 1 5 1
26 0 3 93 216 896 324
27 0 3 97 3411 37359 5116
28 1 2 101 1 11 1
29 1 1 104 138 1301 207
30 1 1 107 69 628 103
31 0 2 109 2830 30746 4245
32 0 2 112 126161 1597277 189241
33 1 5 115 3 9 4
34 0 2 119 1 11 1
35 0 2 122 91 840 136
36 1 5 125 1280 6070 1920
37 0 2 129 135331 1717866 202996
38 1 13 132 1 5 1
39 0 1 137 1 9 1
40 1 2 139 4 33 6
41 1 2 142 1 8 1
42 0 2 145 153 1450 229
43 0 3 148 1 4 1
44 0 4 152 1 3 1
45 1 2 156 9 73 13
46 1 3 159 3 25 4
47 0 2 163 1 9 1
48 0 4 166 8 24 12
49 1 3 170 18 59 27
50 0 4 174 78 297 117
51 1 14 178 1 6 1
52 0 2 183 1 10 1
53 0 6 186 102 398 153
54 1 16 190 1 3 1
55 1 2 195 1 11 1
56 1 4 198 1 4 1
57 1 10 202 1 3 1
58 1 2 207 1 9 1
59 1 1 210 18759 220589 28138
60 1 1 211 6 48 9
61 1 7 213 11 34 16
62 1 3 218 5773 64667 8659
63 0 4 222 4 12 6
64 1 6 226 1630 7860 2445
65 0 2 230 2 17 3
66 0 3 233 4971 25807 7456
67 0 5 237 10150 55094 15225
68 1 1 241 392967 5186397 589450
69 0 1 244 1 10 1
70 1 6 246 9 27 13
71 1 4 250 268 1132 402
72 0 3 254 2 7 3
73 0 2 258 5 40 7
74 1 5 261 1 3 1
75 1 1 265 1 9 1
76 0 2 267 17 143 25
77 1 3 270 28 97 42
78 1 1 274 1 9 1
79 0 3 277 1 4 1
80 1 1 281 1 11 1
81 1 1 283 1 9 1
82 1 2 284 11 90 16
83 0 2 287 2 17 3
84 1 2 290 1 9 1
85 0 3 293 5451 28465 8176
86 0 3 297 43 381 64
87 1 1 301 3 25 4
88 0 1 303 1 10 1
89 1 4 305 1066 4990 1599
90 1 19 309 1 5 1
91 1 4 314 1 6 1
92 1 6 318 1 4 1
93 0 6 322 545 2430 817
94 1 2 326 1 10 1
95 1 1 329 11 90 16
96 0 16 331 1 3 1
97 0 6 336 1171 5518 1756
98 0 1 340 1491 15746 2236
99 0 1 341 38 335 57
100 0 4 343 11 34 16
101 0 6 347 1 4 1
102 0 4 351 1301 6176 1951
103 0 3 355 4879 25299 7318
104 1 2 359 9 72 13
105 1 17 362 326 1398 489
106 0 3 367 1 3 1
107 1 2 371 8 64 12
108 0 1 374 331 3259 496
109 1 5 376 1 4 1
110 1 4 380 3154 15899 4731
111 0 2 384 7217 81604 10825
112 0 3 387 13 41 19
113 1 3 391 1 5 1
114 0 5 395 3 9 4
115 0 2 399 38 334 57
116 1 6 402 361 1560 541
117 0 3 406 9 73 13
118 1 4 410 935 4336 1402
119 0 1 414 18737 220319 28105
120 1 1 417 236608 3065984 354912
121 0 2 420 2 17 3
122 0 2 423 26 224 39
123 0 11 426 110 432 165
124 1 2 431 14895 173526 22342
125 0 2 434 11 90 16
126 0 3 437 355 3508 532
127 1 1 441 2 17 3
128 0 15 443 2 6 3
129 0 3 448 1154 12047 1731
130 1 1 452 1 9 1
131 1 1 453 514 5169 771
132 0 6 455 617 2776 925
133 0 15 459 33 116 49
134 0 2 464 1 10 1
135 1 5 467 249 1045 373
136 1 2 471 26301 313480 39451
137 0 2 474 1 9 1
138 1 2 477 1 12 1
139 0 1 480 8 64 12
140 0 3 482 1 10 1
141 0 5 486 295 1255 442
142 0 5 490 93 360 139
143 1 1 494 1 11 1
144 0 1 496 12 99 18
145 0 3 498 1 9 1
146 1 2 502 28243 337578 42364
147 1 2 505 1 9 1
148 0 2 508 7 56 10
149 1 3 511 1 3 1
150 1 2 515 16 134 24
151 1 1 518 3793 41734 5689
152 1 49 520 1 4 1
153 1 2 526 1 11 1
154 0 1 529 128 1203 192
155 0 8 531 1 3 1
156 1 2 536 4 33 6
157 0 3 539 1 9 1
158 0 1 543 1 10 1
159 1 4 546 2 7 3
160 1 3 550 2959 14853 4438
161 0 1 554 1 11 1
162 1 12 557 41 147 61
163 0 1 562 1 9 1
164 1 15 564 1837 8931 2755
165 1 1 569 483 4843 724
166 1 25 572 334 1435 501
167 0 5 577 5108 26564 7662
168 1 4 581 10 31 15
169 0 1 585 67 609 100
170 0 1 588 1 11 1
171 1 2 591 16 134 24
172 1 5 594 5688 29783 8532
173 0 2 598 21 179 31
174 1 2 601 150 1420 225
175 0 3 604 1 4 1
176 1 4 608 1 4 1
177 1 3 612 1 11 1
178 0 5 616 1 4 1
179 0 2 620 233 2256 349
180 0 2 623 826 8492 1239
181 0 5 626 71456 434038 107184
182 0 2 630 3 25 4
183 0 10 633 41 147 61
184 0 2 638 7 56 10
185 1 3 641 32 112 48
186 0 3 645 237 991 355
187 1 19 649 1 4 1
188 1 3 654 2 17 3
189 0 1 658 51741 633258 77611
190 1 3 661 1 6 1
191 1 4 665 179 732 268
192 0 1 669 15 125 22
193 1 5 672 1 4 1
194 0 3 676 1 4 1
195 1 11 680 18 59 27
196 1 8 685 229 955 343
197 0 4 690 6 18 9
198 1 2 694 199 1911 298
199 0 4 697 16 52 24
200 0 1 701 102 947 153
201 1 2 702 1 9 1
202 0 2 705 4 33 6
203 1 8 708 496 2196 744
204 0 1 713 2 17 3
205 1 10 716 3628 18456 5442
206 0 16 721 1 4 1
207 1 1 726 3180 34724 4770
208 1 2 729 279 2725 418
209 0 2 732 12236 141411 18354
210 0 2 735 1 9 1
211 1 2 738 1 10 1
212 0 1 741 1 10 1
213 1 38 742 1 4 1
214 1 2 748 40 353 60
215 0 1 751 20 169 30
216 1 5 753 13 41 19
217 1 3 757 1 10 1
218 0 2 761 5 41 7
219 1 3 764 1 9 1
220 0 2 767 1 9 1
221 0 5 770 1 3 1
222 1 3 774 8 24 12
223 0 4 778 6 18 9
224 0 5 782 2 7 3
225 1 2 786 1 9 1
226 0 2 789 4 33 6
227 0 2 792 949 9819 1423
228 0 5 795 2 7 3
229 0 1 799 10925 125674 16387
230 1 3 801 16 52 24
231 1 1 805 2 17 3
232 0 2 807 217 2093 325
233 0 5 810 10 31 15
234 1 3 814 8 24 12
235 1 2 818 50 447 75
236 0 1 821 1 9 1
237 1 10 822 4 12 6
238 1 4 827 1 4 1
239 0 3 831 162 1540 243
240 1 2 835 3462 37942 5193
241 1 8 838 516 2291 774
242 1 8 843 9 27 13
243 0 2 848 98 908 147
244 1 1 851 311 3053 466
245 0 3 853 61 227 91
246 0 1 857 1 11 1
247 0 2 859 1 12 1
248 1 2 862 34 298 51
249 1 6 865 53 195 79
250 1 3 869 1 3 1
251 1 1 873 8022 91107 12033
252 1 3 875 40 143 60
253 1 1 879 1 9 1
254 1 4 882 13 41 19
255 0 2 886 4 33 6
256 0 2 889 1 11 1
257 1 2 892 36 316 54
258 1 4 895 1 3 1
259 1 5 899 1 4 1
260 1 5 903 2452 12156 3678
261 1 5 907 3221 16259 4831
262 1 1 911 3 25 4
263 0 2 913 685 6982 1027
264 0 2 916 1 9 1
265 1 8 919 1 4 1
266 0 3 924 180 736 270
267 1 12 928 1 6 1
268 1 6 933 6977 37005 10465
269 1 1 937 2290 24650 3435
270 0 7 939 191 785 286
271 0 5 944 145 583 217
272 1 9 948 14 45 21
273 1 15 953 38 135 57
274 1 1 958 33 288 49
275 0 8 961 10 31 15
276 1 4 966 1 4 1
277 0 8 970 1 3 1
278 1 3 975 1 3 1
279 0 1 979 14 116 21
280 1 3 982 13915 76984 20872
281 1 2 986 196 1881 294
282 0 2 989 1 9 1
283 1 12 992 1 4 1
284 0 1 997 373 3694 559
285 0 3 999 3 25 4
286 1 3 1003 4 33 6
287 0 1 1007 2 17 3
288 1 13 1009 2 6 3
289 1 4 1014 1 4 1
290 1 5 1018 9 27 13
291 0 2 1022 3166 34564 4749
292 1 2 1025 7791 88376 11686
293 1 2 1028 1 11 1
294 1 2 1031 319 3136 478
295 0 1 1034 213 2053 319
296 1 4 1036 106 414 159
297 1 1 1040 1 9 1
298 0 1 1041 39161 474131 58741
299 0 2 1044 170 1620 255
300 1 3 1047 162 657 243
301 0 3 1051 13 41 19
302 1 1 1055 1 9 1
303 0 1 1058 1 9 1
304 0 3 1061 28 97 42
305 0 2 1065 12 99 18
306 1 2 1068 120 1123 180
307 1 8 1071 97 376 145
308 1 1 1076 1461 15415 2191
309 0 9 1079 1 4 1
310 0 5 1084 1 4 1
311 0 2 1088 1 10 1
312 1 4 1091 1 3 1
313 1 5 1095 830 3817 1245
314 1 2 1099 22574 267426 33861
315 1 2 1102 1 12 1
316 1 3 1105 82 314 123
317 0 1 1109 19 161 28
318 0 4 1112 8 24 12
319 1 6 1116 26 89 39
320 0 3 1120 704 7184 1056
321 0 4 1124 34 120 51
322 1 15 1128 1 4 1
323 1 15 1133 10 31 15
324 0 2 1138 64 580 96
325 1 2 1141 5 40 7
326 1 15 1144 7 21 10
327 0 1 1149 40 353 60
328 0 1 1151 3 25 4
329 1 2 1154 856 8815 1284
330 1 2 1157 1 9 1
331 0 1 1160 1 9 1
332 0 1 1162 1 10 1
333 1 2 1164 1 9 1
334 0 6 1167 10 31 15
335 1 4 1171 683 3096 1024
336 0 17 1175 1 4 1
337 0 5 1180 12 38 18
338 1 14 1184 1 4 1
339 1 2 1189 215 2073 322
340 1 2 1192 1 9 1
341 1 2 1195 1 12 1
342 1 5 1198 4 13 6
343 1 5 1202 86 330 129
344 0 19 1206 2 7 3
345 0 31 1211 1 4 1
346 1 1 1217 75 685 112
347 1 3 1219 1 4 1
348 1 1 1223 5513 61634 8269
349 0 1 1226 2 17 3
350 0 5 1227 6 18 9
351 1 12 1231 2223 10948 3334
352 0 8 1236 2 6 3
353 0 8 1241 73005 443965 109507
354 1 4 1246 1 4 1
355 0 7 1250 2 6 3
356 0 10 1255 148 596 222
357 0 1 1260 10 81 15
358 1 1 1261 32 279 48
359 0 1 1263 197 1891 295
360 1 3 1265 1 10 1
361 1 1 1269 5400 60318 8100
362 0 2 1272 677 6896 1015
363 1 3 1275 8 24 12
364 1 2 1279 15913 185884 23869
365 1 2 1282 2 17 3
366 0 1 1285 1 10 1
367 0 6 1288 156 631 234
368 1 2 1292 213 2053 319
369 1 2 1295 1 9 1
370 0 1 1298 197 1891 295
371 0 2 1300 3 25 4
372 0 7 1303 7894 42191 11841
373 1 5 1308 39 139 58
374 0 5 1312 14 45 21
375 1 47 1316 18 59 27
376 1 1 1322 1 11 1
377 1 2 1324 5 40 7
378 1 1 1327 6 48 9
379 0 1 1330 2 17 3
380 0 2 1333 44 391 66
381 0 4 1336 1 5 1
382 0 2 1340 70 637 105
383 1 38 1343 1 4 1
384 1 7 1349 3 10 4
385 1 38 1354 24 82 36
386 0 30 1360 1 4 1
387 1 2 1366 1 9 1
388 0 4 1369 32 112 48
389 1 4 1373 1 3 1
390 0 4 1377 2 7 3
391 0 1 1381 1 9 1
392 0 3 1384 77 704 115
393 0 3 1387 1 4 1
394 0 1 1391 38 335 57
395 0 11 1393 50 183 75
396 1 1 1398 3 25 4
397 0 2 1400 493 4948 739
398 0 2 1403 14 116 21
399 1 1 1406 41 362 61
400 1 7 1407 112 440 168
401 0 1 1411 1 10 1
402 1 1 1413 264 2571 396
403 0 2 1416 2 17 3
404 1 7 1419 1 3 1
405 0 3 1424 645 6556 967
406 0 1 1428 5 40 7
407 0 3 1430 1 5 1
408 1 19 1434 1 4 1
409 0 1 1439 9539 109118 14308
410 0 3 1441 11 90 16
411 0 1 1445 1 9 1
412 0 3 1447 13 41 19
413 1 1 1451 1 9 1
414 1 7 1454 19644 110922 29466
415 1 6 1458 72 272 108
416 1 5 1462 2 7 3
417 1 4 1466 2 6 3
418 1 1 1470 1 8 1
419 1 7 1472 422 1846 633
420 1 3 1476 10 81 15
421 1 1 1480 68 618 102
422 1 11 1482 9 27 13
423 1 2 1487 2 17 3
424 1 5 1490 1 5 1
425 1 1 1494 1 9 1
426 0 1 1497 2 17 3
427 0 1 1499 1 14 1
428 1 3 1501 64 239 96
429 1 4 1505 574 2569 861
430 1 4 1509 1 4 1
431 1 1 1513 63 570 94
432 0 9 1515 2 6 3
433 0 1 1520 2 17 3
434 1 3 1523 80 305 120
435 0 7 1527 509 2258 763
436 1 1 1531 27 233 40
437 0 9 1533 36 128 54
438 1 2 1538 1 11 1
439 1 6 1541 1 4 1
440 1 2 1545 65 589 97
441 1 3 1548 8 24 12
442 0 3 1552 1 4 1
443 0 1 1556 1 9 1
444 0 3 1559 1 4 1
445 0 2 1563 4429 49056 6643
446 0 7 1566 1 4 1
447 0 4 1571 3639 18516 5458
448 0 1 1575 1 10 1
449 0 12 1578 4 12 6
450 1 1 1583 1 9 1
451 1 2 1585 141 1331 211
452 1 2 1588 1 10 1
453 1 1 1591 3 25 4
454 1 4 1593 250 1050 375
455 0 2 1597 15 125 22
456 0 1 1600 180 1720 270
457 0 3 1602 2 17 3
458 1 2 1606 29 252 43
459 0 3 1609 1 4 1
460 0 5 1613 1 5 1
461 0 2 1617 1 9 1
462 1 2 1620 2824 30677 4236
463 0 5 1623 4705 24340 7057
464 1 1 1627 24 206 36
465 0 4 1629 3 10 4
466 0 1 1633 1 11 1
467 0 1 1635 201 1932 301
468 0 1 1638 54 485 81
469 0 1 1640 1 10 1
470 1 2 1643 1 9 1
471 0 2 1646 12 99 18
472 1 1 1649 36 316 54
473 1 1 1652 1 10 1
474 0 5 1654 1 3 1
475 0 3 1658 3 10 4
476 0 1 1662 1 10 1
477 0 1 1664 50634 619192 75951
478 1 3 1666 69 260 103
479 1 27 1670 3262 16479 4893
480 1 2 1676 6010 67436 9015
481 0 5 1679 102 398 153
482 0 2 1683 154 1461 231
483 1 6 1686 312 1333 468
484 0 1 1690 1 9 1
485 0 1 1693 1 10 1
486 1 6 1694 1660 8015 2490
487 0 1 1698 5 41 7
488 1 6 1700 6 18 9
489 1 4 1704 17 56 25
490 0 2 1708 72 656 108
491 1 9 1711 1 4 1
492 1 4 1716 742 3384 1113
493 0 8 1720 10 31 15
494 1 2 1725 1561 16519 2341
495 0 5 1728 1 4 1
496 1 1 1732 14 116 21
497 1 1 1735 3465 37977 5197
498 0 3 1738 1 4 1
499 1 1 1742 75 685 112
500 0 2 1744 1 10 1
501 0 1 1747 4943492 71165374 7415238
502 1 2 1749 83 763 124
503 1 6 1752 1 4 1
504 0 1 1756 139 1311 208
505 0 4 1758 27 93 40
506 1 4 1762 679 3077 1018
507 1 1 1766 3526 38674 5289
508 0 3 1769 1 3 1
509 1 5 1773 1 5 1
510 1 3 1777 28 97 42
511 1 2 1781 1 9 1
512 1 2 1784 7 56 10
513 1 10 1787 229 955 343
514 1 8 1792 426 1865 639
515 0 1 1797 107 996 160
516 0 2 1799 29 252 43
517 0 13 1802 2 7 3
518 0 8 1807 38 135 57
519 1 8 1812 1 3 1
520 0 2 1817 237433 3077066 356149
521 0 2 1820 1 11 1
522 0 8 1823 4 12 6
523 0 6 1828 22 74 33
524 1 4 1832 1 4 1
525 1 1 1836 1 10 1
526 1 2 1839 1 9 1
527 0 1 1842 1 13 1
528 1 1 1844 1 9 1
529 0 10 1846 34 120 51
530 0 2 1851 8457 96259 12685
531 0 23 1854 33 116 49
532 0 1 1859 5 40 7
533 0 18 1862 5 15 7
534 0 5 1867 12 38 18
535 1 3 1871 162 657 243
536 0 1 1875 3 25 4
537 0 13 1878 23 78 34
538 1 3 1883 21 70 31
539 1 3 1887 71 268 106
540 0 2 1891 52 466 78
541 1 1 1894 31938 383601 47907
542 0 7 1897 1 3 1
543 0 2 1901 2 17 3
544 0 6 1904 277 1173 415
545 1 9 1908 6 18 9
546 0 2 1913 1 9 1
547 0 1 1916 1 9 1
548 1 2 1919 327 3218 490
549 1 30 1922 24767 141750 37150
550 0 1 1928 1 9 1
551 0 1 1931 68 618 102
552 0 4 1934 1 3 1
553 0 3 1938 2 6 3
554 0 1 1942 86 792 129
555 1 3 1944 1 9 1
556 0 6 1948 1690 8169 2535
557 0 5 1952 2 6 3
558 1 7 1956 781 3575 1171
559 1 1 1960 1 10 1
560 0 4 1962 274 1159 411
561 0 2 1966 2 17 3
562 1 4 1969 52912 316134 79368
563 0 2 1973 68 618 102
564 1 1 1976 9 73 13
565 0 6 1978 1 3 1
566 0 8 1982 1 6 1
567 0 3 1987 100 389 150
568 1 1 1991 1 10 1
569 0 11 1993 1 4 1
570 1 5 1998 3 10 4
571 1 1 2002 27 233 40
572 1 18 2005 140 561 210
573 0 43 2010 207 856 310
574 1 8 2016 32 112 48
575 0 3 2021 1 4 1
576 0 1 2025 6 48 9
577 0 2 2027 65362 807191 98043
578 0 1 2030 47 419 70
579 0 4 2032 1 3 1
580 0 2 2036 6593 74266 9889
581 0 9 2039 1 5 1
582 1 4 2044 1 4 1
583 1 3 2048 29 100 43
584 1 2 2052 41 363 61
585 1 2 2055 1 10 1
586 1 1 2058 6 48 9
587 0 7 2061 1051 4915 1576
588 1 4 2065 5 15 7
589 1 2 2069 113 1055 169
590 1 2 2072 2 17 3
591 0 6 2075 42 151 63
592 0 11 2079 2 7 3
593 1 2 2084 1 11 1
594 1 2 2087 1 9 1
595 1 7 2090 38 135 57
596 1 10 2095 1 4 1
597 1 5 2100 1 5 1
598 1 6 2104 200 825 300
599 0 1 2108 4 32 6
600 0 3 2110 5 15 7
601 0 2 2114 244 2367 366
602 0 2 2117 103 957 154
603 0 2 2120 17 143 25
604 1 2 2123 6 48 9
605 1 2 2126 1 9 1
606 1 2 2129 13 108 19
607 1 1 2132 164 1560 246
608 0 4 2135 10 31 15
609 0 6 2139 1 4 1
610 1 2 2143 1 9 1
611 1 1 2146 10 81 15
612 1 1 2148 7 56 10
613 1 3 2151 1 4 1
614 0 4 2155 1 4 1
615 1 1 2159 7320 82817 10980
616 1 2 2161 162 1540 243
617 0 7 2164 409 1785 613
618 0 1 2168 2 17 3
619 1 3 2170 1 10 1
620 0 2 2174 447 4465 670
621 0 4 2177 15 48 22
622 1 3 2181 46 409 69
623 1 1 2185 1 9 1
624 0 7 2188 1 3 1
625 1 2 2192 27 233 40
626 0 1 2195 361 3570 541
627 0 5 2197 276 1168 414
628 1 3 2201 33 116 49
629 0 3 2205 6541 73656 9811
630 1 1 2209 129265 1638061 193897
631 1 8 2211 1 6 1
632 0 2 2216 1 10 1
633 1 6 2219 1 3 1
634 1 1 2223 4 33 6
635 1 2 2225 41 362 61
636 0 2 2228 2 17 3
637 0 2 2231 54 485 81
638 0 3 2234 143 574 214
639 0 6 2238 10 31 15
640 1 2 2242 58 523 87
641 0 9 2245 167 679 250
642 0 3 2250 330 3249 495
643 0 1 2254 1 9 1
644 0 1 2256 5 40 7
645 1 2 2259 1151 12014 1726
646 0 1 2262 7 56 10
647 0 7 2265 2 6 3
648 1 1 2270 1 10 1
649 0 8 2273 20 66 30
650 1 3 2278 10 81 15
651 0 3 2282 5 15 7
652 0 5 2286 1 5 1
653 1 14 2290 69 260 103
654 1 5 2295 738 3365 1107
655 1 1 2299 72 656 108
656 1 4 2301 85 326 127
657 0 5 2305 484 2139 726
658 1 1 2309 669 6811 1003
659 0 5 2311 100 389 150
660 1 3 2315 111 436 166
661 0 3 2319 7 21 10
662 1 8 2323 10 31 15
663 0 2 2328 410 4079 615
664 1 2 2331 1 8 1
665 1 2 2334 5 40 7
666 1 6 2337 88120 541375 132180
667 0 10 2341 73 276 109
668 0 10 2346 1 4 1
669 1 7 2351 1 4 1
670 0 1 2356 1 9 1
671 1 6 2358 8 24 12
672 0 2 2362 4 33 6
673 1 1 2365 1 9 1
674 0 7 2367 2 6 3
675 1 1 2371 42 372 63
676 0 2 2373 1 10 1
677 1 1 2376 8 64 12
678 1 3 2378 405678 5360266 608517
679 1 2 2382 66 599 99
680 1 9 2385 1 8 1
681 1 5 2390 5368 28005 8052
682 1 5 2394 6627917 50200683 9941875
683 1 30 2398 827 3802 1240
684 0 1 2404 31 270 46
685 1 3 2406 4 12 6
686 0 6 2410 2543 12637 3814
687 0 6 2414 1 3 1
688 0 1 2418 367 3632 550
689 0 11 2421 1 6 1
690 0 2 2426 1 9 1
691 0 2 2429 1 9 1
692 1 6 2432 1 4 1
693 1 1 2436 3 25 4
694 0 1 2439 1 9 1
695 1 1 2441 22 188 33
696 1 9 2443 1 3 1
697 0 5 2448 7 21 10
698 1 2 2452 1 10 1
699 0 7 2455 1 4 1
700 0 1 2459 1 9 1
701 1 3 2462 7337 39036 11005
702 0 1 2466 282 2755 423
703 1 8 2468 1 4 1
704 0 2 2473 45 400 67
705 0 4 2476 2 7 3
706 0 1 2480 12 99 18
707 0 4 2482 1328 6313 1992
708 0 1 2486 18983 223329 28474
709 1 1 2488 2 17 3
710 0 2 2490 21 179 31
711 0 3 2493 1 12 1
712 0 2 2497 1 9 1
713 0 18 2500 6 18 9
714 1 25 2505 1 4 1
715 0 1 2510 3 25 4
716 1 4 2512 1 4 1
717 1 3 2516 2 17 3
718 1 4 2520 32 112 48
719 1 4 2524 4 12 6
720 1 6 2528 24 81 36
721 1 1 2532 2 17 3
722 1 2 2534 6 48 9
723 1 1 2537 2916 31721 4374
724 1 2 2540 9 73 13
725 0 8 2543 1863 9066 2794
726 0 11 2548 1 5 1
727 1 9 2553 21 70 31
728 1 7 2558 1 5 1
729 0 1 2562 1 9 1
730 1 3 2564 1 4 1
731 0 2 2568 4 33 6
732 1 1 2571 4571 50697 6856
733 0 7 2574 2320 11458 3480
734 0 2 2579 1 9 1
735 0 3 2582 33 116 49
736 1 9 2586 16 52 24
737 0 2 2591 474 4749 711
738 1 2 2594 1474 15559 2211
739 0 7 2597 1 5 1
740 1 3 2602 681 3086 1021
741 1 1 2606 1 11 1
742 1 3 2609 8 24 12
743 0 1 2613 23 197 34
744 0 6 2615 1339 6370 2008
745 0 1 2619 3 25 4
746 0 1 2622 1 9 1
747 1 1 2624 2 17 3
748 0 3 2626 1 3 1
749 0 5 2630 52 191 78
750 0 8 2634 32 112 48
751 1 2 2639 12 99 18
752 1 26 2642 1 3 1
753 1 5 2647 1 5 1
754 1 3 2651 20111 113716 30166
755 0 4 2655 27952 161099 41928
756 1 1 2659 55 494 82
757 1 7 2660 11300 61737 16950
758 1 1 2664 5 40 7
759 0 3 2666 1727 8361 2590
760 1 19 2670 13 41 19
761 1 2 2675 1 9 1
762 0 3 2678 7 21 10
763 1 1 2682 29 251 43
764 1 1 2684 2 17 3
765 1 2 2686 3 25 4
766 0 3 2689 117 461 175
767 0 10 2693 1 4 1
768 0 2 2698 330 3249 495
769 1 1 2701 1 10 1
770 0 3 2703 6650 74935 9975
771 0 12 2706 24 81 36
772 0 11 2711 528 2349 792
773 0 3 2716 315 3094 472
774 1 3 2720 1 9 1
775 0 7 2724 1 4 1
776 0 4 2728 129 513 193
777 0 2 2732 5 40 7
778 0 2 2735 275 2684 412
779 1 1 2738 302 2961 453
780 0 3 2741 75 285 112
781 0 6 2745 23 78 34
782 1 1 2749 32 279 48
783 0 2 2751 2 17 3
784 1 1 2754 60 542 90
785 1 1 2757 2 17 3
786 0 2 2758 7 56 10
787 0 7 2761 20 67 30
788 1 9 2766 6 18 9
789 1 1 2771 360264 4739974 540396
790 0 2 2774 1 10 1
791 1 2 2777 3 25 4
792 1 2 2780 3 25 4
793 0 2 2783 3696 40621 5544
794 1 3 2786 3654 40139 5481
795 1 3 2790 5517 28832 8275
796 1 3 2794 4 12 6
797 1 68 2798 622 2800 933
798 1 5 2804 1 4 1
799 1 4 2808 7 21 10
800 0 4 2812 1 4 1
801 0 1 2816 1 11 1
802 1 1 2818 1 9 1
803 0 2 2820 20 170 30
804 1 6 2823 1 3 1
805 1 1 2827 2 17 3
806 1 1 2830 1 9 1
807 0 1 2832 2899 31528 4348
808 0 1 2835 121 1133 181
809 0 2 2837 57 513 85
810 1 2 2840 9 73 13
811 1 1 2843 24 206 36
812 1 1 2846 1 9 1
813 0 1 2848 3769 41458 5653
814 0 1 2851 146882 1870183 220323
815 0 4 2854 1528 7335 2292
816 0 3 2858 1 4 1
817 1 1 2862 2 17 3
818 1 21 2865 11533 63088 17299
819 1 5 2870 61 227 91
820 1 3 2874 2 7 3
821 0 30 2878 3325 16819 4987
822 1 8 2884 1 5 1
823 0 2 2889 58 523 87
824 0 1 2892 30 261 45
825 1 9 2895 1 5 1
826 1 5 2900 1 3 1
827 1 2 2904 1 9 1
828 0 1 2907 4 33 6
829 1 1 2909 48 428 72
830 0 1 2910 1 10 1
831 0 2 2913 2134 22899 3201
832 0 2 2916 1 9 1
833 1 1 2919 1 9 1
834 0 10 2922 1 4 1
835 1 1 2927 5 41 7
836 1 1 2929 51 456 76
837 0 2 2932 2 17 3
838 0 1 2935 1 12 1
839 0 3 2937 13 41 19
840 1 3 2941 5 40 7
841 0 1 2945 1 10 1
842 1 1 2947 34 297 51
843 1 1 2950 32 279 48
844 0 18 2952 27 93 40
845 1 3 2957 5 15 7
846 1 1 2961 10 81 15
847 1 10 2963 6 18 9
848 0 2 2968 2 17 3
849 0 3 2971 21 178 31
850 1 5 2975 249 1045 373
851 0 4 2979 16 52 24
852 1 10 2983 3 9 4
853 1 3 2988 1 10 1
854 1 2 2992 3 25 4
855 1 19 2995 1 4 1
856 0 2 3000 47 419 70
857 1 45 3003 1 4 1
858 0 3 3009 3 10 4
859 1 9 3013 5 15 7
860 0 6 3018 1 3 1
861 1 1 3022 1 9 1
862 1 9 3024 10542 57354 15813
863 0 3 3029 467 4675 700
864 0 2 3033 16414 191977 24621
865 0 3 3036 20 170 30
866 1 1 3040 60 542 90
867 0 15 3043 459 2020 688
868 0 3 3048 3987 20407 5980
869 0 3 3052 65 590 97
870 0 1 3056 112693 1420745 169039
871 0 11 3059 24 81 36
872 1 3 3064 1 9 1
873 0 3 3068 8058 91534 12087
874 0 1 3072 1 9 1
875 0 4 3074 310 1324 465
876 1 10 3078 16 52 24
877 0 1 3083 48 428 72
878 0 2 3085 1 9 1
879 1 4 3088 6 18 9
880 1 3 3092 93 859 139
881 0 4 3096 68286 413757 102429
882 0 5 3100 41 147 61
883 1 7 3104 1 4 1
884 0 1 3109 1 9 1
885 1 14 3111 1 3 1
886 1 10 3116 104 406 156
887 1 4 3121 16 52 24
888 0 4 3125 30 104 45
889 0 40 3129 1 4 1
890 1 10 3135 1 5 1
891 0 2 3140 71 647 106
892 0 14 3143 1945 9493 2917
893 1 3 3148 1 4 1
894 0 5 3152 2 7 3
895 0 4 3156 8 24 12
896 1 2 3160 1 8 1
897 0 189 3163 1 5 1
898 0 3 3170 68 256 102
899 1 2 3174 1 9 1
900 1 9 3177 358 1546 537
901 1 9 3182 176 719 264
902 1 2 3187 1 10 1
903 1 5 3190 2 7 3
904 1 1 3194 2 17 3
905 1 7 3197 2 7 3
906 1 3 3201 2 17 3
907 1 1 3205 6 48 9
908 0 2 3208 719 7345 1078
909 0 3 3211 6 18 9
910 1 3 3215 84 772 126
911 0 4 3219 213 883 319
912 1 11 3223 1422 6793 2133
913 1 3 3228 235 982 352
914 1 7 3232 1 3 1
915 0 3 3236 6 18 9
916 1 7 3240 19708 111304 29562
917 1 4 3245 1 4 1
918 0 1 3249 1 10 1
919 1 4 3251 1 4 1
920 0 1 3255 82 753 123
921 1 1 3257 4 33 6
922 1 2 3260 46 409 69
923 0 9 3263 4842201 36172133 7263301
924 1 3 3268 1 3 1
925 0 1 3272 1 9 1
926 0 1 3275 45 400 67
927 1 1 3278 10617 121987 15925
928 1 1 3280 4 33 6
929 1 5 3281 777 3556 1165
930 0 3 3285 47 419 70
931 0 1 3289 36 316 54
932 1 5 3292 1 4 1
933 1 3 3296 841 8654 1261
934 1 6 3300 1 3 1
935 1 3 3304 1 3 1
936 1 7 3308 1 3 1
937 0 3 3312 1205 5690 1807
938 1 2 3316 1 9 1
939 1 2 3319 344 3394 516
940 1 9 3322 1 5 1
941 1 2 3327 1 9 1
942 1 2 3330 37 325 55
943 0 1 3333 1 11 1
944 1 16 3335 199 821 298
945 0 1 3340 15 125 22
946 1 1 3343 2770 30066 4155
947 0 1 3346 5 40 7
948 0 2 3348 58 523 87
949 1 4 3351 3 9 4
950 0 2 3355 1100 11458 1650
951 0 4 3358 1 4 1
952 1 3 3362 1 11 1
953 1 1 3366 3 25 4
954 1 1 3367 1 9 1
955 1 1 3369 4 33 6
956 0 1 3371 1 8 1
957 0 3 3374 1 5 1
958 0 9 3378 1394 6650 2091
959 1 4 3383 1 3 1
960 1 7 3387 964 4481 1446
961 1 2 3392 5458 60993 8187
962 0 1 3395 1 11 1
963 0 2 3397 1842 19638 2763
964 1 4 3400 1 5 1
965 0 5 3404 35 124 52
966 0 1 3408 3 25 4
967 1 7 3410 141 565 211
968 1 2 3414 1 10 1
969 1 2 3417 1 10 1
970 1 2 3420 1 9 1
971 1 2 3423 1 10 1
972 0 3 3426 1 4 1
973 1 1 3430 17 143 25
974 1 55 3433 76 289 114
975 1 5 3439 24 82 36
976 0 2 3443 3 25 4
977 1 11 3446 1093 5126 1639
978 0 3 3451 1 4 1
979 0 1 3455 1 9 1
980 1 12 3456 1 4 1
981 0 5 3461 6 18 9
982 0 2 3465 1 10 1
983 1 6 3468 1683 8133 2524
984 0 2 3472 85804 1070686 128706
985 0 5 3475 1 4 1
986 0 2 3479 10 81 15
987 0 3 3482 1008 10458 1512
988 1 2 3485 12 99 18
989 1 2 3488 14 116 21
990 0 10 3491 1 3 1
991 1 7 3496 6211 32703 9316
992 1 5 3501 1 4 1
993 0 6 3505 5 15 7
994 1 1 3509 2 17 3
995 1 3 3511 1 5 1
996 0 2 3515 23 197 34
997 0 2 3518 109 1016 163
998 1 1 3521 14 116 21
999 0 5 3523 53 195 79
1000 1 1 3527 1 12 1
1001 0 2 3529 160 1520 240
1002 1 1 3532 16 134 24
1003 0 7 3535 9 27 13
1004 1 1 3540 80 733 120
1005 0 6 3543 2 6 3
1006 0 3 3547 1 3 1
1007 0 1 3551 816 8385 1224
1008 1 13 3552 1 4 1
1009 0 5 3557 2 7 3
1010 0 3 3561 13 41 19
1011 0 2 3565 6 48 9
1012 0 7 3568 12 38 18
1013 0 3 3572 70 264 105
1014 1 7 3576 743 3389 1114
1015 0 1 3581 47 419 70
1016 0 3 3582 64 239 96
1017 0 1 3586 1 9 1
1018 0 14 3589 12 38 18
1019 1 1 3594 21 179 31
1020 0 2 3596 507 5095 760
1021 0 2 3599 1 9 1
1022 1 3 3602 1 3 1
1023 0 1 3606 8547 97327 12820
