0 0 6 5 64 580 96
1 1 1 22 1 9 1
2 1 1 27 8 64 12
3 1 7 38 5 15 7
4 1 47 56 1317 6258 1975
5 0 7 79 53 195 79
6 0 2 97 2 17 3
7 0 22 110 1 5 1
8 0 1 132 65 589 97
9 0 2 143 7101 80238 10651
10 0 3 156 5952 66758 8928
11 0 4 171 234 2266 351
12 1 2 187 239 2316 358
13 1 2 201 1 9 1
14 0 2 213 17288 202623 25932
15 1 2 225 1143 11927 1714
16 1 15 238 12 38 18
17 0 1 258 1 10 1
18 1 2 269 76 695 114
19 0 5 281 16824 196968 25236
20 0 2 298 2190 23527 3285
21 0 2 311 370 3663 555
22 0 3 325 1 10 1
23 1 7 339 116 457 174
24 1 2 357 1 10 1
25 1 2 371 1 11 1
26 1 2 383 3515 38548 5272
27 0 2 395 1 10 1
28 1 5 408 21 179 31
29 1 2 425 6915 78049 10372
30 1 1 438 1 10 1
31 0 1 446 1 9 1
32 0 3 457 21 179 31
33 0 4 472 637 6470 955
34 1 2 488 1 10 1
35 1 4 501 22 188 33
36 1 3 517 1 10 1
37 0 2 531 1 9 1
38 0 5 543 9 72 13
39 1 4 560 4471 49541 6706
40 1 2 576 15 125 22
41 0 1 590 16 134 24
42 1 6 600 3 25 4
43 0 29 617 407 1775 610
44 1 7 639 1 4 1
45 1 2 657 364 3601 546
46 0 5 671 3269 35738 4903
47 0 4 688 1 10 1
48 1 1 704 22 188 33
49 1 1 712 5615 62823 8422
50 1 3 723 1 9 1
51 1 1 737 5 40 7
52 1 5 748 1 9 1
53 1 1 764 29 251 43
54 1 1 771 115 1074 172
55 1 13 779 1 4 1
56 0 1 799 12380 143143 18570
57 0 1 810 2 17 3
58 1 3 820 1 9 1
59 1 1 835 2 17 3
60 1 5 845 49 438 73
61 1 2 861 1 9 1
62 1 2 874 1 9 1
63 0 4 887 1 10 1
64 0 3 903 123 1153 184
65 1 2 917 1123 11709 1684
66 0 16 929 283 1200 424
67 1 3 950 6048 67880 9072
68 1 9 965 135 539 202
69 1 2 984 40 353 60
70 0 2 996 11 90 16
71 1 5 1009 1 9 1
72 1 2 1026 183 1750 274
73 0 3 1038 262 2551 393
74 1 9 1053 2167 10654 3250
75 0 4 1072 1 9 1
76 0 2 1088 14 116 21
77 1 8 1100 1478 7079 2217
78 0 4 1118 3 25 4
79 1 5 1134 5 41 7
80 1 1 1151 1 9 1
81 1 6 1160 1108 11546 1662
82 1 2 1177 1 14 1
83 1 1 1190 1 10 1
84 0 6 1202 48 175 72
85 1 15 1220 1 5 1
86 0 2 1240 29 251 43
87 1 2 1253 21 179 31
88 0 1 1265 1 13 1
89 1 2 1275 1 10 1
90 1 3 1287 1 9 1
91 0 9 1301 27349 157426 41023
92 0 2 1320 556 5612 834
93 0 2 1332 1164359 15965501 1746538
94 0 1 1344 5 40 7
95 0 1 1351 74 675 111
96 1 1 1361 1 9 1
97 0 4 1372 1 9 1
98 1 3 1387 3 25 4
99 0 1 1401 3 25 4
100 1 13 1412 53 195 79
101 0 5 1432 1 9 1
102 1 4 1449 25 215 37
103 1 1 1465 278 2715 417
104 0 10 1476 1 4 1
105 1 7 1495 1 5 1
106 1 1 1513 3 25 4
107 0 7 1522 1 3 1
108 1 3 1540 704 7184 1056
109 1 3 1555 11 90 16
110 0 5 1570 1 9 1
111 0 26 1587 2 7 3
112 1 2 1609 441 4403 661
113 1 5 1623 1 10 1
114 1 1 1639 1 9 1
115 1 1 1649 102 947 153
116 0 3 1660 1643 17427 2464
117 1 3 1675 1 9 1
118 1 3 1690 283 2766 424
119 1 2 1705 2 17 3
120 0 31 1718 1 3 1
121 0 7 1740 1 5 1
122 1 5 1758 78 714 117
123 1 20 1775 2 7 3
124 1 13 1796 68 256 102
125 1 7 1816 21 70 31
126 0 3 1834 12 98 18
127 1 2 1848 368 3642 552
128 1 25 1862 132 526 198
129 1 23 1884 21 70 31
130 1 3 1906 1 9 1
131 1 1 1921 85 782 127
132 0 6 1929 10 81 15
133 0 6 1946 15 125 22
134 0 7 1964 1194 5634 1791
135 0 8 1982 353 1523 529
136 0 2 2000 9689 110905 14533
137 0 7 2013 1 5 1
138 1 51 2031 1 4 1
139 1 2 2055 1 9 1
140 1 2 2067 1 10 1
141 1 1 2080 154 1460 231
142 0 3 2090 96 889 144
143 1 4 2105 1 11 1
144 1 4 2121 1016 10545 1524
145 0 11 2137 1 5 1
146 0 7 2157 9 27 13
147 1 1 2175 28 242 42
148 0 1 2185 2827 30712 4240
149 1 3 2195 1 10 1
150 0 6 2209 1 4 1
151 0 1 2227 1 9 1
152 1 8 2236 420 1836 630
153 1 5 2254 8206 93285 12309
154 0 2 2270 922 9527 1383
155 0 5 2283 660 6715 990
156 0 6 2300 15 125 22
157 1 2 2318 10 81 15
158 0 2 2330 17314 202940 25971
159 1 4 2342 1 11 1
160 1 1 2358 12 98 18
161 1 4 2368 1 10 1
162 0 3 2384 1 10 1
163 0 5 2399 11221 129221 16831
164 1 1 2416 1 11 1
165 1 1 2426 2179 23403 3268
166 1 1 2436 55 494 82
167 0 5 2446 3 25 4
168 0 1 2463 70 638 105
169 1 2 2472 16 134 24
170 0 2 2484 3384 37051 5076
171 1 1 2498 601 6088 901
172 1 1 2507 52 466 78
173 0 2 2516 1 9 1
174 1 6 2529 1 9 1
175 1 1 2547 6 48 9
176 1 2 2558 1 10 1
177 1 1 2570 571 5771 856
178 1 2 2578 4 33 6
179 0 2 2590 183 1751 274
180 1 1 2603 1 10 1
181 1 1 2613 109 1016 163
182 0 2 2623 2 17 3
183 1 3 2637 143 1351 214
184 1 5 2652 9221 105332 13831
185 0 6 2669 10297 118161 15445
186 1 6 2686 1 12 1
187 0 2 2703 1 9 1
188 1 1 2715 110 1025 165
189 0 2 2722 171 1630 256
190 1 2 2734 16 134 24
191 1 4 2748 4 33 6
192 1 1 2764 1 9 1
193 0 1 2775 111 1035 166
194 0 2 2784 1 10 1
195 1 4 2797 1 9 1
196 1 2 2813 6 48 9
197 1 1 2827 3 25 4
198 1 2 2833 42 372 63
199 1 4 2846 1052 10936 1578
200 0 2 2862 23 197 34
201 1 97 2875 1 4 1
202 0 7 2900 1 6 1
203 0 5 2918 16 134 24
204 0 1 2935 19356 227895 29034
205 1 9 2943 375 1625 562
206 1 2 2962 1 10 1
207 0 2 2975 2 17 3
208 0 2 2988 1 14 1
209 0 2 3000 1 9 1
210 0 1 3013 1 10 1
211 1 2 3021 1 12 1
212 1 2 3033 21 179 31
213 1 3 3047 8 64 12
214 0 2 3062 20 170 30
215 0 24 3075 7 21 10
216 0 3 3097 1 9 1
217 1 8 3111 1 5 1
218 0 3 3130 1 8 1
219 1 2 3145 536 5401 804
220 0 1 3158 1 9 1
221 0 1 3168 334 3291 501
222 0 4 3175 1135 11840 1702
223 1 2 3191 229 2215 343
224 1 1 3204 2 17 3
225 1 5 3213 71 647 106
226 0 1 3229 1 9 1
227 1 2 3237 1 12 1
228 1 2 3250 6 48 9
229 1 2 3263 1 10 1
230 1 2 3276 10 81 15
231 1 7 3288 81 309 121
232 0 16 3306 179 732 268
233 1 3 3327 6 48 9
234 0 1 3342 28436 339977 42654
235 0 1 3353 1 10 1
236 0 5 3360 1 9 1
237 0 2 3376 1 10 1
238 1 3 3388 86 791 129
239 1 1 3403 2 17 3
240 0 6 3412 8 64 12
241 1 2 3429 543 5474 814
242 0 18 3442 1 4 1
243 1 9 3463 31 108 46
244 0 4 3482 1897 20250 2845
245 0 1 3498 2 17 3
246 0 2 3508 33 289 49
247 1 2 3522 22928 271789 34392
248 0 4 3536 1 10 1
249 1 3 3552 1 12 1
250 0 2 3567 38 334 57
251 0 1 3579 4 33 6
252 1 1 3590 7 56 10
253 0 7 3600 89 343 133
254 1 5 3618 207 1992 310
