0 1 1 5 26 224 39
1 0 3 7 6 18 9
2 0 3 11 4 12 6
3 0 1 15 682 6950 1023
4 0 14 17 224 932 336
5 0 1 22 2 17 3
6 1 1 24 11 90 16
7 1 4 26 4 12 6
8 0 1 30 43 381 64
9 1 24 33 1 4 1
10 1 1 38 18 152 27
11 1 10 41 1865 9076 2797
12 1 2 46 963 9971 1444
13 0 8 49 40 143 60
14 0 2 54 2 17 3
15 1 1 57 36 316 54
16 1 1 60 4 33 6
17 0 2 63 251 2439 376
18 0 6 66 1 3 1
19 0 1 70 1 11 1
20 1 3 73 1 5 1
21 0 1 77 43 381 64
22 0 3 79 40 143 60
23 0 5 83 642 2897 963
24 1 6 87 1 4 1
25 0 2 91 1 9 1
26 0 9 94 271 1145 406
27 1 1 99 312 3063 468
28 1 2 101 38 335 57
29 1 1 104 1 10 1
30 1 6 107 3 9 4
31 0 4 111 2662 13269 3993
32 1 1 115 772 7912 1158
33 0 2 117 75 685 112
34 1 2 120 1 10 1
35 1 2 123 26 224 39
36 0 2 126 1 9 1
37 1 7 129 1 3 1
38 1 1 134 2 17 3
39 1 16 136 4 12 6
40 0 13 141 4 12 6
41 0 6 146 457 2011 685
42 1 3 150 1381 6583 2071
43 1 1 154 1 11 1
44 0 1 157 3 25 4
45 1 2 160 29 251 43
46 0 1 163 1 10 1
47 1 71 165 8 24 12
48 0 7 171 32 112 48
49 0 2 176 1 9 1
50 1 6 179 44 159 66
51 1 5 183 25 85 37
52 0 13 187 1 4 1
53 0 5 192 379 1644 568
54 1 3 196 11586 63396 17379
55 0 1 200 1 9 1
56 1 2 202 1 9 1
57 1 4 205 6 18 9
58 1 24 209 1 4 1
59 0 1 214 8 64 12
60 0 6 216 18 59 27
61 0 1 220 2 17 3
62 0 9 222 5 15 7
63 0 3 227 279 2725 418
64 1 2 231 1159 12102 1738
65 0 9 234 29 101 43
66 1 1 239 1 11 1
67 0 1 241 1 11 1
68 1 5 244 1430 6834 2145
69 0 2 248 33 288 49
70 1 2 251 1 11 1
71 0 3 254 1 4 1
72 1 11 258 19 63 28
73 1 3 263 35 124 52
74 0 12 267 1 4 1
75 1 3 272 1 9 1
76 1 1 276 8 64 12
77 0 9 279 1 4 1
78 0 3 284 1 5 1
79 1 1 288 1 11 1
80 0 1 290 1 10 1
81 1 2 293 1 9 1
82 0 3 296 1 5 1
83 0 3 300 55 203 82
84 0 34 304 1 3 1
85 0 2 310 1 10 1
86 1 1 313 54 485 81
87 0 2 316 13802 160295 20703
88 1 4 319 45 163 67
89 1 4 323 5 15 7
90 1 2 327 1 9 1
91 0 1 330 1 10 1
92 1 7 332 1 4 1
93 0 5 336 7 21 10
94 0 3 340 3 25 4
95 1 12 344 1 4 1
96 0 3 349 272 1150 408
97 0 3 353 9 27 13
98 1 5 357 45 163 67
99 1 4 361 3 9 4
100 0 5 365 46 167 69
101 0 2 369 687 7003 1030
102 0 4 372 40 143 60
103 1 6 376 52821 315560 79231
104 0 2 380 49 438 73
105 1 2 383 16 134 24
106 0 1 386 457 4570 685
107 1 3 388 82 314 123
108 0 6 392 141 565 211
109 1 14 396 44 159 66
110 1 4 401 3 10 4
111 0 7 405 263 1109 394
112 1 11 409 5 15 7
113 1 3 414 3077 15485 4615
114 0 3 418 1 4 1
115 1 8 422 1 3 1
116 0 1 427 2 17 3
117 0 3 429 1 10 1
118 1 1 433 5 40 7
119 0 5 435 34 120 51
120 0 2 439 1 9 1
121 1 1 442 65 589 97
122 1 1 445 1 9 1
123 0 1 446 118 1104 177
124 0 3 448 1 9 1
125 0 2 452 1 9 1
126 1 1 455 2 17 3
127 1 7 457 3 9 4
128 1 1 461 5 40 7
129 1 2 463 3 25 4
130 0 1 466 683 6960 1024
131 0 2 469 1 10 1
132 1 1 472 251 2439 376
133 0 2 475 125 1173 187
134 1 4 478 1 3 1
135 0 1 482 86 792 129
136 0 3 484 347802 2294869 521703
137 0 1 488 1 9 1
138 1 7 491 1 5 1
139 0 5 496 105 410 157
140 1 1 500 1 9 1
141 0 1 502 1 9 1
142 0 2 505 1 10 1
143 1 22 508 15 48 22
144 0 3 513 1301 6176 1951
145 1 6 517 153 617 229
146 0 4 521 1 3 1
147 1 1 525 2 17 3
148 0 7 527 3211 16205 4816
149 1 2 531 11 90 16
150 1 5 534 1 4 1
151 0 1 538 1 10 1
152 1 1 541 1 9 1
153 0 2 542 191 1831 286
154 0 7 545 52 191 78
155 0 6 549 360 1555 540
156 0 11 553 1 4 1
157 1 5 558 92597 570399 138895
158 1 4 562 2 6 3
159 0 20 566 5 15 7
160 1 2 571 2 17 3
161 0 5 574 2447 12129 3670
162 1 1 578 4 33 6
163 1 1 580 59 532 88
164 0 1 581 7 56 10
165 1 2 584 1 10 1
166 0 6 587 1 4 1
167 1 1 591 2 17 3
168 0 20 594 1651 7968 2476
169 1 1 599 1 10 1
170 1 2 602 1 10 1
171 1 3 605 1 3 1
172 1 5 609 1709 8268 2563
173 1 2 613 921 9517 1381
174 1 13 616 1 4 1
175 0 1 621 813 8352 1219
176 0 5 623 33 116 49
177 0 7 627 43 155 64
178 0 7 631 358 1546 537
179 0 2 636 1 10 1
180 1 2 639 1 11 1
181 1 2 642 36 316 54
182 1 9 645 1 4 1
183 1 4 650 8705 46808 13057
184 0 1 654 20 170 30
185 1 2 656 214 2063 321
186 0 1 659 1 10 1
187 0 3 662 151 1431 226
188 1 4 666 10 31 15
189 0 5 670 2655 13232 3982
190 0 5 674 6 18 9
191 1 1 678 1 10 1
192 0 2 681 1 10 1
193 1 1 684 2 17 3
194 0 1 687 1850 19727 2775
195 0 5 689 1 4 1
196 0 3 693 5357 27943 8035
197 1 2 697 349 3445 523
198 0 21 700 2 6 3
199 1 4 705 3 9 4
200 0 3 709 1 5 1
201 1 1 713 2 17 3
202 1 4 716 3 9 4
203 1 1 720 1539 16276 2308
204 0 3 722 11 90 16
205 1 8 726 1 4 1
206 0 8 731 87 334 130
207 1 4 736 77 293 115
208 1 8 740 11 34 16
209 0 1 745 1 11 1
210 1 2 747 1 9 1
211 1 4 750 1 5 1
212 1 6 754 20 67 30
213 1 4 758 33 116 49
214 0 2 762 1 8 1
215 0 2 765 3 25 4
216 0 4 768 2 7 3
217 0 1 772 84 772 126
218 0 1 775 12688 146852 19032
219 0 1 778 1 10 1
220 0 2 781 4537 50304 6805
221 1 5 784 675 3058 1012
222 0 5 788 1 4 1
223 1 2 792 12069 139402 18103
224 0 3 795 1 5 1
225 0 2 799 6 48 9
226 0 2 802 3 25 4
227 1 1 805 41 362 61
228 0 1 807 1 9 1
229 1 1 808 296 2899 444
230 0 1 810 1 9 1
231 0 7 812 1 4 1
232 1 5 816 1 3 1
233 0 2 820 48 428 72
234 1 3 823 1 9 1
235 0 1 827 92388 1156074 138582
236 1 3 830 1 4 1
237 0 8 834 4361 22451 6541
238 0 7 839 369 1597 553
239 1 3 843 950 4411 1425
240 1 2 847 2004 21445 3006
241 1 4 850 17 56 25
242 1 2 854 1 12 1
243 0 2 857 5 41 7
244 1 7 860 1 4 1
245 1 1 865 2 17 3
246 1 10 867 60 223 90
247 0 6 872 4 12 6
248 1 4 876 1 4 1
249 1 3 880 12 38 18
250 1 3 884 19 63 28
251 0 1 888 1 9 1
252 1 3 891 1 9 1
253 1 9 895 48 175 72
254 0 1 900 25743 306568 38614
255 1 1 903 1 10 1
256 1 3 906 136 1282 204
257 0 5 910 7 21 10
258 1 1 914 3 25 4
259 0 14 916 9 27 13
260 1 2 921 1 10 1
261 0 16 924 4 12 6
262 1 3 929 1 4 1
263 0 5 933 64 239 96
264 1 1 937 3 25 4
265 0 6 939 1 4 1
266 1 1 943 3 25 4
267 1 1 946 18 152 27
268 0 12 948 120 474 180
269 1 4 953 1 5 1
270 1 5 957 1 3 1
271 0 1 961 24 206 36
272 0 2 963 1 9 1
273 1 3 966 1 6 1
274 1 2 970 78 714 117
275 1 2 973 1219 12757 1828
276 0 2 976 1 8 1
277 1 1 979 1 9 1
278 0 14 980 5 15 7
279 0 1 985 25 215 37
280 1 3 987 4 13 6
281 1 2 991 1 9 1
282 1 6 994 346 1490 519
283 1 3 998 32831 190968 49246
284 1 5 1002 16 52 24
285 0 1 1006 1 11 1
286 0 5 1008 393 1709 589
287 0 1 1012 1034 10740 1551
288 0 5 1015 1 5 1
289 1 6 1019 42 151 63
290 0 7 1023 46 167 69
291 1 1 1028 457 4570 685
292 0 1 1031 1 9 1
293 1 10 1033 81 310 121
294 1 3 1038 81 309 121
295 0 2 1042 20 170 30
296 0 4 1045 1 4 1
297 1 2 1049 1 10 1
298 1 2 1052 1 11 1
299 0 2 1055 7 56 10
300 0 1 1058 3 25 4
301 0 2 1061 539 5432 808
302 1 1 1064 198 1901 297
303 0 1 1066 1 11 1
304 1 7 1067 3 9 4
305 0 13 1072 304 1296 456
306 1 41 1077 1 4 1
307 1 8 1083 14 45 21
308 0 1 1088 39 344 58
309 0 8 1090 1 4 1
310 0 4 1095 5 15 7
311 1 3 1099 648 2926 972
312 0 1 1103 38 335 57
313 0 2 1104 1 10 1
314 0 9 1107 1 6 1
315 1 4 1112 1 5 1
316 0 1 1116 237 2296 355
317 1 4 1118 1 4 1
318 0 9 1122 1 4 1
319 1 2 1127 27 233 40
320 1 2 1130 65 589 97
321 0 11 1133 1 3 1
322 0 8 1138 589 2641 883
323 0 2 1143 64 580 96
324 1 2 1146 5 40 7
325 1 3 1149 4 12 6
326 1 1 1153 14387 167372 21580
327 1 3 1155 1 4 1
328 1 22 1159 1 3 1
329 1 6 1164 2 7 3
330 1 23 1168 9 27 13
331 0 2 1173 3 25 4
332 0 21 1176 2 7 3
333 1 5 1181 93 360 139
334 1 6 1185 4 12 6
335 1 3 1189 20 67 30
336 0 7 1193 865 3989 1297
337 1 2 1197 61 551 91
338 1 3 1200 1 4 1
339 0 9 1204 1 4 1
340 1 1 1209 1 9 1
341 1 6 1211 3 9 4
342 0 9 1215 3 10 4
343 0 1 1220 3 25 4
344 0 2 1223 35 307 52
345 0 5 1226 3787 19319 5680
346 1 10 1230 25 85 37
347 1 2 1235 1 11 1
348 0 3 1238 1 5 1
349 1 4 1242 34 120 51
350 1 2 1246 1 12 1
351 0 1 1249 124 1163 186
352 0 4 1252 1 6 1
353 1 7 1256 7 21 10
354 0 1 1260 49 437 73
355 0 1 1262 1 10 1
356 0 1 1264 64 580 96
357 0 1 1266 1 8 1
358 1 4 1268 3 10 4
359 1 1 1272 20 170 30
360 1 16 1274 1 4 1
361 1 1 1279 3 25 4
362 1 4 1281 17 56 25
363 1 11 1285 148 595 222
364 0 17 1290 201 829 301
365 0 7 1295 918 4252 1377
366 0 2 1299 1 10 1
367 0 2 1302 29762 356472 44643
368 1 3 1305 13 107 19
369 1 6 1309 2 6 3
370 1 2 1313 1 11 1
371 0 2 1316 395 3923 592
372 1 5 1319 9 27 13
373 0 2 1323 10 81 15
374 1 2 1326 5 40 7
375 0 1 1329 8610543 126215520 12915814
376 0 6 1332 1 3 1
377 1 1 1336 39 344 58
378 0 1 1339 1 10 1
379 1 1 1342 23 197 34
380 0 1 1344 4 33 6
381 0 2 1346 55 494 82
382 1 4 1349 660 2985 990
383 1 5 1353 1 3 1
384 1 6 1357 2 7 3
385 1 3 1361 1 3 1
386 1 3 1365 30 104 45
387 1 1 1369 98 908 147
388 1 2 1371 35412 427056 53118
389 1 4 1374 24 82 36
390 0 3 1378 308 1315 462
391 1 1 1382 1 9 1
392 0 1 1384 6 48 9
393 0 1 1387 1 9 1
394 1 10 1389 1 3 1
395 0 2 1394 243 2357 364
396 0 2 1397 429 4277 643
397 1 8 1400 84 322 126
398 0 3 1405 1 3 1
399 1 1 1409 582 5887 873
400 0 2 1411 9 73 13
401 0 7 1414 40 143 60
402 1 3 1419 10 31 15
403 1 3 1423 21 70 31
404 0 2 1427 34384 414179 51576
405 1 5 1430 2170 10670 3255
406 1 6 1434 111 436 166
407 0 2 1438 2 17 3
408 1 1 1441 1 8 1
409 0 7 1444 15334 85327 23001
410 0 1 1448 2 17 3
411 1 2 1451 13 107 19
412 0 4 1454 1 4 1
413 0 16 1458 1827 8879 2740
414 0 2 1463 569 5749 853
415 0 3 1466 601 2699 901
416 0 8 1470 1 6 1
417 1 6 1475 1 4 1
418 1 2 1479 1 9 1
419 0 21 1482 166 674 249
420 1 5 1487 1 3 1
421 0 1 1491 1 9 1
422 0 5 1494 159 644 238
423 1 1 1498 1 9 1
424 0 1 1500 15 125 22
425 0 2 1503 9 72 13
426 0 5 1506 306161 2007186 459241
427 1 5 1510 1 5 1
428 1 11 1514 5613 29366 8419
429 1 4 1519 1 5 1
430 1 1 1523 2 17 3
431 1 5 1524 1263 5983 1894
432 0 8 1528 1 7 1
433 0 7 1533 1 3 1
434 1 2 1537 10 81 15
435 1 1 1540 1 10 1
436 1 6 1543 6 18 9
437 1 13 1547 1 6 1
438 1 2 1552 2 17 3
439 1 5 1555 191 785 286
440 1 4 1559 8418 45171 12627
441 0 3 1563 1 10 1
442 0 4 1567 21 70 31
443 1 3 1571 1 9 1
444 0 4 1574 671 3038 1006
445 1 3 1578 6 18 9
446 1 5 1582 48 175 72
447 1 13 1586 303 1292 454
448 0 2 1591 5 41 7
449 1 6 1594 105 410 157
450 1 1 1598 1 11 1
451 1 6 1601 75 285 112
452 1 1 1605 123 1153 184
453 0 15 1607 1 5 1
454 1 2 1612 3 25 4
455 1 19 1615 1 5 1
456 1 7 1620 809 3713 1213
457 0 1 1625 1 9 1
458 1 9 1628 10 31 15
459 0 4 1633 252 1059 378
460 1 2 1637 838 8621 1257
461 0 1 1640 144 1361 216
462 0 2 1642 7494 84869 11241
463 1 2 1645 11 90 16
464 0 16 1648 9 27 13
465 1 2 1653 1 10 1
466 1 3 1656 1 3 1
467 0 2 1660 2 17 3
468 1 23 1663 2510 12462 3765
469 1 4 1668 1 4 1
470 1 1 1672 1 10 1
471 1 1 1674 2 17 3
472 0 2 1676 72 657 108
473 1 13 1679 5 15 7
474 0 4 1684 3 10 4
475 0 2 1688 4 33 6
476 0 1 1691 17 143 25
477 0 1 1694 1 9 1
478 0 3 1696 2 6 3
479 1 3 1700 1 9 1
480 1 8 1704 1 4 1
481 0 1 1709 1 11 1
482 0 6 1712 32305 187735 48457
483 0 2 1716 48 428 72
484 1 1 1719 1 9 1
485 0 1 1721 1 9 1
486 1 6 1723 2 6 3
487 1 1 1727 2763 29987 4144
488 0 4 1729 1 4 1
489 0 1 1733 20 169 30
490 1 1 1735 212 2043 318
491 1 4 1738 1 3 1
492 0 6 1742 1 4 1
493 0 8 1746 1 4 1
494 0 2 1751 45 400 67
495 1 1 1754 1 9 1
496 0 1 1756 25 215 37
497 0 7 1758 4 12 6
498 0 2 1762 7 56 10
499 1 3 1765 1 9 1
500 0 1 1769 80 733 120
501 0 5 1772 6664 35243 9996
502 1 3 1776 1 5 1
503 1 14 1780 8 24 12
504 1 5 1785 20 67 30
505 0 1 1789 1 10 1
506 0 1 1792 1 11 1
507 0 2 1795 615 6237 922
508 1 4 1798 69 260 103
509 1 1 1802 172 1640 258
510 1 2 1805 7 56 10
511 0 1 1808 1 9 1
512 1 2 1810 1 9 1
513 0 1 1813 1 10 1
514 0 2 1815 3 25 4
515 0 2 1818 9 73 13
516 1 9 1821 1 6 1
517 1 7 1826 124 491 186
518 0 1 1831 1 10 1
519 1 5 1833 187 767 280
520 1 3 1837 11 34 16
521 1 2 1841 3 25 4
522 0 14 1844 47 171 70
523 0 2 1849 22 188 33
524 0 1 1852 4325 47856 6487
525 1 1 1854 2 17 3
526 0 4 1856 295 1255 442
527 0 2 1860 12 99 18
528 1 2 1863 2 17 3
529 1 2 1866 16 134 24
530 0 10 1869 580 2598 870
531 0 1 1874 8 64 12
532 1 3 1877 57 211 85
533 1 3 1881 2810 14057 4215
534 1 6 1885 68 256 102
535 0 1 1889 1 9 1
536 0 6 1892 2 6 3
537 0 6 1896 267 1127 400
538 0 1 1900 84 772 126
539 1 3 1901 4948 25680 7422
540 0 1 1905 383 3798 574
541 0 5 1908 60 223 90
542 1 1 1912 176 1680 264
543 0 1 1914 950 9830 1425
544 1 1 1916 6484 72987 9726
545 0 2 1918 70533 873591 105799
546 0 3 1921 12 99 18
547 0 3 1924 8881 47813 13321
548 1 7 1928 1 5 1
549 1 16 1933 1 4 1
550 1 2 1938 27 233 40
551 1 3 1941 1 4 1
552 1 1 1945 1 9 1
553 0 9 1948 36 128 54
554 1 3 1953 10 31 15
555 1 1 1957 1 9 1
556 0 3 1960 10 31 15
557 0 3 1964 13 41 19
558 1 3 1968 1 9 1
559 0 6 1972 5 15 7
560 0 1 1976 5 41 7
561 0 67 1978 1395 6655 2092
562 1 1 1984 11 90 16
563 0 9 1987 7 21 10
564 0 3 1992 1 5 1
565 1 4 1996 882 4073 1323
566 0 4 2000 2 7 3
567 1 1 2004 3 25 4
568 0 2 2006 2 17 3
569 1 4 2009 1 5 1
570 1 2 2013 20 170 30
571 1 8 2016 112 440 168
572 0 1 2021 2 17 3
573 0 3 2023 1 4 1
574 1 6 2027 1 4 1
575 0 18 2031 2124 10428 3186
576 0 1 2036 93 860 139
577 0 7 2037 253698 1647450 380547
578 0 2 2041 3 25 4
579 1 1 2044 288 2817 432
580 0 1 2047 14797 172338 22195
581 0 31 2049 37 131 55
582 1 3 2055 1 3 1
583 1 1 2059 8 64 12
584 1 5 2061 3 10 4
585 1 2 2065 1 9 1
586 0 2 2068 1 9 1
587 1 5 2071 12 38 18
588 0 3 2075 1 4 1
589 1 5 2079 9 27 13
590 1 2 2083 58 523 87
591 1 4 2086 1 3 1
592 0 3 2090 3 25 4
593 0 1 2094 10275 117899 15412
594 1 1 2096 371 3673 556
595 0 1 2098 1 9 1
596 1 1 2101 1 11 1
597 0 2 2104 16 134 24
598 1 2 2107 13 108 19
599 1 3 2110 1 10 1
600 1 3 2114 1 9 1
601 1 7 2118 1 5 1
602 1 6 2123 1 4 1
603 0 12 2127 381 1653 571
604 1 1 2132 5 40 7
605 0 11 2134 12 38 18
606 1 9 2139 10 31 15
607 0 4 2144 107 419 160
608 0 2 2148 1 10 1
609 1 4 2151 1 4 1
610 0 6 2155 1 4 1
611 1 3 2159 1 3 1
612 0 31 2163 1 3 1
613 0 1 2169 5 40 7
614 0 1 2171 402314 5314233 603471
615 0 3 2173 10 31 15
616 1 12 2177 1 4 1
617 0 5 2182 11 34 16
618 0 14 2186 13 41 19
619 1 35 2191 1 3 1
620 0 2 2197 1 9 1
621 0 11 2200 1 4 1
622 0 5 2205 2 7 3
623 0 10 2209 1 4 1
624 1 4 2214 1 4 1
625 0 4 2218 5177 26946 7765
626 1 2 2222 1 9 1
627 0 3 2225 10 81 15
628 0 6 2229 2700 13471 4050
629 0 5 2233 1 5 1
630 0 3 2237 159 644 238
631 1 1 2241 1 10 1
632 1 10 2244 27573 158790 41359
633 1 2 2249 109 1016 163
634 0 7 2252 1 4 1
635 1 11 2257 1 5 1
636 0 2 2262 51 456 76
637 1 22 2265 33 116 49
638 1 1 2270 1 9 1
639 0 5 2273 1487 7125 2230
640 1 4 2277 31 108 46
641 0 4 2281 1354 6446 2031
642 0 2 2285 6 48 9
643 1 8 2288 6 18 9
644 0 1 2293 69 628 103
645 0 5 2295 15 48 22
646 1 3 2299 1 5 1
647 0 12 2303 13 41 19
648 1 2 2308 681 6939 1021
649 0 2 2311 1 9 1
650 0 1 2314 3 25 4
651 0 8 2316 6 18 9
652 1 6 2321 4 12 6
653 0 3 2325 2 17 3
654 0 2 2329 9 72 13
655 0 7 2332 7 21 10
656 0 4 2336 2 7 3
657 0 2 2340 4728 52514 7092
658 0 1 2343 85037 1060754 127555
659 0 2 2345 43 381 64
660 0 2 2348 41 363 61
661 0 1 2351 44 391 66
662 1 1 2354 84 772 126
663 0 1 2356 8 64 12
664 0 3 2359 106 986 159
665 0 12 2363 1 4 1
666 0 4 2368 250 1050 375
667 0 5 2372 1 4 1
668 0 21 2376 252 1059 378
669 0 2 2381 2965 32278 4447
670 0 4 2384 1 3 1
671 0 3 2388 1 9 1
672 0 1 2392 1 9 1
673 0 15 2395 6716 35536 10074
674 1 5 2400 3 9 4
675 1 2 2404 1 9 1
676 0 10 2407 1 4 1
677 0 8 2412 2 7 3
678 0 2 2417 9887914 145586516 14831871
679 0 13 2420 2 7 3
680 1 1 2425 1 9 1
681 1 1 2427 1 9 1
682 0 1 2430 39 344 58
683 0 1 2431 417 4152 625
684 0 1 2434 58 523 87
685 1 2 2436 318 3125 477
686 1 1 2439 3866355 55209701 5799532
687 1 3 2442 2742 13695 4113
688 1 1 2446 201 1932 301
689 1 2 2448 1044 10849 1566
690 0 10 2451 30 104 45
691 1 2 2456 10 81 15
692 0 1 2459 1 10 1
693 0 3 2461 21 179 31
694 1 14 2465 1 3 1
695 1 7 2470 1 3 1
696 0 2 2475 1 10 1
697 1 1 2478 183 1751 274
698 0 2 2481 527 5306 790
699 0 7 2484 221 919 331
700 1 4 2488 14 45 21
701 0 1 2492 38 335 57
702 1 2 2494 77 705 115
703 1 2 2497 1 9 1
704 0 1 2500 39 344 58
705 0 2 2503 1164 12156 1746
706 0 2 2506 536 5401 804
707 1 2 2509 144 1361 216
708 1 3 2512 138 1301 207
709 0 2 2515 284 2776 426
710 1 3 2518 1 11 1
711 1 2 2522 4977 55401 7465
712 1 1 2525 18083 212325 27124
713 0 1 2527 5 40 7
714 1 4 2529 1 3 1
715 0 3 2533 1 4 1
716 0 2 2537 163 1550 244
717 1 7 2540 9121 49185 13681
718 1 1 2545 1 9 1
719 1 1 2548 118 1104 177
720 0 8 2550 17270 96780 25905
721 1 2 2555 210 2022 315
722 1 3 2558 1 9 1
723 0 10 2562 1175 5538 1762
724 0 1 2567 2 17 3
725 1 1 2568 11 90 16
726 0 2 2570 2 17 3
727 0 1 2573 1 9 1
728 0 16 2575 8 24 12
729 1 3 2580 14 45 21
730 0 3 2584 4 13 6
731 1 1 2588 4 33 6
732 1 7 2591 5 15 7
733 0 1 2595 20 170 30
734 1 1 2597 59 532 88
735 0 3 2598 1 3 1
736 1 4 2602 617 2776 925
737 1 2 2606 1 9 1
738 0 11 2609 20 67 30
739 0 5 2614 76 289 114
740 1 6 2618 149 600 223
741 0 16 2622 37430 219343 56145
742 1 27 2627 1 5 1
743 1 4 2633 1563 7515 2344
744 0 3 2637 200 825 300
745 0 6 2641 1 4 1
746 1 2 2645 1 9 1
747 1 1 2648 64 580 96
748 1 1 2650 20 170 30
749 0 1 2652 7 56 10
750 1 4 2654 1 4 1
751 0 8 2658 2 7 3
752 0 11 2663 4 12 6
753 1 1 2668 4407 48802 6610
754 1 4 2670 3 9 4
755 1 2 2674 18 152 27
756 1 3 2677 2874 31245 4311
757 0 2 2681 6174 69355 9261
758 1 3 2684 1 4 1
759 1 1 2688 83 763 124
760 1 2 2690 375 3715 562
761 0 3 2693 105 976 157
762 1 14 2696 4 12 6
763 1 3 2701 1902 20306 2853
764 0 4 2705 1 3 1
765 1 11 2709 2762 13801 4143
766 0 9 2714 28 97 42
767 0 2 2719 3 25 4
768 0 12 2722 226 941 339
769 0 3 2727 37 325 55
770 0 1 2731 1 14 1
771 1 7 2734 1 7 1
772 0 3 2738 89 343 133
773 1 2 2742 102 947 153
774 1 1 2745 1 12 1
775 1 1 2747 3 25 4
776 1 2 2749 4 33 6
777 1 5 2752 2 6 3
778 0 4 2756 2 7 3
779 0 3 2760 3 25 4
780 0 2 2764 289 2827 433
781 0 8 2767 1 4 1
782 1 3 2772 1673 8082 2509
783 1 5 2776 14 45 21
784 1 5 2780 1 4 1
785 1 2 2784 670 6822 1005
786 1 6 2787 32 112 48
787 1 1 2791 1 11 1
788 0 2 2793 105 976 157
789 1 1 2796 275 2684 412
790 1 4 2798 15638453 122892686 23457679
791 1 4 2802 115 453 172
792 1 6 2806 1 4 1
793 1 4 2810 10 31 15
794 0 18 2814 89 343 133
795 0 3 2819 1 5 1
796 0 2 2823 1 10 1
797 1 3 2826 1 9 1
798 1 27 2830 2 6 3
799 1 1 2836 1 12 1
800 1 10 2838 2233 11001 3349
801 1 3 2843 8 64 12
802 0 8 2846 1 4 1
803 1 1 2851 1 9 1
804 0 2 2853 1 9 1
805 0 13 2856 153584 971812 230376
806 0 4 2861 2 6 3
807 0 5 2865 2 7 3
808 1 5 2869 1 4 1
809 0 8 2873 1 4 1
810 0 4 2878 1 4 1
811 1 2 2882 2 17 3
812 0 10 2885 27 93 40
813 1 3 2890 1 9 1
814 1 1 2894 7 56 10
815 0 7 2896 1 5 1
816 1 2 2900 236 2286 354
817 1 3 2903 3 10 4
818 0 2 2907 3167 34575 4750
819 1 6 2910 1 3 1
820 1 2 2914 67 609 100
821 0 2 2917 431 4298 646
822 1 4 2920 38 135 57
823 1 5 2924 34419 200743 51628
824 0 1 2928 31 270 46
825 1 1 2931 271 2643 406
826 0 4 2934 5296 27605 7944
827 1 2 2938 1 10 1
828 1 2 2941 2601 28154 3901
829 1 1 2944 2 17 3
830 0 12 2947 1 5 1
831 0 1 2952 1 10 1
832 0 2 2954 21 179 31
833 1 28 2957 6 18 9
834 0 8 2963 69487 421435 104230
835 0 8 2968 65617 396718 98425
836 1 1 2973 2 17 3
837 1 2 2975 1 8 1
838 0 6 2978 1 4 1
839 0 3 2982 55 494 82
840 0 2 2986 57 513 85
841 0 4 2989 79 301 118
842 1 14 2993 1 5 1
843 0 13 2998 1065569 7425874 1598353
844 0 22 3003 705 3204 1057
845 0 4 3008 533 2372 799
846 1 4 3012 1 4 1
847 0 16 3016 2 7 3
848 1 1 3021 1 9 1
849 1 3 3022 473 4738 709
850 1 3 3025 420 1836 630
851 0 2 3029 3 25 4
852 0 1 3032 1 9 1
853 1 1 3033 22 188 33
854 0 1 3035 22230 263190 33345
855 0 8 3037 175 714 262
856 0 2 3042 33 288 49
857 0 3 3045 30 261 45
858 0 1 3049 15 125 22
859 1 1 3052 55 494 82
860 1 1 3055 1769 18825 2653
861 0 3 3057 6 48 9
862 0 1 3061 2084826 29161244 3127239
863 0 1 3063 54 485 81
864 0 2 3065 1528 16155 2292
865 0 6 3068 16 52 24
866 0 2 3072 8 64 12
867 1 5 3075 33 116 49
868 1 30 3079 1 3 1
869 0 4 3085 4 12 6
870 1 2 3089 4584 50848 6876
871 1 2 3092 22 188 33
872 0 20 3095 1 4 1
873 0 5 3100 852 3925 1278
874 0 6 3104 5930 31132 8895
875 1 6 3108 2 6 3
876 1 1 3112 2 17 3
877 1 1 3114 136 1282 204
878 0 3 3116 1 4 1
879 1 2 3120 9770 111871 14655
880 0 4 3123 27 93 40
881 0 11 3127 2731 13636 4096
882 1 9 3132 5 15 7
883 0 4 3137 9 27 13
884 0 3 3141 1 8 1
885 0 3 3145 1 5 1
886 1 5 3149 177 723 265
887 0 6 3153 17 56 25
888 0 2 3157 1 10 1
889 1 1 3160 6 48 9
890 0 1 3163 1 9 1
891 0 1 3165 150 1421 225
892 0 2 3167 1 9 1
893 1 1 3170 4 32 6
894 0 15 3173 653 2951 979
895 1 5 3178 133 530 199
896 1 3 3182 34 298 51
897 1 3 3186 3229 35282 4843
898 0 2 3190 1 10 1
899 0 2 3193 2 17 3
900 1 1 3196 27 233 40
901 0 2 3198 27 233 40
902 0 6 3201 552 2464 828
903 0 2 3205 2866 31154 4299
904 1 17 3208 9 27 13
905 0 1 3213 1 9 1
906 0 4 3215 22 74 33
907 1 79 3219 537 2391 805
908 1 7 3225 18 59 27
909 0 5 3229 1 5 1
910 0 1 3233 50478 617211 75717
911 0 8 3234 14 45 21
912 0 3 3239 345 1486 517
913 1 1 3243 1 10 1
914 1 6 3244 1 6 1
915 0 2 3248 1 9 1
916 0 2 3251 14 116 21
917 1 2 3254 2060 22071 3090
918 0 2 3257 13 108 19
919 1 1 3260 1 9 1
920 1 2 3262 20 170 30
921 0 7 3265 45 163 67
922 1 2 3269 1 10 1
923 1 1 3272 1 11 1
924 1 1 3275 1 9 1
925 0 2 3278 123 1153 184
926 1 2 3281 137 1292 205
927 1 1 3284 2108 22608 3162
928 0 4 3287 40 143 60
929 0 2 3291 1 10 1
930 1 2 3294 3 25 4
931 1 3 3297 83 318 124
932 0 5 3301 104 406 156
933 0 6 3305 2706 13503 4059
934 1 2 3309 1 9 1
935 0 2 3312 5 40 7
936 0 6 3315 49 179 73
937 0 2 3319 2 17 3
938 0 2 3322 1 10 1
939 0 2 3325 1 8 1
940 1 4 3328 2 7 3
941 0 1 3332 41 363 61
942 1 1 3335 1 10 1
943 1 65 3337 1 5 1
944 1 16 3343 78 297 117
945 1 2 3348 1 10 1
946 0 5 3351 244 1022 366
947 0 1 3355 23 197 34
948 0 4 3357 2 6 3
949 0 9 3361 3089 15550 4633
950 1 2 3366 1 8 1
951 0 1 3369 1 9 1
952 1 10 3370 1 5 1
953 1 6 3375 1 3 1
954 1 1 3379 1 11 1
955 1 1 3381 1 8 1
956 0 9 3384 2 6 3
957 1 10 3389 2 6 3
958 1 4 3394 1 3 1
959 0 1 3398 5 41 7
960 0 1 3400 1 9 1
961 1 7 3403 1 3 1
962 1 2 3407 1 9 1
963 1 4 3410 1 4 1
964 0 2 3414 2 17 3
965 0 1 3417 1 10 1
966 1 4 3419 1 4 1
967 0 1 3423 51 457 76
968 1 2 3424 22 188 33
969 1 2 3427 200 1922 300
970 1 4 3430 234 977 351
971 1 2 3434 27 233 40
972 0 2 3437 279 2725 418
973 1 5 3440 70 264 105
974 1 7 3444 10 31 15
975 0 2 3448 1 12 1
976 0 1 3451 8 64 12
977 0 3 3452 435 4340 652
978 1 6 3456 2 7 3
979 1 3 3460 1 4 1
980 1 3 3464 140 561 210
981 0 1 3468 14 116 21
982 0 7 3471 28 97 42
983 1 1 3476 219183 2832259 328774
984 0 1 3479 1 10 1
985 0 11 3482 1 5 1
986 0 33 3487 32 112 48
987 1 5 3493 1 3 1
988 1 2 3497 3 25 4
989 0 2 3500 1 11 1
990 1 7 3503 1746 8459 2619
991 0 2 3507 1179 12320 1768
992 1 1 3510 221 2134 331
993 1 2 3513 1 13 1
994 0 3 3516 5 15 7
995 0 1 3520 3 25 4
996 1 4 3523 19 63 28
997 0 2 3527 2 17 3
998 1 1 3530 1 9 1
999 1 6 3532 9 27 13
1000 1 1 3536 353 3487 529
1001 0 2 3539 17 143 25
1002 0 3 3542 20 67 30
1003 1 3 3546 1 6 1
1004 0 1 3550 4 33 6
1005 0 1 3553 7 56 10
1006 0 4 3556 6 18 9
1007 1 3 3560 311 1329 466
1008 0 5 3564 1 3 1
1009 1 13 3568 6297 33184 9445
1010 1 11 3573 76 289 114
1011 1 5 3578 1 4 1
1012 1 2 3582 1 9 1
1013 1 5 3585 1 5 1
1014 1 1 3589 1 10 1
1015 1 3 3592 1 10 1
1016 0 1 3596 1 12 1
1017 1 1 3598 1 9 1
1018 1 4 3600 11 34 16
1019 0 2 3604 1378 14501 2067
1020 1 2 3607 21653 256089 32479
