0 0 5 5 1 4 1
1 0 2 9 251 2439 376
2 1 3 12 1 5 1
3 0 2 16 46676 568994 70014
4 0 4 20 3 10 4
5 0 11 24 1 3 1
6 1 1 28 1004 10415 1506
7 1 2 30 85 782 127
8 0 1 34 2 17 3
9 0 2 37 27940 333814 41910
10 0 3 41 2986 14998 4479
11 1 2 45 5 40 7
12 1 1 49 42 372 63
13 0 1 52 11 90 16
14 1 1 55 3435 37634 5152
15 1 3 58 1 5 1
16 1 1 62 1 10 1
17 0 1 65 1115 11622 1672
18 1 1 68 3 25 4
19 1 2 71 1 9 1
20 0 2 75 2 17 3
21 0 4 79 481 2124 721
22 1 4 83 483 2134 724
23 0 2 87 30 261 45
24 1 4 91 251 1054 376
25 1 11 95 1 7 1
26 1 4 99 1 3 1
27 1 1 103 29 252 43
28 1 1 106 23 197 34
29 1 2 109 1 11 1
30 0 3 113 105 976 157
31 0 3 117 10 31 15
32 1 9 121 1 4 1
33 0 2 125 16 134 24
34 1 1 128 1 10 1
35 0 1 130 42 372 63
36 1 2 133 2409 25988 3613
37 0 6 137 127 505 190
38 1 1 141 380404 5014743 570606
39 1 2 144 2 17 3
40 1 1 148 4 33 6
41 1 1 151 31 270 46
42 0 8 154 1 4 1
43 1 1 158 15 125 22
44 0 9 160 34 120 51
45 1 2 164 724 7398 1086
46 1 7 168 8 24 12
47 0 2 172 1 10 1
48 0 2 176 128 1202 192
49 0 2 179 1 10 1
50 0 12 183 835 3841 1252
51 0 9 187 1 3 1
52 0 2 191 8648 98525 12972
53 1 3 195 9340 50440 14010
54 1 4 199 4377 22539 6565
55 1 1 203 98 908 147
56 1 6 206 323 1384 484
57 0 3 210 136 1282 204
58 1 2 214 806 8277 1209
59 0 1 218 3 25 4
60 1 11 221 1 5 1
61 1 1 225 1081036 14785021 1621554
62 0 24 227 2 6 3
63 1 2 232 5 40 7
64 0 3 235 777 7966 1165
65 1 9 239 28 97 42
66 1 2 243 6 48 9
67 0 5 247 2144 10533 3216
68 1 1 251 35 307 52
69 0 4 254 2 7 3
70 1 2 258 5 40 7
71 0 2 262 150 1421 225
72 1 2 266 327 3218 490
73 0 2 269 89 820 133
74 0 1 273 1 10 1
75 1 2 276 783 8030 1174
76 1 1 279 1 10 1
77 0 3 282 2 6 3
78 1 3 286 1 3 1
79 1 3 290 433 4319 649
80 1 20 294 2 6 3
81 0 4 299 206 852 309
82 1 14 303 1 6 1
83 1 1 307 1 10 1
84 0 1 310 1 10 1
85 0 2 313 1 11 1
86 1 3 317 90 347 135
87 0 1 321 1 11 1
88 0 1 324 1 10 1
89 0 9 327 834 3836 1251
90 1 10 331 1 3 1
91 1 9 335 32 112 48
92 0 1 339 94 869 141
93 0 7 342 11276 61598 16914
94 1 3 346 53 195 79
95 0 1 350 126 1183 189
96 1 1 353 1 9 1
97 1 2 356 1 10 1
98 1 4 359 1 4 1
99 1 2 363 1 9 1
100 0 7 367 2 6 3
101 1 4 371 2 6 3
102 0 5 375 1 3 1
103 1 1 379 9 72 13
104 1 1 382 22 188 33
105 1 1 385 1 9 1
106 0 4 387 4318 22215 6477
107 1 1 391 1 9 1
108 0 3 394 288 1223 432
109 1 3 398 1 4 1
110 1 4 402 20348 115135 30522
111 1 4 406 11 34 16
112 0 2 410 18 152 27
113 0 5 414 15 48 22
114 1 6 418 1 4 1
115 0 1 422 24 206 36
116 1 5 425 1 5 1
117 1 1 429 2 17 3
118 1 4 431 9 27 13
119 0 2 435 6377324 92574740 9565986
120 0 8 439 1 4 1
121 1 2 443 2 17 3
122 1 2 446 1 9 1
123 1 2 450 2 17 3
124 0 6 453 3 9 4
125 1 1 457 2 17 3
126 1 2 459 1 9 1
127 0 1 462 8 64 12
128 1 4 465 90 347 135
129 0 6 469 150 604 225
130 0 6 473 1 3 1
131 1 6 477 1 3 1
132 1 7 481 8 24 12
133 0 7 485 5 15 7
134 0 14 489 1 4 1
135 1 3 493 555 5601 832
136 1 2 497 2 17 3
137 1 9 501 3 9 4
138 0 2 505 1456 15360 2184
139 0 4 508 4 12 6
140 1 2 512 1 9 1
141 1 5 516 2 6 3
142 1 1 520 1 11 1
143 1 1 523 17 143 25
144 1 2 526 37 325 55
145 1 3 529 58928 724846 88392
146 1 1 533 1 9 1
147 0 1 536 2 17 3
148 1 10 539 1 4 1
149 1 2 543 2413 26033 3619
150 1 5 547 30 104 45
151 1 3 551 59 219 88
152 1 3 555 309 3033 463
153 0 3 559 252 2449 378
154 0 8 563 1619 7803 2428
155 0 4 567 1 4 1
156 0 9 571 1 4 1
157 1 4 575 2 6 3
158 1 5 579 784 3590 1176
159 0 11 583 6 18 9
160 0 11 587 3 10 4
161 0 3 591 11 90 16
162 0 2 595 13 107 19
163 1 1 598 70 637 105
164 0 7 601 1 4 1
165 1 6 605 6 18 9
166 1 2 609 22489 266379 33733
167 1 24 613 1 5 1
168 1 5 618 7 21 10
169 1 2 622 1 11 1
170 1 10 626 3 9 4
171 1 51 630 3 9 4
172 0 10 635 3 10 4
173 0 5 639 11 34 16
174 1 1 643 1 11 1
175 1 3 646 11 34 16
176 1 10 650 8 24 12
177 0 4 654 56 207 84
178 0 5 658 1142 5372 1713
179 1 3 662 1 9 1
180 0 3 666 940 9722 1410
181 1 2 670 1 9 1
182 0 9 674 921 4267 1381
183 1 5 678 55 203 82
184 1 9 682 5 15 7
185 0 1 686 14 116 21
186 0 1 689 48 428 72
187 1 1 692 10 81 15
188 0 4 695 6 18 9
189 0 2 699 10 81 15
190 1 2 702 1 9 1
191 1 1 705 87 801 130
192 1 2 708 83 762 124
193 1 2 711 10 81 15
194 1 2 714 334 3290 501
195 0 4 718 1 3 1
196 0 7 722 351 1514 526
197 1 3 726 321 1375 481
198 1 8 730 2 7 3
199 0 1 734 2 17 3
200 0 1 737 1 11 1
201 0 3 740 4 12 6
202 0 16 744 1 4 1
203 0 2 748 1 10 1
204 0 26 752 580 2598 870
205 1 1 757 359 3549 538
206 1 2 760 40 353 60
207 0 1 764 5 41 7
208 1 1 767 10 81 15
209 0 2 770 14 116 21
210 1 11 773 1 5 1
211 0 3 777 1 4 1
212 0 2 781 419 4173 628
213 1 3 785 3134 15791 4701
214 1 3 789 3583 18213 5374
215 1 6 793 1 4 1
216 0 7 797 10 31 15
217 1 8 801 1 4 1
218 0 16 805 341 1467 511
219 1 2 809 1 9 1
220 0 6 813 1 3 1
221 1 3 817 1 9 1
222 0 3 821 1 10 1
223 0 1 825 237 2296 355
224 1 1 828 47 419 70
225 1 54 831 1 3 1
226 0 2 836 1 11 1
227 0 4 839 4091 20974 6136
228 0 2 843 1 9 1
229 0 4 846 1 4 1
230 1 1 850 1 9 1
231 1 2 853 6 48 9
232 0 9 857 370590 2453017 555885
233 1 10 861 4386 22588 6579
234 1 5 865 28352 163537 42528
235 1 23 869 20 67 30
236 0 5 874 1 4 1
237 0 1 878 26587 317025 39880
238 1 1 881 1 9 1
239 0 2 884 15128 176352 22692
240 0 6 888 1 5 1
241 1 1 892 1 11 1
242 1 22 895 1 4 1
243 1 1 900 41 363 61
244 1 7 903 1 4 1
245 0 2 907 1 10 1
246 1 1 910 82 753 123
247 1 2 913 1729 18381 2593
248 0 1 917 1 9 1
249 1 4 920 1 5 1
250 1 2 924 855 8804 1282
251 1 2 927 1 10 1
252 1 14 930 2 7 3
253 0 1 934 3 25 4
254 1 1 937 10238 117456 15357
255 0 1 940 302 2961 453
256 0 7 943 2 7 3
257 0 7 947 1140 5362 1710
258 0 6 951 1 6 1
259 1 3 955 1 4 1
260 0 4 959 23952 136820 35928
261 1 5 963 235 982 352
262 0 1 967 1 11 1
263 0 12 969 1 3 1
264 0 2 973 4 33 6
265 0 2 976 2246 24155 3369
266 0 7 979 1 4 1
267 1 10 983 19 63 28
268 0 1 987 1 10 1
269 1 4 990 3 10 4
270 1 2 994 42 372 63
271 1 1 997 1 10 1
272 1 4 1000 1 5 1
273 0 3 1004 1 4 1
274 0 2 1008 1 12 1
275 1 2 1012 1280 13425 1920
276 1 2 1015 22714 269151 34071
277 0 4 1018 110 432 165
278 0 1 1022 1 10 1
279 0 49 1025 2 7 3
280 1 3 1030 1 9 1
281 0 11 1034 2 6 3
282 0 1 1038 26 224 39
283 0 5 1041 1 5 1
284 1 6 1045 1 4 1
285 1 7 1049 11792 64592 17688
286 1 18 1053 22 74 33
287 1 1 1058 2 17 3
288 1 2 1061 23602 280102 35403
289 1 1 1064 218 2104 327
290 1 5 1066 655 2960 982
291 0 2 1070 7 56 10
292 1 1 1073 890 9181 1335
293 0 7 1076 10 31 15
294 1 4 1080 1 4 1
295 0 2 1084 3 25 4
296 0 4 1088 1 4 1
297 0 5 1092 35 124 52
298 1 10 1096 52 191 78
299 0 3 1100 1 3 1
300 0 3 1104 2 17 3
301 1 3 1108 41 363 61
302 0 2 1112 52 466 78
303 0 3 1116 1 10 1
304 1 51 1120 4226 21712 6339
305 1 7 1125 13 41 19
306 1 3 1129 6057 31842 9085
307 1 2 1133 1204 12594 1806
308 0 3 1137 40 143 60
309 0 2 1141 850 8750 1275
310 0 4 1144 1 3 1
311 1 3 1148 3 10 4
312 0 7 1152 1 4 1
313 0 1 1156 6604 74395 9906
314 0 6 1159 1 4 1
315 0 2 1163 4 33 6
316 0 4 1167 1 5 1
317 0 5 1171 31065 180126 46597
318 0 2 1175 1 11 1
319 1 1 1179 26347 314050 39520
320 0 4 1182 5 15 7
321 1 5 1186 1 4 1
322 1 2 1190 10 81 15
323 0 4 1194 1 4 1
324 1 11 1198 1 5 1
325 0 5 1202 895 4138 1342
326 1 2 1206 18 152 27
327 1 2 1210 1 11 1
328 0 4 1214 42 151 63
329 1 1 1218 8 64 12
330 0 3 1221 63 235 94
331 1 3 1225 1 3 1
332 1 9 1229 43811 259020 65716
333 0 1 1233 1 11 1
334 0 2 1236 102 947 153
335 0 2 1240 2059 22060 3088
336 0 6 1244 5 15 7
337 1 13 1248 1 4 1
338 1 5 1252 1 6 1
339 1 3 1256 64 240 96
340 0 3 1260 5 15 7
341 1 1 1264 67 608 100
342 0 9 1267 48 175 72
343 1 2 1271 1 10 1
344 0 1 1275 1 10 1
345 0 20 1278 1 4 1
346 0 7 1283 6 18 9
347 0 3 1287 546 2435 819
348 1 2 1291 2 17 3
349 1 7 1295 3 9 4
350 0 4 1299 2 6 3
351 0 3 1303 4 12 6
352 0 3 1307 15 48 22
353 1 3 1311 45 400 67
354 0 2 1315 1 13 1
355 1 2 1319 2 17 3
356 0 6 1323 1 3 1
357 0 3 1327 5908 31009 8862
358 1 8 1331 6 18 9
359 0 4 1335 2 6 3
360 1 3 1339 3262 35658 4893
361 1 5 1343 9471 51191 14206
362 1 3 1347 134 535 201
363 1 2 1351 1 9 1
364 0 21 1355 1 4 1
365 1 7 1360 5 15 7
366 0 2 1364 1 10 1
367 0 9 1367 1 5 1
368 0 2 1371 12 99 18
369 0 2 1375 2 17 3
370 1 70 1379 3 9 4
371 1 2 1384 1 9 1
372 1 1 1387 1 9 1
373 1 3 1390 1 10 1
374 1 1 1394 7728 87632 11592
375 0 3 1397 1 9 1
376 0 7 1401 25 85 37
377 0 3 1405 23 78 34
378 1 7 1409 935 4336 1402
379 1 2 1413 1 11 1
380 1 2 1417 7093 80144 10639
381 1 7 1420 1 3 1
382 1 5 1424 82966 508055 124449
383 1 1 1428 25 215 37
384 1 2 1431 6 48 9
385 1 1 1435 1 9 1
386 1 2 1438 1 9 1
387 1 7 1442 1 3 1
388 1 2 1446 1 12 1
389 1 21 1449 1 4 1
390 0 1 1454 2 17 3
391 0 3 1457 80 733 120
392 0 1 1461 118 1104 177
393 0 8 1463 1 3 1
394 0 2 1467 9 72 13
395 1 2 1471 1 9 1
396 0 2 1475 183 1751 274
397 1 1 1479 83 763 124
398 1 11 1482 1994 9748 2991
399 1 5 1486 94 364 141
400 1 3 1490 2200 10827 3300
401 0 2 1494 1 9 1
402 0 7 1497 1 5 1
403 1 3 1501 4 12 6
404 0 11 1505 3 9 4
405 0 8 1509 42196 248947 63294
406 1 3 1513 1 4 1
407 0 2 1517 2 17 3
408 0 3 1521 49 179 73
409 1 2 1525 1 9 1
410 1 3 1529 1 4 1
411 0 11 1533 127 504 190
412 1 2 1537 9 72 13
413 1 13 1541 1 5 1
414 1 4 1545 2 6 3
415 1 2 1549 20088 236867 30132
416 1 3 1553 1 9 1
417 0 5 1557 1 3 1
418 1 1 1561 2 17 3
419 0 3 1564 349 3445 523
420 0 1 1568 1 11 1
421 0 7 1571 1218 5756 1827
422 0 2 1575 1 9 1
423 1 3 1579 1 5 1
424 1 2 1583 1 9 1
425 1 2 1587 440 4392 660
426 0 3 1590 1 3 1
427 0 9 1594 7 21 10
428 0 4 1598 2 6 3
429 0 3 1602 15 125 22
430 0 3 1606 8 24 12
431 0 1 1610 1 9 1
432 0 2 1613 1 8 1
433 1 6 1617 301 1282 451
434 0 4 1621 1 4 1
435 0 4 1625 27 93 40
436 0 3 1629 1 4 1
437 0 1 1633 391 3881 586
438 1 11 1636 291 1237 436
439 1 5 1640 2 7 3
440 0 13 1644 2 6 3
441 0 5 1648 186 763 279
442 1 2 1652 1 8 1
443 0 1 1656 1 9 1
444 1 3 1659 102107 632286 153160
445 0 3 1663 2 7 3
446 1 2 1667 1 9 1
447 1 1 1670 1 10 1
448 1 2 1672 332 3270 498
449 1 15 1675 87 335 130
450 0 3 1679 41 147 61
451 0 2 1683 418 4163 627
452 1 3 1686 5577 29166 8365
453 0 26 1690 5 15 7
454 0 1 1695 1452 15316 2178
455 1 1 1698 10525 120887 15787
456 1 2 1700 1 9 1
457 0 2 1704 234 2266 351
458 0 1 1708 3 25 4
459 1 5 1711 1 4 1
460 1 8 1715 3 10 4
461 1 3 1719 3 10 4
462 1 4 1723 8 24 12
463 1 4 1727 76 289 114
464 0 2 1731 2 17 3
465 1 15 1735 1 3 1
466 0 4 1739 1 4 1
467 0 13 1743 527 2344 790
468 0 4 1747 157 635 235
469 0 6 1751 1 3 1
470 0 10 1755 7 21 10
471 0 20 1759 89 343 133
472 0 2 1764 1 11 1
473 0 3 1767 1 5 1
474 1 1 1771 866 8923 1299
475 1 1 1774 5 40 7
476 1 2 1777 39 344 58
477 1 4 1781 1 4 1
478 1 2 1785 1497 15812 2245
479 1 3 1788 422 1846 633
480 0 2 1792 3 25 4
481 0 3 1796 1 11 1
482 1 3 1800 5 15 7
483 0 18 1804 1 5 1
484 0 6 1809 2 7 3
485 0 5 1813 16 52 24
486 1 3 1817 107 419 160
487 0 3 1821 1 5 1
488 0 13 1825 1 4 1
489 0 37 1829 1 4 1
490 1 5 1834 45 163 67
491 0 1 1838 31328 375988 46992
492 1 1 1841 312 3064 468
493 1 18 1844 1 4 1
494 1 1 1849 189 1811 283
495 0 6 1852 18 59 27
496 1 3 1856 1 11 1
497 1 15 1860 8011 42855 12016
498 0 1 1864 19 161 28
499 0 2 1867 2 17 3
500 1 2 1870 1 10 1
501 1 2 1873 11 90 16
502 1 1 1877 133150 1689157 199725
503 0 4 1880 1 4 1
504 0 4 1884 59570 358252 89355
505 0 3 1888 1 6 1
506 1 3 1892 90 347 135
507 0 2 1896 1 10 1
508 1 20 1900 2 7 3
509 1 2 1905 11 90 16
510 1 6 1908 4 12 6
511 1 3 1912 6 18 9
512 0 2 1916 16 134 24
513 1 8 1919 13 41 19
514 0 6 1923 2 7 3
515 1 2 1927 9 73 13
516 0 3 1930 1 11 1
517 0 6 1934 669 3028 1003
518 0 13 1938 5 15 7
519 1 1 1942 1 11 1
520 0 5 1945 1 4 1
521 0 1 1949 1 9 1
522 0 3 1952 1 4 1
523 0 2 1956 1 9 1
524 1 28 1959 2 6 3
525 0 2 1964 535085 7140210 802627
526 0 6 1968 17 56 25
527 0 5 1972 105 410 157
528 1 4 1976 1 4 1
529 1 1 1980 3 25 4
530 1 6 1983 52670 314608 79005
531 1 1 1987 1 9 1
532 0 4 1990 13 41 19
533 1 2 1994 1 10 1
534 0 3 1998 585 2622 877
535 0 4 2002 2 7 3
536 1 5 2006 1 4 1
537 0 2 2010 9 73 13
538 0 16 2013 1 4 1
539 0 3 2018 1 5 1
540 1 11 2022 3041 15292 4561
541 0 2 2026 64 580 96
542 1 3 2029 907 9365 1360
543 1 9 2033 1 4 1
544 0 4 2037 1 4 1
545 1 1 2041 80 734 120
546 0 6 2044 3 10 4
547 0 1 2048 1 11 1
548 1 7 2050 21537 122267 32305
549 0 2 2054 1 9 1
550 1 5 2058 16473 92056 24709
551 0 2 2062 25472 303213 38208
552 1 1 2066 7 56 10
553 1 4 2069 7 21 10
554 0 4 2073 1 3 1
555 1 1 2077 10 81 15
556 1 6 2080 1 3 1
557 1 7 2084 2 7 3
558 0 2 2088 9 73 13
559 0 3 2092 2 7 3
560 1 4 2096 6920 36683 10380
561 1 6 2100 2 6 3
562 0 1 2104 1 10 1
563 0 2 2107 1 10 1
564 1 2 2110 5 41 7
565 0 1 2114 1 11 1
566 0 27 2117 4838 25073 7257
567 1 1 2122 10 81 15
568 0 2 2125 1 8 1
569 1 3 2128 1 3 1
570 0 2 2132 2614 28301 3921
571 1 2 2136 832 8557 1248
572 0 1 2140 2 17 3
573 1 9 2143 1 6 1
574 1 5 2147 1 5 1
575 1 1 2151 118 1104 177
576 1 3 2154 1 3 1
577 0 7 2158 4 12 6
578 1 1 2162 2 17 3
579 1 26 2165 5 15 7
580 0 8 2170 1 4 1
581 1 7 2174 1425 6808 2137
582 1 3 2178 200 1922 300
583 0 1 2182 1 9 1
584 1 6 2185 6 18 9
585 1 8 2189 7813 41731 11719
586 0 5 2193 2 7 3
587 0 2 2197 1 11 1
588 0 9 2200 11302 61749 16953
589 0 1 2204 48 428 72
590 1 1 2207 17106 200404 25659
591 0 26 2210 957 4446 1435
592 0 1 2215 1 12 1
593 1 5 2218 16 52 24
594 0 8 2222 32 112 48
595 0 1 2226 1 9 1
596 0 1 2229 1 9 1
597 0 1 2232 2080 22294 3120
598 0 3 2235 17 55 25
599 0 1 2239 1 10 1
600 1 3 2242 1001 4665 1501
601 1 3 2246 1 3 1
602 1 2 2250 1 10 1
603 1 14 2253 7 21 10
604 1 1 2257 17702 207673 26553
605 1 3 2260 3608 18348 5412
606 1 2 2264 25 215 37
607 1 8 2267 5992 31478 8988
608 0 6 2271 1 4 1
609 1 12 2275 29 100 43
610 0 2 2279 3252 35544 4878
611 1 2 2282 5460 61016 8190
612 0 3 2286 5785 30323 8677
613 0 5 2290 1 3 1
614 1 10 2294 4 13 6
615 1 1 2298 1 9 1
616 0 3 2301 490 2167 735
617 0 4 2305 1 3 1
618 1 1 2309 167 1590 250
619 0 1 2312 235 2276 352
620 0 12 2315 1 4 1
621 1 2 2319 726 7420 1089
622 0 2 2322 1 9 1
623 0 4 2326 17 56 25
624 0 4 2330 9 27 13
625 0 5 2334 18 59 27
626 1 3 2338 107003 1346388 160504
627 1 2 2342 14 116 21
628 0 2 2346 1 9 1
629 1 5 2350 1 3 1
630 1 1 2354 4 32 6
631 1 2 2357 226 2185 339
632 0 3 2361 422 1846 633
633 0 2 2365 1 11 1
634 0 1 2369 22 188 33
635 0 9 2372 3 9 4
636 1 13 2376 8 24 12
637 0 6 2380 2 7 3
638 1 1 2384 17 143 25
639 0 1 2387 3389532 48189870 5084298
640 0 9 2390 1 6 1
641 1 3 2394 52746 646039 79119
642 0 5 2398 16 52 24
643 1 26 2402 4644 24005 6966
644 1 2 2407 192 1841 288
645 1 3 2411 421 1841 631
646 0 13 2415 1 3 1
647 0 10 2419 5 15 7
648 0 3 2423 8 64 12
649 0 3 2427 1 4 1
650 0 2 2431 25 215 37
651 1 6 2435 5 15 7
652 1 16 2439 1 4 1
653 1 2 2444 9 73 13
654 1 33 2448 1 3 1
655 0 3 2453 1 5 1
656 0 1 2457 1048 10893 1572
657 0 1 2460 1 10 1
658 1 20 2463 1632 7870 2448
659 0 2 2468 5050 56248 7575
660 0 4 2472 1 5 1
661 0 2 2476 14302 166343 21453
662 0 3 2480 10 31 15
663 1 5 2484 1 4 1
664 0 5 2488 13 41 19
665 0 5 2492 1 4 1
666 1 6 2496 70 264 105
667 1 4 2500 11 34 16
668 1 3 2504 53 195 79
669 1 2 2508 1 9 1
670 1 2 2512 4465 49472 6697
671 0 1 2516 1 12 1
672 0 1 2519 8 64 12
673 0 2 2521 1 10 1
674 0 7 2524 1 4 1
675 1 3 2528 55 203 82
676 0 1 2532 2 17 3
677 1 1 2535 1570 16619 2355
678 0 2 2537 156 1480 234
679 1 3 2541 3 9 4
680 0 11 2545 3 9 4
681 1 9 2549 16965 94971 25447
682 1 1 2553 79 724 118
683 0 13 2556 4 12 6
684 0 3 2560 1 9 1
685 0 8 2564 393 1710 589
686 1 1 2568 1 10 1
687 0 4 2571 3 9 4
688 1 11 2575 3 10 4
689 1 3 2579 3 25 4
690 0 3 2583 177 723 265
691 1 4 2587 20 67 30
692 0 2 2591 1 9 1
693 1 2 2594 2684 29092 4026
694 0 23 2598 210 869 315
695 0 4 2603 1 4 1
696 1 2 2607 1 10 1
697 1 4 2611 49 179 73
698 0 7 2615 1 3 1
699 1 2 2619 20 170 30
700 0 10 2622 1 4 1
701 0 1 2626 147 1391 220
702 0 3 2629 1 4 1
703 1 5 2633 1 3 1
704 0 2 2637 1 10 1
705 1 3 2641 2 7 3
706 1 17 2645 3 9 4
707 0 2 2650 26 224 39
708 1 10 2653 4 12 6
709 0 1 2657 1 10 1
710 1 2 2660 1 10 1
711 0 2 2664 1 10 1
712 0 3 2668 1 9 1
713 0 286 2672 20 67 30
714 0 15 2677 18 59 27
715 1 9 2681 802 3679 1203
716 0 15 2685 402 1752 603
717 1 2 2689 109 1016 163
718 0 7 2693 1 4 1
719 1 6 2697 27 93 40
720 1 2 2701 9 73 13
721 0 20 2705 1 3 1
722 0 2 2710 4787 53198 7180
723 1 3 2713 239 1000 358
724 0 4 2717 1 4 1
725 1 4 2721 1 6 1
726 1 3 2725 4 12 6
727 1 6 2729 1 5 1
728 0 1 2733 1 9 1
729 0 3 2736 1 9 1
730 0 2 2740 3 25 4
731 0 1 2743 3 25 4
732 1 6 2746 77 293 115
733 0 8 2750 5 15 7
734 0 2 2754 147 1390 220
735 0 2 2758 3 25 4
736 1 3 2762 20 67 30
737 1 4 2766 52 191 78
738 1 4 2770 1 5 1
739 0 2 2774 1 9 1
740 0 14 2778 1 3 1
741 0 3 2782 1 6 1
742 1 18 2786 6 18 9
743 1 4 2791 171 696 256
744 1 4 2795 1 4 1
745 1 2 2799 26469 315562 39703
746 1 2 2802 875 9020 1312
747 1 5 2805 2 7 3
748 1 3 2809 4450 22939 6675
749 1 2 2813 109 1016 163
750 1 1 2816 3 25 4
751 0 1 2819 1 9 1
752 0 3 2822 44 159 66
753 0 5 2826 1 3 1
754 0 2 2830 1 9 1
755 1 2 2833 3 25 4
756 0 2 2837 134 1262 201
757 0 2 2841 1 9 1
758 1 1 2845 408 4058 612
759 1 5 2848 1 5 1
760 1 4 2852 1341 6380 2011
761 1 3 2856 18 152 27
762 0 2 2860 596 6035 894
763 1 9 2863 46 167 69
764 0 4 2867 158 639 237
765 1 1 2871 1 11 1
766 1 1 2874 1 9 1
767 0 8 2877 1 4 1
768 1 2 2881 22 188 33
769 1 7 2885 5 15 7
770 1 1 2889 547243 7308263 820864
771 0 4 2892 1 4 1
772 1 9 2896 9 27 13
773 1 3 2900 1 4 1
774 0 2 2904 1 10 1
775 1 2 2908 1 8 1
776 1 2 2912 1 12 1
777 0 2 2916 2 17 3
778 0 1 2919 202 1941 303
779 0 11 2922 258 1086 387
780 1 9 2926 1 3 1
781 0 1 2930 58 523 87
782 1 8 2933 1 4 1
783 0 2 2937 116 1084 174
784 1 2 2941 61 551 91
785 0 2 2945 4 33 6
786 0 2 2949 1722630 23939576 2583945
787 0 3 2952 1 4 1
788 1 4 2956 9 27 13
789 1 11 2960 50 183 75
790 1 1 2964 88 811 132
791 0 4 2967 1 4 1
792 1 2 2971 1 9 1
793 1 1 2974 22 188 33
794 1 4 2977 6 18 9
795 0 2 2981 2 17 3
796 0 12 2984 1 4 1
797 0 2 2988 2 17 3
798 0 2 2992 1246 13053 1869
799 1 1 2996 17 143 25
800 0 2 2998 1 9 1
801 1 3 3002 3 25 4
802 1 2 3006 9 73 13
803 0 24 3009 1 4 1
804 0 7 3014 177 723 265
805 1 6 3018 24 81 36
806 0 3 3022 895 4138 1342
807 0 1 3026 20983 247853 31474
808 0 2 3029 4 33 6
809 0 4 3033 589 2641 883
810 0 1 3037 481 4822 721
811 0 6 3040 175 714 262
812 0 3 3044 1774 18881 2661
813 0 22 3048 1 4 1
814 1 3 3053 1 9 1
815 1 3 3057 2 17 3
816 0 1 3061 1 11 1
817 0 13 3064 1 7 1
818 1 1 3068 3 25 4
819 1 1 3071 78 714 117
820 0 3 3074 21 70 31
821 0 3 3078 114 1064 171
822 0 1 3082 61 551 91
823 1 18 3085 3 10 4
824 1 3 3090 1 9 1
825 1 1 3094 1 9 1
826 0 2 3097 30 261 45
827 0 2 3100 627 6364 940
828 0 14 3103 1 4 1
829 0 3 3107 180 736 270
830 1 3 3111 80 734 120
831 1 11 3115 521 2315 781
832 1 1 3119 18 152 27
833 1 4 3122 187 767 280
834 0 1 3126 1 10 1
835 0 5 3129 918 4252 1377
836 1 8 3133 15 48 22
837 0 3 3137 14 116 21
838 1 1 3141 60 542 90
839 1 9 3144 1 3 1
840 1 6 3148 1 4 1
841 0 21 3152 105 410 157
842 0 3 3157 6 18 9
843 1 5 3161 1 3 1
844 1 90 3165 1 4 1
845 1 1 3170 7 56 10
846 0 2 3173 1 9 1
847 1 4 3177 171465 1091208 257197
848 1 2 3181 164 1560 246
849 0 2 3185 1 11 1
850 1 3 3189 5 15 7
851 1 2 3193 264 2571 396
852 0 3 3197 2523 27273 3784
853 0 8 3201 4508 23257 6762
854 0 2 3205 1 9 1
855 0 9 3209 1 4 1
856 0 1 3213 5 40 7
857 1 2 3216 60 542 90
858 1 37 3220 1 4 1
859 1 1 3225 35 307 52
860 0 2 3227 42 372 63
861 1 7 3230 64 239 96
862 1 5 3234 28 97 42
863 1 1 3238 323 3177 484
864 1 2 3241 1 9 1
865 0 3 3245 573 2564 859
866 0 3 3249 1 11 1
867 1 7 3253 1 4 1
868 0 6 3257 2 6 3
869 1 2 3261 1 9 1
870 0 3 3265 1 3 1
871 1 1 3269 1 10 1
872 0 1 3272 1 12 1
873 0 4 3275 2 6 3
874 1 3 3279 2 7 3
875 1 2 3283 25 215 37
876 0 18 3286 12478 68583 18717
877 0 1 3291 3 25 4
878 0 1 3294 287 2806 430
879 0 4 3297 20 67 30
880 0 1 3301 3 25 4
881 1 10 3304 68 256 102
882 0 4 3308 9 27 13
883 1 1 3312 17 143 25
884 1 7 3315 94 364 141
885 0 3 3319 1 3 1
886 1 9 3323 1 4 1
887 1 6 3327 1 3 1
888 0 1 3331 74 676 111
889 1 2 3334 3 25 4
890 0 4 3338 40 143 60
891 0 2 3342 1 10 1
892 1 1 3345 5418 60528 8127
893 0 1 3348 37 325 55
894 1 5 3351 33 116 49
895 0 1 3355 89 821 133
896 1 2 3358 1 9 1
897 1 5 3361 1 3 1
898 0 7 3365 7 21 10
899 0 2 3369 1 9 1
900 0 1 3373 45 400 67
901 1 1 3376 83 763 124
902 1 11 3378 3563 18104 5344
903 0 2 3382 1 10 1
904 0 6 3385 499 2210 748
905 1 2 3389 1920 20507 2880
906 0 6 3393 237 991 355
907 0 5 3397 1 4 1
908 1 6 3401 3 9 4
909 1 4 3405 45 163 67
910 1 1 3409 1 9 1
911 0 10 3412 12140 66615 18210
912 1 6 3416 52 191 78
913 1 1 3420 1 9 1
914 1 37 3423 3 9 4
915 1 10 3428 7 21 10
916 1 3 3432 154 622 231
917 0 8 3436 203 838 304
918 0 5 3440 37 132 55
919 1 5 3444 1 5 1
920 0 10 3448 1 5 1
921 0 2 3452 76 695 114
922 0 2 3456 62 561 93
923 0 1 3460 32 279 48
924 0 1 3463 2 17 3
925 1 2 3466 169 1610 253
926 0 9 3469 1 4 1
927 1 2 3473 655 6662 982
928 1 2 3477 148 1401 222
929 0 17 3481 1 4 1
930 0 2 3486 1 9 1
931 0 2 3489 1441 15195 2161
932 0 3 3493 1 5 1
933 1 3 3497 281 1191 421
934 0 3 3501 1 4 1
935 1 5 3505 1 4 1
936 0 1 3509 1 12 1
937 0 8 3512 1 4 1
938 0 5 3516 1 4 1
939 1 6 3520 1254 5938 1881
940 0 7 3524 1 4 1
941 1 8 3528 22 74 33
942 0 1 3532 1 9 1
943 0 3 3535 1 4 1
944 1 1 3539 48 428 72
945 1 4 3542 1 4 1
946 0 2 3546 5 41 7
947 1 1 3549 760 7784 1140
948 1 5 3552 13425 74114 20137
949 1 4 3556 1 4 1
950 1 3 3560 108 423 162
951 1 4 3564 14 45 21
952 1 3 3568 4135 21215 6202
953 0 1 3572 126753 1605052 190129
954 0 3 3575 1 4 1
955 0 2 3579 1 10 1
956 1 1 3583 1 9 1
957 1 4 3586 498 2206 747
958 0 2 3590 1 9 1
959 0 2 3593 44 391 66
960 1 4 3597 19 63 28
961 1 10 3601 1 4 1
962 1 1 3605 53 475 79
963 1 7 3608 63 235 94
