0 0 6 5 1 3 1
1 1 1 22 85 782 127
2 1 3 35 8 64 12
3 1 20 50 1 3 1
4 1 2 68 1074980 14699339 1612470
5 0 3 83 45 400 67
6 0 2 98 11 90 16
7 0 1 113 81 743 121
8 1 9 124 1 4 1
9 0 4 141 2 6 3
10 1 2 157 73 666 109
11 1 2 172 11578 133503 17367
12 1 1 186 40 353 60
13 0 6 199 2 6 3
14 1 5 216 131 522 196
15 0 48 232 38 135 57
16 0 1 251 1 10 1
17 1 2 264 1 11 1
18 0 12 278 1 4 1
19 1 8 296 8 24 12
20 1 5 313 18 59 27
21 0 1 329 1 9 1
22 1 3 340 1 4 1
23 1 4 356 9 27 13
24 1 9 372 8 24 12
25 0 3 389 1 11 1
26 0 2 404 1 13 1
27 1 11 418 109 427 163
28 0 8 436 19 63 28
29 1 3 453 1 10 1
30 0 3 468 43 381 64
31 0 5 483 16 52 24
32 1 3 499 25 85 37
33 1 3 514 1 11 1
34 1 2 529 1706 18126 2559
35 0 8 544 1184 5584 1776
36 0 1 561 1 8 1
37 1 2 573 2300 24762 3450
38 0 2 587 84 772 126
39 0 6 602 1054 4930 1581
40 0 2 618 42 372 63
41 1 2 632 224 2164 336
42 1 4 646 2402 11891 3603
43 0 1 662 30 261 45
44 0 1 675 1350 14194 2025
45 0 8 687 624 2810 936
46 0 2 704 7534 85341 11301
47 1 1 718 5 40 7
48 0 2 731 7 56 10
49 0 1 745 1 10 1
50 1 1 758 1 11 1
51 1 2 771 6 48 9
52 1 2 786 70 637 105
53 1 1 800 6 48 9
54 0 2 809 1 9 1
55 0 2 823 1 9 1
56 0 2 837 384 3808 576
57 1 3 851 105 410 157
58 1 3 866 241 1009 361
59 1 8 881 6 18 9
60 1 4 898 7 21 10
61 1 3 914 38 135 57
62 0 1 929 1 10 1
63 0 3 940 2153 10580 3229
64 0 7 955 43 155 64
65 1 6 972 63 235 94
66 1 1 988 168 1600 252
67 1 2 1001 1 9 1
68 1 1 1015 5 41 7
69 0 3 1027 5 15 7
70 0 3 1042 94574 583239 141861
71 0 1 1057 7 56 10
72 1 4 1067 27 93 40
73 0 2 1083 1 9 1
74 1 1 1097 1 9 1
75 0 1 1110 3350 36662 5025
76 1 29 1123 14 45 21
77 1 5 1142 298 1269 447
78 0 2 1158 1 10 1
79 0 6 1172 1 5 1
80 1 9 1188 1 4 1
81 1 6 1205 71 268 106
82 1 2 1222 1 11 1
83 1 3 1236 4 12 6
84 0 2 1251 2 17 3
85 1 9 1265 110 432 165
86 1 4 1282 5 15 7
87 0 2 1298 1 8 1
88 1 31 1312 97 376 145
89 1 4 1331 1414 6752 2121
90 0 17 1347 9 27 13
91 0 1 1365 75476 937231 113214
92 1 2 1378 1 11 1
93 0 1 1393 1 9 1
94 1 4 1405 1 3 1
95 1 4 1421 24 82 36
96 1 6 1437 1 4 1
97 0 2 1454 399 3965 598
98 1 6 1468 2 7 3
99 1 3 1484 1 4 1
100 1 4 1499 3 10 4
101 0 1 1515 20 170 30
102 1 3 1527 8 24 12
103 1 18 1543 1 4 1
104 1 2 1561 1 9 1
105 1 1 1575 1 9 1
106 1 3 1588 5 41 7
107 0 2 1603 16 134 24
108 1 1 1617 404 4017 606
109 1 6 1628 2 6 3
110 1 4 1644 1 4 1
111 0 4 1660 2992 15030 4488
112 1 10 1676 1 4 1
113 0 2 1693 1596 16906 2394
114 0 12 1707 2026 9916 3039
115 1 1 1725 2980 32448 4470
116 0 5 1738 31561 183168 47341
117 1 2 1754 34717 418349 52075
118 0 4 1768 188 772 282
119 1 7 1784 1 3 1
120 0 8 1801 1184 5584 1776
121 0 1 1818 1 9 1
122 0 3 1831 36400 439445 54600
123 1 7 1846 26 89 39
124 1 5 1863 7 21 10
125 0 7 1879 562 2511 843
126 0 5 1896 993 4625 1489
127 0 1 1912 3 25 4
128 0 1 1924 22 188 33
129 0 4 1937 112 440 168
130 0 4 1953 1 4 1
131 0 2 1969 2143 23000 3214
132 1 4 1983 2766 13822 4149
133 0 2 1999 6 48 9
134 1 49 2013 1 3 1
135 1 4 2032 1 4 1
136 1 4 2048 14 45 21
137 1 1 2064 10 81 15
138 0 2 2073 3 25 4
139 0 2 2087 3 25 4
140 0 3 2101 625 6343 937
141 0 2 2116 130 1222 195
142 1 1 2131 1 10 1
143 0 5 2141 3 9 4
144 0 1 2157 12 99 18
145 1 5 2170 18 59 27
146 1 1 2186 3 25 4
147 0 24 2198 1 4 1
148 1 1 2216 394 3912 591
149 0 4 2229 7 21 10
150 1 2 2245 4 33 6
151 0 3 2259 1 8 1
152 0 3 2274 2 6 3
153 1 1 2289 5683 63616 8524
154 0 1 2301 1 9 1
155 1 1 2312 513 5158 769
156 1 1 2321 1 9 1
157 0 3 2334 567 2535 850
158 0 5 2349 852 3925 1278
159 1 30 2365 1 4 1
160 0 2 2384 1 11 1
161 1 1 2398 368 3642 552
162 0 4 2410 156 630 234
163 1 2 2426 2 17 3
164 1 1 2440 34 297 51
165 1 3 2453 4 12 6
166 0 1 2468 1 9 1
167 1 8 2480 6 18 9
168 1 4 2497 17 56 25
169 0 6 2513 108 423 162
170 0 1 2530 112 1045 168
171 1 2 2541 1 9 1
172 0 7 2555 1 5 1
173 1 8 2572 1 3 1
174 1 1 2589 15 125 22
175 0 27 2600 2 7 3
176 0 1 2619 42 372 63
177 0 2 2632 951 9841 1426
178 0 6 2646 2 7 3
179 1 3 2663 1246 5897 1869
180 0 2 2678 1 9 1
181 0 1 2692 51 457 76
182 1 4 2704 3 9 4
183 1 10 2720 1 4 1
184 1 1 2737 1 11 1
185 1 3 2749 313 3074 469
186 1 4 2764 60925 366854 91387
187 1 13 2780 6964 36931 10446
188 0 1 2798 11 90 16
189 1 1 2809 118965 1502866 178447
190 0 3 2819 2 7 3
191 1 2 2834 4 33 6
192 0 1 2848 18 152 27
193 1 10 2861 1 4 1
194 1 5 2878 3 10 4
195 1 2 2894 710 7249 1065
196 0 4 2908 1 4 1
197 0 1 2924 95 879 142
198 0 8 2937 1 4 1
199 0 1 2954 90 830 135
200 0 1 2967 1 9 1
201 0 6 2978 23 78 34
202 1 2 2995 32 279 48
203 1 4 3009 800 3669 1200
204 0 4 3025 3 9 4
205 0 2 3041 1 10 1
206 0 1 3055 1 10 1
207 0 4 3067 1 4 1
208 1 1 3083 17 143 25
209 0 4 3094 2 7 3
210 1 17 3110 6 18 9
211 1 3 3128 15112 84019 22668
212 1 2 3143 13211 153158 19816
213 0 1 3157 5325 59445 7987
214 1 1 3169 591 5982 886
215 1 6 3182 304 1296 456
216 1 5 3198 2321 11464 3481
217 0 3 3214 18 59 27
218 0 1 3229 13546 157202 20319
219 0 1 3242 14 116 21
220 0 2 3253 551 5559 826
221 1 12 3267 89 343 133
222 0 2 3285 1 9 1
223 0 1 3299 1 9 1
224 0 4 3312 2 6 3
225 1 1 3328 2 17 3
226 1 1 3341 1 10 1
227 0 1 3352 3 25 4
228 0 14 3365 1 3 1
229 0 1 3383 1 9 1
230 1 8 3396 1 4 1
231 0 2 3413 374 3705 561
232 0 3 3427 374 1620 561
233 1 7 3442 1 3 1
234 1 4 3459 5 15 7
235 1 2 3475 1 8 1
236 0 2 3489 1 9 1
237 1 2 3504 76 695 114
238 0 17 3519 284 1205 426
239 0 6 3537 3 10 4
240 0 3 3554 1 10 1
241 1 2 3569 1 10 1
242 1 16 3583 4 12 6
243 1 4 3601 35 124 52
244 1 7 3617 1 4 1
