0 0 5 5 1 11 1
1 0 2 13 58 523 87
2 1 4 20 1 11 1
3 1 4 28 1 10 1
4 0 1 36 10 81 15
5 0 1 41 11 90 16
6 0 6 46 2 17 3
7 1 12 55 1 3 1
8 1 5 65 1 9 1
9 0 8 73 4 13 6
10 1 13 82 1 4 1
11 1 4 92 34 298 51
12 0 1 100 1 9 1
13 0 1 105 430 4288 645
14 0 9 110 943 4376 1414
15 0 2 119 15 125 22
16 0 7 125 32 112 48
17 0 10 134 808 3708 1212
18 0 5 144 45 400 67
19 0 1 152 1 10 1
20 0 1 158 123 1153 184
21 1 2 163 186 1781 279
22 0 2 170 1 12 1
23 0 1 177 23 197 34
24 1 2 182 1 9 1
25 0 6 189 58850 723849 88275
26 1 2 198 1 10 1
27 0 1 204 1 10 1
28 0 4 210 1 9 1
29 0 3 218 2 17 3
30 1 3 225 36 316 54
31 1 2 232 93 860 139
32 0 5 239 1 9 1
33 0 4 247 1 9 1
34 0 2 255 8 64 12
35 0 1 261 1625 17228 2437
36 0 7 264 2 6 3
37 0 1 273 6165 69249 9247
38 1 9 278 179 732 268
39 1 5 287 36 316 54
40 1 17 295 1982 9686 2973
41 1 20 305 95 368 142
42 1 2 316 11 90 16
43 0 30 323 30 104 45
44 1 10 334 27 93 40
45 0 7 344 129 513 193
46 1 14 353 13 41 19
47 1 20 363 1 4 1
48 1 2 374 2794 30338 4191
49 0 1 380 56 504 84
50 0 5 385 1 12 1
51 1 5 393 1 9 1
52 1 1 401 27 233 40
53 0 13 406 13 41 19
54 1 1 416 743 7601 1114
55 0 6 420 1 10 1
56 0 3 429 4 33 6
57 1 1 436 1 9 1
58 1 17 441 1 5 1
59 0 7 451 1 4 1
60 0 3 460 1 9 1
61 1 2 467 2 17 3
62 1 1 473 1 9 1
63 1 2 478 13432 155825 20148
64 0 2 484 4283 47371 6424
65 1 2 490 4 33 6
66 0 9 497 60 223 90
67 0 12 506 1096 5141 1644
68 1 27 516 1 6 1
69 0 10 527 1 3 1
70 1 1 537 8818 100542 13227
71 1 9 540 57 211 85
72 0 2 549 3 25 4
73 1 1 555 1 9 1
74 1 1 559 2 17 3
75 0 1 563 1 10 1
76 0 2 567 1 10 1
77 0 1 573 1 9 1
78 0 3 578 30 260 45
79 1 8 585 1 4 1
80 0 14 594 4 12 6
81 0 1 604 4 33 6
82 0 1 609 5 40 7
83 1 2 615 1 11 1
84 1 4 622 733 7495 1099
85 0 3 630 9870 113064 14805
86 0 1 637 2842 30882 4263
87 1 2 641 1 10 1
88 0 2 647 1 11 1
89 1 4 653 5 41 7
90 0 1 661 214 2063 321
91 1 38 667 1 3 1
92 0 3 678 59 532 88
93 0 13 686 820 3767 1230
94 0 5 696 3 25 4
95 0 4 704 168 1600 252
96 1 9 712 1 4 1
97 0 4 721 2 17 3
98 1 3 729 20 170 30
99 1 2 737 2 17 3
100 0 1 743 1 11 1
101 1 3 749 130 1222 195
102 0 1 756 31 270 46
103 1 18 760 76 289 114
104 1 2 770 2 17 3
105 1 1 777 126191 1597670 189286
106 0 4 783 454 4539 681
107 0 3 791 1 9 1
108 1 2 798 929 9603 1393
109 0 2 804 1 10 1
110 0 3 811 63 570 94
111 0 9 819 68 256 102
112 1 3 828 1 10 1
113 0 6 836 470 4706 705
114 1 6 845 43 381 64
115 1 4 854 1003 10404 1504
116 0 2 862 68 618 102
117 1 9 868 1 3 1
118 0 7 877 616 2771 924
119 0 8 886 1 4 1
120 0 3 895 1 10 1
121 1 5 902 1 9 1
122 1 2 911 1 9 1
123 1 2 918 2 17 3
124 1 6 924 1405 14798 2107
125 0 20 933 16 52 24
126 1 1 944 265 2582 397
127 0 5 947 1 10 1
128 1 1 955 73662 913858 110493
129 0 50 959 92 355 138
130 1 2 971 4 33 6
131 1 4 978 3451 37816 5176
132 0 5 986 49 437 73
133 1 3 994 586 5929 879
134 0 1 1001 1 9 1
135 0 5 1007 1 9 1
136 0 12 1015 3453 17510 5179
137 1 8 1025 1697 8206 2545
138 0 2 1034 11528 132903 17292
139 1 1 1041 1 9 1
140 1 10 1046 1 4 1
141 1 14 1056 1 4 1
142 0 4 1066 1066 11088 1599
143 1 1 1074 20 170 30
144 1 7 1079 526 2339 789
145 0 4 1088 869 8955 1303
146 1 2 1096 21 179 31
147 1 10 1102 11 34 16
148 1 5 1112 4 33 6
149 0 2 1120 1 9 1
150 1 36 1127 2 6 3
151 0 1 1138 1755 18670 2632
152 1 2 1143 9 73 13
153 0 1 1149 1 8 1
154 1 3 1154 421 4194 631
155 1 2 1161 1 9 1
156 1 1 1168 12 98 18
157 0 4 1173 1980 21176 2970
158 0 2 1181 1 9 1
159 1 4 1187 1 9 1
160 0 1 1195 15 125 22
161 0 1 1201 8 64 12
162 1 1 1206 1 9 1
163 1 1 1210 795 8159 1192
164 1 7 1215 3 9 4
165 0 1 1224 70 637 105
166 1 5 1228 2169 23291 3253
167 1 2 1236 1 9 1
168 0 2 1242 1 9 1
169 1 1 1249 35441 427419 53161
170 0 1 1254 5 40 7
171 1 7 1260 35 124 52
172 1 1 1269 41 362 61
173 0 1 1273 135 1272 202
174 1 9 1279 1898 9248 2847
175 1 1 1288 175 1670 262
176 1 2 1293 12 99 18
177 1 5 1299 8 64 12
178 0 5 1307 2 17 3
179 1 3 1315 328 3228 492
180 1 9 1323 146094 922000 219141
181 0 4 1332 19 161 28
182 0 1 1340 10 81 15
183 1 2 1345 1 8 1
184 0 1 1352 11 90 16
185 0 1 1356 1 9 1
186 0 1 1361 42 372 63
187 0 61 1365 2 6 3
188 0 2 1377 4150 45838 6225
189 0 5 1383 1 9 1
190 0 2 1391 3 25 4
191 1 3 1398 28 242 42
192 0 3 1405 3 25 4
193 0 1 1412 1 10 1
194 0 9 1418 949 4406 1423
195 1 1 1427 1 10 1
196 0 2 1432 4 33 6
197 0 1 1438 1 9 1
198 1 5 1443 739 7559 1108
199 1 7 1451 1 5 1
200 1 2 1460 1 9 1
201 1 2 1466 1 10 1
202 0 2 1473 2 17 3
203 1 3 1479 3 25 4
204 1 4 1487 1 9 1
205 0 5 1495 709 7238 1063
206 0 1 1503 216 2083 324
207 0 2 1508 670 6822 1005
208 1 2 1515 1 13 1
209 0 2 1521 1 9 1
210 1 1 1527 17 143 25
211 0 2 1531 1 10 1
212 0 1 1537 1 9 1
213 0 9 1542 12 38 18
214 0 4 1551 1258 13184 1887
215 0 14 1559 1 6 1
216 1 3 1569 1 10 1
217 0 1 1577 2 17 3
218 1 2 1582 1 10 1
219 1 18 1589 1 6 1
220 0 1 1599 1 8 1
221 1 5 1605 1 10 1
222 0 3 1613 1 9 1
223 1 1 1620 1 10 1
224 0 5 1625 22 188 33
225 0 6 1633 7 56 10
226 0 1 1642 64 580 96
227 1 2 1645 220 2124 330
228 0 4 1652 1 11 1
229 1 2 1660 11 90 16
230 0 4 1666 10 81 15
231 1 1 1674 1413 14887 2119
232 1 2 1678 13 107 19
233 1 4 1684 1 9 1
234 0 3 1692 36 316 54
235 0 2 1699 3 25 4
236 0 3 1705 404 4017 606
237 0 1 1713 173 1650 259
238 0 2 1716 1 11 1
239 0 1 1722 7 56 10
240 0 2 1727 2 17 3
241 1 2 1733 18 152 27
242 0 1 1740 8 64 12
243 0 2 1743 4 32 6
244 1 4 1750 1 9 1
245 1 1 1758 117052 1477802 175578
246 1 2 1763 1 9 1
247 0 3 1770 1 8 1
248 0 6 1777 1 5 1
249 1 1 1786 1 10 1
250 0 2 1789 1 9 1
251 1 17 1796 1 4 1
252 1 2 1806 1 8 1
253 0 15 1813 1 4 1
254 0 1 1823 1 11 1
255 0 6 1828 1 9 1
256 1 2 1837 1 9 1
257 0 4 1843 198 1901 297
258 0 6 1851 16 134 24
259 0 1 1860 359 3549 538
260 1 3 1865 292 2858 438
261 0 8 1872 1 3 1
262 0 2 1881 1 9 1
263 0 4 1887 135 1272 202
264 0 4 1895 1 9 1
265 0 13 1903 1 4 1
266 0 2 1913 1 10 1
267 0 4 1920 233 2256 349
268 1 4 1928 1 9 1
269 1 6 1936 12 38 18
270 0 1 1945 1 11 1
271 0 9 1950 3 10 4
272 0 12 1959 185 758 277
273 1 5 1969 123 1153 184
274 0 4 1977 7 56 10
275 0 2 1985 212 2043 318
276 1 2 1991 18 152 27
277 0 2 1997 2 17 3
278 1 3 2003 72 657 108
279 0 3 2010 1 12 1
280 0 2 2017 7 56 10
281 1 7 2024 3 9 4
282 0 10 2033 1 4 1
283 0 2 2043 4 33 6
284 0 3 2050 1 10 1
285 1 3 2057 1 9 1
286 1 7 2065 1 3 1
287 0 4 2074 1474 15559 2211
288 0 3 2082 1 8 1
289 1 3 2089 124 1163 186
290 0 4 2097 1 9 1
291 1 7 2105 1 5 1
292 1 4 2114 2092 22429 3138
293 1 6 2122 74 676 111
294 0 9 2131 1 3 1
295 0 1 2140 15 125 22
296 0 1 2145 341 3363 511
297 0 3 2148 1 11 1
298 1 2 2155 61 551 91
299 0 1 2161 1 9 1
300 0 6 2166 42 372 63
301 1 3 2175 2090 22406 3135
302 1 3 2182 68 618 102
303 0 1 2189 10 81 15
304 1 2 2194 13 107 19
305 1 10 2201 9 27 13
306 1 1 2210 10 81 15
307 0 5 2215 3126 34109 4689
308 0 1 2224 65 590 97
309 0 2 2230 44 390 66
310 1 8 2236 10 31 15
311 0 1 2245 1 11 1
312 1 5 2247 25 215 37
313 0 3 2255 260 2531 390
314 0 11 2262 13 41 19
315 1 2 2272 632 6417 948
316 1 2 2278 3 25 4
317 1 25 2285 3 10 4
318 0 8 2296 1 4 1
319 0 13 2305 13 41 19
320 1 3 2315 46 409 69
321 0 2 2322 297 2909 445
322 1 8 2329 144 578 216
323 1 5 2338 3 25 4
324 1 17 2346 682 3091 1023
325 1 1 2356 4 33 6
326 1 4 2362 1 9 1
327 0 3 2370 1 9 1
328 0 25 2378 1 3 1
329 0 1 2389 4 33 6
330 1 4 2394 50 447 75
331 0 5 2402 1405 14799 2107
332 0 3 2411 1 9 1
333 0 6 2419 1 11 1
334 1 5 2428 5229 58328 7843
335 1 4 2436 5 40 7
336 1 28 2444 6 18 9
337 1 1 2455 15 125 22
338 1 8 2457 59 219 88
339 0 9 2466 3 10 4
340 1 5 2475 1 8 1
341 0 2 2484 6860 77403 10290
342 0 2 2490 1 8 1
343 0 1 2497 1 11 1
344 1 1 2502 401 3985 601
345 0 4 2507 1 10 1
346 1 1 2515 1 9 1
347 0 1 2518 1 9 1
348 0 6 2522 1 11 1
349 1 2 2531 1 10 1
350 1 6 2537 1 9 1
351 1 5 2546 1 11 1
352 1 5 2554 3 25 4
353 0 2 2562 1 9 1
354 0 13 2568 7 21 10
355 0 2 2578 1 11 1
356 0 5 2585 1 10 1
357 1 3 2593 1 10 1
358 0 1 2600 575 5813 862
359 0 2 2606 1 11 1
360 0 3 2612 102 947 153
361 1 1 2619 216 2083 324
362 0 36 2623 5 15 7
363 1 1 2634 34 298 51
364 1 1 2639 12 98 18
365 1 9 2645 35 124 52
366 1 1 2654 1 12 1
367 1 8 2659 3 10 4
368 1 2 2668 120 1124 180
369 1 1 2674 1 8 1
370 1 3 2677 43 381 64
371 1 4 2684 2642 28617 3963
372 1 3 2692 9 72 13
373 1 41 2699 43851 259270 65776
374 0 8 2711 10 31 15
375 0 3 2720 29 252 43
376 1 5 2727 1 10 1
377 1 4 2735 1 9 1
378 0 4 2743 1 10 1
379 1 1 2751 1955 20897 2932
380 1 5 2757 9 72 13
381 1 1 2765 1 10 1
382 1 3 2770 1 9 1
383 1 4 2778 76 695 114
384 0 1 2786 17 143 25
385 1 2 2792 64 580 96
386 1 13 2799 1 6 1
387 1 2 2809 11397 131331 17095
388 0 2 2815 363 3590 544
389 0 4 2822 2 17 3
390 1 1 2830 91028 1138417 136542
391 1 8 2834 33 116 49
392 1 2 2843 1 8 1
393 1 7 2849 1 4 1
394 1 2 2858 8 64 12
395 0 1 2865 20 170 30
396 0 1 2871 1 10 1
397 0 2 2875 1 10 1
398 0 1 2882 56 504 84
399 1 2 2885 1 9 1
400 1 9 2891 15 48 22
401 0 33 2900 1 5 1
402 1 3 2911 47 419 70
403 1 1 2918 6 48 9
404 1 1 2924 18181 213523 27271
405 0 1 2929 1 9 1
406 0 3 2935 34 297 51
407 0 5 2942 1 10 1
408 0 2 2950 4 32 6
409 1 1 2957 1 9 1
410 0 17 2962 185 758 277
411 0 26 2972 5 15 7
412 1 2 2983 1 10 1
413 0 1 2990 2 17 3
414 1 8 2995 27 93 40
415 1 7 3004 2 7 3
416 1 11 3013 32 112 48
417 0 2 3023 38 335 57
418 1 2 3030 7 56 10
419 0 1 3036 8 64 12
420 1 1 3041 173 1650 259
421 0 4 3046 1 11 1
422 1 1 3054 1 11 1
423 0 3 3059 1 9 1
424 1 6 3066 11 90 16
425 0 5 3075 1 8 1
426 0 12 3083 5 15 7
427 0 4 3093 6 48 9
428 0 2 3101 92 849 138
429 0 1 3108 1 9 1
430 0 4 3114 180 1720 270
431 0 4 3122 1 9 1
432 0 23 3130 381 1653 571
433 1 1 3141 15 125 22
434 1 1 3145 3 25 4
435 0 3 3151 5 40 7
436 1 4 3158 1 9 1
437 1 1 3166 182 1740 273
438 0 1 3169 32 279 48
439 1 5 3173 2 17 3
440 1 3 3181 2 17 3
441 1 2 3189 1 9 1
442 0 14 3195 1 3 1
443 1 8 3205 39282 230824 58923
444 1 3 3214 39 344 58
445 1 5 3222 1 12 1
446 1 2 3230 10 81 15
447 0 4 3237 38 335 57
448 0 2 3245 1 10 1
449 1 17 3251 62065 374100 93097
450 0 5 3261 1 9 1
451 1 6 3269 1 13 1
452 1 1 3278 5 40 7
453 0 2 3281 1 12 1
454 1 4 3287 1 9 1
455 1 3 3295 286 2797 429
456 0 1 3303 1 11 1
457 1 49 3307 57 211 85
458 1 18 3319 59 219 88
459 0 2 3329 26 224 39
460 0 3 3335 1 9 1
461 1 4 3343 1581 16740 2371
462 1 4 3351 1639 17383 2458
463 0 9 3359 3 9 4
464 1 2 3368 1 10 1
465 1 23 3374 1 3 1
466 0 3 3385 1 8 1
467 1 5 3392 3644 40025 5466
468 0 4 3400 29173 349141 43759
469 0 4 3408 8 64 12
470 1 2 3416 1 9 1
471 0 4 3423 3 25 4
472 0 2 3431 1 9 1
473 0 1 3437 1 11 1
474 1 3 3443 1 9 1
475 1 1 3451 31 270 46
476 1 2 3454 7 56 10
477 1 1 3460 3 25 4
478 1 4 3464 1 11 1
479 1 3 3472 1 9 1
480 1 1 3479 1 10 1
481 0 5 3484 6 48 9
482 1 2 3492 15 125 22
483 1 1 3499 1 9 1
484 1 3 3505 23 197 34
485 1 2 3512 28 242 42
486 1 2 3518 1 9 1
487 1 1 3525 940 9722 1410
488 0 2 3528 117504 1483722 176256
489 1 1 3534 3315 36263 4972
490 1 5 3537 209 2012 313
491 1 4 3545 2 17 3
492 1 1 3553 47 419 70
493 0 1 3557 67 608 100
494 1 4 3561 14 116 21
495 0 2 3569 27444 327656 41166
496 0 3 3576 1 10 1
497 0 6 3583 1 3 1
498 1 7 3592 47579 282597 71368
499 0 2 3601 1 11 1
500 1 2 3607 1 10 1
