0 0 5 5 1 10 1
1 1 2 9 187 1790 280
2 1 3 12 9 73 13
3 0 1 16 184 1760 276
4 1 1 18 19 161 28
5 1 10 19 1 5 1
6 1 19 24 18 59 27
7 0 5 29 1 10 1
8 1 3 33 5 40 7
9 0 4 37 6081 68266 9121
10 0 1 41 65 589 97
11 0 1 43 15 125 22
12 0 2 44 1 10 1
13 1 8 47 19 63 28
14 0 9 52 1 4 1
15 1 1 57 1 9 1
16 1 3 60 19 161 28
17 0 2 64 9 72 13
18 0 1 67 348 3435 522
19 1 2 69 1 9 1
20 1 7 72 1 3 1
21 1 2 76 69 628 103
22 1 12 79 1 4 1
23 1 1 84 7 56 10
24 1 5 86 2 17 3
25 1 4 90 19 161 28
26 0 1 94 397 3944 595
27 1 2 96 58 523 87
28 0 1 99 9701 111048 14551
29 1 5 102 161 1530 241
30 1 7 106 1 4 1
31 1 1 110 1 9 1
32 0 1 113 21 179 31
33 0 1 115 1 11 1
34 1 8 118 1 3 1
35 0 3 123 1 9 1
36 1 9 127 24 81 36
37 1 1 132 14349 166912 21523
38 1 1 135 1 12 1
39 1 8 136 275 1164 412
40 0 1 141 1 10 1
41 0 2 144 5 41 7
42 1 2 147 53 475 79
43 0 2 150 46 410 69
44 0 7 153 1 4 1
45 0 4 157 141428 1798208 212142
46 1 3 161 52082 637594 78123
47 1 5 165 7 56 10
48 0 5 169 12 99 18
49 0 6 173 1 10 1
50 0 9 177 755 3448 1132
51 0 1 182 10 81 15
52 1 3 184 3 25 4
53 0 2 188 2187 23493 3280
54 1 4 191 5 40 7
55 0 3 195 24 206 36
56 1 8 198 6 18 9
57 0 3 203 1 9 1
58 0 1 207 12 98 18
59 0 1 210 1 12 1
60 0 3 213 961 9949 1441
61 1 2 217 17905 210152 26857
62 1 2 220 1 10 1
63 0 3 223 711334 9587888 1067001
64 1 3 227 1 9 1
65 1 7 231 1 3 1
66 1 1 235 1 11 1
67 1 3 238 115 1074 172
68 0 6 242 1 12 1
69 1 1 246 1 12 1
70 0 3 247 15 125 22
71 0 1 251 1 10 1
72 0 4 254 4 33 6
73 0 1 258 2 17 3
74 1 3 260 3 25 4
75 0 10 264 2 7 3
76 1 3 269 9 73 13
77 0 4 273 1 9 1
78 0 2 277 6 48 9
79 0 2 280 3270 35750 4905
80 1 3 283 543 5475 814
81 0 3 287 20 170 30
82 1 7 290 2 6 3
83 0 5 295 3491 38274 5236
84 1 5 299 1 8 1
85 0 2 303 538 5422 807
86 1 3 306 44 391 66
87 0 3 310 4 32 6
88 0 3 314 32 279 48
89 1 6 318 7 56 10
90 0 5 322 39232 475025 58848
91 0 13 326 104 406 156
92 1 5 331 185 1771 277
93 1 10 335 1 4 1
94 0 2 340 95 879 142
95 1 17 343 26 89 39
96 0 3 348 2 17 3
97 0 1 352 51 457 76
98 0 1 355 1 10 1
99 1 2 358 1 9 1
100 0 1 361 6847 77250 10270
101 0 1 363 21819 258131 32728
102 1 3 365 9490 108534 14235
103 0 1 369 26 224 39
104 1 4 372 1 9 1
105 1 1 376 615 6237 922
106 1 1 379 32 279 48
107 1 1 380 607 6152 910
108 0 40 382 1 4 1
109 1 6 388 48 428 72
110 1 1 392 77 704 115
111 1 4 394 1 10 1
112 0 1 398 1 9 1
113 0 3 400 14 116 21
114 0 2 404 1 10 1
115 1 2 407 17 143 25
116 1 6 410 8 64 12
117 0 1 414 1 9 1
118 1 2 416 41 362 61
119 0 5 419 1 11 1
120 0 1 423 1844 19660 2766
121 0 2 425 19 161 28
122 1 5 428 17 143 25
123 1 1 432 282 2755 423
124 1 5 434 579 5855 868
125 1 5 438 4354 48191 6531
126 1 2 442 1100 11459 1650
127 0 2 445 1 12 1
128 1 2 448 2 17 3
129 1 3 451 1 9 1
130 0 9 454 16 52 24
131 0 1 459 26 224 39
132 1 5 461 87 801 130
133 1 2 465 1 8 1
134 1 2 468 24 206 36
135 1 1 471 788 8084 1182
136 0 6 474 1400 14743 2100
137 0 2 478 1 9 1
138 1 2 481 3 25 4
139 1 5 484 42 372 63
140 0 9 488 1 4 1
141 1 2 493 11 90 16
142 1 9 496 1 5 1
143 1 2 501 225 2174 337
144 0 3 504 5 41 7
145 1 14 508 416 1817 624
146 1 2 513 1 9 1
147 1 5 516 1 9 1
148 0 1 520 209 2012 313
149 0 2 523 4828 53673 7242
150 0 2 526 1 10 1
151 0 1 529 6 48 9
152 1 2 531 1 9 1
153 0 2 534 1 9 1
154 0 3 537 3 25 4
155 1 3 541 12 98 18
156 1 22 545 1 3 1
157 1 1 550 291 2848 436
158 1 4 553 5 40 7
159 0 9 557 2840 14217 4260
160 0 2 562 2 17 3
161 0 1 565 1 10 1
162 1 1 567 4 33 6
163 1 6 570 1160 12112 1740
164 0 2 574 203 1952 304
165 1 1 577 259 2520 388
166 0 2 580 9 73 13
167 0 4 583 38 334 57
168 0 5 587 816 8385 1224
169 1 1 591 40 353 60
170 1 13 593 123403 771900 185104
171 0 2 598 1 14 1
172 0 4 601 64 580 96
173 0 2 605 2 17 3
174 0 9 608 438 1921 657
175 1 10 613 31 108 46
176 1 3 618 1 10 1
177 1 1 622 1 9 1
178 0 6 624 9 27 13
179 0 4 628 3 25 4
180 0 2 632 5 40 7
181 0 2 635 175 1670 262
182 0 10 638 1618 7798 2427
183 0 1 643 2 17 3
184 0 8 645 1 4 1
185 1 3 650 1 11 1
186 0 9 654 2 7 3
187 1 1 659 1 11 1
188 1 7 661 1 4 1
189 1 5 666 4214 46576 6321
190 0 12 670 88 339 132
191 1 6 675 11 90 16
192 0 12 679 1 4 1
193 0 2 684 480 4811 720
194 1 20 687 1 3 1
195 1 8 692 592 2656 888
196 1 5 697 574 5802 861
197 0 1 701 8865 101101 13297
198 1 3 704 4 33 6
199 1 1 708 3227 35259 4840
200 1 4 711 64997 802512 97495
201 0 8 715 1 4 1
202 1 3 720 22 188 33
203 1 1 724 3 25 4
204 0 2 727 21 179 31
205 1 2 730 1 9 1
206 1 2 733 1 9 1
207 0 1 736 1 10 1
208 0 1 738 5 41 7
209 1 2 741 7 56 10
210 1 3 744 58 523 87
211 1 3 748 30776 369105 46164
212 1 1 752 32 279 48
213 1 5 754 1 9 1
214 1 1 758 1 10 1
215 0 2 761 1 10 1
216 0 6 764 1 9 1
217 1 4 768 1 9 1
218 0 2 772 1 10 1
219 0 20 775 12 38 18
220 1 3 780 1 10 1
221 1 1 784 32 279 48
222 0 56 786 2 6 3
223 0 16 792 2 7 3
224 1 1 797 452 4518 678
225 0 3 800 21 179 31
226 0 4 804 324 3187 486
227 1 4 808 1728 18370 2592
228 1 3 812 6 48 9
229 1 5 816 1142 11916 1713
230 1 4 820 279 2725 418
231 1 2 824 14 116 21
232 0 1 827 42 372 63
233 1 2 829 6 48 9
234 1 5 832 1 12 1
235 1 2 836 22 188 33
236 1 4 839 6 48 9
237 0 1 843 7 56 10
238 0 7 846 362236 2394985 543354
239 0 12 850 36 127 54
240 1 2 855 1566 16575 2349
241 0 2 858 44 391 66
242 1 3 861 1 10 1
243 0 1 865 1 8 1
244 0 2 868 1 12 1
245 0 3 871 1 9 1
246 1 1 875 1 9 1
247 1 6 877 1 12 1
248 0 2 881 2 17 3
249 1 10 884 1 4 1
250 0 4 889 1 9 1
251 1 5 893 1 9 1
252 1 37 897 2 6 3
253 0 3 903 21 178 31
254 1 3 907 1 12 1
255 1 2 910 2 17 3
256 1 2 913 6 48 9
257 1 8 916 1 3 1
258 1 4 921 1 9 1
259 1 4 925 20 170 30
260 0 6 929 8 64 12
261 0 6 933 1 12 1
262 1 8 937 1 5 1
263 1 3 942 2 17 3
264 0 28 946 2 7 3
265 0 4 952 1 10 1
266 1 1 956 3 25 4
267 1 17 958 35 123 52
268 1 6 963 2 17 3
269 1 2 967 1 9 1
270 1 9 970 30 104 45
271 1 86 975 287 1218 430
272 0 6 981 163 1550 244
273 1 8 985 8 24 12
274 1 1 990 2001 21411 3001
275 0 2 992 444 4434 666
276 1 2 995 16701 195470 25051
277 0 2 998 4 33 6
278 0 3 1001 2 17 3
279 1 1 1005 98 908 147
280 0 1 1008 1 9 1
281 0 2 1010 1 9 1
282 1 1 1013 20 170 30
283 1 3 1015 4 33 6
284 0 1 1019 137 1292 205
285 1 21 1022 1 4 1
286 1 4 1027 1 11 1
287 1 3 1031 12 98 18
288 1 124 1035 1 5 1
289 1 3 1041 2 17 3
290 0 2 1045 70 637 105
291 1 3 1048 3 25 4
292 1 1 1052 1605 17006 2407
293 1 2 1055 10 81 15
294 0 7 1058 1 5 1
295 1 4 1062 8494 96698 12741
296 1 1 1066 96 889 144
297 0 1 1069 25141 299117 37711
298 1 4 1071 1 10 1
299 1 3 1075 3 25 4
300 1 3 1079 14 116 21
301 1 4 1083 2 17 3
302 1 1 1087 2 17 3
303 0 6 1089 4 33 6
304 1 4 1093 1 9 1
305 0 8 1097 46 167 69
306 1 5 1102 9841 112718 14761
307 0 5 1106 14511 168873 21766
308 1 8 1110 49 179 73
309 0 1 1115 1 9 1
310 0 4 1118 1 9 1
311 1 3 1122 230 2225 345
312 0 3 1126 1 10 1
313 0 17 1130 389 1691 583
314 1 9 1135 883 4078 1324
315 0 2 1140 1 10 1
316 0 3 1143 1 11 1
317 0 4 1147 63 570 94
318 0 36 1151 13 41 19
319 1 7 1157 3 10 4
320 1 4 1161 455 4549 682
321 1 3 1165 2472 26698 3708
322 1 4 1169 1 14 1
323 1 7 1173 4 12 6
324 1 5 1177 17 143 25
325 0 1 1181 6 48 9
326 0 4 1183 36 316 54
327 1 10 1187 181 740 271
328 1 2 1192 141 1331 211
329 1 1 1195 772 7912 1158
330 1 1 1197 1 9 1
331 1 3 1199 20 170 30
332 1 2 1203 1 10 1
333 1 2 1206 1 9 1
334 0 2 1209 6 48 9
335 1 3 1212 1 12 1
336 0 22 1216 208 860 312
337 0 6 1221 205 1972 307
338 1 5 1225 1 10 1
339 0 1 1229 1 10 1
340 0 5 1231 59 532 88
341 0 5 1235 1 9 1
342 1 1 1239 1 10 1
343 1 22 1241 10 31 15
344 0 1 1246 1 10 1
345 1 5 1248 2 17 3
346 1 2 1252 615 6237 922
347 0 6 1255 9 73 13
348 0 5 1259 129 1212 193
349 1 3 1263 1 10 1
350 0 5 1267 1 12 1
351 0 3 1271 166 1580 249
352 0 1 1275 64 580 96
353 1 4 1277 3 25 4
354 1 2 1281 17 143 25
355 0 19 1284 150 604 225
356 0 1 1289 1 9 1
357 0 6 1291 15 125 22
358 0 1 1295 1 9 1
359 1 3 1298 65 590 97
360 1 3 1302 325 3197 487
361 0 2 1306 1 8 1
362 1 2 1309 3 25 4
363 1 1 1312 1 9 1
364 0 2 1314 1 10 1
365 0 2 1317 2 17 3
366 1 7 1320 1 6 1
367 1 3 1325 17 143 25
368 0 2 1329 1 11 1
369 1 13 1332 14 45 21
370 0 1 1337 29 251 43
371 0 3 1338 1 11 1
372 0 21 1342 377 1635 565
373 0 1 1347 2414 26045 3621
374 1 11 1349 1 4 1
375 0 1 1354 1 9 1
376 0 1 1356 13 107 19
377 0 10 1359 320 1370 480
378 0 12 1364 513 2277 769
379 0 5 1369 310 3043 465
380 0 7 1373 1 3 1
381 1 1 1378 36 316 54
382 0 2 1381 1 9 1
383 0 2 1384 973 10079 1459
384 0 2 1387 1 9 1
385 1 8 1390 1 5 1
386 1 5 1395 7 56 10
387 0 1 1399 561 5665 841
388 0 5 1402 11 90 16
389 0 2 1406 2 17 3
390 0 2 1409 9 72 13
391 0 4 1412 874 9009 1311
392 0 5 1416 41 363 61
393 1 2 1420 5 41 7
394 1 2 1423 869 8955 1303
395 1 12 1426 1 5 1
396 0 2 1431 1 11 1
397 1 2 1434 4 33 6
398 1 3 1437 13 107 19
399 0 3 1441 53 475 79
400 0 1 1445 38737 468798 58105
401 0 3 1446 1 9 1
402 0 2 1450 41 363 61
403 0 1 1453 1 8 1
404 0 2 1455 1 12 1
405 0 1 1458 9 72 13
406 1 10 1461 1 4 1
407 1 2 1466 1 9 1
408 1 6 1469 6 48 9
409 0 4 1473 1 9 1
410 1 3 1477 69 628 103
411 1 4 1481 27 233 40
412 1 2 1485 1 10 1
413 0 1 1488 1 11 1
414 1 2 1489 2 17 3
415 1 2 1492 1 9 1
416 1 4 1495 1 9 1
417 0 5 1499 1 9 1
418 1 2 1503 213 2053 319
419 1 7 1506 1 4 1
420 1 8 1510 4 12 6
421 1 3 1515 1 9 1
422 0 8 1519 1 4 1
423 1 4 1524 171 1630 256
424 1 1 1528 45 400 67
425 1 1 1530 19 161 28
426 0 1 1533 8 64 12
427 0 3 1535 543 5475 814
428 1 2 1539 167 1590 250
429 1 5 1542 3 25 4
430 1 1 1546 2 17 3
431 0 9 1548 2713 13540 4069
432 0 4 1553 1 9 1
433 0 3 1557 82 753 123
434 0 1 1560 550 5548 825
435 1 1 1562 2 17 3
436 1 1 1564 32 279 48
437 0 4 1566 84 772 126
438 0 2 1570 1 12 1
439 0 1 1573 103 957 154
440 0 11 1575 23 78 34
441 1 2 1580 70 637 105
442 1 1 1583 40 353 60
443 0 1 1585 1 9 1
444 0 7 1587 4006 20511 6009
445 0 2 1591 327 3218 490
446 0 1 1594 1 9 1
447 1 1 1597 8 64 12
448 1 1 1599 1 13 1
449 1 4 1602 12 98 18
450 0 4 1606 28 242 42
451 1 11 1610 38 135 57
452 0 7 1615 55 203 82
453 0 3 1619 1 9 1
454 0 4 1623 3 25 4
455 0 3 1627 1 12 1
456 0 5 1631 3 25 4
457 1 3 1635 9 72 13
458 0 3 1639 6 48 9
459 1 5 1643 2 17 3
460 0 2 1647 2934 31926 4401
461 0 2 1650 2 17 3
462 1 13 1653 383063 2539777 574594
463 1 13 1658 112535 700484 168802
464 1 7 1663 28 97 42
465 1 4 1667 1 11 1
466 1 2 1671 39497 478359 59245
467 0 1 1674 1 10 1
468 0 2 1676 1 9 1
469 1 2 1679 1 9 1
470 1 8 1682 1671 8071 2506
471 1 2 1687 1 10 1
472 0 4 1690 5 40 7
473 1 1 1694 3 25 4
474 1 3 1697 22 188 33
475 1 59 1701 5303 27644 7954
476 0 3 1707 1 9 1
477 0 4 1711 5 40 7
478 0 3 1715 96 889 144
479 1 1 1719 6510 73292 9765
480 1 25 1721 12 38 18
481 0 11 1726 290 1232 435
482 1 5 1731 3 25 4
483 0 20 1735 2 7 3
484 0 7 1740 5 15 7
485 0 26 1744 3 9 4
486 1 2 1750 9 72 13
487 0 18 1753 1 3 1
488 1 3 1758 1 9 1
489 1 1 1762 12 98 18
490 0 1 1765 3389 37108 5083
491 0 1 1766 1 11 1
492 1 1 1767 3 25 4
493 1 13 1770 8 24 12
494 0 11 1775 2 7 3
495 1 13 1780 2 7 3
496 1 1 1785 138 1301 207
497 1 4 1787 61 551 91
498 0 2 1791 1 9 1
499 1 4 1794 13036 151047 19554
500 0 6 1798 23 197 34
501 0 3 1802 1 10 1
502 0 2 1806 17 143 25
503 1 1 1809 1 10 1
504 0 2 1811 1 9 1
505 0 3 1814 31106 373219 46659
506 0 1 1818 394 3912 591
507 0 7 1821 320 1370 480
508 1 4 1826 2 17 3
509 0 3 1830 1 12 1
510 1 6 1834 1 11 1
511 0 4 1838 1 9 1
512 1 3 1842 44 391 66
513 0 16 1846 1 4 1
514 0 1 1851 1 9 1
515 0 2 1853 85 782 127
516 0 3 1856 85 782 127
517 0 3 1860 73 666 109
518 0 4 1864 1 11 1
519 0 9 1868 65 243 97
520 0 6 1873 30 261 45
521 0 5 1877 237 2296 355
522 0 2 1881 1 12 1
523 0 5 1884 1 10 1
524 0 4 1888 4 33 6
525 0 13 1892 14 45 21
526 1 6 1897 2822 30655 4233
527 1 1 1901 4 33 6
528 0 1 1904 1 10 1
529 0 2 1906 81623 1016585 122434
530 0 3 1909 26474 315624 39711
531 0 1 1913 2 17 3
532 1 1 1915 3 25 4
533 1 4 1917 1146 11960 1719
534 0 3 1921 15 125 22
535 0 1 1925 294 2878 441
536 0 6 1928 4 12 6
537 0 1 1932 1 10 1
538 1 1 1935 1 10 1
539 1 4 1938 7 56 10
540 0 2 1942 1030 10697 1545
541 0 1 1945 1 9 1
542 0 4 1947 1 9 1
543 1 2 1951 314 3084 471
544 0 2 1954 2 17 3
545 1 1 1957 1 9 1
546 0 2 1959 28 242 42
547 1 8 1962 1037576 7221647 1556364
548 1 2 1967 1 8 1
549 0 2 1970 250 2428 375
550 1 2 1973 2721 29511 4081
551 0 1 1976 5 40 7
552 1 1 1978 1 11 1
553 1 1 1980 3 25 4
554 1 11 1983 1 4 1
555 0 3 1988 3955 43595 5932
556 0 3 1992 1 11 1
557 0 3 1996 32 279 48
558 1 1 2000 125454 1587992 188181
559 0 1 2003 70 637 105
560 1 2 2006 140 1321 210
561 1 7 2009 3 10 4
562 1 3 2014 12 99 18
563 0 4 2018 1 9 1
564 1 23 2022 1126 5292 1689
565 0 2 2027 34030 409749 51045
566 0 3 2030 9 73 13
567 0 22 2034 1 4 1
568 1 1 2039 544 5485 816
569 0 3 2042 1 9 1
570 0 3 2046 2 17 3
571 1 3 2050 6 48 9
572 0 1 2054 68 618 102
573 1 35 2056 16 52 24
574 1 2 2062 249 2418 373
575 0 5 2065 1 13 1
576 0 2 2069 86 791 129
577 0 3 2072 2 17 3
578 1 1 2076 68 618 102
579 1 2 2077 44 391 66
580 1 7 2080 1 3 1
581 1 5 2085 2 17 3
582 1 2 2089 36722 443485 55083
583 1 4 2092 1 10 1
584 1 1 2096 87 801 130
585 0 1 2099 10 81 15
586 1 4 2101 217 2093 325
587 1 16 2105 1 4 1
588 0 3 2110 1 9 1
589 1 2 2113 41 362 61
590 0 13 2116 3 9 4
591 0 3 2121 1 10 1
592 1 2 2125 25 215 37
593 0 2 2128 426 4246 639
594 1 2 2131 467 4675 700
595 0 1 2134 1 9 1
596 0 5 2136 1 9 1
597 1 12 2140 1 5 1
598 0 5 2145 1 9 1
599 0 13 2149 2 7 3
600 0 8 2154 74 280 111
601 1 1 2159 1 9 1
602 0 2 2161 733113 9891899 1099669
603 0 20 2164 1 3 1
604 1 12 2169 141 565 211
605 1 2 2174 1 10 1
606 0 2 2177 7 56 10
607 1 4 2180 233 2256 349
608 0 26 2184 163 661 244
609 0 2 2189 22 188 33
610 0 7 2192 66 248 99
611 1 7 2196 6726 35592 10089
612 0 1 2201 6 48 9
613 1 2 2204 1 9 1
614 0 3 2207 922 9527 1383
615 1 2 2211 88278 1102744 132417
616 0 2 2214 195 1871 292
617 0 7 2217 1 6 1
618 1 2 2221 4 33 6
619 0 8 2224 1 4 1
620 0 3 2229 277 2704 415
621 1 2 2233 466 4665 699
622 0 2 2236 21 179 31
623 0 2 2239 2 17 3
624 0 3 2242 1 10 1
625 1 4 2246 1 10 1
626 0 10 2250 1 3 1
627 0 1 2255 74 676 111
628 0 1 2258 1 9 1
629 0 12 2261 193 794 289
630 1 5 2266 2 17 3
631 1 3 2270 1 9 1
632 1 2 2274 2 17 3
633 0 6 2277 1679 17826 2518
634 0 6 2281 100 389 150
635 0 2 2285 743 7601 1114
636 0 1 2288 50 447 75
637 1 1 2291 4 33 6
638 0 5 2294 2 17 3
639 0 2 2298 2 17 3
640 0 2 2301 1 11 1
641 1 1 2304 39 344 58
642 0 3 2306 27 233 40
643 1 3 2310 1 12 1
644 0 20 2314 55605 333138 83407
645 0 5 2319 21 179 31
646 0 7 2323 322 1379 483
647 1 1 2327 40 353 60
648 0 1 2329 1 9 1
649 0 3 2332 27575 329282 41362
650 1 3 2336 1 11 1
651 1 2 2340 12958 150106 19437
652 0 2 2343 10 81 15
653 0 3 2346 1 10 1
654 0 3 2350 80542 1002614 120813
655 1 1 2354 88 811 132
656 1 2 2357 1 11 1
657 0 1 2360 1 12 1
658 1 2 2361 2 17 3
659 1 1 2364 5 40 7
660 1 3 2366 49064 599262 73596
661 1 7 2370 316 1352 474
662 1 8 2374 1 4 1
663 0 3 2379 2 17 3
664 1 1 2383 2 17 3
665 0 4 2386 2 17 3
666 1 5 2390 636 6460 954
667 1 1 2394 3571 39189 5356
668 1 4 2397 17792 208772 26688
669 0 8 2401 93 360 139
670 0 3 2406 2 17 3
671 0 2 2410 1 9 1
672 0 4 2413 35 307 52
673 0 1 2417 281 2745 421
674 0 1 2420 6 48 9
675 0 3 2423 9 73 13
676 0 6 2427 1 10 1
677 1 3 2431 16567 193839 24850
678 1 4 2435 9678 110774 14517
679 1 2 2439 1155 12058 1732
680 0 4 2442 268 2612 402
681 0 3 2446 1 10 1
682 0 2 2450 1 11 1
683 1 3 2453 18561 218167 27841
684 1 1 2457 1 10 1
685 1 4 2459 1 11 1
686 0 2 2463 398 3954 597
687 0 13 2466 937 4346 1405
688 1 2 2471 2 17 3
689 0 2 2474 2 17 3
690 0 3 2477 16 134 24
691 0 9 2481 1 4 1
692 1 1 2486 1 10 1
693 0 4 2489 368 3643 552
694 0 23 2493 1287 6105 1930
695 1 3 2498 2 17 3
696 0 1 2502 2 17 3
697 0 2 2504 1077 11208 1615
698 1 3 2507 2 17 3
699 1 3 2511 1 9 1
700 0 1 2515 1 9 1
701 0 5 2518 1516 16022 2274
702 0 1 2522 1 9 1
703 0 38 2524 3 10 4
704 1 6 2530 8 24 12
705 1 11 2534 3 9 4
706 0 1 2539 2 17 3
707 0 1 2542 2 17 3
708 1 9 2545 1381 6583 2071
709 1 5 2550 141 1331 211
710 0 2 2554 57498 706588 86247
711 0 3 2557 4 33 6
712 1 1 2561 1 9 1
713 1 2 2563 150 1421 225
714 0 2 2566 1 10 1
715 1 5 2569 1 9 1
716 1 8 2573 25 85 37
717 1 1 2578 1 11 1
718 1 3 2581 8 64 12
719 0 6 2585 2 17 3
720 0 2 2589 1942 20752 2913
721 1 1 2592 1 9 1
722 1 2 2594 41 363 61
723 1 5 2597 37 325 55
724 1 3 2601 11 90 16
725 1 4 2605 1 9 1
726 1 9 2609 1 4 1
727 1 4 2614 3 25 4
728 1 1 2618 291 2848 436
729 0 1 2620 5336 59573 8004
730 1 14 2622 10 31 15
731 0 5 2627 1 9 1
732 0 2 2631 8 64 12
733 0 7 2634 2391 11833 3586
734 0 2 2638 1 10 1
735 1 3 2641 4 33 6
736 1 2 2645 45 400 67
737 0 5 2648 1 9 1
738 0 3 2652 4 33 6
739 1 1 2656 57 513 85
740 1 1 2658 1 9 1
741 1 2 2660 10 81 15
742 0 2 2663 6 48 9
743 0 2 2666 7 56 10
744 0 3 2669 2 17 3
745 1 14 2673 4 12 6
746 1 2 2678 1 10 1
747 1 2 2681 6 48 9
748 0 3 2684 1 9 1
749 0 3 2688 1037 10773 1555
750 1 3 2692 1 10 1
751 0 6 2696 1 3 1
752 1 2 2700 1 9 1
753 1 2 2703 40 353 60
754 0 1 2706 1 10 1
755 0 8 2709 1 5 1
756 0 5 2714 7 56 10
757 1 5 2718 21 179 31
758 0 7 2722 36399 212965 54598
759 0 1 2726 1 10 1
760 0 5 2729 2 17 3
761 1 1 2733 1 10 1
762 1 6 2736 37 325 55
763 0 8 2740 203 838 304
764 1 3 2745 10 81 15
765 0 1 2749 6 48 9
766 1 2 2752 8 64 12
767 1 1 2755 3 25 4
768 1 1 2758 21550 254822 32325
769 0 4 2760 1 11 1
770 0 7 2764 5 15 7
771 1 8 2768 21 70 31
772 0 1 2773 7 56 10
773 0 8 2776 109 427 163
774 1 5 2781 2 17 3
775 0 2 2785 4 33 6
776 0 1 2788 1 9 1
777 0 12 2791 27 93 40
778 1 3 2796 21 179 31
779 1 4 2800 154 1460 231
780 1 36 2804 38620 226717 57930
781 0 5 2810 2 17 3
782 0 1 2814 1 12 1
783 1 16 2817 1 5 1
784 0 2 2822 119 1114 178
785 1 3 2825 2 17 3
786 1 1 2829 1 11 1
787 0 2 2832 2 17 3
788 1 3 2835 167 1590 250
789 0 2 2839 7 56 10
790 0 3 2842 4696 52144 7044
791 0 2 2846 210 2022 315
792 1 3 2849 32 279 48
793 0 8 2853 27 93 40
794 1 2 2858 1 8 1
795 1 3 2861 8 64 12
796 0 3 2865 11 90 16
797 0 3 2869 1 9 1
798 0 19 2873 10 31 15
799 1 3 2878 3902 42985 5853
800 1 2 2882 2 17 3
801 1 2 2885 1 12 1
802 0 7 2888 134 535 201
803 0 4 2893 1 9 1
804 1 7 2897 1 4 1
805 1 7 2902 55 203 82
806 1 2 2907 5 40 7
807 0 2 2910 611 6195 916
808 1 2 2913 2 17 3
809 0 2 2916 133 1252 199
810 1 5 2919 605 6131 907
811 1 9 2923 23 78 34
812 0 2 2928 2 17 3
813 0 1 2931 1 10 1
814 1 5 2934 2 17 3
815 1 1 2938 58 523 87
816 0 1 2940 12 99 18
817 0 20 2942 1 5 1
818 0 3 2947 1 10 1
819 1 2 2951 1 9 1
820 0 67 2954 1 3 1
821 1 5 2960 23 197 34
822 0 2 2964 9 72 13
823 0 2 2967 33 288 49
824 1 2 2970 3 25 4
825 1 5 2973 1359 14293 2038
826 1 3 2977 9 72 13
827 0 2 2981 110412 1390921 165618
828 1 1 2984 1 9 1
829 1 1 2987 1 9 1
830 1 3 2988 4468 49507 6702
831 0 4 2992 185 1770 277
832 0 2 2996 77 704 115
833 0 2 2999 2 17 3
834 0 8 3002 25 85 37
835 0 8 3007 1652 7973 2478
836 1 1 3012 3618 39727 5427
837 0 1 3014 904 9333 1356
838 0 6 3017 2 7 3
839 0 8 3021 127 505 190
840 0 1 3026 3 25 4
841 1 12 3028 77 293 115
842 1 2 3033 4 33 6
843 0 10 3036 2131 10465 3196
844 0 1 3041 33473 402781 50209
845 0 1 3043 19564 230443 29346
846 0 5 3046 345 3404 517
847 0 2 3050 1 11 1
848 1 1 3053 590 5972 885
849 1 10 3056 1 3 1
850 1 1 3061 11 90 16
851 1 3 3064 1667 17693 2500
852 1 10 3068 164646 1045599 246969
853 1 1 3073 3 25 4
854 1 2 3076 17 143 25
855 0 32 3079 13 41 19
856 1 4 3085 1 12 1
857 1 1 3089 46 409 69
858 0 1 3092 1884 20105 2826
859 0 1 3094 77 704 115
860 1 10 3096 1 3 1
861 0 1 3101 13 107 19
862 0 5 3103 142 1341 213
863 1 8 3107 2 6 3
864 0 4 3112 9168 104702 13752
865 0 1 3116 249 2418 373
866 1 9 3119 7125 37839 10687
867 1 4 3124 4 33 6
868 1 3 3128 2 17 3
869 0 37 3132 1 4 1
870 1 7 3138 1757 8516 2635
871 0 8 3142 29 101 43
872 1 2 3147 703 7174 1054
873 1 2 3150 20 170 30
874 0 2 3153 981 10166 1471
875 0 3 3156 2 17 3
876 1 5 3160 1 10 1
877 0 1 3164 1 8 1
878 1 7 3167 1 3 1
879 1 4 3171 1 10 1
880 0 3 3175 155 1470 232
881 0 5 3179 1 10 1
882 1 3 3183 1 11 1
883 0 28 3187 1 4 1
884 1 1 3193 1 9 1
885 0 4 3196 656 6673 984
886 1 1 3200 8 64 12
887 0 1 3203 27 233 40
888 0 2 3206 1 8 1
889 1 14 3209 13 41 19
890 1 9 3214 18 59 27
891 0 4 3219 1 10 1
892 1 2 3223 1 10 1
893 0 2 3226 1 9 1
894 1 2 3229 2 17 3
895 0 15 3232 7 21 10
896 1 13 3237 8 24 12
897 0 1 3242 101 937 151
898 0 3 3244 2 17 3
899 1 1 3248 3 25 4
900 0 7 3251 103 402 154
901 1 3 3256 7 56 10
902 0 2 3260 46 409 69
903 0 8 3263 9 27 13
904 0 11 3268 1 4 1
905 1 1 3273 1 9 1
906 0 4 3274 62 561 93
907 0 1 3278 4348 48121 6522
908 0 12 3280 4 12 6
909 0 2 3285 802 8234 1203
910 1 1 3288 1 9 1
911 0 12 3290 23 78 34
912 0 1 3295 1 8 1
913 1 1 3298 1 10 1
914 1 31 3300 6 18 9
915 0 4 3306 1 9 1
916 1 13 3310 193 794 289
917 1 4 3315 2978 32426 4467
918 0 6 3319 1 3 1
919 1 3 3323 1 9 1
920 1 4 3327 7 56 10
921 0 2 3331 1 9 1
922 1 6 3334 20 170 30
923 0 4 3338 5 40 7
924 0 20 3342 107 419 160
925 0 1 3347 102 947 153
926 0 8 3350 1 4 1
927 1 2 3355 10463 120145 15694
928 0 4 3358 15 125 22
929 1 4 3362 1 9 1
930 0 3 3366 66 599 99
931 1 1 3370 4 33 6
932 1 2 3371 2 17 3
933 0 3 3374 2 17 3
934 1 4 3378 45 400 67
935 0 8 3382 2 6 3
936 1 2 3387 20 170 30
937 1 1 3390 238 2306 357
938 1 1 3392 1 11 1
939 1 5 3393 78902 981431 118353
940 0 2 3397 3 25 4
941 1 78 3400 1 3 1
942 1 1 3406 1 9 1
943 1 5 3408 125 1173 187
944 0 1 3412 39 344 58
945 1 10 3415 21 70 31
946 1 2 3420 1 9 1
947 1 31 3423 61 227 91
948 0 2 3429 1 11 1
949 1 3 3432 2 17 3
950 0 4 3436 1 13 1
951 1 1 3440 69 628 103
952 0 1 3442 1 10 1
953 0 16 3445 1 4 1
954 0 3 3450 15 125 22
955 1 1 3454 1 9 1
956 0 11 3456 105 410 157
957 1 5 3461 1 9 1
958 1 9 3465 4 12 6
959 0 2 3470 14 116 21
960 0 2 3473 24 206 36
961 0 1 3476 1 9 1
962 0 2 3478 2 17 3
963 0 3 3481 1 9 1
964 0 3 3485 15 125 22
965 1 3 3489 1 12 1
966 0 1 3493 473 4738 709
967 0 5 3495 3 25 4
968 0 12 3499 1 5 1
969 1 1 3504 4 33 6
970 0 5 3507 1 9 1
971 0 3 3511 13 107 19
972 1 13 3515 1 4 1
973 0 9 3520 1 3 1
974 0 1 3525 118 1104 177
975 0 7 3527 1 4 1
976 1 1 3531 1 12 1
977 0 3 3533 362 3580 543
978 1 2 3537 1 10 1
979 1 2 3540 15 125 22
980 1 1 3543 8 64 12
981 1 3 3544 2 17 3
982 1 1 3548 1 9 1
983 0 1 3551 3 25 4
984 1 1 3554 48 428 72
985 1 22 3556 1 4 1
986 0 19 3561 2 7 3
987 1 3 3566 1 9 1
988 0 2 3570 53 475 79
989 1 11 3573 1 4 1
990 0 3 3578 15339 178912 23008
991 0 1 3582 8 64 12
992 1 3 3585 3 25 4
993 1 4 3589 1 10 1
994 0 2 3593 6 48 9
995 1 6 3596 26 224 39
996 1 14 3600 7 21 10
997 0 7 3605 155 626 232
998 0 7 3609 1 3 1
