0 0 15 5 3 10 4
1 1 2 15 355 3508 532
2 1 4 21 5 15 7
3 0 1 29 680 6929 1020
4 0 3 34 12 38 18
5 1 1 41 6 48 9
6 1 1 46 6 48 9
7 1 4 49 22 74 33
8 0 3 57 3714 18923 5571
9 0 1 65 2 17 3
10 1 1 68 15 125 22
11 1 3 74 2 7 3
12 1 2 81 3 25 4
13 1 12 87 44 159 66
14 0 5 97 2 6 3
15 1 1 105 1 9 1
16 0 4 110 4 12 6
17 0 9 118 1 4 1
18 1 3 127 2 6 3
19 1 11 135 7 21 10
20 1 28 145 2 7 3
21 1 3 156 46 167 69
22 0 6 163 2 7 3
23 1 1 172 4713 52341 7069
24 1 3 177 1 4 1
25 0 2 185 5 40 7
26 0 8 191 3 10 4
27 0 3 200 3 9 4
28 0 10 207 5 15 7
29 0 12 217 1 3 1
30 1 8 227 25 85 37
31 1 7 236 1 4 1
32 0 3 245 1 4 1
33 0 16 252 7 21 10
34 0 2 262 1 10 1
35 0 7 269 50 183 75
36 0 7 278 133 530 199
37 1 3 287 11 34 16
38 0 7 294 32 112 48
39 0 1 303 1 12 1
40 0 6 306 7 21 10
41 1 2 315 1548 16375 2322
42 0 1 322 28 242 42
43 1 1 324 550 5548 825
44 0 1 328 1 10 1
45 0 2 332 8 64 12
46 1 3 339 4 33 6
47 1 4 346 1 4 1
48 0 3 354 1 9 1
49 1 1 361 1 10 1
50 1 1 366 21 179 31
51 0 1 371 3 25 4
52 0 2 375 1 10 1
53 0 1 382 46 409 69
54 0 7 387 1 4 1
55 1 3 396 1 11 1
56 0 3 403 343 1477 514
57 1 11 411 1 5 1
58 0 4 421 1 5 1
59 0 5 429 37 132 55
60 0 1 437 4 33 6
61 0 6 441 33 116 49
62 0 2 450 54 485 81
63 0 55 456 1 4 1
64 0 1 468 3 25 4
65 0 6 473 721 3282 1081
66 0 5 482 35 124 52
67 1 2 491 1 11 1
68 1 26 498 1 3 1
69 0 1 509 1 12 1
70 0 4 513 5 15 7
71 1 4 521 62 231 93
72 0 2 529 1 9 1
73 0 4 536 1 4 1
74 0 6 544 1 5 1
75 1 2 553 1 10 1
76 0 1 560 1 9 1
77 1 11 565 1 5 1
78 1 4 575 1 3 1
79 0 1 583 4 33 6
80 0 2 587 9 73 13
81 0 7 593 1 4 1
82 1 3 602 106 415 159
83 1 1 610 14 116 21
84 1 3 615 125 1173 187
85 0 4 622 533 2372 799
86 1 3 630 380 1649 570
87 1 4 637 1264 5988 1896
88 1 3 645 102 398 153
89 0 1 653 1 9 1
90 1 5 657 1 4 1
91 0 6 665 181 740 271
92 1 4 674 3 9 4
93 0 3 682 23 78 34
94 0 3 690 1 3 1
95 1 4 697 207 856 310
96 1 1 705 1 11 1
97 0 12 710 4375 22528 6562
98 1 14 720 5019 26072 7528
99 0 4 730 2 6 3
100 1 21 738 1 5 1
101 0 5 749 1 3 1
102 1 3 757 257751 3350392 386626
103 1 12 764 1060 4960 1590
104 1 1 774 26 224 39
105 1 2 778 15 125 22
106 1 2 785 9 73 13
107 0 1 791 41 363 61
108 0 2 797 147 1391 220
109 0 2 803 1 9 1
110 1 2 809 7 56 10
111 0 6 815 1 3 1
112 0 6 824 14 45 21
113 1 2 833 22 188 33
114 0 1 839 364 3601 546
115 0 9 842 49 179 73
116 0 6 851 1 3 1
117 1 1 860 81 743 121
118 0 5 865 4 12 6
119 1 1 873 9 73 13
120 1 3 878 35 124 52
121 0 2 886 1 9 1
122 0 2 893 1 9 1
123 0 3 899 2 7 3
124 1 5 906 6 18 9
125 1 3 914 32461931 262947727 48692896
126 0 2 922 116 1084 174
127 0 3 929 175 1670 262
128 1 1 936 153 1450 229
129 0 2 940 102793 1291463 154189
130 0 1 946 12 99 18
131 0 21 950 421 1841 631
132 0 2 961 5 40 7
133 0 1 968 4 33 6
134 1 1 971 6 48 9
135 1 5 976 265 1118 397
136 0 3 984 1 5 1
137 1 18 991 176 718 264
138 1 1 1001 43 381 64
139 1 2 1004 12 99 18
140 0 28 1010 2 7 3
141 0 1 1021 1 10 1
142 0 2 1027 4 33 6
143 0 1 1033 1 11 1
144 1 1 1037 7 56 10
145 1 2 1042 1 9 1
146 0 6 1048 6274 33055 9411
147 1 1 1057 1 10 1
148 0 16 1063 1 5 1
149 1 2 1073 80 734 120
150 1 2 1079 29 252 43
151 1 9 1085 638 2878 957
152 1 8 1094 30929 179293 46393
153 1 4 1103 15 49 22
154 0 3 1111 493 2181 739
155 0 3 1118 1 11 1
156 0 1 1125 16 134 24
157 1 2 1129 51 456 76
158 1 2 1135 4 33 6
159 0 1 1141 3 25 4
160 1 3 1147 9 73 13
161 1 2 1154 1 9 1
162 0 1 1161 1 9 1
163 1 1 1165 177 1690 265
164 0 2 1171 50 447 75
165 1 1 1178 18 152 27
166 1 5 1183 1 5 1
167 1 13 1191 333 1430 499
168 1 3 1201 1 4 1
169 0 1 1208 1 8 1
170 0 6 1212 173 705 259
171 1 13 1221 1 4 1
172 0 5 1231 862 3974 1293
173 0 2 1239 28 242 42
174 0 2 1246 28 242 42
175 1 35 1252 4426 22807 6639
176 0 1 1263 1 9 1
177 1 2 1267 3033 33051 4549
178 1 3 1273 14 45 21
179 0 6 1281 1 4 1
180 0 3 1290 1 4 1
181 0 5 1297 1 4 1
182 0 3 1306 1 3 1
183 0 10 1313 177 723 265
184 0 2 1323 1 9 1
185 0 4 1329 45 163 67
186 0 5 1337 14 45 21
187 0 2 1345 4 33 6
188 0 2 1352 3 25 4
189 1 1 1359 4 33 6
190 0 32 1364 1 5 1
191 1 5 1375 1 5 1
192 1 2 1384 33 288 49
193 1 3 1390 29 251 43
194 0 2 1397 3 25 4
195 1 4 1404 3036 15265 4554
196 0 2 1412 2 17 3
197 0 1 1418 5 40 7
198 0 5 1422 4365002 32457418 6547503
199 0 13 1430 1 4 1
200 0 3 1440 46 410 69
201 1 11 1447 4 12 6
202 0 6 1457 237 991 355
203 1 2 1466 1 10 1
204 1 1 1472 421 4194 631
205 0 2 1476 3 25 4
206 0 4 1482 75 285 112
207 1 2 1490 1 9 1
208 1 8 1497 5 15 7
209 0 5 1506 273 1154 409
210 1 9 1514 21572 122477 32358
211 1 1 1523 1 9 1
212 1 2 1527 1 9 1
213 1 5 1533 56 207 84
214 1 1 1541 32 279 48
215 0 2 1546 4 33 6
216 1 2 1553 2 17 3
217 1 2 1560 1 10 1
218 1 4 1566 1 3 1
219 0 2 1574 113 1055 169
220 1 1 1580 1 9 1
221 1 12 1585 4 12 6
222 0 2 1595 1 12 1
223 1 10 1602 38 135 57
224 0 5 1611 1 3 1
225 1 5 1620 414 1808 621
226 1 5 1628 1 5 1
227 0 1 1636 1 9 1
228 1 7 1641 1 4 1
229 0 1 1650 16 134 24
230 0 1 1656 484 4853 726
231 0 8 1661 4 12 6
232 0 5 1670 5053 26260 7579
233 0 1 1678 187 1791 280
234 1 9 1682 5 15 7
235 1 7 1691 624 2810 936
236 0 7 1700 641 2892 961
237 1 1 1709 2418 26089 3627
238 1 4 1713 106 415 159
239 1 4 1721 1 3 1
240 0 1 1729 3 25 4
241 1 1 1734 17 143 25
242 1 3 1739 21 70 31
243 0 1 1746 8 64 12
244 1 20 1752 1 4 1
245 1 4 1763 1 6 1
246 0 3 1771 1 10 1
247 1 3 1778 160 648 240
248 0 1 1785 6 48 9
249 0 4 1789 1 4 1
250 0 6 1797 42 151 63
251 0 1 1806 2 17 3
252 1 2 1810 23 197 34
253 0 5 1816 1 4 1
254 1 12 1824 1 4 1
255 0 6 1834 63 235 94
256 1 1 1843 1 10 1
257 1 3 1848 807 3703 1210
258 1 1 1856 2642 28617 3963
259 0 6 1861 2516 12494 3774
260 1 3 1870 71 268 106
261 0 1 1877 54 485 81
262 0 2 1882 287 2807 430
263 0 3 1888 286 1214 429
264 1 7 1896 1 3 1
265 1 1 1905 1 9 1
266 1 20 1911 1 5 1
267 1 9 1922 6 18 9
268 1 1 1931 187 1791 280
269 1 4 1935 4 12 6
270 0 3 1943 1 4 1
271 1 6 1951 24 82 36
272 0 6 1960 1 5 1
273 1 1 1969 59 532 88
274 0 12 1974 1 5 1
275 0 4 1984 1 5 1
276 1 4 1992 61 227 91
277 0 3 2000 1 8 1
278 1 5 2007 1 4 1
279 0 1 2015 15 125 22
280 0 4 2021 3 9 4
281 1 4 2029 1 5 1
282 1 11 2037 528 2348 792
283 1 2 2047 2 17 3
284 1 1 2054 7 56 10
285 1 3 2059 381 1653 571
286 1 1 2066 14 116 21
287 0 2 2069 1 10 1
288 1 9 2076 519 2306 778
289 1 7 2085 1 3 1
290 1 2 2094 2 17 3
291 1 2 2100 81 743 121
292 0 3 2107 10 31 15
293 1 1 2114 1 10 1
294 1 2 2119 488 4896 732
295 0 2 2125 91 840 136
296 0 1 2131 61 551 91
297 0 5 2136 1 5 1
298 1 8 2145 10 31 15
299 0 1 2154 3 25 4
300 1 1 2159 5 40 7
301 1 2 2162 1 8 1
302 0 11 2169 2 7 3
303 1 1 2179 1 9 1
304 0 3 2184 25 85 37
305 0 4 2191 1 5 1
306 0 5 2199 13 41 19
307 0 2 2207 3 25 4
308 0 14 2214 2 6 3
309 0 1 2224 3 25 4
310 1 3 2226 79 301 118
311 0 10 2233 30 104 45
312 1 1 2243 1 9 1
313 1 7 2248 3 10 4
314 1 2 2257 4 33 6
315 1 9 2264 1 4 1
316 1 7 2273 1601 7711 2401
317 1 2 2282 3 25 4
318 1 4 2288 204 843 306
319 0 2 2296 1 9 1
320 1 2 2302 1 10 1
321 1 2 2309 1043 10838 1564
322 1 8 2316 1 3 1
323 0 8 2325 44 159 66
324 1 1 2334 1 9 1
325 1 1 2339 29 251 43
326 1 2 2345 1 9 1
327 0 2 2351 1 15 1
328 1 6 2357 94 364 141
329 0 6 2366 10 31 15
330 1 1 2375 1 9 1
331 0 4 2378 2 7 3
332 0 4 2386 4 12 6
333 1 3 2394 2 7 3
334 0 1 2401 3 25 4
335 1 3 2405 1 3 1
336 0 8 2413 114 449 171
337 1 2 2422 1 9 1
338 1 5 2429 138 552 207
339 0 2 2437 45595 555310 68392
340 0 4 2444 6 18 9
341 0 4 2452 498 2205 747
342 0 1 2460 3 25 4
343 1 6 2465 1 4 1
344 0 1 2474 13 107 19
345 1 1 2478 300 2940 450
346 1 1 2480 1 10 1
347 0 13 2484 2 7 3
348 1 8 2494 1 4 1
349 0 2 2503 9 73 13
350 0 3 2510 240 1004 360
351 0 5 2517 393 1710 589
352 1 1 2525 1306 13710 1959
353 1 4 2530 1752 8490 2628
354 1 3 2538 170 692 255
355 0 1 2545 4 33 6
356 0 2 2550 1 8 1
357 0 8 2557 21 70 31
358 0 1 2566 1 9 1
359 0 4 2571 8 24 12
360 0 5 2579 125509 785776 188263
361 1 1 2587 1981 21188 2971
362 0 1 2592 1 10 1
363 0 31 2596 39 139 58
364 0 1 2607 5 40 7
365 1 13 2612 27525 158497 41287
366 0 3 2622 8 64 12
367 1 8 2629 33162 193003 49743
368 1 1 2638 3 25 4
369 1 1 2641 9 73 13
370 0 1 2645 348 3435 522
371 0 2 2651 44 391 66
372 0 3 2657 5 41 7
373 1 4 2664 6 18 9
374 1 2 2672 1 9 1
375 1 19 2679 7 21 10
376 1 1 2690 2 17 3
377 0 7 2694 76 289 114
378 1 3 2703 189 776 283
379 1 18 2711 1 4 1
380 0 5 2721 13 41 19
381 0 8 2729 9 27 13
382 0 2 2738 12 98 18
383 0 6 2745 84 322 126
384 1 2 2754 450 4497 675
385 0 12 2760 63 235 94
386 1 10 2770 1 3 1
387 0 6 2780 1 4 1
388 1 1 2789 346 3414 519
389 1 2 2794 17 143 25
390 0 1 2800 13 107 19
391 0 9 2804 507 2248 760
392 1 1 2813 1 9 1
393 0 1 2816 3 25 4
394 1 10 2821 455 2001 682
395 0 4 2831 15340 85363 23010
396 0 3 2839 1 3 1
397 0 8 2846 27 93 40
398 0 1 2855 4 33 6
399 0 3 2860 2 7 3
400 1 2 2867 83 762 124
401 0 5 2873 212004 1364096 318006
402 0 48 2882 1 5 1
403 1 13 2894 1 4 1
404 0 4 2904 20 67 30
405 0 2 2912 1 9 1
406 1 7 2918 1 4 1
407 0 1 2927 22 188 33
408 1 8 2933 1 4 1
409 1 2 2942 104 967 156
410 1 3 2949 1 3 1
411 0 3 2956 380832 2524248 571248
412 0 1 2963 1 9 1
413 0 7 2967 4 12 6
414 1 2 2976 1226 12834 1839
415 0 1 2982 1 9 1
416 0 1 2985 52 466 78
417 0 2 2989 5 41 7
418 0 8 2996 10321 56079 15481
419 1 6 3005 6973 36982 10459
420 0 4 3014 1 5 1
421 1 14 3022 210 870 315
422 1 1 3032 1 9 1
423 1 1 3035 1 10 1
424 1 4 3038 7692 41045 11538
425 1 12 3046 19 63 28
426 0 10 3056 5 15 7
427 1 9 3066 1117590 7806044 1676385
428 1 1 3075 197 1891 295
429 0 6 3080 29 100 43
430 1 2 3089 8 64 12
431 1 2 3096 7 56 10
432 1 3 3103 1 5 1
433 0 1 3110 13 108 19
434 1 3 3115 4 12 6
435 1 7 3122 40 143 60
436 0 2 3131 76 695 114
437 0 1 3138 4 33 6
438 1 6 3143 1 3 1
439 1 4 3152 78 297 117
440 1 10 3160 645 2912 967
441 1 3 3170 74 676 111
442 0 1 3177 1 9 1
443 0 1 3182 1 10 1
444 1 2 3185 20 170 30
445 0 2 3191 1 9 1
446 0 2 3197 191 1831 286
447 1 2 3203 45 400 67
448 0 22 3209 172 701 258
449 1 19 3220 4145 21269 6217
450 0 1 3231 161 1530 241
451 0 3 3235 1 3 1
452 0 10 3243 18577 104554 27865
453 0 2 3253 1 9 1
454 1 10 3259 1 4 1
455 1 3 3269 495 4969 742
456 0 1 3276 121 1134 181
457 1 9 3281 2 7 3
458 1 2 3290 1 10 1
459 1 3 3297 19 161 28
460 1 7 3304 15 48 22
461 1 2 3313 1 9 1
462 0 7 3320 1263 5983 1894
463 0 1 3329 1223 12801 1834
464 0 1 3332 21335 252178 32002
465 0 34 3336 1 4 1
466 1 3 3347 183 749 274
467 1 2 3354 3 25 4
468 0 3 3360 1260 13206 1890
469 0 2 3367 2055 22015 3082
470 0 1 3373 30 261 45
471 1 10 3377 1 4 1
472 0 10 3387 1 4 1
473 1 9 3397 1 4 1
474 1 23 3406 80 305 120
475 1 2 3417 5 40 7
476 0 1 3424 2 17 3
477 1 2 3429 1 9 1
478 0 12 3435 1 4 1
479 1 5 3445 1 5 1
480 1 13 3454 8151 43651 12226
481 1 3 3464 1 4 1
482 1 5 3471 975631 6770617 1463446
483 1 1 3479 6653 74970 9979
484 0 2 3484 1 9 1
485 0 5 3490 654 2956 981
486 1 20 3498 1 3 1
487 1 1 3509 1 11 1
488 0 1 3514 148 1401 222
489 1 2 3518 18 152 27
490 0 2 3524 1885 20117 2827
491 0 1 3531 181 1730 271
492 1 1 3535 1 9 1
493 0 2 3540 4 33 6
494 0 1 3546 4 33 6
495 0 14 3551 5 15 7
496 1 5 3561 15 48 22
497 1 6 3569 2 7 3
498 0 1 3578 2394 25819 3591
499 0 2 3583 1 12 1
500 0 2 3590 1 11 1
501 0 1 3597 1 12 1
502 1 10 3602 1 4 1
503 0 4 3612 1 5 1
