0 0 6 5 3 25 4
1 1 1 13 25 215 37
2 1 1 19 24 206 36
3 0 7 25 78923 481991 118384
4 1 3 33 1 12 1
5 1 2 40 27 233 40
6 0 1 47 1 10 1
7 1 1 53 1 9 1
8 1 4 58 31 270 46
9 1 3 66 1 8 1
10 1 5 73 32 279 48
11 0 4 81 10 81 15
12 1 1 89 5 41 7
13 0 1 94 1 12 1
14 1 1 100 242 2347 363
15 1 8 107 31 108 46
16 0 1 116 39896 483381 59844
17 1 14 122 3 9 4
18 1 1 131 1 10 1
19 0 2 136 1 12 1
20 0 1 143 2455 26506 3682
21 1 1 150 1 8 1
22 0 3 156 1 9 1
23 0 4 164 119 1114 178
24 1 1 172 1 9 1
25 1 2 178 27 233 40
26 1 2 185 1 10 1
27 0 3 192 1 9 1
28 1 3 200 721 7366 1081
29 1 3 208 41101 498560 61651
30 0 1 216 1 9 1
31 0 3 223 1 9 1
32 1 6 231 61 551 91
33 0 1 239 1943 20763 2914
34 0 9 246 2407 11918 3610
35 1 2 255 2 17 3
36 1 5 262 45 400 67
37 0 4 270 2 17 3
38 1 2 278 1 11 1
39 0 2 285 1 9 1
40 1 7 292 1 3 1
41 1 4 300 83 762 124
42 1 2 308 1 8 1
43 1 1 315 1 13 1
44 0 1 322 5 41 7
45 1 1 329 16 134 24
46 0 1 334 260 2530 390
47 1 3 341 1 9 1
48 1 1 349 5 41 7
49 1 6 355 4 12 6
50 1 5 363 2 17 3
51 1 3 371 13 107 19
52 1 6 379 832 8557 1248
53 1 1 387 36 316 54
54 0 3 393 18 152 27
55 0 3 401 535 5390 802
56 0 5 409 63 570 94
57 1 1 417 17 143 25
58 0 1 423 1 10 1
59 1 5 430 31 270 46
60 1 20 438 5 15 7
61 0 12 447 9129 49231 13693
62 0 2 456 12 98 18
63 1 41 463 1 4 1
64 0 6 473 1 9 1
65 0 10 481 157 635 235
66 1 14 490 1 4 1
67 1 2 499 981 10166 1471
68 0 1 506 562 5675 843
69 0 2 512 1 9 1
70 1 2 519 1 9 1
71 0 1 526 278 2715 417
72 0 1 532 1 11 1
73 1 2 538 615 6237 922
74 0 7 545 45 163 67
75 0 2 553 45 400 67
76 1 3 560 2556 27646 3834
77 0 2 568 76111 945418 114166
78 1 2 575 37574 454182 56361
79 1 12 582 8454 45376 12681
80 0 31 591 1 4 1
81 0 6 600 350 3456 525
82 0 6 608 5 40 7
83 1 1 616 1 12 1
84 1 4 623 1 9 1
85 1 2 631 1 9 1
86 1 1 638 155 1470 232
87 0 4 645 4 33 6
88 1 5 653 1 10 1
89 1 1 661 81 743 121
90 1 4 667 1 12 1
91 1 2 675 2 17 3
92 1 1 682 1 11 1
93 1 1 689 1 11 1
94 0 4 696 6 48 9
95 0 36 704 1 4 1
96 1 2 713 3 25 4
97 1 2 720 1 9 1
98 0 2 727 5 41 7
99 0 2 734 5 40 7
100 0 5 741 1 9 1
101 0 2 749 1 10 1
102 0 15 756 1018 4750 1527
103 1 1 765 4466 49483 6699
104 0 1 771 1 11 1
105 1 1 776 1 9 1
106 1 3 783 362 3580 543
107 0 4 791 978 10133 1467
108 0 7 799 3 9 4
109 0 5 807 6 48 9
110 0 1 815 113 1055 169
111 0 3 821 221 2134 331
112 0 5 829 3 25 4
113 1 2 837 1 8 1
114 1 4 844 1 8 1
115 0 3 852 1 9 1
116 1 3 860 1007 10448 1510
117 1 3 868 17095993 256143685 25643989
118 0 3 876 2954 32153 4431
119 1 10 884 152 613 228
120 0 4 893 1759 18714 2638
121 0 9 901 39 139 58
122 0 9 910 1 4 1
123 0 7 919 1 4 1
124 1 4 927 1 11 1
125 0 6 935 1 9 1
126 0 1 943 3 25 4
127 0 1 948 3 25 4
128 0 2 954 258 2510 387
129 1 2 961 6 48 9
130 0 4 968 3241 35419 4861
131 1 3 976 65 590 97
132 0 2 984 1 10 1
133 0 2 991 1 10 1
134 1 27 998 10 31 15
135 0 4 1007 3 25 4
136 1 11 1015 1 4 1
137 0 1 1024 938 9700 1407
138 1 2 1030 92 850 138
139 1 1 1037 47 419 70
140 1 5 1044 1 12 1
141 1 10 1052 1 4 1
142 1 1 1061 68 618 102
143 1 28 1068 1 4 1
144 1 6 1077 2441 26349 3661
145 0 7 1085 155 626 232
146 1 3 1093 1 11 1
147 0 3 1101 1176 12288 1764
148 0 2 1108 2 17 3
149 1 2 1115 47849 583854 71773
150 1 1 1122 1 10 1
151 1 2 1129 1 9 1
152 0 88 1136 1 5 1
153 1 4 1146 34 298 51
154 1 5 1154 109 1016 163
155 1 5 1162 2 17 3
156 1 5 1170 240 2326 360
157 0 3 1178 111 1035 166
158 0 1 1186 20 170 30
159 0 1 1192 574 5802 861
160 0 7 1197 1 3 1
161 1 8 1205 8 24 12
162 0 1 1213 1 11 1
163 0 3 1219 3 25 4
164 0 2 1227 1 10 1
165 0 2 1234 1 13 1
166 1 4 1241 246 2388 369
167 1 4 1249 64 580 96
168 0 2 1257 1 9 1
169 0 19 1264 3 9 4
170 1 4 1273 1 9 1
171 0 2 1281 24 206 36
172 1 1 1288 1 9 1
173 0 2 1294 15 125 22
174 0 30 1301 4 12 6
175 1 2 1310 54 485 81
176 0 3 1317 9 72 13
177 0 3 1325 1 11 1
178 1 2 1333 1 10 1
179 1 6 1340 142 1341 213
180 0 2 1348 122 1143 183
181 0 2 1355 1 9 1
182 1 4 1362 1 12 1
183 0 2 1370 1 8 1
184 1 3 1377 295 2889 442
185 1 2 1385 1 10 1
186 1 20 1392 11856 64964 17784
187 1 12 1401 1 3 1
188 0 4 1410 1 10 1
189 0 4 1418 70 637 105
190 0 5 1426 3 25 4
191 0 3 1434 1 14 1
192 1 1 1441 1 11 1
193 0 5 1447 283 2766 424
194 1 1 1455 9 72 13
195 0 2 1462 299 2930 448
196 1 1 1469 1 11 1
197 0 19 1475 2 7 3
198 1 1 1484 80 734 120
199 1 1 1489 6140 68957 9210
200 0 99 1496 1 4 1
201 1 1 1506 1 11 1
202 1 32 1512 1 3 1
203 1 22 1521 1 6 1
204 0 2 1530 349 3445 523
205 0 1 1537 5 40 7
206 1 15 1543 24 82 36
207 0 3 1552 634 6439 951
208 1 5 1559 1649 17493 2473
209 0 3 1567 4 33 6
210 1 3 1575 1 9 1
211 1 3 1583 2 17 3
212 0 1 1591 1 9 1
213 1 2 1597 4 32 6
214 0 11 1604 621 2796 931
215 0 4 1613 1 10 1
216 0 9 1621 115 453 172
217 0 2 1630 6 48 9
218 0 1 1637 13 107 19
219 1 8 1641 1 3 1
220 1 11 1649 38 135 57
221 0 2 1658 7 56 10
222 0 8 1665 734 3345 1101
223 0 16 1674 6 18 9
224 0 4 1683 587 5940 880
225 0 1 1691 25 215 37
226 1 1 1697 171 1630 256
227 1 1 1702 1 8 1
228 0 3 1708 91 840 136
229 0 5 1716 1 10 1
230 0 37 1724 1 4 1
231 0 1 1733 1 9 1
232 0 6 1739 31 270 46
233 0 2 1747 49 438 73
234 0 9 1754 1 4 1
235 0 1 1763 26 224 39
236 0 1 1769 19257 226683 28885
237 0 5 1775 2 17 3
238 0 4 1783 85 782 127
239 1 3 1791 1 12 1
240 0 2 1799 1 9 1
241 0 5 1806 2 17 3
242 0 2 1814 3 25 4
243 0 3 1821 1 10 1
244 0 6 1829 424 4225 636
245 0 2 1837 4 33 6
246 0 31 1844 1 3 1
247 0 4 1853 1 10 1
248 0 3 1861 1 9 1
249 0 3 1869 6657 75017 9985
250 0 5 1877 7 56 10
251 1 2 1885 1 9 1
252 1 3 1892 1 10 1
253 0 1 1899 1 10 1
254 1 5 1905 29 251 43
255 1 3 1913 1 10 1
256 1 13 1921 4 12 6
257 0 11 1930 1 5 1
258 1 2 1939 1 9 1
259 0 2 1946 213 2053 319
260 0 4 1953 10 81 15
261 1 4 1961 71 647 106
262 0 3 1969 28 242 42
263 1 3 1977 3 25 4
264 1 1 1985 1 11 1
265 1 2 1989 1 9 1
266 1 11 1996 71 268 106
267 0 6 2005 64505 389630 96757
268 0 1 2013 3477 38113 5215
269 1 3 2019 1 10 1
270 0 2 2027 2 17 3
271 0 1 2034 1 10 1
272 0 1 2040 123 1153 184
273 1 3 2046 102 947 153
274 1 8 2054 1 4 1
275 1 5 2063 22 188 33
276 1 13 2071 7 21 10
277 1 3 2080 43 381 64
278 1 2 2088 1 9 1
279 0 4 2095 17 143 25
280 0 1 2103 107 996 160
281 0 3 2109 834 8578 1251
282 0 2 2117 1 11 1
283 0 14 2124 20 67 30
284 1 1 2133 7 56 10
285 1 3 2138 73 666 109
286 0 1 2146 1 9 1
287 0 3 2152 8 64 12
288 0 1 2160 1 10 1
289 1 2 2166 1 9 1
290 0 1 2173 1217 12735 1825
291 1 5 2179 3 25 4
292 1 2 2187 12 98 18
293 0 5 2194 24 206 36
294 1 6 2202 8 64 12
295 0 6 2210 1 10 1
296 1 1 2218 2 17 3
297 0 1 2225 25 215 37
298 1 9 2231 2 6 3
299 0 2 2240 725 7409 1087
300 1 2 2247 909 9387 1363
301 1 3 2254 1 9 1
302 1 3 2262 15 125 22
303 1 3 2269 23 197 34
304 0 9 2277 68 256 102
305 1 6 2286 10 81 15
306 0 3 2294 52 466 78
307 0 8 2302 1 5 1
308 0 1 2311 3 25 4
309 0 3 2317 474 4749 711
310 0 4 2325 1 9 1
311 0 6 2333 1 4 1
312 0 3 2341 2 17 3
313 1 2 2349 180 1720 270
314 0 3 2356 762391 10301069 1143586
315 1 17 2364 1 7 1
316 1 4 2373 3 25 4
317 0 4 2381 1 10 1
318 1 2 2389 1 11 1
319 0 8 2396 1 4 1
320 0 3 2404 11 90 16
321 0 5 2412 57 513 85
322 0 5 2420 416 4142 624
323 0 1 2428 2 17 3
324 1 2 2435 1 9 1
325 0 1 2442 1795 19114 2692
326 0 1 2447 1 10 1
327 0 6 2453 1 5 1
328 1 5 2461 1 11 1
329 1 15 2469 5 15 7
330 1 4 2478 2 17 3
331 1 4 2486 108 1006 162
332 0 3 2494 34 297 51
333 0 2 2501 323910 4245369 485865
334 0 2 2508 4 33 6
335 0 4 2515 3298 36069 4947
336 1 3 2523 1559 16497 2338
337 0 6 2531 1 9 1
338 0 1 2539 40 353 60
339 0 1 2546 7378 83501 11067
340 0 6 2553 1 3 1
341 1 2 2561 3 25 4
342 1 6 2568 1 10 1
343 0 34 2576 1 4 1
344 1 3 2585 85 782 127
345 0 1 2593 3173 34644 4759
346 1 12 2598 18233 102504 27349
347 1 2 2607 735 7516 1102
348 0 2 2614 2631 28493 3946
349 0 1 2621 1 9 1
350 1 5 2628 20 170 30
351 0 3 2636 2 17 3
352 0 3 2643 1 10 1
353 0 1 2651 1270 13316 1905
354 0 13 2656 1 3 1
355 1 3 2665 43 381 64
356 1 8 2672 9 27 13
357 0 22 2680 6 18 9
358 0 5 2689 205 1972 307
359 1 5 2697 1 11 1
360 1 17 2705 1 4 1
361 1 1 2714 1 9 1
362 1 1 2720 1 10 1
363 1 3 2726 1 10 1
364 0 6 2734 14 116 21
365 1 1 2742 240 2326 360
366 1 2 2748 364 3601 546
367 0 1 2755 2 17 3
368 0 3 2761 5 41 7
369 0 6 2769 25 215 37
370 1 8 2777 267 1127 400
371 1 1 2785 3 25 4
372 0 4 2791 7 56 10
373 1 1 2799 1 9 1
374 0 2 2805 11196 128921 16794
375 1 4 2812 3 25 4
376 0 2 2820 12 99 18
377 0 1 2827 33 289 49
378 0 1 2833 4992 55575 7488
379 1 2 2838 1 9 1
380 0 2 2845 3 25 4
381 1 5 2852 2 17 3
382 1 4 2860 1 11 1
383 0 1 2868 5 41 7
384 1 4 2874 5120 57061 7680
385 0 6 2882 2363 25470 3544
386 0 1 2890 96 889 144
387 1 1 2896 3 25 4
388 1 5 2901 16 134 24
389 0 1 2909 17 143 25
390 1 12 2915 21 70 31
391 0 1 2924 303 2971 454
392 1 3 2929 182 1740 273
393 1 3 2937 1 9 1
394 0 3 2945 1 10 1
395 1 6 2953 7 56 10
396 1 4 2961 1 9 1
397 0 3 2969 2 17 3
398 1 2 2977 1 12 1
399 0 1 2984 1 10 1
400 0 1 2989 21 179 31
401 0 4 2995 3 25 4
402 1 4 3003 493 4948 739
403 1 1 3011 1 10 1
404 0 1 3018 211 2033 316
405 0 7 3023 71 268 106
406 0 4 3031 20 170 30
407 0 4 3039 1 9 1
408 1 5 3047 76 695 114
409 1 3 3055 1 11 1
410 1 5 3063 2260 24312 3390
411 1 1 3071 5 41 7
412 0 3 3077 1 9 1
413 1 2 3084 1 11 1
414 1 3 3091 2 17 3
415 1 1 3099 2 17 3
416 0 1 3106 24 206 36
417 1 1 3112 3048 33221 4572
418 0 2 3118 1 12 1
419 0 4 3125 17 143 25
420 0 1 3133 5 41 7
421 1 9 3140 3548 18023 5322
422 0 2 3149 37 325 55
423 0 2 3156 1 9 1
424 1 12 3163 1 4 1
425 1 4 3172 40 353 60
426 1 5 3180 2474 26721 3711
427 1 5 3188 19 161 28
428 0 1 3196 1 9 1
429 1 1 3201 1 9 1
430 0 2 3207 1 9 1
431 0 2 3214 133 1252 199
432 0 2 3221 256 2490 384
433 0 2 3228 1 10 1
434 1 1 3235 1 9 1
435 1 1 3241 9 72 13
436 1 2 3246 262160 3409806 393240
437 1 4 3253 1 15 1
438 0 1 3261 5 40 7
439 1 9 3268 2 7 3
440 0 4 3277 38 335 57
441 1 2 3285 1 9 1
442 1 7 3292 1 4 1
443 0 1 3300 1 9 1
444 0 1 3307 5 40 7
445 1 8 3313 792 3629 1188
446 0 10 3322 1 3 1
447 0 1 3331 121 1134 181
448 0 2 3337 359 3549 538
449 1 4 3344 1 13 1
450 1 6 3352 4 33 6
451 0 4 3360 18494 217348 27741
452 1 4 3368 8 64 12
453 1 4 3376 1 9 1
454 1 2 3384 6 48 9
455 1 51 3391 4826 25007 7239
456 1 2 3401 5 40 7
457 0 1 3408 65 589 97
458 0 1 3414 1 9 1
459 1 4 3420 76 695 114
460 0 4 3428 11 90 16
461 1 1 3436 2 17 3
462 1 1 3441 3 25 4
463 0 4 3447 1 10 1
464 0 1 3455 8 64 12
465 1 15 3461 1 6 1
466 1 3 3470 523 5264 784
467 0 11 3478 1 4 1
468 0 2 3487 98 908 147
469 0 3 3494 7 56 10
470 1 2 3502 1 10 1
471 1 1 3509 1 10 1
472 1 2 3514 820 8428 1230
473 0 3 3521 2 17 3
474 0 5 3529 1 9 1
475 0 11 3537 1 4 1
476 0 5 3546 218 2103 327
477 1 3 3554 34 297 51
478 0 2 3562 1 9 1
479 0 2 3569 11347 130732 17020
480 1 1 3576 1 9 1
481 0 4 3582 3 25 4
482 0 1 3590 1 10 1
483 0 1 3596 191 1831 286
484 1 2 3602 1 11 1
485 0 1 3609 1 10 1
