0 0 4 5 1 9 1
1 0 5 13 1 10 1
2 0 3 22 1 10 1
3 1 2 29 45998 560410 68997
4 0 8 36 2 6 3
5 1 1 45 20 170 30
6 1 3 50 4 33 6
7 0 6 57 1 11 1
8 0 1 66 6 48 9
9 0 11 71 66 248 99
10 1 3 81 7 56 10
11 1 1 88 30654 367584 45981
12 0 3 92 1 12 1
13 1 2 99 204062 2629967 306093
14 0 3 105 12 98 18
15 0 3 112 29 252 43
16 1 2 119 2995 32619 4492
17 0 1 125 1024 10632 1536
18 0 2 129 759 7773 1138
19 1 2 135 702 7163 1053
20 0 2 142 1 9 1
21 1 2 148 2 17 3
22 1 9 154 1 3 1
23 1 5 163 47 419 70
24 1 8 171 38 135 57
25 0 2 180 1 9 1
26 1 1 186 5 41 7
27 0 1 190 1 11 1
28 0 6 194 1 3 1
29 0 1 203 1 9 1
30 1 2 206 13 107 19
31 0 8 212 1 5 1
32 1 3 221 1 9 1
33 1 5 228 1 10 1
34 1 12 236 43 155 64
35 1 1 246 1 10 1
36 1 6 251 1 11 1
37 0 8 260 49 179 73
38 1 3 269 1 9 1
39 1 4 276 4 33 6
40 1 1 284 111 1035 166
41 0 1 287 600 6078 900
42 1 1 289 315 3094 472
43 0 1 293 18 152 27
44 0 4 299 1 9 1
45 1 6 307 754 7719 1131
46 0 7 316 1705 8247 2557
47 0 21 325 16 52 24
48 0 2 336 1 9 1
49 1 6 343 162 1540 243
50 1 4 352 1 11 1
51 1 3 360 1 10 1
52 1 12 367 407 1775 610
53 0 9 377 1 5 1
54 1 10 386 9 27 13
55 1 3 396 161 1530 241
56 0 2 404 10218 117218 15327
57 0 1 410 10433 119787 15649
58 1 1 416 69 628 103
59 0 2 421 6 48 9
60 1 1 428 31 270 46
61 1 1 431 330 3249 495
62 0 1 436 1 9 1
63 0 1 441 104 967 156
64 0 7 444 1 4 1
65 1 18 453 38197 224094 57295
66 0 1 463 8 64 12
67 0 1 469 71 647 106
68 0 4 473 4 33 6
69 1 1 481 25 215 37
70 1 1 487 816 8384 1224
71 1 2 492 52 466 78
72 0 6 499 43 381 64
73 1 2 508 486 4874 729
74 0 4 514 1 9 1
75 1 4 522 83913 1046205 125869
76 1 2 530 1 10 1
77 0 4 537 3586 39361 5379
78 0 107 545 1102 5171 1653
79 0 1 558 739 7559 1108
80 1 1 563 1 10 1
81 1 1 567 1 10 1
82 1 3 571 125 1173 187
83 1 1 578 1432 15096 2148
84 1 2 582 113 1055 169
85 1 2 589 1 9 1
86 1 1 596 5 40 7
87 1 3 600 245 2378 367
88 0 2 607 1 9 1
89 1 1 613 7 56 10
90 0 6 618 1 9 1
91 1 2 627 1 12 1
92 0 2 633 2 17 3
93 1 148 640 8 24 12
94 0 10 653 1599 7700 2398
95 1 1 663 3 25 4
96 1 1 667 8 64 12
97 0 1 671 5 41 7
98 0 3 675 15 125 22
99 1 2 682 1 11 1
100 0 1 689 41 362 61
101 1 8 694 5 15 7
102 1 3 703 99 918 148
103 1 1 710 298 2919 447
104 0 5 714 1 10 1
105 0 1 722 1 11 1
106 0 1 726 5755 64457 8632
107 0 2 731 65 590 97
108 0 2 738 15 125 22
109 1 1 744 96904 1214771 145356
110 0 3 749 1 9 1
111 0 2 756 3758 41332 5637
112 1 4 763 665 6769 997
113 0 2 771 694 7078 1041
114 1 9 777 1 4 1
115 0 8 786 5618 29394 8427
116 1 2 795 53570 656524 80355
117 0 2 801 1 9 1
118 1 4 807 124 1163 186
119 1 4 815 5 40 7
120 1 2 823 1 11 1
121 0 2 829 63 571 94
122 1 2 835 1 11 1
123 1 6 841 5 41 7
124 1 3 850 1 9 1
125 0 1 857 2 17 3
126 1 17 861 361 1560 541
127 0 3 871 2 17 3
128 0 3 878 1 8 1
129 0 4 885 2 17 3
130 0 25 893 14 45 21
131 1 2 904 1 10 1
132 1 1 911 2069 22171 3103
133 0 3 916 30 261 45
134 1 2 923 25 215 37
135 1 37 930 5 15 7
136 0 1 941 489 4906 733
137 0 12 946 4 12 6
138 1 3 956 1 9 1
139 0 5 963 166 1580 249
140 1 1 971 3 25 4
141 0 4 975 2 17 3
142 1 2 983 1 11 1
143 1 1 989 1232 12900 1848
144 0 1 995 3 25 4
145 1 1 999 9 73 13
146 1 7 1004 1 3 1
147 1 1 1013 1 11 1
148 0 3 1016 68 618 102
149 0 4 1024 121 1133 181
150 0 1 1032 1 9 1
151 0 2 1036 427 4256 640
152 1 2 1042 8934 101920 13401
153 1 2 1048 13 108 19
154 0 3 1055 7182 81192 10773
155 1 2 1062 5 41 7
156 0 4 1069 9 73 13
157 1 2 1077 1 11 1
158 1 1 1083 1 9 1
159 1 13 1088 828 3807 1242
160 1 2 1098 1 11 1
161 0 2 1104 14 116 21
162 1 4 1110 2 17 3
163 1 2 1118 1 12 1
164 1 7 1124 1 4 1
165 1 1 1133 2 17 3
166 1 2 1137 362 3580 543
167 1 3 1144 1 10 1
168 1 1 1151 1 9 1
169 1 3 1155 34 297 51
170 1 5 1162 1 9 1
171 0 2 1170 2959 32209 4438
172 1 6 1177 27 233 40
173 1 3 1186 59726 735042 89589
174 0 9 1193 58 215 87
175 0 5 1202 6 48 9
176 1 6 1210 8 64 12
177 0 11 1219 133 531 199
178 1 1 1229 17 143 25
179 1 4 1234 10 81 15
180 0 8 1242 6 18 9
181 1 6 1251 360 3560 540
182 1 3 1260 18 152 27
183 1 6 1267 433 4319 649
184 1 13 1276 1 3 1
185 0 1 1286 32 279 48
186 0 1 1290 653 6641 979
187 1 1 1293 1 10 1
188 0 1 1299 59 532 88
189 1 2 1305 3620 39750 5430
190 1 1 1312 5 40 7
191 0 4 1315 114044 1438421 171066
192 1 1 1323 19 161 28
193 0 3 1328 29 251 43
194 1 6 1336 1 9 1
195 1 2 1345 19 161 28
196 0 7 1351 1 4 1
197 1 8 1360 1 4 1
198 1 4 1369 2 17 3
199 1 2 1377 1 9 1
200 1 22 1384 2 7 3
201 1 2 1395 2 17 3
202 0 1 1402 2874 31244 4311
203 1 1 1406 20 170 30
204 1 1 1412 3 25 4
205 0 1 1417 1 10 1
206 1 11 1422 1 6 1
207 1 1 1432 1 9 1
208 0 3 1438 12 98 18
209 0 4 1445 9 73 13
210 1 4 1453 15 125 22
211 0 41 1461 5695 29822 8542
212 1 2 1473 7 56 10
213 1 1 1479 1 9 1
214 1 5 1484 1179 12320 1768
215 0 2 1492 4542 50362 6813
216 1 2 1498 1 10 1
217 0 3 1504 225 2174 337
218 1 2 1511 1 9 1
219 0 3 1517 6187 69507 9280
220 0 3 1524 1 11 1
221 0 5 1531 119 1114 178
222 1 4 1539 1 9 1
223 0 2 1547 35 307 52
224 0 16 1553 592 2656 888
225 1 1 1563 1 9 1
226 1 5 1566 709 7238 1063
227 0 3 1575 1 11 1
228 0 3 1582 38 335 57
229 1 4 1589 17 143 25
230 0 1 1597 1 11 1
231 0 2 1601 1 9 1
232 1 2 1607 9 73 13
233 0 30 1613 770 3521 1155
234 1 8 1624 22 74 33
235 0 4 1633 156 1480 234
236 0 2 1641 1 9 1
237 0 5 1647 46 409 69
238 0 8 1655 15945 88934 23917
239 1 2 1664 2 17 3
240 1 4 1670 1480 15625 2220
241 0 2 1678 33 288 49
242 1 3 1684 1 10 1
243 0 2 1691 1 9 1
244 1 1 1697 1 9 1
245 1 3 1701 86 792 129
246 0 3 1708 29 251 43
247 0 1 1715 3 25 4
248 0 1 1719 617 6258 925
249 0 2 1723 2 17 3
250 1 3 1729 585 5919 877
251 1 1 1736 1 9 1
252 0 2 1741 197 1891 295
253 1 1 1748 23 197 34
254 0 9 1753 966 4491 1449
255 1 2 1762 1 9 1
256 0 2 1768 1289 13524 1933
257 1 5 1774 1 9 1
258 0 2 1782 1 10 1
259 1 2 1789 6 48 9
260 0 3 1795 1 9 1
261 1 2 1802 35 307 52
262 1 1 1809 4 33 6
263 0 1 1815 4 33 6
264 1 11 1820 2 6 3
265 1 2 1830 509 5116 763
266 0 5 1836 1 9 1
267 0 5 1844 240 2327 360
268 1 4 1852 11 90 16
269 0 9 1860 263 1109 394
270 0 8 1869 2516 12494 3774
271 1 6 1878 1 9 1
272 1 1 1887 31 270 46
273 0 2 1893 1 10 1
274 0 14 1900 326 1398 489
275 1 6 1910 8705 46807 13057
276 1 1 1919 7 56 10
277 0 8 1924 1 3 1
278 0 3 1933 1 10 1
279 0 8 1941 1 4 1
280 1 4 1950 1 13 1
281 1 3 1958 1 10 1
282 0 1 1965 3 25 4
283 0 2 1969 39 344 58
284 1 3 1975 184 1760 276
285 0 2 1982 470 4707 705
286 1 3 1988 33 288 49
287 1 19 1995 7495 39930 11242
288 1 2 2006 454 4539 681
289 1 1 2012 11 90 16
290 1 2 2016 13 108 19
291 1 2 2023 1 13 1
292 0 5 2029 1 9 1
293 0 2 2037 1 10 1
294 1 3 2043 5 41 7
295 1 2 2051 11 90 16
296 0 5 2057 26 224 39
297 1 2 2065 1650 17505 2475
298 0 1 2072 1 10 1
299 1 9 2077 1 3 1
300 1 8 2086 1 3 1
301 0 1 2095 115 1075 172
302 1 1 2101 6 48 9
303 1 14 2106 8 24 12
304 1 2 2116 1 10 1
305 1 5 2122 210 2022 315
306 1 2 2130 1 10 1
307 0 4 2137 17 143 25
308 1 1 2145 266 2592 399
309 1 2 2149 189 1811 283
310 1 4 2155 2 17 3
311 1 3 2163 2 17 3
312 0 1 2170 59510 732281 89265
313 0 1 2176 55 494 82
314 1 3 2179 7 56 10
315 1 1 2186 2 17 3
316 1 2 2191 698 7121 1047
317 0 1 2197 1004 10415 1506
318 0 8 2202 1 6 1
319 1 2 2211 1762 18748 2643
320 1 2 2217 1 11 1
321 1 3 2223 12 99 18
322 1 1 2230 3 25 4
323 1 2 2235 1 9 1
324 0 5 2242 1 9 1
325 1 4 2250 1 9 1
326 1 1 2258 1 9 1
327 0 1 2262 1 11 1
328 0 7 2267 2 6 3
329 1 2 2276 1 10 1
330 1 17 2282 26 89 39
331 1 5 2292 381 3777 571
332 1 2 2300 8 64 12
333 0 1 2306 80672 1004294 121008
334 0 1 2310 14 116 21
335 0 5 2314 2 17 3
336 1 1 2322 307 3012 460
337 1 10 2327 2 7 3
338 0 1 2337 5 41 7
339 1 4 2342 1 9 1
340 0 1 2350 1 9 1
341 0 4 2356 1 9 1
342 1 1 2364 5 40 7
343 1 31 2369 1 3 1
344 0 1 2380 6935 78285 10402
345 1 2 2385 376 3725 564
346 0 2 2392 31 270 46
347 1 4 2398 1 10 1
348 0 2 2406 2411 26010 3616
349 0 4 2412 1 10 1
350 0 6 2420 12439 68356 18658
351 1 3 2429 1 9 1
352 0 9 2436 5 15 7
353 1 2 2445 1 9 1
354 0 1 2451 6 48 9
355 0 15 2454 1 4 1
356 1 1 2464 1 11 1
357 0 11 2469 6287 33128 9430
358 0 6 2479 1 4 1
359 1 9 2488 1 5 1
360 0 4 2497 3306 36160 4959
361 0 1 2505 108 1006 162
362 0 5 2510 1 9 1
363 0 2 2518 1 10 1
364 1 14 2524 98 381 147
365 1 5 2534 2 17 3
366 0 3 2542 3962 43675 5943
367 1 1 2549 175 1670 262
368 0 2 2554 18 152 27
369 1 4 2560 118 1104 177
370 1 2 2568 4 33 6
371 1 6 2575 8 64 12
372 1 1 2584 1048 10893 1572
373 0 8 2587 292 1241 438
374 1 2 2596 1 8 1
375 1 2 2603 29873 357854 44809
376 1 3 2609 10911 125506 16366
377 0 17 2616 12 38 18
378 1 5 2626 3598 39498 5397
379 0 4 2634 1 9 1
380 1 16 2642 12602 69306 18903
381 0 23 2652 3 9 4
382 0 3 2663 10 81 15
383 1 3 2671 849 8740 1273
384 1 5 2678 3 25 4
385 1 1 2686 1 11 1
386 0 2 2690 2 17 3
387 0 2 2696 1 10 1
388 0 2 2702 1 9 1
389 1 2 2709 2 17 3
390 1 1 2715 14 116 21
391 1 3 2720 9 73 13
392 0 3 2727 1 9 1
393 1 3 2734 1 12 1
394 0 4 2742 1 10 1
395 1 6 2750 1 10 1
396 0 9 2759 2 6 3
397 1 8 2768 1 3 1
398 1 8 2777 1 3 1
399 1 1 2786 2870 31200 4305
400 0 11 2791 6916 36661 10374
401 0 1 2801 886 9139 1329
402 1 2 2806 82 753 123
403 1 1 2813 155 1471 232
404 1 6 2818 1 9 1
405 0 4 2827 1 9 1
406 1 6 2835 1364 14348 2046
407 0 1 2844 229 2215 343
408 1 1 2850 11880055 175949605 17820082
409 1 1 2855 1 10 1
410 1 24 2860 785 3595 1177
411 0 2 2871 1 10 1
412 0 5 2878 1 12 1
413 1 2 2886 1 11 1
414 1 2 2892 1 10 1
415 1 31 2898 214 888 321
416 0 7 2909 2 6 3
417 0 2 2918 68 618 102
418 0 10 2925 1 4 1
419 1 7 2934 35 124 52
420 0 2 2943 4 33 6
421 1 2 2949 13 107 19
422 0 5 2955 1 9 1
423 1 9 2964 1 4 1
424 1 2 2973 1 10 1
425 0 3 2979 810 8320 1215
426 1 1 2986 1 10 1
427 0 1 2991 1 10 1
428 0 3 2996 29 251 43
429 0 23 3003 2 7 3
430 1 2 3014 124 1163 186
431 0 2 3020 6968 78673 10452
432 1 3 3026 1 9 1
433 0 3 3034 1 9 1
434 1 5 3041 1 12 1
435 0 3 3049 1 9 1
436 1 3 3056 349 3445 523
437 1 9 3064 10 31 15
438 0 6 3073 1 10 1
439 0 5 3082 370 3663 555
440 1 3 3090 10 81 15
441 1 5 3098 1 10 1
442 0 3 3106 116 1084 174
443 0 7 3114 1 4 1
444 0 11 3123 1 3 1
445 1 6 3133 7 21 10
446 1 2 3142 1 10 1
447 0 1 3149 3 25 4
448 0 3 3154 700 7142 1050
449 1 2 3161 9930 113780 14895
450 1 2 3167 1 9 1
451 1 12 3173 1 5 1
452 0 1 3183 1 9 1
453 1 4 3188 3 25 4
454 1 3 3196 2 17 3
455 0 15 3204 1 4 1
456 0 7 3214 2 7 3
457 0 4 3223 1 9 1
458 0 3 3231 2 17 3
459 1 18 3239 1 4 1
460 1 2 3249 23 197 34
461 0 2 3255 4 33 6
462 1 2 3262 1 9 1
463 1 6 3269 369 1597 553
464 1 2 3278 4 33 6
465 1 4 3284 8 64 12
466 0 1 3292 25 215 37
467 0 14 3297 160668 1019035 241002
468 0 2 3307 36 316 54
469 0 3 3313 2 17 3
470 0 3 3321 1 9 1
471 1 15 3329 1 4 1
472 1 3 3339 83 762 124
473 1 8 3346 10 31 15
474 0 5 3355 126 1183 189
475 1 75 3363 71 268 106
476 0 1 3375 52 466 78
477 0 11 3380 13 41 19
478 1 4 3390 2 17 3
479 0 2 3398 1 9 1
480 0 3 3405 1 9 1
481 1 4 3413 47 419 70
482 1 2 3421 3204 34997 4806
483 1 2 3427 1371 14424 2056
484 1 4 3434 43 381 64
485 1 5 3442 127 1193 190
486 1 1 3451 56 504 84
487 1 5 3456 2 17 3
488 1 2 3464 2 17 3
489 0 2 3470 22625 268054 33937
490 0 2 3477 16 134 24
491 0 1 3484 2 17 3
492 1 26 3488 1028 4800 1542
493 1 2 3499 5 40 7
494 1 2 3506 1062 11045 1593
495 0 2 3512 1 9 1
496 1 3 3518 3 25 4
497 0 2 3525 67473 834276 101209
498 1 2 3531 128 1202 192
499 1 3 3537 1 9 1
500 0 2 3544 7 56 10
501 1 3 3550 1 9 1
502 1 2 3558 1 10 1
503 0 3 3564 1 10 1
504 1 3 3571 692 7057 1038
505 1 1 3578 1 10 1
506 1 3 3583 1 10 1
507 1 5 3590 509 5116 763
508 0 3 3598 15 125 22
509 1 6 3606 9 72 13
