0 1 1 5 40 353 60
1 0 2 11 14 116 21
2 1 3 18 6 18 9
3 1 1 26 63 570 94
4 0 1 31 643 6534 964
5 0 4 37 2 7 3
6 1 1 45 18 152 27
7 1 5 51 5 15 7
8 1 5 59 2126 10439 3189
9 0 1 67 3 25 4
10 0 1 72 1 9 1
11 0 3 79 4 13 6
12 1 10 87 1 3 1
13 0 3 96 11 34 16
14 0 16 104 32 112 48
15 0 2 113 102680 1289990 154020
16 0 3 120 1 10 1
17 0 2 127 1 9 1
18 1 6 134 9 27 13
19 0 4 142 1 4 1
20 1 6 150 1 5 1
21 1 16 158 2 7 3
22 0 3 167 4 32 6
23 1 7 174 9 27 13
24 0 6 182 1 4 1
25 0 3 190 111 436 166
26 0 18 198 1022 4770 1533
27 1 2 207 2 17 3
28 0 6 214 1 4 1
29 0 2 222 6 48 9
30 1 1 229 7781 88258 11671
31 0 4 236 385 1672 577
32 1 9 244 1 4 1
33 0 3 253 24 81 36
34 1 1 261 158 1500 237
35 0 1 267 2881 31324 4321
36 0 2 273 66 599 99
37 1 2 280 50 447 75
38 0 5 287 1 3 1
39 1 1 295 5 40 7
40 0 8 301 63 235 94
41 0 2 309 1 9 1
42 0 2 316 2 17 3
43 1 2 323 1 11 1
44 1 1 330 20 170 30
45 1 1 336 56 504 84
46 0 14 343 2 6 3
47 0 3 352 1 4 1
48 0 2 360 2 17 3
49 0 7 367 1 3 1
50 0 3 375 2586 12865 3879
51 0 5 383 726 3306 1089
52 0 2 391 1 12 1
53 1 1 398 244 2367 366
54 1 3 404 20 67 30
55 1 7 412 2 7 3
56 0 6 420 24 81 36
57 1 7 428 1 3 1
58 1 2 436 151 1431 226
59 0 2 443 1 8 1
60 1 4 450 7 21 10
61 1 3 458 32851 395004 49276
62 0 2 465 14 116 21
63 1 10 472 29 101 43
64 0 1 481 1 12 1
65 0 28 487 1 3 1
66 0 2 496 22 188 33
67 1 10 503 11 34 16
68 1 1 512 2 17 3
69 0 5 518 1 4 1
70 1 3 526 1 5 1
71 1 2 534 1 12 1
72 1 11 541 1 3 1
73 0 8 550 1 5 1
74 1 11 558 1 4 1
75 0 1 567 9 72 13
76 0 2 572 825 8481 1237
77 0 1 579 3 25 4
78 1 4 585 1 4 1
79 1 3 593 1 4 1
80 0 4 601 19 63 28
81 0 1 609 56 504 84
82 1 1 612 4 33 6
83 1 2 617 1 8 1
84 1 3 624 1 5 1
85 0 7 632 13 41 19
86 1 3 640 3 10 4
87 0 3 648 35 124 52
88 1 4 656 3783 19297 5674
89 0 5 664 1 5 1
90 1 6 672 1 5 1
91 0 3 680 6777 76427 10165
92 0 1 687 2 17 3
93 0 3 693 41 147 61
94 0 4 701 1 3 1
95 1 5 709 1 4 1
96 1 2 717 8 64 12
97 0 1 724 1852 19749 2778
98 0 4 730 8 24 12
99 0 14 738 6029 31685 9043
100 0 5 747 100 389 150
101 1 3 755 110 1025 165
102 0 5 762 17 56 25
103 0 1 770 22 188 33
104 1 2 776 4 33 6
105 0 3 783 3 10 4
106 1 3 791 1 5 1
107 0 2 799 20 170 30
108 0 6 806 1 4 1
109 0 1 814 3 25 4
110 0 4 820 12831 70642 19246
111 1 6 828 1 4 1
112 0 3 836 1 11 1
113 0 1 844 1 9 1
114 0 3 850 2 17 3
115 1 2 858 25 215 37
116 1 1 865 3274 35795 4911
117 1 1 872 11 90 16
118 1 20 879 1673 8082 2509
119 0 1 888 2 17 3
120 0 1 893 11 90 16
121 1 1 900 7 56 10
122 1 6 906 77 293 115
123 0 10 914 1 3 1
124 1 5 923 1 4 1
125 0 3 931 1 10 1
126 0 8 938 281 1191 421
127 1 3 947 201 829 301
128 1 2 955 36219 437174 54328
129 1 3 962 1 3 1
130 0 4 970 665 3009 997
131 0 3 978 17 56 25
132 1 7 986 78993 482442 118489
133 0 1 994 4 33 6
134 0 1 1000 1 9 1
135 0 3 1007 1 10 1
136 1 1 1014 1 11 1
137 0 3 1021 118 466 177
138 0 1 1029 2 17 3
139 0 3 1033 1 4 1
140 0 1 1041 30 261 45
141 1 6 1047 18 59 27
142 1 4 1055 1235 5842 1852
143 0 4 1063 55 203 82
144 0 2 1071 1 11 1
145 1 2 1078 1 11 1
146 0 2 1085 448 4476 672
147 1 3 1092 500 2215 750
148 0 1 1100 1 10 1
149 1 2 1106 1 8 1
150 1 2 1113 2 17 3
151 1 3 1120 1 4 1
152 1 4 1128 4 12 6
153 0 6 1136 20 67 30
154 1 4 1144 92 356 138
155 1 2 1152 6 48 9
156 0 3 1159 56 207 84
157 1 6 1167 58 215 87
158 0 7 1175 27 93 40
159 0 1 1183 12 98 18
160 0 1 1189 649 6598 973
161 1 2 1195 1 9 1
162 1 1 1202 535 5390 802
163 0 2 1209 1 11 1
164 1 11 1216 162 657 243
165 0 13 1225 1 4 1
166 1 3 1234 1 3 1
167 1 3 1242 143 574 214
168 0 2 1250 8 64 12
169 1 2 1257 16884 197699 25326
170 0 6 1264 3058 15384 4587
171 0 3 1272 1 4 1
172 0 3 1280 20 67 30
173 1 8 1288 54 199 81
174 0 5 1296 1 3 1
175 0 1 1304 78 714 117
176 0 22 1310 1 4 1
177 0 4 1319 1109 5206 1663
178 0 1 1327 7 56 10
179 1 3 1333 30 104 45
180 0 1 1341 1494 15779 2241
181 0 1 1348 1 8 1
182 1 1 1355 88 811 132
183 1 2 1360 2 17 3
184 1 2 1367 1 10 1
185 0 5 1374 19 63 28
186 0 2 1382 1 10 1
187 1 4 1389 3 9 4
188 0 2 1397 4 33 6
189 0 5 1404 114 449 171
190 0 5 1412 2391 11833 3586
191 1 1 1420 75 685 112
192 1 1 1427 541 5454 811
193 1 1 1434 1 9 1
194 1 3 1440 1 9 1
195 0 2 1448 534 5380 801
196 0 2 1455 1 9 1
197 1 4 1462 56 207 84
198 0 1 1470 1329 13963 1993
199 0 10 1476 1 3 1
200 0 29 1485 405 1766 607
201 0 1 1494 824 8471 1236
202 1 2 1500 129 1213 193
203 1 1 1507 33 288 49
204 0 5 1513 182 745 273
205 0 22 1521 1 4 1
206 1 7 1530 3 10 4
207 0 2 1538 6 48 9
208 1 6 1545 25 85 37
209 0 1 1553 16 134 24
210 0 4 1559 1 3 1
211 1 2 1567 12193 140893 18289
212 0 3 1574 120 474 180
213 0 1 1582 1 11 1
214 1 1 1587 1 11 1
215 0 4 1594 18 59 27
216 0 1 1602 16 134 24
217 1 5 1608 3 9 4
218 1 6 1616 1 3 1
219 1 3 1624 1 11 1
220 0 8 1631 55 203 82
221 1 3 1639 4 12 6
222 0 4 1647 1 4 1
223 0 1 1655 8 64 12
224 1 2 1661 12 98 18
225 1 2 1668 1 10 1
226 1 1 1675 1 9 1
227 0 4 1682 3 9 4
228 1 5 1690 14 45 21
229 1 2 1698 1 9 1
230 1 7 1705 2290 11301 3435
231 0 2 1713 4 33 6
232 1 1 1720 276 2694 414
233 0 4 1727 46 167 69
234 1 2 1735 53 476 79
235 0 2 1742 2 17 3
236 0 1 1749 75 685 112
237 0 2 1755 22 188 33
238 1 2 1762 1 9 1
239 1 5 1769 4374 22522 6561
240 1 24 1777 8 24 12
241 0 3 1786 86 330 129
242 1 1 1794 1944 20775 2916
243 1 2 1800 1 9 1
244 0 3 1807 3 10 4
245 1 2 1815 11 90 16
246 0 2 1822 41 363 61
247 0 4 1829 1 4 1
248 0 5 1837 1 3 1
249 1 3 1845 21 178 31
250 1 1 1852 39 344 58
251 0 8 1858 1 5 1
252 0 37 1866 10401 56540 15601
253 0 4 1875 189 776 283
254 0 3 1883 14 45 21
255 0 5 1891 5 15 7
256 1 1 1899 73 666 109
257 0 4 1905 1 3 1
258 0 19 1913 3 10 4
259 1 45 1922 4 13 6
260 0 7 1932 1194 5634 1791
261 0 3 1940 16 134 24
262 0 3 1948 268 2612 402
263 1 7 1955 753 3438 1129
264 0 12 1963 1 6 1
265 0 4 1972 1 5 1
266 1 2 1980 53 475 79
267 0 12 1987 4 12 6
268 1 1 1996 1 13 1
269 1 1 2002 1 10 1
270 1 1 2007 224 2164 336
271 0 3 2014 42 151 63
272 1 1 2022 4 33 6
273 1 2 2028 43 381 64
274 0 1 2035 1 10 1
275 1 5 2041 337 1449 505
276 1 1 2049 15 125 22
277 0 1 2054 550 5548 825
278 0 1 2059 16 134 24
279 1 2 2065 1 9 1
280 1 4 2072 211 874 316
281 1 2 2080 10 81 15
282 0 3 2087 1 9 1
283 1 1 2094 3 25 4
284 0 2 2099 1 9 1
285 0 4 2106 7 21 10
286 0 15 2114 1 4 1
287 0 2 2123 19 161 28
288 1 2 2130 76 695 114
289 1 8 2137 1 4 1
290 1 11 2145 183 749 274
291 0 2 2154 113 1055 169
292 1 2 2161 175 1670 262
293 1 6 2168 16 52 24
294 0 2 2176 92 850 138
295 0 2 2183 197 1891 295
296 1 1 2190 2 17 3
297 0 5 2196 1 5 1
298 1 11 2204 7 21 10
299 1 14 2213 1 3 1
300 1 1 2222 2449 26439 3673
301 1 6 2229 1 3 1
302 0 10 2237 8 24 12
303 1 6 2246 6 18 9
304 0 8 2254 1 3 1
305 1 12 2262 1 3 1
306 0 1 2271 100 927 150
307 0 2 2277 539 5432 808
308 0 2 2284 2 17 3
309 1 2 2291 4 33 6
310 1 3 2298 2 7 3
311 0 3 2306 1 5 1
312 0 1 2314 1 11 1
313 1 4 2320 1 6 1
314 0 3 2328 1 5 1
315 0 3 2336 1 3 1
316 0 12 2344 1 5 1
317 0 11 2353 2 7 3
318 1 1 2362 23 197 34
319 1 2 2368 194 1861 291
320 1 4 2375 1 4 1
321 0 1 2383 6 48 9
322 1 5 2389 2 7 3
323 0 2 2397 5292 59061 7938
324 1 2 2404 1 9 1
325 1 1 2411 185 1770 277
326 1 5 2417 126 500 189
327 0 22 2425 1 3 1
328 0 2 2434 32 279 48
329 0 11 2441 1 4 1
330 0 11 2450 1 4 1
331 1 7 2459 4 12 6
332 0 46 2467 1 5 1
333 0 5 2477 4 12 6
334 0 1 2485 1 10 1
335 0 2 2489 1 9 1
336 1 1 2496 1 12 1
337 1 3 2502 1 9 1
338 1 11 2509 332 1425 498
339 1 4 2518 14 45 21
340 0 16 2526 32 112 48
341 1 3 2535 13 107 19
342 0 8 2543 1 4 1
343 0 2 2552 4 33 6
344 0 1 2559 1 9 1
345 0 23 2565 1 5 1
346 0 2 2574 1 10 1
347 0 7 2581 1 3 1
348 0 1 2589 74586 925761 111879
349 0 2 2596 1 11 1
350 1 1 2603 2565 27747 3847
351 1 2 2609 1 8 1
352 0 2 2616 3 25 4
353 1 1 2623 1 9 1
354 0 3 2630 124 491 186
355 0 5 2638 64100 387050 96150
356 1 3 2646 8 24 12
357 1 15 2654 186 762 279
358 0 1 2663 419 4173 628
359 0 3 2670 1 5 1
360 1 1 2678 1 9 1
361 0 8 2684 1 4 1
362 1 5 2693 257 1082 385
363 1 7 2701 3 9 4
364 1 2 2709 1 10 1
365 1 1 2716 1 9 1
366 1 14 2723 997 4645 1495
367 0 4 2732 36 127 54
368 1 3 2740 5 15 7
369 0 6 2748 89 343 133
370 0 3 2756 1 4 1
371 1 3 2764 1 7 1
372 1 4 2772 988 4600 1482
373 0 3 2780 4 13 6
374 0 4 2788 1 4 1
375 1 3 2796 4736 24511 7104
376 1 2 2804 25 215 37
377 0 1 2811 14 116 21
378 0 7 2817 4 13 6
379 0 1 2825 1 9 1
380 0 9 2831 1032 4820 1548
381 0 10 2840 138 552 207
382 1 4 2849 2245 11064 3367
383 1 33 2857 1 5 1
384 1 8 2866 14 45 21
385 0 1 2874 52 466 78
386 1 7 2879 339 1458 508
387 1 3 2887 1 3 1
388 1 3 2895 22 74 33
389 1 2 2903 240 2327 360
390 1 6 2910 115 453 172
391 0 2 2918 106 986 159
392 1 1 2925 14 116 21
393 1 6 2932 3217 16237 4825
394 0 2 2940 1 8 1
395 0 7 2947 1 4 1
396 1 11 2955 31261 181328 46891
397 1 3 2964 551 2459 826
398 0 5 2972 4576 23631 6864
399 0 3 2980 133 531 199
400 0 5 2988 4 12 6
401 0 4 2996 3634 18489 5451
402 1 4 3004 11101 60585 16651
403 0 3 3012 4 12 6
404 1 1 3020 1 10 1
405 1 2 3026 10 81 15
406 1 2 3033 34 297 51
407 1 1 3040 242828 3149564 364242
408 0 15 3045 11 34 16
409 0 6 3054 1 4 1
410 0 1 3062 596 6035 894
411 1 2 3068 1546 16353 2319
412 0 9 3075 4 12 6
413 0 3 3084 1 3 1
414 1 3 3092 3743 19080 5614
415 1 5 3100 2 6 3
416 0 5 3108 1 4 1
417 0 4 3116 15 48 22
418 1 2 3124 1 12 1
419 1 3 3131 92 355 138
420 0 1 3139 55 494 82
421 0 8 3143 534 2377 801
422 1 1 3152 1 10 1
423 1 3 3159 196 807 294
424 0 1 3167 123 1153 184
425 0 1 3173 533 5369 799
426 1 3 3179 1 4 1
427 0 9 3187 210 869 315
428 1 3 3196 7 56 10
429 0 2 3203 1 11 1
430 0 3 3210 1 11 1
431 1 1 3217 1 10 1
432 1 2 3223 77 704 115
433 1 4 3230 623 2805 934
434 0 2 3238 9 72 13
435 0 36 3245 11 34 16
436 0 4 3254 4 12 6
437 0 6 3262 377 1635 565
438 1 1 3270 1 11 1
439 1 3 3276 10 31 15
440 0 5 3284 1 4 1
441 0 4 3292 5 15 7
442 0 1 3300 49742 607866 74613
443 0 2 3306 282 2755 423
444 0 3 3313 5 15 7
445 0 1 3321 232 2245 348
446 1 3 3327 29 101 43
447 0 3 3335 1 4 1
448 1 1 3343 1 11 1
449 1 3 3349 469 2068 703
450 1 1 3357 124 1163 186
451 0 13 3363 18 59 27
452 1 4 3372 1 5 1
453 0 2 3380 5 40 7
454 0 1 3387 3 25 4
455 0 7 3393 1 5 1
456 0 1 3401 2413 26033 3619
457 0 2 3407 542 5464 813
458 1 3 3414 1 4 1
459 1 10 3422 5486 28660 8229
460 0 2 3431 1 9 1
461 1 2 3438 1 9 1
462 1 2 3445 3 25 4
463 0 4 3452 393 1710 589
464 1 2 3460 1920 20507 2880
465 1 1 3467 81 743 121
466 0 1 3473 1 9 1
467 0 4 3479 1 4 1
468 1 2 3487 1 9 1
469 1 1 3494 4 33 6
470 1 1 3500 107 996 160
471 1 1 3507 39 344 58
472 1 3 3514 9256 105749 13884
473 0 1 3521 477 4780 715
474 1 15 3528 5433 28366 8149
475 0 8 3537 12 38 18
476 1 5 3546 15 48 22
477 0 8 3554 12998 71617 19497
478 0 2 3562 48 428 72
479 1 2 3569 1 9 1
480 0 15 3576 26 89 39
481 0 1 3585 1 10 1
482 0 15 3592 189 776 283
483 1 8 3601 14 45 21
484 1 2 3609 1 8 1
