0 0 5 5 2 6 3
1 0 9 21 1 3 1
2 0 4 38 1 5 1
3 0 3 54 1 4 1
4 0 3 69 1 6 1
5 0 3 84 1 3 1
6 0 2 99 25842 307794 38763
7 0 3 113 1 4 1
8 0 3 128 12 99 18
9 1 5 143 1 5 1
10 0 32 159 14 45 21
11 1 2 178 62 561 93
12 1 2 192 79 724 118
13 1 1 206 47 419 70
14 0 1 217 1 9 1
15 0 1 230 14 116 21
16 1 11 243 77 293 115
17 0 2 260 28 243 42
18 0 1 275 1 10 1
19 1 2 287 1 9 1
20 0 5 301 1 4 1
21 1 4 317 1 4 1
22 1 5 333 1 3 1
23 1 4 349 1 5 1
24 1 3 365 1 4 1
25 0 4 380 3 10 4
26 1 7 396 1 4 1
27 0 3 413 36 127 54
28 1 1 428 6 48 9
29 1 6 439 1 3 1
30 1 8 455 1 3 1
31 0 2 472 371 3673 556
32 0 3 486 14082 77963 21123
33 0 17 501 1 6 1
34 1 33 519 1 5 1
35 0 37 538 1 3 1
36 1 5 557 1 4 1
37 0 1 573 1 9 1
38 1 3 586 35 307 52
39 1 3 601 35444 207065 53166
40 0 4 616 31 108 46
41 0 3 632 49413 294109 74119
42 0 5 647 9 27 13
43 0 6 663 2 6 3
44 0 3 679 1 11 1
45 0 2 694 1 11 1
46 0 3 708 107 996 160
47 1 2 723 1 9 1
48 0 2 737 1 10 1
49 1 23 752 1 4 1
50 0 4 770 32 112 48
51 1 4 786 744 3394 1116
52 0 1 802 12 99 18
53 0 2 813 1348 14172 2022
54 0 2 827 8 64 12
55 0 19 841 1 4 1
56 1 2 859 2346 25279 3519
57 0 6 873 13 41 19
58 0 4 890 1 3 1
59 0 4 906 611 2747 916
60 0 2 922 1 9 1
61 0 1 936 8 64 12
62 1 1 949 16 134 24
63 0 1 959 780 7998 1170
64 0 3 972 2 17 3
65 0 1 987 1 10 1
66 0 3 1000 19 161 28
67 0 7 1015 1 6 1
68 0 1 1032 170 1620 255
69 1 3 1045 1 14 1
70 0 4 1060 22 74 33
71 1 1 1076 5 41 7
72 0 14 1089 3 10 4
73 1 3 1107 2 17 3
74 1 1 1122 1 9 1
75 1 18 1135 1 5 1
76 1 1 1153 24700 293664 37050
77 0 19 1166 11 34 16
78 0 2 1184 136785 1737014 205177
79 0 1 1199 1 10 1
80 0 4 1212 1 4 1
81 0 7 1228 2 7 3
82 0 3 1245 19 160 28
83 1 4 1260 2 6 3
84 0 3 1276 130 1222 195
85 0 3 1291 1 3 1
86 0 1 1306 1 9 1
87 1 4 1317 1 4 1
88 1 5 1333 1 4 1
89 1 10 1349 5 15 7
90 1 3 1366 158 639 237
91 1 4 1381 1 3 1
92 1 2 1397 22 188 33
93 0 3 1411 1 11 1
94 1 2 1426 1 10 1
95 1 3 1441 344 1481 516
96 1 6 1456 43 155 64
97 1 3 1473 5 15 7
98 0 1 1488 2 17 3
99 0 9 1501 5330 27794 7995
100 0 1 1518 1208 12637 1812
101 0 6 1531 49 179 73
102 0 4 1547 474 2091 711
103 1 6 1563 25355 145312 38032
104 1 9 1579 1 4 1
105 1 3 1596 419 1831 628
106 1 1 1611 32 279 48
107 0 6 1624 1 4 1
108 1 3 1640 1 11 1
109 0 5 1655 89 343 133
110 0 5 1671 1 4 1
111 1 2 1687 175518 2249579 263277
112 1 1 1701 1 10 1
113 1 4 1712 408 1780 612
114 0 3 1728 2 7 3
115 0 2 1743 5 41 7
116 0 1 1757 1 10 1
117 1 2 1770 1 10 1
118 0 2 1784 4 32 6
119 0 2 1799 25 215 37
120 1 1 1813 242 2347 363
121 0 2 1823 390 3871 585
122 1 5 1837 1 3 1
123 1 2 1853 78 714 117
124 1 2 1867 167 1590 250
125 0 9 1881 2 7 3
126 1 4 1898 14 45 21
127 0 2 1914 1 11 1
128 1 3 1929 10545 57371 15817
129 1 2 1944 33 288 49
130 1 5 1959 8373 44915 12559
131 1 2 1975 85 782 127
132 1 17 1989 1 5 1
133 0 4 2007 10 31 15
134 0 5 2023 2 7 3
135 1 4 2039 3 9 4
136 1 1 2055 217 2093 325
137 0 12 2067 1 3 1
138 1 10 2085 1 5 1
139 0 17 2102 2 6 3
140 0 4 2120 1 4 1
141 0 1 2136 1 9 1
142 1 2 2147 1 10 1
143 1 2 2161 1 9 1
144 0 6 2175 562 2511 843
145 0 1 2192 27 233 40
146 1 1 2205 2331 25110 3496
147 0 5 2218 9 27 13
148 1 1 2234 1 10 1
149 1 14 2245 15882 88561 23823
150 0 1 2263 406 4037 609
151 0 1 2275 1 9 1
152 1 3 2287 9 73 13
153 0 6 2302 15 48 22
154 0 2 2318 815 8374 1222
155 0 2 2332 54 485 81
156 1 1 2347 4704 52236 7056
157 0 2 2357 3 25 4
158 1 2 2371 1 9 1
159 1 2 2385 2 17 3
160 0 5 2400 3 10 4
161 0 3 2416 6 48 9
162 0 10 2431 2 6 3
163 0 5 2448 428 1874 642
164 1 9 2464 554 2473 831
165 1 8 2481 153 617 229
166 0 1 2498 78 714 117
167 1 2 2507 1 9 1
168 1 1 2521 2 17 3
169 1 5 2534 1 4 1
170 0 5 2550 1 4 1
171 1 3 2566 908 4202 1362
172 1 6 2581 33836 197151 50754
173 0 4 2598 1 5 1
174 0 1 2614 6 48 9
175 1 1 2626 41 362 61
176 0 1 2638 7 56 10
177 1 5 2648 10 31 15
178 0 1 2664 233 2255 349
179 1 16 2677 1 5 1
180 0 1 2695 11 90 16
181 0 11 2707 1 3 1
182 0 2 2724 100 928 150
183 1 37 2738 5504 28760 8256
184 1 6 2757 293 1246 439
185 1 4 2774 2 6 3
186 1 1 2790 1 9 1
187 1 2 2803 3 25 4
188 1 1 2817 9149 104476 13723
189 0 3 2830 23 197 34
190 0 3 2845 1 4 1
191 0 2 2860 1 9 1
192 0 1 2875 65 590 97
193 0 5 2888 13 41 19
194 0 2 2904 14 116 21
195 0 1 2918 10 81 15
196 1 1 2929 24 206 36
197 1 2 2942 87 801 130
198 0 1 2956 2 17 3
199 1 1 2967 1 9 1
200 1 1 2980 2 17 3
201 0 3 2993 3089 15550 4633
202 0 9 3008 7 21 10
203 0 4 3025 53 195 79
204 0 30 3041 1 5 1
205 1 3 3060 2 7 3
206 0 4 3075 1 4 1
207 0 1 3091 4 33 6
208 0 1 3103 4 33 6
209 1 2 3116 185 1770 277
210 0 2 3130 11 90 16
211 1 7 3144 1 5 1
212 1 4 3161 44 159 66
213 1 9 3177 22 74 33
214 0 4 3194 1415 6757 2122
215 1 2 3210 1 10 1
216 1 1 3224 24 206 36
217 0 5 3235 1 5 1
218 0 2 3251 235 2276 352
219 0 3 3266 28 97 42
220 0 3 3281 1 4 1
221 1 1 3296 21 179 31
222 1 4 3306 3 10 4
223 0 1 3322 1 12 1
224 1 2 3331 4 33 6
225 1 1 3346 1 9 1
226 0 2 3355 31821 382140 47731
227 1 4 3370 21 70 31
228 0 2 3386 1 9 1
229 0 13 3401 2 7 3
230 1 2 3419 2 17 3
231 1 2 3434 667 6790 1000
232 1 1 3448 1 9 1
233 1 4 3460 1 5 1
234 1 10 3476 6 18 9
235 1 1 3493 8 64 12
236 1 11 3505 716 3257 1074
237 1 4 3522 1684 8139 2526
238 1 20 3538 138 552 207
239 0 1 3556 25 215 37
240 1 2 3569 10 81 15
241 1 3 3583 19 161 28
242 1 5 3598 43 155 64
243 0 6 3614 56 207 84
