0 0 22 5 331 1421 496
1 1 1 23 1 10 1
2 1 2 36 72 657 108
3 0 5 50 217 2093 325
4 1 2 66 1 9 1
5 1 1 80 6174 69355 9261
6 0 4 93 37 325 55
7 1 2 109 1 11 1
8 1 9 123 5 15 7
9 1 1 140 9 73 13
10 1 2 152 1 11 1
11 1 5 167 4 33 6
12 0 15 183 763 3487 1144
13 0 2 201 1 9 1
14 1 5 215 119 1114 178
15 0 3 231 12 99 18
16 0 1 246 4 33 6
17 0 4 259 1 11 1
18 1 1 275 1 11 1
19 1 2 286 434 4329 651
20 1 9 301 2 6 3
21 1 7 318 1 5 1
22 0 3 335 1 9 1
23 0 6 350 777 7966 1165
24 0 4 366 1877 20028 2815
25 0 2 382 1 9 1
26 1 3 397 1 10 1
27 1 6 412 759 7773 1138
28 0 4 428 420533 5563700 630799
29 0 2 444 865601 11747579 1298401
30 0 1 458 337 3321 505
31 1 4 471 169 1610 253
32 1 4 487 28 242 42
33 1 2 503 1 9 1
34 0 3 517 1 9 1
35 1 3 532 3 25 4
36 1 1 547 1 9 1
37 0 2 560 2784 30224 4176
38 1 2 574 92 850 138
39 1 9 588 2 6 3
40 0 1 605 1 9 1
41 1 9 616 692 3140 1038
42 0 10 633 872 4024 1308
43 0 4 650 1 11 1
44 0 4 666 247 2398 370
45 1 2 682 1 9 1
46 0 7 696 130 517 195
47 1 1 713 311 3053 466
48 0 1 720 11 90 16
49 1 5 732 68 618 102
50 1 4 748 1 11 1
51 1 1 764 12 99 18
52 0 2 777 1 9 1
53 0 4 792 1 10 1
54 0 2 808 25 215 37
55 0 5 822 7 56 10
56 0 1 838 1 9 1
57 0 5 849 1 10 1
58 1 2 865 146 1381 219
59 0 1 879 4793 53267 7189
60 1 5 892 2 17 3
61 1 23 908 514 2282 771
62 0 14 926 1 5 1
63 0 11 944 6 18 9
64 0 2 961 291 2848 436
65 0 1 976 1 10 1
66 1 6 987 6 48 9
67 1 3 1003 1 10 1
68 1 1 1018 1 9 1
69 1 10 1029 2 7 3
70 1 4 1046 2 17 3
71 0 5 1062 12 98 18
72 1 5 1078 1 9 1
73 1 21 1094 1 4 1
74 1 1 1112 12 99 18
75 0 3 1121 388 3850 582
76 1 2 1136 9 73 13
77 1 1 1150 1 9 1
78 0 4 1160 91 840 136
79 0 5 1176 50 447 75
80 1 2 1192 1 9 1
81 1 2 1207 12 98 18
82 0 1 1221 4 33 6
83 0 10 1232 1 5 1
84 0 4 1249 37 325 55
85 0 1 1265 5 40 7
86 0 1 1278 1 9 1
87 0 11 1291 130 517 195
88 0 6 1308 53 475 79
89 1 3 1324 13 107 19
90 1 2 1339 1 11 1
91 0 5 1353 398 3954 597
92 0 3 1369 2 17 3
93 0 8 1384 1 3 1
94 1 8 1401 35 124 52
95 1 6 1418 6 48 9
96 1 15 1434 40 143 60
97 1 2 1452 6 48 9
98 0 5 1466 12 99 18
99 1 6 1482 1 9 1
100 0 2 1498 51 456 76
101 0 1 1513 13 107 19
102 1 3 1525 99 918 148
103 0 13 1540 3 9 4
104 1 1 1558 25 215 37
105 0 1 1570 4 33 6
106 0 1 1579 16710 195580 25065
107 1 2 1592 2 17 3
108 1 15 1605 3 9 4
109 0 2 1623 1379 14512 2068
110 0 3 1638 1 9 1
111 0 6 1653 417 4152 625
112 1 1 1670 1 9 1
113 0 3 1680 1 11 1
114 0 6 1695 1 10 1
115 1 2 1712 17 143 25
116 1 1 1726 1 9 1
117 1 2 1737 1 9 1
118 1 4 1751 19442 228949 29163
119 1 2 1767 6 48 9
120 0 1 1781 6 48 9
121 0 1 1792 1 9 1
122 0 5 1805 518 5211 777
123 0 10 1821 53 195 79
124 0 1 1838 110 1025 165
125 0 3 1848 119 1114 178
126 0 1 1863 65 589 97
127 1 2 1870 2 17 3
128 1 1 1884 8 64 12
129 0 3 1894 5 41 7
130 1 2 1909 51 457 76
131 0 14 1924 1 4 1
132 0 1 1942 1 9 1
133 0 2 1953 16 134 24
134 1 1 1967 1 9 1
135 0 4 1979 562 5675 843
136 1 1 1995 1 11 1
137 1 2 2004 1 10 1
138 0 1 2018 852 8772 1278
139 1 5 2030 1 9 1
140 0 2 2046 24 206 36
141 0 3 2060 72826 903093 109239
142 0 3 2075 14 116 21
143 1 1 2090 248 2408 372
144 0 1 2103 156 1480 234
145 0 5 2114 6 48 9
146 0 5 2130 6 48 9
147 1 2 2146 1 10 1
148 1 4 2160 15 125 22
149 0 4 2176 1 10 1
150 0 8 2192 1 3 1
151 0 2 2209 1 9 1
152 1 1 2224 1 9 1
153 0 15 2233 73 276 109
154 1 5 2251 1 9 1
155 1 5 2267 1 11 1
156 0 6 2283 68 618 102
157 0 35 2300 763 3487 1144
158 0 2 2319 68 618 102
159 0 3 2333 1 10 1
160 1 3 2348 7 56 10
161 1 12 2363 17 56 25
162 1 1 2381 6 48 9
163 1 2 2394 1 8 1
164 1 1 2408 1 9 1
165 0 1 2421 97 898 145
166 0 1 2434 1 9 1
167 0 5 2446 2 17 3
168 0 2 2462 498 5000 747
169 0 18 2476 3 9 4
170 1 2 2494 3 25 4
171 0 6 2509 16 134 24
172 1 1 2525 2 17 3
173 0 1 2538 1 9 1
174 0 13 2548 1 3 1
175 1 2 2566 97 898 145
176 0 5 2580 53 475 79
177 0 2 2596 3 25 4
178 0 4 2609 2 17 3
179 0 3 2625 17 143 25
180 1 1 2640 21 179 31
181 1 4 2653 7 56 10
182 0 3 2669 580 5866 870
183 0 2 2684 187 1790 280
184 0 5 2698 1 8 1
185 0 1 2714 1 9 1
186 0 1 2725 21 179 31
187 0 14 2738 19 63 28
188 0 2 2756 1 10 1
189 1 1 2771 18 152 27
190 0 1 2783 24 206 36
191 0 3 2794 4041 44583 6061
192 0 3 2809 1 9 1
193 0 8 2824 418 1827 627
194 1 7 2841 6 18 9
195 0 18 2858 1 4 1
196 0 3 2876 112 1045 168
197 1 6 2891 559 5644 838
198 0 6 2908 1755 18670 2632
199 0 6 2924 1 11 1
200 1 6 2941 1 5 1
201 1 1 2958 3 25 4
202 1 1 2971 1 10 1
203 1 2 2981 80 733 120
204 1 3 2995 1 10 1
205 1 4 3010 15 125 22
206 0 2 3026 1 8 1
207 0 1 3040 3 25 4
208 1 2 3053 1 11 1
209 0 7 3067 66 247 99
210 1 3 3084 160 1520 240
211 1 1 3099 1 9 1
212 1 1 3108 434 4329 651
213 0 1 3118 878 9052 1317
214 1 3 3131 1 8 1
215 1 18 3146 4 12 6
216 0 1 3164 15 125 22
217 1 6 3175 1 9 1
218 1 6 3192 16405 91654 24607
219 0 2 3209 1 9 1
220 0 8 3223 20491 115991 30736
221 1 5 3240 1 12 1
222 0 1 3256 1 8 1
223 0 3 3268 1 11 1
224 1 1 3283 2 17 3
225 0 6 3293 1 9 1
226 0 9 3310 3662 18641 5493
227 0 1 3327 1 9 1
228 0 4 3340 1 9 1
229 1 9 3356 14 45 21
230 1 6 3373 3 25 4
231 1 1 3390 16 134 24
232 1 6 3403 2 17 3
233 0 1 3420 27 233 40
234 1 1 3432 1 9 1
235 1 5 3444 1 12 1
236 0 11 3460 1 4 1
237 1 2 3477 18 152 27
238 1 23 3491 3 9 4
239 1 51 3509 117 461 175
240 1 1 3528 3 25 4
241 1 3 3537 19733 232514 29599
242 1 2 3552 364 3601 546
243 1 2 3566 539 5432 808
244 0 4 3580 7 56 10
245 1 7 3596 1 5 1
246 0 1 3613 1306 13711 1959
