0 0 5 5 1 5 1
1 0 2 9 85 782 127
2 1 2 13 27 233 40
3 1 6 17 1 5 1
4 1 5 21 1 4 1
5 1 2 25 200 1921 300
6 0 5 28 1 5 1
7 0 3 32 5 15 7
8 0 1 36 379 3757 568
9 1 2 39 13 107 19
10 1 2 43 96 889 144
11 1 1 46 372 3684 558
12 0 2 49 16 134 24
13 0 12 53 1 3 1
14 0 8 57 1 5 1
15 1 1 61 1 9 1
16 1 4 64 1 3 1
17 1 3 68 3342 16911 5013
18 1 10 72 1786 8666 2679
19 1 29 76 1273 6034 1909
20 1 4 81 1 3 1
21 1 2 85 8999 102693 13498
22 1 2 88 1 10 1
23 0 2 92 22 188 33
24 1 3 96 1 3 1
25 0 2 100 1 9 1
26 0 6 103 2 7 3
27 1 2 107 685 6982 1027
28 0 1 111 1 12 1
29 1 1 114 729 7452 1093
30 1 5 117 23 78 34
31 1 6 121 1 3 1
32 0 4 125 1 3 1
33 1 1 129 7 56 10
34 0 4 132 2 7 3
35 0 2 136 1696 18015 2544
36 0 1 140 2 17 3
37 1 1 143 5 41 7
38 0 2 146 1 9 1
39 0 10 149 4 12 6
40 0 19 153 2 7 3
41 1 3 158 1 3 1
42 1 3 162 109169 678434 163753
43 1 1 166 7029 79390 10543
44 1 16 169 1 3 1
45 1 6 173 1 3 1
46 1 18 177 3 10 4
47 1 4 182 47 171 70
48 0 10 186 1320 6273 1980
49 0 3 190 7 21 10
50 1 5 194 2 6 3
51 0 8 198 1 3 1
52 0 2 202 1 11 1
53 0 3 206 13 108 19
54 1 5 210 1 4 1
55 1 7 214 8 24 12
56 1 5 218 1 4 1
57 1 1 222 362 3580 543
58 1 1 225 3288 35955 4932
59 0 3 228 9005 102764 13507
60 0 1 232 1 9 1
61 0 8 235 1 5 1
62 0 5 239 2 6 3
63 1 10 243 1 6 1
64 0 5 247 15 48 22
65 0 3 251 456 4559 684
66 1 7 255 6 18 9
67 0 3 259 1 10 1
68 0 5 263 1 4 1
69 0 1 267 4 33 6
70 1 1 270 75 685 112
71 0 9 273 34 120 51
72 1 2 277 1 9 1
73 1 2 281 1 9 1
74 1 3 285 274303 1788346 411454
75 0 5 289 72 272 108
76 1 3 293 1 5 1
77 1 4 297 6 18 9
78 0 2 301 4 33 6
79 0 1 305 34796 419338 52194
80 0 1 308 1 10 1
81 0 1 311 2 17 3
82 0 1 314 762 7805 1143
83 1 6 317 3 10 4
84 0 3 321 13 41 19
85 0 7 325 96 372 144
86 1 9 329 5895 30937 8842
87 0 3 333 154 622 231
88 0 1 337 18 152 27
89 0 1 340 1 9 1
90 0 1 343 3 25 4
91 1 2 346 25 215 37
92 0 7 349 5 15 7
93 0 6 353 4 13 6
94 0 2 357 1 9 1
95 1 3 361 23 197 34
96 0 5 365 14 45 21
97 1 1 369 1 9 1
98 0 5 372 97 377 145
99 0 3 376 2 6 3
100 0 3 380 302 1287 453
101 1 2 384 1 8 1
102 0 6 388 5 15 7
103 1 4 392 17 56 25
104 1 1 396 1 10 1
105 0 3 399 1 4 1
106 1 2 403 1 9 1
107 1 1 407 1 9 1
108 0 1 410 5 40 7
109 1 1 413 4 32 6
110 0 2 416 222 2144 333
111 1 2 419 21385 252793 32077
112 0 2 423 4 32 6
113 1 10 427 42 151 63
114 1 7 431 4 12 6
115 1 1 435 461 4612 691
116 1 4 438 23 78 34
117 0 17 442 1 4 1
118 1 10 447 1 3 1
119 0 2 451 28950 346367 43425
120 1 2 454 305 2992 457
121 1 10 458 83 318 124
122 0 1 462 1 9 1
123 1 5 465 2 6 3
124 0 1 469 571 5771 856
125 0 4 472 2 7 3
126 0 4 476 1 5 1
127 1 1 480 1 9 1
128 0 5 483 2 7 3
129 1 4 487 17915 100612 26872
130 1 7 491 33 116 49
131 1 5 495 1123 5276 1684
132 0 6 499 4 13 6
133 0 10 503 1152 5422 1728
134 1 2 507 529 5327 793
135 1 2 511 1 10 1
136 0 4 515 198 816 297
137 1 1 519 186 1781 279
138 1 3 522 3 9 4
139 1 1 526 1 12 1
140 1 6 529 22 74 33
141 0 1 533 1 10 1
142 0 2 536 1 9 1
143 0 9 540 194 798 291
144 1 3 544 1 5 1
145 0 2 548 3 25 4
146 1 1 552 206 1982 309
147 1 2 555 477 4780 715
148 0 17 558 1 3 1
149 1 6 563 1 3 1
150 0 9 567 1 4 1
151 1 5 571 21 70 31
152 0 1 575 14 116 21
153 1 4 578 69 260 103
154 0 7 582 29 101 43
155 0 15 586 1 3 1
156 1 4 590 154 622 231
157 0 3 594 984 4580 1476
158 1 3 598 408 1780 612
159 1 2 602 4 33 6
160 1 2 605 1 9 1
161 0 1 609 1124 11720 1686
162 1 3 612 1 4 1
163 0 1 616 1712 18192 2568
164 1 2 619 1 9 1
165 1 5 623 5 15 7
166 0 11 627 232 968 348
167 1 1 631 81 743 121
168 0 2 634 10 81 15
169 1 2 637 3 25 4
170 0 3 640 1 4 1
171 1 4 644 82 314 123
172 0 2 648 1 9 1
173 0 7 652 4 12 6
174 0 5 656 36 128 54
175 0 1 660 13 107 19
176 1 5 663 1 5 1
177 1 3 667 6 18 9
178 1 2 671 6 48 9
179 1 2 674 174 1660 261
180 1 6 677 85114 521929 127671
181 1 7 681 719 3272 1078
182 1 8 685 20 67 30
183 0 2 689 61443 756996 92164
184 0 2 693 1 10 1
185 1 1 697 8 64 12
186 0 2 700 521 5243 781
187 1 9 703 52782 315314 79173
188 1 2 707 1 12 1
189 1 2 711 1 9 1
190 1 1 714 41 363 61
191 0 3 717 1642 7922 2463
192 0 4 721 35 124 52
193 1 2 725 1 9 1
194 1 4 728 257 1082 385
195 0 2 732 1 11 1
196 0 17 735 1 3 1
197 1 3 740 28364 163611 42546
198 0 1 744 1 11 1
199 1 2 747 211 2032 316
200 0 2 750 22 188 33
201 1 17 754 1 4 1
202 1 18 759 328 1407 492
203 1 1 764 2 17 3
204 0 13 767 1 4 1
205 0 1 771 296 2899 444
206 0 6 774 1 4 1
207 0 120 778 1 5 1
208 1 7 783 2 7 3
209 0 2 787 5 41 7
210 0 13 790 34 120 51
211 1 4 794 1 5 1
212 1 1 798 22 188 33
213 1 2 801 1 9 1
214 1 4 805 1 4 1
215 0 3 809 268 1132 402
216 1 3 813 43 155 64
217 0 1 817 40 353 60
218 1 2 820 47 419 70
219 0 2 824 1 12 1
220 1 3 828 112645 1420118 168967
221 1 2 832 2 17 3
222 1 7 836 33 116 49
223 0 3 840 29 251 43
224 1 2 844 4964 55250 7446
225 0 2 848 1 9 1
226 0 4 852 1186 5594 1779
227 0 3 856 133 530 199
228 0 1 860 1 10 1
229 1 8 863 1 3 1
230 1 2 867 11 90 16
231 1 1 871 3 25 4
232 0 22 874 1 3 1
233 1 7 879 1 6 1
234 0 10 883 556 2483 834
235 1 8 887 2 6 3
236 0 2 891 1 9 1
237 1 8 895 141 565 211
238 1 1 899 1 9 1
239 0 22 902 1 3 1
240 1 7 907 4 12 6
241 1 44 911 4 12 6
242 0 2 916 585 5919 877
243 0 4 920 4 12 6
244 1 8 924 1 4 1
245 1 1 928 1 9 1
246 0 3 931 3242 16372 4863
247 0 2 935 3 25 4
248 1 4 939 131 522 196
249 1 2 943 1 10 1
250 0 2 947 1 10 1
251 0 7 951 26 89 39
252 0 1 955 17 143 25
253 1 4 958 2 7 3
254 1 10 962 91658 564306 137487
255 1 14 966 5 15 7
256 0 5 970 2 6 3
257 1 2 974 230 2225 345
258 0 18 978 1 3 1
259 0 11 983 1 3 1
260 0 4 987 1 4 1
261 1 5 991 405 1766 607
262 0 17 995 349 1504 523
263 1 4 1000 1 5 1
264 0 3 1004 1 9 1
265 0 5 1008 1 3 1
266 0 2 1012 50 447 75
267 0 9 1016 10 31 15
268 1 5 1020 16858 94337 25287
269 0 2 1024 38 335 57
270 1 1 1027 2 17 3
271 0 1 1030 82349 1025973 123523
272 0 2 1033 5 40 7
273 1 21 1036 1 6 1
274 1 28 1041 2 7 3
275 1 11 1046 2 7 3
276 0 1 1050 933 9646 1399
277 1 1 1053 33 288 49
278 1 3 1056 1 8 1
279 1 4 1060 1 3 1
280 0 2 1064 1 11 1
281 1 3 1068 50 183 75
282 1 1 1072 787 8073 1180
283 0 1 1075 1636 17349 2454
284 1 2 1078 263 2561 394
285 1 3 1081 1 6 1
286 0 2 1085 8671 98797 13006
287 1 2 1088 7 56 10
288 0 11 1092 1 5 1
289 0 13 1096 3 9 4
290 1 6 1100 1 5 1
291 0 4 1104 1 4 1
292 1 2 1108 1 9 1
293 0 12 1111 31 108 46
294 1 1 1115 1 12 1
295 1 1 1118 1 10 1
296 0 3 1121 44 159 66
297 0 4 1125 57 211 85
298 0 1 1129 8 64 12
299 1 4 1132 286836 1874299 430254
300 0 6 1136 1250 5918 1875
301 1 1 1140 1 13 1
302 0 8 1143 1 4 1
303 0 5 1147 166 674 249
304 1 9 1151 1 7 1
305 1 7 1155 34 120 51
306 0 1 1159 3 25 4
307 1 3 1162 1 5 1
308 0 5 1166 1 7 1
309 0 4 1170 1521 7299 2281
310 0 1 1174 87 801 130
311 0 3 1177 12 38 18
312 0 2 1181 80 734 120
313 0 6 1185 56211 336970 84316
314 0 6 1189 27 93 40
315 0 2 1193 2 17 3
316 0 7 1197 52 191 78
317 1 1 1201 1038 10784 1557
318 1 2 1203 1 10 1
319 0 11 1206 2 7 3
320 1 2 1210 1 12 1
321 0 3 1214 2 7 3
322 1 4 1218 1 3 1
323 1 1 1222 180 1720 270
324 0 6 1225 1915 9337 2872
325 1 7 1229 1 4 1
326 1 5 1233 1 4 1
327 0 2 1237 4 33 6
328 1 2 1240 1 9 1
329 1 4 1244 1 4 1
330 0 7 1248 7 21 10
331 1 5 1252 1 4 1
332 0 1 1256 1 9 1
333 0 2 1259 1 10 1
334 1 2 1263 9 72 13
335 1 3 1266 20 170 30
336 1 3 1270 3 9 4
337 1 2 1274 2 17 3
338 1 3 1278 3 9 4
339 1 4 1282 1 5 1
340 0 7 1286 15 48 22
341 1 7 1290 3114 15684 4671
342 0 1 1294 339 3342 508
343 0 2 1297 20767 245200 31150
344 1 6 1301 1 5 1
345 0 7 1305 19 63 28
346 0 5 1309 1 3 1
347 0 2 1313 2 17 3
348 0 2 1317 65104 803884 97656
349 1 2 1321 2 17 3
350 1 3 1325 4 33 6
351 0 4 1329 8 24 12
352 0 2 1333 815834 11049312 1223751
353 1 3 1336 10 31 15
354 0 5 1340 127 505 190
355 1 3 1344 1 4 1
356 1 4 1348 267 1127 400
357 0 3 1352 1 6 1
358 1 9 1356 5 15 7
359 1 2 1360 1 9 1
360 0 3 1363 1 3 1
361 0 3 1367 1 4 1
362 0 1 1371 1 10 1
363 0 11 1374 825 3792 1237
364 0 1 1378 8 64 12
365 1 1 1381 820 8428 1230
366 1 1 1384 1 10 1
367 0 1 1387 3 25 4
368 1 3 1390 1 10 1
369 0 2 1394 2 17 3
370 1 5 1398 8 24 12
371 1 1 1402 1 9 1
372 1 1 1404 1 9 1
373 0 1 1407 1 9 1
374 0 22 1410 9909 53707 14863
375 0 1 1415 1 10 1
376 1 3 1418 3 25 4
377 1 3 1422 1 4 1
378 1 6 1426 212 878 318
379 0 1 1430 17 143 25
380 1 3 1433 703 3194 1054
381 0 3 1437 4 33 6
382 0 3 1441 1 3 1
383 0 6 1445 4 13 6
384 0 3 1449 1 5 1
385 0 3 1453 159 1510 238
386 1 1 1457 1 10 1
387 0 1 1460 9 72 13
388 0 1 1463 59 532 88
389 1 2 1466 38 335 57
390 1 3 1470 1 11 1
391 0 2 1474 119 1114 178
392 0 1 1478 655 6662 982
393 1 8 1481 1 3 1
394 0 2 1485 2325 25043 3487
395 1 1 1489 38 334 57
396 1 7 1492 1 5 1
397 1 4 1496 524 2329 786
398 1 4 1500 1 4 1
399 0 3 1504 1 5 1
400 1 5 1508 1 4 1
401 0 1 1512 334 3290 501
402 0 6 1515 29 101 43
403 0 13 1519 1 4 1
404 0 2 1523 20 170 30
405 0 4 1526 162 657 243
406 1 6 1530 781 3575 1171
407 0 12 1534 4 12 6
408 0 7 1538 365 1579 547
409 0 3 1542 258 1086 387
410 1 4 1546 15 48 22
411 0 5 1550 722 3287 1083
412 0 3 1554 1 3 1
413 1 11 1558 1 5 1
414 0 4 1562 1 4 1
415 1 5 1566 1 4 1
416 0 2 1570 1 8 1
417 0 1 1574 1 10 1
418 1 5 1576 547 2440 820
419 1 10 1580 1145 5387 1717
420 0 1 1584 1 10 1
421 1 5 1587 210 869 315
422 0 3 1591 121 479 181
423 0 4 1595 1682 8128 2523
424 1 3 1599 1 8 1
425 1 1 1603 66 599 99
426 1 2 1606 3 25 4
427 0 2 1610 1 10 1
428 0 12 1614 25 85 37
429 0 1 1618 298 2920 447
430 0 6 1621 1 5 1
431 0 3 1625 611 6194 916
432 0 7 1629 937 4346 1405
433 0 6 1633 1 6 1
434 1 2 1637 2 17 3
435 1 3 1641 1 3 1
436 1 23 1645 2 7 3
437 1 2 1650 1 9 1
438 1 2 1654 3 25 4
439 1 3 1658 745 7623 1117
440 1 2 1662 2 17 3
441 1 6 1666 1 4 1
442 1 3 1670 110 1025 165
443 0 3 1674 1364 6497 2046
444 0 3 1678 20 67 30
445 0 10 1682 4069 20854 6103
446 1 5 1686 1 4 1
447 1 7 1690 5601 29299 8401
448 1 4 1694 2 7 3
449 0 2 1698 1 9 1
450 1 3 1701 12771 147852 19156
451 0 1 1705 4 33 6
452 0 8 1708 44 159 66
453 1 3 1712 1 4 1
454 0 6 1716 1 4 1
455 0 4 1720 344 1481 516
456 1 3 1724 576 5823 864
457 0 11 1728 1 5 1
458 0 4 1732 3 9 4
459 1 7 1736 2 6 3
460 1 2 1740 9 72 13
461 0 3 1744 1 3 1
462 1 8 1748 379 1644 568
463 0 1 1752 16 134 24
464 0 3 1755 1 4 1
465 1 9 1759 5410 28238 8115
466 0 6 1763 1 5 1
467 1 13 1767 2954 14826 4431
468 0 1 1771 1 11 1
469 1 2 1774 1 12 1
470 0 1 1778 1 9 1
471 1 3 1781 14 45 21
472 1 12 1785 2 6 3
473 1 4 1789 665 3009 997
474 0 15 1793 97 376 145
475 0 1 1797 1 9 1
476 1 1 1800 6 48 9
477 1 12 1803 1 3 1
478 0 5 1807 37 131 55
479 1 2 1811 698 7121 1047
480 0 8 1815 122 483 183
481 1 3 1819 2 17 3
482 0 1 1823 34 297 51
483 1 1 1826 246 2388 369
484 1 4 1829 24 82 36
485 0 2 1833 1 8 1
486 0 21 1837 284279 1856748 426418
487 1 12 1842 6187 32568 9280
488 0 1 1846 15 125 22
489 0 4 1849 5 15 7
490 1 1 1853 379135 4997415 568702
491 0 2 1856 1 9 1
492 0 29 1860 35606 208065 53409
493 1 1 1865 1954 20886 2931
494 1 4 1868 1 4 1
495 0 2 1872 710 7249 1065
496 0 4 1876 35145 205220 52717
497 0 4 1880 125 496 187
498 1 5 1884 12 38 18
499 0 2 1888 1 11 1
500 1 8 1891 78 297 117
501 1 1 1895 1 12 1
502 0 1 1898 1 12 1
503 0 20 1901 44 159 66
504 1 2 1906 13 107 19
505 0 9 1910 72 272 108
506 0 2 1914 1 9 1
507 0 1 1918 379 3756 568
508 0 1 1921 1 10 1
509 1 5 1923 3 9 4
510 0 1 1927 8216 93404 12324
511 0 3 1930 1 3 1
512 0 10 1934 23 78 34
513 0 10 1938 1 3 1
514 1 2 1942 1 10 1
515 1 2 1945 1 9 1
516 0 2 1948 1 9 1
517 1 1 1952 6443 72507 9664
518 0 3 1955 10 31 15
519 1 5 1959 1 4 1
520 0 4 1963 1 4 1
521 1 5 1967 6 18 9
522 0 4 1971 57828 347207 86742
523 1 7 1975 1594 7675 2391
524 0 2 1979 1 8 1
525 1 2 1983 214 2063 321
526 0 5 1986 1 5 1
527 0 2 1990 1 9 1
528 1 2 1994 71 647 106
529 1 2 1998 2 17 3
530 0 6 2001 69 260 103
531 1 1 2005 1 9 1
532 1 3 2008 1 5 1
533 1 7 2012 1 5 1
534 0 2 2016 20 170 30
535 0 1 2020 3 25 4
536 0 4 2023 2483 12320 3724
537 0 2 2027 2 17 3
538 1 15 2031 3 9 4
539 0 5 2035 32 112 48
540 1 28 2039 11 34 16
541 0 13 2044 16 52 24
542 1 3 2048 1 10 1
543 0 3 2052 2 7 3
544 1 6 2056 88 339 132
545 0 7 2060 13741 75964 20611
546 0 20 2064 1 4 1
547 1 1 2069 1 10 1
548 0 1 2072 1 9 1
549 0 14 2075 238 996 357
550 0 4 2079 1 3 1
551 0 8 2083 29 101 43
552 1 3 2087 1 4 1
553 1 1 2091 1 13 1
554 1 3 2094 3542 17991 5313
555 1 7 2098 1 5 1
556 1 2 2102 349 3445 523
557 1 1 2106 73 666 109
558 0 3 2109 2552 27600 3828
559 1 1 2113 42 372 63
560 1 1 2116 3 25 4
561 0 26 2119 1 4 1
562 0 4 2124 9 27 13
563 0 2 2128 84409 1052624 126613
564 1 7 2132 35 123 52
565 1 1 2136 12 99 18
566 1 5 2138 49 179 73
567 0 9 2142 11 34 16
568 1 2 2146 1133 11818 1699
569 0 3 2149 182 745 273
570 0 6 2153 3 10 4
571 0 15 2157 2 6 3
572 1 2 2161 5 40 7
573 0 7 2165 36 127 54
574 1 8 2169 21 70 31
575 1 1 2173 54 485 81
576 0 16 2176 289 1227 433
577 0 1 2181 1 10 1
578 0 5 2184 2 6 3
579 1 2 2188 1 12 1
580 0 19 2191 5 15 7
581 0 2 2196 1 9 1
582 0 2 2199 398 3954 597
583 0 4 2203 398 1733 597
584 1 53 2207 1 5 1
585 1 2 2212 34 298 51
586 0 39 2216 2 7 3
587 0 2 2221 3 25 4
588 1 5 2224 2966 14891 4449
589 1 10 2228 1089 5106 1633
590 1 3 2232 1 10 1
591 1 16 2236 2 7 3
592 0 1 2240 1 11 1
593 1 2 2243 1 9 1
594 0 18 2247 39 139 58
595 1 7 2252 384 1667 576
596 1 4 2256 1 4 1
597 0 2 2260 3 25 4
598 0 4 2264 1 4 1
599 1 2 2268 500 5022 750
600 0 1 2272 1 9 1
601 0 2 2275 3 25 4
602 1 3 2279 2 7 3
603 0 3 2283 5678 29727 8517
604 0 13 2287 405 1766 607
605 1 2 2291 71 647 106
606 0 4 2295 8 24 12
607 0 1 2299 30 261 45
608 0 1 2302 9 73 13
609 1 6 2305 19 63 28
610 0 3 2309 665 3009 997
611 1 17 2313 487 2153 730
612 1 2 2318 17 143 25
613 1 1 2322 1 10 1
614 0 1 2325 1 13 1
615 0 5 2328 2 6 3
616 0 2 2332 1 9 1
617 0 1 2336 1 9 1
618 0 2 2339 1 11 1
619 1 9 2342 474 2091 711
620 1 1 2346 5 40 7
621 1 1 2348 26 224 39
622 0 18 2351 15 48 22
623 1 8 2356 1 4 1
624 1 11 2360 1 3 1
625 0 1 2364 1 11 1
626 0 3 2367 1 9 1
627 1 3 2371 22152 262229 33228
628 0 1 2375 71413 884909 107119
629 0 6 2378 2 6 3
630 1 2 2382 480 4811 720
631 1 3 2386 1 5 1
632 0 2 2390 3 25 4
633 1 2 2394 2 17 3
634 1 4 2398 2242 11048 3363
635 1 2 2402 1 9 1
636 1 2 2405 1 9 1
637 0 2 2409 1 9 1
638 0 3 2413 1 8 1
639 0 4 2417 4 12 6
640 1 3 2421 1175 12276 1762
641 0 4 2425 305 1301 457
642 0 1 2429 1 10 1
643 0 1 2432 1 9 1
644 0 4 2435 5 15 7
645 1 3 2439 7 56 10
646 1 2 2443 177 1690 265
647 1 1 2447 12 98 18
648 0 5 2450 1 3 1
649 0 1 2454 24 206 36
650 0 8 2457 1 3 1
651 1 3 2461 1 3 1
652 0 2 2465 11 90 16
653 1 3 2468 1 4 1
654 1 2 2472 228 2205 342
655 0 10 2475 785 3595 1177
656 1 5 2479 8 24 12
657 1 5 2483 1 4 1
658 0 25 2487 1 3 1
659 0 1 2492 20 170 30
660 0 1 2495 30 260 45
661 0 6 2498 9957 53983 14935
662 0 3 2502 391 1700 586
663 1 2 2506 1 9 1
664 1 3 2509 858 8837 1287
665 1 8 2513 515 2286 772
666 1 11 2517 285 1209 427
667 1 3 2521 1437 6869 2155
668 1 2 2525 4423 48987 6634
669 1 2 2529 11 90 16
670 1 5 2533 2 6 3
671 1 1 2537 1 9 1
672 0 5 2540 1 3 1
673 1 3 2544 1 7 1
674 1 1 2548 32 279 48
675 1 5 2551 257 1081 385
676 0 1 2555 2 17 3
677 1 6 2558 987 4595 1480
678 0 3 2562 150 604 225
679 0 3 2566 38 135 57
680 0 1 2570 2 17 3
681 1 1 2573 1 10 1
682 0 1 2575 334 3290 501
683 1 7 2578 7 21 10
684 1 77 2582 3608 18348 5412
685 1 3 2587 90 347 135
686 1 1 2591 1 9 1
687 0 3 2594 1 5 1
688 0 5 2598 68 256 102
689 0 1 2602 2 17 3
690 0 1 2605 133 1252 199
691 0 7 2607 1 3 1
692 0 2 2611 4 33 6
693 1 1 2614 21 179 31
694 1 7 2617 1 4 1
695 1 4 2621 37 131 55
696 1 2 2625 1 10 1
697 0 2 2629 1 8 1
698 1 18 2632 3 9 4
699 0 2 2637 2 17 3
700 1 1 2641 25998 309726 38997
701 1 12 2643 4 12 6
702 0 4 2647 2 7 3
703 0 4 2651 5021 26083 7531
704 1 16 2655 1 4 1
705 0 2 2659 1 9 1
706 0 5 2662 1 4 1
707 0 2 2666 7886 89499 11829
708 0 9 2669 1629 7855 2443
709 0 2 2673 930 9614 1395
710 0 3 2676 3 10 4
711 1 3 2680 1 6 1
712 0 1 2684 345 3404 517
713 0 1 2687 3 25 4
714 0 2 2690 1546 16353 2319
715 1 4 2694 1 3 1
716 0 1 2698 16202 189397 24303
717 0 2 2701 1 11 1
718 1 1 2704 1 9 1
719 0 2 2707 62 561 93
720 0 1 2711 22 188 33
721 0 2 2713 1 9 1
722 0 3 2717 3094 15577 4641
723 1 7 2721 229 955 343
724 1 3 2725 1 9 1
725 1 2 2729 5 40 7
726 0 1 2733 8080 91794 12120
727 0 2 2736 18 152 27
728 1 1 2740 2511 27138 3766
729 1 2 2743 2 17 3
730 1 2 2747 2833 30780 4249
731 1 2 2750 467 4675 700
732 1 7 2754 16 52 24
733 0 8 2758 3 10 4
734 1 4 2762 622 2800 933
735 1 1 2766 1 9 1
736 1 2 2769 1014 10524 1521
737 0 1 2772 125 1173 187
738 1 2 2775 1 11 1
739 0 5 2778 6 18 9
740 0 7 2782 1 3 1
741 1 1 2786 1 12 1
742 1 3 2789 1 5 1
743 0 4 2793 76 289 114
744 1 1 2797 1 9 1
745 1 25 2800 647 2922 970
746 1 1 2805 7438 84209 11157
747 1 1 2807 1 12 1
748 0 3 2810 144 578 216
749 1 15 2814 22 74 33
750 1 2 2818 3 25 4
751 0 2 2821 26586 317012 39879
752 1 6 2824 3 10 4
753 0 2 2828 3 25 4
754 0 10 2832 126 500 189
755 0 5 2836 123 487 184
756 0 2 2840 40 353 60
757 1 2 2844 9 73 13
758 1 6 2848 25 85 37
759 0 3 2852 928 4302 1392
760 0 5 2856 1 3 1
761 0 3 2860 1 5 1
762 1 2 2864 1 11 1
763 0 1 2868 2 17 3
764 0 8 2871 73 276 109
765 0 3 2875 5 15 7
766 0 5 2879 2 7 3
767 1 2 2883 9 72 13
768 0 10 2886 7 21 10
769 0 4 2890 24 82 36
770 1 3 2894 2033 9952 3049
771 0 2 2898 66 599 99
772 1 1 2901 1 9 1
773 0 2 2904 9869 113052 14803
774 1 3 2908 52736 645912 79104
775 0 1 2912 38 334 57
776 1 2 2914 1361 14314 2041
777 1 1 2918 227 2195 340
778 1 2 2921 2 17 3
779 1 2 2924 3 25 4
780 1 2 2927 587 5940 880
781 1 7 2931 116 457 174
782 1 3 2935 1 4 1
783 1 3 2939 1 3 1
784 1 6 2943 15952 88975 23928
785 1 5 2947 1100 5161 1650
786 0 1 2951 38860 470346 58290
787 0 1 2954 1 9 1
788 1 4 2957 2 7 3
789 0 2 2961 3 25 4
790 1 4 2965 1 4 1
791 0 1 2969 3945 43479 5917
792 0 2 2972 213 2053 319
793 1 10 2976 362 1565 543
794 0 1 2980 4 33 6
795 1 1 2983 31 270 46
796 0 3 2986 334 1435 501
797 1 5 2990 1 3 1
798 0 1 2994 76 695 114
799 1 1 2997 34 298 51
800 0 3 3000 8 24 12
801 1 2 3004 3397 37199 5095
802 1 10 3008 6 18 9
803 1 14 3012 877 4049 1315
804 0 2 3016 1 13 1
805 1 3 3020 16691 93347 25036
806 0 2 3024 74 676 111
807 0 4 3028 1392 6640 2088
808 1 5 3032 11 34 16
809 0 11 3036 239543 1550977 359314
810 0 18 3040 59 219 88
811 1 14 3045 1 5 1
812 0 2 3049 1 9 1
813 1 4 3052 1164 5483 1746
814 0 6 3056 31 108 46
815 1 4 3060 2 7 3
816 0 1 3064 3 25 4
817 0 1 3067 34 298 51
818 0 1 3070 5 41 7
819 1 1 3073 1 9 1
820 0 14 3076 4 12 6
821 1 4 3080 1 3 1
822 0 1 3084 1500 15846 2250
823 1 16 3087 1 4 1
824 0 2 3092 1 13 1
825 0 2 3095 101 937 151
826 0 6 3099 823 3782 1234
827 1 4 3103 519 2306 778
828 0 33 3107 1 3 1
829 1 3 3112 2 7 3
830 0 1 3116 26 224 39
831 1 2 3119 1 9 1
832 1 10 3123 1 4 1
833 0 2 3127 1 10 1
834 1 7 3130 12 38 18
835 0 6 3134 21 70 31
836 0 2 3138 71 647 106
837 1 10 3142 27 93 40
838 0 1 3146 16 134 24
839 1 1 3149 14 116 21
840 1 2 3152 187 1790 280
841 0 2 3156 162 1540 243
842 0 3 3159 9 72 13
843 1 6 3163 5 15 7
844 0 11 3167 5 15 7
845 0 2 3171 2165 23247 3247
846 0 3 3175 1 8 1
847 0 2 3179 1 9 1
848 1 1 3182 1 9 1
849 0 2 3184 12835 148624 19252
850 1 2 3188 40 353 60
851 0 5 3191 5 15 7
852 1 2 3195 1 9 1
853 1 2 3198 1 9 1
854 1 1 3202 1 11 1
855 0 1 3205 1 8 1
856 0 1 3207 247054 3206393 370581
857 1 31 3209 4 12 6
858 1 2 3214 1904 20328 2856
859 1 2 3218 200 1922 300
860 0 1 3221 183 1750 274
861 0 3 3224 6749 76098 10123
862 1 5 3228 301 1282 451
863 0 9 3232 3 9 4
864 0 3 3236 1 4 1
865 1 3 3240 17 56 25
866 0 2 3244 2 17 3
867 0 1 3248 49 438 73
868 1 6 3251 2 6 3
869 1 1 3255 1 12 1
870 0 1 3258 84 772 126
871 1 1 3261 1 9 1
872 0 4 3264 5 15 7
873 1 1 3268 1 13 1
874 1 1 3271 79 724 118
875 0 2 3274 180 1720 270
876 1 14 3277 68 256 102
877 0 10 3281 1 5 1
878 1 4 3285 543 2420 814
879 1 8 3289 12573 69137 18859
880 1 1 3293 1 11 1
881 0 3 3296 4 33 6
882 0 1 3300 219 2114 328
883 0 1 3303 21 179 31
884 1 2 3306 1 11 1
885 0 2 3309 1 10 1
886 0 4 3313 78680 480427 118020
887 1 5 3317 530658 3575624 795987
888 0 20 3321 88 339 132
889 0 1 3326 1 10 1
890 0 1 3329 11347 130732 17020
891 0 1 3332 46 410 69
892 0 1 3334 4 33 6
893 0 5 3337 1 5 1
894 0 1 3341 24 206 36
895 0 5 3344 26 89 39
896 0 5 3348 1 4 1
897 0 1 3352 1167 12189 1750
898 1 1 3355 3 25 4
899 1 1 3358 47 419 70
900 1 17 3361 4 12 6
901 1 1 3366 5 40 7
902 1 7 3369 1 4 1
903 0 2 3373 2 17 3
904 0 7 3377 19 63 28
905 0 4 3381 1 5 1
906 0 5 3385 2 7 3
907 0 12 3389 1 5 1
908 0 2 3393 1 11 1
909 0 3 3396 1 4 1
910 0 3 3400 5 15 7
911 1 2 3404 796 8170 1194
912 1 7 3407 9018 48596 13527
913 0 5 3411 2 7 3
914 0 3 3415 20 67 30
915 1 2 3419 66 599 99
916 0 2 3422 1 9 1
917 0 2 3426 31 270 46
918 0 3 3430 110 431 165
919 0 4 3434 554 2473 831
920 1 1 3438 2328 25077 3492
921 0 3 3441 6573 34732 9859
922 0 1 3445 1 9 1
923 1 4 3448 7 21 10
924 0 2 3452 1 10 1
925 1 3 3456 99 385 148
926 1 7 3460 74 280 111
927 1 2 3464 1795587 24988697 2693380
928 0 2 3468 2 17 3
929 0 10 3471 1 4 1
930 0 2 3475 83 762 124
931 1 2 3478 2 17 3
932 0 14 3482 294 1251 441
933 1 3 3486 4 12 6
934 0 2 3490 27 233 40
935 0 1 3494 52 466 78
936 1 2 3496 102 947 153
937 1 3 3499 2591 28041 3886
938 1 1 3503 3 25 4
939 1 3 3506 1 4 1
940 1 1 3510 14 116 21
941 1 10 3512 5 15 7
942 0 2 3516 9 72 13
943 0 2 3519 1 8 1
944 0 1 3523 36384 439244 54576
945 0 10 3526 1 4 1
946 0 2 3530 1 10 1
947 1 5 3533 1 5 1
948 0 1 3537 7 56 10
949 0 2 3540 1 10 1
950 1 6 3544 11 34 16
951 0 3 3548 1 4 1
952 1 3 3552 1 4 1
953 0 4 3556 1 3 1
954 0 7 3560 29 101 43
955 0 1 3564 37 325 55
956 0 5 3567 18 59 27
957 1 2 3571 1 9 1
958 1 5 3575 1 3 1
959 1 2 3579 23 197 34
960 0 3 3582 1 9 1
961 0 3 3586 13 41 19
962 1 1 3590 1 9 1
963 1 2 3593 3 25 4
964 1 3 3597 2 6 3
965 1 2 3601 65 589 97
966 1 7 3605 763 3487 1144
967 1 8 3609 23476 133945 35214
