0 0 5 5 1 5 1
1 1 3 13 5 15 7
2 0 8 21 1 4 1
3 1 3 30 5 15 7
4 0 2 38 1094 11393 1641
5 1 4 45 1 5 1
6 0 1 53 1 10 1
7 0 1 59 1 10 1
8 1 9 66 1 4 1
9 1 30 75 3358 16997 5037
10 0 16 84 356 1537 534
11 1 1 93 1338 14062 2007
12 1 4 99 261 1100 391
13 0 4 107 1078 5050 1617
14 1 4 115 1 3 1
15 1 58 123 1 3 1
16 0 4 133 10 31 15
17 0 2 141 177 1690 265
18 0 34 148 2 7 3
19 0 1 157 1 8 1
20 0 2 163 13 108 19
21 1 2 170 10426 119703 15639
22 1 2 177 1 9 1
23 1 2 184 5 40 7
24 0 6 191 5065 26326 7597
25 1 7 199 1 4 1
26 0 3 207 8001 90859 12001
27 1 1 214 127 1193 190
28 0 6 220 6 18 9
29 0 8 228 3 9 4
30 0 3 236 42 372 63
31 0 2 243 29 252 43
32 0 14 250 1 5 1
33 0 3 259 304 1296 456
34 1 2 267 1 9 1
35 1 4 274 2 6 3
36 0 2 282 221 2134 331
37 1 2 289 15 125 22
38 1 3 296 1 3 1
39 0 30 304 32 112 48
40 1 1 313 264 2571 396
41 0 1 319 8 64 12
42 1 5 326 286 1214 429
43 1 2 334 5611 62776 8416
44 1 10 341 15 48 22
45 0 5 350 3158 15920 4737
46 1 1 358 104 966 156
47 1 2 364 37332 451143 55998
48 0 9 371 2 7 3
49 0 2 380 20 170 30
50 0 1 387 2 17 3
51 0 3 393 1 9 1
52 1 2 400 1 10 1
53 0 2 407 1 11 1
54 1 15 414 5 15 7
55 1 22 423 22 74 33
56 0 3 432 1 10 1
57 0 1 439 7 56 10
58 0 2 446 9649 110429 14473
59 1 2 453 1 11 1
60 1 21 460 1 4 1
61 1 2 469 1 12 1
62 1 10 476 22 74 33
63 0 2 485 144 1361 216
64 0 5 492 1 3 1
65 1 8 500 12 38 18
66 0 3 509 1 5 1
67 1 3 517 1 4 1
68 1 4 525 40 143 60
69 1 1 533 1 12 1
70 0 7 538 509 2258 763
71 1 3 546 1 10 1
72 1 2 554 1 9 1
73 0 3 561 1 5 1
74 1 3 569 118 466 177
75 0 3 577 545 2430 817
76 0 2 585 391 3881 586
77 1 1 592 350 3456 525
78 0 13 598 7 21 10
79 0 2 607 44 391 66
80 1 4 614 10 31 15
81 0 4 622 4 12 6
82 1 2 630 1 8 1
83 1 17 637 1686 8149 2529
84 0 3 646 629 6386 943
85 0 4 653 1 3 1
86 1 2 661 2190 23527 3285
87 0 5 668 2 6 3
88 0 3 676 3 10 4
89 1 4 684 2670 13312 4005
90 0 2 692 625 6343 937
91 0 1 699 71 647 106
92 1 2 706 1 9 1
93 0 2 713 1 9 1
94 1 3 720 1 4 1
95 0 1 728 20 170 30
96 0 1 733 21 179 31
97 1 11 740 1 3 1
98 1 4 749 55 203 82
99 0 1 757 1 8 1
100 1 1 764 136 1282 204
101 0 4 770 1 6 1
102 1 10 778 1471 7043 2206
103 0 1 787 13 108 19
104 1 1 793 124 1163 186
105 0 3 800 55 203 82
106 1 3 808 111 436 166
107 1 1 816 1 9 1
108 0 1 823 81 743 121
109 1 2 830 1367 14380 2050
110 0 1 837 147 1391 220
111 0 8 842 54 199 81
112 1 1 850 47 419 70
113 0 1 856 2 17 3
114 1 7 863 1 4 1
115 1 5 871 1 3 1
116 1 7 879 1002 4670 1503
117 0 2 887 43 381 64
118 1 2 894 34 298 51
119 0 10 901 12 38 18
120 0 18 910 19306 108903 28959
121 1 10 919 1 4 1
122 1 21 928 2 6 3
123 0 2 937 1 10 1
124 0 1 944 171 1630 256
125 0 7 951 67 252 100
126 1 3 959 38 334 57
127 1 4 966 61 227 91
128 0 1 974 1419 14953 2128
129 0 3 980 22 188 33
130 0 1 987 1 9 1
131 0 2 993 2 17 3
132 0 1 1000 1 10 1
133 0 6 1007 670 3033 1005
134 0 2 1015 1 9 1
135 0 1 1022 193423 2487952 290134
136 0 12 1029 63 235 94
137 0 8 1038 39 139 58
138 1 1 1047 46 410 69
139 1 2 1053 9 73 13
140 0 1 1060 7 56 10
141 1 6 1066 22 74 33
142 1 35 1074 1 4 1
143 0 2 1083 2 17 3
144 1 7 1090 77 293 115
145 0 5 1098 123333 771439 184999
146 0 1 1106 30 261 45
147 1 2 1113 1 10 1
148 0 1 1120 1 9 1
149 1 2 1126 1 12 1
150 0 2 1133 1 9 1
151 1 3 1140 17 56 25
152 1 4 1148 23 78 34
153 0 8 1156 183324 1170738 274986
154 1 1 1164 3 25 4
155 1 2 1170 4 33 6
156 0 1 1177 42 372 63
157 0 1 1184 1 8 1
158 1 1 1190 601 6088 901
159 1 2 1196 147 1391 220
160 0 8 1203 4 12 6
161 1 5 1212 2536 12600 3804
162 0 4 1220 148 596 222
163 1 2 1228 22 188 33
164 1 3 1235 49 179 73
165 0 2 1243 1 9 1
166 0 1 1250 1 9 1
167 0 1 1256 2 17 3
168 1 1 1263 2 17 3
169 0 2 1268 9 73 13
170 0 3 1275 1 4 1
171 1 1 1283 1977 21143 2965
172 1 8 1288 4 12 6
173 1 4 1297 4 12 6
174 0 3 1305 1 9 1
175 1 2 1312 1 10 1
176 0 2 1319 118 1104 177
177 0 7 1326 7 21 10
178 0 3 1334 86 330 129
179 1 4 1342 1 4 1
180 1 9 1350 1 5 1
181 1 2 1359 34 297 51
182 1 3 1366 759 7773 1138
183 1 2 1373 73 666 109
184 1 11 1380 135 539 202
185 1 5 1389 67 251 100
186 1 5 1397 1 5 1
187 1 1 1405 141 1331 211
188 0 1 1410 92 850 138
189 0 7 1417 1 3 1
190 1 1 1425 1328 13952 1992
191 0 2 1432 60 542 90
192 1 3 1439 1 3 1
193 0 1 1447 3 25 4
194 0 1 1454 8 64 12
195 1 2 1460 1 9 1
196 0 2 1467 11 90 16
197 1 8 1474 52 191 78
198 1 8 1482 13 41 19
199 0 5 1491 1 4 1
200 1 23 1499 1 3 1
201 0 2 1508 393754 5197156 590631
202 0 4 1515 1 3 1
203 1 2 1523 12 98 18
204 0 1 1530 1 10 1
205 0 5 1535 1 4 1
206 1 16 1543 124 492 186
207 1 2 1552 159 1510 238
208 1 7 1559 83 318 124
209 0 9 1567 5 15 7
210 0 4 1576 4061 20811 6091
211 0 5 1584 1 6 1
212 0 9 1592 2 7 3
213 1 9 1601 15 48 22
214 1 1 1610 43 381 64
215 1 3 1616 2 6 3
216 1 2 1624 414 4121 621
217 0 6 1631 3 9 4
218 1 5 1639 60 223 90
219 0 2 1647 165 1570 247
220 1 1 1654 4353 48179 6529
221 0 2 1661 9389 107332 14083
222 0 1 1668 19 161 28
223 0 2 1674 41 363 61
224 1 4 1681 2 6 3
225 0 2 1689 3 25 4
226 1 2 1696 59112 727196 88668
227 1 6 1703 178 727 267
228 0 1 1711 253 2459 379
229 1 2 1718 6 48 9
230 0 1 1725 1 9 1
231 0 1 1731 442 4413 663
232 0 11 1737 1758 8521 2637
233 1 4 1746 55 203 82
234 1 3 1754 1484 15669 2226
235 0 13 1761 6 18 9
236 1 2 1770 4 33 6
237 0 1 1777 4 33 6
238 0 2 1782 1 8 1
239 0 9 1789 278 1177 417
240 0 3 1798 1 3 1
241 0 2 1806 3 25 4
242 0 15 1813 1 5 1
243 1 2 1822 19 161 28
244 0 4 1829 13 41 19
245 1 4 1837 510 2262 765
246 1 2 1845 1 9 1
247 0 1 1852 1 9 1
248 1 1 1859 4667 51808 7000
249 0 3 1865 4 12 6
250 0 1 1873 21 179 31
251 1 1 1879 3 25 4
252 1 3 1885 12 98 18
253 0 3 1892 3 9 4
254 0 1 1900 20 170 30
255 0 17 1906 74 280 111
256 1 13 1915 1 4 1
257 1 2 1924 1 11 1
258 1 1 1931 1 9 1
259 0 6 1937 1 4 1
260 1 1 1945 219 2113 328
261 0 3 1951 19 63 28
262 1 2 1959 1 9 1
263 0 1 1966 1 9 1
264 1 1 1972 11 90 16
265 0 1 1978 1 8 1
266 0 2 1984 19565 230455 29347
267 1 2 1991 71 647 106
268 1 2 1998 1 9 1
269 0 1 2005 1 10 1
270 1 8 2011 6 18 9
271 0 7 2019 19 63 28
272 0 2 2027 1 11 1
273 1 3 2034 1 9 1
274 0 1 2041 1 9 1
275 1 18 2046 2 6 3
276 1 1 2055 1 9 1
277 0 3 2061 12 38 18
278 1 5 2069 1 4 1
279 0 2 2077 5 41 7
280 1 1 2084 44 390 66
281 0 2 2091 597 6046 895
282 0 1 2098 1 9 1
283 1 3 2104 7 21 10
284 0 7 2112 43 155 64
285 0 9 2120 1 4 1
286 1 4 2129 24 82 36
287 1 1 2137 3 25 4
288 0 1 2143 1 10 1
289 1 2 2148 62 561 93
290 0 12 2155 1 3 1
291 0 4 2164 98965 611806 148447
292 1 4 2172 4 13 6
293 1 3 2180 62 561 93
294 1 2 2187 1546 16354 2319
295 1 1 2194 1 10 1
296 1 1 2200 2 17 3
297 1 11 2206 94 364 141
298 1 5 2215 289 1227 433
299 0 5 2223 4 12 6
300 1 1 2231 4 32 6
301 0 12 2237 35 124 52
302 0 1 2246 1 10 1
303 0 11 2252 118721 741093 178081
304 0 1 2261 4442 49206 6663
305 1 3 2268 1 5 1
306 0 1 2276 33 288 49
307 1 7 2282 48 175 72
308 1 1 2290 5 41 7
309 1 1 2296 47779 582967 71668
310 1 2 2303 1 10 1
311 1 12 2310 4 12 6
312 1 1 2319 1 9 1
313 0 1 2325 1530 16177 2295
314 1 2 2331 7 56 10
315 1 1 2338 3091 33710 4636
316 1 1 2344 78282 973427 117423
317 1 1 2348 10547 121150 15820
318 1 4 2355 2 7 3
319 1 4 2363 1 4 1
320 0 1 2371 5 40 7
321 0 1 2377 1 10 1
322 0 5 2383 1 5 1
323 0 5 2391 1 3 1
324 0 1 2399 10 81 15
325 1 2 2405 108 1006 162
326 1 5 2412 15 49 22
327 0 6 2420 15 48 22
328 0 6 2428 1 4 1
329 1 1 2436 933 9646 1399
330 1 12 2441 1 4 1
331 1 10 2450 24 82 36
332 1 2 2459 2 17 3
333 1 17 2466 1 4 1
334 1 1 2475 1 9 1
335 1 8 2481 1 3 1
336 1 2 2489 515 5179 772
337 0 2 2496 48 428 72
338 1 1 2503 314 3084 471
339 1 12 2508 1 4 1
340 0 1 2517 18067 212130 27100
341 1 32 2523 112 440 168
342 1 1 2532 2 17 3
343 0 12 2537 1588 7644 2382
344 0 4 2546 1 4 1
345 1 5 2554 53 195 79
346 0 3 2562 41 147 61
347 0 1 2570 161 1530 241
348 1 5 2575 1 4 1
349 0 3 2583 96 372 144
350 1 11 2591 6072 31925 9108
351 1 17 2600 1 3 1
352 1 9 2609 1 4 1
353 0 5 2618 37 131 55
354 0 15 2626 1 3 1
355 0 2 2635 1 9 1
356 0 7 2642 3 10 4
357 0 3 2650 783 3585 1174
358 0 2 2658 1 10 1
359 1 1 2665 4 33 6
360 0 7 2671 1733 8392 2599
361 0 1 2679 1278 13404 1917
362 1 2 2685 1165 12167 1747
363 0 29 2692 2 6 3
364 1 15 2701 112 440 168
365 0 3 2710 17 143 25
366 1 1 2718 1 10 1
367 1 1 2725 5609 62753 8413
368 0 2 2730 3 25 4
369 0 7 2737 5 15 7
370 0 1 2745 1 10 1
371 0 6 2751 1 4 1
372 0 6 2759 36 127 54
373 1 2 2767 1 10 1
374 1 6 2774 1 5 1
375 1 50 2782 2 7 3
376 1 3 2792 37249 218223 55873
377 0 2 2800 19 160 28
378 0 4 2807 1 5 1
379 0 1 2815 8 64 12
380 1 2 2821 115 1074 172
381 1 4 2828 36531 213781 54796
382 1 5 2836 15 48 22
383 1 1 2844 1 9 1
384 0 1 2850 1 10 1
385 0 3 2856 30904 179140 46356
386 1 4 2864 1 4 1
387 0 1 2872 16 134 24
388 1 3 2877 20 67 30
389 1 2 2885 2 17 3
390 1 15 2892 32 112 48
391 0 1 2901 18 152 27
392 1 2 2906 7 56 10
393 0 4 2913 2 7 3
394 0 1 2921 11720 135209 17580
395 0 1 2928 5 40 7
396 0 1 2934 1 9 1
397 0 1 2941 1 12 1
398 0 10 2946 3 9 4
399 0 7 2955 108 423 162
400 0 3 2963 11 34 16
401 0 2 2971 180 1720 270
402 1 7 2978 1377 6563 2065
403 1 3 2986 976 4540 1464
404 0 4 2994 19 63 28
405 1 2 3002 13 108 19
406 1 3 3009 20 170 30
407 1 1 3017 89 821 133
408 1 16 3024 7085 37614 10627
409 0 8 3033 4253 21860 6379
410 0 2 3041 1 8 1
411 0 3 3048 39 344 58
412 0 3 3055 49856 296893 74784
413 0 7 3063 1 6 1
414 1 3 3071 1 5 1
415 1 6 3079 24 82 36
416 0 5 3087 2 6 3
417 1 3 3095 782 3580 1173
418 0 2 3103 1 11 1
419 1 1 3110 260 2530 390
420 0 1 3116 4889 54380 7333
421 0 21 3123 15 48 22
422 0 9 3132 12 38 18
423 1 1 3141 74 675 111
424 0 1 3147 1 12 1
425 1 1 3153 1 10 1
426 0 4 3159 1 3 1
427 0 2 3167 6 48 9
428 1 8 3174 316 1352 474
429 0 2 3183 2 17 3
430 0 4 3190 2 7 3
431 0 8 3198 1477 7074 2215
432 1 7 3207 246 1031 369
433 1 6 3215 159 644 238
434 0 1 3223 61 551 91
435 1 2 3229 1 9 1
436 0 1 3236 2612 28278 3918
437 1 5 3243 2 6 3
438 1 1 3251 1 13 1
439 1 1 3257 1 9 1
440 1 132 3263 1 4 1
441 1 1 3273 148 1401 222
442 1 2 3278 1 9 1
443 1 2 3285 1 9 1
444 1 3 3292 1 5 1
445 1 1 3300 94 869 141
446 1 1 3307 8 64 12
447 1 2 3312 10 81 15
448 0 7 3319 965 4486 1447
449 0 2 3327 39 344 58
450 1 2 3334 1 9 1
451 1 1 3341 12 99 18
452 1 6 3347 1 4 1
453 0 2 3355 1065 11078 1597
454 0 13 3362 4857 25178 7285
455 1 11 3371 110 432 165
456 1 2 3380 1 10 1
457 1 1 3387 9 72 13
458 1 2 3393 49497 604756 74245
459 1 3 3400 18 59 27
460 1 7 3408 2 7 3
461 0 2 3416 4 33 6
462 1 8 3423 1 4 1
463 0 11 3432 3092 15566 4638
464 0 7 3441 11 34 16
465 0 5 3449 1 3 1
466 0 4 3457 1 3 1
467 0 1 3465 1 9 1
468 1 3 3469 11 34 16
469 1 1 3477 1 9 1
470 0 6 3483 947 4396 1420
471 1 3 3491 29 101 43
472 1 2 3499 73 666 109
473 0 2 3506 24516 291390 36774
474 1 1 3513 6 48 9
475 1 3 3519 168867 1073820 253300
476 1 1 3527 1 10 1
477 1 2 3532 7 56 10
478 0 1 3539 143 1351 214
479 0 2 3545 1 9 1
480 0 4 3552 1 4 1
481 0 2 3560 10 81 15
482 1 20 3567 868 4004 1302
483 1 4 3576 3 9 4
484 0 4 3584 5 15 7
485 0 4 3592 3 9 4
486 1 2 3600 1 11 1
487 1 6 3607 5 15 7
