0 0 28 5 4 12 6
1 1 2 24 8 64 12
2 1 2 39 2747 29805 4120
3 0 3 54 1 12 1
4 1 2 69 249651 3241333 374476
5 0 3 84 1 9 1
6 0 8 99 1 5 1
7 1 1 116 3 25 4
8 1 5 126 1 9 1
9 0 3 142 1 10 1
10 0 4 157 16598 194216 24897
11 0 6 173 1 12 1
12 0 3 189 10 81 15
13 0 3 204 8213 93368 12319
14 1 18 219 1 3 1
15 0 9 237 10 31 15
16 0 10 254 56 207 84
17 0 8 271 1 4 1
18 0 3 288 6441 72483 9661
19 0 2 303 1 10 1
20 0 14 317 859 3960 1288
21 1 2 335 14 116 21
22 0 2 350 6 48 9
23 1 7 364 136 543 204
24 1 2 381 1 12 1
25 1 4 395 143 1351 214
26 0 2 411 47 419 70
27 0 1 425 2220 23863 3330
28 0 1 435 8 64 12
29 1 2 448 305 2992 457
30 0 3 463 16 134 24
31 1 1 478 10381 119165 15571
32 0 4 489 1 10 1
33 0 2 505 443 4424 664
34 0 2 520 1 10 1
35 1 1 535 55 494 82
36 1 3 548 80 734 120
37 0 1 563 171 1630 256
38 1 3 575 77 704 115
39 1 2 590 178 1700 267
40 0 5 604 1 8 1
41 1 2 620 1 9 1
42 1 6 634 10 81 15
43 1 2 651 1 11 1
44 1 2 666 1 11 1
45 0 1 680 1 9 1
46 0 2 693 1 11 1
47 0 1 707 7 56 10
48 1 5 720 106750 1343085 160125
49 0 7 736 1 3 1
50 0 3 753 1 11 1
51 0 5 768 9 73 13
52 1 4 784 1 10 1
53 1 3 800 1 9 1
54 1 5 815 1 10 1
55 0 3 831 221 2134 331
56 1 2 846 1 11 1
57 1 3 860 31 270 46
58 1 5 875 1 8 1
59 1 3 891 1 9 1
60 0 5 906 8 64 12
61 1 4 922 1 10 1
62 1 5 938 57 513 85
63 1 2 954 919 9495 1378
64 0 6 968 4 33 6
65 0 2 984 67590 835778 101385
66 1 4 999 580 5866 870
67 0 8 1015 46 167 69
68 1 3 1032 1 9 1
69 0 7 1047 2 7 3
70 1 2 1064 524 5274 786
71 1 1 1078 2 17 3
72 1 3 1091 1 11 1
73 1 2 1106 2 17 3
74 1 1 1120 1 8 1
75 0 2 1133 18267 214574 27400
76 1 7 1147 1 3 1
77 0 6 1164 3 25 4
78 1 1 1181 59 532 88
79 0 4 1194 1 10 1
80 0 13 1210 3 9 4
81 0 1 1228 17550 205818 26325
82 1 4 1240 1 10 1
83 1 3 1256 1 9 1
84 0 3 1271 1 9 1
85 0 2 1286 17 143 25
86 1 12 1300 1048 4900 1572
87 1 4 1318 1 9 1
88 1 1 1334 5 40 7
89 0 5 1343 1 10 1
90 1 2 1359 2 17 3
91 1 7 1373 5 15 7
92 1 3 1390 108 1006 162
93 1 2 1405 1 9 1
94 1 6 1419 9 27 13
95 1 4 1436 1 10 1
96 0 10 1452 2 6 3
97 0 2 1469 2 17 3
98 0 2 1483 1 9 1
99 0 4 1496 90 830 135
100 1 3 1512 1 9 1
101 0 8 1527 11 34 16
102 0 17 1544 5 15 7
103 0 4 1562 1 10 1
104 0 1 1578 7 56 10
105 0 6 1591 6 48 9
106 0 5 1607 40 353 60
107 0 22 1623 24 81 36
108 0 3 1641 39 344 58
109 0 6 1656 1 5 1
110 0 6 1673 42 372 63
111 1 9 1689 586 2627 879
112 1 6 1706 1942 9477 2913
113 1 2 1723 379 3756 568
114 0 13 1737 1 4 1
115 0 2 1755 2 17 3
116 0 3 1770 70 637 105
117 0 8 1785 3 10 4
118 1 1 1802 1 9 1
119 1 2 1812 8 64 12
120 0 4 1826 908 9376 1362
121 1 18 1842 1 3 1
122 0 1 1860 909 9387 1363
123 0 1 1872 101 937 151
124 0 1 1885 69 628 103
125 0 7 1897 2751 13743 4126
126 1 3 1914 9 73 13
127 0 4 1929 17 143 25
128 0 2 1945 106 986 159
129 0 1 1959 72 656 108
130 1 2 1972 1 9 1
131 0 2 1986 651 6619 976
132 0 6 2000 1 4 1
133 1 4 2017 1 9 1
134 0 1 2033 4 32 6
135 1 13 2043 1 4 1
136 1 1 2061 1 10 1
137 1 5 2073 1 9 1
138 0 14 2089 2 6 3
139 1 3 2107 15 125 22
140 1 1 2122 12869 149033 19303
141 1 4 2135 1 9 1
142 1 1 2151 3 25 4
143 0 2 2164 11919 137599 17878
144 0 2 2178 1 9 1
145 0 2 2193 4 32 6
146 1 2 2207 16 134 24
147 0 1 2221 1 12 1
148 1 1 2231 154 1460 231
149 1 1 2244 369 3653 553
150 1 4 2257 258 2510 387
151 0 2 2273 75 685 112
152 0 6 2286 1 12 1
153 0 5 2302 2 17 3
154 0 3 2318 4007 44192 6010
155 1 12 2333 1 4 1
156 1 6 2351 1 11 1
157 1 4 2367 11339 130636 17008
158 0 11 2383 1311 6227 1966
159 0 2 2400 72 656 108
160 0 2 2414 1 10 1
161 1 3 2428 708 7227 1062
162 1 3 2443 3 25 4
163 1 2 2458 3618 39727 5427
164 0 11 2472 366 1583 549
165 0 3 2490 1 9 1
166 0 3 2505 1 9 1
167 1 4 2520 749 7666 1123
168 0 2 2536 706 7206 1059
169 1 1 2550 62 561 93
170 1 1 2563 2 17 3
171 1 9 2575 55 203 82
172 0 1 2592 2060 22071 3090
173 1 2 2605 4 33 6
174 0 4 2619 10 81 15
175 1 3 2635 1 10 1
176 1 21 2650 1 5 1
177 1 1 2668 10 81 15
178 0 24 2681 1 4 1
179 1 1 2699 1 8 1
180 1 2 2712 830 8535 1245
181 0 4 2726 211 2033 316
182 0 3 2742 165 1570 247
183 0 2 2757 70 637 105
184 0 1 2772 24269 288337 36403
185 1 2 2785 57 513 85
186 1 4 2799 84 772 126
187 1 2 2815 121 1133 181
188 0 3 2829 7 56 10
189 1 1 2844 40 353 60
190 0 1 2857 1 13 1
191 1 5 2870 44 391 66
192 0 4 2886 214 2063 321
193 0 1 2902 2753309 38873775 4129963
194 1 1 2915 3 25 4
195 1 2 2928 67 609 100
196 1 5 2942 1 9 1
197 0 1 2958 1 9 1
198 0 1 2970 39 344 58
199 1 3 2983 2 17 3
200 0 3 2998 1 9 1
201 0 8 3013 31688 183947 47532
202 0 5 3030 1 9 1
203 1 3 3046 1 9 1
204 0 7 3061 1 4 1
205 0 4 3078 29 252 43
206 0 1 3094 490 4916 735
207 1 7 3104 6132 32261 9198
208 1 2 3121 1 9 1
209 1 2 3135 67 609 100
210 0 1 3149 118 1104 177
211 0 2 3162 125 1173 187
212 0 2 3176 252 2449 378
213 0 3 3190 1 9 1
214 0 1 3205 1 14 1
215 0 1 3218 34 298 51
216 1 24 3231 222 923 333
217 1 8 3250 1 4 1
218 0 3 3267 2 17 3
219 1 1 3282 1685 17893 2527
220 0 3 3292 1 9 1
221 0 3 3307 1 9 1
222 0 3 3322 2 17 3
223 1 3 3337 31 270 46
224 0 4 3352 1 10 1
225 1 1 3368 1 12 1
226 1 7 3379 58 215 87
227 1 5 3396 3461 37931 5191
228 0 1 3412 1 11 1
229 0 11 3425 2 6 3
230 1 1 3443 2819 30621 4228
231 0 6 3456 1 3 1
232 0 10 3473 5 15 7
233 0 7 3490 112 440 168
234 0 3 3507 46 410 69
235 1 2 3522 167 1590 250
236 1 6 3536 240 2326 360
237 0 5 3553 72 657 108
238 1 9 3569 1 5 1
239 0 2 3586 1 9 1
240 0 2 3600 2 17 3
241 0 2 3614 5 40 7
