0 0 4 5 1 9 1
1 1 2 13 780 7998 1170
2 1 1 19 9 72 13
3 1 2 23 8 64 12
4 1 2 29 48989 598311 73483
5 0 3 35 1 9 1
6 1 4 42 6 48 9
7 0 1 50 12 99 18
8 1 5 53 2 17 3
9 1 1 61 114 1065 171
10 0 2 66 12 99 18
11 1 1 73 385 3819 577
12 0 1 78 1 12 1
13 0 1 83 1365 14358 2047
14 1 1 88 246 2388 369
15 1 1 92 15 125 22
16 0 3 97 6 48 9
17 1 3 105 497 4990 745
18 1 19 112 126 500 189
19 0 1 123 1 10 1
20 1 1 128 3 25 4
21 1 2 133 1 9 1
22 1 13 140 1 3 1
23 0 1 150 1 9 1
24 1 3 156 379 3757 568
25 0 1 163 54 485 81
26 1 2 168 1 9 1
27 0 6 174 1 10 1
28 1 4 183 126 1183 189
29 1 12 191 92 355 138
30 1 1 201 1 9 1
31 0 5 204 2 17 3
32 0 5 212 10 81 15
33 0 7 220 3 9 4
34 1 1 229 4 33 6
35 1 2 234 23 197 34
36 0 4 240 7 56 10
37 1 39 248 2108700 15171954 3163050
38 1 5 260 1 9 1
39 0 5 268 819421 11099593 1229131
40 1 1 277 340 3353 510
41 0 4 279 6629 74688 9943
42 1 1 287 279 2725 418
43 0 1 293 16 134 24
44 0 8 299 1 4 1
45 0 5 308 27 233 40
46 1 2 316 29868 357791 44802
47 1 18 322 4506 23246 6759
48 0 5 332 1635 17338 2452
49 0 1 341 7412 83902 11118
50 1 3 345 2 17 3
51 0 2 352 28 242 42
52 1 3 359 1 9 1
53 1 2 366 3 25 4
54 0 2 373 2 17 3
55 0 2 380 1 10 1
56 0 1 386 5 40 7
57 1 2 391 76 695 114
58 0 9 398 1 4 1
59 1 2 407 837 8611 1255
60 1 4 413 1 11 1
61 0 71 421 1 3 1
62 0 1 433 1 10 1
63 1 1 438 1 8 1
64 0 2 443 124 1163 186
65 1 2 450 17 143 25
66 0 2 457 6 48 9
67 1 2 464 1 8 1
68 1 8 471 5403 28199 8104
69 1 1 480 159 1510 238
70 1 9 486 13046 71897 19569
71 1 3 495 337 3322 505
72 0 4 503 476 4769 714
73 1 7 511 1 4 1
74 0 3 520 69 628 103
75 0 1 527 1 11 1
76 0 4 531 27 233 40
77 0 1 539 1 11 1
78 0 11 545 2 6 3
79 0 1 555 1132 11807 1698
80 1 1 559 1 9 1
81 1 11 563 11 34 16
82 0 4 573 63 570 94
83 0 3 581 333 3280 499
84 1 6 588 130 1222 195
85 0 3 597 785 8052 1177
86 1 1 605 37 325 55
87 1 2 609 1 9 1
88 0 1 616 1 11 1
89 0 1 620 1 10 1
90 0 3 625 1 9 1
91 1 19 632 12946 71313 19419
92 1 2 643 1 10 1
93 0 2 649 10 81 15
94 0 2 656 1 11 1
95 1 2 662 1 9 1
96 0 1 669 2 17 3
97 0 2 672 1 10 1
98 1 2 678 1 10 1
99 0 5 684 1 8 1
100 1 2 692 1 10 1
101 0 5 699 1 12 1
102 1 3 707 4144 45769 6216
103 1 5 714 275 2684 412
104 0 3 722 43 381 64
105 1 1 730 9806 112300 14709
106 1 8 735 6 18 9
107 1 11 744 1 6 1
108 1 10 754 1 4 1
109 0 2 764 2 17 3
110 1 2 771 4 33 6
111 1 1 777 1 11 1
112 1 2 782 2787 30258 4180
113 1 1 788 2 17 3
114 1 2 794 231 2235 346
115 0 8 800 1 6 1
116 0 4 809 2 17 3
117 0 4 817 18 152 27
118 1 13 825 63 235 94
119 0 1 835 27 233 40
120 0 3 840 307 3012 460
121 0 2 848 1 11 1
122 0 9 854 1 5 1
123 1 3 863 2 17 3
124 1 5 870 23 197 34
125 1 3 878 6 48 9
126 1 4 886 3126 34108 4689
127 0 8 894 17 56 25
128 1 6 903 28 97 42
129 0 4 912 6 48 9
130 1 3 920 1795 19114 2692
131 1 3 927 1 8 1
132 1 2 935 154 1460 231
133 1 2 941 1 9 1
134 1 2 948 4 33 6
135 0 2 955 4 33 6
136 0 3 961 2 17 3
137 1 3 968 9011 102835 13516
138 1 6 976 430 4288 645
139 0 3 985 1 10 1
140 0 3 993 11 90 16
141 1 5 1000 15 125 22
142 0 2 1008 64 580 96
143 1 14 1014 1 4 1
144 0 1 1024 8 64 12
145 1 3 1030 3 25 4
146 0 2 1038 6 48 9
147 1 4 1045 1 11 1
148 0 1 1053 13 107 19
149 1 10 1058 1 4 1
150 1 11 1068 1 3 1
151 0 2 1078 1 9 1
152 0 11 1084 2 7 3
153 0 1 1094 11 90 16
154 1 1 1099 1134 11829 1701
155 0 2 1104 5 41 7
156 0 2 1110 265 2582 397
157 1 4 1117 1 9 1
158 1 1 1125 72 656 108
159 1 6 1127 1 9 1
160 1 6 1136 1 10 1
161 1 3 1145 35 307 52
162 0 1 1153 89 820 133
163 0 4 1156 313 3074 469
164 0 1 1164 1 10 1
165 0 3 1170 130 1222 195
166 0 1 1177 1 9 1
167 0 3 1180 635 6449 952
168 0 14 1188 1 3 1
169 1 11 1198 6 18 9
170 0 14 1208 28 97 42
171 0 1 1218 8 64 12
172 1 1 1222 43 381 64
173 1 4 1228 2822 30655 4233
174 1 1 1236 1 9 1
175 0 5 1241 13 107 19
176 1 9 1249 422 1845 633
177 0 7 1258 3 9 4
178 1 3 1267 24 206 36
179 0 2 1274 19 161 28
180 0 2 1280 9 73 13
181 0 5 1286 50 447 75
182 0 2 1294 3 25 4
183 1 1 1300 2 17 3
184 1 2 1304 3 25 4
185 0 7 1310 7 21 10
186 1 2 1319 14 116 21
187 1 28 1326 1 4 1
188 1 23 1337 25 85 37
189 0 1 1348 9 73 13
190 1 7 1353 1 4 1
191 0 1 1362 1 10 1
192 1 1 1366 880 9074 1320
193 0 2 1370 534 5380 801
194 1 3 1376 10 81 15
195 1 6 1383 1 10 1
196 1 2 1392 27 233 40
197 0 12 1399 1 3 1
198 0 7 1409 5 15 7
199 1 6 1418 1 9 1
200 1 17 1427 78 297 117
201 0 2 1437 764 7826 1146
202 0 8 1444 52 191 78
203 1 1 1453 9 73 13
204 1 1 1456 3079 33574 4618
205 0 3 1461 1 9 1
206 0 1 1468 764 7826 1146
207 0 5 1474 59 532 88
208 0 1 1482 1 11 1
209 0 6 1487 695 7088 1042
210 1 7 1496 116 457 174
211 1 2 1505 19 161 28
212 0 2 1512 40 353 60
213 1 1 1518 1 10 1
214 0 5 1523 12224 141266 18336
215 1 2 1531 3 25 4
216 0 15 1538 6808 36053 10212
217 1 10 1548 2 6 3
218 1 1 1558 1 10 1
219 0 23 1561 1 5 1
220 1 7 1572 307 1310 460
221 0 1 1581 1 8 1
222 1 4 1585 8521 97018 12781
223 0 1 1593 36 316 54
224 1 20 1598 2 6 3
225 0 3 1609 2 17 3
226 1 1 1616 1 9 1
227 0 2 1619 1 12 1
228 1 2 1626 2 17 3
229 1 1 1633 1 11 1
230 0 12 1639 66 247 99
231 1 2 1649 10 81 15
232 0 1 1656 17 143 25
233 1 3 1661 2 17 3
234 0 1 1669 1 10 1
235 0 1 1674 1 9 1
236 0 4 1680 45 400 67
237 1 49 1688 135 539 202
238 1 2 1700 1 11 1
239 0 1 1707 42 372 63
240 0 5 1711 1 9 1
241 1 12 1719 1 5 1
242 1 40 1729 2 7 3
243 0 3 1741 409 4068 613
244 0 3 1748 1 9 1
245 1 48 1756 1 3 1
246 1 2 1768 182 1741 273
247 1 10 1775 1 4 1
248 0 21 1785 21735 123457 32602
249 0 5 1796 14 116 21
250 0 1 1804 2 17 3
251 0 2 1807 181 1730 271
252 0 4 1814 6 48 9
253 1 4 1822 1580 16730 2370
254 0 2 1830 55681 683413 83521
255 1 2 1836 1 11 1
256 0 1 1842 1 11 1
257 1 11 1847 179 732 268
258 0 3 1857 7 56 10
259 0 7 1864 572 2559 858
260 0 2 1873 389 3860 583
261 1 9 1879 1 3 1
262 0 3 1888 43 381 64
263 0 12 1895 2 7 3
264 1 2 1905 1286 13491 1929
265 0 1 1911 1 12 1
266 1 1 1917 4854 53974 7281
267 1 2 1921 30 261 45
268 1 2 1928 36 316 54
269 1 4 1934 2 17 3
270 1 1 1942 68 618 102
271 0 2 1947 1432 15096 2148
272 0 4 1953 92 850 138
273 1 2 1961 1266 13272 1899
274 0 1 1968 80 733 120
275 0 2 1972 145 1371 217
276 0 2 1978 2958 32198 4437
277 0 7 1985 47962 284999 71943
278 0 2 1994 1 9 1
279 1 3 2000 1 9 1
280 0 2 2007 1 11 1
281 1 3 2013 1 9 1
282 0 1 2020 23 197 34
283 0 1 2023 1 9 1
284 1 4 2029 1 10 1
285 0 4 2037 1 10 1
286 0 1 2045 588097 7873884 882145
287 0 4 2050 1 9 1
288 1 10 2058 2 7 3
289 1 1 2068 1 10 1
290 0 2 2073 61 551 91
291 1 2 2079 1 11 1
292 1 7 2086 140 561 210
293 1 8 2095 29 101 43
294 0 3 2104 11 90 16
295 0 4 2111 14 116 21
296 1 3 2119 1 9 1
297 1 5 2127 1 9 1
298 0 1 2136 169 1610 253
299 0 2 2140 460 4602 690
300 0 1 2147 757 7752 1135
301 0 10 2153 115 453 172
302 1 6 2163 3 25 4
303 0 4 2172 1 11 1
304 0 2 2180 9 73 13
305 0 1 2186 2 17 3
306 1 4 2191 107 996 160
307 0 3 2199 192 1841 288
308 1 3 2206 4910 54623 7365
309 1 4 2213 43 381 64
310 1 4 2221 12093 139691 18139
311 0 1 2229 3 25 4
312 1 7 2234 1 3 1
313 0 4 2243 4 33 6
314 0 2 2251 1 10 1
315 1 5 2258 1838 19593 2757
316 1 2 2266 29 251 43
317 0 3 2272 99 918 148
318 0 4 2279 84 772 126
319 0 1 2287 601 6088 901
320 0 20 2292 33 116 49
321 1 13 2303 168 683 252
322 0 3 2313 1 10 1
323 0 1 2320 1 10 1
324 1 2 2325 1 9 1
325 0 3 2332 397 3943 595
326 0 5 2339 11 90 16
327 1 2 2347 2056 22026 3084
328 1 1 2354 85 782 127
329 1 6 2356 1577 16696 2365
330 1 24 2365 1 4 1
331 1 2 2376 5 40 7
332 1 14 2382 1777 8620 2665
333 0 7 2392 30498 176653 45747
334 0 3 2401 5968 66945 8952
335 1 1 2408 19 161 28
336 0 1 2413 1 12 1
337 1 4 2418 14 116 21
338 0 1 2426 111 1035 166
339 1 7 2431 376 1630 564
340 0 3 2440 1 9 1
341 0 3 2447 56 504 84
342 1 2 2455 1 11 1
343 1 2 2461 15 125 22
344 1 1 2468 57 513 85
345 0 7 2473 92 355 138
346 0 2 2482 222 2144 333
347 0 1 2489 104 966 156
348 1 2 2495 1 9 1
349 0 1 2502 3 25 4
350 0 2 2508 13 107 19
351 1 1 2514 1841 19626 2761
352 0 2 2519 1 9 1
353 0 2 2526 15 125 22
354 0 1 2533 1 9 1
355 1 1 2537 7 56 10
356 0 7 2542 2 7 3
357 0 6 2551 1 10 1
358 1 4 2560 6 48 9
359 1 3 2568 52 466 78
360 1 2 2576 1 10 1
361 0 10 2582 3 9 4
362 0 1 2592 172 1640 258
363 1 19 2596 89 343 133
364 1 5 2607 7684 87112 11526
365 1 1 2615 5 40 7
366 1 4 2617 6482 72964 9723
367 1 4 2625 1 10 1
368 1 2 2633 1 10 1
369 1 3 2640 8856 100994 13284
370 0 3 2647 1 9 1
371 1 6 2655 4 33 6
372 1 2 2664 1 9 1
373 0 5 2671 1 9 1
374 0 1 2679 1 9 1
375 1 2 2684 1 10 1
376 0 1 2690 9 73 13
377 0 1 2695 1 10 1
378 1 1 2699 1 10 1
379 1 10 2703 4 12 6
380 0 1 2713 4 33 6
381 1 1 2717 3 25 4
382 1 2 2721 1 8 1
383 1 1 2727 1 11 1
384 1 5 2731 14 116 21
385 1 5 2739 69 628 103
386 1 2 2747 5 40 7
387 1 1 2753 1 9 1
388 0 1 2759 1 9 1
389 0 2 2765 254 2469 381
390 0 7 2771 1 3 1
391 1 1 2780 4 33 6
392 1 3 2782 85 782 127
393 0 5 2789 6 48 9
394 0 2 2797 15682 183077 23523
395 0 20 2804 9 27 13
396 0 16 2815 7 21 10
397 1 10 2825 1200 5665 1800
398 0 2 2834 76 695 114
399 1 1 2840 64 580 96
400 0 2 2846 232 2245 348
401 0 2 2852 2538 27442 3807
402 1 2 2859 1 9 1
403 0 3 2865 1614 17106 2421
404 0 15 2872 6 18 9
405 1 4 2882 1 9 1
406 1 1 2890 1 11 1
407 0 1 2895 1648 17482 2472
408 1 4 2900 1 9 1
409 0 2 2908 1 10 1
410 0 4 2915 1 11 1
411 1 24 2923 1 5 1
412 1 2 2934 5 40 7
413 1 1 2940 1 10 1
414 0 2 2945 41 362 61
415 1 1 2951 2 17 3
416 1 2 2957 21 179 31
417 1 1 2963 2 17 3
418 0 4 2968 3 25 4
419 1 4 2976 1 8 1
420 0 4 2984 1 11 1
421 1 1 2992 36 316 54
422 1 3 2997 151 1431 226
423 1 1 3004 143 1351 214
424 1 2 3009 1 9 1
425 0 1 3016 1151 12014 1726
426 1 9 3022 44 159 66
427 0 3 3031 1274 13360 1911
428 0 2 3038 1 9 1
429 0 2 3045 1 9 1
430 1 2 3052 8 64 12
431 0 3 3058 29 251 43
432 0 4 3065 61 551 91
433 1 3 3073 64 580 96
434 0 2 3080 95 879 142
435 0 1 3086 4 33 6
436 1 7 3092 276 1168 414
437 1 2 3101 207 1992 310
438 0 4 3107 3 25 4
439 0 3 3115 1 11 1
440 0 1 3122 1 10 1
441 1 1 3128 259 2520 388
442 1 1 3133 1 11 1
443 0 2 3139 8734 99545 13101
444 0 6 3145 1320 13864 1980
445 0 1 3154 4 32 6
446 1 11 3155 21 70 31
447 1 4 3165 6075 68196 9112
448 0 1 3173 1 8 1
449 1 4 3175 141 1331 211
450 0 7 3183 7 21 10
451 0 11 3192 124 492 186
452 1 10 3202 34 120 51
453 1 6 3212 1 4 1
454 1 3 3221 1 10 1
455 0 1 3228 1 9 1
456 1 13 3233 13 41 19
457 0 2 3243 1 10 1
458 1 8 3249 5 15 7
459 1 12 3258 1 4 1
460 0 11 3268 382 1658 573
461 0 3 3278 17 143 25
462 1 13 3285 5 15 7
463 1 1 3295 1 10 1
464 1 3 3300 1 12 1
465 0 6 3308 443 4423 664
466 0 3 3317 1 9 1
467 1 1 3325 1 10 1
468 1 6 3329 1119 11665 1678
469 0 3 3338 12 99 18
470 1 1 3345 18 152 27
471 1 2 3350 4 32 6
472 0 2 3356 1 9 1
473 1 3 3362 45 400 67
474 0 2 3369 498 5001 747
475 1 4 3375 1 11 1
476 1 3 3383 5573 62333 8359
477 0 2 3391 1 9 1
478 1 1 3398 1 11 1
479 0 1 3403 82341 1025869 123511
480 0 1 3408 3 25 4
481 0 1 3414 96 888 144
482 0 10 3418 17 55 25
483 1 3 3428 180 1720 270
484 0 6 3436 6 48 9
485 0 6 3445 1220 12768 1830
486 1 11 3454 1 6 1
487 0 1 3464 50 447 75
488 0 3 3469 41 363 61
489 1 5 3477 15 125 22
490 0 3 3486 1 10 1
491 1 8 3493 3 9 4
492 1 6 3502 1 4 1
493 0 3 3511 5 40 7
494 0 6 3518 213 883 319
495 0 9 3527 4 12 6
496 0 1 3536 61466 757291 92199
497 1 11 3541 1 4 1
498 0 5 3551 14 116 21
499 0 18 3560 12996 71605 19494
500 1 1 3570 2738 29703 4107
501 0 2 3574 7 56 10
502 1 3 3580 12 99 18
503 1 5 3588 1 11 1
504 0 7 3596 361576 2390403 542364
505 0 30 3605 1 4 1
506 0 2 3616 1168 12200 1752
