0 1 1 5 33 288 49
1 0 3 7 7 21 10
2 0 5 11 1 4 1
3 0 5 15 1 4 1
4 0 3 19 7 21 10
5 0 15 23 1 3 1
6 0 1 28 38 334 57
7 0 1 31 36 316 54
8 0 2 34 1 9 1
9 1 1 37 280 2735 420
10 0 5 39 6 18 9
11 0 2 43 125 1173 187
12 1 3 46 1 6 1
13 1 1 50 2 17 3
14 1 4 52 7 21 10
15 0 3 56 18 59 27
16 1 3 60 100 389 150
17 1 1 64 1 9 1
18 1 1 65 103 957 154
19 0 6 68 34 120 51
20 0 1 72 22 188 33
21 1 2 74 3054 33290 4581
22 1 2 77 1 9 1
23 1 1 80 1 10 1
24 0 4 83 1364 6497 2046
25 0 6 87 21364 121228 32046
26 1 2 91 17 143 25
27 0 2 94 5 41 7
28 0 1 97 7 56 10
29 0 5 99 106 415 159
30 0 1 103 1 9 1
31 0 1 105 1 9 1
32 0 3 107 5 15 7
33 1 1 111 153 1451 229
34 1 4 113 60 223 90
35 1 7 117 1 5 1
36 1 3 121 3317 16776 4975
37 1 1 125 9839 112694 14758
38 0 3 127 17 143 25
39 1 4 131 2 6 3
40 1 2 135 1 9 1
41 0 2 138 1 10 1
42 1 1 141 1 11 1
43 0 10 144 16 52 24
44 1 5 149 13390 73909 20085
45 0 5 153 15 48 22
46 1 5 157 1 4 1
47 0 3 161 4 33 6
48 0 2 165 7207 81486 10810
49 1 3 168 1 9 1
50 0 7 172 2146 10544 3219
51 1 3 176 111 436 166
52 1 2 180 1502 15868 2253
53 0 3 183 1 4 1
54 1 2 187 9 73 13
55 1 2 190 2624 28414 3936
56 1 2 193 8623 98228 12934
57 1 4 196 1 5 1
58 0 3 200 17 143 25
59 0 1 204 9 73 13
60 1 1 207 1 10 1
61 1 1 210 1 8 1
62 1 2 212 1 12 1
63 0 3 215 1425 6808 2137
64 0 1 219 337 3321 505
65 1 2 221 1 9 1
66 1 6 224 1 5 1
67 1 3 228 3 9 4
68 0 3 232 13 41 19
69 1 3 236 9 72 13
70 0 1 240 10 81 15
71 1 5 243 108 423 162
72 0 5 247 1 6 1
73 0 3 251 3 9 4
74 1 1 255 2 17 3
75 0 2 257 128 1202 192
76 1 2 260 1 9 1
77 1 1 263 1 9 1
78 0 4 265 4130 21187 6195
79 0 3 269 1 4 1
80 1 6 273 1 5 1
81 0 1 277 364906 4803259 547359
82 1 5 278 13 41 19
83 0 1 282 1 9 1
84 1 5 285 2 7 3
85 0 5 289 20 67 30
86 0 2 293 3 25 4
87 1 4 296 8 24 12
88 0 3 300 1 4 1
89 1 3 304 10 81 15
90 0 2 308 44220 537923 66330
91 0 14 311 2 7 3
92 0 10 316 38 135 57
93 1 2 321 57197 702747 85795
94 1 1 324 1 11 1
95 1 1 327 2 17 3
96 1 27 329 188 771 282
97 0 2 335 4 33 6
98 1 12 338 119 470 178
99 1 1 343 1 9 1
100 0 14 344 15 48 22
101 0 7 349 36 127 54
102 0 8 353 2 7 3
103 1 3 358 47 419 70
104 1 2 362 1 11 1
105 0 3 365 2 7 3
106 0 3 369 14 116 21
107 1 2 373 1083 11273 1624
108 1 5 376 6146 32339 9219
109 0 3 380 1 5 1
110 1 1 384 1 10 1
111 0 3 386 16 52 24
112 1 1 390 1 8 1
113 1 1 393 12 99 18
114 0 6 395 536 2387 804
115 0 14 399 1 3 1
116 1 9 404 102 398 153
117 1 10 409 1 4 1
118 1 1 414 1 10 1
119 0 6 417 70771 429651 106156
120 1 2 421 1 9 1
121 0 1 424 1 11 1
122 1 50 426 91 351 136
123 1 14 432 1 6 1
124 1 6 437 1 7 1
125 1 1 441 1 9 1
126 0 4 444 172 701 258
127 0 3 448 2 6 3
128 1 2 452 109121 1374050 163681
129 0 1 455 4 33 6
130 1 2 458 2 17 3
131 1 3 461 968 4501 1452
132 0 1 465 1 9 1
133 0 9 468 124429 778658 186643
134 0 6 473 78 297 117
135 0 3 477 1595 16896 2392
136 0 15 481 1 4 1
137 1 2 486 1 10 1
138 1 1 489 1 10 1
139 1 4 492 82 314 123
140 1 2 496 1 9 1
141 0 6 499 1115 5236 1672
142 0 3 503 1 5 1
143 0 2 507 824 8471 1236
144 0 4 510 388 1686 582
145 0 4 514 1 3 1
146 0 3 518 1 13 1
147 0 3 522 1 4 1
148 1 3 526 1 3 1
149 1 3 530 1 3 1
150 1 19 534 75 285 112
151 1 1 539 6 48 9
152 1 1 541 48 428 72
153 1 4 543 1440 6885 2160
154 1 2 547 4 33 6
155 1 3 550 1 4 1
156 0 4 554 230 959 345
157 1 28 558 1 5 1
158 0 3 564 8024 42929 12036
159 0 1 568 1 10 1
160 0 3 571 25 85 37
161 0 2 575 1 9 1
162 1 2 578 86 791 129
163 1 1 581 7755 87951 11632
164 0 4 584 1 3 1
165 0 6 588 47 171 70
166 1 5 592 1728 8366 2592
167 1 17 596 1 3 1
168 0 1 601 1 9 1
169 1 2 603 114257 1441208 171385
170 0 5 606 299 1273 448
171 1 2 610 6 48 9
172 1 4 613 53 195 79
173 0 2 617 21621 255695 32431
174 0 4 620 3276 16555 4914
175 0 2 624 50 447 75
176 0 1 627 31 270 46
177 0 4 630 6 18 9
178 1 3 634 1 4 1
179 0 3 638 2 7 3
180 1 7 642 58 215 87
181 0 6 647 1 4 1
182 0 1 651 383 3798 574
183 0 3 653 1 4 1
184 0 2 657 128956 1634000 193434
185 0 1 660 1 9 1
186 1 1 663 1 9 1
187 0 22 666 1 4 1
188 1 1 671 33 288 49
189 0 6 673 1 5 1
190 1 3 677 14150 78362 21225
191 0 8 681 3 9 4
192 0 2 686 605 6131 907
193 0 4 689 685 3106 1027
194 1 2 693 2 17 3
195 1 4 696 1 4 1
196 0 2 700 62 561 93
197 1 10 703 55 203 82
198 1 2 708 1 9 1
199 1 2 711 1 8 1
200 0 8 714 69 260 103
201 1 2 719 217 2093 325
202 0 1 722 133 1252 199
203 0 8 724 2 7 3
204 0 1 729 13 107 19
205 0 4 732 5 15 7
206 1 3 736 4 12 6
207 1 2 740 82 753 123
208 1 1 743 6 48 9
209 1 19 745 1 4 1
210 0 1 750 1605 17006 2407
211 1 3 752 5 15 7
212 1 2 756 64837 800460 97255
213 0 2 759 7 56 10
214 1 21 762 336 1444 504
215 1 6 767 1 4 1
216 0 2 771 793 8138 1189
217 0 2 774 16 134 24
218 0 1 777 10 81 15
219 1 3 779 7 21 10
220 1 6 783 527235 3551430 790852
221 1 4 787 3 10 4
222 0 2 791 2 17 3
223 0 7 794 1 4 1
224 1 1 799 1 10 1
225 1 5 802 6 18 9
226 1 2 806 14 116 21
227 0 3 809 1 5 1
228 0 4 813 3164 15953 4746
229 1 6 817 52 191 78
230 0 2 821 200 1921 300
231 1 6 824 1 4 1
232 0 2 828 327 3218 490
233 0 3 831 1 4 1
234 0 2 835 550 5548 825
235 1 2 838 7 56 10
236 1 4 841 22 74 33
237 1 9 845 27 93 40
238 0 1 850 2 17 3
239 0 11 852 1 4 1
240 1 1 857 2 17 3
241 1 1 860 4 33 6
242 1 7 863 129 513 193
243 1 5 868 1 4 1
244 0 12 872 36 128 54
245 0 10 877 6 18 9
246 0 2 882 18 152 27
247 1 1 885 6 48 9
248 0 1 888 1 9 1
249 1 5 890 21 70 31
250 1 2 894 1 9 1
251 0 1 897 1 10 1
252 0 1 898 60 542 90
253 0 6 900 1 4 1
254 0 4 904 1 3 1
255 0 1 908 2 17 3
256 1 3 910 1 4 1
257 1 7 914 3 9 4
258 1 1 919 5 41 7
259 0 18 921 157 635 235
260 1 1 926 8666 98738 12999
261 0 3 929 318 1361 477
262 0 2 933 15 125 22
263 0 3 936 115 1075 172
264 1 2 940 1 11 1
265 0 5 943 221 919 331
266 0 1 947 2 17 3
267 1 2 950 10975 126273 16462
268 0 1 953 6 48 9
269 0 3 954 167 679 250
270 1 2 958 12 98 18
271 1 3 961 2868 14367 4302
272 0 4 965 340 1462 510
273 1 7 969 1 4 1
274 1 6 973 3 9 4
275 0 3 977 12 38 18
276 1 3 981 1 9 1
277 1 5 985 26 89 39
278 0 2 989 2 17 3
279 0 2 992 1 10 1
280 1 2 995 2 17 3
281 1 5 998 1 5 1
282 0 2 1002 14 116 21
283 1 5 1005 14 45 21
284 0 1 1009 103 957 154
285 1 3 1011 1 3 1
286 1 1 1015 1 11 1
287 1 1 1018 1 10 1
288 0 4 1020 1 4 1
289 1 9 1024 4 12 6
290 0 12 1029 74 281 111
291 0 5 1034 67 252 100
292 1 6 1038 34 120 51
293 1 1 1042 1 10 1
294 0 2 1044 54 485 81
295 1 6 1047 1 6 1
296 0 1 1051 212220 2739043 318330
297 0 1 1053 1 8 1
298 0 1 1056 2 17 3
299 0 3 1058 62 231 93
300 0 1 1062 90619 1133109 135928
301 1 1 1065 184 1760 276
302 1 1 1066 1 12 1
303 1 3 1067 1 4 1
304 1 6 1071 6280 33089 9420
305 0 19 1075 1 3 1
306 0 11 1080 118 466 177
307 1 2 1085 1 10 1
308 1 4 1088 1 4 1
309 0 5 1092 61 227 91
310 0 2 1096 3 25 4
311 0 6 1099 5 15 7
312 0 7 1103 18 59 27
313 0 6 1108 628 2830 942
314 0 9 1112 2 6 3
315 0 1 1117 68 618 102
316 0 11 1119 607 2728 910
317 1 4 1124 34 120 51
318 1 9 1128 3 9 4
319 0 1 1133 1 10 1
320 0 10 1136 4 12 6
321 1 19 1141 9 27 13
322 1 2 1146 89335 1116451 134002
323 1 1 1149 37 325 55
324 1 3 1151 26385 151563 39577
325 0 1 1155 1 10 1
326 1 2 1157 1 9 1
327 1 2 1160 485 4864 727
328 0 2 1163 27 233 40
329 1 1 1166 7 56 10
330 0 4 1168 1 3 1
331 1 2 1172 422136 5585668 633204
332 0 3 1175 34 120 51
333 1 2 1179 12394 143312 18591
334 0 3 1182 6 18 9
335 1 1 1186 905 9344 1357
336 1 3 1188 3388 37096 5082
337 1 1 1192 4 33 6
338 1 2 1195 1 10 1
339 0 5 1198 3 10 4
340 0 10 1202 2 6 3
341 1 1 1207 1 9 1
342 1 9 1210 28 97 42
343 1 2 1215 134 1262 201
344 0 3 1218 687 3116 1030
345 1 6 1222 5 15 7
346 1 8 1226 1 4 1
347 1 1 1231 9 73 13
348 0 3 1233 4 13 6
349 1 5 1237 1379 6573 2068
350 1 37 1241 40 143 60
351 0 2 1247 1 9 1
352 1 1 1250 2 17 3
353 1 1 1253 1 13 1
354 0 1 1256 7 56 10
355 1 6 1259 50 183 75
356 0 18 1263 2 6 3
357 0 18 1268 1 4 1
358 0 4 1273 1 4 1
359 1 3 1277 234 977 351
360 0 8 1281 1 4 1
361 0 3 1286 155 626 232
362 0 1 1290 1 14 1
363 0 1 1293 1 9 1
364 1 1 1296 43 381 64
365 0 13 1299 2736 13663 4104
366 0 1 1304 1980 21176 2970
367 0 10 1307 6185 32557 9277
368 1 2 1312 1 9 1
369 1 7 1315 354 1527 531
370 1 1 1320 7 56 10
371 1 12 1323 18 59 27
372 1 3 1328 1 11 1
373 1 4 1332 7969 42617 11953
374 0 2 1336 1 8 1
375 1 3 1339 7 21 10
376 1 5 1343 25 85 37
377 1 1 1347 1 8 1
378 0 1 1349 5 40 7
379 1 10 1351 4 12 6
380 0 2 1356 1 10 1
381 0 3 1359 1 9 1
382 0 2 1363 117 1094 175
383 0 1 1366 1 10 1
384 1 4 1368 1 5 1
385 0 3 1372 1 4 1
386 0 2 1376 1 10 1
387 0 3 1379 18 59 27
388 1 9 1383 1 4 1
389 0 1 1388 3114 33972 4671
390 0 2 1390 1 9 1
391 1 5 1393 3 10 4
392 1 7 1397 1222 5776 1833
393 1 2 1401 694 7078 1041
394 0 18 1404 1 4 1
395 0 4 1409 61 227 91
396 1 12 1413 1 4 1
397 1 1 1418 8 64 12
398 1 2 1421 1882 20083 2823
399 1 1 1424 3 25 4
400 0 5 1427 1 3 1
401 0 1 1431 1 9 1
402 1 1 1433 3 25 4
403 0 2 1436 130 1222 195
404 1 3 1439 535 2382 802
405 1 8 1443 9 27 13
406 0 22 1448 10401 56540 15601
407 0 2 1453 1 9 1
408 1 2 1456 154 1460 231
409 0 3 1459 1 10 1
410 0 2 1463 1 10 1
411 0 3 1466 1 4 1
412 0 5 1470 5 15 7
413 1 1 1474 15 125 22
414 1 4 1476 489 2162 733
415 1 1 1480 1468 15493 2202
416 1 1 1483 2 17 3
417 0 3 1484 6 48 9
418 0 3 1488 2 7 3
419 1 2 1492 4 33 6
420 1 3 1495 6 48 9
421 0 2 1498 23 197 34
422 0 2 1501 1 8 1
423 0 22 1504 1 4 1
424 1 3 1509 2 6 3
425 0 1 1513 12918 149624 19377
426 1 1 1516 23 197 34
427 0 3 1519 1 3 1
428 0 6 1523 23 78 34
429 1 3 1527 6 18 9
430 0 4 1531 209 865 313
431 1 9 1535 15 49 22
432 1 2 1540 1 9 1
433 0 1 1543 6 48 9
434 1 1 1545 1 9 1
435 1 3 1547 12151 66679 18226
436 1 8 1551 1 4 1
437 1 3 1556 421 4194 631
438 0 3 1560 7112 37766 10668
439 1 1 1564 18 152 27
440 0 2 1567 1 11 1
441 0 8 1570 22873 130308 34309
442 0 3 1575 16 52 24
443 1 3 1579 172 701 258
444 1 3 1583 31 108 46
445 1 1 1587 13 107 19
446 0 4 1589 1 4 1
447 1 8 1593 1 5 1
448 1 5 1598 48 175 72
449 1 2 1602 1 9 1
450 0 6 1605 93 360 139
451 0 2 1609 3 25 4
452 1 3 1612 45 163 67
453 1 3 1616 27 93 40
454 0 2 1620 1 9 1
455 0 1 1623 51222 626662 76833
456 0 24 1626 1 3 1
457 0 1 1631 210 2022 315
458 0 2 1634 29 252 43
459 0 2 1637 1 9 1
460 1 5 1640 1 5 1
461 1 1 1644 6 48 9
462 0 3 1647 436 1912 654
463 0 1 1651 6 48 9
464 1 3 1652 6452 34053 9678
465 1 2 1656 1 12 1
466 0 1 1659 5 40 7
467 1 1 1661 5 41 7
468 1 20 1664 1027 4795 1540
469 1 3 1669 3 10 4
470 1 1 1673 1576 16685 2364
471 1 1 1676 153 1450 229
472 0 2 1677 68 618 102
473 1 9 1680 34 120 51
474 0 6 1685 1 4 1
475 0 11 1689 3 10 4
476 1 6 1694 953 4426 1429
477 0 4 1698 11 34 16
478 0 2 1702 629 6386 943
479 0 6 1705 1426 6813 2139
480 1 4 1709 14 45 21
481 0 4 1713 5 15 7
482 1 7 1717 8 24 12
483 0 2 1721 733 7494 1099
484 0 1 1724 1403 14776 2104
485 1 11 1726 1 5 1
486 0 4 1731 1 3 1
487 1 2 1735 1 11 1
488 0 11 1738 3 9 4
489 0 4 1743 1 4 1
490 0 2 1747 5 40 7
491 1 2 1750 1 8 1
492 1 6 1753 52 191 78
493 1 2 1757 16 134 24
494 1 13 1760 1 4 1
495 1 3 1765 68 618 102
496 1 1 1769 3 25 4
497 1 3 1772 1 3 1
498 0 6 1776 11 34 16
499 0 6 1780 6 18 9
500 1 4 1784 4 12 6
501 1 1 1788 3 25 4
502 1 1 1790 3 25 4
503 1 3 1792 398 3954 597
504 1 2 1796 498 5001 747
505 0 3 1799 2 7 3
506 0 2 1803 697 7110 1045
507 1 5 1806 1 4 1
508 0 4 1810 1 5 1
509 1 4 1814 1 4 1
510 1 18 1818 1 5 1
511 0 5 1823 4 12 6
512 0 4 1827 22 74 33
513 0 1 1831 5193395 74884067 7790092
514 0 2 1833 28 242 42
515 1 2 1836 125 1173 187
516 1 24 1839 1 6 1
517 0 2 1844 1 9 1
518 0 1 1847 682 6950 1023
519 0 8 1849 1 3 1
520 1 1 1854 1 8 1
521 1 1 1857 1 10 1
522 0 25 1858 1 4 1
523 1 3 1863 6 18 9
524 1 1 1867 88 811 132
525 1 12 1869 48 175 72
526 1 16 1874 1 5 1
527 0 4 1879 1 5 1
528 1 3 1883 13 41 19
529 0 1 1887 80 733 120
530 0 14 1888 1 4 1
531 1 1 1893 21 179 31
532 1 4 1894 1 5 1
533 0 6 1898 1 4 1
534 1 3 1902 1 4 1
535 1 2 1906 291 2848 436
536 1 2 1909 2 17 3
537 0 10 1912 1 4 1
538 0 1 1917 1 9 1
539 0 3 1918 157 635 235
540 1 1 1922 1 8 1
541 1 2 1924 3 25 4
542 0 14 1927 5 15 7
543 0 3 1932 4602 23774 6903
544 0 1 1936 3 25 4
545 0 7 1937 1 3 1
546 0 3 1942 1 4 1
547 0 2 1946 1 9 1
548 0 2 1949 17 143 25
549 1 25 1952 24 82 36
550 0 5 1957 3 10 4
551 1 2 1961 8 64 12
552 1 10 1964 1 5 1
553 0 14 1969 50346 299974 75519
554 0 2 1974 11 90 16
555 0 3 1977 1 10 1
556 1 3 1981 11 34 16
557 0 2 1985 59 532 88
558 1 2 1988 95106 1191389 142659
559 1 1 1991 1 9 1
560 1 1 1993 1 9 1
561 1 2 1995 51 457 76
562 0 3 1998 1 5 1
563 0 4 2002 1272 6029 1908
564 1 2 2006 1 9 1
565 1 8 2009 1 5 1
566 0 1 2014 23193 275056 34789
567 1 4 2016 3 9 4
568 1 1 2020 2 17 3
569 1 1 2022 1 10 1
570 0 3 2025 1535 7371 2302
571 0 2 2029 2 17 3
572 1 5 2032 1015 4735 1522
573 0 1 2036 1 9 1
574 1 5 2039 18 59 27
575 0 14 2043 18 59 27
576 0 2 2048 240 2327 360
577 1 9 2051 76 289 114
578 0 6 2056 1 4 1
579 0 3 2060 61 227 91
580 0 1 2064 19 161 28
581 0 3 2066 4 12 6
582 0 3 2070 1 11 1
583 0 3 2073 142 569 213
584 0 6 2077 1764 8552 2646
585 1 11 2081 4 13 6
586 1 1 2086 1 13 1
587 0 3 2089 7 21 10
588 1 2 2093 17 143 25
589 1 2 2096 2 17 3
590 0 1 2099 6743 76028 10114
591 0 2 2101 13256 153701 19884
592 1 7 2104 8431 45245 12646
593 0 3 2108 1 4 1
594 1 1 2112 1300 13645 1950
595 1 18 2115 1 4 1
596 1 1 2120 1 11 1
597 1 12 2123 4 12 6
598 0 1 2128 1705 18114 2557
599 1 3 2131 1 9 1
600 1 2 2135 1 11 1
601 1 2 2138 1 12 1
602 1 1 2141 2604 28188 3906
603 1 2 2142 2 17 3
604 1 1 2145 2 17 3
605 1 5 2147 1 5 1
606 0 11 2151 13 41 19
607 1 1 2156 10 81 15
608 0 3 2158 1 9 1
609 0 1 2162 1 9 1
610 0 2 2164 1 9 1
611 0 4 2167 17 55 25
612 0 3 2171 62 231 93
613 0 5 2175 20 67 30
614 1 3 2179 9 27 13
615 0 10 2183 1122 5271 1683
616 0 3 2188 4 12 6
617 1 18 2192 298 1269 447
618 0 1 2197 1 11 1
619 1 2 2199 129 1213 193
620 1 7 2202 906 4192 1359
621 1 2 2206 158 1500 237
622 0 1 2209 3 25 4
623 0 15 2212 67 252 100
624 0 4 2217 306 1306 459
625 0 11 2221 2 7 3
626 0 1 2226 1 10 1
627 0 5 2228 1 3 1
628 0 14 2232 10 31 15
629 0 7 2237 5 15 7
630 1 8 2241 45851 271772 68776
631 1 17 2246 1 3 1
632 0 1 2251 10 81 15
633 1 1 2252 1 11 1
634 0 5 2255 78 297 117
635 0 11 2259 2 7 3
636 0 3 2264 1 5 1
637 1 1 2268 1461 15415 2191
638 1 1 2270 38 334 57
639 0 4 2273 2 6 3
640 0 1 2277 68 618 102
641 1 13 2280 22 74 33
642 0 66 2285 1 3 1
643 1 1 2291 48 428 72
644 1 2 2294 14 116 21
645 0 4 2297 1 3 1
646 1 3 2301 1019 4755 1528
647 0 3 2305 55 203 82
648 0 5 2309 312 1333 468
649 0 3 2313 2 6 3
650 1 3 2317 1 12 1
651 0 3 2321 16 134 24
652 1 2 2325 3 25 4
653 0 1 2328 46 409 69
654 1 3 2330 13 41 19
655 0 3 2334 2 7 3
656 1 1 2338 17 143 25
657 0 4 2341 2 6 3
658 1 26 2345 2515 12489 3772
659 1 2 2350 3 25 4
660 0 3 2353 1 5 1
661 0 6 2357 25861 148382 38791
662 1 10 2361 1 4 1
663 1 3 2366 566 2531 849
664 0 1 2370 1 9 1
665 1 5 2372 8 24 12
666 1 1 2376 1 9 1
667 0 2 2379 16 134 24
668 0 4 2382 161 652 241
669 0 3 2386 6385 33677 9577
670 1 19 2390 61 227 91
671 0 2 2395 135 1272 202
672 1 2 2398 1 9 1
673 1 1 2401 1 9 1
674 1 8 2403 106 414 159
675 0 2 2408 47 419 70
676 1 5 2411 1 5 1
677 1 4 2415 25 85 37
678 0 5 2419 1 5 1
679 0 2 2423 1 9 1
680 0 3 2426 19 63 28
681 1 6 2430 204 843 306
682 1 6 2434 17 56 25
683 0 2 2438 269 2622 403
684 0 1 2441 691 7046 1036
685 1 1 2443 6 48 9
686 1 10 2446 22087 125574 33130
687 0 5 2451 8 24 12
688 0 3 2455 201 829 301
689 1 1 2459 84 772 126
690 0 4 2462 9 27 13
691 0 11 2466 1 3 1
692 0 6 2471 1 4 1
693 1 4 2475 37 131 55
694 1 50 2479 1 3 1
695 1 16 2485 8 24 12
696 0 1 2490 2072 22205 3108
697 1 1 2493 21483 253998 32224
698 0 1 2495 2057 22037 3085
699 1 1 2497 1 12 1
700 0 14 2499 5 15 7
701 0 2 2504 1 10 1
702 1 1 2507 1 9 1
703 0 1 2509 1 9 1
704 1 30 2512 1 3 1
705 0 2 2518 29 252 43
706 1 3 2521 6655 35192 9982
707 1 2 2525 15077 175733 22615
708 1 21 2528 1 4 1
709 1 1 2533 1 9 1
710 0 3 2536 1 12 1
711 0 8 2540 1 5 1
712 0 2 2545 1 12 1
713 1 1 2548 94 869 141
714 0 2 2550 360 3559 540
715 1 3 2553 11 34 16
716 0 8 2557 8108 43407 12162
717 1 2 2562 1 11 1
718 0 4 2565 89 343 133
719 0 2 2569 73 666 109
720 0 4 2572 105 410 157
721 0 5 2576 4 13 6
722 0 2 2580 1 9 1
723 1 3 2583 278 1177 417
724 1 3 2587 81 309 121
725 1 7 2591 11 34 16
726 1 1 2595 1 9 1
727 0 4 2598 1 6 1
728 1 2 2602 5174 57689 7761
729 0 4 2605 1 4 1
730 0 1 2609 95 879 142
731 1 1 2612 2 17 3
732 1 1 2615 2067 22149 3100
733 0 2 2618 1 12 1
734 0 6 2621 1 6 1
735 0 2 2625 1 9 1
736 1 1 2628 60857 749501 91285
737 0 5 2630 1 3 1
738 0 1 2634 13 108 19
739 0 8 2635 4 12 6
740 1 6 2640 40 143 60
741 1 1 2644 1 9 1
742 0 5 2646 678 3072 1017
743 1 2 2650 1 11 1
744 1 1 2653 170 1620 255
745 1 3 2656 94 364 141
746 0 1 2660 3 25 4
747 0 1 2662 3 25 4
748 1 3 2665 8 24 12
749 1 3 2669 2 17 3
750 0 2 2673 1 10 1
751 0 11 2676 32 112 48
752 0 2 2681 1 11 1
753 0 2 2684 9 72 13
754 1 2 2687 68 618 102
755 0 3 2690 8 24 12
756 1 2 2694 1 9 1
757 1 4 2697 10 31 15
758 0 11 2701 1813534 12957706 2720301
759 1 1 2706 11 90 16
760 1 2 2709 1 11 1
761 1 26 2712 4 12 6
762 1 5 2717 82 314 123
763 1 65 2721 10 31 15
764 1 7 2727 93 360 139
765 1 30 2731 7 21 10
766 1 5 2737 2 7 3
767 1 3 2741 9 27 13
768 0 2 2745 1 10 1
769 1 4 2748 30 104 45
770 0 3 2752 284 1205 426
771 0 3 2756 12 38 18
772 1 1 2760 1253 13130 1879
773 0 3 2763 184 754 276
774 0 3 2767 1 4 1
775 0 6 2771 6 18 9
776 0 1 2775 3 25 4
777 0 2 2777 1 10 1
778 1 6 2780 1 5 1
779 1 6 2784 2 6 3
780 1 12 2788 4 12 6
781 0 2 2793 3 25 4
782 0 1 2796 100 928 150
783 0 2 2798 22586 267574 33879
784 0 1 2801 1 9 1
785 1 10 2803 1767 8568 2650
786 1 3 2808 2703 29307 4054
787 1 1 2812 24 206 36
788 0 3 2815 8636 46414 12954
789 1 1 2819 4 33 6
790 0 4 2821 1 4 1
791 1 2 2825 5 41 7
792 0 2 2828 52 466 78
793 1 2 2831 23995 284953 35992
794 1 5 2834 9 27 13
795 0 1 2838 1 9 1
796 1 1 2840 1132 11807 1698
797 0 4 2843 1 5 1
798 1 6 2847 26 89 39
799 1 4 2851 6 18 9
800 0 1 2855 1 9 1
801 1 8 2858 587 2632 880
802 1 2 2863 1 9 1
803 1 3 2866 120 474 180
804 1 3 2870 7040 79520 10560
805 1 5 2874 1 5 1
806 1 1 2878 5 40 7
807 1 5 2880 157 635 235
808 0 4 2884 1 5 1
809 1 2 2888 11 90 16
810 0 1 2891 2 17 3
811 1 6 2893 220 914 330
812 0 1 2897 1 8 1
813 0 2 2899 1 9 1
814 1 8 2902 1 4 1
815 1 2 2907 1 9 1
816 1 2 2910 7 56 10
817 1 13 2913 1 3 1
818 1 1 2918 167 1590 250
819 1 2 2921 1728 18370 2592
820 1 1 2924 1 10 1
821 0 4 2926 718 3267 1077
822 0 4 2930 2 7 3
823 1 3 2934 217 2093 325
824 0 1 2938 16 134 24
825 1 1 2941 16 134 24
826 1 7 2943 12 38 18
827 0 1 2947 1 9 1
828 0 5 2948 13 41 19
829 1 1 2952 597 6046 895
830 1 2 2954 3014 32835 4521
831 1 15 2957 1 4 1
832 1 1 2962 1 9 1
833 1 9 2965 19 63 28
834 1 1 2970 35177 424111 52765
835 1 3 2973 112 440 168
836 0 3 2977 1856 9030 2784
837 0 2 2981 6 48 9
838 1 5 2984 837 3851 1255
839 0 2 2988 1 10 1
840 1 17 2991 1 4 1
841 1 3 2996 53 475 79
842 1 12 3000 3 9 4
843 1 2 3005 29 252 43
844 1 2 3008 326829 4285014 490243
845 1 2 3011 2341 25223 3511
846 0 1 3014 1 12 1
847 0 5 3015 1 4 1
848 0 2 3019 2 17 3
849 0 1 3022 1 11 1
850 1 21 3025 28 97 42
851 0 24 3030 6 18 9
852 1 1 3035 29 252 43
853 0 1 3037 1 8 1
854 0 9 3040 90 347 135
855 1 10 3045 8 24 12
856 0 6 3050 7 21 10
857 0 5 3054 3 9 4
858 0 1 3058 1 10 1
859 1 2 3061 231 2235 346
860 0 10 3064 1 4 1
861 0 13 3069 67 252 100
862 0 4 3074 46 167 69
863 1 3 3078 3 25 4
864 1 5 3082 1 5 1
865 0 3 3086 15 48 22
866 1 2 3090 1 9 1
867 0 1 3093 1 10 1
868 1 2 3095 13 107 19
869 0 1 3098 36 316 54
870 0 1 3100 1 9 1
871 0 3 3102 2 7 3
872 0 2 3106 1 9 1
873 0 3 3109 1 10 1
874 1 1 3113 204 1962 306
875 1 2 3116 6 48 9
876 0 3 3119 1 11 1
877 1 16 3122 2 7 3
878 1 8 3127 42 151 63
879 0 2 3132 1 10 1
880 1 15 3135 126 500 189
881 1 3 3140 1 11 1
882 0 2 3144 7413 83914 11119
883 0 2 3147 1 9 1
884 0 9 3150 7 21 10
885 1 12 3155 5 15 7
886 0 2 3160 6 48 9
887 0 3 3163 1 3 1
888 0 3 3167 530 2358 795
889 0 9 3171 10 31 15
890 1 13 3176 11760 64406 17640
891 1 8 3181 1 4 1
892 0 6 3186 1 4 1
893 0 5 3190 1 3 1
894 0 9 3194 1 3 1
895 0 2 3199 20 169 30
896 0 2 3202 8 64 12
897 0 2 3205 2 17 3
898 1 5 3208 1 4 1
899 0 5 3212 32 112 48
900 0 29 3216 1 6 1
901 0 2 3222 1 10 1
902 1 3 3225 10 31 15
903 0 3 3229 10 31 15
904 0 4 3233 5700 29850 8550
905 1 3 3237 9245 105618 13867
906 0 1 3241 16 134 24
907 1 1 3243 1 10 1
908 1 1 3245 374 3704 561
909 0 3 3247 1 9 1
910 1 2 3250 267686 3484321 401529
911 1 3 3253 48 175 72
912 0 1 3257 195 1871 292
913 1 1 3260 1 9 1
914 1 1 3263 401 3985 601
915 1 4 3265 1 3 1
916 1 5 3269 13 41 19
917 0 2 3273 1 12 1
918 1 1 3276 21 179 31
919 1 2 3278 6 48 9
920 0 3 3281 10 31 15
921 0 4 3285 2 6 3
922 1 2 3289 1 8 1
923 1 4 3292 177 723 265
924 0 1 3296 38 335 57
925 0 5 3299 9 27 13
926 1 3 3303 244 2367 366
927 0 3 3306 2 6 3
928 0 4 3310 51 187 76
929 1 3 3314 342 1472 513
930 1 2 3318 136 1281 204
931 0 3 3321 19 63 28
932 1 1 3325 489334 6509018 734001
933 1 8 3328 3 10 4
934 1 2 3333 8 64 12
935 1 8 3336 2 6 3
936 0 10 3341 1 4 1
937 0 26 3346 1 4 1
938 0 2 3351 8205 93274 12307
939 1 4 3354 1 3 1
940 1 1 3358 1 9 1
941 0 2 3361 5 40 7
942 1 7 3364 2 6 3
943 1 9 3368 1 6 1
944 1 3 3373 67038 828692 100557
945 0 28 3377 16 52 24
946 0 9 3383 1 4 1
947 1 9 3388 3 10 4
948 0 7 3393 1 6 1
949 0 2 3398 109 1015 163
950 0 4 3401 1 4 1
951 1 3 3405 10 81 15
952 0 1 3409 1581 16741 2371
953 1 1 3411 875 9020 1312
954 0 1 3413 2 17 3
955 1 2 3415 3 25 4
956 1 1 3418 50 447 75
957 0 3 3420 389 3860 583
958 0 9 3424 1 4 1
959 0 3 3429 452 4518 678
960 0 2 3433 1 8 1
961 0 3 3436 1 9 1
962 0 16 3440 1 4 1
963 1 15 3445 1 4 1
964 0 1 3450 4 32 6
965 0 8 3452 113 445 169
966 1 4 3457 59 219 88
967 1 3 3461 1 3 1
968 1 1 3465 4 33 6
969 1 2 3467 1 9 1
970 0 1 3470 1349 14183 2023
971 0 7 3472 1 4 1
972 0 1 3477 15 125 22
973 1 3 3479 8 24 12
974 1 12 3483 7 21 10
975 1 12 3488 18392 103451 27588
976 0 20 3493 141 565 211
977 1 2 3498 54 485 81
978 0 4 3501 1 4 1
979 0 29 3505 2 7 3
980 1 12 3511 1 5 1
981 1 7 3516 10871 59254 16306
982 1 7 3521 1 5 1
983 0 2 3525 208 2002 312
984 0 1 3528 5 40 7
985 1 2 3530 1197 12517 1795
986 1 2 3533 3 25 4
987 0 2 3536 212 2043 318
988 0 1 3539 1 9 1
989 1 1 3541 5 40 7
990 1 7 3543 2 7 3
991 0 3 3548 159 644 238
992 1 3 3552 1 4 1
993 0 7 3556 45 163 67
994 0 1 3560 1 9 1
995 1 6 3562 1 3 1
996 0 4 3566 1087 5095 1630
997 0 3 3570 22 74 33
998 0 1 3574 3 25 4
999 0 2 3576 1 10 1
1000 0 5 3579 1 5 1
1001 0 12 3583 639 2883 958
1002 1 2 3588 305 2992 457
1003 0 2 3591 4351 48156 6526
1004 1 4 3594 97 377 145
1005 0 2 3598 1 11 1
1006 1 1 3601 2 17 3
1007 0 2 3604 1364 14347 2046
1008 1 2 3607 1 9 1
