0 0 5 5 1 4 1
1 0 4 9 1 4 1
2 0 4 13 1 3 1
3 1 6 17 1 4 1
4 0 2 21 10 81 15
5 0 18 25 2 7 3
6 0 2 30 150 1421 225
7 1 6 34 1 4 1
8 1 3 38 2 6 3
9 0 6 42 1 5 1
10 0 3 46 4 12 6
11 1 10 50 1 4 1
12 1 4 54 1 4 1
13 1 5 58 1 4 1
14 0 2 62 332701 4364804 499051
15 1 3 66 1 4 1
16 0 4 70 5 15 7
17 0 1 74 40 353 60
18 0 1 77 140 1321 210
19 0 6 80 1 4 1
20 0 2 84 55224 677589 82836
21 0 3 88 133 1252 199
22 0 2 92 17 143 25
23 1 12 95 1 3 1
24 0 7 99 1 3 1
25 1 1 103 59 532 88
26 0 1 106 1 11 1
27 0 11 109 58 215 87
28 1 5 113 174 710 261
29 1 2 117 477 4780 715
30 0 2 121 1 9 1
31 0 1 124 6 48 9
32 0 10 127 1 4 1
33 1 3 131 5 15 7
34 1 12 135 1 4 1
35 1 3 139 9803 53097 14704
36 1 1 143 1 9 1
37 1 8 146 1 4 1
38 0 3 150 11 34 16
39 0 2 154 2 17 3
40 1 1 158 4 33 6
41 0 1 160 11 90 16
42 1 4 163 76924 469130 115386
43 0 6 167 36 128 54
44 1 1 171 36 316 54
45 0 17 174 4 12 6
46 0 1 179 330 3249 495
47 0 2 182 1 9 1
48 0 2 185 62 561 93
49 1 17 189 1 3 1
50 1 11 194 154 622 231
51 1 1 198 124 1163 186
52 1 2 201 1185 12386 1777
53 0 3 205 8 64 12
54 0 9 209 1 4 1
55 0 7 213 68 256 102
56 0 1 217 7 56 10
57 0 4 220 3 9 4
58 1 1 224 3 25 4
59 1 4 227 1707 8257 2560
60 1 1 231 65 590 97
61 0 6 234 1 4 1
62 1 1 238 6 48 9
63 0 6 241 15 48 22
64 0 1 245 16 134 24
65 0 2 248 1 9 1
66 0 1 251 4 33 6
67 1 3 254 2 17 3
68 0 7 258 7 21 10
69 0 2 262 17 143 25
70 0 3 265 1128 5302 1692
71 0 42 269 155 626 232
72 1 2 274 2015 21567 3022
73 1 1 277 3535 38777 5302
74 0 3 279 8 24 12
75 0 1 283 1 13 1
76 0 2 286 5 40 7
77 1 7 290 19 63 28
78 1 4 294 21 70 31
79 0 1 298 4 33 6
80 1 2 301 1 9 1
81 0 10 305 387 1681 580
82 1 4 309 321 1375 481
83 1 15 313 10 31 15
84 0 3 317 173 705 259
85 1 1 321 1 9 1
86 0 11 323 4 13 6
87 1 7 327 9 27 13
88 1 2 331 4 33 6
89 0 2 334 195 1871 292
90 0 1 338 3 25 4
91 0 12 341 2 7 3
92 1 2 345 404 4016 606
93 1 2 349 1 9 1
94 1 7 353 2611 12998 3916
95 1 14 357 284 1205 426
96 1 7 361 14 45 21
97 0 1 365 1209 12648 1813
98 0 1 368 2 17 3
99 0 1 371 503 5053 754
100 0 1 374 13 108 19
101 1 20 377 1075 5035 1612
102 1 3 382 77 705 115
103 1 3 386 12 38 18
104 1 4 390 6574 34737 9861
105 0 1 394 22 188 33
106 1 1 397 1 11 1
107 0 5 400 1 4 1
108 0 4 404 1703 8237 2554
109 1 1 408 1 9 1
110 0 1 411 87 801 130
111 1 3 414 12940 149889 19410
112 1 2 418 1 11 1
113 0 6 421 3131 15775 4696
114 0 23 425 1 5 1
115 1 2 430 34 298 51
116 1 2 434 7 56 10
117 1 1 437 39 344 58
118 0 3 439 81543 498874 122314
119 1 1 443 1 9 1
120 1 6 446 17938 100749 26907
121 1 9 450 1 3 1
122 0 1 454 1 9 1
123 0 4 456 43 155 64
124 1 2 460 8 64 12
125 1 5 463 335 1439 502
126 0 2 467 91 840 136
127 0 2 470 29 252 43
128 1 3 474 2409 25988 3613
129 0 1 478 1 9 1
130 1 1 481 1 9 1
131 0 1 484 18 152 27
132 1 1 486 21241 251023 31861
133 1 1 489 13 107 19
134 1 4 492 1 4 1
135 1 1 496 148 1401 222
136 0 3 499 74 676 111
137 0 1 503 1 10 1
138 1 1 506 5 40 7
139 1 2 509 2 17 3
140 0 11 513 7282 38725 10923
141 0 1 517 2 17 3
142 0 2 520 1827 19470 2740
143 1 3 523 1 11 1
144 1 4 527 370 1602 555
145 1 4 531 1 4 1
146 1 2 535 191 1831 286
147 0 14 538 2017 9869 3025
148 0 2 542 1 10 1
149 1 4 545 31 108 46
150 1 2 549 371435 4892316 557152
151 0 2 553 2 17 3
152 1 4 556 13 41 19
153 0 2 560 723 7388 1084
154 0 5 564 679 3077 1018
155 1 3 568 43 381 64
156 0 3 572 659 2980 988
157 0 1 576 252 2449 378
158 1 2 579 533 5369 799
159 0 3 583 3 10 4
160 1 2 587 46 409 69
161 0 3 591 7 21 10
162 0 8 595 28 97 42
163 0 2 599 10 81 15
164 0 48 603 1 5 1
165 0 1 608 4 33 6
166 0 8 611 2 6 3
167 0 13 615 45 163 67
168 0 6 619 1 4 1
169 1 1 623 2232 23998 3348
170 1 3 626 3 25 4
171 1 1 630 2 17 3
172 0 1 633 1 10 1
173 1 2 636 269 2622 403
174 0 2 639 1 11 1
175 0 4 642 123 487 184
176 1 7 646 145 582 217
177 1 22 650 223569 1442441 335353
178 1 11 655 9 27 13
179 0 2 659 1 9 1
180 1 2 663 1 13 1
181 0 43 666 8 24 12
182 0 2 671 1 9 1
183 1 3 674 252 2449 378
184 1 5 678 6 18 9
185 1 2 682 1 9 1
186 1 2 686 3 25 4
187 0 6 690 80 305 120
188 0 15 694 634 2859 951
189 1 1 698 1 8 1
190 0 1 701 1 10 1
191 1 1 704 50 447 75
192 0 3 707 1 3 1
193 0 21 711 188 772 282
194 1 2 716 86 792 129
195 0 3 719 6 18 9
196 1 2 723 104 967 156
197 0 4 727 1 4 1
198 1 8 731 4 12 6
199 1 1 735 1 9 1
200 1 1 738 36 316 54
201 0 5 741 166 674 249
202 0 2 745 1175 12276 1762
203 1 2 749 18 152 27
204 1 7 752 2016 9863 3024
205 1 2 756 7860 89192 11790
206 0 2 760 1 10 1
207 0 3 764 1 3 1
208 0 2 768 3 25 4
209 1 1 772 6 48 9
210 1 1 775 120 1124 180
211 0 2 778 6 48 9
212 1 2 782 7 56 10
213 1 2 785 1 8 1
214 0 1 788 1 13 1
215 0 3 791 3031 15239 4546
216 0 6 795 1 5 1
217 1 26 799 50 183 75
218 1 1 804 11 90 16
219 1 3 807 8 24 12
220 1 1 811 1 9 1
221 1 2 814 14233 165508 21349
222 1 4 818 116 457 174
223 1 3 822 11229 61326 16843
224 1 6 826 3 9 4
225 1 1 830 192 1841 288
226 0 4 833 1 5 1
227 0 2 837 187 1790 280
228 0 6 841 1 4 1
229 1 10 845 47 171 70
230 1 5 849 1 4 1
231 0 2 853 19 161 28
232 1 11 857 5 15 7
233 1 1 861 1 9 1
234 1 2 864 47 419 70
235 1 22 867 1466 7017 2199
236 0 4 872 1 4 1
237 1 2 876 502 5043 753
238 1 3 880 1 9 1
239 0 2 884 108 1006 162
240 0 3 888 1 10 1
241 0 12 892 1 4 1
242 0 3 896 2 6 3
243 0 3 900 66020 815630 99030
244 1 5 904 1 5 1
245 0 1 908 12802 148226 19203
246 0 3 911 2897 14522 4345
247 1 10 915 1 4 1
248 1 16 919 32 112 48
249 0 6 924 1 5 1
250 0 17 928 263 1109 394
251 0 11 933 1511 7248 2266
252 1 4 937 694 3150 1041
253 1 1 941 12837 148648 19255
254 1 1 944 12 99 18
255 1 4 947 604 2714 906
256 1 6 951 1 4 1
257 1 2 955 2 17 3
258 1 5 959 4 13 6
259 1 1 963 3 25 4
260 1 1 966 5 41 7
261 1 3 969 1 3 1
262 1 2 973 1 11 1
263 1 6 977 1 5 1
264 1 3 981 16 52 24
265 0 14 985 3 9 4
266 1 6 989 1 4 1
267 0 11 993 31 108 46
268 0 14 997 1 4 1
269 0 5 1001 1 3 1
270 1 2 1005 1 8 1
271 1 1 1008 72 657 108
272 1 1 1011 95 879 142
273 1 2 1014 118 1104 177
274 1 2 1018 1 11 1
275 1 2 1022 5 41 7
276 1 6 1026 3498 17753 5247
277 1 4 1030 1 5 1
278 1 10 1034 3075 15475 4612
279 1 1 1038 2 17 3
280 0 29 1041 2 6 3
281 1 3 1046 1 3 1
282 1 1 1050 10 81 15
283 1 3 1053 370 1602 555
284 1 3 1057 563 2516 844
285 1 20 1061 237 991 355
286 1 3 1066 2 6 3
287 0 3 1070 1 9 1
288 0 5 1074 1 7 1
289 0 2 1078 1 9 1
290 0 1 1082 34 298 51
291 0 2 1084 2 17 3
292 1 1 1088 2 17 3
293 1 10 1091 2 7 3
294 0 3 1095 205 847 307
295 1 2 1099 4 33 6
296 1 2 1103 1 9 1
297 1 2 1107 1 9 1
298 0 4 1110 78951 482172 118426
299 0 1 1114 1 10 1
300 1 5 1117 1 3 1
301 0 2 1121 5 40 7
302 1 6 1125 2 7 3
303 0 2 1129 2 17 3
304 0 9 1133 1549 7443 2323
305 0 2 1137 1 11 1
306 1 3 1141 26 89 39
307 1 10 1145 15 49 22
308 0 2 1149 1 10 1
309 1 1 1153 233 2256 349
310 1 5 1156 54 199 81
311 1 2 1160 9 73 13
312 0 6 1163 1 3 1
313 1 2 1167 23741 281817 35611
314 1 5 1170 16 52 24
315 1 4 1174 50 183 75
316 1 1 1178 5 41 7
317 0 1 1181 40340 488972 60510
318 0 1 1184 1 12 1
319 0 10 1187 23 78 34
320 1 3 1191 2 7 3
321 1 2 1195 180 1720 270
322 0 3 1199 360 1555 540
323 1 2 1203 3 25 4
324 0 2 1207 33 288 49
325 0 4 1211 7 21 10
326 1 1 1215 63 570 94
327 1 2 1217 62 561 93
328 0 2 1220 81 743 121
329 0 6 1224 2 7 3
330 1 2 1228 11 90 16
331 0 2 1232 1 9 1
332 0 7 1235 26 89 39
333 1 1 1239 32 279 48
334 0 5 1241 46 167 69
335 1 16 1245 67 252 100
336 0 2 1249 1 9 1
337 1 2 1253 19388 228287 29082
338 1 3 1257 762 7805 1143
339 1 1 1261 56 504 84
340 1 2 1264 1 9 1
341 1 12 1267 933 4326 1399
342 1 28 1271 6 18 9
343 1 1 1276 1 11 1
344 1 7 1279 1 3 1
345 0 3 1283 92 356 138
346 1 6 1287 38 135 57
347 1 10 1291 23 78 34
348 1 3 1295 66 248 99
349 1 16 1299 1 3 1
350 0 3 1304 20 67 30
351 0 3 1308 12 38 18
352 0 1 1312 6582 74137 9873
353 0 7 1315 5 15 7
354 0 9 1319 72994 443895 109491
355 1 2 1323 6 48 9
356 0 1 1327 36 316 54
357 0 1 1330 191 1831 286
358 1 6 1332 1 4 1
359 1 4 1336 644 2907 966
360 1 6 1340 89 343 133
361 1 1 1344 1 10 1
362 0 1 1347 6943 78378 10414
363 1 1 1350 2 17 3
364 1 6 1353 23 78 34
365 1 3 1357 23 78 34
366 1 2 1361 73 666 109
367 1 4 1365 1 4 1
368 0 1 1369 1 11 1
369 1 3 1372 5 15 7
370 1 4 1376 7 21 10
371 1 10 1380 8 24 12
372 1 3 1384 1 9 1
373 0 1 1388 4 33 6
374 0 1 1391 86 791 129
375 0 9 1394 1 4 1
376 0 2 1398 3 25 4
377 0 2 1401 9 72 13
378 1 4 1404 1 4 1
379 0 9 1408 117 462 175
380 1 3 1412 2 7 3
381 0 3 1416 1 3 1
382 1 1 1420 13 107 19
383 1 7 1423 1088298 7591877 1632447
384 0 6 1427 222 923 333
385 1 9 1431 32 112 48
386 0 1 1435 901 9300 1351
387 0 3 1438 87 335 130
388 1 14 1442 26867 154493 40300
389 0 8 1446 530 2358 795
390 0 41 1450 2744 13705 4116
391 1 4 1455 223 928 334
392 1 6 1459 77944 475690 116916
393 1 5 1463 7 21 10
394 0 2 1467 1 9 1
395 1 3 1471 2126 10439 3189
396 0 13 1475 1 3 1
397 0 3 1479 3 9 4
398 1 9 1483 25 85 37
399 0 6 1487 1183585 8289484 1775377
400 1 2 1491 1 10 1
401 1 4 1495 1 4 1
402 0 1 1499 1 9 1
403 1 2 1502 7 56 10
404 1 1 1505 9 73 13
405 0 2 1508 96 889 144
406 1 4 1511 472 2082 708
407 1 1 1515 1205 12604 1807
408 0 5 1517 4 12 6
409 0 2 1521 4 32 6
410 1 1 1525 1 8 1
411 1 2 1528 1 10 1
412 1 1 1532 82 753 123
413 1 1 1535 1 10 1
414 0 1 1537 129 1212 193
415 1 1 1540 783 8030 1174
416 1 3 1543 1392 6639 2088
417 0 2 1547 12566 145383 18849
418 1 2 1551 89 821 133
419 1 1 1555 168 1600 252
420 1 3 1558 1 3 1
421 1 2 1562 1 11 1
422 1 4 1566 1 4 1
423 1 3 1570 1 9 1
424 1 4 1574 1 4 1
425 1 1 1578 22682 268757 34023
426 1 1 1581 267 2602 400
427 1 3 1584 12 38 18
428 1 34 1588 1 4 1
429 0 4 1593 2 7 3
430 0 1 1597 192 1841 288
431 0 26 1600 1 3 1
432 0 2 1605 571 5771 856
433 1 20 1608 884 4083 1326
434 0 1 1613 25 215 37
435 1 3 1615 1485 7115 2227
436 1 21 1619 1 3 1
437 1 5 1624 106 415 159
438 0 1 1628 1 9 1
439 1 1 1631 1 9 1
440 1 1 1634 1210 12659 1815
441 0 5 1637 97038 599261 145557
442 1 2 1641 8 64 12
443 1 15 1645 1 5 1
444 0 1 1649 1 9 1
445 1 7 1652 1 4 1
446 0 1 1656 1 10 1
447 1 1 1659 3 25 4
448 0 1 1662 7 56 10
449 1 1 1665 1 10 1
450 1 3 1668 17 56 25
451 0 2 1672 6 48 9
452 0 1 1676 11173 128645 16759
453 0 2 1679 1 9 1
454 1 4 1683 2 7 3
455 1 2 1687 1 9 1
456 0 1 1690 14408 167626 21612
457 0 1 1693 1 9 1
458 0 3 1696 51 187 76
459 1 5 1700 1 4 1
460 0 6 1704 9 27 13
461 1 1 1708 27 233 40
462 1 14 1711 9 27 13
463 1 1 1715 117 1094 175
464 0 1 1717 3 25 4
465 1 9 1720 1 6 1
466 1 1 1724 11 90 16
467 0 2 1726 60 542 90
468 1 1 1729 1 8 1
469 1 1 1732 1 11 1
470 0 1 1735 21 179 31
471 1 12 1738 62 231 93
472 0 13 1742 1 5 1
473 1 1 1746 30 261 45
474 1 1 1749 1448 15272 2172
475 1 6 1752 2094 10271 3141
476 1 1 1756 1 13 1
477 1 2 1759 1 10 1
478 1 2 1762 372 3684 558
479 0 3 1765 6 18 9
480 1 2 1769 2 17 3
481 1 3 1773 1 5 1
482 0 2 1777 76 695 114
483 0 1 1781 1 9 1
484 0 3 1784 207 856 310
485 0 49 1788 7 21 10
486 1 5 1793 142 570 213
487 0 2 1797 1 9 1
488 0 2 1800 1 10 1
489 1 6 1804 31 108 46
490 1 2 1808 1 9 1
491 0 3 1811 156 630 234
492 0 1 1815 75 685 112
493 1 1 1818 17 143 25
494 0 2 1821 4681 51970 7021
495 1 7 1824 1 4 1
496 0 5 1828 59 219 88
497 1 3 1832 929 4307 1393
498 0 2 1836 1 9 1
499 0 1 1840 126 1183 189
500 0 13 1842 5 15 7
501 0 4 1846 9 27 13
502 0 9 1850 1 4 1
503 1 11 1854 7 21 10
504 0 2 1858 27 233 40
505 1 7 1861 24 82 36
506 1 25 1865 720 3277 1080
507 0 2 1870 1 12 1
508 1 6 1874 1 4 1
509 0 2 1878 214 2063 321
510 0 6 1881 1 4 1
511 1 8 1885 101 394 151
512 0 3 1889 1 9 1
513 1 2 1893 153 1451 229
514 1 1 1897 130 1222 195
515 0 1 1900 1350 14194 2025
516 0 1 1903 2 17 3
517 1 2 1906 53 476 79
518 1 1 1910 745 7623 1117
519 1 2 1913 2 17 3
520 1 2 1917 3835 42216 5752
521 1 2 1921 6 48 9
522 0 31 1925 7 21 10
523 1 22 1930 1 3 1
524 1 2 1935 758 7762 1137
525 1 2 1938 1 10 1
526 0 16 1942 15 48 22
527 0 1 1946 7 56 10
528 0 2 1949 676 6886 1014
529 1 3 1953 1030 4810 1545
530 0 4 1957 698 3170 1047
531 0 2 1961 1158262 15879023 1737393
532 0 9 1964 476 2101 714
533 1 1 1968 3 25 4
534 0 10 1971 1 5 1
535 0 1 1975 1 11 1
536 0 12 1978 598 2685 897
537 1 4 1982 5 15 7
538 0 10 1986 1 3 1
539 1 1 1990 1 9 1
540 1 3 1993 20007 235873 30010
541 0 2 1997 1 9 1
542 1 4 2001 6 18 9
543 0 4 2005 7 21 10
544 1 17 2009 4 12 6
545 1 3 2014 16 52 24
546 1 3 2018 88 811 132
547 1 1 2022 4 32 6
548 1 2 2025 1 9 1
549 0 2 2029 63 571 94
550 1 8 2032 2 7 3
551 1 7 2036 1473 7053 2209
552 0 4 2040 4 12 6
553 1 6 2044 54 199 81
554 0 2 2048 27 233 40
555 0 6 2052 1 4 1
556 0 1 2056 1 10 1
557 0 9 2058 11 34 16
558 1 2 2062 1 12 1
559 1 1 2066 171 1630 256
560 0 2 2069 105784 1330476 158676
561 1 2 2073 2 17 3
562 0 2 2077 643 6535 964
563 0 1 2080 1 10 1
564 1 3 2083 616213 4182600 924319
565 0 5 2087 676 3062 1014
566 0 5 2091 2 7 3
567 1 5 2095 1 3 1
568 0 7 2099 24376 139384 36564
569 1 54 2103 6 18 9
570 0 3 2108 2 6 3
571 0 2 2112 1 9 1
572 0 1 2116 12 99 18
573 0 2 2119 332 3270 498
574 1 8 2123 3 10 4
575 0 4 2127 404 1761 606
576 0 2 2131 1 10 1
577 0 1 2135 9 73 13
578 1 1 2137 91 840 136
579 0 5 2140 25 85 37
580 1 8 2144 13 41 19
581 1 1 2148 2 17 3
582 1 2 2151 1 11 1
583 1 2 2155 1 9 1
584 1 2 2158 10 81 15
585 1 1 2162 144 1361 216
586 0 6 2165 1 3 1
587 1 1 2169 1 10 1
588 0 7 2172 25 85 37
589 0 6 2176 23625 134845 35437
590 1 3 2180 112 1045 168
591 0 2 2184 507 5095 760
592 1 3 2188 6 48 9
593 1 5 2192 10 31 15
594 1 6 2196 3 9 4
595 1 1 2200 1 9 1
596 0 4 2203 2 7 3
597 1 5 2207 6 18 9
598 1 8 2211 36 127 54
599 0 3 2215 35586 207942 53379
600 0 3 2219 1787 8671 2680
601 1 9 2223 3 9 4
602 1 7 2227 1 4 1
603 0 11 2231 10812 58913 16218
604 0 1 2235 87 801 130
605 0 3 2237 1 3 1
606 1 2 2241 46 409 69
607 1 3 2245 632 2849 948
608 0 1 2249 46 409 69
609 1 1 2252 2 17 3
610 1 4 2254 421 1841 631
611 0 8 2258 1 4 1
612 0 2 2262 1 9 1
613 0 3 2265 1 4 1
614 0 9 2269 44174 261287 66261
615 0 1 2273 1 9 1
616 1 2 2276 93 860 139
617 1 7 2280 26 89 39
618 1 2 2284 26419 314942 39628
619 0 1 2288 46 409 69
620 0 3 2291 5 41 7
621 1 1 2295 41 362 61
622 1 3 2298 1 5 1
623 0 4 2302 1 4 1
624 0 2 2306 1 9 1
625 1 1 2310 65 589 97
626 1 1 2313 1 10 1
627 1 1 2316 2 17 3
628 0 3 2319 40 143 60
629 0 4 2323 14058 77823 21087
630 0 1 2327 161 1530 241
631 1 4 2329 5 15 7
632 1 2 2333 1 9 1
633 0 1 2336 1908 20373 2862
634 1 1 2339 294193 3842488 441289
635 1 148 2342 1 3 1
636 1 6 2347 519 2306 778
637 1 2 2351 2 17 3
638 0 2 2355 2 17 3
639 0 2 2359 1 9 1
640 0 1 2363 9 73 13
641 1 1 2366 1 9 1
642 1 3 2369 2 6 3
643 0 3 2373 2608 12982 3912
644 0 5 2377 4973 25818 7459
645 1 1 2381 1 9 1
646 1 19 2383 4356 22424 6534
647 1 2 2388 5 41 7
648 1 1 2391 1 9 1
649 1 1 2394 1 12 1
650 0 1 2397 8 64 12
651 1 3 2400 256 1077 384
652 1 3 2404 15 49 22
653 1 5 2408 3 10 4
654 1 1 2412 1 10 1
655 0 6 2415 7 21 10
656 1 1 2419 1 9 1
657 0 3 2422 2809 14052 4213
658 0 2 2426 90 830 135
659 0 6 2429 15227 84697 22840
660 1 6 2433 1 4 1
661 0 2 2437 1 8 1
662 1 5 2441 1 3 1
663 1 1 2445 693 7067 1039
664 0 1 2448 1 9 1
665 1 2 2451 2 17 3
666 1 2 2455 91 840 136
667 0 4 2458 1656 7994 2484
668 0 2 2462 1432 15096 2148
669 0 1 2466 1 9 1
670 0 6 2469 3627 18451 5440
671 0 2 2473 1 9 1
672 1 13 2476 1 3 1
673 1 2 2480 1 9 1
674 1 9 2483 1 3 1
675 0 3 2487 1 4 1
676 1 11 2491 1 7 1
677 0 1 2495 19 161 28
678 1 1 2498 1 9 1
679 0 1 2501 1 10 1
680 1 3 2504 19 161 28
681 0 3 2508 7443 39636 11164
682 0 5 2512 1 4 1
683 1 2 2516 337 3321 505
684 0 6 2519 5 15 7
685 0 2 2523 5249 58561 7873
686 1 6 2527 35 124 52
687 1 2 2531 1 10 1
688 0 2 2534 15 125 22
689 1 2 2538 38 335 57
690 0 6 2541 32 112 48
691 1 1 2545 1 9 1
692 0 1 2548 1 10 1
693 0 4 2551 1 4 1
694 0 1 2555 1 9 1
695 0 3 2558 19 63 28
696 0 44 2562 1 4 1
697 1 1 2567 3 25 4
698 0 3 2570 1 5 1
699 0 21 2574 22 74 33
700 0 2 2579 1 10 1
701 1 4 2583 252 1059 378
702 0 1 2587 1 8 1
703 1 3 2589 29 251 43
704 1 2 2593 11 90 16
705 0 2 2597 397 3944 595
706 0 10 2600 3730 19009 5595
707 1 1 2604 1 10 1
708 0 3 2607 1 9 1
709 1 3 2611 1 11 1
710 1 1 2615 180 1720 270
711 0 4 2618 2 7 3
712 1 3 2622 8 24 12
713 1 3 2626 59 219 88
714 1 1 2630 146 1381 219
715 1 3 2633 1 3 1
716 0 5 2637 21 71 31
717 1 6 2641 1 4 1
718 0 11 2645 8739 47001 13108
719 1 25 2649 1 3 1
720 0 2 2654 6031 67681 9046
721 1 3 2658 1 3 1
722 1 103 2662 1 3 1
723 1 3 2667 1 4 1
724 1 6 2671 16 52 24
725 0 1 2675 157 1490 235
726 1 1 2678 1 10 1
727 1 3 2681 10 31 15
728 0 7 2685 1 4 1
729 0 2 2689 1 9 1
730 0 1 2692 20 170 30
731 1 13 2695 39 139 58
732 1 3 2699 37 131 55
733 0 1 2703 1 10 1
734 0 4 2706 26 89 39
735 1 1 2710 1 10 1
736 1 2 2713 1 9 1
737 0 8 2717 1 3 1
738 0 9 2721 1 4 1
739 1 3 2725 70 637 105
740 0 4 2729 8 24 12
741 0 3 2733 798 8191 1197
742 0 2 2737 165 1570 247
743 1 3 2741 49 179 73
744 1 2 2745 1 10 1
745 1 5 2748 1 4 1
746 1 2 2752 604 6120 906
747 1 3 2756 1 9 1
748 1 6 2760 1 3 1
749 1 8 2764 368 1593 552
750 0 2 2768 304 2981 456
751 1 3 2771 24 82 36
752 1 5 2775 1731 8381 2596
753 0 10 2779 1645 7937 2467
754 1 2 2783 132 1242 198
755 0 1 2787 39 344 58
756 0 4 2790 12257 67296 18385
757 0 1 2794 6 48 9
758 0 9 2797 1 4 1
759 1 3 2801 1 11 1
760 0 1 2805 2 17 3
761 0 2 2808 57 513 85
762 0 2 2811 2 17 3
763 1 15 2815 62 231 93
764 1 1 2819 62 561 93
765 0 1 2822 2 17 3
766 0 1 2824 74 676 111
767 0 4 2826 5046 26222 7569
768 0 5 2830 1170 5513 1755
769 1 4 2834 1 4 1
770 0 2 2838 1339 14073 2008
771 0 1 2842 1137 11862 1705
772 1 4 2845 4 13 6
773 1 6 2849 1 4 1
774 0 3 2853 6 48 9
775 1 2 2857 79 724 118
776 0 2 2860 139 1311 208
777 1 1 2864 1 9 1
778 0 6 2867 297 1264 445
779 0 1 2871 7 56 10
780 0 3 2874 1118 5251 1677
781 0 10 2878 2 6 3
782 0 19 2882 68 256 102
783 0 3 2887 25 85 37
784 0 3 2891 2 17 3
785 1 2 2895 1 9 1
786 0 1 2899 1 9 1
787 1 3 2902 1 4 1
788 1 6 2906 1 4 1
789 1 1 2910 12019 138801 18028
790 0 3 2913 29 100 43
791 0 2 2917 93 859 139
792 0 39 2921 29 101 43
793 1 3 2926 15 49 22
794 0 1 2930 1 9 1
795 0 25 2933 10 31 15
796 0 1 2938 5 40 7
797 1 6 2941 1007 4695 1510
798 0 2 2945 3 25 4
799 0 1 2949 30 261 45
800 1 2 2952 2 17 3
801 0 20 2955 12 38 18
802 0 8 2960 10592 57642 15888
803 0 1 2964 5 40 7
804 1 1 2967 403 4006 604
805 0 7 2970 1 4 1
806 1 2 2974 1 9 1
807 1 5 2978 1 3 1
808 1 5 2982 1 3 1
809 1 6 2986 1 5 1
810 1 1 2990 207 1992 310
811 1 11 2993 1 5 1
812 0 1 2997 276 2694 414
813 1 10 3000 1 4 1
814 1 2 3004 3 25 4
815 1 3 3008 17 55 25
816 0 8 3012 1 5 1
817 0 1 3016 1 10 1
818 1 8 3019 1 3 1
819 0 1 3023 25 215 37
820 1 1 3025 1 10 1
821 1 2 3028 1 12 1
822 1 2 3031 1 12 1
823 1 3 3035 2748 29817 4122
824 1 13 3039 3 10 4
825 1 1 3043 227 2195 340
826 1 4 3046 75 285 112
827 0 1 3050 1 11 1
828 1 4 3053 1 3 1
829 0 3 3057 1 4 1
830 1 6 3061 28 97 42
831 1 1 3065 1 10 1
832 0 7 3067 4 12 6
833 0 2 3071 270 2633 405
834 1 6 3075 1 5 1
835 1 3 3079 58720 352860 88080
836 1 2 3083 1 11 1
837 0 2 3087 1 13 1
838 1 1 3090 7562 85672 11343
839 1 3 3093 1006 4690 1509
840 0 4 3097 1 3 1
841 0 2 3101 2 17 3
842 1 2 3104 79 724 118
843 0 3 3108 78 297 117
844 0 1 3112 2611 28267 3916
845 0 2 3114 9 72 13
846 1 1 3118 1428 15052 2142
847 1 4 3121 1 5 1
848 0 4 3125 5 15 7
849 0 8 3129 1 5 1
850 1 2 3133 2 17 3
851 0 17 3137 3 10 4
852 1 3 3142 1 3 1
853 1 1 3146 4 33 6
854 0 2 3149 16 134 24
855 1 4 3152 173 705 259
856 0 1 3156 3 25 4
857 1 14 3159 1 4 1
858 0 1 3163 1 9 1
859 1 3 3166 2 6 3
860 1 3 3170 1 4 1
861 1 3 3174 1 3 1
862 0 64 3178 1845 8972 2767
863 1 1 3183 298 2919 447
864 1 3 3186 1061 11034 1591
865 1 1 3190 25 215 37
866 0 1 3193 6 48 9
867 0 10 3196 2 6 3
868 1 7 3200 32 112 48
869 1 3 3204 6393 71920 9589
870 0 4 3208 1 4 1
871 1 2 3212 1 9 1
872 0 2 3215 1 13 1
873 1 2 3219 318 3125 477
874 0 7 3223 1 5 1
875 0 4 3227 6074 31937 9111
876 1 4 3231 2 7 3
877 1 1 3235 2 17 3
878 1 9 3238 1 3 1
879 1 4 3242 1 3 1
880 1 2 3246 1 11 1
881 0 1 3250 1 10 1
882 0 10 3253 32 112 48
883 1 22 3257 8 24 12
884 1 2 3262 102 947 153
885 1 4 3265 26 89 39
886 0 2 3269 7 56 10
887 1 4 3272 1 4 1
888 1 1 3276 541 5454 811
889 0 22 3279 36 127 54
890 0 15 3284 1 6 1
891 1 2 3288 1 9 1
892 1 6 3291 1 7 1
893 0 7 3295 3 10 4
894 1 5 3299 604 2714 906
895 0 7 3303 3 10 4
896 1 3 3307 7958 42554 11937
897 1 3 3311 22 188 33
898 1 4 3315 1 6 1
899 1 5 3319 47 171 70
900 0 3 3323 495 4969 742
901 1 2 3327 174 1660 261
902 1 1 3330 8 64 12
903 1 1 3333 2 17 3
904 1 5 3336 502787 3378845 754180
905 1 2 3340 2 17 3
906 1 3 3344 259 1091 388
907 0 1 3348 9 73 13
908 0 2 3351 566 5718 849
909 1 8 3355 44 159 66
910 1 2 3359 6 48 9
911 1 1 3362 1 9 1
912 1 2 3365 21 179 31
913 0 8 3369 131657 826352 197485
914 1 2 3373 2 17 3
915 1 1 3377 2 17 3
916 0 5 3379 60 223 90
917 0 4 3383 4 12 6
918 0 10 3387 1 4 1
919 0 2 3391 20 170 30
920 0 9 3395 14 45 21
921 1 3 3399 1 4 1
922 1 5 3403 1 4 1
923 0 3 3407 1 9 1
924 0 5 3411 295 1255 442
925 0 2 3415 1 8 1
926 1 9 3419 119 470 178
927 1 1 3423 2 17 3
928 1 2 3426 86 791 129
929 1 1 3430 34653 417547 51979
930 0 2 3433 1 9 1
931 1 4 3437 1 3 1
932 1 3 3441 3 9 4
933 0 5 3445 1 4 1
934 1 2 3449 1836 19571 2754
935 0 1 3452 168 1600 252
936 1 1 3455 300 2940 450
937 1 4 3458 7 21 10
938 1 3 3462 14 116 21
939 1 1 3466 85 782 127
940 1 1 3469 92 849 138
941 0 5 3472 20 67 30
942 0 2 3476 1 11 1
943 1 10 3480 20 66 30
944 0 2 3484 20 170 30
945 0 3 3487 1 4 1
946 1 2 3491 73594 912982 110391
947 1 3 3494 10 31 15
948 1 1 3498 1 10 1
949 1 1 3501 13 107 19
950 0 4 3504 123 487 184
951 0 6 3508 1 4 1
952 1 1 3512 9 73 13
953 0 5 3514 981 4565 1471
954 1 2 3518 673 6854 1009
955 1 1 3522 1 9 1
956 1 9 3525 2021 9889 3031
957 1 3 3529 150 1420 225
958 0 5 3533 175 714 262
959 1 6 3537 1 4 1
960 1 2 3541 2 17 3
961 0 1 3544 2 17 3
962 0 2 3547 339 3342 508
963 1 6 3551 116 457 174
964 1 2 3555 476 4769 714
965 0 6 3559 30 104 45
966 1 7 3563 83 318 124
967 1 5 3567 37437 219387 56155
968 0 7 3571 1 4 1
969 0 2 3575 1 9 1
970 0 3 3578 1 9 1
971 1 1 3582 22 188 33
972 0 13 3585 434 1902 651
973 1 1 3589 1 9 1
974 1 1 3592 49771 608234 74656
975 1 2 3595 33 288 49
976 1 5 3598 1 3 1
977 0 4 3602 1 4 1
978 0 1 3606 1 10 1
