0 1 1 5 1 10 1
1 0 6 11 688 3121 1032
2 0 5 19 7 21 10
3 0 2 27 2 17 3
4 0 3 34 12 38 18
5 0 24 42 5 15 7
6 1 1 51 892 9203 1338
7 1 7 57 3 10 4
8 0 1 65 2 17 3
9 1 3 71 165266 1049742 247899
10 0 3 79 535 2382 802
11 0 2 87 219 2113 328
12 1 19 94 1 4 1
13 1 2 103 1 12 1
14 0 1 110 3 25 4
15 1 2 113 1 8 1
16 1 1 120 1 10 1
17 0 2 125 1 9 1
18 0 2 132 62 561 93
19 0 2 139 3 25 4
20 0 3 146 141 565 211
21 0 4 154 3 9 4
22 1 5 162 8 24 12
23 0 11 170 17 56 25
24 0 6 179 437 1916 655
25 1 4 187 11 34 16
26 1 1 195 339 3342 508
27 1 4 201 5 15 7
28 1 1 209 1 9 1
29 0 4 215 358 1546 537
30 1 3 223 71 647 106
31 1 1 230 9 73 13
32 1 1 234 4 33 6
33 1 3 240 1 9 1
34 1 1 247 43 381 64
35 1 3 253 8 24 12
36 1 4 261 32 112 48
37 0 1 269 1 11 1
38 1 7 275 37 131 55
39 1 1 283 1 9 1
40 0 1 289 2 17 3
41 0 2 294 1 10 1
42 0 4 301 1 4 1
43 1 13 309 1 5 1
44 0 1 318 1 9 1
45 1 3 323 1 8 1
46 0 15 330 1401 6685 2101
47 1 1 339 8224 93498 12336
48 0 3 346 8 64 12
49 1 4 353 298 1269 447
50 0 2 361 3 25 4
51 0 8 368 370 1602 555
52 1 4 376 1 4 1
53 1 8 384 17 55 25
54 0 3 392 176 718 264
55 0 4 400 1 3 1
56 1 7 408 2934 14719 4401
57 0 4 416 12 38 18
58 0 2 424 1 9 1
59 1 2 431 10 81 15
60 1 3 438 1 9 1
61 1 1 445 309 3033 463
62 1 4 451 143 574 214
63 1 1 459 4 33 6
64 1 8 465 1 3 1
65 1 2 473 91 840 136
66 1 1 480 1 9 1
67 1 5 487 16 52 24
68 1 1 495 124 1163 186
69 1 1 501 1 10 1
70 0 1 507 1 9 1
71 1 3 514 252 2449 378
72 0 10 521 15 48 22
73 0 3 530 1 11 1
74 1 5 537 229 955 343
75 1 1 545 3 25 4
76 0 1 552 9 73 13
77 0 3 558 1463 7002 2194
78 1 6 566 1 4 1
79 1 1 574 21 179 31
80 1 12 580 117 461 175
81 1 2 589 2920 31767 4380
82 1 1 596 1 10 1
83 0 1 601 5 40 7
84 0 1 607 1 11 1
85 1 1 613 66 599 99
86 0 2 620 110 1025 165
87 1 5 627 1 3 1
88 1 5 635 30 104 45
89 0 2 643 1 9 1
90 1 3 650 34 298 51
91 0 5 657 99 385 148
92 0 1 665 5 41 7
93 1 4 671 2 7 3
94 1 3 679 2 17 3
95 0 1 686 4 33 6
96 1 8 692 227 946 340
97 1 2 701 1 13 1
98 0 2 708 99 918 148
99 1 2 715 1 9 1
100 1 12 722 1 4 1
101 1 13 731 8250 44214 12375
102 0 8 740 43 155 64
103 0 3 748 5 15 7
104 0 5 756 1 4 1
105 0 2 764 2 17 3
106 0 1 771 1 9 1
107 1 6 777 21 70 31
108 0 2 785 1 9 1
109 0 9 792 1 5 1
110 0 2 801 16 134 24
111 0 1 808 166 1580 249
112 0 4 814 1 4 1
113 0 17 822 86488 530813 129732
114 0 14 831 51 187 76
115 0 4 840 1 4 1
116 1 3 848 8 64 12
117 1 3 855 788 3610 1182
118 1 2 863 751 7687 1126
119 1 6 870 105 410 157
120 1 3 878 11 34 16
121 0 2 886 1 9 1
122 1 1 893 27781 331839 41671
123 0 3 898 51 187 76
124 0 9 906 494 2186 741
125 0 4 915 55646 333397 83469
126 1 9 923 8 24 12
127 1 2 932 3744 41171 5616
128 0 3 939 1 4 1
129 0 4 947 323 1384 484
130 1 2 955 382 3788 573
131 0 1 962 199 1911 298
132 1 1 968 460 4601 690
133 0 1 974 1 9 1
134 0 3 979 141 565 211
135 0 2 987 1 11 1
136 1 17 994 10 31 15
137 1 1 1003 6 48 9
138 1 2 1009 1 12 1
139 0 7 1016 1237 5852 1855
140 1 3 1024 95 879 142
141 0 1 1032 394 3912 591
142 1 1 1038 432 4309 648
143 1 2 1045 328 3229 492
144 0 9 1052 216 896 324
145 1 1 1061 1 9 1
146 1 2 1067 12 99 18
147 0 15 1074 8306 44533 12459
148 0 2 1083 1 9 1
149 1 3 1090 2 17 3
150 1 2 1097 1 10 1
151 0 2 1104 1 11 1
152 1 3 1111 2 17 3
153 1 1 1119 3 25 4
154 0 1 1126 1 10 1
155 0 2 1130 1 9 1
156 0 5 1137 34 120 51
157 1 2 1145 278 2715 417
158 1 2 1152 40 353 60
159 0 2 1159 5 41 7
160 0 1 1166 2 17 3
161 0 5 1173 53 195 79
162 1 2 1181 3 25 4
163 1 5 1188 1 5 1
164 1 1 1196 115 1075 172
165 0 5 1202 2 6 3
166 1 3 1210 17 56 25
167 1 3 1218 32 279 48
168 1 23 1225 1 4 1
169 0 51 1234 18 59 27
170 1 2 1244 2 17 3
171 0 1 1251 134 1262 201
172 1 2 1258 1 9 1
173 1 2 1265 1334 14018 2001
174 0 1 1272 1 11 1
175 1 1 1278 1 9 1
176 0 1 1284 381 3777 571
177 1 5 1291 1618 7798 2427
178 1 3 1299 26 224 39
179 1 2 1306 19 161 28
180 1 9 1313 92 356 138
181 1 5 1322 443 1945 664
182 0 3 1330 1 5 1
183 1 4 1338 109 427 163
184 1 35 1346 1 4 1
185 1 5 1355 324 1388 486
186 0 10 1363 1 3 1
187 0 5 1372 3 10 4
188 1 5 1380 1 4 1
189 1 4 1388 934 4331 1401
190 1 2 1396 1 8 1
191 0 1 1403 21 179 31
192 0 1 1409 1 10 1
193 1 2 1415 8 64 12
194 1 1 1422 77 705 115
195 1 4 1427 4 12 6
196 1 6 1435 3 10 4
197 1 1 1443 1 9 1
198 1 10 1449 1 5 1
199 0 11 1458 13 41 19
200 0 3 1467 5 15 7
201 1 6 1475 2 7 3
202 0 1 1483 1 10 1
203 1 4 1489 25 85 37
204 0 2 1497 8896 101469 13344
205 1 1 1504 1 13 1
206 0 11 1510 3 9 4
207 0 2 1519 3 25 4
208 0 1 1526 4 33 6
209 0 10 1532 3157 15915 4735
210 1 5 1541 2 6 3
211 0 1 1549 3 25 4
212 1 4 1555 13 41 19
213 1 1 1563 5 40 7
214 0 4 1570 6 18 9
215 1 3 1578 740 3374 1110
216 1 2 1586 1 11 1
217 1 2 1593 1 10 1
218 0 1 1600 1 9 1
219 0 1 1606 53 475 79
220 1 2 1613 1 9 1
221 1 1 1620 2 17 3
222 1 5 1627 3 9 4
223 1 2 1635 24 206 36
224 0 5 1642 3 10 4
225 0 2 1650 1 11 1
226 0 11 1657 3907 19972 5860
227 1 4 1666 2 6 3
228 0 4 1674 27 93 40
229 0 2 1682 4264 47152 6396
230 0 1 1689 1 11 1
231 0 1 1693 97 898 145
232 1 12 1698 1 5 1
233 0 8 1707 2 6 3
234 0 10 1716 258 1086 387
235 0 2 1725 1785 19003 2677
236 1 8 1732 131 522 196
237 0 3 1741 535 5390 802
238 0 1 1748 1 12 1
239 1 4 1754 1390 6629 2085
240 0 4 1762 10 31 15
241 1 10 1770 4 12 6
242 1 4 1779 4 12 6
243 0 3 1787 1 9 1
244 1 4 1794 1 4 1
245 1 17 1802 5 15 7
246 0 6 1811 1 6 1
247 0 2 1819 6 48 9
248 0 3 1826 1 12 1
249 1 3 1833 1 4 1
250 0 7 1841 1 3 1
251 0 8 1849 14 45 21
252 0 3 1858 35 124 52
253 0 1 1866 11 90 16
254 1 11 1873 12 38 18
255 0 5 1882 69 260 103
256 0 10 1890 9 27 13
257 0 9 1899 8935 48121 13402
258 0 1 1908 1798 19148 2697
259 0 1 1914 1 10 1
260 1 1 1920 1 10 1
261 1 6 1926 43 155 64
262 1 3 1934 1 4 1
263 0 1 1942 10 81 15
264 1 4 1948 1 4 1
265 0 4 1956 505 2239 757
266 1 7 1964 1 4 1
267 0 2 1972 2 17 3
268 0 8 1979 53 195 79
269 0 4 1987 5 15 7
270 1 6 1995 26 89 39
271 0 1 2003 4812 53487 7218
272 0 3 2009 2 7 3
273 1 6 2017 1 4 1
274 1 1 2025 1 11 1
275 0 3 2032 2 6 3
276 1 2 2040 114 1065 171
277 0 1 2047 21 179 31
278 0 5 2054 1 4 1
279 1 2 2062 82 753 123
280 1 5 2069 117 462 175
281 1 12 2077 192 789 288
282 1 5 2086 1 5 1
283 1 3 2094 8 24 12
284 1 9 2102 30 104 45
285 1 13 2111 4 12 6
286 1 2 2120 353475 4647471 530212
287 1 15 2127 90730 558287 136095
288 0 2 2136 1 11 1
289 0 2 2143 388 3850 582
290 1 2 2150 1 9 1
291 0 1 2157 954 9873 1431
292 1 1 2164 115 1075 172
293 1 1 2169 1 9 1
294 0 3 2175 1 4 1
295 1 2 2183 1 14 1
296 1 1 2190 179100308 2147483647 268650462
297 1 11 2197 1 4 1
298 1 3 2206 1 4 1
299 1 9 2214 5383 28088 8074
300 1 5 2223 2 6 3
301 1 1 2231 138 1301 207
302 1 8 2236 6 18 9
303 0 3 2245 1 4 1
304 1 3 2253 1 5 1
305 0 3 2261 7 21 10
306 1 4 2269 3 10 4
307 0 3 2277 2 6 3
308 1 13 2285 9 27 13
309 0 2 2294 56 504 84
310 1 1 2301 169 1610 253
311 1 2 2306 1 11 1
312 0 2 2313 6 48 9
313 0 1 2320 7620 86357 11430
314 1 3 2326 1 10 1
315 1 2 2334 152 1440 228
316 1 2 2341 4 33 6
317 0 4 2348 1 5 1
318 1 6 2356 4510 23268 6765
319 0 2 2364 1625 17228 2437
320 1 9 2371 9 27 13
321 0 3 2380 36 316 54
322 0 5 2387 6 18 9
323 1 2 2395 1 8 1
324 1 8 2402 6 18 9
325 1 4 2411 27 93 40
326 0 1 2419 3 25 4
327 1 3 2424 1 5 1
328 1 2 2432 13270 153870 19905
329 1 2 2439 83 762 124
330 0 4 2446 6741366 51097844 10112049
331 1 7 2454 1021 4765 1531
332 0 4 2462 1 4 1
333 0 3 2470 1 3 1
334 1 1 2478 1 13 1
335 1 2 2484 713 7281 1069
336 0 1 2491 2 17 3
337 0 1 2497 1 12 1
338 0 1 2504 1186 12397 1779
339 0 1 2510 111 1035 166
340 1 6 2516 5 15 7
341 1 2 2524 38 334 57
342 1 2 2531 1 10 1
343 1 1 2538 40 353 60
344 1 6 2545 172 701 258
345 0 3 2553 4 32 6
346 1 1 2561 1 9 1
347 0 5 2567 1 3 1
348 1 2 2575 7 56 10
349 0 131 2582 1 4 1
350 1 3 2592 1 9 1
351 0 3 2599 3 25 4
352 1 46 2606 21 70 31
353 1 13 2616 26 89 39
354 0 4 2625 2 7 3
355 1 2 2633 1754 18659 2631
356 1 4 2640 21 70 31
357 0 2 2648 1 9 1
358 1 1 2655 1 9 1
359 0 6 2662 34 120 51
360 0 3 2670 1 4 1
361 1 3 2678 52 191 78
362 0 3 2686 1 10 1
363 1 3 2694 3 9 4
364 0 4 2702 2 6 3
365 1 2 2710 50426 616550 75639
366 0 4 2717 10 31 15
367 0 1 2725 1 9 1
368 0 3 2731 3 9 4
369 1 11 2739 8 24 12
370 0 6 2748 1 4 1
371 1 3 2756 2 17 3
372 0 7 2764 42 151 63
373 1 8 2772 43 155 64
374 0 2 2781 1 9 1
375 1 1 2788 1 8 1
376 0 2 2793 1 10 1
377 0 5 2800 1 4 1
378 0 3 2808 1 4 1
379 0 2 2816 2864 31131 4296
380 1 5 2823 1 6 1
381 0 2 2831 44 391 66
382 1 3 2838 3175 16012 4762
383 1 4 2846 1 4 1
384 1 2 2854 146 1381 219
385 0 2 2861 3575 39235 5362
386 1 1 2868 1 9 1
387 1 13 2874 53 195 79
388 1 2 2883 1 9 1
389 1 1 2890 1 8 1
390 0 3 2895 1799 8734 2698
391 1 19 2903 2 6 3
392 0 8 2912 145 582 217
393 0 8 2921 519 2306 778
394 1 3 2930 1 3 1
395 1 1 2938 45153 549719 67729
396 0 3 2943 575 2574 862
397 1 5 2951 8003 42810 12004
398 0 2 2959 22 188 33
399 0 2 2966 1 11 1
400 0 1 2973 1 10 1
401 1 1 2978 33 288 49
402 0 3 2984 36 316 54
403 0 3 2991 3 25 4
404 1 7 2999 1 3 1
405 0 5 3007 1814 8812 2721
406 0 7 3015 6 18 9
407 0 1 3023 1 10 1
408 1 3 3029 9 27 13
409 1 3 3037 84 772 126
410 1 6 3044 1 3 1
411 0 11 3052 1 5 1
412 0 3 3061 6 18 9
413 0 4 3069 2 6 3
414 1 1 3077 1 9 1
415 0 2 3084 9 72 13
416 1 12 3091 1 5 1
417 0 1 3100 350 3456 525
418 0 4 3107 3 9 4
419 1 1 3115 1 11 1
420 0 7 3120 1 4 1
421 1 2 3128 1 9 1
422 1 1 3135 2 17 3
423 0 3 3141 1 4 1
424 0 7 3149 7 21 10
425 1 6 3157 147 591 220
426 1 3 3165 68 256 102
427 0 11 3173 6 18 9
428 0 21 3182 2 6 3
429 0 1 3191 446 4455 669
430 0 9 3197 1 5 1
431 1 4 3206 1 3 1
432 1 1 3214 10 81 15
433 0 1 3221 1 10 1
434 1 1 3227 1 11 1
435 0 1 3233 8 64 12
436 1 3 3239 2 6 3
437 0 1 3247 92 849 138
438 1 26 3254 13 41 19
439 1 2 3263 1 9 1
440 1 13 3270 1 5 1
441 0 1 3279 332 3270 498
442 1 2 3285 24 206 36
443 1 10 3292 4 12 6
444 0 9 3301 2 6 3
445 0 2 3310 211 2033 316
446 1 6 3317 1 5 1
447 0 2 3325 6 48 9
448 0 9 3332 1 5 1
449 0 3 3341 1 5 1
450 1 3 3349 7 21 10
451 0 2 3357 20 170 30
452 0 25 3364 551 2459 826
453 0 7 3373 3629 18462 5443
454 0 2 3381 1 9 1
455 0 12 3388 10 31 15
456 0 33 3397 641 2892 961
457 0 2 3406 6 48 9
458 1 9 3413 18 59 27
459 1 4 3422 1287 6105 1930
460 1 1 3430 1946 20797 2919
461 1 2 3436 1 9 1
462 1 1 3443 2 17 3
463 1 1 3450 1 12 1
464 0 11 3456 750 3424 1125
465 0 1 3465 1 10 1
466 0 1 3471 4 33 6
467 0 9 3477 5 15 7
468 0 1 3486 3 25 4
469 1 1 3493 4 33 6
470 1 7 3498 1 6 1
471 1 4 3506 4 12 6
472 0 5 3514 1 4 1
473 1 5 3522 127 504 190
474 1 10 3530 722 3287 1083
475 0 1 3539 2 17 3
476 1 4 3544 1 3 1
477 0 2 3552 54 485 81
478 0 4 3559 2 6 3
479 1 3 3567 1521 16077 2281
480 0 2 3574 97 898 145
481 1 4 3581 785279 5393191 1177918
482 0 2 3589 1 11 1
483 0 2 3596 1 11 1
484 0 7 3603 1 4 1
485 1 1 3611 1 9 1
