0 0 6 5 16 52 24
1 0 15 22 1 4 1
2 0 2 40 1 10 1
3 0 9 55 80 305 120
4 1 6 72 1 3 1
5 1 2 89 1 10 1
6 0 4 103 1 5 1
7 0 6 119 4 12 6
8 0 6 136 1 4 1
9 0 3 153 19 63 28
10 1 8 168 851 3920 1276
11 1 2 185 271 2643 406
12 0 2 200 1 11 1
13 1 2 214 1 9 1
14 0 4 228 1 3 1
15 0 3 244 332 1426 498
16 0 4 259 8 24 12
17 1 1 275 1 9 1
18 0 1 288 1 9 1
19 1 1 298 1 8 1
20 0 3 309 24 206 36
21 1 14 324 1 3 1
22 1 7 342 1 3 1
23 1 6 359 1 5 1
24 1 7 375 14 45 21
25 1 22 392 1 4 1
26 1 1 410 13892 161383 20838
27 0 28 421 268 1132 402
28 0 2 440 1424 15008 2136
29 1 10 454 1 3 1
30 0 3 471 287 1218 430
31 1 4 486 2335 11538 3502
32 0 8 502 1 3 1
33 1 25 519 4433 22846 6649
34 1 2 538 12 99 18
35 0 8 553 312 1333 468
36 1 2 570 1 10 1
37 1 2 584 12 99 18
38 1 1 599 7267 82193 10900
39 0 6 608 2869 14372 4303
40 1 1 625 2 17 3
41 1 4 638 1 3 1
42 0 2 654 1146 11960 1719
43 0 2 668 1 10 1
44 0 3 682 1 3 1
45 1 2 698 1 9 1
46 0 2 712 1 11 1
47 0 1 727 11 90 16
48 0 2 739 2134 22899 3201
49 1 22 753 28 97 42
50 0 6 771 1 4 1
51 1 3 788 148 1401 222
52 1 1 803 1 8 1
53 0 1 815 8 64 12
54 0 2 825 1 10 1
55 1 2 839 1 9 1
56 1 10 854 1 5 1
57 0 1 871 18 152 27
58 0 34 884 13 41 19
59 0 7 903 1 5 1
60 0 5 920 2 7 3
61 1 8 936 1 3 1
62 0 1 953 165 1570 247
63 1 16 966 1 3 1
64 0 2 984 1 10 1
65 0 4 998 1 4 1
66 0 5 1014 35 124 52
67 0 6 1030 1 4 1
68 1 6 1047 4032 20652 6048
69 0 3 1063 5 40 7
70 0 1 1078 7 56 10
71 1 2 1091 3 25 4
72 1 6 1106 6 18 9
73 0 2 1122 13 108 19
74 1 21 1136 557 2487 835
75 0 3 1154 1 13 1
76 1 6 1169 1 4 1
77 1 4 1186 1 3 1
78 0 6 1202 1 3 1
79 0 3 1218 13 108 19
80 1 3 1233 4 33 6
81 0 5 1248 4 12 6
82 0 5 1264 357 1541 535
83 1 8 1280 1 4 1
84 1 1 1297 1 12 1
85 0 5 1310 4 12 6
86 1 1 1326 305 2992 457
87 1 7 1338 1 4 1
88 0 4 1355 487 2153 730
89 0 4 1371 2 7 3
90 1 2 1387 1 9 1
91 0 9 1401 41 147 61
92 1 1 1418 2 17 3
93 0 3 1431 13 41 19
94 1 27 1446 30 104 45
95 0 5 1465 9 27 13
96 1 3 1481 2499 27003 3748
97 0 34 1496 1 4 1
98 0 4 1515 1 3 1
99 1 1 1531 3 25 4
100 0 3 1541 1 9 1
101 1 3 1556 1 3 1
102 1 6 1571 2 7 3
103 0 5 1588 2282 11258 3423
104 1 14 1604 1 4 1
105 0 2 1622 1 10 1
106 1 6 1636 1 4 1
107 0 9 1653 16 52 24
108 1 2 1670 78 714 117
109 1 5 1684 2 7 3
110 1 4 1700 1 4 1
111 1 3 1716 1 4 1
112 0 1 1731 8 64 12
113 0 5 1744 7 21 10
114 1 1 1760 4 33 6
115 0 4 1773 1 5 1
116 0 8 1789 1 3 1
117 1 2 1806 55 494 82
118 0 15 1820 1 3 1
119 0 2 1838 2 17 3
120 0 1 1852 175 1670 262
121 1 2 1862 3 25 4
122 0 1 1877 1 9 1
123 1 30 1890 50 183 75
124 1 2 1909 1 10 1
125 1 4 1923 5 15 7
126 0 1 1939 1 9 1
127 0 5 1949 1 3 1
128 1 11 1965 2 6 3
129 0 4 1982 355 1532 532
130 0 6 1998 241 1009 361
131 0 5 2015 2 7 3
132 0 3 2031 4 13 6
133 0 1 2046 1163 12146 1744
134 0 14 2059 656 2965 984
135 1 1 2077 2 17 3
136 0 4 2090 1 3 1
137 0 4 2106 2598 12929 3897
138 1 9 2122 2 7 3
139 0 2 2139 1 10 1
140 1 1 2154 1 10 1
141 1 5 2167 1 4 1
142 1 5 2183 1 4 1
143 1 5 2199 1 3 1
144 0 1 2215 212 2042 318
145 0 2 2226 1 9 1
146 1 1 2240 1 8 1
147 1 1 2251 2 17 3
148 0 3 2262 1 4 1
149 1 4 2277 5 15 7
150 1 7 2293 3 9 4
151 0 2 2310 686 6993 1029
152 0 10 2324 1 5 1
153 1 5 2341 46 167 69
154 0 1 2357 2 17 3
155 1 4 2369 131 522 196
156 0 7 2385 1 4 1
157 1 2 2402 16 134 24
158 1 7 2416 838 3856 1257
159 0 3 2433 4 12 6
160 1 6 2448 6 18 9
161 0 6 2465 1 3 1
162 0 4 2482 17 56 25
163 0 1 2498 3 25 4
164 0 1 2510 22 188 33
165 1 4 2523 730 3325 1095
166 0 3 2539 1 3 1
167 1 1 2554 1 9 1
168 1 1 2567 1 9 1
169 1 3 2580 1 5 1
170 0 4 2596 4 12 6
171 1 2 2612 1 14 1
172 1 4 2626 1 4 1
173 1 8 2642 1 3 1
174 0 5 2659 2334 11532 3501
175 0 4 2675 1 5 1
176 0 7 2691 1 3 1
177 0 4 2708 1 4 1
178 0 1 2724 2 17 3
179 1 5 2737 1 5 1
180 1 9 2753 8378 44943 12567
181 1 5 2770 6 18 9
182 0 12 2786 6 18 9
183 1 3 2804 10 31 15
184 1 3 2819 313 1338 469
185 1 1 2834 23 197 34
186 0 5 2847 1 5 1
187 0 2 2863 89 821 133
188 0 7 2878 155 626 232
189 1 11 2895 289 1227 433
190 0 5 2912 5 15 7
191 0 1 2928 1 10 1
192 1 10 2941 13 41 19
193 0 2 2958 52 466 78
194 0 1 2973 95395 1195146 143092
195 1 2 2982 1 9 1
196 0 13 2996 39 139 58
197 1 1 3014 7 56 10
198 1 1 3025 13 108 19
199 1 3 3038 45757 271184 68635
200 1 5 3053 33 116 49
201 1 1 3069 608804 8161090 913206
202 0 1 3079 16 134 24
203 0 7 3091 3268 16512 4902
204 0 1 3108 22 188 33
205 1 28 3118 1 3 1
206 0 3 3137 2611 12998 3916
207 0 17 3152 14 45 21
208 0 14 3170 1 5 1
209 0 1 3188 4 33 6
210 1 1 3201 1232 12899 1848
211 0 8 3214 1 6 1
212 0 2 3231 1 9 1
213 0 1 3246 14 116 21
214 0 1 3259 577 5834 865
215 1 1 3268 1 11 1
216 1 5 3280 37 132 55
217 1 7 3296 1 3 1
218 0 3 3313 1 4 1
219 1 5 3329 21 70 31
220 0 3 3345 8 24 12
221 1 3 3360 5 15 7
222 0 5 3375 296 1259 444
223 0 4 3391 1 4 1
224 1 2 3407 1 9 1
225 0 3 3422 1 5 1
226 0 4 3437 1 5 1
227 0 7 3453 43 155 64
228 1 1 3470 4 33 6
229 0 17 3482 18 59 27
230 0 3 3500 647 2922 970
231 0 5 3515 170 692 255
232 0 2 3531 2 17 3
233 1 3 3545 27 93 40
234 1 1 3560 1 9 1
235 1 7 3572 1 5 1
236 0 5 3589 15 48 22
237 1 1 3605 1 9 1
238 1 1 3616 6 48 9
