0 0 11 5 1 4 1
1 0 2 9 13 107 19
2 1 1 13 44 391 66
3 1 1 16 83 763 124
4 1 24 19 7 21 10
5 1 2 24 531 5348 796
6 1 2 27 51 456 76
7 0 1 30 1 10 1
8 0 3 33 1 8 1
9 0 1 37 1 9 1
10 1 7 40 145 583 217
11 0 1 44 1 10 1
12 1 2 47 1 9 1
13 0 6 51 197 811 295
14 1 5 55 34 298 51
15 1 8 59 1519 7289 2278
16 0 2 63 1 10 1
17 0 6 67 1 12 1
18 1 5 71 54 485 81
19 0 2 75 72 657 108
20 0 2 78 16 134 24
21 0 1 82 260 2531 390
22 1 3 85 1 9 1
23 1 4 89 67367 832915 101050
24 1 1 93 79 724 118
25 0 1 96 136 1282 204
26 0 2 99 1 10 1
27 1 1 103 1 9 1
28 0 3 106 1098 11437 1647
29 0 2 110 1 11 1
30 0 2 114 9482 108439 14223
31 0 1 117 1 9 1
32 1 1 120 1 9 1
33 0 1 123 1 10 1
34 0 6 126 1 12 1
35 1 4 130 1 9 1
36 0 2 134 10 81 15
37 1 4 138 1 8 1
38 1 1 142 85 782 127
39 0 1 145 1 13 1
40 1 2 148 36 316 54
41 0 3 151 13 107 19
42 1 1 155 1 10 1
43 0 1 158 4 33 6
44 0 4 161 1 9 1
45 0 5 165 1 9 1
46 0 4 169 3 25 4
47 1 3 173 3 25 4
48 1 2 177 2068 22160 3102
49 1 17 181 19405 109494 29107
50 1 3 186 6 48 9
51 1 3 190 1 9 1
52 1 1 194 4 33 6
53 0 2 197 260 2530 390
54 1 8 201 8 24 12
55 1 3 205 1 10 1
56 0 5 209 1 10 1
57 1 5 213 53 475 79
58 1 7 217 224 932 336
59 0 8 221 7 21 10
60 1 2 225 1 9 1
61 0 2 229 313 3074 469
62 1 3 233 2 17 3
63 0 10 237 1 3 1
64 1 3 241 4 33 6
65 0 1 245 93 859 139
66 1 3 248 6 48 9
67 1 7 252 235 982 352
68 0 1 256 488 4895 732
69 0 1 259 46 410 69
70 0 1 262 10 81 15
71 1 2 264 147 1391 220
72 1 6 267 2371 11728 3556
73 0 2 271 13 107 19
74 0 1 275 4 33 6
75 1 3 278 1 9 1
76 1 5 282 2 17 3
77 1 2 286 27854 332746 41781
78 1 5 289 5 40 7
79 0 8 293 3429 17380 5143
80 1 4 297 1 11 1
81 1 1 301 1370 14413 2055
82 0 3 304 1 9 1
83 0 1 308 1 10 1
84 1 1 311 5 40 7
85 1 2 314 6 48 9
86 1 3 318 1 9 1
87 1 1 322 1 9 1
88 0 1 325 63 570 94
89 1 3 328 3 25 4
90 0 3 332 5 40 7
91 1 11 336 193 794 289
92 0 3 340 1 9 1
93 1 2 344 1 10 1
94 0 3 348 30 261 45
95 0 1 352 5 41 7
96 1 4 355 18 152 27
97 1 33 359 46 167 69
98 0 4 364 4 33 6
99 1 2 368 1028 10676 1542
100 1 4 372 43234 525468 64851
101 0 6 376 10903 125410 16354
102 0 21 380 13 41 19
103 1 4 385 1 10 1
104 1 5 389 15 125 22
105 1 6 393 1 10 1
106 1 1 397 1 9 1
107 0 4 400 7 56 10
108 0 1 404 4727 52502 7090
109 0 7 406 4 12 6
110 0 3 410 135 1272 202
111 1 1 414 13 107 19
112 0 1 417 1 9 1
113 0 1 420 19 160 28
114 0 4 423 1 11 1
115 0 5 427 223 2154 334
116 0 1 431 1 10 1
117 1 4 434 1 9 1
118 0 2 438 1 11 1
119 1 1 441 1 10 1
120 1 3 444 1 10 1
121 1 1 448 690 7035 1035
122 1 2 451 5478 61226 8217
123 0 2 455 559 5644 838
124 0 2 459 2 17 3
125 0 8 463 1755 8506 2632
126 0 2 467 6 48 9
127 0 8 471 1 4 1
128 0 14 475 1 3 1
129 1 3 479 3 25 4
130 1 1 483 13 108 19
131 0 3 486 1 9 1
132 1 7 490 1 4 1
133 0 16 494 6 18 9
134 0 1 498 1 9 1
135 0 2 501 1 9 1
136 1 1 505 378 3746 567
137 0 1 508 2340 25212 3510
138 1 11 511 328511 2161376 492766
139 0 2 515 371 3673 556
140 1 4 519 1 11 1
141 0 2 523 3 25 4
142 1 5 527 3 25 4
143 0 4 531 1 9 1
144 0 4 535 10 81 15
145 0 3 539 1 9 1
146 1 4 543 80 733 120
147 0 2 547 577 5834 865
148 1 7 551 2 6 3
149 0 12 555 2 6 3
150 0 2 559 37 325 55
151 1 2 563 1 8 1
152 0 3 567 45 400 67
153 1 1 571 1 10 1
154 1 2 574 1 9 1
155 0 1 577 61 551 91
156 0 3 579 1163 12146 1744
157 0 13 583 1 4 1
158 0 11 587 5 15 7
159 1 5 591 15 125 22
160 0 2 595 1 9 1
161 1 14 599 1 3 1
162 1 7 603 1 4 1
163 1 3 607 87 801 130
164 0 1 611 1 9 1
165 0 13 614 3 10 4
166 1 7 618 10830 59017 16245
167 1 6 622 1 9 1
168 1 2 626 2 17 3
169 1 2 630 10 81 15
170 1 2 633 1 13 1
171 1 3 637 1 13 1
172 1 4 641 1 11 1
173 0 3 645 212 2042 318
174 1 3 649 2993 32596 4489
175 0 9 653 45 163 67
176 1 1 657 1 9 1
177 1 1 660 1149 11993 1723
178 1 3 663 8 64 12
179 0 11 667 5650 29572 8475
180 0 2 671 2123 22776 3184
181 1 1 675 26 224 39
182 0 7 678 1 3 1
183 1 8 682 4944 25658 7416
184 0 1 686 7 56 10
185 1 8 689 83 318 124
186 1 2 693 1 10 1
187 1 6 697 1 10 1
188 0 7 701 1 5 1
189 1 2 705 50 447 75
190 1 2 708 491 4927 736
191 1 4 712 1689 17937 2533
192 0 5 716 6 48 9
193 0 1 720 1 9 1
194 0 7 723 71 268 106
195 1 4 727 4062 44825 6093
196 0 6 731 3 25 4
197 1 2 735 1 9 1
198 1 11 739 1 5 1
199 1 5 743 1 9 1
200 0 9 747 2 6 3
201 1 1 751 2 17 3
202 0 2 754 6 48 9
203 0 3 757 4 33 6
204 0 21 761 73 276 109
205 0 2 766 1 9 1
206 0 5 770 1 9 1
207 0 1 774 398 3954 597
208 0 3 776 1 9 1
209 0 3 780 1 9 1
210 0 7 784 1 3 1
211 0 20 788 1214 5735 1821
212 1 4 793 5 40 7
213 0 2 797 118 1104 177
214 0 1 801 915 9452 1372
215 1 2 804 6 48 9
216 1 4 808 2 17 3
217 1 2 812 55 494 82
218 0 3 815 1 9 1
219 0 1 819 1 11 1
220 0 1 822 218 2103 327
221 0 5 824 1 9 1
222 1 1 828 10 81 15
223 0 2 831 56 504 84
224 1 1 835 1 12 1
225 0 8 838 2 7 3
226 1 21 842 1 4 1
227 1 10 847 130 517 195
228 0 1 851 7 56 10
229 0 1 854 1 10 1
230 0 3 857 1364 14348 2046
231 0 2 861 1 9 1
232 1 11 864 1 4 1
233 0 1 868 9 72 13
234 0 3 871 40 353 60
235 0 1 875 1 8 1
236 1 4 878 203 1952 304
237 1 4 882 2779 30168 4168
238 1 5 886 109 1016 163
239 0 2 890 1 11 1
240 0 1 894 21 179 31
241 0 10 897 70 264 105
242 1 2 901 9 72 13
243 0 2 905 9937 113863 14905
244 1 3 908 3 25 4
245 0 14 912 5 15 7
246 1 1 916 1 9 1
247 1 6 919 1 5 1
248 1 2 923 1 9 1
249 1 2 927 242 2347 363
250 0 3 930 7171 81062 10756
251 0 9 934 1 5 1
252 1 4 938 1 10 1
253 1 4 942 77 705 115
254 0 7 946 9 27 13
255 1 7 950 44 159 66
256 0 4 954 2 17 3
257 0 20 958 430 1883 645
258 0 1 963 433044 5735227 649566
259 0 6 966 48 175 72
260 1 5 970 1 12 1
261 0 2 974 25 215 37
262 0 5 977 203 1952 304
263 1 5 981 40 353 60
264 0 4 985 39 344 58
265 0 1 989 509 5116 763
266 0 3 992 318 3125 477
267 1 1 996 12 99 18
268 1 1 999 6 48 9
269 0 10 1002 1 3 1
270 1 1 1006 26 224 39
271 1 3 1009 3312 36229 4968
272 1 6 1013 241 2337 361
273 1 1 1017 325 3197 487
274 1 3 1020 118 1104 177
275 0 4 1024 1 9 1
276 0 1 1028 48 428 72
277 0 5 1031 1 14 1
278 1 2 1035 138 1301 207
279 1 1 1039 312 3064 468
280 0 7 1042 1 4 1
281 1 10 1046 1 4 1
282 1 4 1050 480117 6382096 720175
283 1 3 1054 22 188 33
284 0 6 1058 1 10 1
285 1 2 1062 1 9 1
286 0 1 1065 1 8 1
287 1 1 1068 1 10 1
288 0 1 1071 1082 11263 1623
289 0 1 1074 1 9 1
290 0 3 1076 3 25 4
291 0 7 1080 1 3 1
292 0 2 1084 4 33 6
293 1 4 1087 1 10 1
294 1 7 1091 43 155 64
295 1 3 1095 38 335 57
296 0 1 1099 1 9 1
297 0 7 1102 814 3738 1221
298 0 2 1106 6 48 9
299 1 2 1110 10 81 15
300 1 12 1113 564 2521 846
301 1 6 1117 1 9 1
302 1 15 1121 974 4530 1461
303 0 1 1125 1 11 1
304 0 2 1127 1 9 1
305 1 5 1131 385341 5082177 578011
306 1 2 1135 1 9 1
307 1 1 1138 1 9 1
308 1 3 1141 26 224 39
309 0 2 1145 121613 1537584 182419
310 1 17 1148 1 5 1
311 1 4 1153 3 25 4
312 0 4 1157 1 10 1
313 0 5 1161 1 10 1
314 0 5 1165 13 107 19
315 1 2 1169 62 561 93
316 0 3 1172 638 6481 957
317 0 98 1176 1 3 1
318 0 2 1181 6 48 9
319 0 3 1185 2 17 3
320 1 5 1189 3 25 4
321 0 2 1193 22 188 33
322 0 2 1197 1 9 1
323 0 1 1201 859 8848 1288
324 0 4 1204 1 11 1
325 1 1 1208 39 344 58
326 0 2 1211 4 33 6
327 0 3 1215 1 9 1
328 1 4 1219 1 9 1
329 0 3 1223 18 152 27
330 0 1 1227 1 11 1
331 1 2 1230 3715 40839 5572
332 0 2 1233 137 1291 205
333 0 1 1237 168 1600 252
334 0 1 1240 1 10 1
335 0 2 1243 11 90 16
336 1 3 1247 111 1035 166
337 0 17 1251 2 6 3
338 1 2 1256 1 9 1
339 1 1 1260 1 10 1
340 1 2 1263 2882 31335 4323
341 0 2 1266 4 32 6
342 1 1 1269 1 9 1
343 1 6 1272 1 12 1
344 0 12 1276 87 335 130
345 0 8 1280 1376 6558 2064
346 0 3 1284 1 12 1
347 1 3 1288 7 56 10
348 0 2 1292 17 143 25
349 0 1 1295 1097 11426 1645
350 0 4 1298 53 475 79
351 0 6 1302 1 9 1
352 1 1 1306 1 8 1
353 1 1 1309 5 40 7
354 1 2 1312 37 326 55
355 0 3 1316 260 2531 390
356 1 5 1320 9 72 13
357 1 4 1324 49 437 73
358 0 4 1328 1 11 1
359 1 6 1332 10 31 15
360 1 1 1336 960 9938 1440
361 1 4 1339 28 243 42
362 1 4 1343 827 8503 1240
363 0 11 1347 7 21 10
364 0 3 1351 2324 25032 3486
365 1 9 1355 1 4 1
366 0 1 1359 1 10 1
367 0 1 1362 1 9 1
368 1 4 1365 1 10 1
369 0 2 1369 13649 158446 20473
370 0 4 1372 156 1480 234
371 1 1 1376 1 10 1
372 1 5 1378 6670 75170 10005
373 1 1 1382 39 344 58
374 0 1 1385 4 33 6
375 1 4 1388 7 56 10
376 0 2 1392 15 125 22
377 1 4 1396 1 9 1
378 1 3 1400 4 33 6
379 1 2 1404 1 11 1
380 1 7 1408 38080 223369 57120
381 0 5 1412 11 90 16
382 0 3 1416 216 2083 324
383 0 2 1420 9 73 13
384 0 5 1424 51831 634403 77746
385 0 3 1428 2 17 3
386 1 5 1432 1 12 1
387 0 5 1436 34 297 51
388 0 2 1440 17 143 25
389 1 1 1444 8 64 12
390 0 1 1447 102 947 153
391 0 4 1450 497 4990 745
392 0 1 1454 1 9 1
393 0 1 1456 1 11 1
394 1 3 1459 164 1560 246
395 1 21 1463 1 4 1
396 0 7 1468 1 4 1
397 1 1 1472 1 10 1
398 0 4 1475 988 10242 1482
399 1 1 1479 1 9 1
400 0 17 1482 43 155 64
401 0 6 1487 23 197 34
402 1 5 1491 1 9 1
403 1 2 1495 14447 168098 21670
404 1 4 1499 3 25 4
405 0 15 1503 12185 66877 18277
406 0 9 1507 5 15 7
407 0 2 1511 4 32 6
408 0 4 1515 252289 3276838 378433
409 1 2 1519 1 9 1
410 1 2 1523 11 90 16
411 0 1 1526 105 976 157
412 0 9 1529 2 7 3
413 0 3 1533 5 40 7
414 1 1 1537 3 25 4
415 0 5 1540 1 9 1
416 0 4 1544 3061554 43379542 4592331
417 0 6 1548 1 10 1
418 0 1 1552 165 1570 247
419 1 3 1555 3 25 4
420 0 3 1559 4 33 6
421 0 4 1563 6920 78108 10380
422 0 2 1567 427 4257 640
423 0 1 1571 42 372 63
424 0 4 1574 15 125 22
425 0 3 1578 2 17 3
426 1 2 1582 1 10 1
427 0 1 1586 4 33 6
428 1 1 1589 6742 76016 10113
429 0 7 1592 42 151 63
430 1 19 1596 4 12 6
431 0 3 1601 161 1530 241
432 0 2 1605 5 41 7
433 1 1 1609 218 2104 327
434 1 7 1612 17386 97469 26079
435 0 14 1616 1 5 1
436 1 6 1620 1 11 1
437 0 11 1624 1 5 1
438 1 2 1628 16 134 24
439 0 1 1632 20 170 30
440 1 6 1635 228 2204 342
441 0 3 1639 1 10 1
442 0 1 1643 1 9 1
443 0 2 1646 3 25 4
444 1 1 1650 1 9 1
445 1 2 1651 1 9 1
446 1 1 1654 2 17 3
447 1 3 1657 1 9 1
448 1 2 1661 1 11 1
449 1 4 1664 14 116 21
450 0 1 1668 1 11 1
451 0 18 1670 57 211 85
452 0 5 1675 29 252 43
453 0 4 1679 447 4466 670
454 0 3 1683 10 81 15
455 1 2 1687 1 9 1
456 1 2 1691 15778 184243 23667
457 0 5 1695 1 11 1
458 1 2 1699 1 10 1
459 0 2 1702 1 9 1
460 0 38 1706 439 1926 658
461 1 3 1711 3 25 4
462 1 2 1715 1 11 1
463 1 10 1719 5332 27805 7998
464 0 3 1723 4 33 6
465 1 5 1727 1 10 1
466 1 2 1731 29 251 43
467 1 3 1735 31 270 46
468 0 1 1739 49 438 73
469 0 3 1742 89727 1121535 134590
470 1 2 1746 16 134 24
471 0 3 1750 28 243 42
472 0 4 1754 288 2817 432
473 0 3 1758 10983 126368 16474
474 0 1 1762 1615 17117 2422
475 0 3 1764 1 9 1
476 0 2 1768 1 9 1
477 0 1 1772 989 10253 1483
478 1 4 1775 4 33 6
479 0 4 1779 1257 13173 1885
480 1 2 1783 1 10 1
481 1 5 1787 11 90 16
482 0 4 1791 189 1811 283
483 1 5 1795 4 33 6
484 1 11 1799 1 6 1
485 1 9 1803 3 9 4
486 1 5 1807 44 391 66
487 0 28 1811 3791 19341 5686
488 0 1 1816 1 9 1
489 1 4 1819 1 10 1
490 0 1 1823 6 48 9
491 1 2 1826 9 72 13
492 1 3 1829 24 206 36
493 1 2 1833 23 197 34
494 0 3 1837 9 73 13
495 0 2 1841 1 10 1
496 1 6 1844 20320 239713 30480
497 1 10 1848 1 5 1
498 1 2 1852 1 9 1
499 0 3 1856 558 5633 837
500 0 2 1860 415 4131 622
501 1 1 1864 2 17 3
502 0 20 1867 454 1996 681
503 0 3 1872 2 17 3
504 0 4 1876 920 9506 1380
505 0 9 1880 103 402 154
506 0 3 1884 325112 4261693 487668
507 0 3 1888 3228 35271 4842
508 0 1 1892 1 8 1
509 0 4 1895 9 73 13
510 0 18 1899 1 4 1
511 1 5 1904 21 179 31
512 0 3 1908 148871 1896455 223306
513 0 2 1912 2 17 3
514 0 1 1915 8517 96970 12775
515 1 2 1918 28126 336125 42189
516 1 1 1922 1914 20440 2871
517 1 1 1925 1 10 1
518 0 2 1928 1 9 1
519 0 13 1932 1 4 1
520 0 6 1936 792 8127 1188
521 0 3 1940 8343921 122183164 12515881
522 1 2 1944 597 6046 895
523 1 2 1947 75 685 112
524 0 3 1951 146 1381 219
525 0 1 1955 4 32 6
526 0 3 1958 2 17 3
527 1 1 1962 94 869 141
528 0 2 1965 281 2745 421
529 1 3 1969 1252444 17216511 1878666
530 1 3 1973 32 279 48
531 1 3 1977 2 17 3
532 0 1 1981 1 9 1
533 0 1 1984 340 3352 510
534 1 1 1987 157 1490 235
535 0 1 1990 183 1750 274
536 1 2 1993 1928 20596 2892
537 0 5 1997 2149 23067 3223
538 0 9 2001 1 5 1
539 1 4 2005 1 10 1
540 1 14 2009 9251 49930 13876
541 0 1 2013 2 17 3
542 0 5 2016 25871 308153 38806
543 0 7 2020 4 12 6
544 0 4 2024 1 9 1
545 1 10 2028 638 2878 957
546 1 5 2032 1002 10394 1503
547 1 3 2036 1 10 1
548 0 5 2040 20 170 30
549 0 2 2044 237 2296 355
550 0 2 2048 937 9689 1405
551 1 1 2052 1 12 1
552 1 8 2055 2 7 3
553 1 11 2059 19 63 28
554 0 1 2063 1 12 1
555 0 1 2066 2 17 3
556 1 2 2069 189 1811 283
557 0 15 2073 873 4029 1309
558 1 2 2077 1 9 1
559 1 3 2081 15076 175721 22614
560 0 8 2085 1 3 1
561 0 1 2089 1 9 1
562 0 5 2092 9 72 13
563 1 5 2096 62 561 93
564 0 1 2100 421 4194 631
565 1 3 2103 1 9 1
566 0 3 2107 61489 757585 92233
567 1 2 2111 67 608 100
568 0 23 2115 39 139 58
569 1 7 2120 1176 5544 1764
570 1 3 2124 15089 175879 22633
571 0 6 2128 10 31 15
572 1 11 2132 1 4 1
573 0 1 2136 2 17 3
574 1 12 2139 1 6 1
575 0 8 2143 1 5 1
576 1 1 2147 1 9 1
577 1 1 2150 3 25 4
578 1 3 2153 4 33 6
579 0 2 2157 78 714 117
580 0 2 2161 21 179 31
581 0 1 2164 1 9 1
582 0 1 2167 1 9 1
583 0 1 2170 10 81 15
584 1 2 2173 1 10 1
585 0 2 2177 2 17 3
586 0 2 2181 129 1212 193
587 0 4 2184 1 9 1
588 0 4 2188 735 7516 1102
589 0 2 2192 1 9 1
590 1 3 2195 1 10 1
591 0 1 2199 1 10 1
592 1 7 2202 1 4 1
593 0 3 2206 4 33 6
594 0 1 2210 2 17 3
595 0 3 2213 261 2540 391
596 1 4 2217 1443 15217 2164
597 0 3 2221 1 10 1
598 1 2 2225 1 8 1
599 0 2 2229 9 73 13
600 0 5 2232 63 571 94
601 0 5 2236 11797 136133 17695
602 0 5 2240 1 9 1
603 1 1 2244 1 9 1
604 0 1 2247 1 11 1
605 1 1 2250 11 90 16
606 1 2 2253 2672 28957 4008
607 1 1 2256 1 11 1
608 1 3 2259 1 9 1
609 0 7 2263 11847 64911 17770
610 0 2 2267 2 17 3
611 0 3 2271 9 72 13
612 1 5 2275 4 33 6
613 0 2 2279 650 6609 975
614 1 10 2282 1 4 1
615 0 1 2286 1 11 1
616 1 1 2289 16 134 24
617 1 4 2292 78 714 117
618 1 1 2296 1 9 1
619 0 4 2299 1 10 1
620 0 1 2303 34 297 51
621 0 2 2306 1 11 1
622 0 2 2310 1 8 1
623 0 3 2314 19 161 28
624 0 19 2318 11 34 16
625 1 2 2323 1 10 1
626 0 8 2327 35 124 52
627 0 2 2331 16 134 24
628 0 2 2335 623 6322 934
629 1 3 2339 1 9 1
630 1 2 2343 2 17 3
631 1 2 2347 6 48 9
632 0 2 2351 16 134 24
633 0 4 2355 9 73 13
634 0 4 2359 1 10 1
635 1 5 2363 1 11 1
636 1 3 2367 28 242 42
637 1 3 2371 1 11 1
638 0 1 2375 6 48 9
639 1 2 2378 6 48 9
640 0 1 2382 325 3198 487
641 1 3 2385 2 17 3
642 1 5 2389 126 1183 189
643 0 1 2393 1 13 1
644 1 3 2396 20 170 30
645 1 2 2400 15 125 22
646 1 1 2404 1 9 1
647 1 8 2407 1 5 1
648 0 5 2411 1 9 1
649 1 2 2415 1 9 1
650 1 2 2418 1 9 1
651 1 1 2421 11 90 16
652 1 1 2424 68783 851099 103174
653 1 8 2427 28 97 42
654 1 1 2431 966 10003 1449
655 0 1 2433 27 233 40
656 0 2 2436 99 918 148
657 0 2 2440 1943 20763 2914
658 1 4 2444 7 56 10
659 0 3 2448 4 33 6
660 1 2 2452 1 9 1
661 0 3 2455 1 10 1
662 1 2 2459 6 48 9
663 0 3 2462 5 40 7
664 1 1 2466 1 10 1
665 1 9 2469 25 85 37
666 1 1 2473 1 9 1
667 1 16 2476 1 4 1
668 1 4 2480 721 7366 1081
669 0 1 2484 47 419 70
670 1 2 2487 9 73 13
671 0 4 2490 1 9 1
672 0 2 2494 11 90 16
673 1 1 2498 1 9 1
674 0 2 2501 1 9 1
675 1 4 2505 444 4434 666
676 1 10 2509 2004 9801 3006
677 0 2 2513 2 17 3
678 1 4 2516 19 161 28
679 0 3 2520 15909 185835 23863
680 1 6 2524 18 59 27
681 0 24 2528 4 12 6
682 1 2 2533 1 10 1
683 1 1 2537 245 2378 367
684 1 2 2539 1 9 1
685 0 2 2543 1 10 1
686 0 3 2546 1 9 1
687 0 2 2550 5 41 7
688 0 5 2553 64 580 96
689 0 6 2557 7 21 10
690 0 3 2561 4 33 6
691 0 1 2565 273 2663 409
692 1 1 2568 2 17 3
693 1 7 2571 4128 21176 6192
694 0 10 2575 3 10 4
695 0 9 2579 5881 30859 8821
696 1 1 2583 1 9 1
697 0 1 2586 1 10 1
698 1 2 2589 384 3808 576
699 1 5 2592 1 9 1
700 0 2 2596 117 1094 175
701 0 3 2600 1 10 1
702 0 80 2604 2137 10497 3205
703 0 7 2609 1982 9686 2973
704 1 2 2613 5 40 7
705 1 1 2617 162 1540 243
706 1 15 2620 30 104 45
707 0 9 2624 1 4 1
708 1 2 2628 18 152 27
709 1 3 2631 3975 43824 5962
710 1 15 2635 1 3 1
711 1 1 2639 4910 54624 7365
712 0 9 2642 1 4 1
713 1 5 2646 12 98 18
714 0 3 2650 14 116 21
715 0 3 2654 83 762 124
716 0 12 2658 98 381 147
717 1 4 2662 204 1962 306
718 0 4 2666 349 3446 523
719 0 1 2670 22 188 33
720 1 2 2673 1 10 1
721 0 10 2677 420 1836 630
722 0 10 2681 26 89 39
723 1 3 2685 15 125 22
724 0 8 2689 9 27 13
725 1 4 2693 225 2174 337
726 0 2 2697 1 9 1
727 1 6 2700 6 48 9
728 0 1 2704 28 242 42
729 1 4 2707 135 1272 202
730 0 4 2711 1 9 1
731 0 4 2715 1909 20384 2863
732 1 11 2719 1666 8046 2499
733 1 3 2723 106 986 159
734 1 4 2727 1 9 1
735 1 1 2731 196 1881 294
736 0 51 2734 4 12 6
737 0 2 2739 24 206 36
738 1 2 2743 1 8 1
739 0 4 2747 50 447 75
740 0 18 2751 65 244 97
741 1 2 2756 2 17 3
742 1 2 2760 1 9 1
743 1 2 2764 24 206 36
744 0 6 2767 30 261 45
745 1 6 2771 2 17 3
746 1 5 2775 1 10 1
747 1 3 2779 9 73 13
748 1 2 2783 1 9 1
749 1 4 2787 927 9581 1390
750 0 3 2791 1 9 1
751 1 2 2795 94 869 141
752 1 22 2799 148 595 222
753 1 2 2804 29 251 43
754 0 3 2808 2 17 3
755 0 1 2812 11 90 16
756 0 4 2815 27 233 40
757 0 4 2819 27 233 40
758 1 2 2823 3 25 4
759 0 1 2827 1 10 1
760 0 4 2830 334 3291 501
761 1 6 2834 186 1780 279
762 0 2 2838 1 9 1
763 1 5 2842 1 11 1
764 1 11 2846 81 309 121
765 1 2 2850 1 11 1
766 1 3 2853 4 33 6
767 1 8 2857 3 10 4
768 0 1 2861 1 8 1
769 0 2 2864 8 64 12
770 0 2 2867 88 811 132
771 1 5 2870 10 81 15
772 0 21 2874 81 309 121
773 1 3 2879 1 9 1
774 0 11 2883 1 4 1
775 1 21 2887 40 143 60
776 1 1 2892 176 1680 264
777 0 2 2895 1 10 1
778 1 3 2899 1 9 1
779 1 4 2903 1 10 1
780 1 3 2907 1 9 1
781 1 5 2911 1 10 1
782 0 10 2915 1 5 1
783 0 6 2919 23 78 34
784 1 1 2923 1 9 1
785 1 4 2926 1 8 1
786 1 3 2930 2 17 3
787 1 3 2934 1 9 1
788 0 1 2938 1 10 1
789 0 1 2941 1 10 1
790 0 4 2944 14280 166077 21420
791 0 4 2948 1961 20964 2941
792 0 6 2952 14 116 21
793 0 5 2956 16609 194350 24913
794 1 13 2960 15 48 22
795 0 2 2964 1340 14084 2010
796 0 2 2968 1 9 1
797 1 3 2972 19 161 28
798 1 1 2976 30 261 45
799 0 2 2979 1 10 1
800 0 2 2983 91 840 136
801 1 2 2987 2 17 3
802 0 1 2990 1 10 1
803 0 9 2993 139 556 208
804 0 3 2997 206 1982 309
805 0 48 3001 17 56 25
806 1 4 3006 30 260 45
807 1 5 3010 88 811 132
808 0 6 3014 6996 79002 10494
809 0 10 3018 1860 9050 2790
810 0 6 3022 15 125 22
811 0 2 3026 4542 50362 6813
812 0 4 3030 121826 1540378 182739
813 0 5 3034 2364 25482 3546
814 1 1 3038 1777 18914 2665
815 0 2 3041 1 9 1
816 0 3 3045 510 5127 765
817 1 14 3049 13 41 19
818 1 2 3053 1 12 1
819 1 16 3057 221 919 331
820 1 5 3061 1 13 1
821 0 2 3065 3 25 4
822 1 1 3068 1 9 1
823 1 9 3071 30 104 45
824 0 1 3075 1 12 1
825 1 3 3078 1 9 1
826 1 1 3082 92 850 138
827 0 15 3085 1846 8978 2769
828 1 5 3089 1 9 1
829 1 1 3093 1 10 1
830 0 3 3095 66 599 99
831 0 2 3099 6421 72248 9631
832 0 1 3102 1 8 1
833 0 7 3105 1 3 1
834 0 6 3109 4 12 6
835 0 15 3113 102 398 153
836 1 1 3117 4911 54635 7366
837 1 1 3119 2 17 3
838 0 1 3122 1 11 1
839 0 6 3125 393 3902 589
840 0 5 3129 33454 402543 50181
841 0 2 3133 1433 15107 2149
842 0 4 3137 8 64 12
843 0 6 3141 6 48 9
844 1 14 3145 1 5 1
845 0 3 3149 1 9 1
846 1 1 3153 1 13 1
847 1 3 3156 18 152 27
848 0 3 3160 3 25 4
849 0 1 3164 10 81 15
850 1 3 3167 326451 4279880 489676
851 0 2 3171 346 3415 519
852 1 1 3174 735 7516 1102
853 1 13 3177 22 74 33
854 1 3 3181 3 25 4
855 0 2 3185 7 56 10
856 1 3 3188 1 11 1
857 0 5 3192 876 9031 1314
858 0 1 3196 1 9 1
859 0 19 3199 293 1246 439
860 0 7 3204 26 89 39
861 0 13 3208 1 5 1
862 0 2 3212 1 11 1
863 1 5 3215 2 17 3
864 1 2 3219 34636 417335 51954
865 0 6 3222 1 9 1
866 1 1 3226 1 10 1
867 1 1 3228 1 10 1
868 0 2 3231 66 599 99
869 0 2 3235 364300 4794996 546450
870 0 15 3239 1 4 1
871 1 20 3243 1 3 1
872 0 3 3248 1 8 1
873 1 1 3252 1 11 1
874 0 2 3255 484 4853 726
875 0 7 3259 519 2305 778
876 1 3 3263 46 409 69
877 1 1 3267 5207 58072 7810
878 1 3 3270 1759 18714 2638
879 1 2 3274 1 10 1
880 0 9 3277 1 5 1
881 0 2 3281 1 10 1
882 1 2 3285 967 10014 1450
883 0 1 3289 273734 3565938 410601
884 1 2 3292 1 13 1
885 0 1 3295 4 33 6
886 1 1 3298 327 3218 490
887 0 2 3301 68 618 102
888 1 5 3305 5337 59584 8005
889 0 2 3309 1 9 1
890 1 1 3313 2 17 3
891 1 2 3316 23 197 34
892 1 1 3319 1 9 1
893 1 5 3322 3 25 4
894 1 3 3326 103 957 154
895 0 1 3330 12 98 18
896 1 11 3333 1 3 1
897 0 3 3337 129 1213 193
898 0 2 3341 3 25 4
899 1 1 3345 1 10 1
900 1 2 3347 1 8 1
901 0 1 3351 1 11 1
902 0 4 3354 1 13 1
903 0 2 3358 2 17 3
904 0 2 3361 537 5411 805
905 0 2 3364 5 40 7
906 0 5 3368 40 353 60
907 1 2 3372 5288 59014 7932
908 0 5 3375 4305 47625 6457
909 1 1 3379 14 116 21
910 1 7 3382 132151 829617 198226
911 1 1 3386 220683 2852354 331024
912 1 1 3389 1 10 1
913 0 5 3392 1 10 1
914 0 8 3396 46 167 69
915 0 2 3400 2 17 3
916 1 1 3404 1 9 1
917 0 7 3407 13 41 19
918 1 9 3411 39 139 58
919 1 3 3415 2 17 3
920 0 1 3419 2 17 3
921 1 20 3422 1 3 1
922 0 4 3427 4 33 6
923 1 1 3431 4 33 6
924 1 8 3433 457 2011 685
925 0 49 3437 1 3 1
926 0 8 3442 1 4 1
927 1 1 3446 6 48 9
928 0 4 3449 28 242 42
929 1 2 3453 8 64 12
930 0 6 3456 377994 2504501 566991
931 1 2 3460 1 9 1
932 1 1 3463 2 17 3
933 1 2 3466 1 11 1
934 1 17 3470 145 582 217
935 0 2 3475 7090 80108 10635
936 1 1 3479 24 206 36
937 1 1 3482 92 850 138
938 1 3 3485 30 261 45
939 0 8 3489 1 3 1
940 1 2 3493 67 609 100
941 1 2 3496 465 4654 697
942 0 3 3499 5834 65379 8751
943 1 4 3503 1 9 1
944 0 2 3507 1 9 1
945 1 4 3511 1 11 1
946 1 6 3515 47 419 70
947 0 11 3519 8 24 12
948 1 19 3523 9 27 13
949 1 3 3528 15 125 22
950 1 1 3532 7 56 10
951 1 2 3535 3 25 4
952 1 2 3539 1221 12779 1831
953 1 7 3542 1 3 1
954 1 12 3546 1 4 1
955 0 12 3550 1 5 1
956 0 7 3554 1 3 1
957 0 2 3558 1 9 1
958 0 2 3562 914 9441 1371
959 1 5 3566 147 1391 220
960 1 4 3570 81 743 121
961 1 37 3574 829 3812 1243
962 0 4 3579 635 6450 952
963 0 6 3583 14 116 21
964 0 4 3587 162 1540 243
965 1 5 3591 1 11 1
966 0 6 3595 1 10 1
967 0 2 3599 19 161 28
968 0 7 3603 3 10 4
969 0 6 3607 1 13 1
