0 1 1 5 114 1065 171
1 1 4 14 4 13 6
2 0 3 30 5 15 7
3 0 10 45 1 4 1
4 0 6 64 1 5 1
5 1 3 81 7 21 10
6 0 1 95 23 197 34
7 0 3 100 8 64 12
8 0 1 114 59 532 88
9 1 3 121 6 18 9
10 0 3 136 1 5 1
11 1 3 151 1 5 1
12 1 1 166 29 251 43
13 0 5 173 17 56 25
14 1 1 190 481 4822 721
15 0 2 199 5224 58270 7836
16 1 2 211 1 9 1
17 1 2 224 1137 11862 1705
18 0 20 237 425 1860 637
19 0 1 258 1 10 1
20 0 4 268 59 219 88
21 1 2 284 2 17 3
22 0 2 296 1 9 1
23 0 5 309 1 4 1
24 1 1 325 1 11 1
25 1 6 335 284 1205 426
26 0 5 352 1 6 1
27 0 5 369 1 3 1
28 1 1 386 1 10 1
29 1 5 394 2 6 3
30 1 4 411 1 3 1
31 1 2 427 1278 13404 1917
32 1 1 441 1 9 1
33 0 1 449 18 152 27
34 1 4 460 1 3 1
35 0 3 476 30 104 45
36 0 7 491 246 1032 369
37 1 3 509 1 3 1
38 1 4 524 1 4 1
39 0 1 540 2 17 3
40 0 11 551 3 10 4
41 0 2 570 6 48 9
42 1 9 583 1 4 1
43 0 2 602 1 10 1
44 1 1 614 2 17 3
45 0 5 625 1228 5806 1842
46 0 8 642 4 12 6
47 0 4 660 6880 36458 10320
48 1 26 676 1 5 1
49 1 3 698 1 3 1
50 0 4 713 115 453 172
51 1 4 729 2462 12208 3693
52 0 3 745 1 3 1
53 1 1 760 2 17 3
54 0 3 771 232 969 348
55 1 2 786 2 17 3
56 1 5 798 2 7 3
57 1 3 815 2 6 3
58 0 2 830 60 542 90
59 1 2 843 91 840 136
60 0 9 855 32 112 48
61 1 5 874 6 18 9
62 1 1 891 2 17 3
63 1 4 901 4 12 6
64 1 7 917 33 116 49
65 0 1 935 2 17 3
66 1 1 942 637 6470 955
67 1 1 953 2891 31438 4336
68 0 9 960 345 1486 517
69 0 6 979 1 3 1
70 0 1 996 31 270 46
71 1 1 1007 1 10 1
72 0 3 1018 1937 20696 2905
73 1 1 1032 17 143 25
74 0 1 1035 8 64 12
75 0 3 1042 1 3 1
76 0 1 1057 1 9 1
77 0 2 1064 1 10 1
78 1 15 1076 1 3 1
79 0 4 1096 1 5 1
80 0 1 1112 1 10 1
81 1 6 1122 1 4 1
82 1 1 1139 5 40 7
83 0 13 1148 2 6 3
84 0 2 1168 1 9 1
85 0 2 1181 1 10 1
86 1 1 1194 4683 51993 7024
87 0 4 1204 7 21 10
88 1 2 1220 1 11 1
89 1 7 1233 1 5 1
90 0 14 1251 163 661 244
91 1 1 1271 1 9 1
92 0 1 1281 1 9 1
93 0 17 1290 1 4 1
94 0 1 1311 7301 82594 10951
95 1 2 1322 30 261 45
96 0 3 1336 19 161 28
97 1 20 1350 104 406 156
98 0 1 1371 29 251 43
99 1 1 1382 1 12 1
100 0 4 1392 1 4 1
101 0 6 1407 3 10 4
102 0 3 1424 254 1068 381
103 1 4 1439 4 13 6
104 0 4 1455 1 6 1
105 0 4 1471 2 7 3
106 1 4 1487 18880 106360 28320
107 1 21 1502 2 6 3
108 0 4 1523 1 3 1
109 1 6 1539 33 116 49
110 1 1 1556 147 1391 220
111 0 3 1567 44 159 66
112 0 3 1581 102 398 153
113 1 3 1596 1 5 1
114 0 1 1611 1 10 1
115 0 5 1622 1 4 1
116 1 5 1639 1 4 1
117 0 6 1656 1 4 1
118 1 2 1673 1 10 1
119 1 2 1685 1 11 1
120 0 2 1699 1 9 1
121 1 83 1713 1 7 1
122 0 2 1738 1 9 1
123 0 1 1751 2 17 3
124 1 3 1760 7 56 10
125 1 4 1774 1 5 1
126 0 9 1790 56 207 84
127 1 4 1809 1050 4910 1575
128 0 1 1824 4 33 6
129 1 3 1833 111 436 166
130 1 4 1848 1 5 1
131 1 3 1864 1 3 1
132 1 1 1879 120 1124 180
133 0 9 1889 69471 421333 104206
134 1 2 1908 5 40 7
135 0 3 1920 3347 16937 5020
136 0 8 1935 2 7 3
137 1 2 1954 1 9 1
138 0 1 1966 1 10 1
139 0 2 1976 3843 42307 5764
140 1 2 1988 3 25 4
141 1 4 2002 842 3876 1263
142 1 11 2018 416 1817 624
143 1 1 2037 1 12 1
144 1 4 2047 1172 5523 1758
145 1 4 2063 33006 192043 49509
146 1 4 2079 167 679 250
147 1 4 2095 1081 5065 1621
148 1 8 2111 1 4 1
149 0 10 2129 1 5 1
150 0 3 2148 465 2049 697
151 0 4 2163 2 7 3
152 1 3 2179 41 147 61
153 1 3 2194 28 97 42
154 1 8 2209 8 24 12
155 0 4 2228 8 24 12
156 0 3 2244 1 4 1
157 0 6 2258 1075 5035 1612
158 0 2 2275 20 169 30
159 0 1 2288 2 17 3
160 1 3 2299 108 423 162
161 1 1 2314 175 1670 262
162 0 1 2322 18 152 27
163 1 1 2330 2 17 3
164 1 5 2339 2054 10062 3081
165 0 3 2356 6 18 9
166 0 3 2371 58 523 87
167 1 2 2385 1183 12364 1774
168 1 3 2398 61 227 91
169 0 1 2413 2 17 3
170 1 5 2424 2 7 3
171 0 8 2440 2 6 3
172 1 4 2459 6 18 9
173 1 1 2475 2 17 3
174 0 4 2481 2522559 18299320 3783838
175 1 2 2497 325 3197 487
176 1 3 2510 3 9 4
177 0 1 2525 51345 628225 77017
178 0 3 2535 1 8 1
179 1 3 2549 3 10 4
180 0 2 2564 1454 15338 2181
181 1 2 2578 1 10 1
182 1 2 2591 2785 30235 4177
183 1 2 2604 5 40 7
184 1 3 2616 9 27 13
185 0 4 2631 39 139 58
186 0 1 2646 1926 20574 2889
187 1 4 2656 1 4 1
188 1 1 2672 9 73 13
189 1 1 2682 60 542 90
190 1 1 2693 14 116 21
191 0 1 2703 4820 53580 7230
192 1 2 2713 38178 461771 57267
193 0 1 2725 1 9 1
194 0 4 2731 1 4 1
195 0 2 2747 2 17 3
196 1 2 2759 6 48 9
197 1 10 2771 12 38 18
198 1 2 2790 17 143 25
199 0 1 2802 95 879 142
200 0 2 2813 6922 78131 10383
201 0 11 2825 57 211 85
202 0 1 2844 1 9 1
203 0 3 2855 1 4 1
204 0 2 2869 61 551 91
205 0 1 2882 1139 11883 1708
206 0 1 2893 12 99 18
207 1 1 2900 2211 23763 3316
208 0 1 2906 2523 27273 3784
209 1 6 2916 3 10 4
210 0 7 2933 4968 25790 7452
211 0 7 2951 1 4 1
212 0 3 2969 68 256 102
213 1 20 2984 2 7 3
214 0 3 3005 100 928 150
215 1 3 3019 1 9 1
216 0 3 3033 51798 309113 77697
217 1 2 3048 1 10 1
218 0 10 3061 256 1077 384
219 1 5 3080 1 4 1
220 1 2 3097 3 25 4
221 0 4 3110 21 70 31
222 0 1 3126 1 11 1
223 0 3 3137 121 479 181
224 0 2 3152 39 344 58
225 0 1 3166 1 8 1
226 0 1 3173 31 270 46
227 1 14 3182 270561 1762719 405841
228 1 2 3202 8 64 12
229 1 4 3215 1 4 1
230 0 11 3231 1 5 1
231 0 1 3250 2 17 3
232 0 1 3260 1 9 1
233 1 1 3270 3 25 4
234 0 2 3280 7 56 10
235 0 1 3294 1251 13108 1876
236 1 3 3301 1 10 1
237 0 1 3315 1546 16354 2319
238 1 2 3326 2 17 3
239 0 3 3339 7016 37224 10524
240 1 12 3354 1127 5297 1690
241 0 7 3374 1 4 1
242 0 1 3392 3 25 4
243 0 10 3398 22 74 33
244 1 1 3417 832 8557 1248
245 0 13 3428 4 13 6
246 1 8 3448 1 5 1
247 1 4 3466 2475 12277 3712
248 1 4 3482 1 4 1
249 1 1 3498 6743 76028 10114
250 0 2 3505 3 25 4
251 0 1 3518 1 9 1
252 0 2 3527 8 64 12
253 0 2 3539 7 56 10
254 0 5 3553 1 3 1
255 0 6 3570 75949 462863 113923
256 1 1 3587 159 1510 238
257 1 16 3596 4216 21657 6324
258 0 2 3617 101 937 151
