0 0 11 5 1342 6385 2013
1 1 1 9 475 4759 712
2 1 2 12 88 811 132
3 0 2 15 3260 35635 4890
4 1 2 19 3140 34268 4710
5 0 2 23 1705 18114 2557
6 1 15 26 323 1384 484
7 0 10 30 1 5 1
8 1 2 34 533 5369 799
9 0 2 38 4778 53093 7167
10 1 2 42 65 589 97
11 0 5 46 32399 389357 48598
12 0 2 50 2 17 3
13 1 2 54 54 485 81
14 0 1 58 18 152 27
15 1 4 60 1 10 1
16 1 3 64 1 10 1
17 0 2 68 47 419 70
18 1 5 72 1 10 1
19 0 1 76 1 10 1
20 1 2 79 104 967 156
21 1 6 83 1 8 1
22 0 6 87 7 56 10
23 1 2 91 1 9 1
24 1 4 95 17 143 25
25 1 4 99 1 9 1
26 1 1 103 1 9 1
27 0 5 106 72 656 108
28 1 3 110 40 353 60
29 1 13 114 52 191 78
30 0 11 118 2230 10985 3345
31 0 26 122 1 4 1
32 1 1 127 3 25 4
33 0 22 130 2 7 3
34 1 1 135 22 188 33
35 1 22 138 1 4 1
36 0 2 143 6 48 9
37 0 11 147 186 763 279
38 1 6 151 40 353 60
39 1 1 155 594 6014 891
40 1 1 158 206 1982 309
41 1 1 161 1 8 1
42 0 2 164 39 344 58
43 1 4 167 1 9 1
44 0 5 171 1 9 1
45 0 10 175 272 1150 408
46 1 9 179 26 89 39
47 0 17 183 15 48 22
48 0 2 188 1 9 1
49 1 7 192 1 4 1
50 0 3 196 54 485 81
51 0 1 200 6 48 9
52 1 2 203 2 17 3
53 1 1 207 65 589 97
54 0 1 210 1 9 1
55 1 5 213 3 25 4
56 0 2 217 1 9 1
57 1 8 220 1 5 1
58 0 5 224 2 17 3
59 1 2 228 3 25 4
60 0 16 231 56330 337723 84495
61 0 6 235 1 10 1
62 0 1 239 2 17 3
63 0 2 242 14 116 21
64 1 5 245 1 12 1
65 0 5 249 2 17 3
66 0 1 253 11 90 16
67 1 3 256 15 125 22
68 1 5 260 1 12 1
69 0 1 264 1 9 1
70 0 10 267 300 1278 450
71 1 4 271 2146 23033 3219
72 1 4 275 28 242 42
73 0 5 279 46 409 69
74 0 8 283 1 3 1
75 1 7 287 44 159 66
76 0 1 291 62 561 93
77 0 1 294 1676 17793 2514
78 1 2 297 85 782 127
79 0 3 301 3 25 4
80 1 13 305 5 15 7
81 0 2 309 1 10 1
82 1 1 312 193 1851 289
83 1 1 314 6 48 9
84 1 4 316 1 9 1
85 1 3 320 349 3445 523
86 0 2 324 228 2205 342
87 0 1 327 1 9 1
88 0 4 330 1 9 1
89 0 3 334 157 1490 235
90 0 2 338 8 64 12
91 1 2 342 1 8 1
92 0 1 345 1 12 1
93 1 1 348 1 10 1
94 0 8 351 9 27 13
95 1 2 355 25 215 37
96 1 2 358 424 4225 636
97 1 1 362 31818 382103 47727
98 0 1 365 8 64 12
99 1 4 368 7 56 10
100 0 3 372 3 25 4
101 0 8 376 1 3 1
102 1 1 380 26 224 39
103 0 3 383 1 12 1
104 1 9 387 2 7 3
105 1 1 391 1 10 1
106 1 5 394 55 494 82
107 1 2 398 34 298 51
108 1 14 401 451 1982 676
109 0 5 405 1 9 1
110 0 1 409 73 666 109
111 1 5 412 2 17 3
112 1 6 416 1 8 1
113 1 2 420 1 9 1
114 0 3 423 155 1470 232
115 1 19 427 1 5 1
116 0 3 432 7474 84634 11211
117 1 3 436 9 72 13
118 1 2 440 1 9 1
119 0 1 444 102 947 153
120 0 2 447 1 9 1
121 0 2 451 56112 688908 84168
122 0 1 455 1 10 1
123 0 1 458 1 10 1
124 1 1 461 977 10122 1465
125 1 3 463 1 10 1
126 1 1 467 139 1311 208
127 0 1 470 7810 88601 11715
128 0 1 473 18 152 27
129 0 1 476 5268 58782 7902
130 0 4 479 1 10 1
131 0 12 483 51778 308987 77667
132 1 3 487 1270 13316 1905
133 1 4 491 1 9 1
134 0 1 495 363 3591 544
135 0 1 498 1 10 1
136 0 4 501 220 2123 330
137 0 8 505 4 12 6
138 1 1 509 12 99 18
139 1 1 512 3 25 4
140 0 2 515 13 107 19
141 0 5 518 2 17 3
142 0 1 522 2 17 3
143 0 2 525 118 1104 177
144 0 7 528 21 70 31
145 1 1 532 5 40 7
146 0 1 535 2 17 3
147 0 5 538 26 224 39
148 0 5 542 1 9 1
149 0 7 546 2037 9973 3055
150 0 2 550 8 64 12
151 1 5 554 1 9 1
152 1 2 558 46 409 69
153 1 3 561 1 9 1
154 1 6 565 16 134 24
155 0 1 569 1 9 1
156 1 3 572 369 3653 553
157 1 2 576 118 1104 177
158 0 4 580 1 10 1
159 1 5 584 6061 68032 9091
160 0 2 588 18 152 27
161 1 4 591 1 9 1
162 1 2 595 1 9 1
163 0 2 599 1 9 1
164 1 1 602 1 11 1
165 0 1 605 12 99 18
166 1 1 608 165 1570 247
167 0 22 610 1 3 1
168 0 3 615 1 9 1
169 1 2 619 2 17 3
170 0 3 622 1 11 1
171 0 2 626 1 10 1
172 1 1 630 1 10 1
173 1 4 633 4 33 6
174 1 2 637 35 307 52
175 1 5 641 35 307 52
176 0 1 645 3 25 4
177 1 3 648 61650 759645 92475
178 0 2 652 1 10 1
179 0 11 655 1 4 1
180 1 2 659 6 48 9
181 1 14 662 7 21 10
182 1 4 666 1 10 1
183 0 1 670 1 11 1
184 1 1 673 6151 69085 9226
185 1 2 675 396 3933 594
186 1 1 679 120 1124 180
187 1 4 682 49 438 73
188 0 9 686 1 4 1
189 0 1 690 20 170 30
190 1 4 693 1 9 1
191 0 1 697 1 10 1
192 1 3 700 2702 29296 4053
193 1 11 704 26 89 39
194 1 1 708 1 11 1
195 0 20 711 8 24 12
196 1 2 716 1 11 1
197 1 7 720 2 6 3
198 0 2 724 1 12 1
199 1 12 728 3 10 4
200 0 1 732 1 10 1
201 1 2 735 38 335 57
202 0 10 738 1 4 1
203 1 7 742 1142 5372 1713
204 1 4 746 430 4288 645
205 0 2 750 2 17 3
206 0 14 754 1 4 1
207 0 16 758 1 3 1
208 0 2 763 1 11 1
209 0 9 767 155 626 232
210 1 5 771 21 179 31
211 0 5 775 8 64 12
212 0 6 779 772 7912 1158
213 0 3 783 62718 773314 94077
214 1 1 787 1 10 1
215 1 5 790 20 170 30
216 0 1 794 127 1193 190
217 1 1 797 1 9 1
218 0 8 799 1 3 1
219 1 5 803 14808 172472 22212
220 1 4 807 1 14 1
221 0 3 811 3396 37188 5094
222 0 8 815 1 5 1
223 0 3 819 57 513 85
224 0 21 823 1 4 1
225 0 2 828 1 8 1
226 1 1 832 7 56 10
227 1 1 835 861 8869 1291
228 1 3 838 2 17 3
229 1 2 842 7986 90682 11979
230 0 6 846 508 5106 762
231 1 5 850 463 4633 694
232 0 45 854 2 6 3
233 0 2 859 1 9 1
234 0 4 863 3 25 4
235 0 4 867 1 10 1
236 1 2 871 145 1371 217
237 0 2 875 13 107 19
238 1 1 879 1 9 1
239 1 2 882 17 143 25
240 1 10 885 3 9 4
241 1 2 889 17344 203306 26016
242 1 4 893 251 2438 376
243 1 6 897 106 415 159
244 1 1 901 5 40 7
245 1 6 904 1 13 1
246 1 1 908 177 1690 265
247 0 2 911 1 10 1
248 1 6 915 1 8 1
249 0 3 919 1 9 1
250 0 5 923 1 9 1
251 0 3 927 1293 13568 1939
252 1 4 931 1 10 1
253 1 3 935 1 9 1
254 1 6 939 201 1932 301
255 1 2 943 1 9 1
256 1 4 947 5 40 7
257 1 2 951 789 8095 1183
258 1 1 955 2 17 3
259 1 4 958 1 12 1
260 0 7 962 1 3 1
261 1 5 966 380 3767 570
262 0 4 970 27 233 40
263 1 2 974 1011 10491 1516
264 1 1 978 4 33 6
265 1 3 980 6 48 9
266 0 2 984 11 90 16
267 1 2 988 70754 876433 106131
268 1 1 992 2 17 3
269 0 7 995 6 18 9
270 1 7 999 1 4 1
271 1 2 1003 1 9 1
272 0 2 1007 6 48 9
273 0 6 1010 2686 29115 4029
274 0 3 1014 1 10 1
275 1 2 1018 93 860 139
276 1 3 1021 95 879 142
277 1 3 1025 576 5823 864
278 1 4 1029 5 40 7
279 0 3 1033 10 81 15
280 1 6 1037 2 7 3
281 0 4 1041 2 17 3
282 0 3 1045 1 10 1
283 0 1 1049 9114 104060 13671
284 1 3 1052 467 4675 700
285 1 2 1056 405 4027 607
286 1 20 1059 4 12 6
287 1 5 1064 487 4885 730
288 0 2 1068 576 5823 864
289 0 2 1071 100 928 150
290 1 5 1074 36 316 54
291 1 10 1078 1 6 1
292 1 10 1082 1 4 1
293 0 7 1086 12 38 18
294 0 3 1090 4 33 6
295 1 8 1094 37 131 55
296 0 1 1098 208 2002 312
297 1 2 1101 1 9 1
298 0 12 1105 1 4 1
299 0 2 1109 124446 1574758 186669
300 1 3 1113 1 10 1
301 1 2 1117 1 9 1
302 0 1 1120 1 10 1
303 0 1 1123 5 40 7
304 1 7 1125 1 5 1
305 1 1 1129 4 33 6
306 1 1 1131 1 12 1
307 1 2 1134 72 657 108
308 0 3 1137 2676 29002 4014
309 1 4 1141 823 8460 1234
310 1 2 1145 2 17 3
311 0 6 1148 847 8718 1270
312 0 12 1152 64 239 96
313 1 5 1156 1 8 1
314 1 5 1160 1 10 1
315 1 7 1164 1 4 1
316 0 4 1168 5 40 7
317 1 1 1172 6188 69518 9282
318 0 6 1175 93 859 139
319 1 4 1179 102 947 153
320 1 2 1183 11 90 16
321 1 5 1186 786 8062 1179
322 0 3 1190 3 25 4
323 0 1 1194 13 107 19
324 1 3 1197 1 10 1
325 0 4 1201 1 11 1
326 1 1 1205 10 81 15
327 0 2 1207 21 179 31
328 1 12 1210 1 4 1
329 0 1 1214 1 10 1
330 1 5 1217 325 3197 487
331 1 1 1221 2 17 3
332 1 2 1224 1 9 1
333 1 1 1228 64 580 96
334 0 1 1231 10 81 15
335 0 2 1234 11411 131499 17116
336 1 32 1237 1 4 1
337 1 3 1242 5 41 7
338 1 3 1246 107 996 160
339 1 2 1250 4 33 6
340 0 25 1254 1 4 1
341 0 3 1259 1 10 1
342 1 6 1263 1 8 1
343 0 5 1267 1 9 1
344 1 3 1271 2243 24122 3364
345 0 1 1275 188 1801 282
346 0 12 1278 3 10 4
347 0 9 1282 13 41 19
348 1 12 1286 1 5 1
349 0 11 1290 4 12 6
350 0 6 1294 615 6237 922
351 0 2 1298 1 9 1
352 1 2 1302 1 9 1
353 1 1 1306 6701 75534 10051
354 0 7 1309 366 1583 549
355 0 1 1313 1 9 1
356 1 9 1316 1 6 1
357 0 6 1320 976 10111 1464
358 0 3 1324 8 64 12
359 1 2 1328 2 17 3
360 1 2 1332 112 1045 168
361 1 2 1335 2 17 3
362 0 3 1338 419 4173 628
363 0 1 1342 7 56 10
364 0 1 1345 5 40 7
365 0 2 1348 1 10 1
366 1 3 1352 3 25 4
367 0 3 1356 11803 136206 17704
368 1 1 1360 1 10 1
369 0 9 1363 3 9 4
370 1 8 1367 1 3 1
371 1 3 1371 3 25 4
372 1 4 1375 1 10 1
373 0 1 1379 109 1015 163
374 0 1 1382 8 64 12
375 1 5 1385 1 9 1
376 0 3 1389 7 56 10
377 0 2 1393 8 64 12
378 1 2 1397 13 107 19
379 1 28 1401 23 78 34
380 0 5 1406 343 3383 514
381 1 4 1410 16 134 24
382 1 8 1414 14 45 21
383 0 3 1418 1280 13426 1920
384 1 6 1422 1 4 1
385 0 45 1426 2488 12346 3732
386 0 5 1431 2215 23807 3322
387 0 3 1435 2 17 3
388 1 4 1439 1 9 1
389 0 3 1443 10 81 15
390 0 2 1447 1 10 1
391 0 2 1451 1 10 1
392 1 4 1455 55 494 82
393 0 1 1459 20 170 30
394 0 1 1462 1 9 1
395 0 6 1465 1 9 1
396 1 5 1469 49 438 73
397 0 4 1473 66 599 99
398 0 3 1477 7 56 10
399 0 2 1481 770 7891 1155
400 1 1 1484 1 12 1
401 0 1 1487 1314 13798 1971
402 1 3 1490 1 10 1
403 0 1 1494 1 9 1
404 0 12 1497 4 12 6
405 0 2 1501 1 9 1
406 0 4 1504 17 143 25
407 1 4 1508 3101 33824 4651
408 0 2 1512 4 33 6
409 0 1 1516 20 170 30
410 1 4 1519 167 1590 250
411 1 5 1523 3230 35293 4845
412 0 1 1527 3 25 4
413 1 1 1530 315719 4134188 473578
414 0 1 1533 90286 1128788 135429
415 1 4 1536 18 152 27
416 1 7 1540 9 27 13
417 1 2 1544 43 381 64
418 0 3 1547 2 17 3
419 0 2 1551 6 48 9
420 0 10 1554 1 3 1
421 0 3 1558 118 1104 177
422 0 1 1562 2 17 3
423 1 4 1565 11 90 16
424 0 4 1569 25 215 37
425 0 5 1573 4316 47752 6474
426 1 4 1577 7 56 10
427 1 8 1581 35 123 52
428 1 2 1585 1 13 1
429 0 2 1588 507 5095 760
430 0 11 1592 6 18 9
431 0 2 1596 77 705 115
432 1 5 1599 1 8 1
433 0 3 1603 1 9 1
434 1 1 1607 1917 20473 2875
435 1 4 1610 1 12 1
436 0 3 1614 1 8 1
437 1 2 1618 1 9 1
438 0 1 1621 30 261 45
439 0 4 1624 35 307 52
440 0 1 1628 15299 178426 22948
441 0 2 1630 2 17 3
442 0 3 1634 383 3798 574
443 1 3 1638 141 1331 211
444 0 1 1642 1 10 1
445 0 16 1645 1 3 1
446 0 3 1650 47 419 70
447 0 23 1654 57 211 85
448 0 1 1659 4 33 6
449 1 5 1662 1 9 1
450 1 1 1666 1 9 1
451 1 3 1669 1 9 1
452 1 3 1673 420 4183 630
453 0 8 1677 1 4 1
454 1 3 1681 6 48 9
455 1 2 1685 342 3373 513
456 0 8 1688 1 3 1
457 1 3 1692 22 188 33
458 1 12 1696 4 12 6
459 1 4 1700 2531 27364 3796
460 0 7 1704 114 449 171
461 0 1 1708 1 9 1
462 0 6 1711 6 48 9
463 1 2 1715 38 335 57
464 0 3 1719 1 9 1
465 1 11 1723 5 15 7
466 1 3 1727 242 2347 363
467 0 1 1731 7329 82924 10993
468 0 2 1733 296 2899 444
469 0 1 1736 1 12 1
470 0 1 1739 1 9 1
471 1 2 1742 1 9 1
472 1 2 1746 1 9 1
473 1 1 1750 1 9 1
474 1 4 1753 87 801 130
475 0 2 1757 9 73 13
476 1 1 1760 189 1811 283
477 0 3 1763 1 10 1
478 1 14 1767 5 15 7
479 0 2 1771 1 9 1
480 0 4 1775 1 10 1
481 1 4 1779 20 170 30
482 1 1 1783 2 17 3
483 1 2 1786 1 9 1
484 0 5 1789 27304 325918 40956
485 1 7 1793 1641409 11673675 2462113
486 0 1 1797 24 206 36
487 1 1 1800 10 81 15
488 1 1 1803 5 40 7
489 1 1 1806 61 551 91
490 0 3 1809 1 9 1
491 1 1 1813 57 513 85
492 1 4 1816 2176 23370 3264
493 1 2 1820 99 918 148
494 1 5 1824 1 10 1
495 1 4 1828 403 4006 604
496 0 3 1832 58 523 87
497 0 12 1836 1 3 1
498 1 3 1840 2 17 3
499 1 1 1844 10 81 15
500 0 5 1847 288 2817 432
501 0 1 1851 1 11 1
502 0 2 1854 8 64 12
503 0 2 1858 32 279 48
504 0 3 1861 1 9 1
505 0 2 1865 26 224 39
506 0 2 1869 10 81 15
507 0 3 1873 157 1490 235
508 0 2 1877 3 25 4
509 1 1 1881 133 1252 199
510 1 31 1884 1 4 1
511 0 1 1889 608 6163 912
512 0 21 1892 79 301 118
513 1 3 1897 1 9 1
514 1 5 1901 1 9 1
515 0 1 1905 4519 50096 6778
516 1 17 1908 1 5 1
517 1 2 1913 41 363 61
518 0 2 1917 3 25 4
519 0 1 1921 2 17 3
520 0 1 1924 174 1660 261
521 1 12 1927 304 1296 456
522 0 3 1931 1 9 1
523 0 1 1935 2 17 3
524 0 6 1937 19 161 28
525 0 12 1941 1135 5337 1702
526 1 13 1945 58 215 87
527 1 1 1949 249 2418 373
528 1 3 1952 71 647 106
529 1 3 1956 1 10 1
530 1 3 1960 9 73 13
531 0 1 1964 1456 15360 2184
532 1 4 1967 2 17 3
533 1 7 1971 16 52 24
534 1 1 1975 1 10 1
535 0 11 1978 643 2902 964
536 1 3 1982 20 170 30
537 1 3 1986 20 170 30
538 0 9 1990 1 4 1
539 0 8 1994 1 3 1
540 0 4 1998 1 10 1
541 1 7 2002 13 41 19
542 1 1 2006 1 10 1
543 0 1 2009 282 2756 423
544 1 2 2012 2 17 3
545 0 3 2015 2785 30236 4177
546 0 1 2019 3 25 4
547 1 2 2022 817 8395 1225
548 0 9 2025 206 852 309
549 0 10 2029 4 12 6
550 1 5 2033 27 233 40
551 0 4 2037 1 11 1
552 0 2 2041 6 48 9
553 1 1 2045 1 8 1
554 1 1 2048 1 8 1
555 0 1 2051 19 161 28
556 0 3 2054 1 9 1
557 0 10 2058 14 45 21
558 1 6 2062 4 12 6
559 1 5 2066 1 10 1
560 0 2 2070 50937 623041 76405
561 0 5 2073 22 188 33
562 0 1 2077 2 17 3
563 0 12 2080 132 526 198
564 1 3 2084 1 11 1
565 1 1 2088 18318 215197 27477
566 1 10 2091 126 500 189
567 0 2 2095 1 9 1
568 0 3 2098 44 391 66
569 0 1 2102 1 10 1
570 1 2 2105 5505 61541 8257
571 0 6 2108 1585 16785 2377
572 0 3 2112 1 9 1
573 0 1 2116 4 33 6
574 0 13 2119 1 3 1
575 1 3 2123 259 2520 388
576 1 2 2127 190 1821 285
577 1 2 2131 20 170 30
578 1 3 2135 184 1760 276
579 0 3 2139 1 9 1
580 0 7 2143 882 4073 1323
581 0 5 2147 2992 32585 4488
582 0 7 2151 1 4 1
583 0 5 2155 273 2663 409
584 0 2 2159 244 2367 366
585 1 27 2162 7 21 10
586 0 1 2167 65 589 97
587 0 2 2170 4 33 6
588 0 2 2174 3 25 4
589 1 5 2178 123 1153 184
590 0 3 2182 24 206 36
591 1 14 2186 1 5 1
592 1 7 2190 2809 14052 4213
593 0 2 2194 1 10 1
594 1 4 2198 1 11 1
595 0 8 2202 1 3 1
596 0 8 2206 25 85 37
597 0 8 2210 3 9 4
598 1 3 2214 69 628 103
599 0 3 2218 1 10 1
600 0 1 2222 36326 438516 54489
601 0 2 2225 9 73 13
602 1 5 2229 1 10 1
603 0 1 2233 6 48 9
604 1 3 2236 1 9 1
605 0 1 2240 1 9 1
606 1 7 2243 5 15 7
607 0 2 2247 1 9 1
608 0 2 2250 5902 66173 8853
609 1 2 2253 1 9 1
610 1 5 2257 222 2144 333
611 1 2 2261 1 10 1
612 1 1 2265 5 41 7
613 1 6 2268 1 11 1
614 1 14 2272 156 630 234
615 1 17 2276 749 3419 1123
616 0 1 2281 115 1075 172
617 1 14 2284 1 4 1
618 0 18 2288 218 905 327
619 1 2 2293 1 10 1
620 1 2 2297 1 10 1
621 0 4 2301 180 1720 270
622 0 3 2305 3 25 4
623 0 1 2309 1 10 1
624 0 8 2311 15 49 22
625 1 2 2315 19 161 28
626 0 3 2319 6 48 9
627 0 1 2323 1 9 1
628 0 4 2326 40 353 60
629 1 1 2330 1 9 1
630 0 5 2333 5510750 79614649 8266125
631 0 2 2337 8 64 12
632 0 2 2340 1 10 1
633 1 7 2343 1 3 1
634 1 4 2347 12343922 183043354 18515883
635 0 2 2351 11 90 16
636 0 5 2354 1 9 1
637 1 2 2358 1 11 1
638 0 6 2362 512 5148 768
639 1 9 2366 2 7 3
640 1 2 2370 1468 15492 2202
641 0 1 2373 738 7548 1107
642 0 8 2376 1 3 1
643 0 5 2380 1 9 1
644 0 2 2384 3 25 4
645 1 1 2388 176 1680 264
646 1 2 2391 440 4392 660
647 0 1 2394 4504 49923 6756
648 0 2 2397 2 17 3
649 0 6 2401 1 3 1
650 0 1 2405 1256944 17280502 1885416
651 0 5 2407 1 9 1
652 1 3 2411 6871 77532 10306
653 1 1 2415 471 4717 706
654 1 6 2418 486 4874 729
655 1 16 2422 172 701 258
656 0 11 2427 1 5 1
657 0 2 2431 1 11 1
658 1 5 2434 10 81 15
659 0 2 2438 2 17 3
660 0 1 2441 14 116 21
661 0 1 2444 2 17 3
662 1 6 2447 41 363 61
663 1 4 2451 1 9 1
664 1 2 2455 15 125 22
665 1 1 2458 3 25 4
666 1 6 2460 1 10 1
667 1 3 2464 104 967 156
668 1 5 2468 1 11 1
669 0 2 2472 86 792 129
670 1 7 2476 1 3 1
671 0 1 2480 14 116 21
672 0 3 2483 5 41 7
673 0 1 2487 208 2002 312
674 0 3 2490 15626 182396 23439
675 0 1 2494 7682 87089 11523
676 1 1 2497 3 25 4
677 0 3 2500 4544 50385 6816
678 1 2 2504 1 10 1
679 0 5 2508 1 13 1
680 0 3 2512 8560 97480 12840
681 0 18 2516 1 4 1
682 0 11 2521 6 18 9
683 1 2 2525 1 9 1
684 0 10 2528 1 3 1
685 0 2 2532 2 17 3
686 0 3 2536 119 1114 178
687 0 6 2540 414 1808 621
688 0 2 2544 10 81 15
689 0 3 2548 94 869 141
690 1 8 2552 2 6 3
691 1 19 2556 3 9 4
692 0 4 2561 68 618 102
693 1 1 2565 3 25 4
694 0 3 2568 2 17 3
695 0 2 2572 43 381 64
696 0 1 2576 5 40 7
697 1 5 2579 19351 227834 29026
698 0 2 2583 1 9 1
699 1 6 2587 1 9 1
700 0 2 2591 312 3064 468
701 0 2 2595 670 6822 1005
702 1 12 2599 1 3 1
703 0 4 2603 1 11 1
704 1 5 2607 877 9041 1315
705 1 1 2611 122 1143 183
706 1 1 2614 2243 24122 3364
707 0 1 2617 314 3084 471
708 0 1 2620 1 9 1
709 1 2 2623 1 9 1
710 1 2 2627 7 56 10
711 0 6 2630 12 99 18
712 0 5 2634 2 17 3
713 1 22 2638 94 364 141
714 0 2 2643 1 8 1
715 1 2 2647 1 9 1
716 0 5 2651 814 8363 1221
717 1 2 2655 1 9 1
718 1 1 2658 13 107 19
719 1 3 2661 6 48 9
720 1 1 2665 34 298 51
721 0 4 2668 706 7206 1059
722 1 4 2672 2 17 3
723 1 1 2676 1 12 1
724 0 35 2679 1 4 1
725 0 4 2684 17 143 25
726 1 3 2688 158 1500 237
727 1 5 2692 5 40 7
728 1 2 2696 1 9 1
729 1 4 2700 3 25 4
730 1 5 2704 8 64 12
731 1 3 2708 1 10 1
732 1 1 2712 1038 10784 1557
733 0 1 2715 1 9 1
734 0 1 2717 21 179 31
735 1 6 2720 1055 10969 1582
736 1 2 2724 3 25 4
737 1 7 2728 1 5 1
738 0 1 2732 2 17 3
739 0 6 2734 24 206 36
740 0 2 2738 6676 75240 10014
741 0 3 2742 168 1600 252
742 1 8 2746 4 12 6
743 0 3 2750 44008 535244 66012
744 0 5 2754 216 2083 324
745 1 6 2758 1905 20339 2857
746 1 1 2762 1 10 1
747 1 13 2765 1 4 1
748 1 3 2769 45 400 67
749 1 10 2773 67 252 100
750 0 2 2777 1 11 1
751 0 3 2780 83 763 124
752 0 1 2784 3 25 4
753 0 8 2787 36 127 54
754 1 2 2791 1 12 1
755 1 5 2795 27045 322704 40567
756 1 3 2799 30 260 45
757 0 5 2803 9 73 13
758 0 1 2807 1 11 1
759 0 1 2810 29 252 43
760 0 2 2813 15 125 22
761 0 1 2817 1 9 1
762 0 2 2820 5 40 7
763 0 6 2823 1 9 1
764 0 2 2827 325 3197 487
765 0 5 2831 798 8191 1197
766 0 5 2835 1 8 1
767 0 2 2839 11457 132051 17185
768 0 3 2843 1 9 1
769 1 8 2847 6 18 9
770 0 1 2851 1 8 1
771 0 1 2854 3 25 4
772 0 3 2857 21 179 31
773 0 18 2861 2 7 3
774 0 1 2866 6 48 9
775 0 1 2868 5 40 7
776 0 2 2871 2562 27713 3843
777 1 8 2874 335 1439 502
778 1 3 2878 112 1045 168
779 0 3 2882 1 9 1
780 1 6 2886 3 25 4
781 0 4 2890 153 1451 229
782 1 3 2894 4 33 6
783 0 3 2898 1 9 1
784 0 4 2902 2 17 3
785 0 4 2906 528 5316 792
786 1 1 2910 7 56 10
787 1 4 2913 13 107 19
788 1 2 2917 35 307 52
789 1 2 2921 138 1301 207
790 0 6 2925 3 25 4
791 1 6 2929 2 17 3
792 0 4 2933 2 17 3
793 1 1 2937 163 1550 244
794 0 2 2940 7 56 10
795 1 2 2944 1 9 1
796 0 5 2948 5 40 7
797 1 8 2952 1 3 1
798 1 2 2956 80 734 120
799 1 3 2960 1 8 1
800 1 1 2964 181 1730 271
801 1 9 2967 96 372 144
802 1 2 2971 64 580 96
803 1 2 2975 112 1045 168
804 1 1 2979 670 6822 1005
805 0 2 2982 28 242 42
806 1 3 2985 517 5200 775
807 0 3 2989 1 12 1
808 0 2 2993 4 33 6
809 1 19 2997 1 5 1
810 1 2 3002 35 307 52
811 1 14 3006 771 3526 1156
812 0 2 3010 1 9 1
813 0 1 3013 730 7462 1095
814 0 2 3015 1 9 1
815 1 8 3019 1 4 1
816 1 1 3023 6 48 9
817 0 10 3026 1 4 1
818 1 1 3030 42 372 63
819 1 1 3033 26 224 39
820 0 6 3036 40 353 60
821 1 2 3040 16 134 24
822 0 5 3044 1 11 1
823 1 2 3048 1 9 1
824 1 14 3052 10 31 15
825 0 2 3056 1824 19437 2736
826 1 3 3060 1 10 1
827 0 1 3064 64 580 96
828 1 2 3067 164 1560 246
829 0 2 3071 7 56 10
830 0 3 3075 1 9 1
831 0 1 3079 1 9 1
832 0 11 3082 255 1073 382
833 1 1 3086 115 1074 172
834 1 3 3089 211 2032 316
835 0 3 3093 529 5327 793
836 1 2 3097 19 161 28
837 0 3 3101 2 17 3
838 1 3 3105 788 8084 1182
839 1 10 3109 126 500 189
840 0 8 3113 1 4 1
841 1 6 3117 1 10 1
842 0 1 3121 2 17 3
843 0 4 3123 43 381 64
844 1 9 3127 1 6 1
845 0 8 3131 1 3 1
846 0 2 3135 2833 30780 4249
847 1 1 3138 49 437 73
848 0 2 3141 2 17 3
849 0 1 3145 1 10 1
850 0 11 3148 1 5 1
851 1 5 3152 76 695 114
852 0 1 3156 2 17 3
853 1 5 3159 1 9 1
854 0 6 3163 2 6 3
855 1 1 3167 25 215 37
856 1 3 3170 2 17 3
857 1 2 3174 22 188 33
858 1 5 3177 21 179 31
859 0 6 3181 4271 47233 6406
860 0 2 3185 6 48 9
861 1 2 3188 2960 32221 4440
862 1 3 3191 50 447 75
863 0 4 3195 17 143 25
864 0 1 3199 28 242 42
865 0 2 3202 909 9387 1363
866 0 18 3206 2 6 3
867 0 14 3211 12 38 18
868 1 2 3215 4 33 6
869 0 2 3218 4601 51044 6901
870 0 5 3222 1 10 1
871 1 5 3226 272320 3546851 408480
872 0 1 3230 1478 15603 2217
873 0 1 3233 15 125 22
874 1 3 3236 1 9 1
875 1 1 3240 86 791 129
876 1 5 3242 1120 11676 1680
877 0 1 3246 3 25 4
878 0 6 3249 482 4832 723
879 1 7 3253 59 219 88
880 1 2 3257 2258 24290 3387
881 0 4 3260 1 10 1
882 1 1 3264 1 11 1
883 1 4 3267 10 81 15
884 0 2 3271 5 40 7
885 1 1 3275 28 242 42
886 1 3 3278 1 9 1
887 1 4 3282 1 9 1
888 1 10 3286 320 1370 480
889 0 2 3290 2 17 3
890 0 1 3294 416 4141 624
891 0 3 3297 26 224 39
892 1 8 3301 1 5 1
893 1 4 3305 142 1341 213
894 0 2 3309 27 233 40
895 1 37 3313 1 5 1
896 1 3 3318 1 9 1
897 0 7 3322 1601 7711 2401
898 0 1 3326 55 494 82
899 1 4 3329 19 160 28
900 1 2 3333 1 9 1
901 1 1 3337 1 9 1
902 0 3 3340 1 11 1
903 1 6 3344 141 1331 211
904 0 9 3348 12 38 18
905 0 2 3352 1 12 1
906 0 1 3355 6 48 9
907 1 1 3358 2 17 3
908 0 2 3361 1 9 1
909 1 2 3364 5 40 7
910 1 2 3368 1 9 1
911 0 57 3371 5 15 7
912 0 3 3376 1 11 1
913 0 2 3380 1 8 1
914 0 2 3384 149 1410 223
915 0 2 3388 1 9 1
916 0 5 3391 7871 89322 11806
917 1 5 3395 17 143 25
918 0 1 3399 1 9 1
919 1 1 3402 1 11 1
920 0 5 3405 1 9 1
921 0 2 3409 1 9 1
922 1 5 3413 1 9 1
923 0 1 3417 1 9 1
924 0 3 3420 219 2113 328
925 1 3 3424 3 25 4
926 1 1 3428 1 8 1
927 1 2 3431 32 279 48
928 1 5 3435 3 25 4
929 0 3 3439 4 33 6
930 0 2 3443 2 17 3
931 1 11 3447 1 4 1
932 1 3 3451 201 1931 301
933 1 13 3455 1 4 1
934 1 1 3459 5 41 7
935 0 1 3462 12 99 18
936 1 2 3465 11 90 16
937 1 2 3469 1 12 1
938 1 1 3472 1 9 1
939 0 5 3475 1 9 1
940 1 16 3479 2 7 3
941 0 2 3484 30 260 45
942 1 1 3487 39 344 58
943 1 1 3489 1 11 1
944 1 3 3492 1 9 1
945 1 2 3496 4 33 6
946 1 12 3499 1007 4695 1510
947 0 3 3503 14 116 21
948 0 11 3507 1 3 1
949 0 5 3511 125 1173 187
950 1 2 3515 110939 1397809 166408
951 1 38 3519 4 12 6
952 1 1 3524 25119 298845 37678
953 0 16 3527 1 4 1
954 0 2 3532 1188 12419 1782
955 0 10 3535 1 5 1
956 0 6 3539 1 4 1
957 0 10 3543 204 843 306
958 1 2 3547 192 1841 288
959 1 2 3550 10 81 15
960 0 1 3554 6 48 9
961 0 6 3557 173 1650 259
962 0 13 3561 4808 24908 7212
963 0 73 3565 52346 312566 78519
964 1 4 3570 1 9 1
965 0 1 3574 2 17 3
966 1 3 3577 174 1660 261
967 0 11 3581 1880 9154 2820
968 0 4 3585 4 33 6
969 1 1 3589 1 9 1
970 0 10 3592 1 4 1
971 1 1 3596 5 40 7
972 1 8 3599 32 112 48
973 0 1 3603 1 9 1
974 1 3 3606 10 81 15
