0 1 1 5 45 400 67
1 1 4 13 4 12 6
2 0 2 29 193 1851 289
3 1 5 42 1 4 1
4 1 5 59 1 4 1
5 0 4 76 1 4 1
6 0 2 92 2 17 3
7 1 22 105 3 10 4
8 0 9 127 2 6 3
9 0 6 146 1 4 1
10 0 4 163 1 5 1
11 1 10 179 1 4 1
12 1 10 198 69 260 103
13 0 1 217 1 10 1
14 0 4 225 2 6 3
15 0 3 241 2 7 3
16 0 2 256 1 10 1
17 0 6 269 125 496 187
18 0 7 287 16 52 24
19 0 8 305 37 131 55
20 0 6 323 586 2627 879
21 1 2 340 1 9 1
22 0 2 353 1 9 1
23 0 1 365 1 9 1
24 0 2 369 6 48 9
25 1 1 381 1 10 1
26 1 1 390 1 9 1
27 1 4 401 4 12 6
28 0 7 417 1 3 1
29 1 6 435 1 3 1
30 0 3 452 24 82 36
31 1 7 467 279 1182 418
32 1 11 485 758 3463 1137
33 1 4 505 1 4 1
34 0 6 520 2 6 3
35 0 7 537 190 780 285
36 0 2 555 6 48 9
37 1 1 568 2612 28278 3918
38 0 1 578 788 8084 1182
39 1 11 588 1 4 1
40 0 13 607 452 1987 678
41 0 7 627 1 4 1
42 1 2 645 11 90 16
43 0 4 657 1 3 1
44 1 1 673 1 11 1
45 0 1 680 2 17 3
46 1 4 688 1 3 1
47 1 1 704 73 666 109
48 1 2 714 8 64 12
49 0 18 726 1 5 1
50 1 3 747 4 13 6
51 1 1 762 1 9 1
52 1 21 773 348 1500 522
53 1 2 794 6 48 9
54 0 2 806 194 1861 291
55 0 4 818 2 7 3
56 0 2 834 142 1341 213
57 1 5 846 1 4 1
58 0 2 863 1 10 1
59 0 15 877 53816 321837 80724
60 0 1 897 236 2286 354
61 0 1 906 2 17 3
62 0 4 914 1 5 1
63 0 3 930 3 10 4
64 0 23 945 444 1949 666
65 0 2 967 1 8 1
66 0 6 980 20 67 30
67 1 1 997 1 11 1
68 0 3 1008 916 9462 1374
69 0 5 1022 1 4 1
70 0 4 1039 3 9 4
71 1 11 1054 1 4 1
72 1 1 1074 393 3902 589
73 0 3 1083 1 3 1
74 1 1 1098 1 10 1
75 0 4 1108 17 56 25
76 1 21 1124 1 3 1
77 1 2 1145 1162 12134 1743
78 0 1 1157 1293 13568 1939
79 1 8 1163 702 3189 1053
80 0 2 1181 1 9 1
81 1 5 1194 34 120 51
82 0 3 1211 3 10 4
83 1 2 1226 32 279 48
84 1 1 1239 1 9 1
85 0 4 1249 1267 6004 1900
86 0 5 1265 22 74 33
87 1 3 1282 1 3 1
88 1 1 1297 30 261 45
89 1 4 1308 2 6 3
90 1 1 1324 333 3280 499
91 0 1 1330 284 2776 426
92 0 3 1340 82 753 123
93 0 6 1354 154 622 231
94 1 2 1371 1599 16940 2398
95 1 4 1383 20 67 30
96 1 3 1399 93 360 139
97 0 8 1414 1 3 1
98 0 1 1432 1 9 1
99 0 5 1443 1 4 1
100 0 9 1459 1 4 1
101 1 2 1478 1 9 1
102 1 4 1492 1 6 1
103 1 2 1508 133 1252 199
104 0 2 1520 3842 42296 5763
105 0 2 1532 6 48 9
106 1 13 1545 79 301 118
107 1 8 1565 260 1095 390
108 1 8 1583 1 3 1
109 1 2 1602 7 56 10
110 0 28 1614 310 1324 465
111 0 1 1636 104 967 156
112 1 6 1646 1 4 1
113 0 1 1663 34401 414392 51601
114 0 5 1673 1275 6044 1912
115 0 1 1689 6 48 9
116 1 4 1694 1 5 1
117 1 2 1710 1 11 1
118 0 8 1722 1 3 1
119 1 1 1741 2 17 3
120 1 2 1750 2184 23459 3276
121 1 10 1762 7469 39783 11203
122 1 45 1781 633 2854 949
123 0 2 1804 66 599 99
124 0 1 1816 1 10 1
125 0 7 1826 1 4 1
126 0 2 1844 9093 103810 13639
127 0 2 1856 4 33 6
128 0 1 1868 2995 32619 4492
129 0 1 1877 26 224 39
130 1 2 1885 12 98 18
131 0 1 1897 3237 35373 4855
132 0 1 1908 1 9 1
133 1 2 1919 1 9 1
134 1 1 1933 133 1252 199
135 0 6 1944 1 4 1
136 1 5 1961 10 31 15
137 0 6 1978 1 6 1
138 0 6 1995 18 59 27
139 0 5 2012 3787 19319 5680
140 0 3 2029 2 6 3
141 1 3 2044 47 419 70
142 0 2 2058 1 10 1
143 0 1 2071 1 10 1
144 1 1 2077 5 40 7
145 0 6 2084 3 9 4
146 0 10 2102 1 3 1
147 0 1 2121 1 9 1
148 1 1 2131 1 9 1
149 1 3 2142 3263 16485 4894
150 0 2 2157 1 9 1
151 1 1 2169 2 17 3
152 0 15 2180 1 5 1
153 0 3 2200 2 17 3
154 1 1 2214 11 90 16
155 1 2 2225 1 9 1
156 1 3 2237 359 1551 538
157 0 2 2252 206 1982 309
158 0 1 2265 12 99 18
159 0 1 2273 1 9 1
160 1 1 2282 273 2663 409
161 0 3 2292 1 4 1
162 0 4 2307 17 56 25
163 1 3 2322 1 3 1
164 0 9 2337 2 7 3
165 1 5 2356 1 4 1
166 1 2 2373 717 7323 1075
167 1 2 2386 20 170 30
168 1 1 2399 520 5232 780
169 1 2 2410 1 9 1
170 0 4 2423 24 82 36
171 0 4 2439 1 6 1
172 0 1 2455 25 215 37
173 0 5 2463 44 159 66
174 0 19 2480 1 4 1
175 0 2 2501 1 9 1
176 1 1 2513 14 116 21
177 0 1 2521 8 64 12
178 0 2 2531 13 107 19
179 1 3 2543 29 101 43
180 1 1 2558 131 1232 196
181 0 2 2569 1131 11796 1696
182 1 1 2583 2 17 3
183 0 1 2594 740 7569 1110
184 1 3 2603 4 33 6
185 1 1 2617 1099 11448 1648
186 0 6 2628 1 3 1
187 1 5 2646 52193 311602 78289
188 1 2 2663 7 56 10
189 1 6 2675 1 6 1
190 0 3 2692 6 48 9
191 0 4 2706 1 6 1
192 0 3 2722 1 10 1
193 0 1 2736 1 11 1
194 0 1 2747 1 9 1
195 1 67 2758 588 2637 882
196 1 5 2782 1 5 1
197 1 1 2799 1 9 1
198 0 5 2809 1 5 1
199 0 4 2825 4847 25123 7270
200 0 4 2841 34 120 51
201 0 18 2857 1 6 1
202 1 4 2878 500 2215 750
203 0 7 2894 1 3 1
204 0 1 2912 1059 11012 1588
205 1 1 2922 3 25 4
206 1 4 2930 1 4 1
207 1 2 2946 637 6471 955
208 1 9 2958 1 4 1
209 0 4 2977 2 7 3
210 1 6 2993 5 15 7
211 0 3 3010 78 297 117
212 0 2 3025 21 179 31
213 0 16 3038 1 4 1
214 0 2 3059 1 9 1
215 0 2 3071 4837 53777 7255
216 0 4 3083 1 4 1
217 0 1 3098 1 10 1
218 1 2 3103 748 7655 1122
219 0 12 3117 1 5 1
220 0 2 3137 287 2807 430
221 0 5 3149 306 1306 459
222 1 15 3166 16 52 24
223 0 14 3186 2 7 3
224 0 2 3206 1667 17693 2500
225 1 12 3218 23 78 34
226 1 1 3238 1 10 1
227 0 2 3241 1 9 1
228 0 2 3254 5 40 7
229 1 24 3266 1 3 1
230 1 4 3288 1 4 1
231 1 8 3304 1 3 1
232 0 1 3322 1 9 1
233 1 2 3332 171 1630 256
234 1 1 3346 148 1401 222
235 0 4 3357 2 7 3
236 0 3 3373 1 9 1
237 1 3 3387 2281 11253 3421
238 1 12 3402 1 3 1
239 0 11 3422 1 5 1
240 1 1 3441 83 763 124
241 1 1 3453 18 152 27
242 0 6 3463 14 45 21
243 0 5 3480 1 3 1
244 0 1 3497 3 25 4
245 1 2 3502 5 41 7
246 1 2 3516 136 1282 204
247 1 1 3528 9 72 13
248 1 2 3536 2 17 3
249 1 2 3549 1 10 1
250 0 1 3561 1 10 1
251 1 1 3567 8 64 12
252 1 1 3578 56 504 84
253 1 5 3583 110 432 165
254 1 3 3600 21109 119697 31663
255 0 1 3615 13 107 19
