0 0 5 5 1 4 1
1 0 5 9 1 4 1
2 0 2 13 1 9 1
3 1 1 16 69 628 103
4 1 7 18 1 3 1
5 0 1 22 1 11 1
6 1 4 25 38 135 57
7 0 5 29 1 3 1
8 0 1 33 1 10 1
9 1 12 36 4 12 6
10 1 1 40 25 215 37
11 0 7 43 1 3 1
12 0 2 47 1 9 1
13 1 8 50 1 4 1
14 0 7 54 1 4 1
15 1 3 58 17 56 25
16 1 2 62 438 4371 657
17 1 9 65 1 4 1
18 0 4 69 24 82 36
19 1 7 73 140 561 210
20 1 11 77 1 4 1
21 0 2 81 1149 11993 1723
22 0 2 85 27 233 40
23 1 5 89 639 2883 958
24 1 1 93 1 10 1
25 0 1 96 82 753 123
26 0 34 99 4 12 6
27 1 4 104 1 4 1
28 0 6 108 428338 2855802 642507
29 0 12 112 2 7 3
30 0 10 116 9 27 13
31 0 1 120 1 9 1
32 1 2 123 157 1490 235
33 0 1 127 79 724 118
34 0 4 130 208 861 312
35 0 2 134 95 879 142
36 0 2 137 180 1720 270
37 0 1 141 1 11 1
38 0 6 144 1 3 1
39 0 2 148 1 9 1
40 0 3 152 1 4 1
41 0 10 156 415 1813 622
42 1 2 160 296 2899 444
43 1 3 164 4 12 6
44 1 3 168 4 33 6
45 0 10 172 93 360 139
46 0 1 176 29 251 43
47 0 2 179 15 125 22
48 1 1 182 3 25 4
49 1 2 185 331 3260 496
50 1 5 188 48 175 72
51 0 15 192 4 12 6
52 0 2 196 928 9592 1392
53 1 5 200 5 15 7
54 0 26 204 1 5 1
55 0 192 209 7809 41709 11713
56 0 6 214 26 89 39
57 0 7 218 5 15 7
58 0 5 222 1 3 1
59 0 2 226 1 10 1
60 0 28 229 6 18 9
61 1 1 234 1 8 1
62 1 1 237 272404 3547984 408606
63 1 3 240 67 252 100
64 1 4 244 281 1191 421
65 1 1 248 51 457 76
66 1 1 251 1 10 1
67 0 2 254 1 10 1
68 0 3 257 8 24 12
69 0 1 261 84 772 126
70 1 1 264 81 743 121
71 1 4 267 39 139 58
72 1 1 271 278689 3632852 418033
73 0 3 274 32 112 48
74 1 3 278 51105 304750 76657
75 1 2 282 37757 456481 56635
76 0 1 286 305 2992 457
77 1 4 289 20632 116836 30948
78 1 4 293 139 556 208
79 0 7 297 1 3 1
80 0 1 301 15085 175830 22627
81 0 2 304 1 9 1
82 0 1 307 18 152 27
83 0 8 309 197 811 295
84 1 3 313 28 97 42
85 1 20 317 5 15 7
86 0 2 322 2 17 3
87 1 3 326 1 9 1
88 1 1 330 5 40 7
89 1 2 333 3 25 4
90 0 1 337 4 33 6
91 1 1 340 134 1262 201
92 1 4 343 45 163 67
93 1 4 347 15 49 22
94 1 2 351 1 11 1
95 1 1 354 13313 154389 19969
96 1 3 357 13 107 19
97 0 1 361 53 476 79
98 1 1 364 1 10 1
99 1 2 366 4 33 6
100 0 1 370 41 363 61
101 0 2 373 1 9 1
102 0 2 376 1 10 1
103 1 3 380 59 532 88
104 1 3 384 15 125 22
105 0 3 388 1 9 1
106 0 19 392 2 6 3
107 0 7 397 1 4 1
108 0 1 401 45 400 67
109 1 1 404 195131 2510733 292696
110 0 2 407 1 9 1
111 1 2 411 34 297 51
112 0 1 415 28 242 42
113 0 5 418 19 63 28
114 0 2 422 1 10 1
115 1 3 425 1598 7695 2397
116 0 2 429 190 1821 285
117 1 1 433 3 25 4
118 1 1 436 1 8 1
119 0 4 439 1 4 1
120 0 5 443 1 3 1
121 0 9 447 52 191 78
122 1 4 451 14 45 21
123 0 16 455 187 767 280
124 1 4 460 4 12 6
125 0 1 464 584 5908 876
126 0 1 467 394 3912 591
127 0 2 470 1 12 1
128 0 1 474 4 33 6
129 0 6 477 7 21 10
130 1 3 481 23 78 34
131 1 2 485 69 628 103
132 1 1 489 59 532 88
133 0 1 492 12 98 18
134 1 2 495 1 10 1
135 1 1 499 1 9 1
136 0 8 502 2 6 3
137 0 3 506 1 3 1
138 1 2 510 1 10 1
139 0 8 514 1 4 1
140 1 6 518 1 3 1
141 0 2 522 327643 4296072 491464
142 0 2 526 467 4675 700
143 0 12 530 51 187 76
144 1 15 534 287 1218 430
145 1 7 538 1 4 1
146 0 4 542 13 41 19
147 0 8 546 1 4 1
148 0 14 550 1 4 1
149 1 59 554 6 18 9
150 1 11 559 11 34 16
151 0 11 563 23 78 34
152 1 12 567 172 701 258
153 1 1 571 1162 12134 1743
154 0 3 574 2652 28730 3978
155 0 2 578 1 11 1
156 0 8 582 30611 177345 45916
157 1 2 586 23 197 34
158 0 1 590 1 10 1
159 1 1 593 485 4864 727
160 1 4 596 1469 7033 2203
161 0 2 600 1 13 1
162 1 1 603 1 10 1
163 0 4 606 4 12 6
164 1 4 610 2 7 3
165 0 7 614 157052 994917 235578
166 0 7 618 83 318 124
167 0 1 622 5 41 7
168 0 2 625 73 666 109
169 0 1 629 788 8084 1182
170 0 1 632 3059 33346 4588
171 0 1 635 5 41 7
172 1 3 638 3 10 4
173 1 1 642 1 11 1
174 1 12 645 1 4 1
175 1 1 649 13 108 19
176 1 8 652 1 4 1
177 0 1 656 2 17 3
178 1 1 659 17 143 25
179 1 1 661 1 10 1
180 1 2 664 3 25 4
181 1 4 668 1 4 1
182 1 49 672 41 147 61
183 0 3 677 2 17 3
184 0 2 681 1 9 1
185 1 1 684 52 466 78
186 0 1 687 1 10 1
187 0 2 690 5 40 7
188 1 5 694 2 7 3
189 0 4 698 529 2353 793
190 1 5 702 1 5 1
191 1 9 706 1 4 1
192 1 4 710 18 59 27
193 1 4 714 271 1145 406
194 1 3 718 39 139 58
195 0 2 722 1 10 1
196 1 1 726 1 9 1
197 1 2 729 4 33 6
198 1 8 733 1 3 1
199 1 10 737 1 4 1
200 1 2 741 2288 24627 3432
201 0 5 745 61 227 91
202 1 3 749 1 9 1
203 1 6 753 141 565 211
204 1 8 757 1 3 1
205 0 3 761 1 4 1
206 1 2 765 27 233 40
207 1 1 769 29 252 43
208 1 43 772 69 260 103
209 1 1 777 100 927 150
210 1 2 780 1 10 1
211 1 2 784 1 9 1
212 0 2 787 99 918 148
213 1 4 791 1 4 1
214 0 2 795 1 10 1
215 0 16 798 682 3092 1023
216 1 2 802 201 1931 301
217 1 3 806 24 206 36
218 1 5 810 2 6 3
219 1 2 814 1 12 1
220 1 3 817 1 11 1
221 0 3 821 12 38 18
222 1 9 825 1 3 1
223 0 3 829 831 3821 1246
224 1 50 833 1 4 1
225 0 4 838 1 3 1
226 0 3 842 1 4 1
227 1 2 846 46290 564106 69435
228 1 1 850 8 64 12
229 1 3 853 2 7 3
230 0 1 857 1 11 1
231 0 1 860 7 56 10
232 1 2 863 2343 25245 3514
233 0 1 867 28 242 42
234 1 1 870 10 81 15
235 0 3 873 1 4 1
236 1 3 877 7 21 10
237 1 6 881 252 1059 378
238 0 7 885 111 436 166
239 1 3 889 4 33 6
240 0 9 893 44 159 66
241 1 4 897 1 3 1
242 0 7 901 1 6 1
243 0 1 905 24662 293194 36993
244 0 2 908 5 41 7
245 1 8 912 1459 6982 2188
246 0 3 916 130 517 195
247 0 10 920 2 7 3
248 0 1 924 5 40 7
249 0 7 927 1 3 1
250 1 7 931 1409 6726 2113
251 1 1 935 1 10 1
252 1 6 938 1 4 1
253 0 3 942 2 7 3
254 1 4 946 1 4 1
255 0 1 950 85 782 127
256 1 5 953 1 5 1
257 1 3 957 12 38 18
258 0 2 961 1 9 1
259 0 1 965 91 840 136
260 0 2 968 376 3725 564
261 0 7 972 1 4 1
262 1 14 976 1 4 1
263 1 4 980 6 18 9
264 1 4 984 2 6 3
265 0 5 988 1 4 1
266 1 1 992 1 10 1
267 1 2 995 1 11 1
268 1 6 999 1 3 1
269 0 1 1003 1 8 1
270 1 5 1006 2 6 3
271 1 7 1010 8 24 12
272 0 1 1014 23 197 34
273 0 1 1017 141 1331 211
274 0 1 1020 2948 32085 4422
275 1 1 1023 1 9 1
276 1 5 1026 185 758 277
277 1 5 1030 2 7 3
278 0 2 1034 267719 3484767 401578
279 0 6 1037 2 6 3
280 0 20 1041 1 4 1
281 1 6 1046 2 7 3
282 1 4 1050 1 4 1
283 0 2 1054 1 9 1
284 1 1 1058 1977 21143 2965
285 1 2 1061 2 17 3
286 0 3 1065 1 5 1
287 1 4 1069 622 2801 933
288 0 6 1073 55 203 82
289 1 19 1077 1 5 1
290 0 5 1082 2958 14848 4437
291 0 3 1086 1 10 1
292 0 4 1090 1 3 1
293 1 1 1094 9 73 13
294 0 5 1097 2 6 3
295 1 4 1101 1 3 1
296 0 3 1105 8 24 12
297 1 2 1109 1 9 1
298 0 10 1113 3 9 4
299 0 1 1117 2 17 3
300 0 3 1120 9 73 13
301 0 24 1124 1 3 1
302 0 6 1129 1 4 1
303 1 3 1133 9 73 13
304 0 1 1137 6 48 9
305 0 2 1140 94 869 141
306 1 19 1144 1 4 1
307 0 5 1149 7 21 10
308 1 3 1153 1 9 1
309 0 9 1157 3 9 4
310 1 3 1161 1 12 1
311 0 1 1165 3940 43422 5910
312 0 1 1168 1 9 1
313 1 4 1171 11 34 16
314 1 2 1175 747 7644 1120
315 0 8 1178 1 4 1
316 1 3 1182 1 4 1
317 1 3 1186 3 25 4
318 1 3 1190 1 5 1
319 1 1 1194 1 10 1
320 0 1 1197 22 188 33
321 0 5 1200 27193 156476 40789
322 1 3 1204 540 2406 810
323 0 18 1208 1 4 1
324 1 2 1213 1 9 1
325 1 1 1217 115 1074 172
326 0 2 1219 1 9 1
327 1 16 1222 16 52 24
328 0 2 1227 418 4163 627
329 1 4 1231 9 27 13
330 0 1 1235 150 1421 225
331 0 1 1238 1 9 1
332 0 8 1241 399 1738 598
333 1 4 1245 83 318 124
334 1 7 1249 3 9 4
335 1 2 1253 651 6619 976
336 1 1 1256 1 9 1
337 0 1 1259 1 9 1
338 1 6 1262 1 4 1
339 1 3 1266 74 676 111
340 1 6 1270 2 6 3
341 1 2 1274 40709 493620 61063
342 1 2 1277 9568 109464 14352
343 0 5 1280 1 4 1
344 0 7 1284 9 27 13
345 0 3 1288 1 4 1
346 1 3 1292 1 4 1
347 1 6 1296 2 6 3
348 0 4 1300 3 9 4
349 0 4 1304 10 31 15
350 1 8 1308 69 260 103
351 0 5 1312 53 195 79
352 0 1 1316 48663 594175 72994
353 0 8 1319 223 928 334
354 1 27 1323 1 4 1
355 1 2 1328 1015 10535 1522
356 1 11 1332 46 167 69
357 1 7 1336 3 10 4
358 1 2 1340 1 9 1
359 0 1 1344 4 33 6
360 1 2 1347 3402 37256 5103
361 1 4 1350 71 268 106
362 0 1 1354 6 48 9
363 0 4 1357 268 1131 402
364 0 2 1361 18 152 27
365 0 3 1365 26 89 39
366 1 7 1369 36439 213212 54658
367 1 4 1373 1 3 1
368 1 5 1377 1 4 1
369 0 4 1381 8048 43066 12072
370 1 1 1385 109 1015 163
371 0 3 1388 6 18 9
372 1 4 1392 3 9 4
373 1 2 1396 98 908 147
374 1 3 1400 3 25 4
375 1 4 1404 364 1574 546
376 0 2 1408 8 64 12
377 0 4 1412 1 4 1
378 0 14 1416 56 207 84
379 1 3 1420 324 3187 486
380 0 6 1424 7 21 10
381 0 8 1428 1 4 1
382 0 3 1432 5 40 7
383 1 14 1436 2 7 3
384 0 6 1440 13 41 19
385 0 10 1444 20 67 30
386 0 2 1448 1 9 1
387 0 18 1452 1 3 1
388 0 10 1457 1 4 1
389 0 3 1461 16586 194070 24879
390 1 9 1465 943 4376 1414
391 1 22 1469 218 906 327
392 1 3 1474 1 4 1
393 0 1 1478 358 3539 537
394 1 1 1481 1 9 1
395 0 1 1484 51 457 76
396 0 7 1487 1 3 1
397 0 3 1491 221 2134 331
398 0 11 1495 2 7 3
399 1 4 1499 1 4 1
400 1 3 1503 1 5 1
401 1 2 1507 1 9 1
402 0 16 1511 41 147 61
403 1 2 1515 1 10 1
404 1 2 1519 663 6747 994
405 1 4 1522 1 3 1
406 0 1 1526 1 9 1
407 0 12 1529 2 6 3
408 0 5 1533 63 235 94
409 1 21 1537 1 5 1
410 0 10 1542 1 3 1
411 1 4 1546 7 21 10
412 1 4 1550 109 427 163
413 1 3 1554 15 49 22
414 1 3 1558 2 17 3
415 0 2 1562 1 9 1
416 0 1 1566 15 125 22
417 1 4 1569 2 7 3
418 1 5 1573 1 4 1
419 1 1 1577 3414 37394 5121
420 1 9 1580 2419 11981 3628
421 1 2 1584 251 2439 376
422 1 1 1588 5 41 7
423 1 3 1591 99 918 148
424 1 2 1595 7626 86427 11439
425 1 6 1598 108 423 162
426 0 1 1602 1 11 1
427 1 2 1605 135 1272 202
428 1 3 1608 1 4 1
429 1 1 1612 3754 41286 5631
430 0 7 1615 447 1963 670
431 1 4 1619 1 3 1
432 1 10 1623 14 45 21
433 0 11 1627 2 7 3
434 1 6 1631 1 4 1
435 0 2 1635 5 40 7
436 0 3 1639 6382 33660 9573
437 0 2 1643 34 298 51
438 1 2 1647 1 9 1
439 0 3 1651 17896 100499 26844
440 1 3 1655 3 25 4
441 0 11 1659 843 3881 1264
442 0 8 1663 3816 19477 5724
443 1 4 1667 9 27 13
444 0 7 1671 1 5 1
445 1 40 1675 7 21 10
446 0 17 1680 1 3 1
447 0 2 1685 1 11 1
448 0 1 1689 2 17 3
449 1 1 1692 4245332 60809085 6367998
450 0 2 1695 33 289 49
451 1 2 1699 3 25 4
452 0 4 1703 37 131 55
453 1 2 1707 1 9 1
454 1 1 1710 71 647 106
455 0 5 1713 1 4 1
456 1 10 1717 39 139 58
457 1 3 1721 6518 34423 9777
458 0 2 1725 1 9 1
459 0 2 1728 105 977 157
460 1 2 1732 1 11 1
461 1 1 1736 1 10 1
462 1 3 1738 1 4 1
463 0 1 1742 8 64 12
464 1 1 1745 36 316 54
465 0 1 1748 9 72 13
466 1 2 1751 100 928 150
467 1 3 1755 1 5 1
468 1 1 1759 1 11 1
469 1 1 1761 1 10 1
470 0 3 1764 1 4 1
471 0 2 1768 1 9 1
472 0 1 1772 2781 30190 4171
473 0 3 1775 10 31 15
474 0 4 1779 4252 21854 6378
475 0 1 1783 67 609 100
476 0 1 1786 1 9 1
477 0 9 1789 1 4 1
478 1 19 1793 1929 9410 2893
479 1 2 1798 1 9 1
480 0 4 1801 5636 29494 8454
481 0 1 1805 176 1680 264
482 0 3 1808 1 10 1
483 1 9 1812 111 436 166
484 0 6 1816 3 9 4
485 0 13 1820 1 4 1
486 1 2 1824 1 9 1
487 0 1 1828 1 10 1
488 1 3 1831 31 270 46
489 1 8 1835 2 7 3
490 0 13 1839 2 7 3
491 1 8 1843 1 5 1
492 0 1 1847 2 17 3
493 0 1 1849 333 3280 499
494 0 1 1852 5 41 7
495 0 1 1855 1 10 1
496 1 1 1858 55 494 82
497 1 7 1861 221 919 331
498 0 4 1865 1 4 1
499 0 19 1869 1 4 1
500 0 6 1874 18 59 27
501 0 19 1878 2 6 3
502 1 2 1883 1 9 1
503 1 1 1886 310 3043 465
504 0 6 1889 4 12 6
505 1 5 1893 1 4 1
506 0 3 1897 1599 7700 2398
507 1 2 1901 3 25 4
508 0 2 1905 47 419 70
509 0 2 1908 31 270 46
510 1 12 1912 54 199 81
511 1 8 1916 19 63 28
512 0 1 1920 1 9 1
513 1 1 1923 1 10 1
514 0 14 1925 1 4 1
515 0 14 1929 714 3247 1071
516 1 5 1933 3502 17774 5253
517 0 2 1937 3 25 4
518 1 7 1940 2 6 3
519 1 1 1944 295 2889 442
520 1 5 1947 1 3 1
521 0 1 1951 1 9 1
522 0 4 1954 4 12 6
523 1 8 1958 48310 287183 72465
524 0 4 1962 8 24 12
525 1 3 1966 1384 6598 2076
526 0 2 1970 1693 17981 2539
527 0 7 1974 16 52 24
528 0 1 1978 1 9 1
529 0 1 1980 18 152 27
530 0 1 1983 2 17 3
531 0 4 1986 492 2177 738
532 1 8 1990 12 38 18
533 1 12 1994 27 93 40
534 1 9 1998 27 93 40
535 1 4 2002 1 4 1
536 0 1 2006 2 17 3
537 1 20 2009 28 97 42
538 1 2 2014 1 10 1
539 1 5 2018 809 3713 1213
540 0 15 2022 332 1425 498
541 0 1 2026 1 9 1
542 0 15 2029 1 4 1
543 1 3 2033 1737973 12393332 2606959
544 1 1 2037 77 705 115
545 0 2 2040 158 1500 237
546 1 8 2044 2 6 3
547 1 10 2048 138 552 207
548 1 5 2052 1 3 1
549 0 8 2056 1230 5816 1845
550 1 2 2060 1 9 1
551 0 12 2063 1 5 1
552 0 4 2067 4 12 6
553 1 2 2071 6206508 90015427 9309762
554 0 6 2075 1 3 1
555 0 16 2079 1 5 1
556 1 1 2083 1 11 1
557 0 1 2086 1 9 1
558 0 2 2089 1 11 1
559 0 2 2092 1918 20484 2877
560 0 3 2096 1823 8858 2734
561 1 1 2100 131 1232 196
562 0 2 2103 1 11 1
563 1 2 2106 460 4602 690
564 0 5 2110 14 45 21
565 1 2 2114 6 48 9
566 1 4 2118 5 15 7
567 1 2 2122 1 11 1
568 1 1 2126 4 33 6
569 0 14 2128 160 648 240
570 1 1 2132 65 590 97
571 1 4 2135 24 82 36
572 0 2 2139 1 9 1
573 0 13 2142 1 3 1
574 0 11 2146 2 6 3
575 1 3 2150 102 398 153
576 0 2 2154 2 17 3
577 1 2 2157 1 10 1
578 0 21 2161 4791 24814 7186
579 0 1 2166 27 233 40
580 0 3 2168 5 15 7
581 1 2 2172 2 17 3
582 1 3 2176 78 297 117
583 0 1 2180 3 25 4
584 0 1 2183 629 6385 943
585 1 3 2186 7 56 10
586 1 5 2190 2676 13344 4014
587 0 3 2194 1 10 1
588 0 2 2198 1 10 1
589 1 1 2201 1 10 1
590 0 3 2204 1 4 1
591 1 5 2208 1 4 1
592 0 14 2212 237640 1538028 356460
593 0 1 2216 1 10 1
594 1 3 2219 123 487 184
595 0 3 2223 11163 128526 16744
596 0 1 2227 7 56 10
597 0 6 2230 1 3 1
598 1 2 2234 17 143 25
599 0 8 2237 1 4 1
600 1 2 2241 1 9 1
601 1 7 2244 5 15 7
602 0 2 2248 8 64 12
603 1 2 2252 1 9 1
604 0 6 2255 29 101 43
605 0 1 2259 16 134 24
606 1 1 2262 2 17 3
607 1 11 2265 2 7 3
608 1 4 2269 1 4 1
609 1 4 2273 3 9 4
610 1 7 2277 17 56 25
611 1 3 2281 1 8 1
612 0 1 2285 1 9 1
613 0 2 2288 1 9 1
614 0 2 2292 1 9 1
615 0 4 2296 1 3 1
616 1 4 2300 1 3 1
617 1 4 2304 22 74 33
618 0 6 2308 13 41 19
619 1 5 2312 16770 93815 25155
620 1 1 2316 172 1640 258
621 0 3 2319 324 3187 486
622 1 2 2323 1 9 1
623 0 2 2326 216 2083 324
624 1 5 2330 122 483 183
625 0 6 2334 1 3 1
626 0 2 2338 2 17 3
627 0 4 2341 1 3 1
628 1 1 2345 172 1640 258
629 1 8 2347 1 3 1
630 0 2 2351 1 9 1
631 1 2 2354 4 33 6
632 0 6 2358 12 38 18
633 1 2 2362 60 542 90
634 1 3 2366 19 63 28
635 0 8 2370 11 34 16
636 0 4 2374 86 330 129
637 1 7 2378 1 4 1
638 1 1 2382 1 9 1
639 1 7 2385 10 31 15
640 1 3 2389 1 4 1
641 1 6 2393 371 1607 556
642 0 4 2397 118 466 177
643 0 1 2401 1 9 1
644 0 11 2404 57 211 85
645 1 10 2408 1 4 1
646 0 3 2412 45 163 67
647 1 8 2416 1 3 1
648 1 2 2420 47 419 70
649 0 1 2423 1 10 1
650 1 5 2426 87 334 130
651 0 5 2430 1 4 1
652 1 1 2434 28 242 42
653 0 9 2437 9 27 13
654 0 5 2441 5 15 7
655 1 1 2445 4 33 6
656 1 3 2448 1 4 1
657 0 10 2452 1 6 1
658 0 1 2456 1 9 1
659 0 3 2459 1309 6217 1963
660 1 1 2463 118 1104 177
661 0 1 2466 111 1035 166
662 1 1 2469 260 2530 390
663 0 2 2472 13019 150842 19528
664 0 4 2475 2 7 3
665 1 5 2479 180 736 270
666 0 4 2483 9 27 13
667 1 2 2487 1 8 1
668 0 1 2490 66 599 99
669 1 3 2493 12 38 18
670 1 4 2497 341 1467 511
671 0 1 2501 277 2704 415
672 1 1 2504 50718 620259 76077
673 0 2 2506 110 1025 165
674 1 7 2509 1 4 1
675 1 6 2513 1 4 1
676 0 1 2517 306 3002 459
677 1 1 2520 6 48 9
678 1 3 2523 3 10 4
679 1 2 2527 25 215 37
680 0 3 2531 127 1192 190
681 0 1 2535 1 9 1
682 1 10 2538 1 4 1
683 1 7 2542 185 758 277
684 1 1 2546 1 9 1
685 0 2 2549 5309 59258 7963
686 0 2 2553 4 33 6
687 0 33 2557 1 5 1
688 0 7 2562 1 3 1
689 0 1 2566 3 25 4
690 0 12 2569 333 1430 499
691 1 2 2573 1 9 1
692 0 1 2577 2 17 3
693 0 1 2580 1 9 1
694 0 4 2583 75 285 112
695 0 1 2587 220 2124 330
696 0 2 2590 128 1202 192
697 1 1 2594 5 40 7
698 0 2 2597 801 8223 1201
699 0 9 2601 428 1874 642
700 0 8 2605 130 517 195
701 0 1 2609 1 9 1
702 0 4 2612 1 4 1
703 1 2 2616 15 125 22
704 1 1 2619 3 25 4
705 0 4 2622 33 116 49
706 0 3 2626 688 3121 1032
707 0 3 2630 642 6524 963
708 0 2 2634 1 9 1
709 0 1 2637 5 40 7
710 1 4 2640 9 27 13
711 0 1 2644 205 1972 307
712 0 1 2647 98 908 147
713 1 1 2650 1 10 1
714 0 4 2653 2 7 3
715 0 1 2657 1 10 1
716 1 1 2660 1 9 1
717 0 7 2663 66 248 99
718 1 12 2667 2 7 3
719 1 1 2671 4 33 6
720 1 3 2674 32 112 48
721 0 4 2678 3 10 4
722 0 1 2682 1128 11764 1692
723 0 1 2685 1 11 1
724 1 1 2688 1 9 1
725 1 15 2690 1 4 1
726 0 3 2694 31973 185696 47959
727 0 3 2698 11 90 16
728 1 3 2702 80 305 120
729 1 6 2706 1 3 1
730 0 1 2710 6 48 9
731 0 1 2712 2 17 3
732 0 5 2715 31 108 46
733 1 3 2719 1 3 1
734 0 4 2723 1 3 1
735 1 2 2727 1 9 1
736 0 2 2731 732 7484 1098
737 1 2 2734 2 17 3
738 0 4 2738 104 406 156
739 1 2 2742 1 10 1
740 1 1 2746 2 17 3
741 1 3 2748 117 461 175
742 0 3 2752 10 31 15
743 1 5 2756 74 280 111
744 0 3 2760 93 360 139
745 1 1 2764 2 17 3
746 1 7 2767 14 45 21
747 1 48 2771 19 63 28
748 1 1 2776 174 1660 261
749 0 2 2779 889 9171 1333
750 0 7 2782 1 4 1
751 1 5 2786 854 3935 1281
752 1 4 2790 1 4 1
753 1 1 2794 1 9 1
754 0 3 2797 3 10 4
755 1 7 2801 1 4 1
756 0 2 2805 2 17 3
757 0 2 2808 117 1094 175
758 1 4 2812 28 97 42
759 0 20 2816 13387 73891 20080
760 0 1 2821 1 9 1
761 1 5 2824 1 4 1
762 0 1 2828 29561 353969 44341
763 0 3 2831 19403 109482 29104
764 1 1 2835 1 12 1
765 0 42 2838 3 10 4
766 0 2 2843 7 56 10
767 0 4 2847 1 5 1
768 0 5 2851 1 4 1
769 1 4 2855 1 5 1
770 0 5 2859 1 5 1
771 1 5 2863 20 66 30
772 1 2 2867 48 428 72
773 0 3 2871 5 15 7
774 0 8 2875 29892 172944 44838
775 1 12 2879 10431 56713 15646
776 0 2 2883 1 10 1
777 1 2 2887 3527 38686 5290
778 1 3 2890 1 4 1
779 1 13 2894 1 6 1
780 0 2 2898 2174 23348 3261
781 1 11 2902 273 1154 409
782 0 15 2906 1 4 1
783 1 3 2910 1 4 1
784 0 3 2914 1 11 1
785 0 17 2918 1 4 1
786 1 1 2923 20 170 30
787 0 2 2926 1 14 1
788 1 1 2929 1 9 1
789 0 1 2932 1 9 1
790 1 46 2935 54 199 81
791 1 8 2940 10 31 15
792 0 7 2944 3264 16490 4896
793 1 7 2948 1 4 1
794 1 1 2952 95 879 142
795 0 1 2955 4 33 6
796 0 28 2958 159 643 238
797 1 11 2963 17 56 25
798 0 7 2967 12 38 18
799 1 3 2971 5 15 7
800 0 2 2975 1582 16751 2373
801 1 12 2978 1 4 1
802 1 5 2982 1 4 1
803 1 5 2986 1 4 1
804 0 7 2990 3 9 4
805 1 5 2994 247 1036 370
806 1 10 2998 1 3 1
807 0 2 3002 45 400 67
808 1 3 3005 975 10101 1462
809 1 2 3009 27 233 40
810 0 2 3012 34 297 51
811 0 1 3015 1 11 1
812 1 5 3018 1485 7115 2227
813 0 2 3022 4 33 6
814 0 2 3025 1 9 1
815 0 13 3028 98 381 147
816 0 1 3032 5 41 7
817 0 5 3035 4495 23186 6742
818 0 6 3039 33 116 49
819 1 9 3043 7 21 10
820 0 1 3047 32 279 48
821 0 5 3050 18 59 27
822 0 13 3054 1 4 1
823 0 4 3058 36 128 54
824 0 2 3062 18 152 27
825 0 16 3065 2 6 3
826 0 2 3069 17564 205989 26346
827 0 1 3073 108 1006 162
828 1 4 3076 3 9 4
829 0 21 3080 1 4 1
830 1 74 3085 1 5 1
831 0 2 3090 1 9 1
832 1 1 3094 1 9 1
833 1 2 3097 15 125 22
834 0 1 3100 28 242 42
835 1 1 3103 2 17 3
836 0 2 3106 1 9 1
837 1 7 3109 5 15 7
838 1 11 3113 3 9 4
839 0 3 3117 5 40 7
840 0 5 3121 17997 101100 26995
841 0 2 3125 29 251 43
842 1 2 3128 1 10 1
843 1 6 3131 1 5 1
844 1 1 3135 239 2317 358
845 1 1 3138 1 9 1
846 1 2 3141 1 9 1
847 0 7 3144 1442319 10195999 2163478
848 1 1 3148 1 8 1
849 1 11 3151 1 4 1
850 0 2 3155 1 9 1
851 1 8 3158 85 326 127
852 1 2 3162 66 599 99
853 1 6 3166 60 223 90
854 1 2 3170 3 25 4
855 0 6 3173 10 31 15
856 0 1 3177 1 9 1
857 0 12 3180 15 48 22
858 1 1 3184 1 8 1
859 0 2 3187 4 32 6
860 0 6 3191 4 12 6
861 1 11 3195 2 6 3
862 0 3 3199 1 4 1
863 0 4 3203 10 31 15
864 0 4 3207 7 21 10
865 1 2 3211 25 215 37
866 0 1 3214 13 107 19
867 1 1 3217 162 1540 243
868 0 2 3220 1118 11654 1677
869 1 2 3224 1 9 1
870 1 4 3228 3 9 4
871 1 1 3232 1 9 1
872 0 2 3235 1 9 1
873 1 18 3239 2 7 3
874 1 1 3244 1 9 1
875 0 2 3247 22 187 33
876 1 2 3251 1 9 1
877 0 2 3254 652 6630 978
878 0 2 3257 1 9 1
879 0 3 3261 21360 252486 32040
880 1 5 3265 1 4 1
881 1 4 3269 99 385 148
882 0 1 3273 3 25 4
883 1 3 3276 32 112 48
884 0 6 3280 1 4 1
885 1 1 3284 1 11 1
886 0 1 3287 2323 25021 3484
887 0 1 3290 248 2408 372
888 0 2 3293 912 9419 1368
889 0 6 3296 2 7 3
890 0 5 3300 106 414 159
891 0 1 3304 1 9 1
892 0 3 3307 47 171 70
893 0 2 3311 1 11 1
894 1 3 3314 357 1541 535
895 1 6 3318 4272 21964 6408
896 1 11 3322 1 3 1
897 0 5 3326 2 6 3
898 1 1 3330 362 3580 543
899 1 1 3333 2 17 3
900 1 1 3336 147 1391 220
901 1 5 3339 1 4 1
902 1 5 3343 21 70 31
903 0 8 3347 57 211 85
904 0 2 3351 2192 23549 3288
905 0 1 3354 1 11 1
906 1 1 3357 11 90 16
907 1 3 3360 60 223 90
908 1 2 3364 5 41 7
909 1 2 3367 1 10 1
910 0 2 3371 1 9 1
911 0 1 3374 1978 21154 2967
912 0 2 3376 1 9 1
913 1 6 3379 12 38 18
914 0 11 3383 1 5 1
915 1 2 3387 336 3311 504
916 1 5 3391 5 15 7
917 0 1 3395 3 25 4
918 1 2 3398 12861 148937 19291
919 0 2 3401 1 11 1
920 1 11 3404 524606 3532853 786909
921 0 3 3408 17 56 25
922 1 3 3412 7 56 10
923 1 1 3416 4 32 6
924 0 2 3419 1 10 1
925 0 6 3423 19 63 28
926 1 3 3427 2108 10345 3162
927 1 6 3431 8 24 12
928 1 7 3435 9 27 13
929 0 2 3439 102 947 153
930 1 16 3442 47 171 70
931 0 4 3446 1 3 1
932 1 1 3450 552 5570 828
933 1 6 3453 80 305 120
934 0 2 3457 1 10 1
935 0 4 3461 141 565 211
936 1 1 3465 12 99 18
937 1 7 3467 1 3 1
938 1 1 3471 1 9 1
939 0 1 3474 2 17 3
940 0 4 3477 1 4 1
941 0 7 3481 1 3 1
942 1 2 3485 3 25 4
943 0 3 3489 1 11 1
944 1 1 3493 3081 33597 4621
945 0 6 3496 188 772 282
946 0 3 3500 1 4 1
947 0 26 3504 1 5 1
948 0 1 3509 4 33 6
949 1 3 3510 15 48 22
950 1 2 3514 20 170 30
951 1 9 3517 18 59 27
952 1 5 3521 1 3 1
953 0 6 3525 1 4 1
954 0 1 3529 17 143 25
955 0 21 3532 6 18 9
956 0 1 3537 4 33 6
957 0 4 3540 6 18 9
958 1 28 3544 1 6 1
959 0 6 3549 1 4 1
960 0 2 3553 7 56 10
961 1 6 3557 1 4 1
962 1 10 3561 23 78 34
963 1 1 3565 7 56 10
964 1 4 3568 5 15 7
965 0 1 3572 7 56 10
966 0 2 3575 773 7923 1159
967 0 1 3579 1 10 1
968 0 1 3582 7534 85341 11301
969 0 22 3585 135 539 202
970 0 1 3590 1886 20128 2829
971 1 5 3593 442 1940 663
972 1 11 3597 1 3 1
973 0 1 3601 7 56 10
974 1 1 3604 52 466 78
975 0 1 3607 1 10 1
