0 0 14 5 1 3 1
1 1 3 14 4 33 6
2 0 1 22 1258 13184 1887
3 0 4 29 2 17 3
4 1 3 37 5 40 7
5 0 6 45 1 4 1
6 0 3 53 8 64 12
7 0 5 61 1 11 1
8 0 10 69 1 4 1
9 1 3 78 4 33 6
10 0 2 86 21 179 31
11 1 1 93 1147 11971 1720
12 1 1 99 20 170 30
13 1 1 106 28 242 42
14 0 1 112 35 307 52
15 0 1 119 51 456 76
16 0 4 125 1 9 1
17 0 2 133 4496 49830 6744
18 0 1 140 1 11 1
19 0 1 146 12 98 18
20 1 1 152 4 33 6
21 1 8 157 19 63 28
22 1 5 165 7 56 10
23 0 3 173 1 11 1
24 1 4 180 8 64 12
25 1 29 188 1 4 1
26 1 1 197 1 9 1
27 0 1 202 1 10 1
28 1 6 209 3259 35624 4888
29 0 1 217 255 2479 382
30 1 3 223 1 9 1
31 0 5 231 1 8 1
32 0 3 239 6 48 9
33 0 9 246 224 932 336
34 1 4 255 5 40 7
35 1 5 263 1 9 1
36 1 2 271 1283 13458 1924
37 0 2 278 3343 36582 5014
38 1 8 285 1 3 1
39 1 5 293 1 14 1
40 1 3 301 1 11 1
41 1 1 309 5 41 7
42 0 16 315 30999 179722 46498
43 0 8 324 20 67 30
44 0 3 333 1 9 1
45 0 11 341 240 1004 360
46 1 2 350 2 17 3
47 1 2 357 1 9 1
48 0 3 364 351 3466 526
49 1 3 372 19 161 28
50 0 6 380 11 90 16
51 0 3 388 1 10 1
52 1 2 396 4 33 6
53 1 3 403 63 570 94
54 1 5 410 139 1311 208
55 0 1 418 6 48 9
56 0 6 424 2750 29839 4125
57 1 8 432 1 4 1
58 1 1 440 3 25 4
59 1 2 446 6 48 9
60 0 3 453 2921 31778 4381
61 1 7 460 4 13 6
62 0 4 468 1 10 1
63 1 1 476 2 17 3
64 1 1 482 171 1630 256
65 0 3 488 21 179 31
66 0 14 496 219 910 328
67 0 1 505 44 391 66
68 0 2 512 1 10 1
69 0 4 519 26 224 39
70 0 22 527 17 56 25
71 0 4 536 514 5169 771
72 1 1 544 1 12 1
73 0 3 551 949 9819 1423
74 1 7 559 1 3 1
75 0 4 567 1 9 1
76 0 1 575 1 9 1
77 1 2 581 31 270 46
78 0 1 588 10 81 15
79 1 2 594 2657 28787 3985
80 0 8 601 1 4 1
81 0 2 609 1 9 1
82 1 2 616 2705 29330 4057
83 1 1 623 7 56 10
84 0 4 629 48 428 72
85 1 2 637 228 2205 342
86 0 5 644 288 2817 432
87 1 7 652 18 59 27
88 0 8 660 1 4 1
89 0 2 669 33 288 49
90 0 3 676 1 9 1
91 1 1 683 1 9 1
92 1 7 690 303 1292 454
93 1 5 698 2176 23370 3264
94 1 1 706 9 73 13
95 0 3 713 25 215 37
96 0 2 721 985 10209 1477
97 1 1 728 21 179 31
98 0 1 734 62 561 93
99 0 2 740 301 2950 451
100 0 7 747 1 3 1
101 0 2 755 3438 37668 5157
102 0 4 762 46919 572071 70378
103 1 7 770 1 3 1
104 1 1 778 1526 16133 2289
105 0 2 783 112 1045 168
106 1 2 790 167 1590 250
107 1 2 797 865 8912 1297
108 0 2 804 1 10 1
109 1 22 811 32 112 48
110 1 2 820 1 10 1
111 0 1 827 1 10 1
112 0 1 832 691 7046 1036
113 0 2 838 8 64 12
114 0 2 845 603 6109 904
115 1 1 852 2 17 3
116 1 3 858 1 11 1
117 1 2 866 1 9 1
118 1 2 873 1 11 1
119 1 3 880 1 11 1
120 1 2 888 1 10 1
121 0 2 895 2 17 3
122 0 2 902 7 56 10
123 1 2 909 1 9 1
124 0 7 916 1 4 1
125 0 2 924 158 1500 237
126 1 1 931 3 25 4
127 1 38 937 28 97 42
128 1 4 946 1 8 1
129 0 4 954 14 116 21
130 0 1 962 9 73 13
131 0 3 968 1 9 1
132 0 1 976 365 3611 547
133 1 4 982 8792 100234 13188
134 1 4 990 1 9 1
135 1 3 998 1 9 1
136 1 3 1006 4 33 6
137 1 3 1014 1 10 1
138 0 6 1022 1 5 1
139 1 3 1030 409 4069 613
140 0 3 1038 16 134 24
141 1 18 1046 91 351 136
142 0 6 1055 113 1055 169
143 1 2 1063 1326 13930 1989
144 1 6 1070 1441 15195 2161
145 1 1 1078 1 11 1
146 0 13 1084 349 1504 523
147 1 2 1093 28 242 42
148 0 3 1100 18 152 27
149 1 14 1107 10 31 15
150 0 2 1116 2 17 3
151 1 2 1123 55 494 82
152 1 7 1130 1268 6009 1902
153 1 6 1138 1 9 1
154 1 3 1146 1 10 1
155 0 8 1154 8 24 12
156 1 4 1163 1 9 1
157 0 49 1171 3 10 4
158 1 4 1181 76 695 114
159 0 2 1189 427 4256 640
160 0 2 1196 13 107 19
161 0 1 1203 3 25 4
162 1 2 1209 3 25 4
163 1 1 1216 4 33 6
164 1 2 1223 10 81 15
165 1 4 1230 38 335 57
166 1 1 1238 3 25 4
167 1 2 1244 64 580 96
168 0 1 1251 1 10 1
169 1 2 1257 1 11 1
170 1 5 1264 1 9 1
171 1 1 1272 1 10 1
172 0 1 1278 2 17 3
173 1 4 1285 7 56 10
174 0 9 1293 23 78 34
175 1 3 1302 28 242 42
176 0 10 1310 1 4 1
177 0 4 1319 1 10 1
178 1 2 1327 2 17 3
179 1 1 1334 1 10 1
180 1 2 1341 34 297 51
181 0 12 1348 23 78 34
182 1 1 1357 342 3373 513
183 1 1 1363 3 25 4
184 0 1 1369 16006 187014 24009
185 0 7 1374 1 4 1
186 0 13 1382 4303 22133 6454
187 1 12 1391 1 4 1
188 1 11 1400 702 3189 1053
189 0 6 1409 46 410 69
190 1 10 1417 6673 35294 10009
191 1 1 1426 18229 214109 27343
192 1 2 1432 3 25 4
193 1 1 1439 15468 180478 23202
194 1 5 1444 34 297 51
195 0 1 1452 9887 113266 14830
196 1 4 1458 1 9 1
197 0 4 1466 1 9 1
198 1 5 1474 11 90 16
199 1 6 1482 1 9 1
200 0 23 1490 28 97 42
201 0 3 1499 1 10 1
202 1 1 1507 1 10 1
203 0 1 1514 1 10 1
204 0 4 1520 1 10 1
205 1 4 1528 27 233 40
206 0 3 1536 74 676 111
207 0 7 1544 2 7 3
208 1 1 1552 1 11 1
209 1 1 1558 1 10 1
210 1 26 1565 1 4 1
211 1 2 1574 1 9 1
212 1 1 1581 13 108 19
213 1 3 1587 13 107 19
214 1 2 1595 1 9 1
215 0 3 1602 1 9 1
216 1 2 1610 2447 26416 3670
217 0 4 1617 1 11 1
218 0 1 1625 3 25 4
219 1 2 1631 1 11 1
220 1 5 1638 1 9 1
221 1 21 1646 1 3 1
222 1 2 1655 4 33 6
223 0 2 1662 2 17 3
224 1 19 1669 110 432 165
225 1 1 1678 197777 2546039 296665
226 1 3 1684 42 372 63
227 0 2 1692 518 5211 777
228 1 15 1699 1 5 1
229 1 2 1708 159 1510 238
230 1 2 1715 21 179 31
231 0 2 1722 5 41 7
232 0 5 1729 1 11 1
233 0 6 1737 232 2245 348
234 1 2 1745 2 17 3
235 1 10 1752 1 5 1
236 1 2 1761 74 676 111
237 0 7 1768 381 1653 571
238 0 4 1776 12 99 18
239 0 4 1784 1 10 1
240 1 1 1792 9 73 13
241 1 1 1797 4 33 6
242 1 7 1804 1 4 1
243 0 2 1812 1 11 1
244 1 1 1819 1 10 1
245 0 5 1825 4 33 6
246 1 1 1833 3 25 4
247 1 9 1838 1 4 1
248 0 8 1847 2335 11538 3502
249 1 1 1856 327 3218 490
250 1 4 1862 9 73 13
251 0 3 1870 13 108 19
252 1 6 1878 1 9 1
253 1 6 1886 41 362 61
254 0 1 1894 10 81 15
255 1 1 1900 1 15 1
256 0 7 1906 5 15 7
257 1 5 1914 33 288 49
258 0 2 1922 221848 2867964 332772
259 1 4 1929 1 9 1
260 1 2 1937 1 9 1
261 0 1 1944 1112 11589 1668
262 1 3 1948 12 99 18
263 1 6 1956 18 152 27
264 1 7 1964 2 6 3
265 1 6 1972 1 9 1
266 0 5 1980 30 261 45
267 0 11 1988 1 4 1
268 0 2 1997 2 17 3
269 1 1 2004 1425 15018 2137
270 0 3 2008 1 9 1
271 1 2 2015 1 10 1
272 0 2 2022 2 17 3
273 0 1 2029 19 161 28
274 0 4 2035 149 1410 223
275 0 2 2043 40 353 60
276 0 1 2050 1 10 1
277 0 4 2055 23 197 34
278 0 1 2063 1 10 1
279 0 13 2069 1 5 1
280 0 2 2078 55 494 82
281 1 17 2085 1 4 1
282 0 4 2094 2 17 3
283 0 2 2102 1 10 1
284 0 3 2109 1 10 1
285 0 5 2117 9 72 13
286 1 5 2125 42 372 63
287 0 1 2133 1 11 1
288 0 2 2138 28 242 42
289 0 1 2145 1 11 1
290 1 2 2152 2 17 3
291 0 9 2159 1545 7423 2317
292 0 2 2168 1 9 1
293 1 15 2175 1 4 1
294 1 4 2184 158 1500 237
295 0 5 2192 5 40 7
296 1 6 2200 1 4 1
297 1 3 2208 1497 15813 2245
298 0 3 2216 1 11 1
299 0 9 2224 56 207 84
300 1 2 2233 1 11 1
301 0 2 2240 1 9 1
302 1 2 2247 18557 218118 27835
303 1 1 2254 5 40 7
304 0 8 2259 2 6 3
305 1 2 2267 3 25 4
306 0 3 2274 2 17 3
307 0 3 2282 1 12 1
308 0 4 2290 1 11 1
309 1 1 2298 1 10 1
310 0 2 2303 48 428 72
311 1 3 2310 5 40 7
312 0 4 2318 40 353 60
313 0 1 2326 180 1720 270
314 0 2 2333 1 12 1
315 1 1 2340 1 9 1
316 0 1 2346 1 9 1
317 1 1 2351 1 9 1
318 1 5 2357 1 10 1
319 1 9 2365 39 139 58
320 1 2 2374 10010 114734 15015
321 0 9 2381 54 199 81
322 1 3 2390 805 8266 1207
323 0 1 2398 10 81 15
324 1 4 2405 1 9 1
325 0 5 2413 42005 509957 63007
326 1 8 2421 6 18 9
327 1 1 2430 47756 582676 71634
328 1 1 2437 56 504 84
329 1 2 2443 1 9 1
330 0 8 2450 2021 9889 3031
331 0 2 2458 8171 92871 12256
332 1 3 2465 1 11 1
333 1 4 2473 32 279 48
334 1 2 2481 85496 1066697 128244
335 1 6 2488 2 17 3
336 1 1 2496 3 25 4
337 0 1 2501 1 9 1
338 1 3 2508 1 8 1
339 0 7 2516 1 4 1
340 0 8 2524 1999 9774 2998
341 0 3 2532 1 9 1
342 1 1 2539 6 48 9
343 0 1 2545 1 10 1
344 1 3 2552 2 17 3
345 0 4 2559 1 9 1
346 0 3 2567 1 11 1
347 1 5 2574 16 134 24
348 0 4 2582 53 476 79
349 1 1 2590 13560 157371 20340
350 1 9 2597 6 18 9
351 1 19 2606 1 6 1
352 0 4 2615 226800 2934350 340200
353 0 7 2623 1 4 1
354 0 2 2631 73 666 109
355 0 26 2638 144 578 216
356 1 1 2647 6542 73668 9813
357 0 8 2653 5 15 7
358 1 1 2661 2 17 3
359 0 3 2667 97 898 145
360 1 4 2675 1 10 1
361 1 2 2683 1 9 1
362 0 5 2690 4 33 6
363 1 2 2698 1 9 1
364 1 6 2705 1 9 1
365 0 33 2713 295 1255 442
366 1 8 2722 49 179 73
367 0 1 2730 1067 11099 1600
368 1 5 2735 1 9 1
369 1 3 2743 2 17 3
370 0 2 2751 6 48 9
371 1 3 2758 5468 61109 8202
372 0 7 2766 15 48 22
373 1 1 2774 2 17 3
374 0 11 2780 1 6 1
375 0 5 2789 92 850 138
376 0 3 2797 1 10 1
377 1 4 2805 1 10 1
378 0 4 2813 64 580 96
379 1 4 2821 23 197 34
380 0 1 2829 1521 16077 2281
381 0 3 2834 28 242 42
382 1 2 2842 10 81 15
383 0 1 2849 13 107 19
384 1 3 2855 33 288 49
385 1 3 2863 1 10 1
386 1 6 2871 17 143 25
387 0 7 2879 390 1696 585
388 0 12 2887 600 2694 900
389 0 1 2896 11 90 16
390 1 1 2902 6 48 9
391 1 1 2908 1290 13535 1935
392 0 7 2913 2 6 3
393 1 2 2921 1 10 1
394 0 2 2928 10 81 15
395 1 2 2935 75 685 112
396 0 22 2942 1 4 1
397 0 9 2951 1 3 1
398 0 1 2960 13814 160440 20721
399 0 3 2966 1 9 1
400 0 55 2973 26 89 39
401 0 2 2983 136 1282 204
402 0 3 2990 1648 17482 2472
403 1 2 2998 2 17 3
404 1 3 3005 1885 20117 2827
405 0 2 3013 3 25 4
406 1 1 3020 3 25 4
407 0 7 3027 1 4 1
408 0 2 3035 3 25 4
409 1 2 3042 8 64 12
410 0 4 3049 259 2520 388
411 1 3 3057 297 2910 445
412 0 14 3064 34 120 51
413 0 1 3073 19189 225851 28783
414 0 2 3080 40 353 60
415 1 3 3087 1 9 1
416 1 4 3095 35 307 52
417 0 10 3103 108933 676890 163399
418 1 4 3112 7 56 10
419 1 6 3120 4 33 6
420 0 2 3128 85 782 127
421 0 4 3135 81 743 121
422 1 3 3143 1 9 1
423 1 7 3151 1210 5715 1815
424 1 5 3159 2 17 3
425 0 9 3167 125904 788380 188856
426 0 6 3176 3 25 4
427 1 3 3184 547 5517 820
428 1 2 3191 15 125 22
429 0 2 3198 541 5454 811
430 0 3 3205 1 9 1
431 0 3 3213 1340 14084 2010
432 1 2 3221 114 1065 171
433 0 3 3228 10520 120827 15780
434 0 2 3236 13452 156067 20178
435 0 1 3243 1293 13568 1939
436 1 12 3250 1 4 1
437 0 1 3259 163 1550 244
438 1 14 3265 364 1574 546
439 1 6 3274 5 40 7
440 0 1 3282 1 9 1
441 1 13 3288 90 347 135
442 0 2 3297 4 33 6
443 1 1 3304 1 10 1
444 1 2 3309 9 72 13
445 1 3 3316 1 10 1
446 1 5 3324 2209 23740 3313
447 0 1 3332 797 8180 1195
448 0 5 3338 416 4142 624
449 0 5 3346 1 9 1
450 1 4 3354 75 685 112
451 0 13 3362 2 6 3
452 0 5 3371 1 11 1
453 0 2 3379 4213 46564 6319
454 1 2 3386 42 372 63
455 1 1 3393 16 134 24
456 0 7 3400 1 4 1
457 1 9 3408 4010 20532 6015
458 1 8 3417 31378 182046 47067
459 1 5 3426 2255 24256 3382
460 1 6 3434 2348 25301 3522
461 0 1 3442 1358 14281 2037
462 1 53 3448 590 2646 885
463 0 1 3458 1 9 1
464 0 3 3465 15 125 22
465 1 1 3473 1 9 1
466 0 2 3480 1 11 1
467 1 11 3487 100 389 150
468 1 3 3496 1 10 1
469 0 3 3504 150 1421 225
470 0 5 3511 32 279 48
471 0 4 3519 609 6173 913
472 1 1 3527 1 8 1
473 0 2 3533 2210 23751 3315
474 0 1 3540 1 9 1
475 0 7 3545 89 343 133
476 0 1 3553 752 7698 1128
477 1 2 3560 8 64 12
478 0 2 3567 15 125 22
479 1 1 3574 28874 345422 43311
480 1 2 3580 53 475 79
481 1 6 3587 1 5 1
482 1 2 3595 4143 45758 6214
483 1 1 3602 4 33 6
484 0 1 3608 1 10 1
