0 0 7 5 1 4 1
1 0 5 22 1 3 1
2 0 2 38 14 116 21
3 1 1 53 211 2033 316
4 1 4 65 1 3 1
5 1 6 81 1 4 1
6 1 3 98 7 21 10
7 0 35 113 3 9 4
8 0 8 132 1 4 1
9 1 3 149 3 9 4
10 0 2 164 9 72 13
11 1 25 179 2 6 3
12 0 3 198 7 21 10
13 1 35 213 3 9 4
14 0 10 232 45 163 67
15 1 8 249 1 4 1
16 0 2 266 709 7238 1063
17 1 6 280 5 15 7
18 0 1 297 54 485 81
19 0 3 310 2 6 3
20 1 1 325 12 99 18
21 0 6 337 87 334 130
22 0 2 353 241 2337 361
23 1 1 368 7 56 10
24 0 1 379 898 9268 1347
25 1 3 391 203 1952 304
26 0 2 406 1 9 1
27 0 2 420 5 41 7
28 0 11 434 4206 21603 6309
29 1 3 451 3 10 4
30 0 79 466 15466 86106 23199
31 1 3 486 1744 8449 2616
32 1 1 501 3 25 4
33 0 3 514 66 247 99
34 0 2 529 442 4413 663
35 1 2 543 3 25 4
36 1 4 558 3 10 4
37 0 1 574 790 8105 1185
38 0 1 585 763 7816 1144
39 1 3 597 711 3233 1066
40 1 3 613 23 78 34
41 0 1 628 1 8 1
42 0 2 641 23 197 34
43 0 2 655 2324 25032 3486
44 1 2 669 4 33 6
45 1 10 683 50 183 75
46 1 1 700 9 73 13
47 0 1 709 1 10 1
48 1 2 719 1 13 1
49 0 17 732 336 1444 504
50 1 1 750 1447 15261 2170
51 1 1 762 1 8 1
52 1 2 774 23 197 34
53 0 1 789 4 33 6
54 1 1 802 38951 471490 58426
55 1 2 811 191 1831 286
56 0 4 825 365 1579 547
57 1 1 841 6281 70608 9421
58 0 3 852 12 98 18
59 0 9 867 10 31 15
60 0 3 884 22 74 33
61 1 3 899 3 25 4
62 0 1 914 364 3601 546
63 0 4 927 1 5 1
64 1 1 943 2 17 3
65 1 5 955 6 18 9
66 0 2 971 131 1232 196
67 0 2 985 1 9 1
68 1 2 1000 66 599 99
69 0 2 1015 74 676 111
70 1 1 1029 4660 51727 6990
71 0 2 1041 182 1741 273
72 0 1 1055 20 170 30
73 1 7 1068 386 1677 579
74 1 2 1085 1 9 1
75 0 4 1099 538809 3633266 808213
76 1 25 1115 1 3 1
77 0 3 1134 2027 9921 3040
78 0 1 1149 58 523 87
79 0 2 1157 1 10 1
80 0 2 1171 1 11 1
81 0 6 1185 3 10 4
82 1 11 1202 2 7 3
83 1 1 1219 1 9 1
84 1 1 1232 2 17 3
85 1 1 1245 1 9 1
86 1 14 1258 4 12 6
87 1 15 1276 3313 16754 4969
88 1 1 1294 64 580 96
89 1 1 1307 4 33 6
90 0 12 1319 9 27 13
91 0 1 1337 1 10 1
92 1 2 1349 1 8 1
93 1 2 1363 1 10 1
94 1 2 1377 56 504 84
95 1 1 1392 259127 3368931 388690
96 1 3 1404 6430 33929 9645
97 1 2 1419 13 108 19
98 0 4 1434 1 4 1
99 1 1 1450 1 10 1
100 1 2 1463 1 10 1
101 0 6 1477 25 85 37
102 1 4 1494 6968 36954 10452
103 1 3 1510 37 131 55
104 1 5 1525 1 4 1
105 0 8 1541 1 4 1
106 1 4 1558 1 4 1
107 0 8 1574 2 7 3
108 1 3 1591 25 85 37
109 0 1 1606 1 9 1
110 1 1 1619 5 40 7
111 0 4 1630 3 9 4
112 0 3 1646 1 9 1
113 0 9 1661 3 10 4
114 1 3 1678 203 838 304
115 0 6 1693 51 187 76
116 1 10 1709 1 4 1
117 1 14 1726 94 364 141
118 0 1 1744 2297 24728 3445
119 1 1 1756 18 152 27
120 0 6 1767 26 89 39
121 0 29 1784 11 34 16
122 1 3 1803 3 25 4
123 1 2 1818 1 12 1
124 1 2 1833 1 9 1
125 0 3 1847 3 25 4
126 0 4 1862 30 104 45
127 0 4 1878 1 4 1
128 1 7 1894 1 3 1
129 1 2 1911 1 11 1
130 0 2 1926 44 390 66
131 1 2 1940 1 10 1
132 1 4 1955 2 6 3
133 0 4 1971 1 3 1
134 1 8 1987 97 377 145
135 0 5 2004 1 4 1
136 1 36 2020 1 3 1
137 1 9 2039 9 27 13
138 1 1 2056 3 25 4
139 1 8 2066 1 3 1
140 1 2 2083 6 48 9
141 0 9 2097 1 4 1
142 1 4 2114 1 5 1
143 1 16 2130 1 5 1
144 1 11 2148 194 798 291
145 1 4 2165 1 4 1
146 0 1 2181 903 9322 1354
147 1 2 2194 1 9 1
148 1 5 2208 215 892 322
149 1 2 2224 47 419 70
150 0 1 2238 1 9 1
151 1 2 2251 6 48 9
152 0 1 2266 1 9 1
153 1 2 2277 186 1780 279
154 0 3 2291 1 6 1
155 1 4 2306 1614 7777 2421
156 1 2 2322 4 33 6
157 1 1 2336 4 33 6
158 1 11 2346 1495 7166 2242
159 0 4 2363 998 4650 1497
160 1 2 2379 122 1143 183
161 0 8 2393 12 38 18
162 0 3 2410 41 147 61
163 0 5 2425 5 15 7
164 0 2 2441 3489 38251 5233
165 0 51 2455 241468 1564081 362202
166 1 2 2474 8 64 12
167 1 6 2488 101 394 151
168 1 5 2505 986 4590 1479
169 1 10 2521 1 3 1
170 1 2 2538 2 17 3
171 1 6 2552 36 128 54
172 0 19 2569 1 4 1
173 0 2 2587 1 9 1
174 0 13 2602 1 4 1
175 1 1 2620 6 48 9
176 1 4 2633 13 41 19
177 0 11 2649 1 3 1
178 1 8 2667 1 3 1
179 0 1 2684 2 17 3
180 0 1 2696 33 288 49
181 1 7 2706 1 5 1
182 1 7 2723 7 21 10
183 1 1 2740 1 10 1
184 1 3 2751 1 4 1
185 0 8 2766 1 5 1
186 1 17 2783 3 9 4
187 1 7 2801 7 21 10
188 1 3 2818 1 5 1
189 1 3 2833 1 3 1
190 1 2 2848 3375 36948 5062
191 0 5 2862 1 5 1
192 0 2 2878 1 9 1
193 1 4 2892 362 1565 543
194 1 14 2908 1 5 1
195 0 7 2926 1 4 1
196 0 1 2943 248 2408 372
197 1 2 2956 1865 19894 2797
198 1 13 2970 1 3 1
199 1 3 2988 156 630 234
200 1 5 3003 3 9 4
201 0 1 3019 29 251 43
202 0 3 3032 139 556 208
203 1 2 3047 14 116 21
204 0 8 3062 1 4 1
205 1 7 3079 5 15 7
206 0 2 3096 118 1104 177
207 0 2 3110 125 1173 187
208 0 1 3124 1 9 1
209 0 23 3137 2 6 3
210 0 1 3155 12 99 18
211 0 2 3166 1 8 1
212 0 1 3181 1613 17095 2419
213 1 3 3191 24 81 36
214 0 3 3206 179 1710 268
215 1 2 3221 54 485 81
216 0 3 3236 24 206 36
217 0 1 3251 1 9 1
218 1 1 3262 1 9 1
219 1 4 3275 1 3 1
220 1 33 3291 29905 173023 44857
221 1 9 3310 3 9 4
222 0 6 3327 117 461 175
223 1 1 3344 8 64 12
224 1 6 3356 4939 25630 7408
225 0 5 3373 2 6 3
226 0 9 3389 1 3 1
227 1 3 3406 1 5 1
228 0 2 3421 1 9 1
229 0 12 3436 3347 16937 5020
230 0 8 3454 1 4 1
231 0 6 3471 225 937 337
232 0 1 3487 41 363 61
233 1 12 3498 1 4 1
234 0 3 3516 3 25 4
235 0 4 3531 1 5 1
236 1 3 3547 1 5 1
237 0 7 3562 1 6 1
238 1 4 3579 1 3 1
239 1 4 3595 48829 290441 73243
240 0 11 3611 1 3 1
