0 0 17 5 1 3 1
1 0 1 15 8 64 12
2 1 17 20 63 235 94
3 1 3 30 2 17 3
4 0 1 37 1 10 1
5 1 5 42 2 6 3
6 1 7 50 35 124 52
7 1 3 59 15 49 22
8 1 1 67 6 48 9
9 1 2 71 55 494 82
10 0 1 77 4 33 6
11 0 1 82 3 25 4
12 0 3 87 1 4 1
13 1 1 94 1 14 1
14 0 1 98 59 532 88
15 1 10 103 3243 16377 4864
16 1 20 113 2 6 3
17 1 6 124 1 4 1
18 1 5 133 633 2854 949
19 0 12 141 728 3316 1092
20 1 3 151 3617 18397 5425
21 0 3 158 18 59 27
22 1 5 165 582 2607 873
23 1 1 173 441 4403 661
24 0 2 176 503 5053 754
25 0 2 183 28 242 42
26 1 7 189 27 93 40
27 0 14 198 613 2757 919
28 1 4 208 1 4 1
29 0 9 216 489 2163 733
30 0 2 225 9406 107534 14109
31 1 2 231 1 9 1
32 0 1 237 268 2612 402
33 0 6 241 107 419 160
34 0 1 250 14437 167977 21655
35 0 3 256 1 11 1
36 0 2 263 41 363 61
37 0 2 269 391 3881 586
38 0 1 275 1 8 1
39 1 2 280 1 9 1
40 0 2 287 4 33 6
41 0 1 294 1 9 1
42 0 5 299 1 4 1
43 1 2 307 14 116 21
44 0 2 313 715043 9639639 1072564
45 1 3 319 1 4 1
46 1 1 327 183 1751 274
47 1 2 333 278 2715 417
48 1 2 339 1 11 1
49 0 3 346 1 3 1
50 1 2 354 15 125 22
51 0 1 360 1 9 1
52 0 5 365 4 12 6
53 0 7 374 4 12 6
54 0 3 383 6 18 9
55 1 11 391 3 9 4
56 0 8 401 1 4 1
57 1 2 410 113 1055 169
58 0 2 417 190 1821 285
59 0 3 424 691 3135 1036
60 1 2 431 1 9 1
61 1 2 437 1 9 1
62 1 5 443 2921 14650 4381
63 0 3 451 3175 16011 4762
64 1 2 459 428 4267 642
65 0 10 466 1 4 1
66 0 7 476 342 1472 513
67 0 9 485 2 7 3
68 1 4 494 1 4 1
69 1 19 502 155 626 232
70 1 6 513 6 18 9
71 0 2 522 20 170 30
72 1 2 528 2 17 3
73 0 2 534 4 33 6
74 1 7 540 4 12 6
75 0 4 549 394 1714 591
76 1 2 557 173 1650 259
77 1 2 564 1 9 1
78 1 1 571 9 72 13
79 0 8 574 927 4296 1390
80 1 1 583 4027 44422 6040
81 1 1 588 20 170 30
82 1 2 593 4 33 6
83 1 5 599 1 3 1
84 0 1 607 1 9 1
85 0 4 612 36 128 54
86 1 1 620 25 215 37
87 1 5 623 12 38 18
88 1 6 631 5 15 7
89 0 1 640 155 1470 232
90 0 25 646 1 4 1
91 0 11 657 467 2058 700
92 1 3 667 21 70 31
93 0 1 675 25 215 37
94 1 14 678 3 9 4
95 1 8 688 7 21 10
96 1 14 697 2281 11253 3421
97 0 4 707 30 104 45
98 0 3 715 1092 5121 1638
99 0 1 723 38 334 57
100 1 2 728 8449 96164 12673
101 1 6 734 9 27 13
102 1 1 743 1 9 1
103 1 1 747 11171 128621 16756
104 0 3 752 23 197 34
105 0 1 759 1 10 1
106 0 1 764 10 81 15
107 1 3 770 1581 16741 2371
108 0 5 777 3 9 4
109 0 1 785 1100737 15063870 1651105
110 0 4 788 3325 16819 4987
111 1 14 796 126 500 189
112 0 8 806 1011 4715 1516
113 1 1 815 4966 55273 7449
114 1 1 821 2 17 3
115 1 2 825 1242 13009 1863
116 1 1 831 44 391 66
117 1 15 836 5835 30602 8752
118 0 3 846 11 34 16
119 1 1 854 269 2622 403
120 1 5 858 3 10 4
121 1 2 866 8 64 12
122 1 1 872 6 48 9
123 1 1 877 45 400 67
124 0 37 882 78 297 117
125 0 3 893 1 12 1
126 0 1 900 211 2033 316
127 0 2 906 209 2012 313
128 1 1 913 1631 17294 2446
129 1 2 918 20 170 30
130 0 2 925 19 160 28
131 1 3 931 1 10 1
132 0 3 938 1 4 1
133 0 2 946 3 25 4
134 0 1 952 108 1006 162
135 0 1 956 2 17 3
136 0 2 961 2210 23751 3315
137 0 7 968 1 5 1
138 0 3 977 1 11 1
139 0 1 984 1 9 1
140 0 3 989 1 4 1
141 0 2 996 2 17 3
142 1 2 1003 1 9 1
143 1 2 1009 1 9 1
144 1 2 1016 59 532 88
145 1 2 1023 1167 12189 1750
146 1 4 1029 4 13 6
147 1 1 1037 34845 419952 52267
148 0 2 1042 75 685 112
149 0 2 1049 68 618 102
150 0 2 1055 9 73 13
151 0 1 1062 1 12 1
152 1 28 1067 11 34 16
153 1 2 1078 194 1861 291
154 1 3 1085 4126 21166 6189
155 1 1 1092 6342 71322 9513
156 1 3 1095 71 647 106
157 0 4 1102 21 70 31
158 0 1 1110 1 9 1
159 0 2 1112 1 9 1
160 1 2 1118 2 17 3
161 0 2 1124 3704 40713 5556
162 1 1 1130 426 4246 639
163 0 2 1135 2 17 3
164 1 2 1142 1 9 1
165 0 8 1149 1 4 1
166 0 53 1158 7 21 10
167 1 15 1170 28 97 42
168 1 7 1180 11459 62659 17188
169 0 3 1189 67 252 100
170 0 1 1197 12 99 18
171 0 5 1202 37 131 55
172 1 2 1210 1 9 1
173 1 4 1217 14 45 21
174 0 1 1225 1 9 1
175 0 1 1230 4 33 6
176 0 1 1233 71 647 106
177 1 1 1237 1 9 1
178 1 10 1241 1 4 1
179 1 1 1251 1 10 1
180 0 5 1256 1 4 1
181 0 3 1264 38 135 57
182 0 8 1272 29 100 43
183 0 4 1281 19 63 28
184 0 10 1289 10967 59809 16450
185 0 9 1298 18378 103368 27567
186 1 1 1307 2 17 3
187 1 1 1311 2884 31358 4326
188 0 1 1316 1 10 1
189 0 10 1319 1 5 1
190 0 7 1328 1 3 1
191 0 4 1337 219 910 328
192 0 2 1345 3 25 4
193 0 1 1352 29 251 43
194 0 3 1358 8674 46631 13011
195 1 2 1365 1 9 1
196 0 11 1371 1 4 1
197 1 6 1381 74107 451035 111160
198 1 1 1390 3 25 4
199 1 1 1395 1 11 1
200 1 3 1401 1 9 1
201 0 4 1408 45582 270089 68373
202 0 2 1416 6 48 9
203 0 1 1423 1 11 1
204 1 1 1427 12 99 18
205 0 2 1430 1 9 1
206 1 10 1437 2 6 3
207 1 11 1447 2 7 3
208 1 2 1457 4843 53846 7264
209 0 2 1464 36 316 54
210 1 1 1471 9 73 13
211 0 2 1476 8 64 12
212 1 4 1482 1 4 1
213 0 1 1490 1 9 1
214 1 5 1492 2 7 3
215 0 5 1500 1 4 1
216 0 3 1508 13 41 19
217 1 1 1515 1 12 1
218 1 1 1521 4 33 6
219 0 4 1526 3 9 4
220 0 5 1534 73 276 109
221 1 6 1542 2 6 3
222 0 3 1551 54 485 81
223 0 1 1558 259 2520 388
224 0 2 1561 2 17 3
225 1 2 1567 7 56 10
226 1 2 1574 55 494 82
227 1 1 1580 441 4403 661
228 1 14 1584 3 9 4
229 0 2 1594 43 381 64
230 1 14 1601 60276 362733 90414
231 1 4 1611 3 9 4
232 1 2 1619 41 363 61
233 0 7 1625 43 155 64
234 0 11 1634 1 3 1
235 0 9 1644 1 3 1
236 0 5 1653 269 1136 403
237 1 4 1661 1 4 1
238 1 6 1669 23 78 34
239 1 2 1678 2 17 3
240 0 1 1685 3 25 4
241 0 1 1690 3 25 4
242 1 2 1696 3 25 4
243 0 2 1703 5 40 7
244 1 27 1710 1 4 1
245 0 10 1721 5812 30474 8718
246 1 3 1731 85 326 127
247 0 1 1739 2 17 3
248 0 4 1745 14 45 21
249 0 4 1753 1327 6308 1990
250 1 5 1761 7 21 10
251 1 1 1769 1 9 1
252 1 5 1774 531 2363 796
253 1 1 1783 11 90 16
254 1 2 1788 485 4864 727
255 1 22 1794 1 4 1
256 1 2 1805 2 17 3
257 0 3 1811 12999 71623 19498
258 1 3 1819 1078 5050 1617
259 1 2 1826 397 3944 595
260 1 3 1833 4072 20871 6108
261 1 5 1840 7722 41215 11583
262 1 1 1848 30 261 45
263 1 5 1851 213 883 319
264 0 3 1859 810 3718 1215
265 1 2 1866 1 9 1
266 1 3 1873 1 4 1
267 0 5 1880 1 4 1
268 1 2 1888 11 90 16
269 1 9 1895 1029 4805 1543
270 1 6 1904 29 100 43
271 0 8 1913 1 4 1
272 1 2 1922 1 8 1
273 1 2 1928 1 9 1
274 0 1 1935 1 9 1
275 1 2 1938 1 9 1
276 1 19 1944 1 5 1
277 0 1 1955 132 1242 198
278 1 6 1960 6 18 9
279 0 5 1969 21 70 31
280 0 4 1977 200 825 300
281 1 8 1985 18 59 27
282 1 3 1994 5 40 7
283 1 4 2001 1 4 1
284 1 6 2009 7 21 10
285 1 9 2018 655 2960 982
286 1 4 2027 679 3077 1018
287 0 1 2035 16 134 24
288 1 1 2038 86 792 129
289 1 5 2043 1 4 1
290 1 2 2051 11 90 16
291 0 1 2057 1 9 1
292 0 8 2062 1 4 1
293 1 8 2071 352 1518 528
294 1 27 2080 160 648 240
295 0 3 2091 1 5 1
296 1 2 2098 253 2459 379
297 1 1 2104 2 17 3
298 1 5 2109 217 901 325
299 0 1 2117 77 705 115
300 1 2 2121 53 475 79
301 1 3 2127 198 816 297
302 1 1 2134 1 11 1
303 1 1 2139 14 116 21
304 0 8 2144 39 139 58
305 0 5 2153 1 5 1
306 1 2 2162 205 1972 307
307 1 5 2168 3 9 4
308 0 1 2176 1 9 1
309 0 9 2182 1 4 1
310 1 8 2191 15 48 22
311 1 8 2200 48 175 72
312 1 2 2209 6 48 9
313 0 48 2215 374610 2480964 561915
314 0 14 2227 1 4 1
315 0 5 2237 66 247 99
316 1 4 2245 9905 53684 14857
317 1 2 2253 4 33 6
318 1 1 2259 43 381 64
319 0 5 2264 2 6 3
320 1 3 2272 1 9 1
321 0 1 2279 1 11 1
322 1 3 2284 679 6918 1018
323 0 16 2291 39 139 58
324 1 1 2301 13233 153423 19849
325 1 3 2306 3430 37576 5145
326 1 1 2313 18 152 27
327 1 5 2319 15 48 22
328 1 3 2327 27 93 40
329 1 2 2334 4 33 6
330 0 2 2340 1 9 1
331 1 2 2346 6 48 9
332 0 6 2352 75 285 112
333 1 37 2361 1 5 1
334 0 1 2372 1 9 1
335 1 1 2377 15 125 22
336 0 2 2379 1 9 1
337 0 2 2386 11 90 16
338 0 37 2393 1 5 1
339 0 1 2404 2212 23774 3318
340 1 2 2408 5 40 7
341 1 1 2414 2489 26890 3733
342 0 2 2419 13 107 19
343 1 4 2425 1 3 1
344 1 1 2433 1 10 1
345 1 1 2437 1 9 1
346 0 6 2442 22 74 33
347 1 5 2451 524 2329 786
348 1 1 2459 1 9 1
349 1 1 2462 3 25 4
350 1 3 2468 1 8 1
351 0 1 2475 213 2053 319
352 1 2 2480 15 125 22
353 0 8 2487 9 27 13
354 1 5 2496 1 3 1
355 0 7 2504 5 15 7
356 0 1 2513 14 116 21
357 0 2 2517 1 9 1
358 1 5 2523 6297 33184 9445
359 0 6 2532 445 1954 667
360 0 4 2541 11 34 16
361 1 2 2549 1 10 1
362 0 6 2556 3 9 4
363 1 1 2565 41 363 61
364 0 3 2569 495 2191 742
365 0 1 2576 1 9 1
366 0 1 2579 10 81 15
367 0 7 2582 139 556 208
368 0 1 2591 2 17 3
369 1 2 2596 1 10 1
370 0 3 2603 1 4 1
371 1 8 2610 13 41 19
372 1 3 2619 42 151 63
373 1 1 2626 141 1331 211
374 1 1 2631 49 438 73
375 1 2 2636 3 25 4
376 1 2 2643 1 8 1
377 0 6 2649 1 4 1
378 0 2 2658 3 25 4
379 1 16 2665 1 4 1
380 0 8 2675 1540 7397 2310
381 0 1 2684 1 11 1
382 0 5 2689 72 272 108
383 1 2 2697 831 8546 1246
384 1 2 2704 7 56 10
385 0 4 2711 26 89 39
386 1 1 2719 31 270 46
387 1 4 2724 672 3043 1008
388 0 1 2732 1 10 1
389 1 2 2737 8878 101255 13317
390 1 6 2743 4 13 6
391 0 15 2752 1 6 1
392 0 2 2762 2 17 3
393 0 1 2768 18250 214366 27375
394 0 6 2773 1 6 1
395 0 3 2782 2 17 3
396 1 3 2789 1 9 1
397 1 4 2796 109 427 163
398 1 1 2804 236 2286 354
399 1 4 2809 2 7 3
400 1 5 2817 1 4 1
401 0 5 2825 1 5 1
402 0 2 2833 4 33 6
403 1 1 2839 4 33 6
404 1 3 2843 12 38 18
405 0 2 2850 101 937 151
406 1 7 2857 1 3 1
407 0 2 2866 56 504 84
408 1 2 2872 4 33 6
409 0 3 2878 1539 7392 2308
410 1 1 2885 140 1321 210
411 0 6 2890 1 3 1
412 0 4 2899 1 3 1
413 0 5 2907 2 6 3
414 0 1 2915 1 9 1
415 0 2 2920 236 2286 354
416 1 2 2927 1 10 1
417 1 2 2934 17 143 25
418 1 1 2941 1 11 1
419 0 1 2946 1 9 1
420 1 1 2952 11 90 16
421 0 5 2956 2 7 3
422 1 10 2964 33102 192634 49653
423 1 3 2974 3 10 4
424 0 2 2981 13 107 19
425 0 5 2988 1 3 1
426 1 11 2996 460 2025 690
427 0 2 3006 172 1640 258
428 0 12 3013 1 4 1
429 1 2 3023 6 48 9
430 0 3 3030 3 10 4
431 0 2 3038 1 9 1
432 0 3 3045 1007554 7002895 1511331
433 0 1 3052 17 143 25
434 1 2 3057 7 56 10
435 1 13 3064 31 108 46
436 1 5 3074 1 5 1
437 1 4 3082 2 6 3
438 0 7 3090 147 591 220
439 1 12 3099 4 12 6
440 0 2 3109 62 561 93
441 0 1 3116 1 9 1
442 0 9 3121 1 3 1
443 0 4 3130 24 82 36
444 1 5 3138 1 4 1
445 1 1 3146 31 270 46
446 1 1 3151 1 10 1
447 1 2 3154 218 2103 327
448 1 17 3161 45 163 67
449 0 3 3171 1351 6431 2026
450 1 2 3179 22 188 33
451 1 10 3186 1 4 1
452 1 16 3196 1 4 1
453 1 7 3206 933 4326 1399
454 1 2 3215 4 33 6
455 0 2 3221 6 48 9
456 0 3 3228 385006 5077600 577509
457 0 8 3235 233 973 349
458 1 5 3244 2630 13099 3945
459 0 1 3252 1 11 1
460 0 1 3256 1 9 1
461 0 4 3262 1 5 1
462 0 18 3270 32 112 48
463 1 4 3280 79 301 118
464 1 2 3288 67 608 100
465 1 1 3295 165238 2113105 247857
466 0 4 3299 77 293 115
467 0 7 3307 7 21 10
468 0 15 3316 80 305 120
469 0 1 3326 35 307 52
470 0 10 3331 1 4 1
471 1 2 3341 1887 20139 2830
472 0 2 3348 1 9 1
473 0 1 3354 1 10 1
474 0 1 3359 10 81 15
475 0 4 3363 9 27 13
476 0 4 3371 1 4 1
477 1 7 3379 26 89 39
478 1 4 3388 4966771 37144466 7450156
479 0 10 3396 291070 1903378 436605
480 1 1 3406 2 17 3
481 0 5 3409 31 108 46
482 1 2 3418 1 9 1
483 1 4 3425 4 12 6
484 1 2 3433 1 11 1
485 1 1 3439 1 10 1
486 1 3 3445 33 116 49
487 1 1 3452 1 9 1
488 0 1 3455 110 1025 165
489 0 1 3459 333 3280 499
490 0 1 3464 1716 18237 2574
491 1 5 3466 81 309 121
492 0 2 3474 1 12 1
493 0 1 3481 1 8 1
494 1 2 3486 35 307 52
495 1 1 3492 13968 162302 20952
496 0 3 3494 24727 141508 37090
497 0 2 3502 1 10 1
498 0 3 3509 6 18 9
499 1 4 3516 1 4 1
500 0 3 3524 22 74 33
501 0 2 3531 21303 251785 31954
502 1 4 3537 1 3 1
503 1 3 3545 111 436 166
504 0 1 3552 230 2225 345
505 1 32 3558 1 5 1
506 1 6 3569 321 1375 481
507 1 2 3578 22 188 33
508 1 1 3584 1 12 1
509 1 4 3589 1 5 1
510 0 4 3597 63 235 94
511 0 5 3605 3 9 4
512 1 7 3613 1 5 1
