0 1 1 5 222 2144 333
1 0 2 14 14 116 21
2 1 4 28 5 15 7
3 1 17 43 1 3 1
4 0 4 64 1 4 1
5 0 4 80 1 4 1
6 0 3 96 2 7 3
7 1 5 111 1 5 1
8 0 3 128 3 10 4
9 1 2 143 36196 436885 54294
10 0 1 156 63 570 94
11 0 2 164 15 125 22
12 0 10 177 16 52 24
13 1 7 196 1 3 1
14 0 2 214 2457 26529 3685
15 0 12 227 6 18 9
16 0 1 247 28 242 42
17 0 3 258 3 9 4
18 1 19 273 1 4 1
19 0 2 294 187 1791 280
20 1 1 306 4 33 6
21 0 5 315 33988 198087 50982
22 1 5 332 4 12 6
23 1 2 349 2 17 3
24 0 4 362 1 4 1
25 0 1 378 4 33 6
26 0 60 382 296 1260 444
27 1 1 406 2205 23695 3307
28 1 3 412 103 402 154
29 0 2 427 1 9 1
30 0 1 440 4 33 6
31 0 2 445 14 116 21
32 1 4 458 2265 11169 3397
33 0 15 474 62 231 93
34 0 1 494 5 40 7
35 1 12 502 2 7 3
36 0 6 522 1 4 1
37 1 3 540 1 3 1
38 1 2 555 1 12 1
39 1 2 568 4356 48213 6534
40 1 1 580 90 830 135
41 0 6 591 43 155 64
42 0 8 608 15608 86944 23412
43 1 1 626 3 25 4
44 0 1 636 12 99 18
45 0 2 647 1182 12353 1773
46 1 3 660 1 4 1
47 1 20 675 1 3 1
48 0 6 696 10 31 15
49 0 4 713 18022 101249 27033
50 1 3 729 10 31 15
51 0 3 744 10 81 15
52 0 1 758 17 143 25
53 0 2 768 2 17 3
54 1 2 780 2 17 3
55 1 3 792 2545 12648 3817
56 0 2 807 1 9 1
57 0 1 820 253 2459 379
58 1 3 824 1 12 1
59 1 1 838 1 9 1
60 1 44 848 1009 4705 1513
61 1 2 871 3 25 4
62 1 6 883 996 4640 1494
63 1 4 900 59 219 88
64 0 3 915 110 1025 165
65 0 2 929 1 11 1
66 0 1 941 29 252 43
67 0 1 951 1 10 1
68 1 2 962 43 381 64
69 1 10 974 881 4068 1321
70 0 3 993 1 3 1
71 0 1 1008 2 17 3
72 0 5 1019 4144 21264 6216
73 1 1 1036 5307 59235 7960
74 0 4 1047 688927 4701597 1033390
75 1 3 1063 1 3 1
76 1 1 1078 13191 152917 19786
77 0 3 1088 1 3 1
78 1 1 1103 4 33 6
79 0 2 1114 5 40 7
80 1 2 1127 1 11 1
81 0 5 1140 2 6 3
82 0 2 1157 1 9 1
83 1 7 1170 8 24 12
84 0 2 1188 1 10 1
85 0 1 1201 60 542 90
86 1 8 1212 79 301 118
87 1 5 1231 6510 34378 9765
88 1 8 1248 2 6 3
89 0 10 1266 12 38 18
90 1 2 1285 5186 57828 7779
91 1 2 1298 867 8934 1300
92 0 2 1311 6 48 9
93 0 3 1325 1 4 1
94 0 1 1340 14 116 21
95 0 1 1347 10 81 15
96 0 2 1356 458 4581 687
97 1 3 1368 1882 9165 2823
98 0 18 1383 14501 80424 21751
99 1 2 1404 3 25 4
100 0 11 1416 232 968 348
101 0 1 1435 1 9 1
102 1 14 1445 1 3 1
103 1 5 1465 1 5 1
104 1 4 1482 6 18 9
105 0 3 1498 1 7 1
106 1 118 1513 1 4 1
107 0 2 1539 1 11 1
108 1 14 1553 39 139 58
109 1 3 1573 1 9 1
110 0 6 1587 11 34 16
111 1 2 1604 2 17 3
112 1 1 1617 1 10 1
113 0 1 1622 3 25 4
114 1 2 1632 40 353 60
115 1 2 1646 4 32 6
116 1 15 1658 2 6 3
117 0 2 1678 15 125 22
118 1 12 1691 1 3 1
119 1 8 1711 49 179 73
120 0 2 1730 3 25 4
121 1 2 1743 351 3466 526
122 1 3 1756 2 7 3
123 0 11 1771 6 18 9
124 0 1 1790 35 307 52
125 1 2 1798 15 125 22
126 0 2 1810 1 9 1
127 1 2 1823 515 5179 772
128 1 2 1835 1274 13360 1911
129 1 3 1847 8 24 12
130 1 2 1862 2 17 3
131 1 5 1874 1 4 1
132 1 3 1891 6995 37106 10492
133 1 5 1906 1 6 1
134 1 3 1923 1 5 1
135 0 3 1937 1 3 1
136 1 3 1952 4 12 6
137 1 4 1967 2671 13317 4006
138 0 2 1983 32 279 48
139 1 8 1995 24 81 36
140 0 2 2013 154 1460 231
141 1 17 2026 43 155 64
142 1 6 2047 114 449 171
143 0 3 2065 36 127 54
144 0 2 2080 71 647 106
145 0 22 2092 3903 19950 5854
146 1 1 2114 1 10 1
147 0 4 2121 1 3 1
148 0 12 2137 22 74 33
149 0 2 2157 1 9 1
150 0 7 2169 645 2912 967
151 0 1 2187 194 1861 291
152 1 4 2198 160 648 240
153 0 1 2213 181 1730 271
154 0 20 2223 1 5 1
155 0 3 2244 18 59 27
156 1 1 2259 1 9 1
157 0 2 2268 1 9 1
158 1 5 2280 177 723 265
159 0 2 2296 84 772 126
160 1 1 2308 1 11 1
161 0 3 2318 1 11 1
162 0 17 2332 102 398 153
163 1 1 2353 797 8180 1195
164 1 4 2363 31 108 46
165 0 8 2379 1844 8967 2766
166 0 3 2397 1 10 1
167 1 3 2411 1 3 1
168 1 4 2426 1 4 1
169 0 3 2442 1 5 1
170 1 3 2457 6 18 9
171 1 1 2472 1 10 1
172 0 1 2483 57 513 85
173 0 1 2493 3 25 4
174 0 1 2504 1 10 1
175 0 2 2514 17 143 25
176 0 16 2526 837 3851 1255
177 1 14 2547 1 3 1
178 0 1 2567 47557 580154 71335
179 0 2 2577 1 9 1
180 1 2 2589 3 25 4
181 1 2 2603 2 17 3
182 1 1 2615 1 11 1
183 0 9 2620 36 127 54
184 1 11 2639 4 12 6
185 1 1 2659 219 2114 328
186 0 6 2670 1 4 1
187 0 4 2687 1025 4785 1537
188 1 2 2703 10 81 15
189 1 9 2716 2 7 3
190 1 2 2735 1 10 1
191 0 2 2747 290 2837 435
192 1 8 2759 32 112 48
193 1 12 2777 1000 4660 1500
194 0 2 2797 1 9 1
195 1 1 2809 6 48 9
196 0 4 2820 169 687 253
197 0 3 2836 2 17 3
198 1 6 2850 9 27 13
199 0 5 2867 1 4 1
200 0 1 2884 42291 513565 63436
201 1 2 2895 6 48 9
202 1 4 2907 60 223 90
203 1 4 2922 731 3331 1096
204 0 2 2937 881 9085 1321
205 1 1 2950 9 73 13
206 0 2 2961 1696 18014 2544
207 1 1 2975 8 64 12
208 0 5 2986 1 4 1
209 0 3 3003 87 335 130
210 0 3 3018 19 63 28
211 1 4 3033 16 52 24
212 0 3 3049 22 74 33
213 1 6 3064 665 3009 997
214 1 1 3081 1 10 1
215 1 4 3090 1 4 1
216 0 8 3106 1 4 1
217 0 2 3124 1 10 1
218 1 1 3138 63 570 94
219 0 4 3149 1 4 1
220 0 2 3165 1 9 1
221 0 3 3178 1 4 1
222 1 1 3193 1 9 1
223 0 1 3201 1 11 1
224 1 17 3210 122903 768607 184354
225 0 9 3231 75 284 112
226 1 6 3250 40 143 60
227 0 9 3267 3 10 4
228 1 5 3286 2099 10298 3148
229 0 2 3303 1144 11938 1716
230 1 3 3317 8 24 12
231 1 1 3332 1481 15636 2221
232 0 4 3341 1 3 1
233 0 2 3357 2 17 3
234 1 6 3369 1 5 1
235 1 12 3386 1 4 1
236 0 1 3406 179 1710 268
237 1 14 3417 5 15 7
238 0 1 3437 11501 132579 17251
239 0 1 3441 1875 20005 2812
240 1 2 3452 1 10 1
241 1 18 3466 80 305 120
242 1 5 3487 2 7 3
243 0 2 3504 4 33 6
244 0 27 3517 1 3 1
245 0 23 3539 4 12 6
246 0 2 3561 1 9 1
247 1 1 3574 488 4895 732
248 1 7 3585 1 4 1
249 0 1 3603 7 56 10
250 1 13 3612 5 15 7
