0 0 6 5 5 15 7
1 1 1 22 13 107 19
2 1 1 34 3 25 4
3 0 1 45 1 9 1
4 1 4 58 1 4 1
5 1 10 74 1 3 1
6 1 6 91 1 4 1
7 1 5 108 87 334 130
8 0 7 124 14 45 21
9 1 2 141 1 8 1
10 0 2 155 308 3022 462
11 0 14 169 745 3399 1117
12 0 2 187 41 363 61
13 1 2 201 1 11 1
14 0 2 215 1 9 1
15 1 5 230 4 12 6
16 0 13 246 6 18 9
17 1 4 264 2 7 3
18 1 5 280 365 1579 547
19 1 1 296 1 10 1
20 1 3 307 1 4 1
21 0 22 322 1 4 1
22 0 2 340 1 8 1
23 1 5 354 9 27 13
24 1 5 370 7355 39138 11032
25 0 4 386 33 116 49
26 1 19 402 30 104 45
27 0 2 420 14 116 21
28 1 2 435 2 17 3
29 0 2 449 2 17 3
30 0 1 464 1 12 1
31 0 2 476 1 10 1
32 0 7 490 1 4 1
33 1 8 507 1 6 1
34 0 3 524 177 723 265
35 1 3 540 1 3 1
36 0 3 555 6 18 9
37 1 3 570 75 285 112
38 1 1 585 1 10 1
39 0 5 598 3107 15646 4660
40 0 1 614 1 11 1
41 1 20 627 5 15 7
42 0 3 645 15 48 22
43 0 1 660 2 17 3
44 1 4 671 49 179 73
45 0 2 687 16 134 24
46 0 1 701 3 25 4
47 0 1 712 233 2255 349
48 0 6 724 544 2425 816
49 1 1 741 2 17 3
50 0 1 751 682 6950 1023
51 1 5 761 49 179 73
52 0 6 777 292 1241 438
53 1 3 794 1 4 1
54 1 1 809 1 13 1
55 1 8 820 99927 618073 149890
56 1 2 837 16877 197614 25315
57 0 12 851 1 8 1
58 1 1 869 12835 148624 19252
59 1 2 881 1 11 1
60 1 4 895 164 665 246
61 0 1 911 570 5760 855
62 1 1 923 15 125 22
63 0 1 935 1 9 1
64 0 1 948 460 4602 690
65 0 4 961 1 4 1
66 0 1 977 8 64 12
67 1 2 990 7 56 10
68 0 10 1004 7 21 10
69 1 1 1021 99 918 148
70 0 2 1034 17 143 25
71 1 5 1048 1 3 1
72 0 3 1064 1006 4690 1509
73 1 3 1079 2416 26067 3624
74 0 3 1094 2 17 3
75 1 3 1109 4 12 6
76 1 2 1124 1959 20942 2938
77 0 3 1139 273 1154 409
78 0 2 1154 8 64 12
79 0 1 1168 5 40 7
80 1 2 1181 1 10 1
81 0 13 1195 162 657 243
82 0 2 1213 1 13 1
83 1 5 1227 1 3 1
84 0 28 1243 1 4 1
85 1 4 1262 1 4 1
86 1 1 1278 22 188 33
87 1 5 1289 12025 65946 18037
88 0 9 1305 1 6 1
89 0 1 1322 697 7110 1045
90 1 71 1335 1 4 1
91 1 10 1355 1 6 1
92 1 3 1372 2 7 3
93 1 1 1387 1 9 1
94 1 2 1398 10 81 15
95 0 12 1412 25 85 37
96 0 2 1430 1326 13930 1989
97 1 2 1444 1 11 1
98 1 16 1458 1 3 1
99 1 4 1476 1 4 1
100 1 2 1492 1 10 1
101 0 2 1506 1 10 1
102 0 2 1520 9 72 13
103 0 29 1534 38 135 57
104 0 5 1553 7 21 10
105 0 2 1569 3 25 4
106 0 3 1583 1 4 1
107 1 3 1598 1387 6614 2080
108 1 5 1613 1 4 1
109 0 5 1629 46 167 69
110 0 16 1645 17 56 25
111 1 1 1663 14 116 21
112 1 3 1676 281 2745 421
113 1 2 1691 1 9 1
114 0 4 1705 7 21 10
115 0 2 1721 1 11 1
116 1 3 1736 1 4 1
117 0 3 1751 7488 39890 11232
118 1 8 1767 1564 7520 2346
119 1 1 1784 22 188 33
120 0 22 1795 2034 9957 3051
121 0 9 1813 33 116 49
122 1 5 1830 1 4 1
123 1 8 1846 1 4 1
124 1 2 1863 1 10 1
125 0 1 1877 175 1670 262
126 1 2 1887 35 307 52
127 0 4 1902 1 3 1
128 1 1 1918 3 25 4
129 0 1 1931 1 10 1
130 0 4 1941 4320 22227 6480
131 1 6 1957 634261 4311165 951391
132 1 1 1973 10 81 15
133 0 2 1982 191 1831 286
134 1 5 1996 5011 26028 7516
135 0 4 2012 3 10 4
136 0 1 2028 12 98 18
137 1 12 2040 48 175 72
138 1 2 2058 43 381 64
139 0 1 2073 1 12 1
140 1 3 2083 58510 351529 87765
141 0 32 2098 4 12 6
142 0 1 2117 41183 499593 61774
143 1 10 2129 206 852 309
144 0 4 2146 839 3861 1258
145 1 2 2162 4 33 6
146 1 7 2176 7718 41193 11577
147 0 2 2193 1 8 1
148 1 1 2207 579 5855 868
149 1 1 2219 5226 58293 7839
150 0 11 2232 527 2344 790
151 0 1 2250 1 11 1
152 1 2 2263 1 9 1
153 0 5 2277 38 135 57
154 0 3 2293 67 609 100
155 1 5 2308 5 15 7
156 1 4 2324 1 5 1
157 0 2 2340 11395 131308 17092
158 1 1 2354 6 48 9
159 0 2 2367 1608 17039 2412
160 1 1 2382 64 580 96
161 1 2 2395 1 12 1
162 0 4 2410 102 398 153
163 0 5 2426 3 10 4
164 1 6 2442 48 175 72
165 1 2 2458 1 10 1
166 0 2 2472 49 438 73
167 1 8 2486 1 3 1
168 0 3 2503 1 4 1
169 1 8 2518 2 7 3
170 0 9 2535 26 89 39
171 0 43 2552 285 1209 427
172 1 3 2571 1 10 1
173 0 3 2586 1 11 1
174 0 3 2601 46 409 69
175 0 1 2616 1 9 1
176 0 2 2628 1 9 1
177 1 3 2641 1 4 1
178 1 2 2656 2887 31392 4330
179 0 1 2670 177 1690 265
180 0 3 2681 26804 319715 40206
181 0 4 2696 1 5 1
182 0 7 2712 6 18 9
183 1 13 2729 2 7 3
184 0 2 2747 3 25 4
185 1 3 2761 59 219 88
186 1 2 2776 1 8 1
187 1 2 2790 8 64 12
188 1 1 2805 45 400 67
189 1 3 2818 1 3 1
190 0 2 2833 2020 21623 3030
191 0 3 2847 488 2158 732
192 1 2 2862 41 363 61
193 1 2 2876 2050002 28657813 3075003
194 1 2 2890 476 4769 714
195 1 4 2904 75 285 112
196 0 8 2920 4 12 6
197 1 2 2937 19 161 28
198 0 1 2951 1 9 1
199 0 4 2962 1 3 1
200 1 1 2978 99 918 148
201 0 1 2991 1 10 1
202 1 3 3000 2 6 3
203 0 2 3015 200 1921 300
204 1 3 3030 4218 21668 6327
205 0 1 3045 14877 173308 22315
206 0 3 3058 1 9 1
207 0 4 3073 140 561 210
208 0 1 3089 49 437 73
209 0 4 3101 4 12 6
210 1 2 3117 13 107 19
211 0 6 3132 2643 13168 3964
212 0 1 3148 337 3321 505
213 0 7 3161 1 3 1
214 0 8 3178 1 3 1
215 1 4 3195 1 3 1
216 0 2 3211 54 485 81
217 1 1 3225 1345 14139 2017
218 0 1 3237 12 99 18
219 1 4 3247 1 4 1
220 0 10 3263 3 10 4
221 1 1 3280 8 64 12
222 1 3 3293 1 4 1
223 1 4 3308 1 4 1
224 1 1 3324 12 99 18
225 1 7 3337 953 4426 1429
226 1 4 3354 1 4 1
227 1 7 3370 3169 15979 4753
228 0 2 3387 4 33 6
229 0 35 3401 1 3 1
230 1 2 3420 32 279 48
231 1 2 3434 1 8 1
232 0 2 3448 8 64 12
233 1 3 3463 94 364 141
234 0 3 3478 31 108 46
235 1 23 3493 1 4 1
236 0 5 3511 104 406 156
237 0 1 3527 193 1851 289
238 1 19 3539 1 4 1
239 1 3 3557 1 11 1
240 0 2 3572 1 9 1
241 0 8 3586 14 45 21
242 0 1 3603 1 9 1
243 1 1 3615 5 40 7
