0 1 1 5 93 859 139
1 1 3 11 6 18 9
2 0 4 19 1 3 1
3 1 1 27 722 7377 1083
4 0 9 34 17377 97415 26065
5 1 7 43 1 3 1
6 1 2 51 126 1183 189
7 1 3 58 9 27 13
8 0 1 66 1 9 1
9 1 3 72 7 56 10
10 0 13 79 15 48 22
11 0 3 88 4 12 6
12 1 1 96 2 17 3
13 1 6 102 2033 9952 3049
14 0 13 110 43105 254614 64657
15 1 8 119 24 82 36
16 1 3 127 13648 75419 20472
17 1 1 135 3 25 4
18 1 2 142 2 17 3
19 1 3 149 75 685 112
20 0 2 156 1 9 1
21 0 3 163 1 3 1
22 0 14 171 7 21 10
23 0 1 180 59 532 88
24 1 5 185 6 18 9
25 0 1 193 1 9 1
26 0 6 199 11 34 16
27 0 5 207 1 3 1
28 0 3 215 541 5454 811
29 0 1 223 4 33 6
30 0 3 228 4 13 6
31 0 15 236 10 31 15
32 0 2 245 24 206 36
33 1 16 252 495 2191 742
34 1 1 261 4 33 6
35 0 3 267 5 15 7
36 1 15 275 6 18 9
37 0 2 284 1 9 1
38 1 2 291 769678 10402991 1154517
39 0 1 298 1 9 1
40 1 13 304 9 27 13
41 0 5 313 1 4 1
42 0 2 321 1 9 1
43 0 95 328 1 4 1
44 0 3 338 17 56 25
45 0 10 346 47842 284247 71763
46 1 1 355 1 9 1
47 0 1 360 24 206 36
48 0 2 366 1 11 1
49 1 3 373 46806 277752 70209
50 1 13 381 1 5 1
51 0 10 390 2 7 3
52 0 3 399 1040 10806 1560
53 0 8 406 1974 9644 2961
54 0 4 415 1 4 1
55 1 5 423 646 2917 969
56 1 3 431 44 391 66
57 1 2 438 9 73 13
58 1 9 445 1361 6481 2041
59 0 2 454 1 13 1
60 0 3 461 1 4 1
61 1 2 469 7 56 10
62 0 5 476 34 120 51
63 0 3 484 1 4 1
64 1 2 492 4 33 6
65 0 2 499 8728 99474 13092
66 0 4 506 143291 903391 214936
67 0 2 514 1 9 1
68 1 6 521 1 4 1
69 1 1 529 54 485 81
70 0 9 535 71 268 106
71 1 9 544 4485 23131 6727
72 0 1 553 1 10 1
73 1 2 558 16 134 24
74 1 3 565 1 8 1
75 1 3 572 44 159 66
76 1 9 580 6 18 9
77 1 3 589 96 372 144
78 1 2 597 207 1992 310
79 1 9 604 1 4 1
80 0 3 613 1 5 1
81 0 2 621 166 1580 249
82 0 2 628 11 90 16
83 1 3 635 9 27 13
84 1 17 643 20037 113273 30055
85 0 1 652 1 9 1
86 0 7 657 12 38 18
87 1 2 665 21027 248393 31540
88 0 2 672 3 25 4
89 1 2 679 1 10 1
90 0 7 686 1 3 1
91 0 2 694 13 108 19
92 1 10 701 36 127 54
93 0 1 710 34 298 51
94 1 7 715 1 5 1
95 0 1 723 1 10 1
96 1 3 730 1 3 1
97 0 1 738 11304 130216 16956
98 0 2 744 1 11 1
99 1 5 751 2 7 3
100 0 5 759 1 4 1
101 1 2 767 1 9 1
102 0 1 774 2579 27906 3868
103 1 2 780 95694 1199034 143541
104 1 2 787 480 4811 720
105 1 3 794 1 4 1
106 0 3 802 1 11 1
107 1 2 809 31088 372995 46632
108 0 3 816 8 24 12
109 0 7 824 1 4 1
110 0 2 832 1490 15735 2235
111 1 1 839 18 152 27
112 1 14 844 1 4 1
113 1 2 853 20 170 30
114 1 1 860 1 10 1
115 1 1 866 1 9 1
116 0 4 872 8 24 12
117 1 3 880 12 38 18
118 1 3 888 1 6 1
119 1 2 896 4 33 6
120 0 6 903 4 12 6
121 1 3 911 4 12 6
122 1 5 919 20 66 30
123 0 6 927 252 1059 378
124 0 3 935 58 523 87
125 1 2 942 1 10 1
126 0 1 949 1 11 1
127 1 1 955 311 3053 466
128 1 2 961 123807 1566370 185710
129 0 5 968 1 3 1
130 1 3 976 5 15 7
131 0 2 984 1 10 1
132 0 85 991 3 10 4
133 1 21 1001 21 70 31
134 1 3 1010 22 188 33
135 1 11 1018 13 41 19
136 0 13 1027 1 3 1
137 0 6 1036 1 3 1
138 1 8 1044 1 4 1
139 0 9 1052 16 52 24
140 0 1 1061 2 17 3
141 1 2 1067 364338 4795514 546507
142 0 10 1074 1 3 1
143 0 2 1083 26 224 39
144 1 6 1090 215 892 322
145 0 4 1098 96571 596223 144856
146 1 2 1106 1 14 1
147 0 1 1113 1 9 1
148 1 4 1118 7 21 10
149 0 3 1126 40 143 60
150 0 16 1134 1 3 1
151 1 1 1143 1 9 1
152 0 10 1149 1600 7705 2400
153 1 6 1158 1 4 1
154 0 1 1166 453 4528 679
155 1 18 1172 77 293 115
156 1 2 1181 2 17 3
157 1 1 1188 2 17 3
158 0 2 1194 1 9 1
159 1 7 1201 1 5 1
160 0 4 1209 1137 5347 1705
161 1 2 1217 1 10 1
162 1 2 1224 1 9 1
163 1 3 1231 9 27 13
164 1 1 1239 1 10 1
165 0 12 1244 821 3772 1231
166 0 1 1253 9 73 13
167 0 5 1258 1 4 1
168 0 3 1266 57620 345889 86430
169 1 6 1274 1 3 1
170 1 8 1282 5 15 7
171 0 1 1290 1 10 1
172 0 1 1296 5 41 7
173 0 2 1302 1 10 1
174 1 7 1309 1 3 1
175 1 7 1317 1 5 1
176 1 6 1325 2 6 3
177 0 1 1333 37456 452700 56184
178 1 8 1339 3 9 4
179 1 2 1348 19 161 28
180 0 3 1355 1 5 1
181 0 2 1363 23 197 34
182 1 9 1370 1 6 1
183 1 2 1379 1 9 1
184 0 3 1386 542 5464 813
185 1 2 1393 1 10 1
186 1 18 1400 71 268 106
187 0 2 1409 90 830 135
188 0 3 1416 4 12 6
189 0 3 1424 17 56 25
190 1 3 1432 27 93 40
191 1 1 1440 15 125 22
192 0 7 1445 50 183 75
193 1 5 1453 69 260 103
194 1 2 1461 54 485 81
195 1 4 1468 1 4 1
196 1 1 1476 1 9 1
197 0 26 1481 2409 11928 3613
198 0 1 1490 1 11 1
199 0 2 1497 13 107 19
200 0 2 1504 1 8 1
201 0 1 1511 1 10 1
202 1 7 1516 7 21 10
203 0 7 1524 2 6 3
204 1 3 1532 10 31 15
205 0 5 1540 51 187 76
206 1 2 1548 504 5064 756
207 1 4 1555 17 55 25
208 1 1 1563 1 9 1
209 0 2 1568 1 9 1
210 0 12 1575 12 38 18
211 1 3 1584 8 64 12
212 1 4 1591 159 644 238
213 0 2 1599 120 1124 180
214 1 3 1606 207 1992 310
215 0 11 1613 252 1059 378
216 0 2 1622 1 9 1
217 1 3 1629 114 449 171
218 0 3 1637 93 360 139
219 1 8 1645 1 4 1
220 1 3 1654 1 4 1
221 1 6 1662 215 892 322
222 1 1 1670 6 48 9
223 1 7 1676 19 63 28
224 0 3 1684 1 3 1
225 1 5 1692 5 15 7
226 1 3 1700 1 4 1
227 1 2 1708 22 188 33
228 1 7 1715 12 38 18
229 0 1 1723 5 40 7
230 1 5 1729 41 147 61
231 1 3 1737 38 335 57
232 0 4 1744 10 31 15
233 0 3 1752 64 239 96
234 0 2 1760 2 17 3
235 1 5 1767 14 45 21
236 0 1 1775 13981 162459 20971
237 1 1 1781 1 8 1
238 1 1 1787 146 1381 219
239 0 1 1794 1 10 1
240 0 8 1801 7024 37270 10536
241 1 15 1810 1 6 1
242 0 6 1819 6 18 9
243 0 1 1827 3 25 4
244 0 1 1833 1 9 1
245 0 2 1839 2 17 3
246 0 1 1846 1 10 1
247 1 1 1853 1 8 1
248 1 2 1859 4 33 6
249 1 6 1866 2 7 3
250 1 4 1874 12 38 18
251 0 2 1882 1 10 1
252 1 5 1889 378889 2510728 568333
253 1 3 1897 62 561 93
254 1 3 1904 7 21 10
255 1 6 1912 1 4 1
256 1 3 1920 1 9 1
257 0 30 1928 1 4 1
258 0 7 1937 1 4 1
259 1 1 1945 655 6662 982
260 0 22 1950 1 4 1
261 1 1 1959 1 10 1
262 1 2 1965 75 685 112
263 0 1 1972 1 9 1
264 0 1 1977 25 215 37
265 1 2 1983 8637 98394 12955
266 0 5 1990 348 1500 522
267 1 7 1998 1 4 1
268 1 1 2006 1 9 1
269 0 2 2011 1 10 1
270 0 1 2018 6 48 9
271 0 2 2025 1 11 1
272 0 2 2032 472 4727 708
273 1 2 2039 1 11 1
274 0 6 2046 3586 18229 5379
275 0 2 2054 1 10 1
276 0 2 2061 1 10 1
277 0 6 2068 4 12 6
278 0 1 2076 43 381 64
279 1 2 2081 523 5264 784
280 1 5 2088 8 24 12
281 1 2 2096 1 11 1
282 1 4 2103 59676 358924 89514
283 0 1 2111 1 10 1
284 0 16 2116 14 45 21
285 0 4 2125 1 4 1
286 1 7 2133 1 5 1
287 1 1 2141 201 1932 301
288 0 6 2147 1 3 1
289 1 2 2155 928 9592 1392
290 0 1 2162 1 11 1
291 0 1 2168 43 381 64
292 1 1 2174 1 10 1
293 1 6 2180 230 960 345
294 1 1 2188 16 134 24
295 1 1 2194 505 5074 757
296 0 2 2201 85 782 127
297 0 1 2208 604 6120 906
298 0 13 2213 153 617 229
299 0 2 2222 2 17 3
300 0 6 2229 9 27 13
301 1 1 2237 20 170 30
302 1 2 2242 938 9700 1407
303 1 3 2249 204 843 306
304 0 2 2257 216 2083 324
305 1 6 2264 2954 14826 4431
306 0 3 2272 784 8041 1176
307 1 3 2279 3 10 4
308 1 3 2287 1 5 1
309 0 29 2295 1 4 1
310 0 8 2304 1 3 1
311 1 6 2313 1 4 1
312 1 1 2321 4 33 6
313 1 1 2327 5 40 7
314 1 6 2333 20 67 30
315 1 4 2341 295 1255 442
316 1 4 2349 131 522 196
317 1 14 2357 3 9 4
318 0 1 2366 1 9 1
319 0 1 2372 17 143 25
320 0 10 2378 5 15 7
321 0 1 2387 1598 16929 2397
322 1 12 2392 23 78 34
323 1 1 2401 1 10 1
324 1 3 2408 1 9 1
325 1 7 2415 10 31 15
326 0 2 2423 7 56 10
327 1 3 2430 1 9 1
328 1 3 2437 4 33 6
329 1 12 2445 40 143 60
330 0 4 2454 1 7 1
331 1 5 2462 1 6 1
332 1 4 2470 405 1766 607
333 0 2 2478 3 25 4
334 0 4 2485 696 3160 1044
335 0 6 2493 32 112 48
336 0 9 2501 15822 88207 23733
337 0 1 2510 78 714 117
338 0 1 2516 34 297 51
339 0 6 2523 1 4 1
340 0 3 2531 25 215 37
341 1 2 2538 7 56 10
342 1 1 2545 1 9 1
343 1 5 2552 1 3 1
344 1 5 2560 172 701 258
345 0 5 2568 16 52 24
346 1 3 2576 389 1691 583
347 1 5 2584 1 6 1
348 0 2 2592 1 9 1
349 0 4 2599 184 754 276
350 0 2 2607 7063 79790 10594
351 0 4 2614 1 5 1
352 0 7 2622 1400 6680 2100
353 1 3 2630 1 4 1
354 1 2 2638 9 72 13
355 0 1 2645 66 599 99
356 0 8 2651 393 1709 589
357 0 8 2659 9 27 13
358 1 3 2668 35 307 52
359 0 6 2676 1 3 1
360 0 2 2684 2 17 3
361 1 3 2691 236 986 354
362 1 3 2699 131 1232 196
363 1 7 2706 1697 8206 2545
364 0 4 2714 16 52 24
365 0 2 2722 110 1025 165
366 1 4 2729 8 24 12
367 1 1 2737 7 56 10
368 1 5 2744 829 3811 1243
369 1 2 2752 114 1065 171
370 1 5 2759 255 1072 382
371 1 2 2767 1 13 1
372 0 2 2774 53 476 79
373 0 1 2781 1 9 1
374 1 2 2787 1 9 1
375 1 1 2794 1 10 1
376 0 7 2801 13 41 19
377 1 13 2809 2 7 3
378 0 1 2818 20 170 30
379 1 4 2824 2 7 3
380 0 2 2832 4608 51125 6912
381 0 1 2839 8 64 12
382 1 2 2844 632 6417 948
383 1 2 2851 13821 160525 20731
384 0 2 2858 1 9 1
385 0 2 2865 765 7837 1147
386 0 1 2872 290 2838 435
387 1 3 2878 93 360 139
388 1 4 2886 1 5 1
389 1 4 2894 1008 4700 1512
390 0 5 2902 295068 1930855 442602
391 1 6 2910 1 3 1
392 1 12 2918 11 34 16
393 0 5 2927 1 4 1
394 0 2 2935 163 1550 244
395 1 1 2942 1 10 1
396 1 1 2948 1 8 1
397 0 4 2954 18 59 27
398 1 9 2962 12 38 18
399 1 2 2971 9 73 13
400 1 3 2978 1 3 1
401 1 1 2986 1 9 1
402 1 2 2992 1 9 1
403 0 8 2999 15 48 22
404 0 13 3008 7125 37839 10687
405 1 2 3017 111 1035 166
406 0 1 3024 1 9 1
407 1 9 3030 23 78 34
408 0 3 3039 7 21 10
409 1 12 3047 29 100 43
410 0 4 3056 50 183 75
411 1 1 3064 1 13 1
412 1 3 3070 553 2468 829
413 0 3 3078 30 104 45
414 0 1 3086 1 12 1
415 0 3 3092 1 4 1
416 1 10 3100 4 12 6
417 1 1 3109 54 485 81
418 1 15 3115 6 18 9
419 1 1 3124 1 9 1
420 0 1 3128 3 25 4
421 0 2 3134 1 8 1
422 1 2 3141 431 4298 646
423 1 2 3148 3 25 4
424 0 5 3155 1 3 1
425 0 15 3163 1 6 1
426 1 6 3172 2 7 3
427 0 34 3180 4 12 6
428 1 2 3189 1 9 1
429 0 9 3196 1 3 1
430 0 1 3205 559 5644 838
431 1 3 3210 2 17 3
432 1 6 3218 72 272 108
433 1 6 3226 1 5 1
434 0 1 3234 2586 27984 3879
435 0 2 3240 1 10 1
436 0 3 3247 3401 37245 5101
437 0 3 3254 3 10 4
438 0 6 3262 210 869 315
439 0 2 3270 775 7944 1162
440 0 2 3277 1 9 1
441 0 3 3284 17 56 25
442 0 2 3292 1 9 1
443 1 4 3299 36008 210548 54012
444 1 3 3307 3236 35362 4854
445 1 1 3314 7326 82888 10989
446 0 7 3319 284 1205 426
447 0 11 3327 12 38 18
448 0 1 3336 169 1610 253
449 0 6 3341 2 7 3
450 0 1 3349 1 9 1
451 1 3 3355 5161 57538 7741
452 0 1 3362 457 4570 685
453 0 8 3369 1 4 1
454 1 5 3378 31 108 46
455 1 1 3386 4 33 6
456 0 4 3390 3 10 4
457 1 1 3398 26 224 39
458 1 2 3404 25658 305516 38487
459 0 2 3411 839 8632 1258
460 0 12 3418 2 6 3
461 0 11 3427 46186 273869 69279
462 1 2 3436 14 116 21
463 1 1 3443 1 11 1
464 0 1 3449 4 33 6
465 1 57 3455 1 5 1
466 0 1 3465 343 3383 514
467 0 4 3470 25 85 37
468 1 1 3478 2 17 3
469 0 2 3485 1 9 1
470 0 3 3492 3 25 4
471 0 3 3499 258 1086 387
472 1 1 3507 1 9 1
473 0 1 3513 4518 50084 6777
474 1 2 3519 1 9 1
475 1 7 3526 3328 16835 4992
476 1 1 3534 212 2043 318
477 1 5 3539 3 10 4
478 1 4 3547 1 4 1
479 0 6 3555 20 67 30
480 0 39 3563 223 928 334
481 0 2 3573 1 9 1
482 0 2 3580 3 25 4
483 0 14 3587 31 108 46
484 0 1 3596 1 10 1
485 1 33 3601 720 3277 1080
486 1 2 3610 1 9 1
