0 0 4 5 1 10 1
1 1 4 13 1 10 1
2 0 2 21 9494 108582 14241
3 0 2 28 2930 31880 4395
4 1 2 35 23 197 34
5 1 1 41 63 571 94
6 1 3 46 3 25 4
7 1 1 54 870 8966 1305
8 1 1 59 110 1025 165
9 1 2 64 28 242 42
10 1 3 70 5 40 7
11 0 1 77 1712 18192 2568
12 0 1 82 580 5866 870
13 1 2 87 51 456 76
14 1 1 93 3 25 4
15 0 20 98 1 4 1
16 1 26 109 9 27 13
17 1 1 120 1 10 1
18 1 3 125 154 1461 231
19 0 6 132 1 11 1
20 0 7 141 1 4 1
21 0 1 150 802 8234 1203
22 1 11 154 1 4 1
23 0 7 164 5 15 7
24 1 1 173 1 11 1
25 0 7 177 20 67 30
26 1 3 186 1 11 1
27 0 9 193 101 393 151
28 1 14 202 1 5 1
29 1 12 212 39 139 58
30 0 1 222 13 107 19
31 0 7 226 1 4 1
32 0 21 235 1 4 1
33 1 2 246 3 25 4
34 1 1 252 1 11 1
35 1 10 256 77 293 115
36 0 2 266 6 48 9
37 1 5 273 1 9 1
38 0 4 281 325 3197 487
39 0 2 289 1 9 1
40 0 5 295 39 344 58
41 0 1 303 5 40 7
42 1 7 306 1 4 1
43 0 3 315 339 3342 508
44 0 5 322 1 9 1
45 0 3 330 2806 30474 4209
46 0 1 337 26 224 39
47 0 1 341 3 25 4
48 1 5 346 1188 12418 1782
49 0 2 354 275 2684 412
50 0 4 361 8 64 12
51 0 3 369 5 40 7
52 1 1 376 1 12 1
53 1 14 378 350 1509 525
54 0 1 388 1 9 1
55 1 12 392 2 7 3
56 0 2 402 2 17 3
57 0 9 409 1106 5191 1659
58 0 11 418 1 4 1
59 0 4 428 1 9 1
60 1 4 436 60 542 90
61 0 1 444 1 9 1
62 0 1 446 1 11 1
63 1 2 450 9 73 13
64 0 5 456 5 40 7
65 1 2 464 1 9 1
66 1 3 471 63 570 94
67 1 13 478 69 260 103
68 1 2 488 1 10 1
69 1 5 494 1 9 1
70 0 1 502 267 2602 400
71 0 3 505 1 10 1
72 1 5 513 83 763 124
73 0 2 521 12 98 18
74 0 4 527 13 107 19
75 0 2 535 13136 152253 19704
76 0 1 541 1 9 1
77 0 6 546 2 7 3
78 1 2 555 1 10 1
79 1 2 561 4 33 6
80 0 10 567 1 3 1
81 0 1 577 3 25 4
82 1 2 582 1 10 1
83 1 26 589 6 18 9
84 0 2 600 15 125 22
85 1 1 606 59 532 88
86 0 13 608 95 368 142
87 1 1 618 574 5802 861
88 0 4 623 1026 10654 1539
89 0 2 631 13 107 19
90 1 8 638 1047 4895 1570
91 0 5 647 3 25 4
92 1 4 655 1 11 1
93 1 1 663 32251 387509 48376
94 1 30 668 326 1398 489
95 1 1 679 21 179 31
96 0 1 685 13 108 19
97 0 17 690 1930 9415 2895
98 1 7 700 1 6 1
99 0 5 709 9 72 13
100 0 1 717 2 17 3
101 0 6 722 46 167 69
102 1 6 731 1 9 1
103 1 3 740 1 10 1
104 1 1 747 1 11 1
105 1 1 748 6 48 9
106 0 3 750 85 782 127
107 1 12 757 79 301 118
108 1 1 767 1 10 1
109 1 1 773 1 9 1
110 0 6 778 2 17 3
111 0 4 787 170 1620 255
112 1 2 795 414 4121 621
113 0 5 801 1152 12025 1728
114 0 1 809 3 25 4
115 1 2 813 62 561 93
116 0 1 820 14 116 21
117 0 7 824 1 4 1
118 0 6 833 1 9 1
119 1 1 842 1 9 1
120 0 3 846 1238 12965 1857
121 1 2 853 1 10 1
122 1 8 859 1 3 1
123 0 5 868 707 7217 1060
124 1 8 876 1193 5629 1789
125 1 3 885 1 9 1
126 1 11 892 1 3 1
127 1 5 902 1 10 1
128 0 8 910 711 3233 1066
129 1 3 919 7 56 10
130 1 2 926 23 197 34
131 0 1 932 1 10 1
132 0 2 936 1 9 1
133 1 1 942 1 10 1
134 0 10 948 25 85 37
135 0 18 958 1 4 1
136 1 1 968 63925 788773 95887
137 0 1 972 1 10 1
138 0 8 975 99398 614626 149097
139 0 1 984 3 25 4
140 1 1 988 268 2612 402
141 1 3 993 64183 792078 96274
142 0 1 1000 166 1580 249
143 1 3 1005 168 1600 252
144 0 3 1013 1 11 1
145 0 2 1020 3 25 4
146 1 1 1027 122 1143 183
147 1 2 1032 1 10 1
148 0 34 1039 1 3 1
149 1 4 1050 1283 13458 1924
150 1 3 1058 9 73 13
151 0 1 1065 21 179 31
152 1 4 1070 118 1104 177
153 0 3 1078 1 9 1
154 0 5 1085 1 9 1
155 0 1 1093 1 9 1
156 1 4 1098 1 9 1
157 0 5 1106 1 9 1
158 1 5 1114 1 9 1
159 1 3 1122 2 17 3
160 0 1 1129 31 270 46
161 0 1 1135 2 17 3
162 1 5 1141 273 2663 409
163 1 4 1149 6 48 9
164 1 1 1157 1 11 1
165 1 18 1161 1 4 1
166 0 4 1171 2710 29386 4065
167 1 1 1179 280 2735 420
168 1 11 1184 45 163 67
169 0 31 1194 352 1518 528
170 1 2 1205 18 152 27
171 1 2 1211 1 12 1
172 0 19 1217 9 27 13
173 1 5 1228 13 107 19
174 1 5 1236 25 215 37
175 1 1 1244 42 372 63
176 0 2 1249 43 381 64
177 0 11 1256 1 4 1
178 1 9 1266 18 59 27
179 0 7 1275 1 5 1
180 0 4 1284 1 9 1
181 1 7 1292 3 10 4
182 0 2 1301 1 10 1
183 1 4 1307 437 4361 655
184 0 4 1315 118 1104 177
185 0 1 1323 18339 215453 27508
186 1 1 1328 1 10 1
187 0 1 1332 1 9 1
188 0 1 1337 1 10 1
189 0 4 1343 1 9 1
190 1 4 1351 2 17 3
191 0 6 1359 40 353 60
192 1 1 1368 24 206 36
193 1 3 1373 1460 15404 2190
194 0 8 1380 41 147 61
195 1 11 1389 1607 7741 2410
196 0 2 1399 54 485 81
197 0 6 1406 1 4 1
198 0 4 1415 1 10 1
199 1 5 1423 1 9 1
200 1 7 1432 1 4 1
201 0 1 1441 3 25 4
202 0 2 1445 46090 561574 69135
203 1 7 1452 1 3 1
204 0 2 1461 2 17 3
205 0 3 1468 1 10 1
206 1 2 1475 1 11 1
207 0 3 1482 6340 71299 9510
208 1 2 1489 1 10 1
209 1 2 1496 2115 22686 3172
210 1 2 1503 6 48 9
211 1 1 1509 250 2429 375
212 0 1 1515 1 13 1
213 1 1 1518 2 17 3
214 0 6 1522 19756 232796 29634
215 1 3 1531 1 10 1
216 1 2 1538 3084 33630 4626
217 1 6 1544 19433 228839 29149
218 1 4 1553 1 8 1
219 1 2 1561 130 1222 195
220 0 1 1567 1 8 1
221 1 9 1572 1 5 1
222 0 2 1581 1 11 1
223 1 1 1588 29 252 43
224 1 1 1591 1 9 1
225 1 7 1595 606 2723 909
226 0 2 1604 678 6907 1017
227 1 13 1610 1 5 1
228 1 2 1620 556 5612 834
229 1 6 1626 1734 18436 2601
230 1 5 1635 1 9 1
231 1 7 1643 1 4 1
232 1 5 1652 169 1610 253
233 0 6 1660 12 99 18
234 0 158 1669 130 517 195
235 0 1 1682 12 99 18
236 0 8 1687 24 82 36
237 0 4 1696 116 1084 174
238 1 1 1704 1 10 1
239 0 8 1710 1 3 1
240 1 1 1719 8 64 12
241 0 3 1723 1 9 1
242 1 1 1730 1 9 1
243 0 6 1734 1 9 1
244 0 4 1743 4 33 6
245 0 3 1751 67 609 100
246 0 2 1759 1 10 1
247 0 2 1765 73774 915301 110661
248 0 2 1772 1 9 1
249 1 1 1778 12 99 18
250 0 3 1783 1 9 1
251 0 4 1790 1 9 1
252 0 2 1798 11 90 16
253 0 1 1804 1 8 1
254 0 1 1808 4 33 6
255 0 1 1814 3040 33130 4560
256 0 2 1819 22 188 33
257 1 6 1826 33 116 49
258 0 3 1835 3 25 4
259 0 5 1842 6801 76709 10201
260 1 11 1851 562 2511 843
261 1 5 1861 9 73 13
262 1 5 1869 1 10 1
263 1 2 1877 4 33 6
264 1 2 1883 1 10 1
265 0 2 1890 1 9 1
266 1 6 1896 1 11 1
267 1 4 1905 4 33 6
268 0 6 1913 725 7409 1087
269 0 4 1922 16991 199003 25486
270 0 7 1930 1 3 1
271 0 1 1939 1022643 13959536 1533964
272 1 2 1944 3 25 4
273 1 1 1951 2591 28041 3886
274 1 2 1956 1 9 1
275 1 1 1963 27 233 40
276 0 2 1969 1 9 1
277 1 7 1975 14 45 21
278 1 5 1984 114 1064 171
279 1 4 1993 8 64 12
280 1 7 2001 9 27 13
281 1 3 2010 1 9 1
282 1 6 2017 18 59 27
283 0 1 2026 25 215 37
284 1 2 2030 4 33 6
285 1 3 2036 8 64 12
286 0 4 2043 1 9 1
287 1 7 2051 1 3 1
288 0 4 2060 1069 11121 1603
289 1 2 2068 1 9 1
290 1 29 2075 4 12 6
291 0 5 2086 279 2725 418
292 1 33 2094 76 289 114
293 0 1 2105 20 170 30
294 1 4 2110 53 475 79
295 1 2 2118 1283 13458 1924
296 0 3 2125 4285 47394 6427
297 1 1 2132 1 8 1
298 0 3 2136 1 9 1
299 1 3 2144 2 17 3
300 1 27 2151 4 12 6
301 0 2 2162 25 215 37
302 1 2 2168 10 81 15
303 1 3 2175 1 9 1
304 0 12 2183 40 143 60
305 0 8 2193 24882627 199363236 37323940
306 1 2 2202 24 206 36
307 0 2 2209 394 3912 591
308 0 7 2216 1 5 1
309 1 13 2225 5 15 7
310 1 1 2235 9 73 13
311 0 1 2239 1 9 1
312 0 5 2243 1 9 1
313 1 1 2251 172 1640 258
314 0 3 2256 2 17 3
315 1 5 2263 385 3819 577
316 0 5 2271 15048 175381 22572
317 0 3 2279 3281 35875 4921
318 0 5 2286 2 17 3
319 1 2 2294 44 391 66
320 1 2 2300 1074 11175 1611
321 0 4 2307 94 869 141
322 1 2 2315 2 17 3
323 0 2 2321 9 73 13
324 0 4 2327 201 1932 301
325 1 5 2335 5 40 7
326 0 1 2343 5 41 7
327 0 2 2347 4 32 6
328 1 1 2354 2113 22664 3169
329 1 2 2358 2 17 3
330 0 2 2365 15 125 22
331 1 1 2371 31 270 46
332 0 7 2376 1 3 1
333 0 4 2385 93 860 139
334 1 3 2393 345 3404 517
335 1 15 2400 5 15 7
336 0 5 2410 1 9 1
337 1 6 2418 22 188 33
338 0 1 2427 4 33 6
339 1 6 2431 5 40 7
340 1 4 2440 240 2327 360
341 0 1 2448 1 10 1
342 1 3 2452 1 11 1
343 0 2 2459 239 2316 358
344 0 10 2466 11 34 16
345 0 2 2476 6 48 9
346 0 7 2483 561 2507 841
347 1 4 2492 9 73 13
348 0 2 2500 122 1143 183
349 1 17 2507 3 10 4
350 1 2 2517 9 73 13
351 1 1 2524 617 6258 925
352 1 3 2527 332 3270 498
353 1 1 2534 1 9 1
354 0 1 2540 1 9 1
355 0 1 2546 212620 2744395 318930
356 0 3 2551 22 188 33
357 1 2 2558 6 48 9
358 0 10 2564 1 3 1
359 0 12 2574 4133 21204 6199
360 0 1 2584 1 12 1
361 1 3 2589 19 161 28
362 0 6 2596 547 5517 820
363 1 3 2605 20834 246023 31251
364 1 5 2612 1 9 1
365 1 5 2620 1 10 1
366 0 5 2628 2 17 3
367 0 3 2636 1 11 1
368 0 13 2643 31 108 46
369 0 11 2653 223 928 334
370 1 2 2663 39 344 58
371 1 2 2670 1 9 1
372 1 3 2677 30 261 45
373 0 2 2684 1 10 1
374 1 3 2691 1 11 1
375 0 1 2698 57 513 85
376 1 8 2704 1 3 1
377 1 2 2713 1 10 1
378 0 11 2720 1133 5327 1699
379 1 2 2730 115 1074 172
380 0 1 2737 30608 367011 45912
381 1 3 2741 50 447 75
382 0 2 2748 108 1006 162
383 1 16 2755 1 4 1
384 1 1 2765 1 9 1
385 0 6 2768 21 179 31
386 0 1 2777 34 298 51
387 0 1 2783 23 197 34
388 0 32 2788 3 9 4
389 0 2 2799 1 16 1
390 0 16 2806 1 5 1
391 1 2 2816 1301 13656 1951
392 1 7 2822 1 5 1
393 0 5 2831 11 90 16
394 0 1 2839 1 11 1
395 0 1 2843 25 215 37
396 0 1 2847 1 10 1
397 1 2 2851 5 41 7
398 0 11 2857 44 159 66
399 1 1 2867 1 10 1
400 0 1 2871 3 25 4
401 0 4 2877 1 10 1
402 1 1 2885 1 10 1
403 1 4 2888 419231 5545860 628846
404 1 3 2896 9 73 13
405 0 1 2904 846 8708 1269
406 0 1 2909 2 17 3
407 1 2 2913 298 2919 447
408 1 2 2919 1 9 1
409 0 1 2926 1 8 1
410 0 2 2932 1 8 1
411 0 3 2938 1 10 1
412 1 8 2946 6 18 9
413 1 5 2955 2527 27318 3790
414 0 1 2963 3960 43652 5940
415 0 1 2969 1 9 1
416 1 5 2972 777 7966 1165
417 0 1 2980 13632 158241 20448
418 1 2 2984 19 161 28
419 1 12 2991 121 479 181
420 1 2 3001 1 10 1
421 0 1 3007 254 2469 381
422 1 3 3008 244 2367 366
423 0 3 3015 4 33 6
424 1 2 3022 122 1144 183
425 1 1 3029 97 898 145
426 1 6 3034 6924 78155 10386
427 1 3 3043 1 10 1
428 0 20 3050 50 183 75
429 0 1 3061 41 363 61
430 0 3 3067 1 9 1
431 0 10 3074 1 3 1
432 1 5 3084 1 9 1
433 1 1 3092 340 3353 510
434 0 4 3097 154 1460 231
435 0 1 3105 195 1871 292
436 0 2 3110 1 10 1
437 0 2 3117 2068 22160 3102
438 1 9 3124 1 4 1
439 0 1 3133 2 17 3
440 1 6 3136 592 5993 888
441 1 1 3145 13 108 19
442 0 14 3150 3606 18337 5409
443 0 27 3160 16 52 24
444 1 1 3171 6 48 9
445 1 2 3177 3 25 4
446 1 19 3183 1 3 1
447 0 2 3194 380 3767 570
448 1 1 3201 2 17 3
449 1 3 3205 1928 20596 2892
450 0 7 3212 1 4 1
451 1 9 3221 1 3 1
452 1 1 3230 1 11 1
453 0 3 3236 1 13 1
454 0 2 3244 3 25 4
455 0 1 3250 1 10 1
456 1 6 3254 2 17 3
457 1 1 3263 1 12 1
458 0 1 3268 5 40 7
459 0 3 3273 5 41 7
460 0 10 3280 7 21 10
461 1 2 3290 7 56 10
462 0 10 3296 18439 103731 27658
463 1 6 3306 4 33 6
464 0 2 3315 2 17 3
465 0 5 3321 518 5211 777
466 0 1 3329 1 9 1
467 1 9 3333 1 6 1
468 0 4 3342 1 12 1
469 0 2 3350 4 33 6
470 1 5 3357 3 25 4
471 0 1 3365 1 9 1
472 0 1 3368 233 2255 349
473 0 4 3371 474 4748 711
474 0 1 3379 51 457 76
475 1 1 3384 7 56 10
476 1 1 3388 5005 55726 7507
477 1 3 3393 1 9 1
478 0 1 3400 58643 721206 87964
479 0 30 3405 1 4 1
480 1 1 3416 3842 42296 5763
481 0 1 3421 3 25 4
482 0 1 3426 63 570 94
483 1 4 3430 7 56 10
484 1 22 3438 109 427 163
485 1 2 3449 2 17 3
486 0 3 3455 7 56 10
487 0 1 3462 4 33 6
488 0 1 3467 1 10 1
489 1 4 3472 193 1851 289
490 0 3 3480 3111 33938 4666
491 0 2 3487 1 9 1
492 1 1 3494 1 9 1
493 0 3 3497 32726 393443 49089
494 1 3 3505 1 10 1
495 1 2 3513 153 1450 229
496 1 4 3519 17 143 25
497 0 3 3527 78 714 117
498 1 2 3534 991 10274 1486
499 1 2 3541 1335 14029 2002
500 1 5 3548 111 1035 166
501 0 5 3556 1 9 1
502 0 7 3564 13 41 19
503 1 1 3573 1 9 1
504 1 3 3577 5439 60772 8158
505 1 4 3584 2 17 3
506 1 2 3592 1417 14931 2125
507 1 1 3598 17 143 25
508 1 2 3603 3 25 4
509 1 8 3609 1 4 1
