0 0 5 5 1 10 1
1 0 4 9 1 9 1
2 0 4 13 1 12 1
3 0 3 17 1 9 1
4 0 1 21 335 3301 502
5 1 4 24 1 9 1
6 0 22 28 1 3 1
7 0 43 33 122 483 183
8 1 16 39 257 1081 385
9 0 2 44 75 685 112
10 0 34 47 1 3 1
11 0 2 53 1 9 1
12 0 6 56 1 12 1
13 0 1 60 58 523 87
14 0 1 63 12 99 18
15 1 2 66 3 25 4
16 0 5 69 1 11 1
17 1 7 73 3 9 4
18 1 4 77 15 125 22
19 0 3 81 43 381 64
20 0 2 85 589 5961 883
21 1 11 88 1 3 1
22 1 5 93 1 13 1
23 1 3 97 312 3064 468
24 0 23 101 1 4 1
25 0 1 106 1 10 1
26 1 2 109 1 11 1
27 0 1 112 13 107 19
28 1 1 114 1 9 1
29 1 4 117 1 12 1
30 1 3 121 474 4748 711
31 1 3 125 1 9 1
32 0 4 129 2 17 3
33 1 5 133 1 9 1
34 0 5 137 8 64 12
35 1 3 141 444 4434 666
36 0 3 145 11466 132159 17199
37 0 4 149 1 9 1
38 1 1 153 12 99 18
39 0 4 156 9 72 13
40 1 5 160 1 9 1
41 1 9 164 3 9 4
42 0 3 169 32 279 48
43 0 1 173 20 170 30
44 0 2 175 27 233 40
45 0 3 178 43 381 64
46 0 1 182 1 9 1
47 0 2 184 2278 24515 3417
48 0 10 187 1 4 1
49 0 4 192 269 2622 403
50 1 44 196 508 2253 762
51 1 7 202 1 3 1
52 1 1 207 1 10 1
53 0 1 209 133 1252 199
54 1 1 212 1 9 1
55 1 1 215 15 125 22
56 1 4 217 6 48 9
57 0 2 221 4 33 6
58 0 5 224 86 791 129
59 1 1 228 1402 14766 2103
60 0 1 231 12 98 18
61 0 4 234 11 90 16
62 1 5 238 1 10 1
63 0 2 242 294 2879 441
64 0 13 245 9 27 13
65 0 2 250 68 618 102
66 0 4 253 4 33 6
67 1 18 257 3 10 4
68 0 2 262 3 25 4
69 1 1 265 1 10 1
70 1 1 268 340 3352 510
71 1 1 270 418 4162 627
72 0 14 273 49 179 73
73 0 1 278 1 9 1
74 0 5 281 64 580 96
75 1 2 285 2 17 3
76 1 3 288 1 9 1
77 1 1 292 1 9 1
78 0 6 294 1 9 1
79 0 10 298 1 4 1
80 0 3 303 174 1660 261
81 1 8 307 1 3 1
82 0 1 312 1 12 1
83 0 10 313 3666 18662 5499
84 1 2 318 1 11 1
85 1 2 321 6 48 9
86 1 2 324 85 782 127
87 0 7 327 77134 470480 115701
88 1 1 332 105429 1325844 158143
89 0 5 334 176 1680 264
90 0 71 338 1 4 1
91 1 2 344 224 2164 336
92 1 6 347 14 116 21
93 0 7 351 27 93 40
94 1 4 355 137 1292 205
95 0 6 359 489 4906 733
96 0 1 363 1 9 1
97 0 17 365 1 3 1
98 0 8 370 239 1000 358
99 0 13 375 4930 25581 7395
100 0 1 380 36 316 54
101 0 5 383 14 116 21
102 0 3 387 45 400 67
103 1 3 391 5 40 7
104 1 5 395 1 11 1
105 1 3 399 1 9 1
106 1 3 403 1 9 1
107 0 2 407 14 116 21
108 1 5 410 11 90 16
109 1 24 414 1 4 1
110 1 1 419 144 1361 216
111 1 1 421 11848 136746 17772
112 0 2 423 1 10 1
113 1 3 426 2158 23168 3237
114 1 1 430 2 17 3
115 1 1 433 857 8826 1285
116 0 1 435 2 17 3
117 1 1 437 20 170 30
118 1 5 439 6095 68430 9142
119 0 2 443 3317 36286 4975
120 1 2 446 3716 40851 5574
121 1 1 449 9 73 13
122 0 2 451 1 12 1
123 1 1 454 80 733 120
124 0 7 457 30 104 45
125 1 5 461 23 197 34
126 1 1 465 2 17 3
127 1 1 467 5 41 7
128 0 2 470 971 10057 1456
129 1 2 473 1 10 1
130 1 1 476 1 9 1
131 1 2 478 1119 11665 1678
132 0 1 481 1649 17493 2473
133 0 3 483 2 17 3
134 0 4 487 1 12 1
135 0 3 491 31 270 46
136 1 11 495 11032 60185 16548
137 0 1 500 1055287 14420826 1582930
138 1 10 503 1 5 1
139 1 2 508 4473 49564 6709
140 1 2 511 57 513 85
141 1 11 514 1 4 1
142 1 2 519 3 25 4
143 0 2 522 17569 206051 26353
144 0 16 525 1 4 1
145 0 2 530 1 11 1
146 1 4 533 269 2622 403
147 0 2 537 26 224 39
148 0 4 540 112 1045 168
149 1 1 544 2 17 3
150 1 8 547 42 151 63
151 1 1 552 1 11 1
152 1 2 555 9 73 13
153 1 2 558 2 17 3
154 1 1 561 297 2909 445
155 1 3 564 1 9 1
156 0 4 568 1 10 1
157 1 3 572 41 362 61
158 0 1 576 1 8 1
159 0 1 578 1740 18503 2610
160 0 17 581 25998 149213 38997
161 1 4 586 2 17 3
162 0 2 590 18 152 27
163 0 4 593 1 10 1
164 1 4 597 1 9 1
165 1 2 601 27 233 40
166 0 1 604 27 233 40
167 0 1 606 4 32 6
168 1 1 609 1 10 1
169 1 1 611 259 2520 388
170 1 1 613 1280 13425 1920
171 1 3 616 1 10 1
172 1 4 620 7 56 10
173 0 3 624 117 1094 175
174 0 3 628 46 410 69
175 1 3 632 2 17 3
176 1 3 636 26 224 39
177 1 2 640 5 40 7
178 0 11 643 1 4 1
179 1 6 648 88699 545124 133048
180 0 1 652 2 17 3
181 1 12 655 3 10 4
182 1 2 660 6 48 9
183 0 7 663 120 475 180
184 0 3 667 2 17 3
185 0 2 671 186 1781 279
186 0 3 674 14 116 21
187 0 4 678 14 116 21
188 0 1 682 31 270 46
189 1 1 683 64 580 96
190 0 1 686 1 10 1
191 0 2 688 1 9 1
192 1 1 691 1 9 1
193 1 4 693 1 10 1
194 0 2 697 2 17 3
195 0 5 700 20 169 30
196 0 2 704 115 1074 172
197 1 20 707 6167 32456 9250
198 0 1 712 10 81 15
199 1 1 714 19 161 28
200 1 1 717 14 116 21
201 1 5 720 1 8 1
202 0 7 724 1 5 1
203 1 2 729 1 11 1
204 0 4 732 2 17 3
205 0 1 736 118 1104 177
206 1 2 739 1 10 1
207 1 3 742 66 599 99
208 0 5 746 7060 79755 10590
209 0 1 750 7 56 10
210 0 2 752 16 134 24
211 0 8 755 1 3 1
212 1 8 760 277 1173 415
213 1 2 765 12 99 18
214 1 1 768 754 7719 1131
215 1 4 770 8 64 12
216 0 5 774 7 56 10
217 0 2 778 453 4528 679
218 0 2 781 1 10 1
219 1 4 784 2 17 3
220 1 3 788 1 9 1
221 1 1 792 2 17 3
222 1 1 794 1 10 1
223 1 6 797 1 9 1
224 1 1 801 7 56 10
225 1 4 803 71847 890493 107770
226 1 3 807 611 6195 916
227 1 2 811 17 143 25
228 1 8 814 1 5 1
229 0 6 819 4 33 6
230 1 1 823 1548 16376 2322
231 0 1 825 6 48 9
232 1 3 827 1 9 1
233 0 1 831 2 17 3
234 1 4 833 1 9 1
235 0 1 837 6 48 9
236 0 1 839 102 947 153
237 0 1 842 1 10 1
238 1 1 845 1 9 1
239 1 1 846 101 937 151
240 1 2 848 1 9 1
241 0 1 851 1 12 1
242 1 23 853 1 3 1
243 1 1 858 5 41 7
244 1 1 861 1032 10719 1548
245 0 1 864 1 11 1
246 1 11 866 5436 28382 8154
247 1 1 871 7 56 10
248 0 6 874 4 33 6
249 0 4 878 1 10 1
250 0 4 882 7 56 10
251 0 6 886 941 4366 1411
252 1 9 890 1 4 1
253 0 1 895 171 1630 256
254 1 1 898 1 10 1
255 0 2 900 71 647 106
256 1 2 903 122 1143 183
257 0 2 906 2 17 3
258 1 1 909 1 9 1
259 0 10 910 1 4 1
260 1 2 915 634 6438 951
261 0 1 918 1 9 1
262 1 2 920 5431 60679 8146
263 0 14 923 129 513 193
264 1 3 928 1 10 1
265 1 3 932 37 325 55
266 0 5 936 3095 33756 4642
267 1 1 940 1 10 1
268 0 14 943 9 27 13
269 0 1 948 170 1620 255
270 0 6 950 5241 58468 7861
271 1 2 954 31 270 46
272 0 2 957 1 9 1
273 0 3 960 16542052 247586436 24813078
274 1 2 964 56 504 84
275 1 12 967 7 21 10
276 0 1 972 48 428 72
277 1 2 974 1 10 1
278 1 11 977 1 4 1
279 1 1 982 2 17 3
280 1 1 984 1 9 1
281 0 3 986 200 1921 300
282 0 3 990 28 243 42
283 1 1 994 2 17 3
284 1 7 996 1 5 1
285 1 3 1000 192 1841 288
286 1 8 1004 31 108 46
287 1 4 1009 12 99 18
288 0 6 1013 10 81 15
289 1 4 1017 115256 1454284 172884
290 1 3 1021 89 821 133
291 0 2 1025 4717 52387 7075
292 0 21 1028 6430 33929 9645
293 0 12 1033 26 89 39
294 1 10 1038 6 18 9
295 0 19 1043 12822 70589 19233
296 0 1 1048 1 10 1
297 0 2 1050 3 25 4
298 1 6 1053 2 17 3
299 1 3 1057 1 9 1
300 0 1 1061 1 8 1
301 1 3 1064 159 1510 238
302 1 9 1068 1350 6426 2025
303 0 4 1073 151 1430 226
304 1 10 1077 31 108 46
305 0 3 1082 48508 592209 72762
306 1 2 1086 3611 39647 5416
307 1 5 1089 1 9 1
308 1 6 1093 70 638 105
309 0 1 1097 10 81 15
310 1 3 1100 2 17 3
311 1 3 1104 1 10 1
312 0 16 1108 1 5 1
313 1 4 1113 1 10 1
314 1 2 1117 1 9 1
315 1 4 1120 17911 210225 26866
316 1 18 1124 1 4 1
317 1 1 1129 561 5665 841
318 1 1 1131 1 10 1
319 0 3 1134 8 64 12
320 0 3 1138 1 9 1
321 1 7 1142 1008 4700 1512
322 0 3 1146 7 56 10
323 0 1 1150 1 10 1
324 1 6 1153 1 8 1
325 1 2 1157 1 9 1
326 0 6 1160 6 48 9
327 1 2 1164 3 25 4
328 0 1 1167 754 7719 1131
329 1 4 1169 8 64 12
330 1 5 1173 1 9 1
331 1 7 1177 886 4093 1329
332 1 2 1181 6 48 9
333 1 4 1184 24421 290215 36631
334 1 2 1188 1 9 1
335 1 2 1191 1 9 1
336 1 7 1194 21655268 172509061 32482902
337 0 2 1199 2 17 3
338 1 2 1202 2 17 3
339 1 4 1205 499 5011 748
340 1 3 1209 1 9 1
341 0 1 1213 9 73 13
342 0 2 1215 1 9 1
343 0 2 1218 1 9 1
344 0 3 1221 7 56 10
345 1 3 1225 54 485 81
346 1 1 1229 978 10133 1467
347 0 3 1231 1387 14600 2080
348 1 1 1235 1078 11219 1617
349 0 1 1237 43 381 64
350 1 2 1239 1 9 1
351 1 7 1242 13 41 19
352 0 9 1247 184 754 276
353 1 4 1252 17 143 25
354 1 5 1256 57588 707737 86382
355 1 1 1260 1 9 1
356 0 1 1263 1 9 1
357 1 7 1266 435 1907 652
358 0 4 1270 1 10 1
359 1 2 1274 78440 975466 117660
360 1 1 1277 34 298 51
361 0 2 1279 63 570 94
362 0 3 1282 20 170 30
363 1 2 1286 550 5548 825
364 1 1 1289 4 33 6
365 1 9 1292 8 24 12
366 0 1 1297 1 9 1
367 1 1 1299 1064 11067 1596
368 0 2 1302 2 17 3
369 0 2 1305 12 99 18
370 1 2 1308 66 599 99
371 0 2 1311 1 8 1
372 0 9 1314 3 10 4
373 0 7 1319 1 4 1
374 0 3 1323 8 64 12
375 1 2 1327 1 9 1
376 1 14 1330 1 4 1
377 0 6 1335 1 10 1
378 1 8 1339 739 3369 1108
379 1 3 1344 1 12 1
380 1 4 1348 1930 20618 2895
381 1 9 1352 7112 37766 10668
382 1 5 1357 320 3146 480
383 1 1 1361 2 17 3
384 1 2 1364 29 252 43
385 0 2 1367 1 9 1
386 0 2 1370 19801 233348 29701
387 0 1 1373 1 9 1
388 1 3 1374 1 9 1
389 0 2 1378 82 753 123
390 0 2 1381 1 9 1
391 1 4 1384 38 335 57
392 1 2 1388 2 17 3
393 0 1 1391 744 7612 1116
394 0 1 1392 2 17 3
395 1 2 1394 2294 24695 3441
396 1 3 1397 5 40 7
397 0 7 1401 4 12 6
398 1 4 1406 1 10 1
399 0 4 1410 4238 46852 6357
400 1 3 1414 11 90 16
401 0 2 1418 205 1972 307
402 0 5 1421 1 10 1
403 0 2 1425 1 10 1
404 0 6 1428 94 364 141
405 1 3 1432 7 56 10
406 1 4 1436 1 9 1
407 1 1 1440 3 25 4
408 0 53 1443 18 59 27
409 1 2 1449 6 48 9
410 1 1 1452 253 2459 379
411 0 1 1455 2808 30497 4212
412 1 3 1456 2 17 3
413 1 7 1460 7 21 10
414 0 6 1464 1163 12146 1744
415 1 1 1468 1 9 1
416 0 6 1470 16 134 24
417 0 7 1474 2318 11448 3477
418 1 3 1478 2 17 3
419 0 25 1482 1 4 1
420 1 1 1487 13 107 19
421 1 3 1489 99 918 148
422 0 4 1493 1 10 1
423 1 1 1497 1 10 1
424 0 3 1500 105 976 157
425 1 2 1504 3 25 4
426 1 6 1507 1 3 1
427 0 1 1511 25 215 37
428 1 5 1513 1 10 1
429 1 5 1517 1 12 1
430 0 3 1521 49 438 73
431 0 3 1525 967 10014 1450
432 0 4 1529 1 10 1
433 0 1 1533 149 1410 223
434 1 14 1536 505392 3397216 758088
435 0 3 1541 1 10 1
436 1 5 1544 1 12 1
437 1 5 1548 312 3064 468
438 0 3 1552 15 125 22
439 0 1 1556 2469 26664 3703
440 1 2 1558 214 2063 321
441 0 2 1561 1880 20061 2820
442 1 1 1564 1 11 1
443 1 2 1567 1 8 1
444 1 11 1570 21 70 31
445 1 2 1575 2757 29918 4135
446 0 1 1578 107379 1351297 161068
447 1 2 1580 1 9 1
448 1 2 1583 13 107 19
449 1 3 1586 8620 98192 12930
450 0 5 1590 31 270 46
451 1 2 1594 26 224 39
452 0 3 1597 1958 20931 2937
453 1 2 1601 6 48 9
454 1 2 1604 27 233 40
455 1 1 1607 398 3954 597
456 0 2 1610 13 107 19
457 1 1 1613 3 25 4
458 0 1 1616 3 25 4
459 1 6 1618 1 10 1
460 1 1 1622 59 532 88
461 0 1 1623 120 1123 180
462 1 36 1624 6 18 9
463 0 2 1630 176 1680 264
464 0 4 1633 28946 346318 43419
465 0 2 1637 1 9 1
466 1 15 1640 1 4 1
467 0 2 1645 17 143 25
468 0 1 1648 783 8030 1174
469 1 6 1651 29 252 43
470 1 4 1655 62 561 93
471 0 10 1659 6 18 9
472 1 5 1664 1405 14798 2107
473 1 1 1668 44 390 66
474 1 3 1670 1 10 1
475 0 10 1674 6 18 9
476 1 4 1679 1 10 1
477 1 5 1683 1 9 1
478 1 2 1687 5 40 7
479 1 4 1690 4 33 6
480 1 2 1694 1 9 1
481 0 2 1697 738 7548 1107
482 1 1 1700 11328 130504 16992
483 0 4 1702 396 3933 594
484 0 6 1706 1989 21277 2983
485 0 1 1710 85 782 127
486 1 2 1712 1 10 1
487 1 8 1715 1 5 1
488 1 2 1720 7 56 10
489 1 3 1723 1 9 1
490 1 15 1727 11 34 16
491 1 6 1732 3 25 4
492 0 2 1736 32 279 48
493 1 14 1739 1305 6197 1957
494 1 7 1744 5 15 7
495 1 2 1748 1 9 1
496 0 8 1751 6105 32110 9157
497 0 2 1756 676 6886 1014
498 0 1 1759 2 17 3
499 0 33 1762 1 4 1
500 0 4 1768 391 3881 586
501 0 1 1772 3027 32982 4540
502 0 3 1775 2 17 3
503 1 1 1779 29 251 43
504 0 17 1782 59 219 88
505 0 1 1787 41 363 61
506 1 5 1789 11 90 16
507 1 14 1793 1 3 1
508 1 7 1798 173 705 259
509 1 1 1802 1 9 1
510 1 4 1803 18 152 27
511 1 2 1807 75 685 112
512 1 2 1810 18 152 27
513 1 1 1813 1 8 1
514 1 4 1815 442 4413 663
515 0 4 1819 1 10 1
516 1 1 1823 471 4717 706
517 1 3 1825 1 12 1
518 0 10 1829 11011 60064 16516
519 0 5 1834 58 523 87
520 1 1 1838 28 243 42
521 1 3 1839 14 116 21
522 1 2 1843 15 125 22
523 1 2 1846 412 4100 618
524 1 1 1849 6 48 9
525 1 8 1851 59 219 88
526 0 23 1856 1 5 1
527 1 3 1861 67 608 100
528 0 2 1865 10 81 15
529 1 4 1868 45 400 67
530 0 23 1872 124 491 186
531 1 2 1877 2 17 3
532 0 3 1880 509 5116 763
533 1 1 1883 3227 35259 4840
534 1 4 1886 12 99 18
535 0 9 1890 1 4 1
536 0 2 1895 1 10 1
537 1 1 1898 1 10 1
538 1 4 1900 282 2756 423
539 0 4 1904 19 161 28
540 0 1 1908 1 9 1
541 1 4 1910 2 17 3
542 1 10 1914 18 59 27
543 1 2 1919 1 9 1
544 1 3 1922 7 56 10
545 0 3 1926 1 9 1
546 1 2 1930 1 9 1
547 1 1 1933 21 179 31
548 1 5 1936 2 17 3
549 0 2 1940 1 10 1
550 0 2 1943 131 1232 196
551 0 3 1946 1 13 1
552 1 3 1950 1 9 1
553 1 3 1954 6465 72764 9697
554 1 3 1958 670 6822 1005
555 1 1 1962 50427 616563 75640
556 0 2 1965 1 12 1
557 1 2 1968 1 9 1
558 1 8 1971 53 195 79
559 1 8 1976 1 4 1
560 1 4 1981 44 391 66
561 1 3 1985 176 1680 264
562 1 1 1989 6 48 9
563 1 1 1991 86422 1078690 129633
564 0 2 1994 1 11 1
565 1 1 1997 4 33 6
566 1 2 2000 1 11 1
567 1 3 2003 1 10 1
568 0 3 2007 35 307 52
569 1 2 2011 9770 111871 14655
570 0 1 2014 95 879 142
571 1 1 2017 112628 1419895 168942
572 0 1 2020 56 504 84
573 0 3 2023 1 9 1
574 0 2 2027 24 206 36
575 1 1 2030 2 17 3
576 0 2 2032 644 6545 966
577 0 18 2035 1 3 1
578 0 1 2040 2 17 3
579 0 10 2043 6 18 9
580 1 3 2048 28 242 42
581 1 7 2052 7 21 10
582 1 2 2056 69 627 103
583 1 1 2059 2 17 3
584 0 3 2062 45 400 67
585 0 1 2066 432 4309 648
586 0 15 2068 9365 50583 14047
587 0 8 2073 1 3 1
588 0 2 2078 1 11 1
589 1 3 2081 35 307 52
590 0 6 2085 1747 18581 2620
591 1 3 2089 720 7355 1080
592 1 18 2092 1406 6711 2109
593 0 13 2097 1 3 1
594 1 1 2102 9256 105749 13884
595 1 2 2105 5 41 7
596 0 1 2108 195 1871 292
597 0 3 2110 55 494 82
598 0 1 2114 182 1741 273
599 0 2 2117 1 10 1
600 1 6 2120 24 206 36
601 0 3 2124 11 90 16
602 0 7 2128 97 377 145
603 1 4 2132 55 495 82
604 0 5 2136 129 1212 193
605 0 12 2140 1 3 1
606 0 1 2145 1 9 1
607 0 1 2146 1 10 1
608 0 4 2148 6 48 9
609 1 2 2152 28 242 42
610 0 2 2155 1 9 1
611 1 2 2158 1 10 1
612 1 24 2161 1 4 1
613 0 7 2166 1 4 1
614 0 21 2170 469 2068 703
615 0 8 2175 1 4 1
616 0 1 2180 1 9 1
617 0 5 2182 99 918 148
618 1 1 2186 2 17 3
619 1 2 2189 2 17 3
620 0 4 2192 1 9 1
621 1 4 2196 1862 19860 2793
622 0 3 2200 1 11 1
623 1 17 2204 1 5 1
624 0 2 2209 12 99 18
625 0 16 2212 12 38 18
626 0 1 2217 1 9 1
627 1 16 2220 74 280 111
628 1 2 2225 1 10 1
629 0 1 2228 6 48 9
630 0 1 2231 11 90 16
631 1 13 2234 60 223 90
632 0 26 2239 9 27 13
633 1 2 2244 9 73 13
634 1 3 2247 2 17 3
635 0 11 2251 1 4 1
636 1 1 2256 1 11 1
637 1 8 2258 159 643 238
638 0 2 2263 382 3788 573
639 1 2 2266 1 12 1
640 0 4 2269 3823 42078 5734
641 1 9 2273 17 55 25
642 0 2 2278 1 8 1
643 0 2 2281 545 5496 817
644 0 7 2284 1 3 1
645 1 1 2288 10 81 15
646 1 1 2291 1 9 1
647 1 1 2294 13 107 19
648 0 2 2297 2 17 3
649 0 16 2300 33 116 49
650 1 1 2305 180 1720 270
651 1 5 2308 2 17 3
652 0 2 2312 15 125 22
653 1 1 2315 32 279 48
654 1 2 2317 14 116 21
655 0 11 2320 13718 75829 20577
656 1 2 2325 12 98 18
657 0 5 2328 2609 28244 3913
658 0 3 2332 1778 18925 2667
659 1 4 2335 547 5517 820
660 0 2 2339 16 134 24
661 1 2 2342 39 344 58
662 0 1 2345 1 10 1
663 0 2 2347 1 8 1
664 1 2 2350 4 33 6
665 0 1 2353 1 10 1
666 0 3 2355 1 9 1
667 1 1 2359 6 48 9
668 1 5 2361 54 485 81
669 1 2 2365 2 17 3
670 1 1 2368 13 108 19
671 0 1 2370 11 90 16
672 0 2 2372 1739 18492 2608
673 0 1 2375 469 4696 703
674 1 1 2377 4 33 6
675 0 5 2379 3 25 4
676 1 2 2383 1 9 1
677 1 2 2386 1 11 1
678 0 2 2389 1 10 1
679 1 11 2392 129 513 193
680 1 10 2397 1092 5121 1638
681 0 10 2402 11 34 16
682 1 4 2407 1 10 1
683 0 4 2411 18 152 27
684 1 1 2415 1 13 1
685 1 2 2417 1 10 1
686 1 8 2420 1 3 1
687 1 5 2425 11 90 16
688 0 2 2429 1 10 1
689 1 11 2432 1 3 1
690 1 15 2437 118 466 177
691 1 5 2442 4 33 6
692 1 3 2446 2 17 3
693 0 17 2450 20 67 30
694 0 9 2455 182 745 273
695 1 2 2460 40 353 60
696 1 3 2463 2 17 3
697 1 7 2467 1 4 1
698 1 3 2471 3 25 4
699 1 3 2475 1337 14051 2005
700 1 3 2479 119 1114 178
701 1 2 2483 18 152 27
702 0 2 2486 4 33 6
703 0 2 2489 35 307 52
704 0 4 2492 20 170 30
705 0 3 2496 6 48 9
706 0 2 2500 59 532 88
707 0 7 2503 121 479 181
708 0 2 2507 1 11 1
709 1 1 2510 2 17 3
710 1 3 2513 1 10 1
711 0 2 2517 489 4906 733
712 1 5 2520 89 821 133
713 1 3 2524 1 12 1
714 0 21 2528 4 12 6
715 0 2 2533 1261 13217 1891
716 0 4 2536 1 10 1
717 0 3 2540 2 17 3
718 1 1 2544 1 8 1
719 1 1 2546 15 125 22
720 1 2 2549 4594 50963 6891
721 0 2 2552 919 9495 1378
722 1 3 2555 1 10 1
723 1 2 2559 670 6822 1005
724 1 2 2562 1 8 1
725 0 7 2565 7 21 10
726 1 1 2570 301 2950 451
727 0 9 2573 117 461 175
728 1 1 2578 1396 14700 2094
729 1 4 2581 473 4738 709
730 0 20 2585 19 63 28
731 1 3 2590 1 9 1
732 1 12 2594 6958 36897 10437
733 0 1 2599 1 9 1
734 1 1 2601 29 252 43
735 1 3 2602 1 9 1
736 1 1 2606 1 11 1
737 1 6 2609 1 10 1
738 1 1 2613 1 9 1
739 1 28 2615 1 4 1
740 1 2 2621 1 10 1
741 0 1 2624 175 1670 262
742 1 8 2627 1 3 1
743 1 8 2632 1 5 1
744 0 2 2637 5 40 7
745 1 3 2640 2081 22306 3121
746 0 5 2644 3 25 4
747 1 2 2648 199 1911 298
748 0 1 2651 1 9 1
749 0 8 2653 1 4 1
750 1 2 2658 1 10 1
751 1 2 2661 1 9 1
752 0 1 2664 5 40 7
753 1 4 2667 1 10 1
754 0 2 2671 25 215 37
755 0 3 2674 1 9 1
756 0 1 2678 3 25 4
757 1 2 2681 1 8 1
758 0 2 2684 1 9 1
759 0 5 2687 3 25 4
760 0 1 2691 1 10 1
761 0 2 2693 33 288 49
762 0 1 2696 1 9 1
763 0 2 2699 12 99 18
764 0 1 2702 3 25 4
765 0 5 2705 93 860 139
766 1 5 2709 6 48 9
767 0 6 2713 2 17 3
768 1 3 2717 3 25 4
769 0 1 2721 240 2327 360
770 1 3 2723 1 11 1
771 1 5 2727 2 17 3
772 1 6 2731 6 48 9
773 1 4 2735 8 64 12
774 1 2 2739 1 9 1
775 1 5 2742 1 9 1
776 1 6 2746 6 48 9
777 1 2 2750 15 125 22
778 1 9 2753 759 3467 1138
779 0 9 2758 1 5 1
780 1 9 2763 1 5 1
781 0 6 2768 120 1124 180
782 0 4 2772 91 840 136
783 0 1 2776 1 9 1
784 1 9 2779 1 3 1
785 1 7 2784 21 70 31
786 1 3 2789 3 25 4
787 0 3 2793 914 9441 1371
788 1 1 2797 52 466 78
789 0 1 2799 1 9 1
790 1 22 2802 1 4 1
791 1 6 2807 726 3306 1089
792 0 7 2811 1 4 1
793 1 1 2815 29936 358639 44904
794 0 8 2818 9 27 13
795 1 3 2823 5 40 7
796 0 2 2827 462 4622 693
797 0 1 2830 1 9 1
798 0 1 2832 6667 75135 10000
799 1 1 2835 279 2725 418
800 0 4 2837 3 25 4
801 1 8 2841 1 5 1
802 1 4 2846 13 107 19
803 0 2 2850 1 9 1
804 0 2 2853 1 9 1
805 0 4 2856 19 161 28
806 1 11 2860 1 3 1
807 0 12 2865 1 4 1
808 0 15 2870 265 1118 397
809 0 8 2875 1 3 1
810 1 1 2880 29 252 43
811 1 1 2882 2 17 3
812 0 1 2884 24 206 36
813 1 3 2887 1 10 1
814 1 4 2891 109 1015 163
815 1 1 2895 1 9 1
816 0 17 2898 2 7 3
817 0 2 2903 59 532 88
818 1 11 2906 1 4 1
819 1 2 2911 4 33 6
820 1 7 2914 128938 808395 193407
821 0 1 2918 8 64 12
822 1 1 2921 13 108 19
823 0 4 2923 5 40 7
824 0 2 2927 39 344 58
825 0 1 2930 10 81 15
826 0 3 2932 1 10 1
827 0 2 2936 3 25 4
828 0 3 2939 3 25 4
829 1 1 2943 3245 35465 4867
830 1 2 2946 8 64 12
831 0 2 2949 1 11 1
832 0 2 2952 12 99 18
833 1 1 2955 90 830 135
834 0 7 2957 14 45 21
835 1 4 2962 7 56 10
836 0 12 2966 1 4 1
837 1 1 2971 28053 335217 42079
838 0 3 2974 209 2012 313
839 0 7 2978 1 3 1
840 1 11 2982 4 12 6
841 1 3 2987 1 12 1
842 1 1 2991 1 10 1
843 1 6 2994 171 1630 256
844 0 1 2998 57 513 85
845 1 1 3000 11 90 16
846 1 2 3003 5547 62030 8320
847 0 2 3006 4011 44238 6016
848 0 6 3009 1 9 1
849 0 9 3013 1 3 1
850 1 1 3018 3 25 4
851 1 1 3019 1 9 1
852 0 1 3022 1 9 1
853 1 7 3023 9 27 13
854 1 1 3027 46 410 69
855 0 9 3030 282 1195 423
856 0 3 3035 19383 228226 29074
857 0 4 3039 51 457 76
858 0 5 3043 10 81 15
859 0 2 3047 1 9 1
860 1 1 3050 2 17 3
861 1 3 3053 1 10 1
862 0 9 3057 4 12 6
863 1 2 3062 260 2530 390
864 0 3 3065 21 179 31
865 0 3 3069 1 9 1
866 1 14 3073 1 4 1
867 0 2 3078 2 17 3
868 0 14 3081 974 4530 1461
869 0 1 3086 940 9722 1410
870 1 23 3089 1 4 1
871 0 1 3094 1 11 1
872 0 5 3097 1 9 1
873 0 4 3101 59 532 88
874 0 1 3105 1 9 1
875 1 3 3107 9 72 13
876 1 9 3111 15 48 22
877 0 1 3116 11 90 16
878 1 1 3119 1 10 1
879 1 2 3122 5 40 7
880 1 4 3125 7 56 10
881 0 1 3129 6061 68032 9091
882 1 4 3131 2 17 3
883 1 7 3135 5021 26083 7531
884 1 3 3139 1 12 1
885 0 1 3143 8 64 12
886 1 1 3146 206 1982 309
887 1 2 3147 1 12 1
888 0 1 3150 63 570 94
889 0 1 3152 4478 49623 6717
890 1 1 3154 444 4434 666
891 1 2 3156 46 410 69
892 1 6 3159 1306 13711 1959
893 1 17 3163 1 3 1
894 1 4 3168 120 1123 180
895 0 1 3172 1 10 1
896 1 1 3174 13 108 19
897 1 3 3175 1554 16442 2331
898 0 2 3179 561 5665 841
899 0 1 3182 61 551 91
900 0 38 3185 8 24 12
901 1 1 3191 6 48 9
902 1 6 3193 215 2073 322
903 1 3 3197 114 1064 171
904 0 5 3201 3921 43204 5881
905 1 2 3205 1 9 1
906 1 7 3208 1 3 1
907 0 10 3213 1 3 1
908 1 2 3218 519 5222 778
909 0 4 3221 68 618 102
910 1 3 3225 1 9 1
911 0 1 3229 1 13 1
912 1 8 3232 1 5 1
913 1 3 3237 3 25 4
914 1 13 3241 1 5 1
915 0 2 3246 417 4152 625
916 1 2 3249 48 428 72
917 0 2 3252 1 9 1
918 0 1 3255 11301 130180 16951
919 1 10 3257 1122 5272 1683
920 1 12 3262 27223 156659 40834
921 1 9 3267 1 4 1
922 1 12 3272 1283 6085 1924
923 0 11 3277 8 24 12
924 0 4 3282 98 908 147
925 0 2 3286 333 3280 499
926 1 20 3289 765 3497 1147
927 1 3 3294 11 90 16
928 0 1 3298 1 11 1
929 0 2 3301 3064 33403 4596
930 1 2 3304 1 10 1
931 0 2 3307 2650 28708 3975
932 0 2 3310 3 25 4
933 0 9 3313 33 116 49
934 1 2 3318 947 9798 1420
935 1 3 3321 2 17 3
936 1 2 3325 1 9 1
937 1 9 3328 1 4 1
938 0 22 3333 15 49 22
939 0 6 3338 1531 16188 2296
940 0 1 3342 2 17 3
941 1 17 3344 16 52 24
942 0 4 3349 67364 832876 101046
943 0 3 3353 52 466 78
944 0 1 3357 818 8406 1227
945 1 1 3360 208 2002 312
946 1 1 3362 3 25 4
947 0 31 3363 1876 9134 2814
948 1 4 3369 5 40 7
949 0 7 3373 1 3 1
950 0 5 3377 1 9 1
951 0 2 3381 49 438 73
952 0 3 3384 3 25 4
953 1 5 3388 23 197 34
954 0 3 3392 5 40 7
955 1 1 3396 1 9 1
956 1 4 3399 561 5665 841
957 0 1 3403 15669 182919 23503
958 0 4 3405 17403 204025 26104
959 1 5 3409 1 10 1
960 1 5 3413 21 179 31
961 0 4 3417 1 9 1
962 1 3 3421 1 9 1
963 1 9 3425 1 4 1
964 1 2 3430 10 81 15
965 0 10 3433 4417 22758 6625
966 0 5 3438 5 41 7
967 0 10 3442 2 6 3
968 0 12 3447 1 5 1
969 1 1 3452 390 3871 585
970 1 11 3454 1 4 1
971 0 4 3459 2 17 3
972 1 6 3463 1 10 1
973 0 2 3467 7 56 10
974 0 11 3470 1 3 1
975 1 2 3475 1 9 1
976 1 4 3478 23 197 34
977 1 1 3482 14 116 21
978 0 3 3484 3 25 4
979 0 20 3488 2 7 3
980 0 4 3493 1711 18181 2566
981 0 1 3497 1 9 1
982 0 5 3499 8 64 12
983 0 3 3503 217 2093 325
984 1 8 3507 1 4 1
985 1 1 3512 1 9 1
986 0 5 3515 1 9 1
987 1 6 3519 4 33 6
988 0 3 3523 2 17 3
989 1 1 3527 1 12 1
990 1 2 3528 5 41 7
991 1 4 3531 1 10 1
992 0 54 3535 276 1168 414
993 0 1 3541 9 72 13
994 1 5 3544 1 9 1
995 0 2 3548 12 98 18
996 1 2 3551 1 9 1
997 1 6 3554 350 1509 525
998 0 11 3558 2 7 3
999 1 2 3563 1 10 1
1000 0 3 3566 33 288 49
1001 1 1 3570 1 8 1
1002 1 1 3573 1 10 1
1003 1 6 3574 1 11 1
1004 0 1 3578 49 438 73
1005 1 7 3581 5 15 7
1006 1 4 3585 1 9 1
1007 1 2 3589 1 9 1
1008 0 3 3592 1 11 1
1009 0 2 3596 88 811 132
1010 1 10 3599 1 4 1
1011 1 1 3604 1 9 1
1012 0 1 3606 13 107 19
