0 1 1 5 171 1630 256
1 0 7 6 461 2030 691
2 0 2 11 22 188 33
3 0 1 14 1 12 1
4 1 3 17 1 10 1
5 1 4 21 1904 9279 2856
6 1 4 25 1 5 1
7 1 2 29 1 9 1
8 1 4 32 23 78 34
9 1 3 36 6048 31791 9072
10 0 13 40 246 1032 369
11 0 9 45 4 12 6
12 0 3 50 7 56 10
13 1 2 53 610465 8184143 915697
14 1 1 56 903 9322 1354
15 1 3 58 2 7 3
16 0 3 62 134821 847271 202231
17 0 2 66 1 9 1
18 0 4 69 1 5 1
19 1 1 73 4 33 6
20 0 1 75 5 41 7
21 1 4 78 152 613 228
22 0 2 82 9 72 13
23 0 3 85 2 7 3
24 1 5 89 1 3 1
25 0 3 93 3 10 4
26 1 3 97 22 74 33
27 0 1 101 62826 774697 94239
28 1 11 103 261 1100 391
29 1 8 108 1 3 1
30 0 4 113 80 305 120
31 0 1 117 63 570 94
32 0 2 118 2 17 3
33 1 21 121 898 4153 1347
34 1 11 126 59 219 88
35 0 5 131 1 4 1
36 0 145 135 8 24 12
37 0 14 142 24 82 36
38 1 3 147 12 98 18
39 0 2 151 4 33 6
40 1 1 154 1741 18514 2611
41 0 1 157 1 12 1
42 0 1 159 3 25 4
43 0 5 162 767 3507 1150
44 1 1 166 1 10 1
45 0 1 169 1 9 1
46 0 4 172 1 3 1
47 0 1 176 13 107 19
48 0 2 179 2 17 3
49 0 7 182 1 5 1
50 0 3 187 3 25 4
51 1 1 191 279050 3637728 418575
52 0 1 192 260 2530 390
53 1 10 195 4 12 6
54 1 1 200 312431 4089586 468646
55 0 1 202 11 90 16
56 0 2 204 19803 233372 29704
57 1 3 207 1 4 1
58 0 13 211 4 12 6
59 1 9 216 462 2034 693
60 0 3 221 1 4 1
61 0 1 225 6 48 9
62 1 5 228 11 34 16
63 1 4 232 1 4 1
64 1 25 236 1 3 1
65 1 1 241 1 8 1
66 0 14 243 372 1611 558
67 0 2 248 32 279 48
68 0 12 251 368 1593 552
69 1 1 256 15 125 22
70 0 3 257 680 3082 1020
71 1 5 261 1 3 1
72 0 3 265 20 67 30
73 0 2 269 4 33 6
74 0 1 272 1 10 1
75 0 3 274 13 41 19
76 1 2 278 73 666 109
77 0 3 281 14 116 21
78 1 1 285 16253 190018 24379
79 0 6 287 22 74 33
80 1 2 291 1 9 1
81 1 3 294 403986 2685614 605979
82 1 3 298 1 4 1
83 0 1 302 573 5792 859
84 1 10 304 100 389 150
85 0 3 309 1 3 1
86 0 3 313 1 8 1
87 1 7 317 1556 7479 2334
88 1 7 321 124 491 186
89 1 6 325 3 9 4
90 1 1 329 16 134 24
91 0 2 332 56 504 84
92 0 1 335 25 215 37
93 1 2 337 6 48 9
94 1 7 340 10 31 15
95 1 10 345 476 2101 714
96 1 1 350 1 9 1
97 1 4 353 8 24 12
98 0 1 357 935 9668 1402
99 1 6 359 596 2675 894
100 1 7 363 1 4 1
101 0 3 367 4 33 6
102 1 1 371 98 908 147
103 0 2 373 4 33 6
104 1 2 376 7473 84622 11209
105 1 3 379 11 90 16
106 0 3 383 1 4 1
107 1 2 387 1 10 1
108 1 4 390 168 683 252
109 1 1 394 4 33 6
110 1 1 397 16 134 24
111 0 6 400 1 4 1
112 1 4 404 245 1027 367
113 0 1 408 1 9 1
114 0 1 411 12 98 18
115 0 2 413 194 1861 291
116 0 5 416 1 4 1
117 1 1 420 580 5866 870
118 0 8 422 1 4 1
119 1 1 427 4949 55076 7423
120 0 13 430 667 3019 1000
121 0 1 435 28 242 42
122 1 1 437 1 12 1
123 0 4 439 1 5 1
124 0 10 443 1 5 1
125 0 15 448 1 3 1
126 0 2 453 1568 16597 2352
127 0 1 456 5 41 7
128 0 1 458 20 169 30
129 0 3 459 2 7 3
130 1 3 463 19 161 28
131 0 1 467 1 8 1
132 0 11 469 5 15 7
133 1 3 474 1 9 1
134 1 2 478 1 9 1
135 0 2 481 1 10 1
136 0 1 484 84 772 126
137 0 17 485 12 38 18
138 1 26 490 217949 1404344 326923
139 1 11 495 195 803 292
140 0 7 500 1 4 1
141 1 3 504 68914 417771 103371
142 0 1 508 32 279 48
143 1 4 510 7636 40728 11454
144 0 2 514 5 40 7
145 1 3 517 3174 34655 4761
146 1 4 521 1 5 1
147 1 5 525 2587 12871 3880
148 1 1 529 21 179 31
149 0 1 531 327 3218 490
150 0 1 534 34 298 51
151 0 3 536 1 4 1
152 1 1 540 21 179 31
153 1 6 542 1 5 1
154 1 2 546 18 152 27
155 1 10 549 1 4 1
156 1 1 554 44937 546988 67405
157 0 5 557 25 85 37
158 0 34 561 85 326 127
159 0 2 567 1 9 1
160 1 2 570 51 456 76
161 1 1 573 76 695 114
162 0 4 575 42 151 63
163 1 1 579 2 17 3
164 0 4 582 1 4 1
165 0 2 586 1 11 1
166 1 1 589 43 381 64
167 0 2 592 1 12 1
168 0 3 595 2178 10712 3267
169 1 3 599 216 896 324
170 0 5 603 11 34 16
171 1 3 607 223 928 334
172 1 1 611 742 7591 1113
173 1 3 614 1 3 1
174 0 2 618 1 8 1
175 1 11 621 1 3 1
176 0 1 626 1 9 1
177 1 20 628 259 1091 388
178 0 2 633 284 2776 426
179 1 11 636 404 1761 606
180 1 3 641 1 4 1
181 1 14 645 22 74 33
182 1 4 650 1123 5277 1684
183 1 5 654 1 4 1
184 1 1 658 1 10 1
185 1 2 660 4 33 6
186 1 2 663 1152 12025 1728
187 0 3 666 6 48 9
188 0 3 670 7 21 10
189 0 2 674 1 10 1
190 0 2 677 1 10 1
191 1 2 680 24 206 36
192 1 3 683 113 445 169
193 0 1 687 1 9 1
194 0 4 690 37 131 55
195 1 1 694 9 72 13
196 1 3 695 2 6 3
197 0 2 699 1 11 1
198 0 2 702 597 6046 895
199 1 1 705 323 3177 484
200 0 2 707 1 9 1
201 0 8 710 9 27 13
202 1 3 715 35 307 52
203 1 5 719 1 4 1
204 1 6 723 30 104 45
205 1 14 727 167 679 250
206 1 2 732 106 986 159
207 1 7 735 1 3 1
208 1 2 739 1 9 1
209 0 3 742 28591 341903 42886
210 1 1 746 2 17 3
211 1 6 749 523 2325 784
212 0 1 753 2 17 3
213 0 1 756 1 11 1
214 1 1 759 2 17 3
215 0 13 762 3 10 4
216 0 1 767 16 134 24
217 0 6 770 12 38 18
218 1 4 774 5 15 7
219 1 5 778 1 4 1
220 1 3 782 4 33 6
221 1 4 786 1900 9258 2850
222 0 2 790 1 9 1
223 1 2 793 297 2909 445
224 0 2 796 10 81 15
225 0 1 799 1 9 1
226 1 1 801 144709 1841495 217063
227 1 4 804 1 4 1
228 1 6 808 80 305 120
229 0 7 812 2 6 3
230 1 5 817 1 5 1
231 1 1 821 133 1252 199
232 0 2 824 94 869 141
233 0 2 827 1 10 1
234 1 9 830 6410 33818 9615
235 1 2 835 225 2175 337
236 0 2 838 109 1016 163
237 0 4 841 676 3062 1014
238 1 1 845 1 9 1
239 0 26 847 188 771 282
240 0 1 852 333 3280 499
241 1 1 854 6 48 9
242 1 1 857 5 40 7
243 1 10 859 6 18 9
244 1 1 864 1 10 1
245 1 1 866 9 73 13
246 0 7 868 17 56 25
247 1 3 872 10 31 15
248 0 14 876 17 56 25
249 1 1 881 6 48 9
250 0 1 883 1 9 1
251 0 3 886 16 52 24
252 1 3 890 1 5 1
253 1 6 894 1 3 1
254 1 7 898 7 21 10
255 1 2 903 1368 14391 2052
256 1 1 906 724 7398 1086
257 1 1 909 42065 510714 63097
258 0 2 910 1 9 1
259 1 6 913 44 159 66
260 1 1 917 6 48 9
261 0 2 919 10 81 15
262 1 3 922 1 4 1
263 0 5 926 1 3 1
264 0 2 930 1 9 1
265 1 2 933 9 73 13
266 1 11 936 109 427 163
267 0 3 941 1 9 1
268 1 2 945 31166 373968 46749
269 0 8 948 4 12 6
270 1 2 953 27195 324565 40792
271 1 1 956 1 9 1
272 1 1 958 1 10 1
273 0 6 961 767 3507 1150
274 0 3 965 56 207 84
275 0 2 969 3 25 4
276 0 10 972 4 12 6
277 1 16 977 1 3 1
278 0 4 982 1 6 1
279 1 1 986 743984 10043762 1115976
280 0 8 989 1 4 1
281 1 1 994 1 9 1
282 0 1 996 1 9 1
283 1 5 997 3 10 4
284 1 3 1001 5 15 7
285 1 4 1005 180 736 270
286 0 9 1009 67 252 100
287 1 6 1014 18 59 27
288 1 1 1018 31 270 46
289 0 1 1020 120 1123 180
290 1 1 1023 2 17 3
291 0 1 1025 12 99 18
292 0 3 1028 319 1365 478
293 1 8 1032 4 12 6
294 0 3 1037 1 3 1
295 1 1 1041 287 2807 430
296 1 5 1044 677 3067 1015
297 0 15 1048 27 93 40
298 1 5 1053 499 2210 748
299 0 2 1057 2 17 3
300 1 2 1060 11 90 16
301 0 15 1063 1 4 1
302 0 2 1068 1 11 1
303 1 3 1071 1 4 1
304 1 1 1075 71504 886080 107256
305 0 5 1077 34 120 51
306 0 4 1081 81 309 121
307 0 2 1085 961 9949 1441
308 1 2 1088 13 107 19
309 0 6 1091 63 235 94
310 0 2 1095 19 160 28
311 1 2 1098 1 11 1
312 1 2 1101 1 9 1
313 1 1 1104 1 9 1
314 0 6 1107 22 74 33
315 0 2 1111 1 9 1
316 0 1 1114 1 9 1
317 1 3 1116 8 24 12
318 1 14 1120 1 6 1
319 1 5 1125 1 4 1
320 1 8 1129 1 5 1
321 1 3 1134 4880 54275 7320
322 1 1 1138 1 10 1
323 1 2 1140 1 10 1
324 0 1 1143 5 40 7
325 1 3 1144 3 10 4
326 1 12 1148 8230 44101 12345
327 0 2 1153 42 372 63
328 0 5 1156 1 3 1
329 1 3 1160 1 3 1
330 1 3 1164 3 9 4
331 1 1 1168 241 2337 361
332 1 2 1171 2 17 3
333 1 2 1174 93 859 139
334 1 8 1177 3808 19433 5712
335 0 2 1182 4 33 6
336 0 4 1185 30021 173733 45031
337 0 1 1189 1 9 1
338 0 1 1191 1 10 1
339 1 1 1193 518 5211 777
340 0 1 1195 1 9 1
341 1 1 1198 12271 141832 18406
342 0 6 1200 1 5 1
343 1 4 1204 1 4 1
344 1 17 1208 26 89 39
345 0 2 1213 13728 159401 20592
346 0 2 1216 1 8 1
347 1 6 1219 4 12 6
348 1 2 1223 7 56 10
349 0 3 1226 11 34 16
350 0 2 1230 1240 12987 1860
351 0 3 1233 1 4 1
352 1 4 1237 90035 553781 135052
353 0 2 1241 7 56 10
354 0 1 1244 1 8 1
355 1 4 1246 357 1542 535
356 1 4 1250 1 4 1
357 0 14 1254 2 7 3
358 0 3 1259 3 10 4
359 1 3 1263 1 9 1
360 0 6 1267 1 3 1
361 1 5 1271 424 1855 636
362 0 10 1275 1 3 1
363 1 4 1280 1 3 1
364 0 8 1284 25 85 37
365 0 31 1289 4 12 6
366 0 3 1295 1 3 1
367 1 1 1299 1 8 1
368 1 1 1301 37 325 55
369 0 2 1303 11735 135389 17602
370 1 2 1306 1 10 1
371 0 1 1309 60 542 90
372 1 8 1311 1 4 1
373 1 1 1316 1 9 1
374 1 14 1318 3 9 4
375 1 2 1323 67 609 100
376 0 1 1326 2 17 3
377 1 22 1329 1560505 11072170 2340757
378 1 1 1334 1 10 1
379 0 3 1336 1 3 1
380 1 5 1340 526 2339 789
381 1 1 1344 49 438 73
382 1 1 1347 18 152 27
383 0 2 1350 1897 20250 2845
384 0 15 1353 938 4351 1407
385 1 1 1358 1172 12244 1758
386 1 1 1361 22 188 33
387 0 4 1364 1 5 1
388 0 5 1368 2 6 3
389 1 1 1372 2 17 3
390 1 3 1374 199661 2571187 299491
391 1 11 1377 2 7 3
392 0 4 1382 1 4 1
393 0 3 1386 1 3 1
394 1 2 1390 369 3652 553
395 0 3 1393 93 860 139
396 1 2 1397 2716 29454 4074
397 1 1 1400 4 33 6
398 1 2 1403 4 33 6
399 1 1 1406 2 17 3
400 1 3 1408 1 9 1
401 1 5 1412 6 18 9
402 0 5 1416 66 247 99
403 0 6 1420 3 10 4
404 1 2 1424 1369 14402 2053
405 1 9 1427 17 56 25
406 0 2 1432 1 9 1
407 1 25 1435 1 3 1
408 0 10 1440 1 4 1
409 1 3 1445 1022 10610 1533
410 0 3 1449 1 4 1
411 0 3 1453 5 15 7
412 1 4 1457 1466 7018 2199
413 1 2 1461 66 599 99
414 0 4 1464 397 1728 595
415 0 5 1468 5 15 7
416 1 4 1472 1 5 1
417 1 21 1476 23310 132943 34965
418 1 2 1481 28613 342177 42919
419 0 2 1484 1 9 1
420 1 1 1487 3 25 4
421 0 35 1489 1 5 1
422 0 7 1495 11 34 16
423 0 6 1499 1 5 1
424 1 4 1503 1 4 1
425 1 1 1507 4 32 6
426 1 1 1509 1 10 1
427 0 1 1511 228 2205 342
428 1 1 1513 88 811 132
429 1 1 1515 5 40 7
430 0 5 1517 125 496 187
431 1 1 1521 4 33 6
432 1 1 1523 12 99 18
433 1 3 1526 590 2646 885
434 0 7 1530 2 6 3
435 0 9 1534 1 5 1
436 0 2 1539 16326 190906 24489
437 0 3 1542 91 351 136
438 0 4 1546 19 63 28
439 0 2 1550 3 25 4
440 1 3 1553 9 27 13
441 1 2 1557 558 5633 837
442 0 4 1560 1672 8076 2508
443 1 3 1564 11 34 16
444 1 3 1568 1 11 1
445 0 2 1572 24 206 36
446 1 16 1575 1 3 1
447 1 4 1580 1 3 1
448 1 3 1584 9 27 13
449 0 1 1588 5 41 7
450 1 2 1589 376 3725 564
451 0 4 1592 2 6 3
452 1 2 1596 4737 52618 7105
453 1 3 1599 2 6 3
454 0 10 1603 13 41 19
455 0 12 1608 3 9 4
456 0 4 1613 56 207 84
457 1 1 1617 252 2449 378
458 0 7 1620 1 3 1
459 0 4 1624 17604 98764 26406
460 0 4 1628 2 6 3
461 1 11 1632 25712 147477 38568
462 1 4 1637 3 9 4
463 0 1 1641 1 10 1
464 1 1 1644 6 48 9
465 1 4 1646 98 381 147
466 1 6 1650 10263 55745 15394
467 0 7 1654 6 18 9
468 0 1 1658 14 116 21
469 1 4 1660 2 6 3
470 1 7 1664 70 264 105
471 0 6 1668 182 745 273
472 1 2 1672 2 17 3
473 0 2 1675 2383 25696 3574
474 0 6 1678 71383 433570 107074
475 1 2 1682 1 9 1
476 1 7 1685 1 4 1
477 0 5 1689 4 12 6
478 0 4 1693 89 343 133
479 1 1 1697 4 33 6
480 1 1 1699 2 17 3
481 0 12 1702 141 565 211
482 1 3 1707 55 203 82
483 1 2 1711 81 743 121
484 1 7 1714 2 7 3
485 0 4 1718 1 4 1
486 0 1 1722 839 8632 1258
487 0 2 1725 1 11 1
488 1 2 1728 1 10 1
489 0 1 1731 15 125 22
490 1 2 1734 22 188 33
491 0 2 1737 1 9 1
492 0 3 1740 2 17 3
493 1 5 1744 339 1458 508
494 0 1 1748 1 9 1
495 0 1 1750 16 134 24
496 0 6 1752 1 4 1
497 0 9 1756 5 15 7
498 1 7 1761 1 4 1
499 1 15 1766 14 45 21
500 1 2 1771 2 17 3
501 1 3 1774 66595 402958 99892
502 0 7 1778 17 56 25
503 1 5 1782 342 1472 513
504 0 1 1786 11 90 16
505 1 2 1789 318 3125 477
506 0 11 1792 149 600 223
507 1 7 1797 83 318 124
508 0 1 1801 8 64 12
509 0 4 1803 1 3 1
510 1 1 1807 2 17 3
511 0 3 1810 2 6 3
512 1 4 1814 3544 18001 5316
513 1 14 1818 155643 985527 233464
514 1 14 1823 1 4 1
515 0 3 1828 42 151 63
516 1 1 1832 2 17 3
517 0 5 1834 1 4 1
518 0 1 1838 2 17 3
519 0 2 1841 2 17 3
520 1 7 1844 87891 539892 131836
521 0 4 1848 1 4 1
522 1 4 1852 119 470 178
523 0 2 1856 23 197 34
524 0 6 1859 2 6 3
525 0 3 1863 1 3 1
526 0 1 1867 1 11 1
527 0 2 1870 148 1401 222
528 1 1 1873 20 170 30
529 0 3 1875 57 211 85
530 1 3 1879 3230 16307 4845
531 0 2 1883 34 297 51
532 0 2 1886 354497 4661392 531745
533 1 3 1889 13 41 19
534 1 3 1893 1 4 1
535 1 6 1897 2 6 3
536 1 3 1901 1 9 1
537 1 5 1905 4 12 6
538 0 9 1909 32 112 48
539 0 3 1914 101 393 151
540 1 5 1918 1 3 1
541 1 2 1922 2 17 3
542 1 1 1925 46 409 69
543 1 3 1927 1 4 1
544 1 1 1931 1 11 1
545 0 4 1933 2 6 3
546 0 2 1937 11 90 16
547 1 1 1940 19 161 28
548 0 3 1942 1 4 1
549 1 5 1946 30 104 45
550 1 27 1950 3 9 4
551 1 1 1956 2 17 3
552 0 2 1958 2 17 3
553 0 2 1961 98 908 147
554 0 1 1964 2 17 3
555 1 8 1967 1 4 1
556 0 3 1972 2 17 3
557 0 1 1976 354 3497 531
558 1 1 1978 3 25 4
559 1 3 1981 1 10 1
560 0 5 1985 1 3 1
561 0 3 1989 32 279 48
562 1 7 1992 12 38 18
563 1 6 1996 21 70 31
564 1 2 2000 1 11 1
565 1 12 2003 296 1260 444
566 0 1 2008 1 9 1
567 0 4 2010 1 5 1
568 0 2 2014 12554 145238 18831
569 0 3 2017 30 104 45
570 0 2 2021 1 10 1
571 0 16 2024 3321 16797 4981
572 0 1 2029 6 48 9
573 0 10 2032 4 13 6
574 0 2 2037 1 9 1
575 0 1 2040 20 170 30
576 1 3 2043 1 3 1
577 1 2 2047 32 279 48
578 1 3 2050 1 3 1
579 1 2 2054 2 17 3
580 1 3 2057 2 7 3
581 1 6 2061 1 4 1
582 1 3 2065 32 112 48
583 1 1 2069 1 11 1
584 0 2 2071 1 9 1
585 1 3 2074 1 4 1
586 0 2 2078 13 107 19
587 0 12 2081 16886 94503 25329
588 0 10 2086 1 3 1
589 0 19 2091 496 2196 744
590 1 2 2096 4032 44480 6048
591 1 1 2099 3136 34223 4704
592 0 3 2102 4 12 6
593 1 1 2106 1 9 1
594 0 2 2109 2805 30462 4207
595 0 3 2112 4 12 6
596 0 12 2116 1 5 1
597 0 3 2121 1 4 1
598 1 1 2125 858 8837 1287
599 0 4 2127 26444 151922 39666
600 1 4 2131 1 5 1
601 1 1 2135 9 72 13
602 0 11 2137 1 4 1
603 0 1 2142 48 428 72
604 1 1 2144 2238 24066 3357
605 0 1 2147 41 363 61
606 0 5 2150 1 3 1
607 1 8 2154 7 21 10
608 1 2 2159 4 33 6
609 1 4 2162 4357 22429 6535
610 0 9 2166 5 15 7
611 0 2 2171 38399 464549 57598
612 0 2 2174 518 5211 777
613 0 10 2177 1777 8620 2665
614 1 4 2182 3 9 4
615 1 1 2186 16 134 24
616 1 5 2189 1 3 1
617 1 18 2193 1 5 1
618 0 12 2198 1 4 1
619 0 2 2203 31 270 46
620 1 11 2206 3 10 4
621 0 3 2211 1 3 1
622 1 9 2215 13 41 19
623 1 2 2220 1 9 1
624 1 3 2223 2 7 3
625 0 2 2227 8 64 12
626 1 2 2230 1 9 1
627 1 1 2233 1 11 1
628 0 2 2235 1 12 1
629 0 1 2238 279 2725 418
630 1 1 2240 697 7110 1045
631 0 2 2243 18 152 27
632 1 1 2246 2 17 3
633 0 6 2248 4454 22961 6681
634 0 3 2252 2 17 3
635 0 18 2256 1 4 1
636 0 7 2261 1 4 1
637 0 8 2265 1 4 1
638 0 3 2270 1 8 1
639 1 2 2274 1 10 1
640 0 8 2277 297 1264 445
641 0 2 2282 1 9 1
642 1 5 2285 8 24 12
643 0 1 2289 1 10 1
644 1 4 2291 30 104 45
645 1 9 2295 1 4 1
646 1 7 2300 416 1817 624
647 1 7 2304 118 466 177
648 1 71 2309 1 3 1
649 0 2 2315 27684 330635 41526
650 0 12 2318 568 2540 852
651 0 1 2323 45 400 67
652 0 2 2325 17233 201952 25849
653 0 3 2328 281 1191 421
654 1 2 2332 4 33 6
655 1 1 2335 2 17 3
656 0 1 2337 135 1272 202
657 1 2 2339 42 372 63
658 0 5 2342 14 45 21
659 0 10 2346 295 1255 442
660 0 5 2351 1 4 1
661 1 2 2355 584 5908 876
662 1 2 2358 278 2714 417
663 1 1 2361 27 233 40
664 1 1 2363 1 9 1
665 1 2 2366 42087 510992 63130
666 1 2 2369 1126 11742 1689
667 1 3 2372 178 1700 267
668 0 9 2376 1 4 1
669 1 4 2381 9 27 13
670 1 12 2385 38407 225396 57610
671 1 3 2390 21 70 31
672 0 2 2394 2 17 3
673 0 1 2397 12 99 18
674 1 9 2399 950663 6589185 1425994
675 1 5 2404 1 4 1
676 1 2 2408 75 686 112
677 1 8 2411 1 3 1
678 1 5 2416 1 4 1
679 0 3 2420 1 4 1
680 1 2 2424 1433 15107 2149
681 1 1 2427 36 316 54
682 1 8 2429 4 12 6
683 1 2 2434 1 9 1
684 0 6 2437 2 7 3
685 0 10 2441 146 587 219
686 0 10 2446 13616 75232 20424
687 1 1 2451 109 1015 163
688 0 5 2453 34 120 51
689 0 1 2457 1 9 1
690 1 4 2459 4 12 6
691 1 7 2463 1 4 1
692 1 4 2468 1 5 1
693 1 1 2472 17 143 25
694 0 3 2475 12 38 18
695 1 7 2479 21 70 31
696 1 9 2483 48 175 72
697 1 2 2488 62808 774466 94212
698 0 9 2491 19 63 28
699 0 28 2496 1 4 1
700 1 2 2502 45 400 67
701 0 1 2505 118 1104 177
702 0 9 2507 101 393 151
703 1 1 2512 37 325 55
704 0 4 2515 3 10 4
705 1 2 2519 1 10 1
706 1 3 2522 1 5 1
707 1 5 2526 1 4 1
708 1 2 2530 1608 17039 2412
709 0 3 2533 1 12 1
710 0 4 2537 109 427 163
711 0 2 2541 4 33 6
712 0 3 2544 12 38 18
713 1 30 2548 1 3 1
714 0 13 2554 1 8 1
715 0 10 2559 1 3 1
716 0 9 2564 2 7 3
717 0 2 2569 623 6322 934
718 1 9 2572 88 339 132
719 1 2 2577 506 5085 759
720 0 9 2580 2 6 3
721 1 5 2585 258 1086 387
722 0 4 2589 1 4 1
723 0 8 2593 136 543 204
724 0 2 2598 288 2817 432
725 1 5 2601 1 4 1
726 0 5 2605 29308 169374 43962
727 1 7 2609 5 15 7
728 0 3 2613 83 318 124
729 1 1 2617 6453 72623 9679
730 0 3 2618 3 25 4
731 1 2 2622 4021 44353 6031
732 0 9 2625 1 3 1
733 1 1 2630 1 9 1
734 1 4 2632 3 10 4
735 1 1 2636 3 25 4
736 1 2 2639 1 10 1
737 0 2 2642 46 410 69
738 1 1 2645 67 609 100
739 1 9 2647 6547 34586 9820
740 1 3 2652 1 4 1
741 1 14 2656 291 1237 436
742 1 1 2661 1497 15813 2245
743 0 3 2664 301 1283 451
744 0 5 2668 2 7 3
745 1 4 2672 3 10 4
746 1 2 2676 1 9 1
747 0 2 2679 4 33 6
748 0 1 2682 2 17 3
749 1 1 2684 32 279 48
750 1 6 2687 24 82 36
751 1 3 2691 892 9203 1338
752 1 8 2695 4 12 6
753 1 2 2700 4 33 6
754 0 1 2703 27 233 40
755 1 1 2705 191 1831 286
756 1 1 2707 1 8 1
757 1 2 2710 78 714 117
758 0 15 2713 1 4 1
759 1 3 2718 455 2001 682
760 0 3 2722 1 5 1
761 0 1 2726 1 8 1
762 1 3 2729 9936 53862 14904
763 1 2 2733 863 8890 1294
764 1 2 2736 1 10 1
765 1 2 2739 1 10 1
766 1 1 2742 1 9 1
767 1 8 2743 1 4 1
768 0 1 2748 27 233 40
769 1 1 2750 404 4017 606
770 1 9 2752 5 15 7
771 1 1 2757 8 64 12
772 1 1 2760 3251 35533 4876
773 1 9 2762 18 59 27
774 0 3 2767 311 1329 466
775 0 4 2771 3337 16884 5005
776 0 8 2775 13 41 19
777 1 2 2780 1 12 1
778 1 16 2783 1 5 1
779 0 1 2788 1463 15437 2194
780 1 4 2790 14 45 21
781 0 11 2794 80 305 120
782 0 2 2799 9478 108391 14217
783 1 14 2802 283 1200 424
784 0 2 2807 3 25 4
785 1 58 2810 28 97 42
786 0 24 2816 27307 157170 40960
787 1 3 2821 6 48 9
788 1 4 2825 1 5 1
789 1 5 2829 24 82 36
790 1 4 2833 4 12 6
791 0 3 2837 19 161 28
792 1 1 2840 176 1680 264
793 0 9 2842 460 2025 690
794 1 1 2847 1394 14677 2091
795 1 2 2850 739 7559 1108
796 1 3 2853 5 15 7
797 1 2 2857 71 647 106
798 1 4 2860 1 4 1
799 0 9 2864 8 24 12
800 1 11 2869 15 48 22
801 0 1 2874 1 9 1
802 0 8 2877 1 3 1
803 0 1 2882 9857 112908 14785
804 0 5 2884 157 635 235
805 1 4 2888 6 18 9
806 0 3 2892 15453 86029 23179
807 1 6 2896 2 6 3
808 1 1 2900 1 9 1
809 0 5 2903 50 183 75
810 0 3 2907 4 33 6
811 1 6 2911 10 31 15
812 1 2 2915 10 81 15
813 0 8 2918 15 48 22
814 0 1 2923 11864 136938 17796
815 1 2 2926 3 25 4
816 0 16 2929 7 21 10
817 0 6 2934 9 27 13
818 1 1 2938 25 215 37
819 0 12 2941 3 10 4
820 0 1 2946 1 9 1
821 0 32 2948 1 3 1
822 0 3 2954 2325 11485 3487
823 0 2 2958 1 9 1
824 0 1 2961 7 56 10
825 0 2 2964 1 9 1
826 1 2 2967 807 8288 1210
827 1 2 2970 125 1173 187
828 0 10 2973 395 1719 592
829 1 21 2978 69851 423764 104776
830 0 4 2983 3 9 4
831 0 14 2987 1 5 1
832 0 52 2992 21 70 31
833 1 7 2998 1 4 1
834 0 1 3002 384 3808 576
835 1 2 3005 13 107 19
836 1 1 3008 3 25 4
837 1 9 3010 4 12 6
838 1 2 3015 13271 153882 19906
839 0 1 3018 1 9 1
840 1 4 3020 1 3 1
841 0 2 3024 3135 34211 4702
842 0 1 3027 1862 19860 2793
843 0 2 3029 10000 114615 15000
844 0 3 3032 2 6 3
845 0 2 3036 91 840 136
846 0 5 3039 4 12 6
847 0 21 3043 1 5 1
848 0 20 3048 1318393 9280727 1977589
849 1 5 3053 2 7 3
850 1 2 3057 1 9 1
851 0 2 3060 1 9 1
852 1 13 3063 32 112 48
853 0 3 3068 4 33 6
854 1 2 3072 1 9 1
855 1 3 3075 709 7238 1063
856 1 15 3079 1 4 1
857 1 2 3084 2513 27160 3769
858 1 2 3087 1470 15514 2205
859 0 3 3090 1 3 1
860 0 2 3094 114 1064 171
861 1 7 3097 4 12 6
862 1 4 3101 1237 5852 1855
863 0 4 3105 462 2034 693
864 1 1 3109 6 48 9
865 1 2 3112 1 10 1
866 0 3 3115 1 4 1
867 1 11 3119 33 116 49
868 0 4 3124 3 9 4
869 1 1 3128 1 12 1
870 0 2 3130 8 64 12
871 0 2 3133 144 1361 216
872 1 2 3136 1 13 1
873 1 8 3139 29 100 43
874 0 3 3144 2 6 3
875 0 7 3148 3 9 4
876 0 5 3153 1 4 1
877 0 3 3157 1 9 1
878 1 2 3161 546 5506 819
879 1 1 3164 1 11 1
880 0 3 3166 24 206 36
881 1 2 3170 548 5528 822
882 1 2 3173 1 10 1
883 1 7 3176 4 12 6
884 0 2 3181 416 4142 624
885 1 1 3184 1 9 1
886 0 1 3187 9759 111740 14638
887 0 2 3189 1 9 1
888 1 25 3192 6 18 9
889 1 2 3197 34 297 51
890 1 3 3200 4 12 6
891 0 7 3204 7 21 10
892 0 4 3209 60128 361793 90192
893 0 4 3213 460 2025 690
894 0 3 3217 1 9 1
895 1 3 3221 78 297 117
896 0 9 3225 25 85 37
897 0 1 3230 3 25 4
898 1 1 3232 59 532 88
899 0 4 3234 1 5 1
900 1 2 3238 4 33 6
901 0 16 3241 1 4 1
902 0 3 3246 2 6 3
903 0 3 3250 12269 67366 18403
904 1 4 3254 38 135 57
905 1 1 3258 1 11 1
906 0 2 3261 20 170 30
907 0 1 3264 3234 35339 4851
908 0 4 3267 1 3 1
909 0 1 3271 1 10 1
910 0 10 3273 1 4 1
911 1 25 3278 1 3 1
912 0 6 3283 1 4 1
913 0 2 3287 6 48 9
914 1 2 3290 431 4298 646
915 1 5 3293 30 104 45
916 0 2 3297 5 40 7
917 0 3 3300 5 15 7
918 0 2 3304 1 9 1
919 1 2 3307 284 2776 426
920 0 3 3310 11 34 16
921 0 1 3314 6 48 9
922 0 5 3317 1 6 1
923 0 6 3321 1 5 1
924 0 9 3325 38 135 57
925 0 6 3330 1 4 1
926 1 7 3334 575 2574 862
927 0 2 3338 11 90 16
928 1 2 3341 2 17 3
929 0 2 3344 32 279 48
930 0 5 3347 125 496 187
931 1 2 3351 6 48 9
932 0 2 3354 1 10 1
933 0 2 3357 84 772 126
934 0 6 3360 41 147 61
935 0 13 3364 1 4 1
936 1 10 3369 37 131 55
937 0 5 3374 3 10 4
938 0 10 3378 2 7 3
939 0 3 3383 1 4 1
940 0 1 3387 2 17 3
941 1 1 3390 42 372 63
942 0 4 3392 1 5 1
943 0 79 3396 351 1514 526
944 1 7 3402 1130 5311 1695
945 0 1 3407 10 81 15
946 1 2 3410 1 10 1
947 0 1 3413 21 179 31
948 0 9 3416 1 4 1
949 0 7 3421 11325 61882 16987
950 1 2 3425 1 9 1
951 1 1 3428 6 48 9
952 0 12 3430 73 276 109
953 0 1 3435 1 10 1
954 0 6 3438 1 4 1
955 1 1 3442 771 7901 1156
956 0 5 3445 1 4 1
957 0 2 3449 2 17 3
958 1 5 3452 1 3 1
959 1 3 3456 6 18 9
960 1 2 3460 726 7420 1089
961 0 2 3463 818 8406 1227
962 0 4 3466 40 143 60
963 1 4 3470 15 48 22
964 0 1 3474 4 32 6
965 1 11 3476 2 7 3
966 1 5 3481 25 85 37
967 1 39 3485 319 1365 478
968 0 4 3491 8 24 12
969 1 5 3495 2 6 3
970 0 2 3499 94 869 141
971 1 1 3502 7703 87336 11554
972 1 31 3504 2 6 3
973 0 2 3510 251 2439 376
974 1 1 3513 96 888 144
975 1 2 3515 3000 32676 4500
976 1 2 3518 64 580 96
977 1 1 3521 238 2306 357
978 1 1 3522 1 8 1
979 0 3 3525 76 695 114
980 1 2 3528 404 4017 606
981 1 2 3531 34 297 51
982 1 10 3534 20 67 30
983 0 1 3539 1 8 1
984 1 3 3541 18 152 27
985 0 4 3545 1 4 1
986 0 9 3549 73654 448128 110481
987 0 21 3554 1 4 1
988 1 7 3559 4 12 6
989 0 1 3563 347 3425 520
990 1 4 3565 15 48 22
991 0 2 3569 5398 60294 8097
992 0 2 3572 2 17 3
993 0 1 3575 7 56 10
994 0 2 3577 45 400 67
995 1 2 3580 2 17 3
996 0 1 3583 3 25 4
997 1 19 3586 634 2859 951
998 0 5 3591 28 97 42
999 0 1 3595 5 40 7
1000 1 2 3597 6 48 9
1001 1 3 3600 1 4 1
1002 0 19 3604 674 3053 1011
1003 1 9 3609 1 4 1
