0 0 5 5 1 10 1
1 1 4 9 1 9 1
2 0 2 13 24975 297064 37462
3 1 3 16 1 9 1
4 1 1 20 1 11 1
5 1 1 22 99 918 148
6 0 5 24 113 1055 169
7 0 2 28 1 10 1
8 1 2 31 965 9992 1447
9 0 5 34 7 56 10
10 1 1 38 1 9 1
11 1 3 41 168 1600 252
12 0 1 45 1 9 1
13 1 1 47 1 10 1
14 1 6 50 1 12 1
15 0 2 54 1 10 1
16 1 4 57 1 9 1
17 0 5 61 25863 308054 38794
18 0 3 65 1 10 1
19 1 3 69 11 90 16
20 1 3 73 3 25 4
21 0 2 77 4 33 6
22 0 6 80 4 33 6
23 0 3 84 20 170 30
24 1 9 88 61 227 91
25 0 6 93 2 7 3
26 1 5 97 8 64 12
27 0 1 101 1 10 1
28 0 1 103 16 134 24
29 0 6 106 1 8 1
30 1 3 110 12 99 18
31 0 7 114 1 4 1
32 0 2 118 15 125 22
33 1 12 121 1 4 1
34 0 2 126 1 10 1
35 1 12 129 18 59 27
36 0 2 134 1 9 1
37 1 8 137 2 7 3
38 0 1 142 3 25 4
39 0 1 144 3 25 4
40 0 6 146 1 5 1
41 0 2 150 327 3218 490
42 1 9 153 27 93 40
43 0 4 158 1 9 1
44 0 7 162 82 314 123
45 0 9 166 172 701 258
46 1 5 171 4775 53059 7162
47 0 2 175 50 447 75
48 0 2 178 32 279 48
49 0 9 181 1 4 1
50 0 2 186 1556 16464 2334
51 1 1 189 16 134 24
52 0 2 192 23 197 34
53 1 2 195 1 8 1
54 1 8 198 5 15 7
55 0 1 203 21 179 31
56 1 2 205 1 9 1
57 1 9 208 1 4 1
58 0 1 213 1382 14545 2073
59 1 1 216 1 12 1
60 1 1 218 1 9 1
61 1 1 220 60 542 90
62 0 5 222 16 134 24
63 0 20 226 1 3 1
64 1 1 231 81 743 121
65 1 2 234 1 10 1
66 0 64 237 2372 11733 3558
67 1 4 243 80 733 120
68 1 2 247 54 485 81
69 0 10 250 1 4 1
70 0 1 255 172 1640 258
71 1 4 257 1 11 1
72 1 4 261 180 1720 270
73 1 1 265 5 41 7
74 0 4 267 53 475 79
75 0 5 271 2 17 3
76 1 3 275 50 447 75
77 1 3 278 1 8 1
78 1 7 282 249 1045 373
79 1 2 287 1 9 1
80 0 2 290 1 9 1
81 0 12 293 40 143 60
82 1 2 298 5 41 7
83 0 6 301 2 17 3
84 0 1 305 21834 258315 32751
85 0 1 307 1 10 1
86 0 22 310 1 4 1
87 0 6 315 2 17 3
88 0 13 319 2 7 3
89 0 12 324 30 104 45
90 0 2 329 5 40 7
91 0 2 332 86 792 129
92 0 8 335 367 1588 550
93 1 14 340 3 9 4
94 1 2 345 13 107 19
95 1 6 348 8936251 131146773 13404376
96 1 2 352 1 9 1
97 0 5 355 1 9 1
98 0 1 359 476 4769 714
99 1 3 361 321 3156 481
100 1 1 365 8155 92682 12232
101 0 1 367 1 10 1
102 1 1 370 2 17 3
103 1 6 373 1 11 1
104 1 1 377 1 9 1
105 1 7 380 5 15 7
106 1 2 384 1 14 1
107 1 5 387 137 1292 205
108 0 8 391 3 9 4
109 1 1 396 217 2093 325
110 1 4 399 1 10 1
111 1 17 403 492 2177 738
112 1 2 408 1 10 1
113 1 3 411 18 152 27
114 0 13 415 1 3 1
115 1 9 420 32 112 48
116 1 8 425 1 3 1
117 1 4 430 2463 26597 3694
118 1 8 434 3 10 4
119 1 1 439 801 8224 1201
120 1 1 442 1 8 1
121 1 1 443 1 11 1
122 1 1 446 1 9 1
123 0 1 448 2 17 3
124 0 7 449 22 74 33
125 1 1 454 7 56 10
126 0 3 456 1 9 1
127 0 1 460 2 17 3
128 1 1 462 44 391 66
129 0 3 464 31 270 46
130 1 3 468 68 618 102
131 1 3 472 4 32 6
132 0 5 476 1 9 1
133 0 5 480 3 25 4
134 0 2 484 7 56 10
135 0 2 487 1 9 1
136 1 2 490 8 64 12
137 0 3 493 1 9 1
138 0 3 497 1 11 1
139 0 5 501 41 362 61
140 1 12 505 55 203 82
141 1 3 510 47 419 70
142 0 11 514 380777 2523865 571165
143 1 23 519 1 4 1
144 0 3 524 1 9 1
145 0 3 528 1 10 1
146 1 4 532 2 17 3
147 1 1 536 1 9 1
148 0 1 538 3 25 4
149 0 1 541 32 279 48
150 0 4 543 1 11 1
151 1 2 547 1 9 1
152 1 8 550 46 167 69
153 1 2 555 1857 19805 2785
154 0 8 558 14 45 21
155 1 1 563 3 25 4
156 0 3 566 4 33 6
157 1 1 570 33434 402293 50151
158 1 3 573 1 11 1
159 0 1 577 1 9 1
160 1 3 580 61 551 91
161 1 5 584 62 561 93
162 0 10 588 1 4 1
163 0 5 593 3 25 4
164 1 1 597 1 9 1
165 0 3 598 1 9 1
166 0 8 602 3 10 4
167 1 4 607 6 48 9
168 1 1 611 1 10 1
169 0 1 614 150 1421 225
170 1 1 617 7 56 10
171 0 4 619 1 9 1
172 0 10 623 1 4 1
173 1 3 628 1 8 1
174 0 3 632 14 116 21
175 0 13 636 1 5 1
176 0 3 641 2333 25133 3499
177 0 11 645 3 9 4
178 0 5 650 9 73 13
179 1 2 654 40 353 60
180 1 1 657 244 2367 366
181 1 1 660 1 9 1
182 1 2 663 1 9 1
183 1 3 666 25 215 37
184 0 1 670 1 10 1
185 1 1 672 34 297 51
186 0 8 673 1365 6502 2047
187 0 1 678 1 9 1
188 1 4 681 2 17 3
189 0 5 685 8 64 12
190 0 23 689 81 310 121
191 0 2 694 6 48 9
192 1 1 697 810 8320 1215
193 0 2 699 20 170 30
194 0 2 702 51571 631098 77356
195 1 35 705 54 199 81
196 1 5 711 1 10 1
197 0 8 715 1 4 1
198 0 6 720 2 17 3
199 1 1 724 4 33 6
200 1 4 726 70 637 105
201 0 3 730 1 9 1
202 1 2 734 21 179 31
203 1 1 737 1 9 1
204 1 1 740 12 99 18
205 1 10 743 21 70 31
206 0 2 748 5 41 7
207 1 1 751 1 9 1
208 1 1 752 1 11 1
209 0 19 754 7 21 10
210 0 3 759 2 17 3
211 0 2 763 46 409 69
212 1 2 766 248 2408 372
213 0 26 769 4 12 6
214 0 4 774 10 81 15
215 1 4 778 1 9 1
216 0 1 782 2015 21567 3022
217 0 1 785 1 11 1
218 1 1 788 1 8 1
219 1 9 790 1 4 1
220 0 8 795 2 7 3
221 0 3 800 1 9 1
222 0 1 804 1 10 1
223 1 1 806 17495 205147 26242
224 1 5 808 1 9 1
225 1 6 812 3402 37256 5103
226 0 24 816 4 12 6
227 0 4 821 1110 11567 1665
228 0 6 825 1146 11960 1719
229 1 2 829 1 12 1
230 0 3 832 19891232 299448666 29836848
231 1 12 836 1 3 1
232 0 6 841 12 99 18
233 0 4 845 718 7334 1077
234 0 3 849 4 33 6
235 1 5 853 1 9 1
236 0 1 857 8 64 12
237 0 3 860 62 561 93
238 1 2 864 1 9 1
239 1 1 867 711 7259 1066
240 1 2 869 1 9 1
241 0 5 872 5 41 7
242 1 10 876 2 7 3
243 1 2 881 15 125 22
244 1 7 884 1 4 1
245 0 2 889 1 10 1
246 1 2 892 9 73 13
247 0 4 895 7 56 10
248 0 26 899 1 4 1
249 1 3 904 1 11 1
250 1 1 908 1920 20507 2880
251 1 3 910 777 7966 1165
252 0 1 914 1 11 1
253 0 2 917 184 1760 276
254 1 2 920 3 25 4
255 1 3 923 8 64 12
256 1 5 927 27355 326551 41032
257 1 4 931 3 25 4
258 0 13 935 3 9 4
259 0 5 940 33 288 49
260 1 21 944 1 3 1
261 1 8 949 5 15 7
262 1 1 954 7 56 10
263 0 6 957 2 7 3
264 0 2 961 1 9 1
265 1 10 964 5 15 7
266 0 2 969 1028 10676 1542
267 1 1 972 146 1381 219
268 1 3 974 405 4027 607
269 0 10 978 20 67 30
270 1 6 983 2 17 3
271 0 3 987 8 64 12
272 1 7 991 1 4 1
273 1 1 995 1 9 1
274 0 1 998 550 5549 825
275 0 3 1000 99 918 148
276 0 2 1004 1 9 1
277 0 17 1007 1 4 1
278 0 10 1012 114013 710176 171019
279 0 20 1017 1 5 1
280 0 2 1022 2 17 3
281 0 4 1025 17 143 25
282 0 4 1029 1 11 1
283 1 7 1033 52 191 78
284 0 5 1037 787 8073 1180
285 1 9 1041 76 289 114
286 0 3 1046 1 10 1
287 1 2 1050 1 11 1
288 0 4 1053 4 33 6
289 1 2 1057 6 48 9
290 1 3 1060 1 9 1
291 1 1 1064 1 9 1
292 0 3 1067 769505 10400571 1154257
293 0 3 1071 54 485 81
294 1 3 1075 1 9 1
295 1 3 1079 14 116 21
296 1 3 1083 16 134 24
297 0 1 1086 7 56 10
298 1 3 1089 11 90 16
299 0 10 1093 1 4 1
300 0 3 1098 112 1045 168
301 1 1 1102 644 6545 966
302 1 4 1104 2 17 3
303 1 1 1108 12 99 18
304 0 11 1111 13980 77365 20970
305 1 3 1116 1 9 1
306 1 13 1120 184 754 276
307 0 2 1125 6 48 9
308 0 4 1128 94 869 141
309 1 4 1132 49 438 73
310 1 1 1136 4 32 6
311 1 9 1138 8 24 12
312 0 1 1143 83 762 124
313 1 3 1144 1 12 1
314 1 3 1148 1 11 1
315 1 4 1152 1 9 1
316 0 2 1156 86 791 129
317 0 2 1159 16928 198235 25392
318 1 4 1162 18 152 27
319 0 2 1166 235 2276 352
320 0 1 1169 21 179 31
321 0 13 1171 9 27 13
322 0 10 1176 7 21 10
323 1 1 1181 11 90 16
324 0 31 1183 1 4 1
325 1 2 1189 23 197 34
326 0 1 1192 1 10 1
327 0 1 1194 73 666 109
328 1 10 1196 1 3 1
329 1 1 1201 59 532 88
330 1 2 1204 20604 243199 30906
331 0 3 1207 1 10 1
332 0 5 1211 87 801 130
333 1 1 1215 1 9 1
334 0 14 1217 1 6 1
335 0 3 1222 4 33 6
336 1 3 1226 18647 219219 27970
337 1 23 1230 1014 4730 1521
338 1 14 1235 108 423 162
339 0 3 1240 1 8 1
340 1 2 1244 5 41 7
341 0 2 1247 1 12 1
342 0 1 1250 1 10 1
343 0 2 1252 1 9 1
344 0 25 1255 238 995 357
345 0 3 1260 125 1173 187
346 0 8 1263 5837 30613 8755
347 1 1 1268 1 9 1
348 0 6 1270 6 48 9
349 1 4 1274 3 25 4
350 0 1 1278 53 475 79
351 0 2 1281 5775 64690 8662
352 1 5 1284 25 215 37
353 0 5 1288 24 206 36
354 0 2 1292 37 325 55
355 0 3 1295 77806 967283 116709
356 0 11 1299 1020 4760 1530
357 0 2 1304 8 64 12
358 1 8 1307 2 6 3
359 0 10 1312 11371 62149 17056
360 1 6 1317 1 8 1
361 0 28 1321 5 15 7
362 1 5 1327 153 1450 229
363 0 2 1331 6 48 9
364 1 1 1334 29 252 43
365 1 1 1336 64 580 96
366 0 1 1339 145 1371 217
367 0 17 1342 9 27 13
368 1 1 1347 53 475 79
369 1 2 1350 1 9 1
370 1 1 1353 34 297 51
371 1 1 1356 4 33 6
372 0 4 1358 1 9 1
373 0 4 1362 1 10 1
374 1 30 1366 1 6 1
375 0 3 1372 2 17 3
376 0 6 1376 26 224 39
377 1 6 1380 1 10 1
378 0 2 1384 1 10 1
379 0 3 1387 146 1381 219
380 0 10 1391 1 5 1
381 1 2 1396 204 1962 306
382 1 1 1399 504 5064 756
383 1 3 1400 20 170 30
384 1 2 1404 901 9300 1351
385 0 10 1407 2 7 3
386 1 23 1412 8 24 12
387 0 1 1417 1 9 1
388 1 37 1420 1 3 1
389 1 2 1426 1 12 1
390 0 2 1429 8130 92386 12195
391 1 1 1432 49615 606254 74422
392 0 16 1435 3004 15094 4506
393 0 2 1440 1 9 1
394 0 2 1443 6263 70397 9394
395 0 3 1446 363 3591 544
396 0 1 1450 1 9 1
397 1 1 1453 1 9 1
398 1 1 1455 98 908 147
399 0 3 1457 2 17 3
400 0 1 1461 1 11 1
401 0 2 1464 53 476 79
402 0 6 1467 3 25 4
403 0 11 1471 70 264 105
404 1 25 1476 97 376 145
405 1 2 1481 1 10 1
406 1 3 1484 23 197 34
407 0 4 1488 95 879 142
408 1 4 1492 1 11 1
409 1 3 1496 249 2418 373
410 0 2 1500 1 10 1
411 0 2 1503 1 10 1
412 1 2 1506 7 56 10
413 1 1 1509 1 11 1
414 1 1 1511 21 178 31
415 1 2 1513 4672 51866 7008
416 1 3 1516 5 40 7
417 0 1 1520 1 9 1
418 0 7 1521 109 427 163
419 1 2 1526 35 307 52
420 0 6 1529 1 3 1
421 0 2 1533 5752 64421 8628
422 1 47 1536 1 4 1
423 0 7 1542 2 7 3
424 1 7 1546 5 15 7
425 1 1 1550 85945 1072512 128917
426 0 2 1553 1 10 1
427 1 3 1556 42 372 63
428 0 1 1560 4 33 6
429 1 1 1563 3 25 4
430 0 2 1564 148 1401 222
431 1 6 1567 1 3 1
432 1 3 1571 79 724 118
433 1 3 1575 6 48 9
434 1 2 1579 959 9927 1438
435 1 2 1582 4 33 6
436 1 1 1585 3 25 4
437 1 5 1588 4 33 6
438 0 3 1592 27 233 40
439 1 4 1596 1693 17981 2539
440 0 5 1600 256 2490 384
441 1 4 1604 982 10177 1473
442 0 1 1608 9 72 13
443 0 2 1611 3 25 4
444 1 2 1614 1 10 1
445 1 27 1617 654 2956 981
446 1 2 1623 6 48 9
447 0 4 1626 1 11 1
448 0 4 1630 2 17 3
449 1 20 1634 234 977 351
450 0 2 1639 1 10 1
451 1 2 1642 2 17 3
452 0 1 1645 4 33 6
453 0 36 1647 25 85 37
454 0 1 1653 8 64 12
455 0 1 1656 2 17 3
456 0 10 1659 1 3 1
457 0 7 1664 6 18 9
458 1 3 1668 1 9 1
459 0 2 1672 14 116 21
460 0 1 1675 1 10 1
461 0 3 1678 1 8 1
462 0 3 1682 1 10 1
463 1 2 1686 5403 60353 8104
464 0 18 1689 18 59 27
465 1 3 1694 159 1510 238
466 0 1 1698 1 10 1
467 1 3 1700 1 9 1
468 1 2 1704 9 73 13
469 1 1 1707 1 8 1
470 0 1 1709 5 41 7
471 1 3 1711 1 9 1
472 1 2 1715 1 9 1
473 1 7 1718 5 15 7
474 0 1 1723 3 25 4
475 0 4 1725 13 107 19
476 1 4 1729 166 1580 249
477 1 5 1733 3 25 4
478 1 4 1737 27 233 40
479 0 3 1741 3 25 4
480 1 2 1745 22817 270420 34225
481 0 6 1748 2 17 3
482 0 6 1752 429 4278 643
483 1 2 1756 1 10 1
484 0 5 1759 153 1451 229
485 0 2 1763 1 10 1
486 1 1 1766 1909 20384 2863
487 1 2 1768 1 9 1
488 0 1 1771 571 5771 856
489 1 4 1774 3 25 4
490 1 3 1778 1370 14414 2055
491 0 10 1782 123 487 184
492 1 3 1787 226 2184 339
493 0 4 1791 143 1351 214
494 0 2 1795 26 224 39
495 1 2 1798 2 17 3
496 0 2 1801 25 215 37
497 1 4 1804 5 40 7
498 1 2 1808 4021 44353 6031
499 1 2 1811 108 1006 162
500 1 1 1814 1 10 1
501 0 1 1816 831 8546 1246
502 0 7 1818 1 3 1
503 1 5 1822 60 542 90
504 1 1 1826 1 9 1
505 0 5 1828 54 485 81
506 1 5 1832 1 9 1
507 0 2 1836 5346 59689 8019
508 1 13 1839 9 27 13
509 1 5 1844 18 152 27
510 1 7 1848 1 3 1
511 1 13 1852 1 4 1
512 0 26 1857 1 4 1
513 1 19 1862 1 4 1
514 0 4 1867 52 466 78
515 1 1 1871 262 2551 393
516 0 2 1873 1 10 1
517 1 6 1876 1 10 1
518 0 2 1880 1 8 1
519 1 1 1883 3 25 4
520 0 1 1885 1 9 1
521 0 32 1888 198 816 297
522 0 4 1894 3 25 4
523 0 2 1898 17 143 25
524 1 4 1901 19 160 28
525 1 5 1905 2 17 3
526 0 3 1909 1 9 1
527 0 5 1913 959 9928 1438
528 1 3 1917 1 10 1
529 0 1 1920 4 33 6
530 0 3 1923 3 25 4
531 0 11 1927 2905 14564 4357
532 1 1 1932 1 10 1
533 1 2 1934 1848 19704 2772
534 1 3 1937 127 1193 190
535 1 2 1941 4 33 6
536 0 1 1944 1 12 1
537 1 1 1947 4 33 6
538 0 8 1949 100 389 150
539 1 4 1954 1 9 1
540 0 3 1958 1 11 1
541 1 2 1962 2 17 3
542 0 7 1965 1 5 1
543 1 2 1969 97 898 145
544 0 15 1972 24 82 36
545 0 5 1977 24 206 36
546 1 5 1981 1 10 1
547 1 12 1985 5 15 7
548 1 1 1990 6 48 9
549 0 5 1993 1 9 1
550 0 21 1997 1 3 1
551 1 4 2002 692 7057 1038
552 1 1 2006 2 17 3
553 1 3 2008 1 11 1
554 0 1 2012 2 17 3
555 0 3 2015 55 494 82
556 0 12 2019 15 48 22
557 1 5 2024 23 197 34
558 0 2 2028 8858 101017 13287
559 1 1 2031 157362 2008750 236043
560 1 2 2034 1 9 1
561 0 2 2037 3 25 4
562 0 2 2040 1 11 1
563 1 24 2043 15 48 22
564 0 4 2048 11 90 16
565 1 2 2052 1 9 1
566 0 3 2055 285 2786 427
567 1 5 2059 1 10 1
568 0 11 2063 1 4 1
569 1 1 2068 43 381 64
570 0 4 2070 1 11 1
571 0 1 2074 2 17 3
572 0 7 2076 78 297 117
573 1 3 2081 2 17 3
574 1 5 2085 11 90 16
575 1 1 2089 1 10 1
576 0 3 2091 1 9 1
577 1 23 2095 4 12 6
578 1 19 2100 16304 91056 24456
579 1 3 2105 1 9 1
580 0 11 2109 22 74 33
581 0 2 2114 18 152 27
582 1 7 2117 2198 10817 3297
583 0 4 2121 1 11 1
584 1 4 2125 1 10 1
585 0 2 2129 1327 13941 1990
586 0 2 2132 1 11 1
587 0 1 2135 4 33 6
588 1 5 2137 596 6035 894
589 0 5 2141 1 13 1
590 0 2 2145 2 17 3
591 1 19 2148 1 4 1
592 1 3 2153 2 17 3
593 1 12 2157 10 31 15
594 1 10 2162 1769 8578 2653
595 0 3 2167 9579 109595 14368
596 0 2 2171 1 9 1
597 0 1 2174 1 11 1
598 0 11 2176 2 7 3
599 0 2 2181 33 288 49
600 1 36 2184 430 1883 645
601 0 4 2190 2 17 3
602 1 1 2194 390 3871 585
603 1 4 2196 2 17 3
604 0 11 2200 2200 10827 3300
605 0 9 2205 5 15 7
606 1 1 2210 16 134 24
607 1 5 2212 1 9 1
608 0 6 2216 8 24 12
609 0 1 2220 30 261 45
610 0 2 2222 1 9 1
611 1 3 2225 2 17 3
612 0 14 2229 2509 12457 3763
613 1 1 2234 175 1670 262
614 1 2 2236 1 10 1
615 0 5 2239 94139 1178820 141208
616 0 2 2243 103 957 154
617 1 6 2246 136 1282 204
618 0 2 2250 15 125 22
619 0 4 2253 83 763 124
620 1 1 2257 27 233 40
621 0 3 2260 56 504 84
622 0 2 2264 43 381 64
623 0 2 2267 386 3829 579
624 1 9 2270 531 2363 796
625 1 1 2275 3836 42227 5754
626 1 1 2276 5 40 7
627 1 2 2279 29170 349104 43755
628 0 1 2282 115 1075 172
629 0 5 2284 276 2694 414
630 0 1 2288 1122 11698 1683
631 1 10 2290 1 5 1
632 1 1 2295 257 2500 385
633 1 9 2298 9 27 13
634 1 1 2303 1 9 1
635 0 4 2305 4 33 6
636 0 2 2309 2267 24391 3400
637 0 2 2312 1 10 1
638 1 4 2315 26 224 39
639 0 2 2319 90 830 135
640 1 6 2322 1 3 1
641 0 1 2326 112 1045 168
642 0 7 2329 3282 16587 4923
643 1 2 2333 1 10 1
644 0 1 2336 1 11 1
645 1 1 2338 24 206 36
646 1 4 2340 23079 273650 34618
647 1 2 2344 1 8 1
648 0 13 2347 1 4 1
649 1 1 2352 5 41 7
650 1 1 2355 490 4916 735
651 0 8 2357 8 24 12
652 1 2 2362 31 270 46
653 0 1 2365 41 363 61
654 1 6 2367 32 279 48
655 1 6 2371 182 1741 273
656 0 5 2375 3 25 4
657 0 5 2379 1 8 1
658 1 2 2383 1181 12342 1771
659 0 1 2386 1 10 1
660 1 20 2389 40 143 60
661 0 16 2394 1 4 1
662 0 4 2399 1 9 1
663 1 4 2403 1 10 1
664 0 11 2407 2 7 3
665 0 5 2412 33 288 49
666 1 5 2416 1 11 1
667 1 2 2420 1 9 1
668 0 8 2423 1 4 1
669 1 1 2428 3 25 4
670 0 2 2431 10 81 15
671 0 11 2434 1 5 1
672 0 1 2439 83 762 124
673 1 4 2440 65 589 97
674 0 4 2444 1 9 1
675 1 2 2448 1 10 1
676 0 8 2451 243 1018 364
677 0 3 2456 1 10 1
678 0 3 2460 1 9 1
679 0 1 2464 73 666 109
680 1 4 2467 17 143 25
681 1 2 2471 8 64 12
682 1 1 2474 13978 162423 20967
683 1 4 2476 1 9 1
684 1 26 2480 39697991 324206253 59546986
685 0 9 2485 134 535 201
686 1 4 2490 665 6768 997
687 1 3 2494 66 599 99
688 0 49 2498 1 3 1
689 1 1 2504 1 8 1
690 1 1 2506 1 9 1
691 1 6 2509 1 12 1
692 0 5 2513 335 3301 502
693 0 3 2517 7 56 10
694 1 5 2521 1473 15548 2209
695 1 2 2525 1 11 1
696 0 1 2528 1610 17061 2415
697 1 1 2531 1 10 1
698 0 9 2534 1118 5251 1677
699 1 3 2539 1 9 1
700 1 3 2543 1 10 1
701 1 12 2547 7 21 10
702 1 4 2552 1 10 1
703 0 1 2556 5 40 7
704 0 3 2559 1 8 1
705 1 5 2563 11 90 16
706 0 6 2567 3 25 4
707 0 1 2571 5593 62566 8389
708 1 2 2574 4685 52016 7027
709 0 1 2577 241 2337 361
710 0 1 2579 1 9 1
711 1 5 2581 3 25 4
712 0 3 2585 235 2276 352
713 1 2 2589 2 17 3
714 1 11 2592 3396 17202 5094
715 1 5 2597 334 3290 501
716 0 6 2601 81 743 121
717 1 3 2605 1 9 1
718 0 2 2609 59 532 88
719 1 12 2612 1 4 1
720 0 1 2617 5 41 7
721 1 5 2619 73 666 109
722 0 1 2623 1 9 1
723 1 1 2625 360 3559 540
724 0 2 2628 1 10 1
725 0 5 2631 45 400 67
726 1 6 2635 1 9 1
727 1 2 2639 1 9 1
728 1 6 2642 1 10 1
729 1 3 2646 934 9657 1401
730 1 1 2650 1 9 1
731 0 5 2652 126 1183 189
732 1 3 2656 4803 53383 7204
733 0 6 2660 337 1449 505
734 0 1 2664 51714 632915 77571
735 0 11 2667 1 4 1
736 1 10 2672 1692 8180 2538
737 0 3 2677 2 17 3
738 1 2 2681 9578 109583 14367
739 1 3 2684 2 17 3
740 1 1 2688 9 73 13
741 0 1 2690 93 859 139
742 1 2 2693 1 10 1
743 1 4 2696 314 3084 471
744 0 4 2700 20 170 30
745 1 2 2704 1 11 1
746 0 6 2707 1 10 1
747 1 3 2711 2 17 3
748 0 3 2715 1 9 1
749 0 3 2719 20131 237394 30196
750 0 4 2723 3 25 4
751 1 8 2727 2 7 3
752 0 18 2732 6 18 9
753 1 2 2737 166 1580 249
754 0 1 2740 13 108 19
755 0 10 2742 2712 13535 4068
756 1 2 2747 1 10 1
757 1 2 2750 1 10 1
758 1 3 2753 4 33 6
759 1 4 2757 1 9 1
760 0 1 2761 111179 1400947 166768
761 1 8 2762 51 187 76
762 1 8 2767 5 15 7
763 0 1 2772 18 152 27
764 1 1 2775 3 25 4
765 0 4 2778 1 9 1
766 1 1 2782 48959 597930 73438
767 0 4 2785 1 9 1
768 1 1 2789 1 9 1
769 1 3 2792 279 2725 418
770 0 9 2796 16 52 24
771 1 1 2801 1 9 1
772 0 2 2803 1 9 1
773 0 11 2806 1805 8765 2707
774 1 3 2811 1 9 1
775 1 1 2815 249 2418 373
776 0 9 2816 8360 44841 12540
777 1 4 2821 8491 96662 12736
778 1 2 2825 1180 12331 1770
779 1 2 2828 2 17 3
780 1 2 2831 40 353 60
781 1 1 2834 1 10 1
782 1 3 2836 216 2083 324
783 0 2 2840 330 3249 495
784 0 1 2843 2679 29036 4018
785 1 1 2846 3 25 4
786 1 1 2849 3 25 4
787 1 1 2851 7 56 10
788 1 2 2853 76 695 114
789 0 1 2856 1 12 1
790 0 2 2858 124 1163 186
791 0 1 2861 4 33 6
792 1 1 2863 1 9 1
793 0 7 2865 1 4 1
794 1 2 2869 2719 29488 4078
795 0 1 2872 5 41 7
796 1 1 2875 17411 204123 26116
797 0 1 2878 522 5253 783
798 0 1 2880 7 56 10
799 0 16 2882 758 3463 1137
800 1 2 2887 12 99 18
801 0 2 2890 99 918 148
802 1 3 2893 20 170 30
803 0 2 2897 1507848 20859746 2261772
804 0 2 2900 12 99 18
805 0 1 2903 1 9 1
806 0 2 2906 8 64 12
807 1 4 2909 1 9 1
808 0 10 2913 10 31 15
809 0 6 2918 33 116 49
810 1 1 2922 4 32 6
811 1 3 2924 761 7794 1141
812 1 12 2928 1 4 1
813 1 3 2933 13835 160694 20752
814 0 2 2937 6 48 9
815 1 4 2940 3 25 4
816 0 2 2944 1 11 1
817 1 1 2947 1 11 1
818 0 6 2949 1 10 1
819 0 1 2953 1 10 1
820 1 2 2956 2 17 3
821 0 4 2959 1 10 1
822 1 5 2963 483 4843 724
823 0 3 2967 3776 41539 5664
824 1 2 2971 102 947 153
825 0 3 2974 5 40 7
826 1 6 2978 64 580 96
827 1 1 2982 1 9 1
828 1 11 2984 43 155 64
829 0 3 2989 4453 49334 6679
830 1 1 2993 1 11 1
831 0 3 2995 2 17 3
832 0 1 2999 390 3871 585
833 0 1 3002 1 9 1
834 1 2 3005 4 33 6
835 0 1 3008 1481 15636 2221
836 0 5 3010 109 1016 163
837 0 10 3014 2 6 3
838 1 1 3019 338 3332 507
839 1 2 3021 46 410 69
840 0 2 3024 2 17 3
841 0 4 3027 238 2306 357
842 1 2 3031 17 143 25
843 1 7 3034 13 41 19
844 0 4 3039 1 10 1
845 1 5 3043 4 33 6
846 0 9 3047 3 10 4
847 1 16 3052 189320 1211047 283980
848 0 7 3057 1286 6100 1929
849 0 1 3062 1 8 1
850 1 5 3065 269 2623 403
851 1 3 3069 1 11 1
852 1 10 3073 6051 31808 9076
853 1 4 3078 36 316 54
854 0 3 3082 1 10 1
855 0 5 3086 21 179 31
856 1 1 3090 1 9 1
857 0 1 3093 1 9 1
858 1 1 3096 455 4549 682
859 0 9 3098 1 4 1
860 1 5 3103 18 152 27
861 1 5 3107 1 9 1
862 0 2 3111 156 1480 234
863 0 5 3114 26 224 39
864 0 7 3118 19 63 28
865 0 2 3122 1698 18037 2547
866 0 1 3125 54 485 81
867 0 2 3126 1 10 1
868 1 2 3129 1 10 1
869 1 3 3132 75 685 112
870 1 3 3136 1 11 1
871 1 3 3140 1 10 1
872 1 1 3144 7871 89322 11806
873 0 4 3145 32 279 48
874 0 9 3149 1 4 1
875 0 7 3154 1 7 1
876 0 15 3159 447 1963 670
877 1 14 3164 1243 5882 1864
878 0 1 3169 1 9 1
879 0 2 3172 1 8 1
880 0 7 3175 66 248 99
881 1 6 3180 2 17 3
882 0 3 3184 1 10 1
883 0 4 3188 1 8 1
884 1 1 3192 11 90 16
885 1 3 3194 3 25 4
886 1 2 3198 1591 16851 2386
887 1 4 3201 12 99 18
888 1 21 3205 72 272 108
889 0 2 3210 2950 32107 4425
890 0 2 3213 54 485 81
891 0 19 3216 18 59 27
892 1 1 3221 148466 1891104 222699
893 0 1 3222 19 160 28
894 0 2 3224 1 11 1
895 1 4 3227 85 782 127
896 0 1 3231 1 11 1
897 1 4 3234 1 10 1
898 0 1 3238 111 1035 166
899 0 1 3240 125 1173 187
900 1 1 3242 1 10 1
901 0 1 3244 690 7035 1035
902 1 24 3246 54 199 81
903 1 4 3251 1 9 1
904 1 6 3255 1 3 1
905 1 3 3259 3218 35157 4827
906 0 9 3263 11 34 16
907 0 3 3268 642528 8629551 963792
908 1 17 3272 12 38 18
909 0 2 3277 47 419 70
910 1 3 3280 1 9 1
911 0 2 3284 65 589 97
912 0 2 3287 1 11 1
913 0 2 3290 2376 25617 3564
914 0 1 3293 427 4256 640
915 1 1 3295 4 33 6
916 1 12 3297 1 4 1
917 1 4 3302 15 125 22
918 1 1 3306 31 270 46
919 1 4 3308 849166 11516831 1273749
920 1 2 3312 75 685 112
921 1 2 3315 2 17 3
922 1 1 3318 2 17 3
923 0 7 3320 7 21 10
924 0 1 3325 1 9 1
925 0 6 3328 425 4236 637
926 1 1 3332 3 25 4
927 1 7 3334 2142 10523 3213
928 0 2 3338 1 10 1
929 0 7 3341 1 3 1
930 0 3 3346 1 9 1
931 1 1 3350 16 134 24
932 1 15 3352 3 10 4
933 1 19 3357 9 27 13
934 0 5 3362 30 261 45
935 0 2 3366 208 2002 312
936 1 6 3369 29737 171996 44605
937 1 2 3373 75 685 112
938 1 5 3376 2 17 3
939 1 5 3380 7 56 10
940 1 4 3384 1 9 1
941 1 2 3388 488 4895 732
942 1 6 3391 37 325 55
943 0 1 3395 29 251 43
944 1 8 3398 2 7 3
945 1 1 3403 35 307 52
946 0 23 3405 516 2291 774
947 1 1 3410 2 17 3
948 1 1 3412 357 3528 535
949 1 10 3414 2 6 3
950 0 1 3419 16 134 24
951 1 1 3421 14273 165992 21409
952 0 2 3423 1 9 1
953 0 2 3426 1 9 1
954 0 2 3429 5492 61389 8238
955 1 3 3432 85 782 127
956 0 1 3436 627 6364 940
957 0 8 3438 1 4 1
958 0 1 3443 3321 36331 4981
959 0 3 3446 1 10 1
960 1 61 3450 21 70 31
961 1 2 3456 2 17 3
962 0 2 3459 1 11 1
963 0 3 3462 20 170 30
964 0 14 3466 1 5 1
965 1 2 3471 5 40 7
966 1 3 3474 1 12 1
967 0 1 3477 835 8589 1252
968 0 5 3479 1 8 1
969 0 2 3483 325 3197 487
970 1 3 3486 116424 1469577 174636
971 0 6 3489 521 5243 781
972 1 7 3493 1 5 1
973 1 3 3498 77150 958819 115725
974 1 3 3502 1 9 1
975 0 2 3506 2 17 3
976 1 1 3509 1 9 1
977 0 1 3511 3 25 4
978 0 5 3513 24 206 36
979 0 11 3517 17 56 25
980 1 3 3522 1 9 1
981 1 1 3526 43 381 64
982 0 3 3528 1 8 1
983 1 1 3532 1 11 1
984 0 4 3535 3 25 4
985 1 4 3539 10 81 15
986 0 4 3543 1 8 1
987 0 13 3547 1 4 1
988 1 2 3552 185 1771 277
989 0 3 3555 5 41 7
990 1 8 3559 574 2569 861
991 0 8 3564 1516 7274 2274
992 1 4 3569 1 9 1
993 0 1 3573 45 400 67
994 0 4 3575 17 143 25
995 0 10 3579 16 52 24
996 1 2 3584 5 41 7
997 1 3 3587 4053 44722 6079
998 1 5 3591 4 33 6
999 0 1 3595 4 33 6
1000 1 2 3598 2277 24504 3415
1001 0 12 3601 60 223 90
1002 1 4 3606 1 9 1
