0 0 5 5 1 11 1
1 1 3 13 1 9 1
2 0 3 21 11 90 16
3 1 8 28 1 4 1
4 1 1 37 1746 18570 2619
5 1 2 42 18 152 27
6 0 1 49 36 316 54
7 0 3 52 7 56 10
8 1 2 59 871 8977 1306
9 0 4 66 1 11 1
10 1 3 74 1 10 1
11 0 2 81 197124 2537324 295686
12 1 1 88 31 270 46
13 1 1 93 24 206 36
14 1 4 99 2 17 3
15 1 7 107 1 4 1
16 1 7 116 1 4 1
17 0 4 125 2 17 3
18 0 14 133 937 4346 1405
19 0 8 143 2 7 3
20 0 1 152 45 400 67
21 0 4 157 1 10 1
22 1 2 165 11 90 16
23 1 7 172 683 3096 1024
24 1 3 181 5 41 7
25 0 1 188 109 1016 163
26 1 7 193 1108 5201 1662
27 1 1 202 2785 30236 4177
28 0 3 206 1 10 1
29 1 1 214 1 10 1
30 0 2 218 1 11 1
31 1 2 225 1 11 1
32 0 4 231 1 8 1
33 1 4 239 2 17 3
34 0 12 247 6116 32171 9174
35 1 14 257 1541 7402 2311
36 0 3 267 1 9 1
37 0 3 275 1 9 1
38 0 10 282 1 6 1
39 0 1 292 4999 55656 7498
40 1 7 296 4 12 6
41 0 7 305 6 18 9
42 0 2 314 138 1301 207
43 0 2 321 3 25 4
44 1 1 328 1 8 1
45 0 1 333 292 2858 438
46 0 10 337 1 4 1
47 0 7 347 1 4 1
48 1 6 356 50 447 75
49 1 7 365 1 4 1
50 1 3 374 1 9 1
51 0 3 382 1 9 1
52 0 1 389 11 90 16
53 0 1 394 1 10 1
54 1 28 399 31 108 46
55 1 4 410 30 260 45
56 0 1 418 1 11 1
57 0 4 423 380 3767 570
58 1 4 431 6679 75276 10018
59 0 1 439 13 107 19
60 1 5 444 124 1163 186
61 1 6 452 2 17 3
62 1 2 461 62 561 93
63 1 8 467 1 4 1
64 0 5 476 2102 22540 3153
65 0 5 484 9 73 13
66 0 3 492 1 11 1
67 0 7 499 124 492 186
68 0 1 508 1 11 1
69 1 1 513 766 7848 1149
70 0 4 518 3 25 4
71 1 2 526 1 9 1
72 0 2 533 1 11 1
73 1 3 539 632 6418 948
74 0 1 546 2 17 3
75 1 4 551 12 99 18
76 0 2 559 96 889 144
77 1 7 565 2 6 3
78 1 1 574 39 344 58
79 1 3 579 6 48 9
80 0 5 586 11 90 16
81 1 2 594 1 11 1
82 0 4 601 39 344 58
83 1 2 609 31 270 46
84 1 4 616 15 125 22
85 1 11 624 4 13 6
86 1 4 634 1 11 1
87 0 2 642 304 2981 456
88 1 16 649 1 4 1
89 0 2 659 2 17 3
90 1 1 665 1 9 1
91 1 5 670 147 1391 220
92 0 4 678 1 12 1
93 1 1 686 8 64 12
94 0 1 689 1 10 1
95 0 3 692 103 957 154
96 0 3 699 1 9 1
97 1 6 706 18 152 27
98 0 1 715 1 11 1
99 1 1 720 24 206 36
100 0 1 725 259 2520 388
101 1 8 730 1 4 1
102 1 4 739 50 447 75
103 1 2 747 1 11 1
104 1 8 754 4 12 6
105 0 4 763 3 25 4
106 1 1 771 1 10 1
107 1 1 776 8 64 12
108 0 6 780 461 4612 691
109 0 2 789 1 10 1
110 0 4 795 2638 28572 3957
111 0 3 803 8526 97077 12789
112 1 6 810 2 17 3
113 0 2 819 1 10 1
114 0 11 826 67 252 100
115 0 2 836 1 12 1
116 0 5 842 13 108 19
117 0 3 850 1104 11502 1656
118 1 1 857 744 7612 1116
119 1 1 862 240 2327 360
120 0 2 866 1 10 1
121 1 5 872 1472 15537 2208
122 0 2 880 4 33 6
123 1 5 887 11 90 16
124 1 7 895 1 6 1
125 1 9 904 2 6 3
126 0 7 913 33460 194836 50190
127 0 3 922 40 353 60
128 0 2 929 774 7934 1161
129 0 5 935 1 9 1
130 0 2 943 71 647 106
131 1 2 950 5 40 7
132 1 3 957 5409 60422 8113
133 1 7 965 1 6 1
134 0 3 974 2 17 3
135 1 4 981 1 10 1
136 1 3 989 5 40 7
137 1 1 996 18 152 27
138 1 2 1001 63 570 94
139 1 2 1007 88 811 132
140 0 4 1013 52 466 78
141 1 2 1021 1 9 1
142 1 10 1027 43 155 64
143 0 1 1037 2 17 3
144 1 4 1043 49 438 73
145 1 3 1051 1 9 1
146 1 2 1058 1 11 1
147 0 3 1064 239 2316 358
148 1 14 1071 1 3 1
149 0 5 1081 1 9 1
150 0 1 1089 111 1035 166
151 0 11 1093 32 112 48
152 1 2 1103 118 1104 177
153 0 4 1109 182 1740 273
154 0 1 1117 2 17 3
155 0 3 1121 6 48 9
156 1 3 1129 1 9 1
157 0 3 1136 1 10 1
158 1 3 1143 59 532 88
159 1 6 1150 380 3767 570
160 0 4 1159 6 48 9
161 0 1 1167 3 25 4
162 1 1 1170 30 261 45
163 1 1 1176 11 90 16
164 0 2 1181 7 56 10
165 0 7 1187 1 3 1
166 1 2 1196 1 9 1
167 1 1 1203 344 3394 516
168 0 1 1205 1 10 1
169 0 6 1210 1 11 1
170 0 1 1219 119 1114 178
171 1 10 1225 6 18 9
172 0 2 1235 1466 15471 2199
173 1 8 1241 20985 118953 31477
174 1 5 1250 1 10 1
175 0 2 1258 1 11 1
176 0 5 1265 1 9 1
177 1 8 1273 6 18 9
178 1 1 1282 5 41 7
179 1 2 1287 1 8 1
180 1 2 1293 7 56 10
181 0 1 1299 25996 309701 38994
182 0 28 1305 38 135 57
183 0 3 1316 11 90 16
184 0 11 1323 14 45 21
185 0 6 1333 5 40 7
186 1 4 1342 1 8 1
187 1 5 1350 9 72 13
188 1 1 1358 1 10 1
189 1 1 1362 13 107 19
190 0 2 1366 8 64 12
191 1 1 1372 5 40 7
192 1 3 1377 125 1173 187
193 0 30 1385 1 4 1
194 0 1 1396 365 3611 547
195 0 2 1400 564 5697 846
196 1 3 1406 8179 92966 12268
197 1 15 1413 617 2776 925
198 1 5 1423 1 9 1
199 1 1 1431 16 134 24
200 1 4 1437 1066 11088 1599
201 0 4 1445 1 10 1
202 0 1 1453 22 188 33
203 0 3 1457 2 17 3
204 0 2 1464 1 12 1
205 1 2 1471 14 116 21
206 1 4 1478 1 10 1
207 0 4 1486 1 10 1
208 0 16 1494 1 3 1
209 0 3 1504 527 5306 790
210 0 4 1511 1 9 1
211 0 16 1519 380 1649 570
212 1 3 1529 461 4612 691
213 0 2 1536 1 10 1
214 1 4 1542 1 12 1
215 1 1 1550 61 551 91
216 0 1 1553 4797 53314 7195
217 0 2 1557 21 179 31
218 1 5 1564 172 1640 258
219 0 1 1572 2 17 3
220 0 1 1575 163587 2091215 245380
221 1 5 1579 1 9 1
222 1 20 1587 10 31 15
223 1 2 1598 1 10 1
224 0 7 1605 134 535 201
225 0 3 1614 4451 49310 6676
226 1 2 1621 75 685 112
227 0 33 1628 2 6 3
228 0 2 1639 23389 277474 35083
229 0 6 1645 43 381 64
230 1 2 1654 2 17 3
231 0 2 1660 1559 16497 2338
232 0 2 1666 1 10 1
233 1 1 1672 1 9 1
234 1 2 1674 39 344 58
235 0 2 1680 4 33 6
236 1 9 1687 8 24 12
237 1 2 1696 7 56 10
238 1 2 1703 1 10 1
239 0 4 1709 142 1341 213
240 1 1 1717 1 10 1
241 0 9 1723 21 70 31
242 0 4 1732 468 4685 702
243 1 3 1740 1 8 1
244 1 5 1747 5 41 7
245 0 5 1755 3 25 4
246 0 4 1763 256 2489 384
247 1 1 1771 1 9 1
248 0 5 1776 1 11 1
249 1 1 1784 2 17 3
250 0 2 1790 19 161 28
251 1 5 1796 1 9 1
252 0 4 1804 880 9074 1320
253 1 3 1812 5 40 7
254 1 2 1819 11 90 16
255 0 3 1825 1 9 1
256 1 1 1832 582 5887 873
257 0 4 1837 1 8 1
258 0 2 1845 23 197 34
259 0 3 1852 4 33 6
260 1 3 1859 9 72 13
261 1 6 1866 1 4 1
262 1 2 1875 1 9 1
263 1 2 1882 11852 136794 17778
264 0 1 1888 922 9527 1383
265 0 5 1893 894 9225 1341
266 0 7 1901 10 31 15
267 1 1 1910 1 11 1
268 1 2 1915 34 297 51
269 1 3 1921 1 9 1
270 0 3 1928 9 72 13
271 1 1 1936 1 9 1
272 1 5 1941 47 419 70
273 0 4 1949 2213 23785 3319
274 1 1 1957 1 11 1
275 0 4 1961 236 2286 354
276 1 1 1969 2077 22261 3115
277 1 2 1972 12 99 18
278 1 5 1978 3 25 4
279 1 2 1986 1 9 1
280 0 1 1993 223 2154 334
281 1 1 1999 1 11 1
282 1 6 2001 17 143 25
283 1 2 2010 40 353 60
284 0 1 2017 2 17 3
285 0 4 2022 24 206 36
286 1 4 2030 430 4288 645
287 1 16 2038 2573 12796 3859
288 0 2 2048 58315 717017 87472
289 0 5 2054 2 17 3
290 0 5 2062 10 81 15
291 0 3 2070 5 41 7
292 1 1 2077 1 10 1
293 1 1 2081 1 10 1
294 1 46 2086 107 419 160
295 0 2 2098 38722 468610 58083
296 0 2 2104 1 9 1
297 1 11 2110 31 108 46
298 0 1 2120 1 10 1
299 0 3 2125 1 10 1
300 1 2 2132 12 99 18
301 1 15 2139 1805 8765 2707
302 0 1 2149 1 10 1
303 0 4 2154 35 307 52
304 1 1 2162 23704 281361 35556
305 0 6 2167 85 782 127
306 0 3 2176 78 714 117
307 0 7 2183 2 7 3
308 1 3 2192 436 4350 654
309 1 2 2200 1 9 1
310 0 2 2206 574 5802 861
311 1 2 2212 13 107 19
312 1 3 2218 128 1202 192
313 1 5 2225 1 12 1
314 0 2 2233 5 40 7
315 1 8 2239 23 78 34
316 0 3 2248 1 9 1
317 0 12 2255 2 6 3
318 0 2 2265 28 242 42
319 0 1 2272 1 9 1
320 0 1 2278 2 17 3
321 1 4 2281 40 353 60
322 1 5 2289 476 4769 714
323 1 2 2297 13 107 19
324 1 1 2304 1 10 1
325 0 3 2309 1 11 1
326 1 10 2316 6 18 9
327 1 1 2326 6 48 9
328 1 4 2329 1 10 1
329 0 11 2337 196 807 294
330 0 1 2347 5 41 7
331 1 1 2352 4 33 6
332 1 1 2357 2 17 3
333 0 7 2361 3432 17396 5148
334 1 2 2370 1 11 1
335 1 5 2377 1 9 1
336 1 1 2385 361 3570 541
337 0 11 2389 2 6 3
338 0 2 2399 6 48 9
339 0 1 2405 1 9 1
340 1 9 2409 1 3 1
341 0 1 2418 23 197 34
342 0 2 2424 16 134 24
343 1 2 2431 105 976 157
344 1 2 2437 1 9 1
345 1 3 2443 190 1821 285
346 0 1 2450 45 400 67
347 0 11 2456 57 211 85
348 0 4 2466 753 7709 1129
349 0 4 2474 1 10 1
350 1 2 2482 21 179 31
351 0 2 2489 1 9 1
352 0 1 2495 1 10 1
353 0 2 2496 1385155 19106789 2077732
354 0 8 2503 34 120 51
355 1 2 2512 2 17 3
356 1 1 2519 39 344 58
357 1 1 2523 4409 48825 6613
358 1 4 2526 61 551 91
359 0 4 2534 3 25 4
360 1 3 2542 13 107 19
361 0 1 2549 113 1055 169
362 1 8 2554 53 195 79
363 1 2 2563 2 17 3
364 0 1 2570 27 233 40
365 0 10 2573 10 31 15
366 0 2 2583 39 344 58
367 0 2 2589 12 99 18
368 0 1 2596 1 11 1
369 1 5 2601 1 12 1
370 0 1 2610 1 9 1
371 0 4 2613 1 9 1
372 0 1 2621 48 428 72
373 0 5 2627 11773 135845 17659
374 0 1 2635 14 116 21
375 1 2 2640 1 8 1
376 1 3 2647 906 9354 1359
377 1 4 2654 40 353 60
378 1 4 2662 1 14 1
379 1 1 2670 4 33 6
380 1 10 2674 6 18 9
381 0 1 2684 363 3590 544
382 1 1 2687 243 2357 364
383 1 2 2690 1 9 1
384 0 10 2697 1 3 1
385 1 4 2707 2871 31211 4306
386 0 2 2715 17 143 25
387 1 8 2722 137 548 205
388 1 6 2731 1 9 1
389 0 1 2740 1 9 1
390 1 1 2745 1 9 1
391 0 2 2750 1 9 1
392 0 4 2757 318 3125 477
393 0 20 2765 1 5 1
394 0 4 2776 1 12 1
395 1 4 2784 3 25 4
396 0 5 2792 3 25 4
397 1 12 2801 1 5 1
398 1 1 2811 1383 14556 2074
399 0 2 2813 1 9 1
400 0 5 2819 1 9 1
401 0 2 2828 2 17 3
402 0 6 2834 597 6046 895
403 1 11 2843 1 3 1
404 1 3 2853 1 9 1
405 1 1 2861 38 335 57
406 0 4 2867 1 10 1
407 0 3 2875 652 6630 978
408 1 1 2882 17 143 25
409 1 4 2887 193 1851 289
410 1 3 2895 6 48 9
411 0 17 2902 15 48 22
412 0 10 2912 100 389 150
413 1 2 2922 1 9 1
414 0 2 2928 1 10 1
415 1 1 2935 9 72 13
416 0 5 2939 1875 20005 2812
417 0 1 2947 1 9 1
418 0 1 2952 37 325 55
419 0 1 2958 162 1540 243
420 0 2 2963 1 10 1
421 1 34 2970 1 4 1
422 0 9 2981 1 4 1
423 1 14 2990 1 3 1
424 1 2 3000 1 9 1
425 1 4 3006 11 90 16
426 1 2 3014 3 25 4
427 1 10 3021 133 530 199
428 0 3 3031 1 9 1
429 0 3 3038 12 98 18
430 1 1 3045 793851 10741326 1190776
431 0 6 3050 1 9 1
432 1 2 3059 1 10 1
433 1 2 3066 4354 48191 6531
434 1 1 3072 745175 10060404 1117762
435 0 4 3076 1 10 1
436 0 2 3084 13 107 19
437 1 1 3091 245 2378 367
438 1 1 3095 851 8761 1276
439 1 6 3100 7 56 10
440 1 5 3109 553 5580 829
441 0 151 3117 29625 171311 44437
442 0 1 3130 1132 11807 1698
443 0 2 3134 11 90 16
444 0 1 3141 1 12 1
445 0 2 3145 16 134 24
446 1 3 3151 3 25 4
447 0 3 3158 110 1025 165
448 0 4 3166 7 56 10
449 0 7 3174 535 2382 802
450 1 49 3183 219 910 328
451 1 22 3195 534 2377 801
452 1 2 3206 4 33 6
453 0 2 3213 4 33 6
454 0 2 3219 1 10 1
455 0 14 3225 578 2588 867
456 1 11 3235 5 15 7
457 1 1 3245 1 10 1
458 0 1 3246 1 10 1
459 0 2 3251 1 9 1
460 1 3 3258 1 9 1
461 1 3 3265 1 9 1
462 1 4 3272 1 8 1
463 1 27 3280 18 59 27
464 1 3 3291 44 391 66
465 0 1 3298 1 9 1
466 1 9 3303 167 679 250
467 0 1 3312 7 56 10
468 1 1 3316 1 10 1
469 0 5 3322 91 840 136
470 1 5 3330 3 25 4
471 0 1 3338 1 10 1
472 0 8 3342 1 4 1
473 1 10 3351 1 5 1
474 1 4 3361 76 695 114
475 1 2 3369 1 11 1
476 1 2 3375 1 9 1
477 1 1 3382 52 466 78
478 0 7 3386 7 21 10
479 0 4 3395 1 13 1
480 1 10 3403 1 4 1
481 0 9 3413 8542 45878 12813
482 0 5 3422 23 197 34
483 1 5 3431 30 260 45
484 0 2 3439 383 3798 574
485 1 4 3446 31 270 46
486 1 4 3454 1 10 1
487 0 3 3462 1 9 1
488 0 3 3469 841 8654 1261
489 0 6 3476 5 40 7
490 0 2 3485 1 9 1
491 0 4 3491 109174 1374742 163761
492 0 8 3499 1 6 1
493 0 6 3508 1 11 1
494 1 1 3517 2 17 3
495 0 4 3523 4 33 6
496 0 6 3531 144 1361 216
497 1 17 3540 2 7 3
498 1 8 3550 302 1287 453
499 1 2 3559 674 6864 1011
500 1 5 3565 4 33 6
501 0 2 3573 255 2479 382
502 0 2 3579 1 9 1
503 1 1 3586 128 1202 192
504 0 3 3591 57 513 85
505 1 1 3599 4 32 6
506 1 1 3602 1 10 1
507 1 1 3607 83 763 124
