0 0 4 5 1 11 1
1 0 3 13 1 9 1
2 0 8 21 1 3 1
3 1 2 30 38 335 57
4 0 16 36 1 4 1
5 0 9 46 1 4 1
6 1 5 55 1 12 1
7 0 6 63 73 666 109
8 0 4 72 142 1341 213
9 0 3 80 33 288 49
10 0 1 87 6 48 9
11 1 2 92 4 33 6
12 0 8 98 1 4 1
13 0 16 107 1 4 1
14 0 5 117 58 523 87
15 1 16 125 1 6 1
16 0 31 135 1 5 1
17 1 1 146 5808 65075 8712
18 1 5 150 3 25 4
19 0 5 158 2 17 3
20 1 3 166 132 1242 198
21 0 4 173 3 25 4
22 1 4 181 3 25 4
23 1 2 189 7 56 10
24 0 5 196 2 17 3
25 0 11 204 33 116 49
26 0 1 214 561 5665 841
27 0 4 219 1 10 1
28 0 36 227 4597 23746 6895
29 1 3 238 1 9 1
30 0 7 245 1 4 1
31 1 1 254 13 108 19
32 0 2 259 1 11 1
33 0 5 265 132 1242 198
34 1 2 273 40 353 60
35 1 4 279 2 17 3
36 0 12 287 1 4 1
37 1 2 297 3 25 4
38 0 4 304 900 9289 1350
39 1 2 312 1 9 1
40 1 1 319 161 1530 241
41 1 6 324 5 40 7
42 0 8 333 53 195 79
43 0 3 342 4 33 6
44 0 1 350 53 475 79
45 1 4 356 7 56 10
46 1 1 364 82 753 123
47 1 3 368 2 17 3
48 0 1 375 10 81 15
49 1 4 379 95 879 142
50 0 7 387 1 5 1
51 0 19 396 1 4 1
52 1 1 407 7 56 10
53 0 3 410 16 134 24
54 0 1 417 1 9 1
55 0 5 422 89 821 133
56 0 1 430 4 33 6
57 1 10 434 1 4 1
58 0 2 444 313 3074 469
59 1 1 451 21 178 31
60 0 7 455 1 4 1
61 1 32 464 85 326 127
62 1 4 475 1783 18981 2674
63 0 3 483 1 12 1
64 1 1 491 1 10 1
65 0 7 495 1 3 1
66 0 3 504 3 25 4
67 0 1 511 151 1430 226
68 1 6 513 376 3725 564
69 0 1 522 1 9 1
70 0 3 528 237 2296 355
71 1 11 536 323 1384 484
72 0 1 546 2 17 3
73 0 2 551 2 17 3
74 1 11 558 260 1095 390
75 0 7 568 3 10 4
76 0 6 577 53507 319887 80260
77 1 2 586 1 10 1
78 1 2 592 31 270 46
79 1 3 599 1 10 1
80 1 5 607 95973 1202662 143959
81 1 18 615 2 7 3
82 0 6 625 1 10 1
83 0 4 634 1 10 1
84 0 4 642 1 9 1
85 1 1 650 30 260 45
86 0 1 654 750 7676 1125
87 0 5 660 78 714 117
88 1 1 668 1 10 1
89 0 1 673 1 11 1
90 0 2 675 14 116 21
91 0 2 681 499 5011 748
92 1 8 687 399 1738 598
93 1 6 696 172 1640 258
94 0 1 705 1 10 1
95 1 4 710 7 56 10
96 1 2 718 2 17 3
97 1 3 725 1 9 1
98 0 2 732 8 64 12
99 1 6 739 13 107 19
100 0 10 748 121186 757305 181779
101 1 12 758 21 70 31
102 0 2 768 1 9 1
103 0 3 775 394 3912 591
104 1 4 782 1073 11165 1609
105 0 4 790 15 125 22
106 0 9 798 1 3 1
107 0 2 807 9 72 13
108 1 9 813 267 1127 400
109 0 16 822 6444 34008 9666
110 0 1 832 1 10 1
111 0 10 836 10 31 15
112 1 1 846 3 25 4
113 1 2 852 271 2643 406
114 0 4 858 1 9 1
115 0 4 866 24 206 36
116 1 2 874 1 9 1
117 1 1 881 5715 63989 8572
118 1 1 886 99164 1244183 148746
119 1 2 892 761 7794 1141
120 0 2 898 3 25 4
121 0 17 904 18903 106497 28354
122 0 7 914 15 48 22
123 0 3 923 11 90 16
124 0 7 930 24 81 36
125 0 14 939 1 4 1
126 0 5 949 1 10 1
127 1 8 957 92 356 138
128 1 1 966 1 10 1
129 0 1 969 9 72 13
130 0 30 973 11 34 16
131 0 9 984 247 1036 370
132 1 2 993 1 9 1
133 0 1 1000 90 830 135
134 1 2 1002 1 9 1
135 1 1 1009 1 9 1
136 0 2 1012 75 686 112
137 0 3 1019 1 10 1
138 1 12 1026 8 24 12
139 1 17 1036 3 9 4
140 0 25 1046 1 5 1
141 0 1 1057 23 197 34
142 0 28 1063 1 4 1
143 0 7 1074 1139 5357 1708
144 1 4 1083 1 9 1
145 0 1 1091 751 7687 1126
146 1 5 1096 2 17 3
147 1 1 1104 894 9225 1341
148 0 1 1107 2 17 3
149 0 2 1112 1 10 1
150 0 1 1119 192 1841 288
151 0 1 1124 1 11 1
152 0 16 1128 4 12 6
153 0 3 1138 1 10 1
154 1 2 1145 1 9 1
155 0 2 1152 1 9 1
156 1 6 1158 536 5401 804
157 0 3 1167 5 40 7
158 0 3 1174 1 11 1
159 0 1 1182 1 12 1
160 0 10 1187 165 670 247
161 0 2 1197 532 5359 798
162 0 4 1203 133 1252 199
163 1 2 1211 1 9 1
164 0 2 1217 32 279 48
165 1 3 1224 1396 14700 2094
166 0 3 1231 165 1570 247
167 1 2 1238 280941 3663277 421411
168 0 1 1244 201 1931 301
169 1 2 1248 1 10 1
170 1 2 1254 3 25 4
171 1 10 1260 3 9 4
172 1 6 1270 1 8 1
173 0 2 1279 67 608 100
174 0 7 1285 1 4 1
175 0 12 1294 1 4 1
176 1 6 1304 4439 49172 6658
177 0 3 1313 1 12 1
178 1 19 1320 1 4 1
179 0 1 1331 1 9 1
180 1 2 1335 331 3260 496
181 1 1 1342 1 9 1
182 1 6 1346 11 34 16
183 1 2 1355 1 12 1
184 0 5 1361 8 64 12
185 0 6 1370 267 2602 400
186 0 1 1379 39 344 58
187 1 4 1382 1 10 1
188 1 2 1390 1 11 1
189 0 6 1397 1985 21232 2977
190 0 28 1406 2 6 3
191 0 4 1417 5 40 7
192 1 2 1425 4 33 6
193 0 31 1432 1 5 1
194 0 6 1443 1 9 1
195 0 2 1452 43 381 64
196 1 4 1459 35 307 52
197 1 2 1467 1 9 1
198 0 30 1473 1 4 1
199 1 7 1484 2 7 3
200 0 4 1493 6 48 9
201 1 1 1501 373 3694 559
202 0 4 1507 1 9 1
203 1 1 1515 1 10 1
204 1 3 1520 222 2144 333
205 0 6 1528 1 9 1
206 0 2 1537 4 33 6
207 1 5 1544 1 10 1
208 0 1 1552 107 996 160
209 1 1 1555 3 25 4
210 0 3 1561 263 2561 394
211 0 7 1568 1 6 1
212 0 1 1577 105 976 157
213 1 1 1581 229 2215 343
214 1 5 1586 147 1391 220
215 0 7 1594 4 12 6
216 0 1 1603 1 9 1
217 1 2 1606 4 33 6
218 0 1 1612 1 8 1
219 0 3 1617 7 56 10
220 1 3 1624 1 9 1
221 1 3 1631 1175 12276 1762
222 0 1 1638 264 2571 396
223 1 1 1642 276 2694 414
224 1 1 1647 292 2858 438
225 1 1 1650 1 9 1
226 1 2 1654 1 11 1
227 1 1 1660 1 11 1
228 0 1 1666 22 188 33
229 0 6 1672 1 10 1
230 0 19 1681 920 4262 1380
231 1 4 1692 127 1192 190
232 1 2 1700 6 48 9
233 0 1 1707 2 17 3
234 1 3 1712 28417 339741 42625
235 1 2 1719 9 72 13
236 1 2 1726 1 11 1
237 1 5 1732 179 1710 268
238 1 8 1740 17 56 25
239 0 7 1749 4 12 6
240 1 6 1758 1 11 1
241 0 1 1767 3 25 4
242 0 4 1772 70 637 105
243 1 5 1780 32 279 48
244 0 11 1788 201 829 301
245 1 1 1798 443 4424 664
246 1 2 1804 47 419 70
247 0 3 1811 977 10122 1465
248 0 5 1819 5 40 7
249 1 4 1827 11748 135545 17622
250 0 9 1835 1 5 1
251 0 1 1844 2 17 3
252 0 1 1849 1 11 1
253 1 4 1854 8 64 12
254 0 3 1862 121 1134 181
255 0 4 1869 25 215 37
256 1 3 1877 3958 43629 5937
257 0 1 1884 30 261 45
258 1 2 1888 1 10 1
259 0 7 1895 1 5 1
260 0 4 1904 111449 1404477 167173
261 0 2 1912 1 11 1
262 0 19 1919 1 4 1
263 1 4 1930 1 10 1
264 1 1 1938 32 279 48
265 1 1 1943 120824 1527237 181236
266 1 3 1948 263 2561 394
267 0 4 1955 264 2571 396
268 1 23 1963 2 6 3
269 1 2 1974 798 8191 1197
270 1 8 1980 18 59 27
271 0 2 1989 1 9 1
272 1 1 1995 1 9 1
273 0 8 2001 4 13 6
274 1 7 2010 1 4 1
275 0 3 2019 1 9 1
276 0 3 2027 1 10 1
277 1 1 2034 44971 547418 67456
278 0 4 2039 7 56 10
279 1 5 2047 27 233 40
280 0 18 2055 3 10 4
281 0 6 2065 57 513 85
282 1 1 2074 25 215 37
283 0 5 2080 12 99 18
284 0 3 2088 1 9 1
285 0 7 2095 714 3247 1071
286 0 1 2104 3 25 4
287 1 4 2108 42 372 63
288 0 3 2116 4 33 6
289 1 4 2123 1 10 1
290 1 2 2131 7 56 10
291 1 1 2137 1 10 1
292 0 1 2143 4 33 6
293 1 3 2147 1 9 1
294 1 9 2155 5098 26509 7647
295 0 3 2164 47 419 70
296 1 19 2172 52 191 78
297 0 3 2183 1 10 1
298 1 4 2190 96 889 144
299 1 2 2198 196 1881 294
300 1 10 2204 1 3 1
301 1 1 2213 29 252 43
302 1 2 2216 125 1173 187
303 1 2 2222 1 9 1
304 0 7 2228 1 3 1
305 0 13 2237 25 85 37
306 1 1 2247 4 33 6
307 1 4 2252 136 1282 204
308 1 4 2260 21281 251515 31921
309 0 3 2268 57 513 85
310 1 2 2276 2 17 3
311 1 8 2283 26 89 39
312 0 1 2292 9787 112074 14680
313 1 2 2298 107 996 160
314 1 3 2304 3 25 4
315 1 22 2312 233 973 349
316 0 2 2323 2 17 3
317 0 3 2329 20 170 30
318 1 4 2336 1 9 1
319 0 2 2344 41 363 61
320 0 1 2351 44 391 66
321 1 6 2356 1 9 1
322 1 6 2365 92 850 138
323 0 3 2374 54 485 81
324 0 1 2381 1 9 1
325 1 2 2386 36 316 54
326 1 9 2392 15366 85516 23049
327 0 1 2401 12334 142590 18501
328 1 2 2406 100 927 150
329 0 2 2412 760 7784 1140
330 1 2 2418 75958 943445 113937
331 0 1 2425 31 270 46
332 0 3 2430 6 48 9
333 0 2 2437 37 325 55
334 1 5 2443 2811663 39725564 4217494
335 0 3 2451 116 1084 174
336 1 4 2458 5 41 7
337 1 3 2466 126 1183 189
338 1 1 2473 217 2093 325
339 1 2 2478 54 485 81
340 1 1 2484 1 10 1
341 0 2 2490 730 7463 1095
342 0 3 2497 1 8 1
343 0 4 2505 18915 222497 28372
344 0 2 2513 5 40 7
345 0 3 2520 1605 17006 2407
346 1 4 2527 1 11 1
347 1 6 2535 413 4110 619
348 0 3 2544 1 9 1
349 1 2 2551 3359 36765 5038
350 0 2 2558 2 17 3
351 0 2 2564 1 9 1
352 0 1 2570 75 685 112
353 0 1 2573 98 908 147
354 1 4 2578 1 9 1
355 0 1 2586 1 10 1
356 0 2 2591 6 48 9
357 0 12 2597 116 457 174
358 1 13 2607 329 1411 493
359 0 4 2617 45 400 67
360 1 7 2625 39 139 58
361 1 5 2634 46493 566676 69739
362 1 3 2642 118 1104 177
363 1 2 2649 1 9 1
364 0 3 2656 1 9 1
365 0 1 2663 6 48 9
366 1 10 2666 6 18 9
367 1 1 2676 1 13 1
368 0 5 2681 3 25 4
369 0 1 2689 35 307 52
370 0 1 2693 2 17 3
371 0 2 2697 1 9 1
372 1 5 2703 1 10 1
373 0 19 2711 6315 33285 9472
374 0 4 2722 760 7783 1140
375 1 2 2730 1 9 1
376 1 5 2736 1 9 1
377 1 1 2744 1 9 1
378 0 3 2748 5 41 7
379 1 8 2755 7 21 10
380 0 15 2764 1 4 1
381 1 11 2774 22 74 33
382 0 3 2784 1 8 1
383 0 7 2791 95749 590877 143623
384 1 3 2800 54 485 81
385 1 11 2808 3 10 4
386 0 2 2818 1 10 1
387 1 2 2824 288 2817 432
388 0 2 2831 1 10 1
389 0 6 2838 1 11 1
390 1 2 2847 122 1143 183
391 0 1 2853 1 9 1
392 0 9 2859 1 4 1
393 0 2 2868 20 170 30
394 1 2 2874 63 570 94
395 1 6 2880 85 782 127
396 0 10 2889 1 5 1
397 0 2 2899 14 116 21
398 0 4 2905 2133 22888 3199
399 1 1 2913 10353 118831 15529
400 0 2 2917 1 12 1
401 1 2 2923 1 12 1
402 1 7 2930 16 52 24
403 0 1 2939 2 17 3
404 0 2 2944 1 9 1
405 0 2 2950 25 215 37
406 1 4 2957 140762 1789426 211143
407 1 1 2965 1 9 1
408 0 9 2970 1 3 1
409 0 1 2979 13 108 19
410 0 8 2984 5 15 7
411 1 2 2993 35 307 52
412 1 10 2999 1 3 1
413 1 12 3009 400 1742 600
414 0 1 3019 172 1640 258
415 1 7 3025 2 6 3
416 1 1 3034 43 381 64
417 1 1 3039 1 9 1
418 1 8 3045 1 4 1
419 0 2 3054 5 41 7
420 0 2 3060 1 11 1
421 0 2 3067 6 48 9
422 0 2 3074 2 17 3
423 0 1 3080 15 125 22
424 1 2 3086 5342 59643 8013
425 0 3 3092 926 9570 1389
426 1 1 3099 5 40 7
427 1 26 3104 5 15 7
428 0 3 3115 118179 1492566 177268
429 0 1 3122 1 10 1
430 0 3 3125 1 10 1
431 0 3 3132 1090 11349 1635
432 1 1 3139 1 10 1
433 1 1 3144 4 33 6
434 1 5 3148 1 11 1
435 0 1 3156 1 9 1
436 1 3 3159 1 9 1
437 0 1 3167 1 9 1
438 0 1 3171 1 11 1
439 1 2 3176 11 90 16
440 0 4 3182 1 9 1
441 1 2 3190 2326 25054 3489
442 0 3 3196 7 56 10
443 1 2 3203 6 48 9
444 1 10 3209 50 183 75
445 1 13 3219 2 7 3
446 1 3 3229 1 9 1
447 0 1 3236 97 898 145
448 1 1 3241 1 9 1
449 1 18 3246 7 21 10
450 1 4 3256 458 4581 687
451 1 2 3264 17 143 25
452 1 4 3271 232 2246 348
453 1 2 3279 7 56 10
454 1 6 3285 1171 12233 1756
455 1 7 3294 1 4 1
456 1 1 3303 98 908 147
457 1 1 3309 25 215 37
458 0 4 3314 1 9 1
459 0 6 3322 1 9 1
460 0 12 3331 1 3 1
461 0 6 3341 30 260 45
462 0 3 3350 1 9 1
463 1 1 3357 15 125 22
464 1 1 3361 333 3280 499
465 1 2 3366 22 188 33
466 1 3 3372 1 10 1
467 1 2 3379 34 297 51
468 1 4 3385 1 9 1
469 1 1 3393 1 10 1
470 1 1 3396 1 9 1
471 0 5 3401 1378 14501 2067
472 1 17 3409 1 3 1
473 0 3 3419 45 400 67
474 0 3 3426 13707 159147 20560
475 1 3 3433 10 81 15
476 0 6 3441 120 1124 180
477 0 1 3450 1 9 1
478 0 5 3455 17 143 25
479 1 9 3463 19775 111705 29662
480 0 4 3472 10 81 15
481 1 2 3480 3 25 4
482 1 1 3487 1 10 1
483 0 4 3492 1 9 1
484 0 5 3500 1 11 1
485 0 6 3508 5 41 7
486 0 17 3517 53 195 79
487 1 1 3527 2 17 3
488 0 64 3532 4 12 6
489 1 3 3544 1283 13458 1924
490 1 8 3551 59 219 88
491 1 2 3560 9 73 13
492 1 1 3567 838 8621 1257
493 0 1 3572 88 811 132
494 0 3 3577 2344 25257 3516
495 0 2 3584 25 215 37
496 0 1 3591 7545 85471 11317
497 1 5 3596 1 9 1
498 0 5 3604 1 9 1
499 1 2 3612 10 81 15
