0 0 5 5 1 5 1
1 0 2 9 39 344 58
2 1 2 13 52 466 78
3 1 1 17 2209 23740 3313
4 1 1 20 6 48 9
5 0 1 23 966657 13169558 1449985
6 1 8 26 2 7 3
7 1 10 30 4 12 6
8 1 8 34 931 4316 1396
9 1 8 38 51 187 76
10 1 3 42 1 4 1
11 0 2 46 1 9 1
12 0 15 50 19 63 28
13 0 4 54 5 15 7
14 0 1 58 1 11 1
15 1 2 61 6 48 9
16 0 5 65 2 7 3
17 0 5 69 31 108 46
18 0 1 73 1 10 1
19 0 4 76 1 4 1
20 0 5 80 60 223 90
21 0 3 84 2 7 3
22 1 7 88 1 5 1
23 1 1 92 1506 15912 2259
24 0 4 95 410 1789 615
25 0 4 99 1 3 1
26 0 1 103 6 48 9
27 1 6 106 204 843 306
28 1 4 110 1021 4765 1531
29 1 2 114 203802 2626493 305703
30 1 1 118 1112 11589 1668
31 1 4 121 53 195 79
32 0 3 125 8 24 12
33 1 1 129 1 10 1
34 0 1 132 1 10 1
35 1 1 135 272 2653 408
36 1 3 138 244 2367 366
37 0 2 142 443 4424 664
38 0 1 146 78 714 117
39 0 2 149 4 33 6
40 0 3 153 1 9 1
41 0 8 157 56 207 84
42 0 5 161 1 4 1
43 1 2 165 1 10 1
44 0 6 168 26 89 39
45 1 14 172 22 74 33
46 1 2 176 1 9 1
47 1 2 179 1 11 1
48 0 1 182 6 48 9
49 0 4 185 2968 14901 4452
50 0 7 189 29 101 43
51 0 1 193 8 64 12
52 1 4 196 2 7 3
53 1 5 200 87 334 130
54 0 1 204 1 10 1
55 1 1 207 368 3642 552
56 0 15 210 649 2931 973
57 0 6 214 8 24 12
58 1 3 218 1 3 1
59 0 4 222 18 59 27
60 1 3 226 1 3 1
61 0 1 230 118 1104 177
62 0 1 233 3 25 4
63 0 8 236 54 199 81
64 0 1 240 32 279 48
65 1 3 242 3242 35430 4863
66 1 5 246 2 7 3
67 1 1 250 1 11 1
68 1 12 253 1 4 1
69 0 7 257 3 10 4
70 1 9 261 48 175 72
71 1 1 265 4 33 6
72 1 5 268 1505 7218 2257
73 1 2 272 1 9 1
74 1 1 275 18 152 27
75 1 11 278 2 7 3
76 1 18 282 422 1845 633
77 1 1 287 3 25 4
78 1 1 290 8 64 12
79 0 3 293 14 116 21
80 1 12 297 2 6 3
81 0 2 301 11 90 16
82 0 6 305 8 24 12
83 0 1 309 1 10 1
84 0 5 312 49 179 73
85 0 1 316 31 270 46
86 1 2 319 1090 11349 1635
87 1 1 323 67 609 100
88 0 1 326 725 7409 1087
89 0 8 329 1 5 1
90 0 3 333 73 276 109
91 1 6 337 1 3 1
92 1 7 341 1 4 1
93 0 3 345 17 56 25
94 1 1 349 1 10 1
95 0 4 352 5 15 7
96 1 2 356 455 4549 682
97 1 4 359 5 15 7
98 0 1 363 2 17 3
99 1 2 366 1098 11437 1647
100 0 2 369 2 17 3
101 0 11 372 5 15 7
102 1 77 376 37 131 55
103 0 2 381 2 17 3
104 0 1 385 1 12 1
105 0 4 388 33 116 49
106 0 2 392 756 7741 1134
107 1 1 396 102 947 153
108 1 16 398 1 4 1
109 0 2 403 1 10 1
110 1 3 407 1 9 1
111 0 8 411 1 4 1
112 0 1 415 1 10 1
113 1 1 418 366 3622 549
114 0 1 421 21 179 31
115 0 2 424 4 33 6
116 0 2 428 2 17 3
117 1 4 432 2 6 3
118 0 2 436 3 25 4
119 0 7 439 5 15 7
120 0 9 443 2 6 3
121 0 2 447 358560 4716751 537840
122 1 7 451 90 347 135
123 0 3 455 1 5 1
124 1 7 459 8 24 12
125 0 17 463 5 15 7
126 0 1 468 3 25 4
127 0 3 471 1712 8283 2568
128 1 3 475 1 6 1
129 0 1 479 8108 92125 12162
130 1 21 482 2 7 3
131 1 3 487 1 4 1
132 0 4 491 1 4 1
133 1 33 495 1 4 1
134 1 1 500 1 11 1
135 1 6 503 3137 15807 4705
136 0 4 507 2 7 3
137 1 3 511 2 17 3
138 0 1 515 1 9 1
139 1 2 518 3 25 4
140 0 4 522 16 52 24
141 0 5 526 1 3 1
142 1 5 530 2 7 3
143 0 7 534 672 3043 1008
144 0 5 538 29803 172400 44704
145 0 2 542 153180 1953414 229770
146 1 1 546 2 17 3
147 0 5 549 132 526 198
148 1 1 553 32 279 48
149 1 6 556 4983 25873 7474
150 0 9 560 25 85 37
151 1 6 564 4 12 6
152 0 12 568 26 89 39
153 1 5 572 11 34 16
154 1 3 576 1 4 1
155 1 2 580 3028 32994 4542
156 1 2 584 1 10 1
157 0 5 588 1 4 1
158 1 2 592 3 25 4
159 0 15 595 11 34 16
160 0 3 599 1 4 1
161 0 1 603 1 9 1
162 1 3 606 1 3 1
163 0 3 610 77 705 115
164 0 4 614 27 93 40
165 1 8 618 122 483 183
166 1 1 622 1 9 1
167 1 17 625 7934 42418 11901
168 0 5 630 1 4 1
169 0 5 634 1 4 1
170 1 4 638 1 5 1
171 0 2 642 2 17 3
172 1 7 646 833 3831 1249
173 0 7 650 406 1770 609
174 1 12 654 434 1902 651
175 0 4 658 2 7 3
176 1 2 662 1 9 1
177 1 12 666 811 3723 1216
178 0 4 670 2 7 3
179 0 1 674 3 25 4
180 0 3 677 2550 27578 3825
181 0 3 681 3 25 4
182 0 5 685 1 5 1
183 1 1 689 14 116 21
184 0 2 692 1 10 1
185 0 2 696 73 666 109
186 0 1 699 1 10 1
187 0 1 702 129 1212 193
188 1 7 705 79 301 118
189 1 21 709 87 335 130
190 0 1 714 2 17 3
191 0 5 717 1 3 1
192 1 1 721 47 419 70
193 0 2 724 1 9 1
194 0 4 728 1 3 1
195 0 2 732 20 170 30
196 1 5 735 241 1009 361
197 0 4 739 261 1100 391
198 1 15 743 6 18 9
199 1 2 747 1 11 1
200 1 5 751 15 48 22
201 1 5 755 68 256 102
202 0 6 759 27 93 40
203 1 1 763 8 64 12
204 0 2 766 20 170 30
205 0 1 770 35378 426630 53067
206 1 3 773 1 4 1
207 0 2 777 8 64 12
208 1 6 780 4 12 6
209 1 4 784 27 93 40
210 0 6 788 1 4 1
211 0 3 792 85 326 127
212 1 2 796 1 9 1
213 1 2 799 2 17 3
214 1 1 803 1 11 1
215 1 4 806 5 15 7
216 0 4 810 87 335 130
217 1 1 814 11809 136277 17713
218 1 11 817 6201 32647 9301
219 0 5 821 249 1045 373
220 1 1 825 2 17 3
221 1 3 828 40 143 60
222 0 4 832 1 4 1
223 1 3 836 17 143 25
224 1 6 840 3 9 4
225 1 2 844 5 40 7
226 1 6 848 8112 43429 12168
227 1 2 852 20 170 30
228 1 1 856 1 13 1
229 1 1 859 4200 46414 6300
230 1 4 862 99 385 148
231 0 10 866 2 6 3
232 1 2 870 1 9 1
233 1 8 874 34 120 51
234 0 10 878 106 415 159
235 1 2 882 7 56 10
236 1 7 885 1 3 1
237 1 1 889 1 11 1
238 0 2 892 107 996 160
239 0 2 895 8 64 12
240 0 3 898 1 4 1
241 0 5 902 9 27 13
242 1 2 906 82 753 123
243 0 1 910 14 116 21
244 0 1 913 77 705 115
245 1 3 915 2292 24672 3438
246 0 3 919 106 986 159
247 0 2 923 2 17 3
248 0 12 927 2022 9894 3033
249 1 3 931 1 11 1
250 0 5 935 1 3 1
251 1 1 939 1 9 1
252 1 6 942 2 6 3
253 0 2 946 1 9 1
254 0 9 950 1 5 1
255 0 4 954 2 7 3
256 0 4 958 3 9 4
257 0 3 962 202 834 303
258 1 6 966 1 4 1
259 1 21 970 17852 100238 26778
260 0 2 975 3 25 4
261 0 2 979 1 10 1
262 0 1 982 42754 519408 64131
263 1 1 985 1 9 1
264 0 2 988 439 4382 658
265 1 2 991 196 1881 294
266 0 15 995 1 5 1
267 0 2 999 1 9 1
268 1 6 1002 1 4 1
269 0 1 1006 59 532 88
270 0 18 1009 1 7 1
271 0 11 1014 1 4 1
272 0 9 1018 1193 5629 1789
273 1 2 1022 37 325 55
274 1 19 1026 12 38 18
275 1 4 1031 929 4306 1393
276 1 12 1035 3 9 4
277 0 1 1039 12 98 18
278 1 2 1042 26 224 39
279 0 3 1045 1 11 1
280 0 7 1049 24 82 36
281 1 1 1053 1 9 1
282 0 3 1056 6 18 9
283 1 3 1060 1 10 1
284 0 1 1064 50 447 75
285 0 4 1067 554 2473 831
286 0 8 1071 97 376 145
287 1 2 1075 48 428 72
288 0 1 1079 1 9 1
289 1 3 1082 2267360 31804431 3401040
290 1 16 1086 1 5 1
291 0 15 1090 19 63 28
292 1 3 1094 976 4540 1464
293 0 4 1098 4 12 6
294 0 1 1102 51625 631784 77437
295 1 3 1105 1 9 1
296 1 8 1109 1 4 1
297 0 3 1113 1 10 1
298 0 1 1117 1 9 1
299 1 2 1120 150224 1914333 225336
300 0 2 1124 3970 43767 5955
301 1 2 1128 67 609 100
302 0 1 1131 1149 11993 1723
303 0 5 1134 3 9 4
304 0 2 1138 1 9 1
305 0 4 1142 24561 140503 36841
306 0 4 1146 5 15 7
307 1 6 1150 95 368 142
308 0 4 1154 7 21 10
309 0 9 1158 355 1532 532
310 1 4 1162 147 591 220
311 1 3 1166 417 1822 625
312 1 4 1170 1 4 1
313 1 1 1174 31 270 46
314 0 5 1177 801 3674 1201
315 1 24 1181 757 3458 1135
316 1 3 1186 1 4 1
317 0 2 1190 1 9 1
318 0 3 1194 2 7 3
319 0 7 1198 9539 51581 14308
320 0 2 1202 19 161 28
321 1 3 1206 8 24 12
322 1 2 1210 1 9 1
323 1 2 1213 1328 13952 1992
324 0 4 1216 1 4 1
325 1 3 1220 11 34 16
326 1 7 1224 1 3 1
327 1 2 1228 30 261 45
328 0 3 1232 6268 33022 9402
329 1 3 1236 293 1246 439
330 0 8 1240 1011 4715 1516
331 1 1 1244 1 10 1
332 1 1 1247 2254 24245 3381
333 1 2 1250 9 72 13
334 0 3 1254 1 9 1
335 0 1 1258 1 9 1
336 0 12 1261 8 24 12
337 0 2 1265 712 7270 1068
338 0 3 1268 175 1670 262
339 1 5 1272 47424 281625 71136
340 0 2 1276 26916 321105 40374
341 1 9 1280 12 38 18
342 1 3 1284 5156 26830 7734
343 0 8 1288 310 1324 465
344 0 9 1292 1 6 1
345 0 7 1296 44 159 66
346 0 2 1300 1 11 1
347 0 1 1304 1 10 1
348 0 1 1307 1184390 16249719 1776585
349 0 2 1310 1615 17117 2422
350 0 7 1313 705 3203 1057
351 0 12 1317 1 3 1
352 1 12 1321 7 21 10
353 0 10 1325 1 4 1
354 0 9 1329 1 4 1
355 1 11 1333 64 239 96
356 0 3 1337 5 15 7
357 0 3 1341 1 9 1
358 1 5 1345 248 1041 372
359 1 3 1349 21 179 31
360 1 1 1353 1 10 1
361 1 3 1356 1 4 1
362 1 2 1360 1 9 1
363 1 3 1364 5441 28410 8161
364 0 4 1368 1 3 1
365 0 4 1372 257 1081 385
366 1 3 1376 1105 5186 1657
367 1 2 1380 14 116 21
368 1 7 1384 1 4 1
369 0 1 1388 151 1431 226
370 1 2 1390 90 830 135
371 1 2 1393 862 8880 1293
372 1 1 1397 11 90 16
373 0 3 1400 218 906 327
374 1 11 1404 3 9 4
375 0 9 1408 3 10 4
376 0 3 1412 7 21 10
377 1 2 1416 428 4267 642
378 0 8 1420 19 63 28
379 0 1 1424 9 73 13
380 1 3 1426 51 187 76
381 0 1 1430 46 410 69
382 0 3 1433 1 4 1
383 1 1 1437 1 10 1
384 1 2 1440 1 12 1
385 0 1 1443 3 25 4
386 1 1 1446 1 12 1
387 1 1 1449 269 2623 403
388 0 7 1452 881 4068 1321
389 0 10 1456 6726083 50976948 10089124
390 1 7 1460 18448 103785 27672
391 0 2 1464 83 763 124
392 0 2 1468 18 152 27
393 0 2 1471 4 32 6
394 0 6 1475 4 12 6
395 0 4 1479 254 1068 381
396 0 24 1483 46 167 69
397 0 1 1488 16 134 24
398 1 1 1491 112 1045 168
399 0 6 1494 1 3 1
400 0 3 1498 1 4 1
401 1 2 1502 15 125 22
402 0 1 1505 7 56 10
403 0 2 1507 38 335 57
404 0 4 1511 15 48 22
405 0 1 1515 4971 55331 7456
406 1 10 1518 13 41 19
407 0 3 1522 109 1016 163
408 1 24 1526 1446 6915 2169
409 1 50 1531 343 1476 514
410 1 9 1536 22 74 33
411 1 2 1540 34 297 51
412 0 2 1543 3 25 4
413 0 2 1547 4 32 6
414 1 1 1551 1 9 1
415 0 1 1554 39 344 58
416 0 2 1557 1 10 1
417 1 4 1560 210 870 315
418 0 1 1564 47 419 70
419 1 3 1567 677 6897 1015
420 0 5 1571 25 85 37
421 1 6 1575 3 10 4
422 0 3 1579 143 1351 214
423 0 1 1583 1 10 1
424 1 5 1586 30 104 45
425 1 1 1590 2196 23594 3294
426 1 31 1592 1 4 1
427 0 7 1597 868 4004 1302
428 1 2 1601 11 90 16
429 0 2 1605 3448 37782 5172
430 0 1 1609 9 72 13
431 1 1 1612 1 8 1
432 0 2 1615 5 41 7
433 0 3 1618 1 11 1
434 1 2 1622 9 73 13
435 0 2 1625 150 1421 225
436 0 3 1629 1 4 1
437 0 3 1633 46 409 69
438 0 4 1637 23 78 34
439 0 3 1641 1313 6237 1969
440 1 3 1645 19 161 28
441 0 3 1649 1 12 1
442 0 1 1653 1 9 1
443 1 4 1656 1 5 1
444 0 3 1660 1 12 1
445 1 11 1664 5609 29344 8413
446 1 17 1668 842 3876 1263
447 0 9 1673 1 4 1
448 0 19 1677 86 330 129
449 0 7 1682 619 2786 928
450 1 7 1686 1 3 1
451 1 2 1690 2 17 3
452 0 3 1694 17 56 25
453 0 13 1698 54 199 81
454 1 1 1702 2 17 3
455 0 2 1705 7 56 10
456 1 1 1709 12 98 18
457 1 9 1712 465 2049 697
458 1 4 1716 1 5 1
459 1 5 1720 1 4 1
460 0 3 1724 3 10 4
461 1 2 1728 2 17 3
462 0 5 1731 202 834 303
463 1 1 1735 9 72 13
464 1 1 1738 1 9 1
465 1 2 1741 34 297 51
466 0 5 1745 106 415 159
467 0 2 1749 12 99 18
468 0 2 1753 2 17 3
469 0 1 1757 1 9 1
470 1 2 1760 86 792 129
471 1 1 1764 137 1291 205
472 0 7 1767 88 339 132
473 1 9 1771 565856 3824824 848784
474 1 3 1775 319 3136 478
475 1 1 1779 26 224 39
476 1 2 1782 21399 252966 32098
477 0 132 1785 9 27 13
478 1 1 1790 76510 950563 114765
479 0 2 1792 54 485 81
480 0 1 1796 1 10 1
481 0 1 1799 7 56 10
482 0 4 1802 43 155 64
483 1 5 1806 2687 13402 4030
484 1 4 1810 207 856 310
485 0 3 1814 48 175 72
486 1 3 1818 32 112 48
487 0 3 1822 1 8 1
488 1 3 1826 25 215 37
489 1 3 1830 72 656 108
490 1 2 1834 649 6598 973
491 1 2 1838 16 134 24
492 1 1 1842 9 72 13
493 1 5 1845 1 4 1
494 1 3 1849 1 4 1
495 0 1 1853 1 9 1
496 0 1 1856 7 56 10
497 1 2 1859 160 1520 240
498 1 1 1862 365 3611 547
499 1 5 1865 4 12 6
500 0 7 1869 18 59 27
501 1 2 1873 1 8 1
502 1 3 1877 81733 500099 122599
503 0 1 1881 14729 171514 22093
504 0 3 1883 1 8 1
505 0 1 1887 2 17 3
506 1 2 1890 21 179 31
507 1 1 1894 190 1821 285
508 0 2 1897 39 344 58
509 1 2 1900 88 811 132
510 0 1 1904 4 33 6
511 0 1 1907 1 10 1
512 0 14 1910 173 705 259
513 1 5 1914 3684 18760 5526
514 0 8 1918 24668 141151 37002
515 0 2 1922 1 10 1
516 0 5 1926 7 21 10
517 1 2 1930 1 8 1
518 0 2 1934 3 25 4
519 1 1 1938 204 1962 306
520 1 1 1941 1 9 1
521 1 5 1943 1 3 1
522 1 1 1947 1 10 1
523 1 7 1950 1 3 1
524 1 2 1954 1 9 1
525 1 5 1958 418 1827 627
526 1 2 1962 94 869 141
527 0 1 1966 272 2653 408
528 1 4 1969 1 4 1
529 0 2 1973 3480497 49526743 5220745
530 1 3 1976 1 9 1
531 1 1 1980 3 25 4
532 0 3 1983 1 10 1
533 1 19 1987 3472 17612 5208
534 1 3 1992 1 4 1
535 0 6 1996 681 3087 1021
536 0 3 2000 1 8 1
537 1 1 2004 282 2755 423
538 1 8 2007 39863 234432 59794
539 0 2 2011 1 12 1
540 0 2 2014 2 17 3
541 0 1 2018 1 12 1
542 0 3 2021 35 307 52
543 0 4 2025 204 843 306
544 0 4 2029 11 34 16
545 1 5 2033 88 339 132
546 1 3 2037 1 3 1
547 1 3 2041 1 9 1
548 0 2 2045 1 9 1
549 0 4 2048 1534 7366 2301
550 0 2 2052 2 17 3
551 1 1 2056 321 3156 481
552 0 9 2059 1 4 1
553 0 5 2063 1 3 1
554 1 2 2067 2 17 3
555 1 1 2071 1 10 1
556 1 1 2074 1 9 1
557 1 1 2077 193 1851 289
558 1 25 2080 1 5 1
559 0 3 2085 2 17 3
560 0 5 2089 1 4 1
561 1 1 2093 90 830 135
562 1 2 2096 1 10 1
563 1 1 2100 1 9 1
564 0 4 2103 3 10 4
565 0 3 2107 72 272 108
566 1 5 2111 2230 10985 3345
567 0 10 2115 162 657 243
568 1 1 2119 24 206 36
569 0 3 2122 2820 30632 4230
570 0 8 2126 1 4 1
571 1 9 2130 3 10 4
572 0 9 2134 27 93 40
573 0 2 2138 1 10 1
574 1 1 2142 3 25 4
575 0 2 2145 45 400 67
576 1 5 2149 1 4 1
577 1 19 2153 1862682 13325361 2794023
578 1 5 2158 15 48 22
579 0 9 2162 1 4 1
580 0 2 2166 1 10 1
581 0 1 2169 19 161 28
582 0 3 2172 11 90 16
583 0 2 2176 13 107 19
584 0 1 2180 278 2714 417
585 1 2 2183 22 188 33
586 0 2 2187 120 1124 180
587 1 3 2190 69 628 103
588 1 2 2194 236 2286 354
589 0 3 2198 1 9 1
590 1 8 2202 10 31 15
591 0 3 2206 1 3 1
592 0 2 2210 16 134 24
593 1 1 2214 2 17 3
594 1 1 2217 2 17 3
595 0 8 2220 1 3 1
596 1 1 2224 1 10 1
597 1 2 2227 537 5411 805
598 1 1 2230 11 90 16
599 1 8 2233 4666 24126 6999
600 1 2 2237 291 2848 436
601 0 1 2240 263 2561 394
602 1 1 2243 1 12 1
603 0 2 2246 298 2920 447
604 1 3 2250 2511 27138 3766
605 1 11 2254 6801 36014 10201
606 0 6 2258 1 4 1
607 0 5 2262 1 5 1
608 1 3 2266 153 617 229
609 1 1 2270 1 11 1
610 0 1 2273 741 7580 1111
611 0 3 2276 2 6 3
612 0 1 2280 427 4257 640
613 1 1 2283 304 2981 456
614 0 2 2286 918 9484 1377
615 0 11 2289 10 31 15
616 0 2 2293 1 9 1
617 0 3 2297 860 8858 1290
618 0 7 2301 1 5 1
619 1 6 2305 21 70 31
620 0 2 2309 2 17 3
621 1 1 2313 1 9 1
622 0 1 2316 189 1811 283
623 0 1 2319 2 17 3
624 0 2 2321 33 288 49
625 0 1 2324 100120 1256632 150180
626 1 3 2327 133 530 199
627 0 7 2331 29 100 43
628 0 2 2335 1 9 1
629 1 1 2339 20 170 30
630 0 2 2342 13 108 19
631 0 2 2346 81 743 121
632 0 12 2349 6 18 9
633 0 6 2353 69151 419286 103726
634 1 2 2357 2 17 3
635 0 3 2361 8 24 12
636 0 1 2365 1 9 1
637 1 22 2368 1 4 1
638 0 1 2373 1 11 1
639 1 1 2376 337 3321 505
640 1 3 2379 2 17 3
641 0 20 2383 96 372 144
642 0 4 2388 2 7 3
643 0 1 2392 65 589 97
644 1 6 2395 17 55 25
645 1 6 2399 1 4 1
646 1 7 2403 293 1246 439
647 0 4 2407 5931 31138 8896
648 0 7 2411 115 453 172
649 1 15 2415 1 5 1
650 0 4 2419 672 3043 1008
651 1 1 2423 1 9 1
652 0 2 2426 1013 10513 1519
653 0 1 2429 32 279 48
654 1 3 2432 4 12 6
655 1 3 2436 63 570 94
656 0 12 2440 1 3 1
657 1 4 2444 1 4 1
658 0 4 2448 1 5 1
659 1 2 2452 3 25 4
660 0 4 2456 4 12 6
661 0 2 2460 13328 154570 19992
662 1 4 2463 203 838 304
663 1 1 2467 1 9 1
664 1 4 2470 531 2363 796
665 0 1 2474 1 10 1
666 1 3 2477 2 17 3
667 1 3 2481 2 6 3
668 1 3 2485 1 3 1
669 0 4 2489 3 9 4
670 1 2 2493 1 9 1
671 1 1 2497 841 8654 1261
672 0 2 2500 8 64 12
673 0 1 2504 2 17 3
674 1 5 2507 143 574 214
675 0 7 2511 5446 28438 8169
676 1 4 2515 1 4 1
677 1 1 2519 2210 23751 3315
678 0 4 2522 6 18 9
679 1 1 2526 340 3353 510
680 1 6 2529 3864 19738 5796
681 1 4 2533 1 3 1
682 0 1 2537 1 10 1
683 0 1 2539 296 2899 444
684 0 3 2542 1 4 1
685 0 6 2546 694 3150 1041
686 0 5 2550 1 4 1
687 0 1 2554 1 10 1
688 0 5 2557 19 63 28
689 0 3 2561 72 272 108
690 0 8 2565 1 4 1
691 1 1 2569 1 9 1
692 1 5 2572 2 7 3
693 0 2 2576 5521 61727 8281
694 1 5 2580 1 3 1
695 0 4 2584 1 5 1
696 1 5 2588 31 108 46
697 0 1 2592 11 90 16
698 1 2 2595 1 10 1
699 1 2 2598 1 10 1
700 0 2 2602 44535 541905 66802
701 1 1 2606 1 12 1
702 0 8 2609 51 187 76
703 0 3 2613 1 4 1
704 0 1 2617 187 1791 280
705 0 16 2620 149 600 223
706 0 2 2625 2 17 3
707 1 6 2629 3 9 4
708 0 5 2633 5 15 7
709 0 1 2637 1507 15923 2260
710 0 3 2640 150 604 225
711 1 3 2644 27 233 40
712 0 3 2648 1 10 1
713 0 7 2652 835 3841 1252
714 1 6 2656 1 5 1
715 0 3 2660 1 9 1
716 0 1 2664 47 419 70
717 1 1 2667 80 734 120
718 1 1 2670 1 9 1
719 1 2 2673 17 143 25
720 1 7 2677 634 2858 951
721 0 35 2681 49 179 73
722 0 1 2686 1 10 1
723 1 2 2689 33155 398804 49732
724 1 1 2692 3 25 4
725 0 5 2695 3 10 4
726 0 2 2699 9 73 13
727 0 14 2703 5516 28827 8274
728 0 1 2707 2 17 3
729 1 32 2710 34 120 51
730 0 1 2715 1 11 1
731 1 10 2718 3 9 4
732 0 6 2722 1 4 1
733 1 9 2726 392 1705 588
734 1 5 2730 21 70 31
735 0 2 2734 173 1650 259
736 0 3 2737 3 25 4
737 1 1 2741 1 11 1
738 1 2 2744 1 9 1
739 1 2 2747 1 11 1
740 1 11 2750 1 4 1
741 0 1 2754 2 17 3
742 1 4 2757 1 4 1
743 1 2 2761 5 41 7
744 1 2 2765 1 12 1
745 0 2 2769 1 9 1
746 0 3 2773 3 9 4
747 1 4 2777 14408836 112839210 21613254
748 0 2 2781 15 125 22
749 1 5 2785 1 4 1
750 0 1 2789 1 9 1
751 1 4 2792 119 470 178
752 0 2 2796 1 8 1
753 1 2 2799 196 1881 294
754 1 1 2802 3 25 4
755 1 8 2805 5 15 7
756 0 1 2809 1 9 1
757 0 3 2812 145 1371 217
758 1 4 2816 1788 8677 2682
759 0 1 2820 1 9 1
760 0 9 2823 23 78 34
761 0 1 2827 1 10 1
762 1 6 2830 1 3 1
763 1 2 2834 34 297 51
764 0 1 2838 2 17 3
765 1 2 2841 5 41 7
766 1 5 2844 22 74 33
767 0 9 2848 1 4 1
768 1 1 2852 20 170 30
769 0 4 2855 2 6 3
770 1 3 2859 6 48 9
771 0 2 2863 1 10 1
772 1 1 2867 32 279 48
773 0 2 2870 5565 62240 8347
774 1 9 2874 1 3 1
775 0 2 2878 1252 13118 1878
776 0 1 2882 22 188 33
777 0 1 2885 3 25 4
778 0 2 2888 1 10 1
779 0 1 2892 1 10 1
780 0 3 2895 1 4 1
781 1 2 2899 16 134 24
782 1 22 2903 1 4 1
783 1 3 2908 1 10 1
784 1 4 2912 6108 32126 9162
785 0 5 2916 74 280 111
786 1 4 2920 3846644 28441982 5769966
787 0 2 2924 1 11 1
788 0 4 2928 101 393 151
789 1 1 2932 20 170 30
790 0 6 2935 1533 7361 2299
791 1 1 2939 2 17 3
792 0 2 2942 25425 302632 38137
793 0 7 2946 1 5 1
794 1 2 2950 2 17 3
795 1 2 2954 1 9 1
796 1 2 2958 1 9 1
797 1 5 2962 8 24 12
798 0 2 2966 1 9 1
799 1 4 2969 20 67 30
800 0 1 2973 14 116 21
801 1 2 2976 22 188 33
802 1 4 2980 80 305 120
803 1 1 2984 1 9 1
804 1 4 2987 2 7 3
805 0 6 2991 7 21 10
806 1 5 2995 1 5 1
807 0 3 2999 1 6 1
808 0 3 3003 730 3326 1095
809 0 2 3007 21379 252720 32068
810 1 1 3010 16 134 24
811 1 1 3013 58 523 87
812 0 1 3016 1 11 1
813 0 5 3019 1 3 1
814 1 2 3023 243 2357 364
815 1 5 3026 1 4 1
816 0 6 3030 1 4 1
817 0 1 3034 8 64 12
818 0 15 3037 1 3 1
819 1 2 3041 2 17 3
820 0 7 3044 1 4 1
821 1 8 3048 1 3 1
822 1 12 3052 6 18 9
823 0 4 3056 292 1241 438
824 1 4 3060 30 104 45
825 0 2 3064 216 2083 324
826 1 3 3067 6 48 9
827 0 23 3071 1763 8547 2644
828 1 2 3076 5 40 7
829 0 2 3080 1 10 1
830 1 4 3083 5 15 7
831 0 2 3087 1 9 1
832 1 9 3090 11 34 16
833 0 8 3094 1 4 1
834 0 3 3098 1 5 1
835 1 1 3102 3 25 4
836 1 2 3105 3028 32994 4542
837 1 3 3108 75 284 112
838 1 5 3112 16305 91062 24457
839 1 2 3116 1 11 1
840 0 4 3119 1 5 1
841 1 2 3123 2 17 3
842 0 8 3127 1 3 1
843 0 1 3131 1 9 1
844 1 4 3134 411 1794 616
845 0 4 3138 1 5 1
846 1 2 3142 561 5665 841
847 1 1 3146 1 9 1
848 0 5 3149 1 5 1
849 1 4 3153 1 4 1
850 1 3 3157 1 4 1
851 0 2 3161 2 17 3
852 0 3 3164 332 1426 498
853 0 5 3168 1 4 1
854 0 1 3172 1 9 1
855 0 2 3175 1 8 1
856 1 4 3179 1 5 1
857 0 4 3183 2 7 3
858 1 10 3187 1 3 1
859 1 1 3191 1 9 1
860 1 3 3194 1 9 1
861 1 3 3198 2268 11185 3402
862 1 2 3202 1 9 1
863 1 7 3205 78 297 117
864 1 1 3209 2 17 3
865 1 2 3212 1 10 1
866 1 11 3215 1 3 1
867 1 5 3219 244 1023 366
868 1 3 3223 20 67 30
869 0 1 3227 1 10 1
870 1 1 3230 1 9 1
871 0 2 3233 61 551 91
872 0 16 3237 2 7 3
873 0 1 3241 1 9 1
874 1 4 3244 445 1954 667
875 0 2 3248 3 25 4
876 0 4 3252 11 34 16
877 1 4 3256 3 9 4
878 0 1 3260 1 9 1
879 1 1 3263 23 197 34
880 1 14 3266 3 9 4
881 1 5 3270 2 7 3
882 1 9 3274 1 4 1
883 1 2 3278 1 9 1
884 1 1 3282 281 2745 421
885 1 2 3285 265689 3457387 398533
886 0 3 3289 4523 23340 6784
887 0 2 3293 33124 398417 49686
888 1 8 3297 99090 612620 148635
889 1 7 3301 10 31 15
890 0 3 3305 93843 1174974 140764
891 0 1 3309 44 391 66
892 0 2 3312 4117 45458 6175
893 0 1 3315 1 10 1
894 0 7 3317 13 41 19
895 1 1 3321 24 206 36
896 0 2 3324 39 344 58
897 0 1 3327 9 73 13
898 0 2 3329 1 12 1
899 0 1 3332 31 270 46
900 0 5 3335 1 6 1
901 1 3 3339 379569 2515459 569353
902 1 5 3343 1 5 1
903 1 2 3347 5 40 7
904 0 2 3350 4378 48468 6567
905 1 1 3354 59 532 88
906 0 3 3357 11 34 16
907 1 6 3361 1 3 1
908 1 1 3365 1 10 1
909 0 1 3368 3 25 4
910 1 4 3371 1 4 1
911 0 4 3375 3498 17753 5247
912 1 15 3379 1 3 1
913 1 6 3383 1 4 1
914 0 11 3387 6021 31640 9031
915 0 12 3391 29 101 43
916 0 8 3395 41 147 61
917 0 4 3399 4 13 6
918 0 1 3403 5 40 7
919 1 1 3405 1 10 1
920 0 12 3408 825 3792 1237
921 1 3 3412 1 4 1
922 1 24 3416 4 12 6
923 0 2 3421 3 25 4
924 0 4 3424 6 18 9
925 0 3 3428 1 3 1
926 1 3 3432 8 24 12
927 0 3 3436 27430 327481 41145
928 1 2 3440 7 56 10
929 1 10 3444 1 4 1
930 1 5 3448 456 2006 684
931 0 1 3452 25 215 37
932 0 5 3455 6 18 9
933 0 1 3459 241 2337 361
934 1 1 3462 3125 34097 4687
935 0 1 3464 53 475 79
936 1 14 3467 2 6 3
937 0 5 3471 40 143 60
938 1 5 3475 2 7 3
939 1 1 3479 112 1045 168
940 1 1 3482 6794 76627 10191
941 0 4 3485 106 415 159
942 1 2 3489 23 197 34
943 1 6 3493 9 27 13
944 0 8 3497 2 7 3
945 1 2 3501 1171 12233 1756
946 0 17 3504 1 5 1
947 1 4 3509 2 6 3
948 1 2 3513 15 125 22
949 1 7 3517 2 6 3
950 1 1 3521 1 9 1
951 1 9 3524 1 3 1
952 1 3 3528 87 334 130
953 0 9 3532 47 171 70
954 0 19 3536 31 108 46
955 0 4 3541 29 101 43
956 1 2 3545 43 381 64
957 1 2 3549 3 25 4
958 1 15 3552 44 159 66
959 0 1 3556 56 504 84
960 1 1 3559 3 25 4
961 1 7 3562 1 4 1
962 1 4 3566 1 3 1
963 1 1 3570 1 11 1
964 0 1 3573 5521 61727 8281
965 1 7 3576 1 4 1
966 0 4 3580 2 7 3
967 0 4 3584 3 9 4
968 0 7 3588 1 3 1
969 1 2 3592 1 8 1
970 0 1 3596 1 9 1
971 0 1 3599 1 9 1
972 0 1 3602 38 335 57
973 0 1 3605 8 64 12
974 1 14 3608 21 70 31
