0 0 6 5 1 5 1
1 0 3 22 16 134 24
2 1 1 37 48 428 72
3 0 1 50 30 261 45
4 1 11 63 1 3 1
5 1 2 80 19 161 28
6 1 2 94 1408 14831 2112
7 1 4 108 1 4 1
8 0 26 124 2 7 3
9 1 3 143 7 21 10
10 1 1 158 1 9 1
11 1 1 171 1 9 1
12 1 5 183 121 478 181
13 0 6 199 1 4 1
14 0 2 215 3 25 4
15 1 26 229 1 4 1
16 0 2 248 2 17 3
17 0 6 262 403 1756 604
18 0 11 278 3 10 4
19 1 1 296 1 9 1
20 1 3 308 1 3 1
21 1 10 324 4207 21608 6310
22 1 4 341 8 24 12
23 0 1 357 97 898 145
24 0 4 369 1 6 1
25 1 9 385 240 1004 360
26 0 11 402 14 45 21
27 1 12 420 4 13 6
28 1 3 438 1 3 1
29 0 2 454 1 10 1
30 0 3 468 23 197 34
31 1 1 483 2 17 3
32 1 5 494 1 4 1
33 0 1 510 1 9 1
34 0 3 521 1 4 1
35 1 3 537 10 81 15
36 0 1 552 12939 149877 19408
37 1 1 563 5 41 7
38 1 1 575 673 6854 1009
39 1 8 588 436 1911 654
40 0 4 605 1 3 1
41 0 5 621 1 4 1
42 0 1 637 13 107 19
43 1 8 650 1 4 1
44 0 5 667 2 6 3
45 0 4 683 2 6 3
46 1 6 699 707 3213 1060
47 1 23 715 2 6 3
48 0 11 733 7825 41800 11737
49 1 3 751 58 523 87
50 0 2 766 1 9 1
51 0 3 780 1 4 1
52 0 2 795 5 40 7
53 0 2 809 1 9 1
54 0 5 823 19 63 28
55 1 7 839 2 7 3
56 0 2 856 36229 437299 54343
57 1 11 871 3 10 4
58 1 8 888 2697 13455 4045
59 1 6 905 7 21 10
60 1 1 922 21 179 31
61 0 4 935 2 7 3
62 1 2 951 1 10 1
63 1 2 965 1 9 1
64 0 4 980 4 12 6
65 1 6 996 167 679 250
66 1 6 1013 2381 11780 3571
67 0 17 1030 11 34 16
68 0 3 1048 1296 6151 1944
69 1 14 1063 1 3 1
70 1 2 1081 49 438 73
71 0 10 1095 55 203 82
72 1 2 1112 29 252 43
73 1 3 1126 9 27 13
74 1 1 1141 13 108 19
75 1 3 1154 649 2931 973
76 1 2 1169 1 11 1
77 0 10 1182 29901 172999 44851
78 0 5 1199 1 4 1
79 1 4 1215 2490 12357 3735
80 0 3 1231 844 3886 1266
81 1 1 1246 1 10 1
82 0 1 1258 9 73 13
83 0 3 1271 2 17 3
84 1 1 1286 9 73 13
85 0 4 1299 20396 115422 30594
86 0 1 1315 59 532 88
87 1 6 1326 1 5 1
88 0 1 1342 2 17 3
89 0 1 1355 2 17 3
90 0 1 1368 8207 93297 12310
91 1 2 1378 1 11 1
92 0 2 1393 3 25 4
93 0 1 1408 316 3105 474
94 0 3 1421 1 4 1
95 0 2 1436 4 33 6
96 0 4 1451 94 364 141
97 0 2 1467 308 3022 462
98 1 2 1481 10 81 15
99 1 4 1495 1 5 1
100 1 2 1511 585 5919 877
101 1 23 1526 4 12 6
102 0 3 1544 1 9 1
103 1 2 1559 1 9 1
104 1 20 1573 1 4 1
105 1 1 1591 1 9 1
106 1 2 1602 1332 13996 1998
107 0 5 1617 8990 48436 13485
108 0 7 1633 1 4 1
109 0 7 1650 1 3 1
110 0 1 1667 1 10 1
111 0 7 1679 215992 1391089 323988
112 1 2 1696 1 10 1
113 0 3 1711 1 5 1
114 0 4 1727 117 461 175
115 1 1 1743 6 48 9
116 0 1 1755 3 25 4
117 0 19 1768 1 4 1
118 0 11 1786 1 5 1
119 0 3 1803 5 15 7
120 1 2 1818 1 10 1
121 0 1 1832 1 10 1
122 0 4 1845 51 187 76
123 1 1 1861 1 10 1
124 1 3 1870 1 10 1
125 0 4 1885 10 31 15
126 1 1 1901 9 73 13
127 1 3 1913 506 2244 759
128 0 7 1928 15 48 22
129 0 4 1945 33 116 49
130 0 5 1961 1 5 1
131 1 4 1977 2 6 3
132 0 1 1993 26946 321477 40419
133 0 1 2005 16 134 24
134 0 2 2016 3 25 4
135 0 2 2031 97 899 145
136 0 6 2045 11375 62172 17062
137 0 4 2062 3 9 4
138 0 3 2078 549 2449 823
139 0 2 2093 29 252 43
140 1 3 2108 67 252 100
141 1 4 2123 15 48 22
142 0 10 2139 497 2201 745
143 1 1 2156 1 9 1
144 1 1 2169 2 17 3
145 0 3 2180 1 3 1
146 0 7 2195 2 7 3
147 0 11 2212 1 4 1
148 1 3 2229 1 4 1
149 1 8 2244 1 4 1
150 0 6 2261 11 34 16
151 0 3 2278 26560 152627 39840
152 1 4 2293 42 151 63
153 1 4 2309 1 5 1
154 0 16 2325 1 4 1
155 0 1 2343 1 9 1
156 0 2 2356 114 1065 171
157 0 6 2371 34 120 51
158 0 7 2387 3 10 4
159 0 3 2404 74 676 111
160 0 3 2419 7 56 10
161 0 1 2434 1 9 1
162 1 2 2446 5 40 7
163 0 1 2460 579 5855 868
164 1 6 2472 2 6 3
165 1 3 2489 14 45 21
166 1 2 2504 27 233 40
167 0 3 2518 1 8 1
168 1 4 2533 1 4 1
169 1 1 2549 51 456 76
170 0 2 2561 18 152 27
171 0 3 2575 17 56 25
172 1 1 2590 3 25 4
173 0 2 2603 9 72 13
174 0 1 2617 9 72 13
175 1 2 2628 4964 55250 7446
176 1 15 2642 1 4 1
177 1 13 2660 7 21 10
178 1 2 2678 1 9 1
179 1 5 2692 4993 25928 7489
180 1 5 2708 1 4 1
181 1 10 2724 3 9 4
182 1 4 2741 1 4 1
183 0 7 2757 30 104 45
184 1 5 2774 184 754 276
185 1 4 2790 363 1569 544
186 1 3 2806 128701 1630648 193051
187 0 2 2821 584 5908 876
188 0 3 2835 4 32 6
189 0 4 2850 27 93 40
190 1 6 2866 230 959 345
191 1 5 2882 1 3 1
192 0 1 2898 10 81 15
193 0 2 2910 3 25 4
194 1 4 2924 822 3777 1233
195 1 1 2940 4 33 6
196 1 3 2952 382 3788 573
197 0 12 2967 91 351 136
198 0 3 2985 1 3 1
199 1 1 3000 12 99 18
200 1 12 3012 12 38 18
201 1 2 3030 38 335 57
202 0 2 3044 1 9 1
203 1 9 3058 24 81 36
204 1 8 3075 1 4 1
205 0 2 3092 270 2633 405
206 1 1 3106 1 8 1
207 0 1 3118 36 316 54
208 0 1 3128 123 1153 184
209 0 1 3141 1 11 1
210 1 24 3154 1 4 1
211 0 2 3172 17 143 25
212 1 3 3187 592 5993 888
213 0 1 3202 1 11 1
214 0 7 3215 1 3 1
215 1 3 3232 28960 167248 43440
216 0 3 3247 24 81 36
217 0 2 3263 3 25 4
218 0 9 3277 10 31 15
219 0 3 3294 8128 43520 12192
220 1 9 3310 16 52 24
221 1 2 3327 1 10 1
222 0 1 3341 52013 636716 78019
223 0 1 3353 24 206 36
224 1 2 3363 1 9 1
225 1 2 3377 59 532 88
226 0 2 3390 3606 39590 5409
227 0 3 3405 7552 85554 11328
228 0 4 3420 3 9 4
229 0 1 3436 120 1124 180
230 1 1 3447 1 11 1
231 1 5 3460 415 1813 622
232 1 2 3476 5 40 7
233 1 20 3490 1 3 1
234 0 1 3508 18 152 27
235 1 3 3521 15 48 22
236 0 1 3536 11311 130300 16966
237 0 2 3549 45 400 67
238 0 1 3563 6619 74572 9928
239 0 6 3574 12 38 18
240 1 114 3591 2 6 3
241 1 2 3611 1 13 1
