0 0 5 5 1 10 1
1 1 4 9 1 9 1
2 0 4 13 1 11 1
3 0 2 17 235 2276 352
4 0 2 20 3684 40483 5526
5 0 2 23 41 363 61
6 1 3 26 4 33 6
7 1 1 30 144 1361 216
8 1 2 32 8 64 12
9 0 26 35 5 15 7
10 1 13 40 1 3 1
11 1 4 45 4 33 6
12 0 2 49 3328 36411 4992
13 1 4 52 1 10 1
14 1 1 56 389 3860 583
15 1 4 59 1 9 1
16 1 8 63 1 4 1
17 1 2 68 30 261 45
18 0 3 71 7 56 10
19 0 1 75 332 3270 498
20 0 1 77 15 125 22
21 1 3 78 6 48 9
22 0 3 82 6 48 9
23 0 9 86 1 4 1
24 1 1 91 72651 900841 108976
25 0 11 94 1 5 1
26 0 2 99 610 6184 915
27 0 1 102 163 1550 244
28 1 39 103 1 3 1
29 0 3 109 1 10 1
30 0 3 113 7 56 10
31 0 3 116 1 9 1
32 0 8 120 1 5 1
33 0 9 125 1 4 1
34 1 1 130 257 2500 385
35 1 2 133 1 9 1
36 0 1 136 1 9 1
37 1 12 139 1 4 1
38 1 7 144 4 12 6
39 1 22 149 65 243 97
40 1 4 154 26 224 39
41 0 6 158 196 1881 294
42 0 3 162 28488 340623 42732
43 0 18 166 1 4 1
44 0 5 171 5 40 7
45 1 4 175 1 10 1
46 0 1 179 26 224 39
47 1 5 182 148 1400 222
48 1 5 186 1 9 1
49 0 5 190 1 12 1
50 0 4 194 1898 20261 2847
51 1 1 198 1 10 1
52 1 2 200 1 10 1
53 1 1 203 5 40 7
54 1 2 205 1 9 1
55 0 3 208 10 81 15
56 0 3 212 356 3518 534
57 1 7 216 6 18 9
58 0 2 220 1 11 1
59 0 1 223 3055 33301 4582
60 1 3 225 268179 3490972 402268
61 0 4 229 2 17 3
62 0 2 233 1 9 1
63 1 4 236 1 9 1
64 0 8 240 822 3777 1233
65 0 3 245 12 99 18
66 0 12 249 1202 5675 1803
67 0 2 254 1 9 1
68 1 1 257 17 143 25
69 1 3 259 4 33 6
70 1 4 263 74 676 111
71 1 2 267 14 116 21
72 1 8 270 1 4 1
73 1 8 275 15 48 22
74 0 11 280 108 423 162
75 0 1 285 7 56 10
76 0 2 287 3 25 4
77 0 3 290 1 9 1
78 0 6 294 4 33 6
79 1 5 298 1 9 1
80 0 1 302 22 188 33
81 0 5 304 4 33 6
82 0 1 308 1 9 1
83 0 3 311 70 637 105
84 0 2 315 51 456 76
85 1 4 318 1 9 1
86 0 1 322 3 25 4
87 0 6 324 1 9 1
88 0 1 328 55 494 82
89 0 2 330 9 73 13
90 0 7 333 16 52 24
91 0 2 338 1 9 1
92 1 1 341 837 8611 1255
93 1 3 343 1 9 1
94 0 1 347 14 116 21
95 1 1 349 3912020 55883503 5868030
96 0 11 350 1 5 1
97 0 1 355 21 179 31
98 0 4 357 61 551 91
99 1 10 361 1 3 1
100 0 3 366 2315 24930 3472
101 1 9 370 291 1237 436
102 1 1 375 1 9 1
103 0 5 377 3 25 4
104 1 28 381 41511 244681 62266
105 1 8 387 1 3 1
106 1 1 392 2 17 3
107 0 8 393 108 423 162
108 1 6 398 14 45 21
109 1 1 402 1 10 1
110 0 1 405 1 11 1
111 1 7 408 2 6 3
112 0 3 413 951 9841 1426
113 0 9 417 1811 8796 2716
114 0 1 422 1 9 1
115 0 2 424 14 116 21
116 1 2 427 1 9 1
117 0 78 430 1100 5161 1650
118 1 2 436 27 233 40
119 0 15 439 325 1393 487
120 0 2 444 46 409 69
121 0 10 447 138 552 207
122 0 1 452 14 116 21
123 1 4 455 9396 107415 14094
124 1 3 459 400 3975 600
125 0 3 463 1 9 1
126 0 10 467 3 9 4
127 0 11 472 664 3004 996
128 0 4 477 2987 32528 4480
129 0 3 481 249 2418 373
130 0 1 485 6 48 9
131 0 7 488 5 15 7
132 0 2 492 16 134 24
133 1 1 495 5 40 7
134 1 11 496 7 21 10
135 1 1 501 3750 41240 5625
136 1 2 503 4 33 6
137 1 2 506 1 9 1
138 0 9 509 1607 7742 2410
139 0 3 514 593 6004 889
140 0 1 518 1 9 1
141 1 1 520 3016 32857 4524
142 1 2 522 1 9 1
143 1 3 525 1 9 1
144 0 5 529 1 8 1
145 0 1 533 1 9 1
146 0 10 536 1 4 1
147 0 1 541 199 1912 298
148 0 3 543 1 9 1
149 1 7 546 23 78 34
150 1 5 551 32 279 48
151 1 3 555 96 889 144
152 1 2 559 133 1252 199
153 1 2 562 1 9 1
154 0 10 565 2568 12770 3852
155 1 2 570 4 33 6
156 0 4 573 186 1781 279
157 1 2 577 595 6025 892
158 0 2 580 87 801 130
159 0 1 583 4 33 6
160 1 14 585 843 3880 1264
161 1 23 590 87 334 130
162 0 2 595 1 9 1
163 0 1 598 3 25 4
164 1 3 601 9 73 13
165 1 2 605 69 628 103
166 1 1 608 107 996 160
167 0 5 611 1 9 1
168 1 3 615 2 17 3
169 1 1 619 570 5760 855
170 0 2 622 1308 13732 1962
171 1 2 625 13 107 19
172 1 6 628 4 33 6
173 1 1 632 1 10 1
174 0 7 634 190 780 285
175 1 9 638 129 513 193
176 1 1 643 3 25 4
177 0 17 646 17 55 25
178 1 10 651 1571 7556 2356
179 1 1 656 2780 30179 4170
180 0 1 658 1 10 1
181 0 5 660 13253 153665 19879
182 1 1 664 1 9 1
183 1 16 666 1 3 1
184 1 13 671 7 21 10
185 0 1 676 35 307 52
186 1 25 679 5090 26465 7635
187 1 2 684 6 48 9
188 1 3 687 1 9 1
189 0 1 691 36 316 54
190 1 4 694 1 9 1
191 1 11 698 48 175 72
192 0 2 703 1 9 1
193 0 2 706 1 9 1
194 1 1 709 2 17 3
195 0 1 711 1095 11404 1642
196 0 4 714 5 40 7
197 1 2 718 1 9 1
198 0 7 721 730 3326 1095
199 1 5 725 119378 1508279 179067
200 0 1 729 5 41 7
201 1 9 731 64 240 96
202 0 6 736 3 25 4
203 1 7 740 5 15 7
204 1 5 745 31 270 46
205 0 2 749 61 551 91
206 0 10 752 1 4 1
207 1 2 757 1 9 1
208 0 1 760 37 325 55
209 0 1 762 80 733 120
210 0 2 764 7547 85495 11320
211 1 1 767 1 11 1
212 1 1 769 3 25 4
213 0 6 772 509 5116 763
214 0 1 776 1407 14820 2110
215 0 3 779 5 40 7
216 0 2 783 1382 14545 2073
217 0 2 786 24 206 36
218 1 1 789 3 25 4
219 0 4 790 2703 29307 4054
220 1 1 794 1 11 1
221 1 4 796 2825 30689 4237
222 0 19 800 32 112 48
223 0 8 805 8 24 12
224 0 1 810 1 9 1
225 0 2 813 348 3435 522
226 0 1 816 2165 23246 3247
227 0 4 817 3 25 4
228 1 10 821 1 6 1
229 0 4 826 1173 12255 1759
230 1 2 830 39 344 58
231 1 1 833 19 161 28
232 1 2 835 1 10 1
233 0 6 838 1677 17804 2515
234 0 4 842 4 33 6
235 0 1 846 1 9 1
236 1 1 849 58797 723173 88195
237 0 1 852 8 64 12
238 0 1 854 13 108 19
239 1 3 857 301 2950 451
240 1 3 861 1 9 1
241 1 6 865 1249833 17179386 1874749
242 0 6 869 2 6 3
243 0 11 873 1 3 1
244 1 1 878 592 5993 888
245 1 2 881 3 25 4
246 0 1 884 1 8 1
247 1 1 885 272 2653 408
248 1 2 887 2446 26405 3669
249 1 1 890 15 125 22
250 1 9 891 1 3 1
251 0 1 896 4 32 6
252 0 2 899 349 3445 523
253 0 2 902 14214 165278 21321
254 0 3 905 41466 503160 62199
255 0 2 909 1 9 1
256 0 1 912 17 143 25
257 0 1 914 1 10 1
258 1 5 917 406 4037 609
259 1 1 921 1 10 1
260 1 12 923 1 5 1
261 1 1 928 1 9 1
262 0 7 930 4 12 6
263 0 4 934 27 233 40
264 1 1 938 25 215 37
265 1 1 940 4 33 6
266 1 3 941 41 362 61
267 0 1 945 16 134 24
268 0 1 947 2 17 3
269 1 3 950 66 599 99
270 1 8 954 165 670 247
271 1 2 959 10 81 15
272 1 17 962 8 24 12
273 0 6 967 292 2858 438
274 1 7 971 13 41 19
275 1 1 976 213 2053 319
276 0 5 979 29 252 43
277 0 5 983 5397 60283 8095
278 0 3 987 1 10 1
279 1 1 991 1 9 1
280 1 3 994 53983 661782 80974
281 0 16 998 143 574 214
282 1 3 1003 35 307 52
283 1 2 1007 77 705 115
284 1 11 1010 26 89 39
285 1 1 1015 1894 20217 2841
286 0 3 1017 9 72 13
287 0 1 1021 1 10 1
288 0 15 1023 596 2675 894
289 0 5 1028 4 33 6
290 1 2 1032 1 10 1
291 1 1 1035 1109278 15184811 1663917
292 0 6 1037 148 1401 222
293 0 5 1041 3 25 4
294 1 2 1045 3 25 4
295 0 1 1048 1 11 1
296 1 2 1051 1 9 1
297 1 3 1054 1 12 1
298 0 1 1058 64 580 96
299 0 2 1059 66 599 99
300 0 3 1062 16102 188181 24153
301 0 1 1066 1 9 1
302 0 1 1068 1 9 1
303 0 6 1070 2 17 3
304 1 1 1074 4 32 6
305 0 3 1077 1 10 1
306 1 1 1081 101707 1277308 152560
307 1 2 1084 1 10 1
308 0 3 1087 2 17 3
309 0 1 1091 69 627 103
310 1 4 1094 2 17 3
311 0 2 1098 1 9 1
312 0 1 1101 6 48 9
313 0 2 1103 7 56 10
314 1 5 1106 1 9 1
315 0 2 1110 319 3136 478
316 1 12 1113 1 4 1
317 1 2 1118 3 25 4
318 1 1 1121 13 107 19
319 0 3 1124 20143 237541 30214
320 0 1 1128 960 9938 1440
321 1 1 1131 3 25 4
322 0 3 1133 10 81 15
323 0 3 1137 10932 125758 16398
324 1 7 1140 708 3218 1062
325 0 24 1145 1 5 1
326 1 1 1150 17 143 25
327 0 2 1152 1 9 1
328 1 4 1155 3 25 4
329 0 2 1159 10 81 15
330 1 3 1162 1 9 1
331 0 11 1166 2 6 3
332 1 2 1171 1 11 1
333 0 3 1174 19 161 28
334 0 2 1178 2410 25999 3615
335 1 1 1181 37 325 55
336 0 3 1183 607 6152 910
337 0 2 1187 38 334 57
338 1 5 1190 1 9 1
339 0 9 1194 1417 6767 2125
340 1 1 1199 1 9 1
341 0 3 1202 1 9 1
342 1 4 1206 511 5137 766
343 0 1 1210 1 9 1
344 0 1 1213 7 56 10
345 0 3 1216 1 9 1
346 1 15 1220 62 231 93
347 0 4 1225 1 9 1
348 0 2 1229 1 9 1
349 0 2 1232 1 9 1
350 0 2 1235 8 64 12
351 1 3 1238 2 17 3
352 1 2 1242 1 9 1
353 0 8 1245 1 4 1
354 0 2 1250 33 288 49
355 1 5 1253 6 48 9
356 0 1 1257 66 599 99
357 0 1 1259 6 48 9
358 1 1 1261 509 5116 763
359 0 1 1262 1 9 1
360 1 4 1264 1 9 1
361 1 3 1268 2 17 3
362 0 5 1272 1 9 1
363 0 1 1276 1 9 1
364 1 1 1278 2 17 3
365 0 5 1280 1 9 1
366 0 1 1284 8 64 12
367 1 13 1287 26 89 39
368 0 1 1292 1877 20027 2815
369 0 2 1294 477 4780 715
370 1 5 1297 17 143 25
371 0 1 1301 1 10 1
372 0 1 1303 63 570 94
373 0 3 1305 2 17 3
374 1 3 1308 239 2316 358
375 0 1 1312 8 64 12
376 1 1 1314 2 17 3
377 1 1 1316 2 17 3
378 1 2 1318 11 90 16
379 1 1 1321 1 9 1
380 0 16 1323 188502 1205544 282753
381 0 8 1328 1 4 1
382 0 2 1333 231 2235 346
383 1 2 1336 22 188 33
384 1 9 1339 1 5 1
385 0 8 1344 1 4 1
386 1 5 1349 1 9 1
387 1 5 1353 182 1740 273
388 1 2 1357 138 1301 207
389 0 3 1360 58 523 87
390 1 8 1363 109 427 163
391 1 44 1368 6 18 9
392 0 2 1374 1 9 1
393 0 1 1377 77 705 115
394 1 2 1379 13 107 19
395 0 1 1382 136 1282 204
396 0 3 1385 205491 2649062 308236
397 1 9 1389 1 4 1
398 0 1 1394 64 580 96
399 0 3 1396 15 125 22
400 1 3 1400 804 8256 1206
401 0 3 1404 11 90 16
402 0 1 1408 125 1173 187
403 0 4 1410 1 9 1
404 0 1 1414 5 40 7
405 0 1 1416 399 3964 598
406 0 3 1419 487 4885 730
407 1 4 1423 5 41 7
408 0 3 1427 2 17 3
409 0 3 1431 632 6418 948
410 1 1 1435 1 9 1
411 0 1 1437 29 251 43
412 0 1 1439 66 599 99
413 1 1 1442 1 9 1
414 1 2 1445 306 3002 459
415 1 3 1448 19 161 28
416 1 9 1452 1 6 1
417 1 5 1457 21 179 31
418 1 12 1461 11 34 16
419 1 1 1466 39 344 58
420 1 3 1468 3348 36640 5022
421 1 9 1472 1 4 1
422 1 2 1477 18699 219854 28048
423 1 3 1480 39 344 58
424 1 1 1484 2 17 3
425 0 7 1486 1 3 1
426 0 5 1490 8640 98430 12960
427 1 1 1494 1 9 1
428 1 5 1496 155 1470 232
429 0 9 1500 1 3 1
430 0 24 1505 39 139 58
431 1 1 1510 23 197 34
432 1 5 1512 26 224 39
433 0 149 1516 2 6 3
434 1 28 1523 49 179 73
435 0 4 1529 1 8 1
436 1 12 1533 8950 48207 13425
437 0 8 1538 6 18 9
438 0 5 1543 600 6078 900
439 0 1 1547 2 17 3
440 1 9 1550 2 7 3
441 1 4 1555 2 17 3
442 0 3 1559 186 1780 279
443 0 2 1563 1 9 1
444 0 1 1566 227970 2950042 341955
445 1 3 1569 2 17 3
446 0 3 1573 24693 293577 37039
447 0 2 1577 81 743 121
448 1 2 1580 3561 39074 5341
449 1 4 1583 4 33 6
450 1 2 1587 15 125 22
451 1 9 1590 42 151 63
452 1 16 1595 1 4 1
453 1 2 1600 1 9 1
454 0 10 1603 1 3 1
455 0 7 1608 222 923 333
456 0 8 1613 10973 59844 16459
457 1 21 1618 8 24 12
458 0 9 1623 47 171 70
459 1 4 1628 6 48 9
460 1 5 1632 12 99 18
461 0 3 1636 1 9 1
462 1 1 1640 1 10 1
463 1 2 1643 11 90 16
464 1 1 1646 23 197 34
465 1 2 1649 1 9 1
466 0 4 1652 2 17 3
467 1 2 1656 1 8 1
468 0 17 1659 1 6 1
469 0 1 1664 1044 10849 1566
470 1 6 1667 1 4 1
471 0 5 1671 741 7580 1111
472 1 2 1675 1668 17704 2502
473 1 5 1678 2318 24964 3477
474 1 3 1682 4509 49981 6763
475 1 11 1686 127 504 190
476 1 2 1691 10 81 15
477 1 7 1694 1 4 1
478 1 7 1699 8 24 12
479 1 5 1703 1754 18658 2631
480 0 3 1707 1 9 1
481 0 25 1710 23 78 34
482 0 5 1715 21 179 31
483 1 5 1719 1 10 1
484 0 1 1723 591 5982 886
485 0 3 1725 625 6343 937
486 0 1 1729 1 11 1
487 0 3 1731 963 9971 1444
488 1 14 1735 61 227 91
489 1 1 1740 35 307 52
490 1 1 1743 946 9787 1419
491 1 4 1746 4 33 6
492 1 9 1750 1 6 1
493 0 4 1755 31 270 46
494 1 5 1759 2 17 3
495 1 6 1763 3 25 4
496 1 1 1767 31 270 46
497 1 69 1768 22 74 33
498 1 4 1774 1 10 1
499 0 8 1778 1 4 1
500 0 3 1783 707 7216 1060
501 0 1 1787 53 475 79
502 1 2 1788 4 33 6
503 0 2 1791 1 9 1
504 1 10 1794 71 268 106
505 0 7 1799 1 4 1
506 1 2 1803 1 9 1
507 1 7 1806 15993 89217 23989
508 0 1 1810 1 11 1
509 1 6 1813 1 10 1
510 1 1 1817 5 41 7
511 1 3 1819 520 5232 780
512 1 9 1823 182 745 273
513 1 6 1828 65 589 97
514 1 2 1832 1 9 1
515 1 10 1835 1 4 1
516 0 2 1840 11 90 16
517 1 3 1843 41434 502757 62151
518 1 1 1847 1 9 1
519 1 2 1849 4044 44618 6066
520 0 5 1852 24 206 36
521 1 4 1856 1 10 1
522 1 6 1860 1 10 1
523 0 2 1864 1 10 1
524 0 7 1867 6 18 9
525 1 1 1872 687 7003 1030
526 0 1 1874 1 9 1
527 1 2 1877 189 1811 283
528 1 1 1880 10013 114770 15019
529 0 3 1882 7 56 10
530 1 1 1886 51 457 76
531 0 10 1887 504 2234 756
532 0 6 1892 1 10 1
533 0 1 1896 41 363 61
534 1 2 1899 4 33 6
535 0 1 1902 4 33 6
536 1 2 1904 1 9 1
537 1 3 1907 4 33 6
538 0 69 1911 1 4 1
539 0 2 1917 1897 20250 2845
540 0 1 1920 778 7977 1167
541 1 2 1922 1 11 1
542 1 1 1925 1 9 1
543 0 3 1928 1866 19905 2799
544 0 2 1932 1 8 1
545 0 6 1935 1 9 1
546 0 3 1939 1 12 1
547 1 1 1943 10 81 15
548 0 1 1945 3 25 4
549 0 3 1947 9 72 13
550 1 4 1951 16 134 24
551 0 1 1955 117 1094 175
552 0 9 1958 1 3 1
553 0 35 1963 10 31 15
554 0 9 1969 39 139 58
555 1 2 1974 95 879 142
556 0 10 1977 127 505 190
557 0 1 1982 1 10 1
558 1 1 1984 426 4246 639
559 1 15 1987 14 45 21
560 0 2 1992 49 438 73
561 1 7 1995 14 45 21
562 0 1 1999 15 125 22
563 1 2 2001 1 9 1
564 1 1 2004 9 73 13
565 1 19 2006 1 4 1
566 1 3 2011 358 3539 537
567 1 3 2015 1 9 1
568 0 1 2019 3 25 4
569 0 1 2020 4 33 6
570 1 2 2021 1 12 1
571 1 1 2024 40 353 60
572 0 2 2026 1 11 1
573 1 4 2029 1 10 1
574 1 1 2033 15045 175345 22567
575 1 1 2035 1 8 1
576 0 2 2037 547 5517 820
577 0 3 2040 1 9 1
578 0 5 2043 1 8 1
579 0 9 2047 4 12 6
580 1 21 2052 1 3 1
581 0 28 2057 1 4 1
582 1 7 2063 1149 5407 1723
583 1 1 2067 94 869 141
584 0 2 2069 39 344 58
585 1 3 2072 2 17 3
586 0 1 2076 1 10 1
587 0 6 2079 2 17 3
588 1 1 2083 1412 14875 2118
589 0 1 2085 15 125 22
590 1 1 2088 69 628 103
591 1 7 2091 25 85 37
592 1 1 2095 2 17 3
593 0 7 2098 264 1113 396
594 0 2 2102 196 1881 294
595 1 3 2105 1 9 1
596 1 1 2109 190 1821 285
597 1 4 2112 1 9 1
598 1 7 2116 354 1527 531
599 1 7 2121 1 4 1
600 0 1 2125 5 40 7
601 1 5 2128 1 10 1
602 1 2 2132 5 41 7
603 1 3 2135 3 25 4
604 1 2 2139 1 11 1
605 1 2 2142 190 1821 285
606 0 6 2145 8488 96627 12732
607 1 1 2149 1 8 1
608 1 1 2151 1 12 1
609 1 3 2154 1 10 1
610 0 1 2158 1 9 1
611 0 18 2161 2 6 3
612 1 2 2166 425 4236 637
613 0 1 2169 42 372 63
614 1 5 2171 1 9 1
615 1 18 2175 30304 175465 45456
616 0 6 2180 25 215 37
617 0 5 2184 16 134 24
618 1 5 2188 35 307 52
619 1 1 2192 436 4351 654
620 0 2 2195 390 3871 585
621 0 3 2198 12 99 18
622 1 1 2202 6 48 9
623 1 2 2203 1 10 1
624 1 1 2206 3 25 4
625 0 11 2208 8 24 12
626 1 1 2213 8 64 12
627 1 3 2215 41 363 61
628 0 2 2219 29 251 43
629 0 12 2222 44 159 66
630 1 7 2227 1 5 1
631 0 3 2231 28 242 42
632 0 2 2235 418 4163 627
633 1 10 2238 1 4 1
634 1 2 2243 5 40 7
635 1 1 2246 89643 1120446 134464
636 1 1 2248 1 10 1
637 0 8 2250 805207 5536735 1207810
638 0 6 2255 3 25 4
639 1 8 2259 5 15 7
640 1 3 2264 1 9 1
641 0 3 2268 4137 45688 6205
642 1 4 2272 1 9 1
643 1 1 2276 86607 1081087 129910
644 0 1 2279 12 99 18
645 0 1 2281 4 33 6
646 1 2 2283 1 9 1
647 1 2 2286 1 8 1
648 0 2 2289 7 56 10
649 0 1 2292 19 161 28
650 0 2 2293 11 90 16
651 1 2 2296 19 161 28
652 1 3 2299 1 9 1
653 1 10 2303 3 10 4
654 1 3 2308 1 10 1
655 0 1 2312 55 494 82
656 0 9 2315 198 816 297
657 0 2 2320 83 762 124
658 1 2 2323 71 647 106
659 0 8 2326 9494 51323 14241
660 0 2 2331 86 792 129
661 1 2 2334 6 48 9
662 0 4 2337 23394075 353976437 35091112
663 1 2 2341 238 2306 357
664 1 1 2344 1376 14479 2064
665 0 5 2346 2660938 37526644 3991407
666 1 2 2350 2 17 3
667 0 1 2353 1 8 1
668 1 1 2354 348 3435 522
669 0 1 2357 3 25 4
670 1 1 2360 1 9 1
671 0 1 2362 23514 279016 35271
672 0 1 2364 1 9 1
673 1 3 2367 17 143 25
674 1 4 2371 1 9 1
675 0 3 2375 52 466 78
676 0 11 2379 1 4 1
677 1 5 2384 1 9 1
678 0 1 2388 1 10 1
679 0 1 2390 764 7826 1146
680 1 4 2393 9297 106237 13945
681 1 5 2397 4 33 6
682 0 1 2401 983 10187 1474
683 0 2 2404 17 143 25
684 0 3 2407 1 8 1
685 0 10 2411 52 191 78
686 1 2 2416 7 56 10
687 0 7 2419 35 124 52
688 1 3 2423 1 10 1
689 0 2 2427 1 9 1
690 1 4 2430 6 48 9
691 1 4 2434 11 90 16
692 0 17 2438 7 21 10
693 0 17 2443 39 139 58
694 0 3 2448 1 10 1
695 1 1 2452 1 10 1
696 1 1 2454 1 9 1
697 1 2 2457 143 1351 214
698 1 5 2460 2 17 3
699 1 5 2464 28 242 42
700 1 3 2468 60 542 90
701 1 2 2472 1 12 1
702 0 4 2475 4571 50698 6856
703 1 2 2479 58 523 87
704 1 2 2482 11 90 16
705 0 8 2485 303 1292 454
706 0 6 2490 330 3249 495
707 1 13 2494 1 4 1
708 1 4 2499 1279 13415 1918
709 1 4 2503 601 6088 901
710 0 3 2507 1 12 1
711 0 1 2511 22 188 33
712 1 5 2513 48 428 72
713 1 1 2517 1 9 1
714 1 2 2520 4 33 6
715 0 3 2523 180 1720 270
716 1 2 2527 1 9 1
717 1 1 2530 4066 44871 6099
718 1 1 2533 1 10 1
719 0 24 2536 81 309 121
720 0 7 2541 1 5 1
721 1 2 2545 1 10 1
722 0 6 2548 1 5 1
723 1 10 2552 1 5 1
724 0 10 2557 2 7 3
725 0 3 2562 3 25 4
726 1 1 2566 1 9 1
727 0 5 2568 1 12 1
728 1 4 2572 13 107 19
729 1 2 2576 91 840 136
730 0 2 2579 8 64 12
731 1 4 2582 1 8 1
732 1 8 2586 1 4 1
733 1 8 2591 2 6 3
734 0 4 2596 2 17 3
735 1 2 2600 84 772 126
736 1 4 2603 1 11 1
737 0 7 2607 64 240 96
738 1 4 2612 2 17 3
739 0 3 2616 2 17 3
740 0 25 2620 1 3 1
741 0 2 2625 1 9 1
742 1 1 2628 12 99 18
743 0 1 2631 1 8 1
744 1 7 2633 17 56 25
745 1 50 2637 49 179 73
746 1 7 2643 1 5 1
747 0 17 2647 14 45 21
748 1 2 2652 1 9 1
749 1 1 2655 138 1302 207
750 1 1 2657 1 9 1
751 0 1 2659 1 8 1
752 1 18 2661 5070 26354 7605
753 0 2 2666 249 2418 373
754 1 2 2669 1 12 1
755 0 1 2672 20 170 30
756 1 2 2675 1 9 1
757 0 6 2678 17 143 25
758 1 1 2682 3328 36412 4992
759 1 2 2684 1 8 1
760 0 1 2687 34 298 51
761 0 5 2689 2129 22843 3193
762 0 1 2693 1 9 1
763 1 2 2695 1 12 1
764 1 2 2698 588 5950 882
765 1 12 2701 55 203 82
766 1 3 2706 6590 74231 9885
767 1 13 2710 1 5 1
768 0 2 2715 2 17 3
769 1 5 2718 10 81 15
770 0 11 2722 3 9 4
771 0 5 2727 375 3715 562
772 0 4 2731 5 40 7
773 1 3 2735 2 17 3
774 0 20 2739 1 4 1
775 1 4 2744 18 152 27
776 1 4 2748 202 1942 303
777 0 3 2752 2 17 3
778 1 2 2756 68 618 102
779 1 3 2759 1 13 1
780 0 5 2763 1 10 1
781 0 1 2767 15 125 22
782 0 1 2769 755 7730 1132
783 1 4 2772 342 3373 513
784 1 15 2776 1 4 1
785 0 4 2781 1 10 1
786 1 4 2785 4 33 6
787 0 7 2789 105 410 157
788 1 1 2793 8 64 12
789 1 2 2796 1 10 1
790 1 1 2799 1 10 1
791 0 6 2801 12 99 18
792 1 7 2805 1 4 1
793 1 3 2809 1 10 1
794 0 1 2813 3 25 4
795 1 2 2816 25 215 37
796 1 1 2819 1 9 1
797 1 2 2821 132 1242 198
798 0 4 2824 10 81 15
799 0 1 2828 4 33 6
800 0 1 2831 376 3725 564
801 0 5 2834 23 197 34
802 1 1 2838 38 335 57
803 0 5 2841 624 6333 936
804 1 2 2845 1 10 1
805 0 5 2848 1 14 1
806 0 3 2852 4 33 6
807 0 6 2856 84 772 126
808 1 5 2860 5022 55923 7533
809 1 15 2864 1 3 1
810 1 5 2869 3 25 4
811 0 2 2873 3 25 4
812 0 2 2876 135 1271 202
813 1 3 2879 1614 17106 2421
814 0 3 2883 197 1891 295
815 1 3 2887 11 90 16
816 0 10 2891 1 4 1
817 0 4 2896 1 11 1
818 0 8 2900 12 38 18
819 1 1 2905 1 9 1
820 1 1 2908 1 9 1
821 0 2 2911 1 10 1
822 1 1 2914 240 2327 360
823 1 9 2917 1 5 1
824 1 3 2922 16 134 24
825 0 2 2926 51 456 76
826 1 1 2929 34542 416158 51813
827 0 2 2931 1 9 1
828 1 2 2934 1 13 1
829 1 1 2937 4 33 6
830 0 1 2940 20 170 30
831 1 2 2942 1 10 1
832 0 3 2945 1 10 1
833 1 9 2949 1 5 1
834 0 39 2954 1 5 1
835 0 3 2960 1 10 1
836 0 3 2964 26 224 39
837 1 1 2967 48 428 72
838 1 6 2969 3 10 4
839 0 1 2973 12 99 18
840 0 1 2975 20150 237627 30225
841 1 1 2978 1 11 1
842 0 6 2980 4 33 6
843 1 2 2984 72 657 108
844 1 1 2987 1 10 1
845 0 1 2988 1 11 1
846 0 2 2990 8 64 12
847 1 5 2993 1 9 1
848 1 3 2997 1 9 1
849 1 2 3001 291 2847 436
850 0 3 3004 72 656 108
851 0 2 3008 5 40 7
852 0 16 3011 7 21 10
853 1 4 3016 89 821 133
854 1 4 3020 90767 1135030 136150
855 0 2 3024 13365 155016 20047
856 0 3 3027 346 3415 519
857 1 2 3031 1 9 1
858 0 1 3034 6 48 9
859 0 8 3037 10 31 15
860 0 5 3042 7 56 10
861 0 29 3046 1 4 1
862 1 4 3052 1 9 1
863 0 22 3056 2 7 3
864 0 7 3061 8 24 12
865 1 5 3066 1 11 1
866 0 16 3070 6 18 9
867 0 1 3075 6 48 9
868 0 3 3077 2 17 3
869 0 1 3081 1 9 1
870 0 2 3082 1 9 1
871 0 1 3085 1 12 1
872 0 6 3087 2944 32039 4416
873 0 17 3091 6 18 9
874 0 9 3096 1 4 1
875 1 3 3101 25 215 37
876 0 7 3105 1 4 1
877 1 2 3109 3970 43767 5955
878 1 7 3112 3 9 4
879 0 1 3117 18250 214366 27375
880 0 1 3119 3 25 4
881 0 2 3122 1 9 1
882 0 2 3125 20 170 30
883 0 2 3128 336 3311 504
884 1 25 3131 380 1648 570
885 1 5 3136 18 152 27
886 1 1 3140 3387 37085 5080
887 0 3 3142 1 8 1
888 1 3 3146 4449 49287 6673
889 0 3 3150 3405 37291 5107
890 0 3 3154 1 9 1
891 0 3 3158 2 17 3
892 1 6 3162 1793 19092 2689
893 0 9 3166 102 398 153
894 1 6 3171 65 590 97
895 0 21 3175 22 74 33
896 1 1 3180 535 5390 802
897 0 4 3182 1 9 1
898 0 2 3186 1 9 1
899 0 1 3189 1 9 1
900 1 3 3191 4 33 6
901 0 2 3195 1 9 1
902 0 12 3198 1 5 1
903 0 2 3203 1 8 1
904 0 7 3206 8 24 12
905 1 2 3211 1 10 1
906 1 5 3214 23216 275340 34824
907 0 4 3218 172 1640 258
908 0 1 3222 2 17 3
909 0 1 3225 70 637 105
910 0 14 3227 2 6 3
911 1 6 3232 6 48 9
912 0 12 3236 6 18 9
913 1 13 3241 1 4 1
914 0 4 3246 10 81 15
915 0 2 3250 1 10 1
916 0 2 3253 1158 12091 1737
917 1 3 3256 200 1921 300
918 0 1 3260 1 8 1
919 1 2 3263 1 10 1
920 0 6 3266 1 4 1
921 0 1 3270 5 40 7
922 1 3 3273 1 10 1
923 1 1 3277 9 72 13
924 1 5 3279 3 25 4
925 1 5 3283 1 9 1
926 1 5 3287 4 33 6
927 0 1 3291 5 40 7
928 1 3 3293 1 10 1
929 1 1 3297 70 638 105
930 1 4 3299 16 134 24
931 1 4 3303 28 243 42
932 0 7 3307 1 4 1
933 1 11 3311 9 27 13
934 1 6 3316 1335 14029 2002
935 0 1 3320 15 125 22
936 0 6 3322 2 17 3
937 0 1 3326 29 251 43
938 1 8 3329 1 5 1
939 0 1 3334 1 8 1
940 0 3 3337 1 12 1
941 0 4 3341 12 99 18
942 0 2 3345 1 11 1
943 0 2 3348 1 10 1
944 1 9 3351 39 139 58
945 1 13 3356 24 81 36
946 0 2 3361 1 8 1
947 1 1 3364 1 10 1
948 1 2 3366 822 8449 1233
949 1 5 3369 1 12 1
950 0 2 3373 1496 15802 2244
951 0 2 3376 36 316 54
952 1 4 3379 1 10 1
953 0 3 3383 3 25 4
954 0 1 3387 956 9895 1434
955 0 7 3390 11 34 16
956 0 3 3395 13 107 19
957 1 1 3399 32 279 48
958 0 4 3401 4 33 6
959 0 2 3405 128 1202 192
960 1 6 3408 1 3 1
961 1 2 3412 1 9 1
962 0 22 3415 38580 226469 57870
963 0 10 3420 1 4 1
964 0 4 3425 1 9 1
965 1 4 3429 2 17 3
966 0 3 3433 1 12 1
967 0 4 3437 4 33 6
968 1 12 3441 4 12 6
969 0 5 3446 1 9 1
970 0 3 3450 265 2582 397
971 1 4 3454 93 859 139
972 1 2 3458 104 967 156
973 0 1 3461 18 152 27
974 0 3 3463 1195 12495 1792
975 1 19 3467 54 199 81
976 0 8 3472 73 276 109
977 0 3 3477 15 125 22
978 1 4 3481 170 1620 255
979 0 1 3485 164 1560 246
980 1 5 3487 800 8213 1200
981 1 2 3491 1 12 1
982 0 7 3494 1 3 1
983 0 7 3499 4 13 6
984 0 6 3503 9 73 13
985 0 6 3507 4 33 6
986 0 2 3511 1 9 1
987 1 15 3514 3602 18315 5403
988 0 2 3519 1 9 1
989 0 1 3522 18 152 27
990 0 1 3524 114 1064 171
991 0 15 3526 37 131 55
992 1 5 3531 7 56 10
993 1 3 3535 2 17 3
994 0 6 3539 8913 101671 13369
995 1 2 3543 3 25 4
996 0 1 3546 1 10 1
997 1 1 3548 6 48 9
998 0 7 3550 1 4 1
999 1 4 3555 19 161 28
1000 1 2 3559 59 532 88
1001 0 2 3562 1 9 1
1002 1 1 3565 1 11 1
1003 0 6 3567 14 116 21
1004 1 4 3571 40 353 60
1005 0 3 3575 3 25 4
1006 1 10 3579 1 4 1
1007 1 2 3584 1 9 1
1008 0 1 3587 54 485 81
1009 0 3 3590 1 9 1
1010 0 2 3594 70 637 105
1011 1 1 3597 1 8 1
1012 1 3 3600 11 90 16
1013 0 3 3604 671 6833 1006
1014 0 1 3608 1535 16232 2302
