0 0 5 5 2 17 3
1 0 8 9 1 3 1
2 0 1 14 317 3115 475
3 1 3 16 4 33 6
4 1 1 20 367 3632 550
5 1 1 22 8 64 12
6 0 1 25 12 99 18
7 1 3 27 3 25 4
8 1 2 31 1 10 1
9 1 12 34 512467 3447133 768700
10 1 3 39 20 170 30
11 0 2 43 1 8 1
12 1 2 46 3 25 4
13 1 10 49 933 4326 1399
14 1 3 54 39 344 58
15 0 1 58 17 143 25
16 1 1 61 191 1831 286
17 0 2 63 1 9 1
18 0 1 66 41 362 61
19 0 7 68 1 3 1
20 0 1 72 1 10 1
21 0 5 75 42 372 63
22 1 9 79 1 3 1
23 1 1 84 108 1006 162
24 1 2 87 1 10 1
25 1 8 90 4 13 6
26 0 6 95 2 6 3
27 0 2 99 87 801 130
28 0 5 102 3 25 4
29 0 1 106 12252 141603 18378
30 1 7 109 1 3 1
31 0 3 114 4 33 6
32 1 5 118 1 9 1
33 0 1 122 1 12 1
34 1 3 124 1 12 1
35 1 2 128 1 9 1
36 1 13 131 5 15 7
37 1 3 136 62 561 93
38 0 3 140 1 9 1
39 1 4 144 1095 11404 1642
40 1 4 148 5 40 7
41 0 3 152 1291 13546 1936
42 0 1 156 2 17 3
43 1 1 158 1 8 1
44 0 3 161 282 2756 423
45 0 1 165 1 11 1
46 1 4 167 1 10 1
47 0 1 171 17 143 25
48 1 3 174 8 64 12
49 0 1 178 1 11 1
50 0 5 181 37 325 55
51 1 10 185 11142 60822 16713
52 0 2 190 1 8 1
53 0 4 193 1860 19838 2790
54 1 6 197 1 9 1
55 0 2 201 2 17 3
56 0 3 204 1 9 1
57 1 5 208 1 8 1
58 1 2 212 2 17 3
59 1 2 215 26 224 39
60 0 4 218 408 4058 612
61 1 1 222 13 107 19
62 0 8 225 3061 15399 4591
63 1 5 230 1 9 1
64 0 8 234 3 10 4
65 0 6 239 3134 34200 4701
66 1 22 243 4 12 6
67 1 1 248 8 64 12
68 0 8 251 259 1090 388
69 1 1 256 1 11 1
70 1 1 259 90 830 135
71 1 2 261 1 9 1
72 0 2 264 1 12 1
73 1 4 267 1 9 1
74 0 3 271 21 179 31
75 0 1 275 5 41 7
76 0 32 278 1 6 1
77 1 2 284 517 5201 775
78 0 2 287 1 9 1
79 0 4 290 1 9 1
80 0 1 294 1 12 1
81 1 11 297 705 3204 1057
82 0 1 302 1 9 1
83 0 6 305 33 288 49
84 1 7 309 1 4 1
85 0 12 313 2764 13812 4146
86 1 4 318 1 11 1
87 1 3 322 2 17 3
88 0 1 326 584031 7817529 876046
89 0 5 328 1 9 1
90 1 4 332 222 2144 333
91 0 2 336 23 197 34
92 0 5 339 353 3487 529
93 0 7 343 1 5 1
94 1 3 348 76 695 114
95 0 3 352 153 1450 229
96 0 8 356 4 12 6
97 0 2 361 7 56 10
98 1 1 364 1 9 1
99 0 1 366 187 1791 280
100 0 4 368 238 2306 357
101 1 2 372 188 1800 282
102 0 5 375 244 2367 366
103 0 3 379 1 10 1
104 1 2 383 1 12 1
105 1 3 386 25 215 37
106 0 1 390 1 9 1
107 0 2 392 21 179 31
108 0 2 395 1 12 1
109 0 4 398 2 17 3
110 1 2 402 1 9 1
111 1 1 405 1 8 1
112 1 1 408 2 17 3
113 1 18 409 1 4 1
114 0 46 414 3 10 4
115 0 3 420 1947 20808 2920
116 1 11 424 150 604 225
117 0 6 429 4 33 6
118 1 6 433 2 17 3
119 1 2 437 230 2225 345
120 0 2 440 513 5159 769
121 0 2 443 3 25 4
122 1 2 446 1 10 1
123 1 5 449 686 6992 1029
124 0 1 453 10 81 15
125 0 1 456 1 8 1
126 0 4 457 7 56 10
127 1 3 461 20 170 30
128 0 11 465 216 896 324
129 1 2 470 40 353 60
130 0 4 473 1 9 1
131 0 3 477 1029 10687 1543
132 0 8 481 9 27 13
133 0 4 486 1 10 1
134 1 3 490 14 116 21
135 0 6 494 1 9 1
136 0 3 498 1 9 1
137 0 1 502 32 279 48
138 1 1 505 1 10 1
139 1 4 507 19 161 28
140 1 4 511 1 11 1
141 0 1 515 1 8 1
142 1 1 517 7 56 10
143 0 3 519 1 9 1
144 1 4 523 16 134 24
145 0 2 527 9 72 13
146 0 17 530 1 4 1
147 1 8 535 21 70 31
148 0 2 540 323 3177 484
149 1 19 543 1 5 1
150 1 3 548 2 17 3
151 0 1 552 24 206 36
152 0 1 553 2 17 3
153 0 2 556 721 7366 1081
154 1 4 559 3075 33528 4612
155 1 1 563 110 1025 165
156 1 3 566 7 56 10
157 0 8 570 1 4 1
158 0 2 575 1 9 1
159 0 11 578 8 24 12
160 1 14 583 102 398 153
161 1 1 588 54 485 81
162 0 8 590 1 4 1
163 1 2 595 1 9 1
164 1 2 598 1 9 1
165 1 1 601 11 90 16
166 0 8 603 120 474 180
167 1 2 608 7775 88187 11662
168 0 4 611 21 179 31
169 1 3 615 1 10 1
170 0 3 619 1 10 1
171 0 13 623 15 49 22
172 0 1 628 426 4246 639
173 1 2 630 2994 32607 4491
174 0 9 633 3 10 4
175 0 1 638 12524 144877 18786
176 1 1 641 1 10 1
177 1 8 643 8 24 12
178 0 10 648 1 4 1
179 0 2 653 13 107 19
180 0 2 656 18 152 27
181 1 4 659 707 7217 1060
182 1 8 663 774 3541 1161
183 1 1 668 9 73 13
184 0 4 671 4 33 6
185 0 1 675 1 9 1
186 0 2 678 127107 1609703 190660
187 0 2 681 1 9 1
188 0 49 684 1 4 1
189 0 2 690 1 11 1
190 1 3 693 10 81 15
191 1 7 697 65 243 97
192 0 15 701 1 5 1
193 1 3 706 10 81 15
194 1 1 710 140 1321 210
195 0 1 711 418 4163 627
196 1 1 714 50 447 75
197 1 5 716 52 466 78
198 1 1 720 1 9 1
199 1 2 723 1068 11110 1602
200 0 9 726 14 45 21
201 0 10 731 1 4 1
202 1 5 736 1 12 1
203 1 5 740 8 64 12
204 0 15 744 7 21 10
205 1 2 749 10 81 15
206 0 2 752 7 56 10
207 1 2 755 59 532 88
208 1 61 758 4 12 6
209 0 2 764 25 215 37
210 0 2 767 5 40 7
211 1 6 770 2504 27059 3756
212 1 8 774 10 31 15
213 1 2 779 1 10 1
214 1 7 782 70 264 105
215 1 10 786 1 5 1
216 1 1 791 1 9 1
217 1 1 793 1 9 1
218 0 14 796 2 6 3
219 0 8 801 68 256 102
220 1 2 806 1 9 1
221 0 2 809 1 11 1
222 1 3 812 16 134 24
223 1 2 816 159 1510 238
224 1 8 819 2 7 3
225 1 3 824 99987 1254900 149980
226 0 10 828 10 31 15
227 0 1 833 3487 38228 5230
228 0 1 835 2010 21511 3015
229 0 1 837 129 1212 193
230 0 12 838 1 4 1
231 0 2 843 4165 46011 6247
232 0 2 846 1 9 1
233 0 1 849 13 108 19
234 0 6 852 2173 10685 3259
235 0 16 856 12142 66627 18213
236 0 1 861 1 10 1
237 1 3 864 42 372 63
238 1 3 868 14 116 21
239 1 14 872 40 143 60
240 1 2 877 1 10 1
241 1 3 880 90 830 135
242 1 3 884 277 2704 415
243 0 4 888 6979 78802 10468
244 1 1 892 1 12 1
245 1 9 894 2 6 3
246 0 2 899 6 48 9
247 1 1 902 63 570 94
248 1 6 904 2 17 3
249 1 3 908 51 456 76
250 1 13 912 1 4 1
251 0 9 917 1 5 1
252 0 8 922 4893 25377 7339
253 0 23 927 108674 675194 163011
254 1 2 932 1 12 1
255 0 1 935 73 666 109
256 0 1 938 24 206 36
257 0 1 941 515 5179 772
258 1 4 944 1540 16287 2310
259 0 2 948 7 56 10
260 0 2 951 203 1952 304
261 0 8 954 1127 5297 1690
262 0 12 959 4 12 6
263 1 1 964 12 99 18
264 0 4 966 1 10 1
265 1 3 970 145 1371 217
266 0 2 974 26 224 39
267 1 45 977 1 4 1
268 0 3 983 1 12 1
269 1 1 987 1 9 1
270 0 8 988 18 59 27
271 0 14 993 4 12 6
272 0 3 998 1868 19927 2802
273 1 1 1002 1 8 1
274 1 5 1004 27 233 40
275 0 1 1008 1 11 1
276 1 4 1010 1 9 1
277 1 1 1014 1 9 1
278 0 3 1016 16 134 24
279 0 1 1020 1 9 1
280 0 3 1023 1 11 1
281 1 8 1027 53 195 79
282 1 2 1032 4 33 6
283 0 4 1035 3 25 4
284 1 5 1039 46 409 69
285 0 7 1043 2 7 3
286 0 5 1048 3523 38640 5284
287 0 1 1052 15 125 22
288 0 3 1054 1 9 1
289 1 5 1058 121 1133 181
290 1 2 1062 2618 28346 3927
291 0 1 1065 2 17 3
292 0 17 1067 380 1649 570
293 0 1 1072 1 11 1
294 0 3 1074 2 17 3
295 0 2 1078 1 8 1
296 1 3 1081 43 381 64
297 1 1 1085 1 11 1
298 0 2 1088 167 1590 250
299 1 2 1091 23 197 34
300 1 8 1094 39 139 58
301 0 8 1099 4 12 6
302 1 4 1104 1 10 1
303 1 1 1108 3 25 4
304 1 4 1109 3 25 4
305 0 2 1113 63 570 94
306 1 13 1116 1 4 1
307 0 16 1121 146 587 219
308 0 11 1126 1 4 1
309 0 2 1131 277 2704 415
310 1 2 1134 8 64 12
311 1 2 1137 1861 19849 2791
312 1 1 1140 958 9916 1437
313 0 1 1142 1 12 1
314 0 6 1143 141897 1804393 212845
315 1 2 1147 2 17 3
316 1 2 1150 4 33 6
317 1 1 1153 94 869 141
318 0 6 1155 29 251 43
319 1 2 1159 98 908 147
320 0 10 1162 13 41 19
321 0 21 1167 16 52 24
322 1 2 1172 42 372 63
323 0 2 1175 6 48 9
324 0 4 1178 55 494 82
325 0 3 1182 1 8 1
326 1 3 1186 141 1331 211
327 0 1 1190 1 11 1
328 1 16 1192 302 1287 453
329 1 9 1197 1 4 1
330 1 6 1202 1 9 1
331 1 1 1206 620 6290 930
332 0 3 1208 66 599 99
333 0 4 1212 2 17 3
334 1 3 1216 12 98 18
335 1 2 1220 62 561 93
336 0 4 1223 583 5898 874
337 0 3 1227 1 10 1
338 0 2 1231 196 1881 294
339 0 1 1234 2598 28120 3897
340 0 9 1237 239 1000 358
341 0 1 1242 102 947 153
342 0 1 1244 1 8 1
343 0 3 1247 1 11 1
344 1 2 1251 1 12 1
345 1 2 1254 7015 79225 10522
346 1 2 1257 39 344 58
347 0 1 1260 8 64 12
348 0 9 1262 1 5 1
349 0 1 1267 66 599 99
350 1 6 1270 6 48 9
351 0 2 1274 4 33 6
352 1 1 1277 3562 39086 5343
353 0 1 1280 80 733 120
354 0 2 1282 11174 128657 16761
355 0 7 1285 1 3 1
356 0 4 1289 2 17 3
357 1 3 1293 101 938 151
358 1 1 1297 1 12 1
359 1 5 1299 70 637 105
360 1 1 1303 33 289 49
361 0 4 1306 1 10 1
362 0 1 1310 28 242 42
363 0 1 1313 99 918 148
364 0 3 1314 1 10 1
365 1 5 1318 1 11 1
366 1 6 1322 24 82 36
367 0 4 1326 1 11 1
368 0 2 1330 21 179 31
369 1 10 1333 562 2511 843
370 1 1 1338 4 33 6
371 0 2 1340 4 33 6
372 1 1 1343 5549 62054 8323
373 0 1 1345 23 197 34
374 1 4 1348 12 98 18
375 1 3 1352 6 48 9
376 0 6 1355 19261 226732 28891
377 0 11 1359 110 432 165
378 1 1 1364 56 504 84
379 1 6 1367 5 40 7
380 1 1 1371 139 1311 208
381 0 3 1374 1 9 1
382 0 6 1378 201 1932 301
383 1 2 1382 1 9 1
384 0 1 1385 1323 13897 1984
385 0 3 1388 2 17 3
386 1 2 1392 3 25 4
387 0 4 1395 357 3528 535
388 1 14 1399 1 5 1
389 1 9 1404 5 15 7
390 1 6 1409 1 12 1
391 0 9 1413 1 4 1
392 1 2 1418 3 25 4
393 1 5 1421 5 40 7
394 0 1 1425 1 10 1
395 1 2 1427 1 10 1
396 1 1 1430 1 10 1
397 1 4 1432 5 40 7
398 1 7 1436 17 55 25
399 0 3 1440 7 56 10
400 0 5 1444 64 580 96
401 1 1 1448 1 9 1
402 0 6 1450 4758 52861 7137
403 1 2 1454 2 17 3
404 0 5 1457 1 13 1
405 1 2 1461 2 17 3
406 0 3 1464 45 400 67
407 0 1 1468 2568 27781 3852
408 0 2 1471 18 152 27
409 1 4 1474 11 90 16
410 1 2 1478 5 40 7
411 0 3 1481 32 279 48
412 1 13 1485 1 7 1
413 1 8 1490 57 211 85
414 1 4 1495 2 17 3
415 0 1 1499 1248 13075 1872
416 0 2 1501 12254589 181676567 18381883
417 1 1 1504 8 64 12
418 1 1 1506 22 188 33
419 1 1 1509 138 1301 207
420 1 1 1511 1 9 1
421 1 3 1513 13743 159582 20614
422 0 1 1517 1 9 1
423 0 6 1520 1 3 1
424 0 2 1524 9 73 13
425 0 5 1527 2 17 3
426 1 2 1531 1 9 1
427 0 5 1534 8 64 12
428 0 1 1538 161 1530 241
429 0 1 1541 836 8600 1254
430 0 4 1543 1 9 1
431 1 1 1547 40 353 60
432 1 1 1550 6 48 9
433 0 6 1553 1346 14150 2019
434 1 2 1557 1998 21377 2997
435 1 1 1560 17 143 25
436 0 2 1562 1 9 1
437 1 4 1565 121 1133 181
438 0 2 1569 15942 186236 23913
439 1 2 1572 1 9 1
440 1 1 1575 3 25 4
441 0 2 1578 143 1351 214
442 1 3 1581 1 11 1
443 1 4 1585 332 3270 498
444 0 4 1589 1 9 1
445 1 1 1593 191649 2464298 287473
446 1 3 1594 2 17 3
447 1 2 1598 1 9 1
448 0 1 1601 27 233 40
449 1 3 1603 53433 654780 80149
450 1 5 1607 62 561 93
451 0 2 1611 156 1480 234
452 0 1 1614 1 9 1
453 0 2 1616 3907 43042 5860
454 1 4 1619 1 9 1
455 1 22 1623 1 4 1
456 1 17 1628 207 856 310
457 1 1 1633 6 48 9
458 1 2 1636 1 10 1
459 0 2 1639 1 11 1
460 0 2 1642 92827 1161775 139240
461 0 3 1645 3 25 4
462 1 4 1649 27879 333056 41818
463 0 1 1653 12 98 18
464 1 4 1654 269 2622 403
465 0 38 1658 1639 7906 2458
466 1 2 1664 311 3053 466
467 0 1 1667 1272 13338 1908
468 0 5 1668 1 9 1
469 1 1 1672 18 152 27
470 0 4 1674 473 4738 709
471 0 3 1678 712 7270 1068
472 1 2 1682 73 666 109
473 0 7 1685 1 5 1
474 1 2 1690 3 25 4
475 1 1 1693 2 17 3
476 0 3 1695 23 197 34
477 0 4 1699 45 400 67
478 0 10 1703 12 38 18
479 1 1 1708 67 608 100
480 1 3 1711 1 9 1
481 0 5 1715 1 9 1
482 0 2 1719 1 11 1
483 1 1 1722 1 9 1
484 0 8 1725 112 440 168
485 1 7 1730 10 31 15
486 0 21 1735 383 1663 574
487 1 4 1740 13 107 19
488 1 1 1744 438 4371 657
489 1 1 1746 2674 28979 4011
490 0 2 1748 1 11 1
491 1 2 1751 1 10 1
492 1 1 1754 1 9 1
493 0 3 1755 12 99 18
494 1 1 1759 119 1114 178
495 1 8 1761 23 78 34
496 0 8 1766 13 41 19
497 1 14 1771 24 82 36
498 1 2 1776 132 1242 198
499 0 2 1779 791 8116 1186
500 0 1 1782 1 12 1
501 0 3 1784 1 9 1
502 0 2 1788 3 25 4
503 1 6 1791 38 335 57
504 0 2 1795 2 17 3
505 0 5 1798 1 10 1
506 0 1 1802 1 11 1
507 1 4 1805 1 10 1
508 1 4 1809 34 298 51
509 1 1 1813 9 73 13
510 1 1 1815 59 532 88
511 0 10 1818 3 9 4
512 1 6 1823 1 9 1
513 1 3 1827 86 792 129
514 1 4 1831 1 11 1
515 0 3 1835 7 56 10
516 0 10 1839 1 5 1
517 1 14 1844 439 1926 658
518 1 15 1849 1 3 1
519 1 5 1854 1 10 1
520 1 4 1858 2615 28312 3922
521 1 1 1862 1912 20417 2868
522 0 4 1863 53 475 79
523 0 4 1867 13 107 19
524 0 6 1871 59 219 88
525 0 3 1875 205 1972 307
526 1 1 1879 1 10 1
527 1 4 1880 2 17 3
528 0 1 1884 3 25 4
529 1 3 1885 1 8 1
530 1 1 1889 11 90 16
531 0 7 1892 321 1375 481
532 1 2 1896 776 7955 1164
533 1 3 1899 1737 18470 2605
534 0 3 1903 17477 204928 26215
535 0 3 1907 1 12 1
536 1 2 1911 6 48 9
537 1 1 1914 6 48 9
538 1 1 1917 24975 297064 37462
539 1 1 1919 1 8 1
540 0 1 1922 475 4759 712
541 0 2 1924 460 4601 690
542 0 1 1927 14 116 21
543 1 10 1930 1 3 1
544 0 3 1935 191 1831 286
545 0 1 1939 14 116 21
546 1 3 1941 14 116 21
547 1 3 1945 1 10 1
548 0 3 1949 4 33 6
549 0 1 1953 1 9 1
550 1 3 1956 1 10 1
551 0 3 1960 1 9 1
552 0 2 1964 1 9 1
553 0 1 1967 2 17 3
554 1 3 1969 74 676 111
555 0 2 1973 11 90 16
556 0 6 1976 59 532 88
557 1 6 1980 1 10 1
558 1 2 1984 59 532 88
559 0 20 1987 1 4 1
560 1 17 1992 1 3 1
561 1 3 1997 1 9 1
562 0 2 2001 2 17 3
563 0 2 2004 1 9 1
564 1 8 2007 19 63 28
565 1 2 2012 84 772 126
566 0 1 2015 15 125 22
567 1 9 2017 1 4 1
568 0 3 2022 379 3757 568
569 1 1 2026 1 9 1
570 0 1 2029 1 9 1
571 0 1 2032 17 143 25
572 0 1 2033 1131 11796 1696
573 0 2 2036 1 9 1
574 1 6 2039 1 9 1
575 0 2 2043 1 11 1
576 0 2 2046 1 9 1
577 1 3 2049 1 10 1
578 0 4 2053 2352 25347 3528
579 1 1 2057 66 599 99
580 1 4 2059 311 3053 466
581 1 2 2063 29135 348669 43702
582 1 3 2066 1 9 1
583 0 2 2070 1 10 1
584 0 4 2073 1 9 1
585 1 9 2077 1 4 1
586 1 3 2082 30 261 45
587 0 2 2086 1 8 1
588 0 2 2089 29 251 43
589 0 1 2092 31 270 46
590 1 4 2095 1 9 1
591 1 2 2099 57 513 85
592 1 4 2102 100 928 150
593 0 6 2106 30 261 45
594 1 1 2110 1 9 1
595 0 3 2112 3182 34747 4773
596 1 3 2116 3 25 4
597 0 4 2120 2 17 3
598 1 2 2124 19 161 28
599 1 3 2127 46 410 69
600 0 2 2131 1 10 1
601 0 21 2134 245 1027 367
602 0 2 2139 59 532 88
603 1 3 2142 1 8 1
604 0 8 2146 988 4600 1482
605 0 15 2151 41534 244824 62301
606 1 2 2156 1 10 1
607 0 2 2159 1 10 1
608 0 12 2162 1 6 1
609 1 30 2167 2 7 3
610 1 2 2173 3 25 4
611 1 2 2176 902 9311 1353
612 0 1 2179 7 56 10
613 1 1 2182 1 11 1
614 0 10 2184 1 4 1
615 1 2 2189 6 48 9
616 0 2 2192 5 40 7
617 1 2 2195 2 17 3
618 1 2 2198 791 8116 1186
619 0 5 2201 1 9 1
620 1 6 2205 37 326 55
621 0 9 2209 1 6 1
622 1 10 2214 53 195 79
623 0 1 2219 1 10 1
624 1 2 2221 1 12 1
625 1 1 2224 9 73 13
626 1 2 2226 1 13 1
627 1 1 2229 1 8 1
628 0 7 2231 10 31 15
629 1 4 2235 41 363 61
630 1 5 2239 1 8 1
631 0 3 2243 14 116 21
632 1 6 2247 3 25 4
633 1 1 2251 52 466 78
634 1 1 2252 130 1222 195
635 0 2 2254 1768 18814 2652
636 0 1 2257 1 10 1
637 0 2 2259 1 10 1
638 1 1 2262 54 485 81
639 1 18 2264 2 7 3
640 0 6 2269 3099 33801 4648
641 0 22 2273 238 995 357
642 0 2 2278 1 10 1
643 0 1 2281 30 261 45
644 1 2 2283 8 64 12
645 0 2 2286 3 25 4
646 1 4 2289 1 9 1
647 1 3 2293 1480 15625 2220
648 0 13 2297 1 5 1
649 0 2 2302 1 9 1
650 0 1 2305 20 170 30
651 1 2 2307 1 9 1
652 0 2 2310 155 1470 232
653 1 1 2313 37767 456607 56650
654 1 2 2315 1 12 1
655 1 1 2318 14 116 21
656 0 3 2321 9 73 13
657 0 3 2325 60207 741190 90310
658 0 36 2329 3945 20178 5917
659 1 2 2335 1 10 1
660 0 5 2338 140 1321 210
661 1 1 2342 1 9 1
662 1 3 2344 2 17 3
663 0 6 2348 3288 16619 4932
664 0 17 2352 2 7 3
665 0 7 2357 1 4 1
666 0 4 2362 1041 10817 1561
667 1 4 2366 32984 396667 49476
668 1 4 2370 77 705 115
669 0 40 2374 1 3 1
670 1 10 2380 1 4 1
671 1 1 2385 1 9 1
672 0 10 2387 1 3 1
673 1 8 2392 27 93 40
674 1 12 2397 6051 31808 9076
675 0 1 2402 172498 2209457 258747
676 1 1 2405 13093 151734 19639
677 0 2 2407 1 12 1
678 1 1 2410 2 17 3
679 0 4 2412 11 90 16
680 0 7 2416 1 4 1
681 1 2 2420 168 1600 252
682 1 4 2423 1 9 1
683 0 3 2427 158 1500 237
684 1 4 2431 2 17 3
685 1 2 2435 682 6950 1023
686 1 1 2438 13 108 19
687 1 1 2440 11 90 16
688 1 4 2442 208 2002 312
689 1 6 2446 54 485 81
690 1 2 2450 68 618 102
691 1 2 2453 34 298 51
692 1 1 2456 1 11 1
693 0 2 2458 1 9 1
694 1 1 2461 44 391 66
695 1 1 2463 1 11 1
696 0 2 2465 1 12 1
697 0 1 2468 1 9 1
698 1 6 2471 2 17 3
699 0 3 2475 57 513 85
700 0 4 2479 1017 10556 1525
701 1 13 2483 1 3 1
702 1 3 2488 70 637 105
703 1 1 2491 254 2469 381
704 1 2 2493 1 9 1
705 1 2 2496 31682 380406 47523
706 1 2 2499 41 363 61
707 1 3 2502 397 3944 595
708 1 11 2506 366 1583 549
709 1 6 2511 6 48 9
710 0 1 2515 1 9 1
711 0 9 2517 6 18 9
712 0 1 2522 1 9 1
713 0 21 2525 2592 12897 3888
714 0 2 2530 3 25 4
715 1 3 2533 9 73 13
716 1 2 2537 5957 66816 8935
717 1 2 2540 5 40 7
718 0 2 2543 2693 29194 4039
719 1 13 2546 1 4 1
720 1 1 2551 1 9 1
721 0 2 2553 32152 386272 48228
722 0 3 2556 11 90 16
723 1 6 2560 4 32 6
724 1 1 2564 1 11 1
725 0 5 2566 2710 29387 4065
726 1 3 2570 234 2266 351
727 1 12 2574 138 552 207
728 1 5 2579 27 233 40
729 0 4 2583 1 11 1
730 0 9 2587 1 4 1
731 1 4 2592 113 1055 169
732 0 1 2596 2 17 3
733 0 2 2598 66 599 99
734 0 2 2601 1 9 1
735 1 6 2604 1 6 1
736 1 24 2608 8 24 12
737 0 8 2613 28 97 42
738 0 2 2618 2 17 3
739 1 6 2621 2 17 3
740 1 5 2625 1 10 1
741 1 7 2629 7 21 10
742 1 4 2634 3 25 4
743 1 9 2638 2 7 3
744 1 2 2643 5 40 7
745 0 1 2646 314 3084 471
746 1 2 2648 40 353 60
747 0 8 2651 1 3 1
748 0 2 2656 164 1560 246
749 1 5 2659 1 8 1
750 1 8 2663 9 27 13
751 0 1 2668 222437 2875857 333655
752 0 11 2670 21 70 31
753 1 2 2675 5 41 7
754 0 2 2678 3196 34906 4794
755 1 4 2681 1 9 1
756 1 3 2685 1 9 1
757 1 4 2689 1 10 1
758 0 4 2693 11 90 16
759 0 6 2697 1 8 1
760 1 1 2701 215 2073 322
761 0 2 2704 16755 196128 25132
762 1 2 2707 1 9 1
763 0 2 2710 1255 13151 1882
764 0 4 2713 1 9 1
765 1 6 2717 20 170 30
766 1 4 2721 2 17 3
767 0 6 2725 19 161 28
768 1 1 2729 1 9 1
769 0 8 2732 1 4 1
770 0 1 2737 1 8 1
771 0 1 2740 1 9 1
772 1 7 2743 1 4 1
773 0 1 2747 3 25 4
774 0 1 2750 99555 1249274 149332
775 0 2 2752 31 270 46
776 0 4 2755 2 17 3
777 1 2 2759 54 485 81
778 0 6 2762 17 143 25
779 0 9 2766 25 85 37
780 0 2 2771 138003 1753060 207004
781 1 1 2774 53 475 79
782 0 5 2776 42 372 63
783 1 2 2780 1070 11132 1605
784 1 1 2783 12659 146503 18988
785 0 6 2786 1 15 1
786 0 9 2790 1 4 1
787 1 1 2795 1 10 1
788 1 2 2797 3 25 4
789 1 2 2800 2 17 3
790 1 13 2803 1 5 1
791 0 5 2808 1 9 1
792 1 7 2812 3 9 4
793 0 1 2817 1 11 1
794 0 4 2819 152 1441 228
795 0 4 2823 5 40 7
796 0 4 2827 1 8 1
797 0 3 2831 5 40 7
798 0 3 2835 13 107 19
799 1 1 2839 1 8 1
800 0 3 2842 1 9 1
801 0 5 2846 1 9 1
802 1 12 2850 1 3 1
803 0 1 2855 59847 736588 89770
804 0 12 2858 1 3 1
805 0 3 2863 3 25 4
806 1 4 2867 1 8 1
807 1 18 2871 17731 99518 26596
808 0 7 2876 154 622 231
809 1 19 2881 36 127 54
810 1 1 2886 600 6078 900
811 0 4 2889 1 8 1
812 1 3 2893 2 17 3
813 0 3 2897 1032 10719 1548
814 1 2 2901 4 33 6
815 0 7 2904 1 4 1
816 1 9 2908 1 6 1
817 1 1 2913 4 33 6
818 0 4 2915 68 618 102
819 0 3 2919 1 8 1
820 1 1 2923 1 12 1
821 1 27 2926 1 3 1
822 0 3 2932 1005 10426 1507
823 0 3 2936 20 170 30
824 0 6 2940 1 4 1
825 1 66 2944 1 4 1
826 0 2 2950 9 73 13
827 0 1 2953 1158 12091 1737
828 0 13 2955 1 5 1
829 0 2 2960 28659 342748 42988
830 1 4 2963 1 9 1
831 1 1 2967 41 363 61
832 1 2 2969 1 9 1
833 1 2 2972 85051 1060935 127576
834 1 4 2975 167 1590 250
835 1 4 2979 1 11 1
836 1 1 2983 95 879 142
837 1 6 2986 1 9 1
838 1 1 2990 8 64 12
839 1 1 2992 12 98 18
840 1 9 2995 1 5 1
841 0 8 3000 953 4426 1429
842 0 2 3005 321 3156 481
843 1 2 3008 8039 91308 12058
844 1 6 3011 1 10 1
845 1 2 3015 30 261 45
846 0 2 3018 30 261 45
847 1 29 3021 501 2220 751
848 1 4 3027 10 81 15
849 0 2 3031 1 8 1
850 0 7 3034 13 41 19
851 1 10 3038 1 4 1
852 1 14 3043 1 4 1
853 1 2 3048 1 8 1
854 0 5 3051 1960 20953 2940
855 1 3 3055 17 143 25
856 1 2 3059 1 9 1
857 0 11 3062 2 7 3
858 1 2 3067 231 2235 346
859 1 2 3070 1 11 1
860 0 4 3073 2 17 3
861 0 3 3077 505 5074 757
862 1 1 3081 69 628 103
863 0 4 3083 12 99 18
864 1 3 3087 1 12 1
865 1 2 3091 5 40 7
866 0 2 3094 2 17 3
867 1 4 3097 6 48 9
868 1 2 3101 1 9 1
869 1 6 3104 233 2256 349
870 1 3 3108 1 8 1
871 0 1 3112 1476 15581 2214
872 1 4 3115 1 11 1
873 0 7 3119 2228 10974 3342
874 0 2 3123 1 11 1
875 0 2 3126 1 9 1
876 1 1 3129 1 10 1
877 1 6 3132 1 11 1
878 1 6 3136 1 10 1
879 1 4 3140 3 25 4
880 1 9 3144 2393 11844 3589
881 0 2 3149 8 64 12
882 1 52 3152 37930 222440 56895
883 1 3 3158 2771 30077 4156
884 0 3 3162 1 10 1
885 1 2 3166 3 25 4
886 0 2 3169 223 2154 334
887 0 3 3172 11 90 16
888 0 18 3176 561 2507 841
889 1 2 3181 1 11 1
890 1 6 3184 1 9 1
891 0 2 3188 453 4528 679
892 0 6 3191 555 5602 832
893 1 2 3195 74139 920002 111208
894 1 4 3198 197 1891 295
895 0 1 3202 1 12 1
896 1 2 3205 2 17 3
897 0 1 3208 32 279 48
898 1 1 3210 1 10 1
899 1 1 3212 13 107 19
900 0 2 3215 221 2134 331
901 1 1 3218 2 17 3
902 1 1 3219 5 41 7
903 0 2 3222 346 3415 519
904 1 8 3225 3 9 4
905 1 11 3230 70 264 105
906 1 1 3235 15 125 22
907 1 2 3237 54 485 81
908 0 4 3240 129 1212 193
909 1 3 3244 1577 16696 2365
910 0 1 3248 1 9 1
911 1 9 3250 27 93 40
912 0 13 3255 1243 5882 1864
913 0 1 3260 197 1891 295
914 1 2 3263 1 11 1
915 1 5 3266 1 10 1
916 1 4 3270 1 10 1
917 0 3 3274 2324 25032 3486
918 1 6 3278 11 90 16
919 0 1 3282 3 25 4
920 1 26 3285 3 9 4
921 1 1 3290 1 9 1
922 0 1 3292 1 9 1
923 1 4 3295 90 830 135
924 0 5 3299 4 32 6
925 1 20 3303 8 24 12
926 1 2 3308 5 40 7
927 0 1 3311 7 56 10
928 0 3 3314 719 7345 1078
929 1 2 3318 2 17 3
930 0 2 3321 42 372 63
931 1 1 3324 26 224 39
932 1 1 3327 47 419 70
933 0 3 3329 13 108 19
934 1 10 3333 1 4 1
935 1 3 3338 1 10 1
936 0 1 3342 40 353 60
937 1 9 3344 1 4 1
938 1 4 3349 96022130 1517050911 144033195
939 0 2 3353 2 17 3
940 0 14 3356 4 12 6
941 1 6 3361 2 17 3
942 1 23 3365 1 3 1
943 0 2 3370 1 9 1
944 1 7 3373 8 24 12
945 1 10 3378 2 6 3
946 0 14 3383 35 124 52
947 0 11 3388 95 368 142
948 1 2 3393 678172 9125591 1017258
949 0 3 3396 703 7174 1054
950 1 1 3400 6193 69577 9289
951 0 5 3402 2 17 3
952 0 2 3406 43 381 64
953 1 4 3409 7 56 10
954 0 3 3413 17 143 25
955 0 2 3417 1 11 1
956 0 1 3420 6 48 9
957 0 9 3423 1 4 1
958 1 4 3428 1 8 1
959 0 2 3432 4 33 6
960 1 1 3435 10 81 15
961 0 2 3438 50 447 75
962 0 3 3441 13059 151324 19588
963 0 5 3445 3 25 4
964 1 5 3449 169 1610 253
965 0 2 3453 1 9 1
966 1 6 3456 1 9 1
967 0 1 3460 15 125 22
968 0 3 3463 6 48 9
969 0 4 3467 201 1932 301
970 0 3 3471 4 33 6
971 1 1 3475 1 10 1
972 0 11 3476 105 410 157
973 0 6 3481 23 197 34
974 0 6 3485 60 542 90
975 1 9 3489 1 5 1
976 1 9 3494 31 108 46
977 1 3 3499 1 10 1
978 1 5 3503 66 599 99
979 1 11 3507 28 97 42
980 1 3 3512 2044 21891 3066
981 0 1 3516 1 11 1
982 1 2 3518 341 3363 511
983 1 8 3521 4 12 6
984 1 1 3526 170 1620 255
985 0 5 3529 1 11 1
986 0 3 3533 24 206 36
987 1 2 3537 1 11 1
988 1 1 3540 2 17 3
989 1 4 3542 176 1680 264
990 0 2 3546 1 10 1
991 0 4 3549 1 10 1
992 0 5 3553 14 116 21
993 1 5 3557 88 811 132
994 0 6 3561 6 48 9
995 1 1 3565 379595 5003696 569392
996 1 2 3567 2 17 3
997 1 17 3570 4 12 6
998 1 2 3575 275 2684 412
999 0 2 3578 1510 15956 2265
1000 1 4 3581 1 8 1
1001 0 2 3585 1 9 1
1002 0 9 3588 1 4 1
1003 1 2 3593 2 17 3
1004 1 9 3596 37 131 55
1005 1 1 3601 7 56 10
1006 0 5 3604 7 56 10
1007 0 6 3608 50264 299458 75396
