0 0 6 5 1 4 1
1 0 35 23 109 427 163
2 0 17 46 1 4 1
3 1 1 67 603 6109 904
4 0 6 74 478 4790 717
5 1 2 91 2 17 3
6 1 4 104 10 81 15
7 1 2 120 2025 21679 3037
8 0 1 132 2 17 3
9 0 4 142 4 33 6
10 1 3 158 4024 44388 6036
11 1 1 172 1 10 1
12 0 12 183 163 661 244
13 1 5 203 24 206 36
14 1 2 220 1 9 1
15 0 4 233 5 40 7
16 1 1 249 1 11 1
17 0 2 258 1 10 1
18 0 10 271 24 82 36
19 0 3 290 3 25 4
20 1 4 305 6 48 9
21 0 4 321 28 242 42
22 1 1 337 2 17 3
23 0 6 347 2 17 3
24 0 1 365 1905 20339 2857
25 0 9 373 1895 9232 2842
26 0 3 392 109618 1380544 164427
27 0 1 407 1 9 1
28 1 1 413 2101 22529 3151
29 1 2 416 1 9 1
30 0 7 430 8 24 12
31 0 7 448 5 15 7
32 1 2 466 1 8 1
33 1 2 479 1 11 1
34 1 2 492 1 9 1
35 0 3 505 8 64 12
36 0 2 520 163 1550 244
37 0 4 532 178 1700 267
38 0 2 548 3182 34747 4773
39 1 14 560 70 264 105
40 0 3 580 2704 29318 4056
41 1 5 595 36 316 54
42 0 16 612 11329 61906 16993
43 1 3 633 2 17 3
44 1 2 647 1130 11785 1695
45 1 1 659 10 81 15
46 0 2 671 3 25 4
47 1 2 683 236 2286 354
48 1 1 696 4070 44917 6105
49 0 2 707 981 10166 1471
50 0 2 721 7 56 10
51 0 3 733 26 224 39
52 0 1 748 1 9 1
53 0 3 758 2 17 3
54 1 4 772 1 9 1
55 0 1 788 1 10 1
56 1 1 797 166 1580 249
57 1 9 806 19 63 28
58 1 2 825 984 10198 1476
59 1 2 838 1305 13700 1957
60 0 1 851 994 10306 1491
61 0 1 858 1 9 1
62 0 3 868 766 7848 1149
63 1 1 883 63 570 94
64 1 9 889 1 3 1
65 0 4 908 6 48 9
66 1 4 924 9 72 13
67 0 5 939 47 419 70
68 1 1 956 1 9 1
69 0 2 965 1 9 1
70 0 2 978 68995 853822 103492
71 0 2 991 1 8 1
72 1 1 1004 2 17 3
73 0 4 1015 528 5316 792
74 0 1 1031 1 11 1
75 0 2 1042 9 73 13
76 1 19 1055 21 70 31
77 0 3 1076 1506 15912 2259
78 0 2 1091 1 9 1
79 1 1 1105 1188 12418 1782
80 0 5 1112 1 10 1
81 0 7 1128 1 4 1
82 0 2 1146 14 116 21
83 1 3 1159 1 9 1
84 0 4 1174 9 73 13
85 1 1 1189 41 362 61
86 1 13 1199 37 132 55
87 0 1 1219 2 17 3
88 1 5 1230 1 10 1
89 0 3 1247 27 233 40
90 1 2 1261 13099 151807 19648
91 0 1 1275 162 1540 243
92 1 1 1286 1 10 1
93 1 1 1297 119 1114 178
94 1 4 1301 233 2256 349
95 0 1 1317 619 6279 928
96 1 5 1328 5 40 7
97 1 4 1345 2 17 3
98 1 2 1361 1 9 1
99 1 12 1374 1485 7115 2227
100 1 2 1394 2 17 3
101 1 1 1408 674 6864 1011
102 0 1 1415 2 17 3
103 0 6 1425 7 21 10
104 1 16 1443 22 74 33
105 0 1 1464 103 957 154
106 1 6 1472 5835 65391 8752
107 0 2 1489 2 17 3
108 0 2 1503 69 628 103
109 1 2 1516 1 9 1
110 1 6 1530 1 11 1
111 1 2 1547 21 179 31
112 1 2 1560 59 532 88
113 0 2 1572 1 9 1
114 0 4 1584 1 9 1
115 1 19 1600 1 3 1
116 1 4 1621 1 11 1
117 1 2 1637 1 9 1
118 1 4 1649 74 676 111
119 1 1 1665 1 9 1
120 1 28 1676 1 5 1
121 1 3 1698 8 64 12
122 1 2 1712 1 9 1
123 1 1 1725 326 3208 489
124 0 2 1734 24 206 36
125 1 3 1746 73 666 109
126 1 1 1761 222 2144 333
127 1 6 1772 312 1333 468
128 0 5 1790 5 40 7
129 1 3 1806 1 11 1
130 0 1 1820 1562 16531 2343
131 1 7 1831 2 7 3
132 0 24 1849 1787 8672 2680
133 1 1 1871 5 40 7
134 0 1 1882 6 48 9
135 0 7 1890 1 4 1
136 1 7 1908 7 21 10
137 1 4 1926 15 125 22
138 1 4 1942 7 56 10
139 0 3 1958 6 48 9
140 1 2 1973 2 17 3
141 0 7 1986 1 5 1
142 1 6 2004 12 99 18
143 1 3 2021 1 8 1
144 1 4 2035 1 9 1
145 1 1 2051 676 6886 1014
146 0 2 2062 258 2510 387
147 0 1 2074 2 17 3
148 1 4 2083 2 17 3
149 1 1 2099 1 11 1
150 1 18 2104 1 4 1
151 0 11 2125 1 4 1
152 0 2 2144 1795 19114 2692
153 0 2 2156 1 9 1
154 0 3 2168 12 98 18
155 1 5 2183 1 9 1
156 1 1 2199 266 2592 399
157 0 3 2210 3 25 4
158 1 1 2225 3 25 4
159 1 3 2236 1 10 1
160 0 1 2251 12968 150227 19452
161 1 1 2261 1 11 1
162 0 3 2270 1 8 1
163 0 8 2285 11 34 16
164 1 3 2303 8 64 12
165 1 1 2317 1 11 1
166 0 17 2322 1 6 1
167 1 1 2343 4 32 6
168 0 1 2354 2 17 3
169 0 13 2365 1 4 1
170 1 4 2385 1 9 1
171 1 23 2401 2190 10775 3285
172 0 3 2423 2445 26394 3667
173 0 5 2438 1 11 1
174 1 2 2455 1 9 1
175 1 15 2468 32 112 48
176 0 4 2488 1 11 1
177 0 2 2504 206343 2660450 309514
178 1 1 2516 2 17 3
179 0 4 2526 5 41 7
180 1 3 2542 1 13 1
181 1 4 2557 1 10 1
182 1 5 2573 2333 25133 3499
183 1 5 2590 4 33 6
184 1 2 2607 24 206 36
185 1 4 2619 9 73 13
186 1 2 2635 135761 1723528 203641
187 0 15 2648 10 31 15
188 0 1 2668 8 64 12
189 0 4 2677 3 25 4
190 1 3 2693 215 2073 322
191 1 8 2708 212 878 318
192 0 2 2726 278 2714 417
193 1 3 2740 4 33 6
194 0 16 2755 7 21 10
195 1 2 2776 1 8 1
196 1 27 2789 1 6 1
197 0 1 2811 240 2327 360
198 0 3 2822 22 188 33
199 1 5 2836 9 72 13
200 1 4 2853 63 570 94
201 1 3 2869 1 12 1
202 1 4 2883 2408 25977 3612
203 0 8 2899 11 34 16
204 1 4 2917 1382 14546 2073
205 1 2 2933 3863 42537 5794
206 0 2 2945 3 25 4
207 0 1 2957 1 11 1
208 0 2 2962 16 134 24
209 0 4 2976 16 134 24
210 1 9 2991 3047 15325 4570
211 0 2 3010 947 9798 1420
212 0 3 3022 127 1193 190
213 1 2 3037 7 56 10
214 1 16 3051 1 5 1
215 1 4 3072 1 10 1
216 1 1 3088 69 628 103
217 0 1 3095 5 40 7
218 1 1 3105 1 10 1
219 0 2 3112 1 9 1
220 0 1 3124 1 9 1
221 1 1 3135 1 11 1
222 1 1 3144 339 3342 508
223 0 1 3154 1 9 1
224 1 3 3161 12 99 18
225 1 3 3176 62 561 93
226 1 1 3191 1 9 1
227 0 3 3202 5 41 7
228 0 45 3217 3 9 4
229 1 1 3240 1 9 1
230 0 1 3248 1981 21187 2971
231 0 2 3255 6234 70057 9351
232 0 2 3268 27 233 40
233 0 3 3281 74 675 111
234 1 10 3295 1 4 1
235 1 1 3314 1 9 1
236 0 2 3324 561 5665 841
237 1 26 3338 7 21 10
238 1 2 3360 1 9 1
239 0 2 3372 23253 275796 34879
240 0 1 3384 2 17 3
241 0 3 3393 93 859 139
242 0 3 3408 1 10 1
243 0 20 3423 1 5 1
244 1 3 3444 1 10 1
245 1 3 3459 2 17 3
246 1 1 3473 1 9 1
247 1 2 3479 1 9 1
248 1 1 3493 5858 65659 8787
249 0 2 3501 1 9 1
250 0 3 3513 2 17 3
251 1 4 3527 19833 233740 29749
252 1 1 3542 69 628 103
253 1 3 3553 2 17 3
254 0 12 3567 250 1050 375
255 0 6 3587 60 223 90
256 0 2 3605 10 81 15
257 0 2 3618 5 40 7
