0 0 53 5 11 34 16
1 0 9 24 1 4 1
2 0 2 41 3 25 4
3 0 12 56 237 991 355
4 1 4 74 1 10 1
5 0 1 90 10 81 15
6 0 8 102 7 21 10
7 0 3 119 74 676 111
8 0 3 134 1 9 1
9 1 1 149 62 561 93
10 1 7 160 4 13 6
11 0 2 177 101 937 151
12 0 4 191 134 1262 201
13 1 1 207 20 170 30
14 1 1 219 1 11 1
15 1 2 231 3 25 4
16 0 5 245 60 542 90
17 1 3 261 7667 86911 11500
18 1 2 276 3 25 4
19 0 2 291 1 11 1
20 0 5 305 7 56 10
21 1 17 321 510 2263 765
22 1 1 339 1 9 1
23 0 1 350 36 316 54
24 0 1 363 1 9 1
25 0 12 376 24 82 36
26 1 5 394 14742 171672 22113
27 1 15 410 1 3 1
28 1 3 428 3 25 4
29 1 5 443 2 17 3
30 1 3 459 2672 28957 4008
31 0 1 474 42 372 63
32 0 8 486 1 3 1
33 1 2 503 22 188 33
34 0 9 517 1 5 1
35 0 2 534 45 400 67
36 1 2 548 1 10 1
37 1 3 562 1 10 1
38 1 5 577 13 107 19
39 1 11 593 1 3 1
40 0 155 611 565 2526 847
41 0 7 631 1 3 1
42 0 1 648 332 3270 498
43 0 2 661 2 17 3
44 1 10 676 1 4 1
45 1 2 693 13 108 19
46 1 13 707 194 798 291
47 0 1 725 32537 391081 48805
48 1 22 730 5879 30848 8818
49 0 1 748 1 10 1
50 0 5 759 6 48 9
51 1 2 775 1078 11219 1617
52 0 4 790 209 2012 313
53 0 4 806 1 10 1
54 0 2 822 8 64 12
55 1 13 837 18 59 27
56 0 1 855 11562 133311 17343
57 0 4 868 40 353 60
58 0 1 884 240 2326 360
59 0 4 896 14 116 21
60 1 2 912 1637 17360 2455
61 1 1 926 364 3601 546
62 1 11 937 1 3 1
63 1 1 954 68 618 102
64 0 7 967 1 4 1
65 0 3 984 83 762 124
66 1 2 999 420 4183 630
67 1 2 1014 1 8 1
68 0 2 1028 4 32 6
69 0 4 1042 19 161 28
70 1 3 1058 1 10 1
71 0 1 1073 36 316 54
72 1 2 1086 1 9 1
73 0 5 1100 1 10 1
74 0 3 1116 1 10 1
75 0 1 1131 827 8503 1240
76 0 2 1140 1 10 1
77 1 2 1154 1 10 1
78 0 1 1169 2 17 3
79 1 2 1181 1 10 1
80 0 2 1196 2 17 3
81 0 2 1210 70 637 105
82 0 7 1224 1 5 1
83 0 2 1241 5462 61040 8193
84 1 7 1255 1 4 1
85 1 2 1272 2 17 3
86 1 1 1286 1 9 1
87 0 4 1299 6909 77979 10363
88 0 5 1315 4 33 6
89 0 1 1331 30 261 45
90 1 7 1342 1 4 1
91 0 2 1359 4 32 6
92 0 4 1374 792 8127 1188
93 1 6 1390 1 9 1
94 1 4 1407 1 10 1
95 0 2 1423 12 99 18
96 0 5 1437 6216 69846 9324
97 0 13 1453 20 66 30
98 1 5 1471 60 542 90
99 1 5 1487 4 32 6
100 0 3 1503 5 40 7
101 0 6 1518 1 9 1
102 1 1 1534 3 25 4
103 1 8 1545 29 100 43
104 0 6 1562 1 9 1
105 1 1 1578 7195 81345 10792
106 0 3 1591 1 10 1
107 1 2 1607 34 297 51
108 1 9 1622 1 4 1
109 0 4 1639 191 1831 286
110 0 3 1655 1 9 1
111 1 2 1671 87 801 130
112 1 20 1685 23 78 34
113 1 1 1703 24 206 36
114 0 4 1714 1 11 1
115 0 1 1730 23 197 34
116 1 1 1741 1 9 1
117 0 11 1753 90 347 135
118 0 9 1770 1 4 1
119 0 3 1787 1 9 1
120 1 1 1802 2494 26946 3741
121 0 4 1815 1696 18015 2544
122 1 8 1831 16 52 24
123 0 3 1848 5530 61832 8295
124 0 2 1863 32 279 48
125 0 3 1877 1 10 1
126 1 1 1892 2 17 3
127 1 4 1903 747 7645 1120
128 0 3 1919 166 1580 249
129 0 12 1934 127 504 190
130 1 6 1952 2751554 20039676 4127331
131 0 1 1969 348 3435 522
132 1 4 1981 1 11 1
133 1 2 1997 1 10 1
134 1 8 2011 42 151 63
135 1 2 2028 1 11 1
136 1 6 2042 3 25 4
137 1 2 2058 5 41 7
138 0 16 2072 6487 34249 9730
139 1 1 2090 5 41 7
140 0 1 2103 4514 50038 6771
141 1 9 2116 7 21 10
142 1 11 2133 3 10 4
143 1 1 2150 19 160 28
144 1 7 2162 260 1095 390
145 0 2 2179 1 9 1
146 0 1 2193 1 9 1
147 1 1 2206 224527 2903872 336790
148 1 5 2219 1651 17515 2476
149 0 3 2235 11139 128238 16708
150 1 6 2250 1 4 1
151 0 2 2267 6 48 9
152 1 1 2281 2 17 3
153 0 4 2290 19 161 28
154 1 6 2306 80 733 120
155 1 5 2323 67 609 100
156 1 2 2339 605 6131 907
157 1 2 2353 1 10 1
158 1 3 2367 1 11 1
159 0 2 2382 1890 20172 2835
160 1 2 2395 267 2602 400
161 0 7 2410 14 45 21
162 1 4 2427 1 9 1
163 1 1 2443 23 197 34
164 0 1 2456 149 1411 223
165 1 2 2469 1 11 1
166 1 3 2483 68989 853746 103483
167 1 3 2498 3 25 4
168 0 4 2513 1 9 1
169 0 4 2529 1 11 1
170 1 11 2545 1 4 1
171 1 1 2562 6 48 9
172 1 2 2575 1 10 1
173 0 5 2590 3 25 4
174 0 13 2606 1 4 1
175 0 5 2624 7 56 10
176 0 1 2640 8 64 12
177 1 1 2653 13 107 19
178 1 2 2663 1 9 1
179 1 3 2677 1 9 1
180 0 1 2692 1 10 1
181 0 3 2705 22 188 33
182 1 1 2720 2734 29658 4101
183 1 1 2733 3 25 4
184 0 8 2743 46 167 69
185 1 1 2760 1 10 1
186 0 1 2773 1 11 1
187 1 5 2786 1 9 1
188 0 3 2802 1 10 1
189 1 2 2817 103 957 154
190 1 2 2832 4568 50663 6852
191 0 2 2847 40 353 60
192 0 11 2861 1 4 1
193 1 3 2879 1312 13776 1968
194 0 14 2894 9 27 13
195 0 8 2912 115 453 172
196 0 1 2929 4 33 6
197 0 1 2937 5 40 7
198 0 9 2949 7 21 10
199 0 1 2966 1 10 1
200 0 1 2979 3 25 4
201 0 1 2992 63 570 94
202 0 2 3005 3705 40724 5557
203 1 5 3019 11 90 16
204 1 1 3035 7 56 10
205 1 2 3046 1802 19192 2703
206 0 4 3060 39 344 58
207 1 2 3076 432 4308 648
208 0 1 3091 6 48 9
209 0 2 3103 5508 61575 8262
210 1 10 3118 8 24 12
211 0 2 3135 78 714 117
212 0 9 3149 1 4 1
213 1 12 3166 3109 15657 4663
214 1 2 3184 4 33 6
215 1 4 3199 1 9 1
216 0 2 3215 1699 18048 2548
217 0 3 3229 2 17 3
218 0 1 3244 2 17 3
219 1 5 3250 10 81 15
220 0 3 3266 1 9 1
221 0 5 3281 17 143 25
222 1 12 3297 1 4 1
223 1 3 3315 1 9 1
224 0 6 3330 87222 535562 130833
225 1 3 3347 1 9 1
226 1 1 3362 38 335 57
227 1 1 3374 8315 94576 12472
228 0 8 3387 1 3 1
229 1 3 3404 1 11 1
230 1 2 3419 1296 13601 1944
231 0 1 3434 20 170 30
232 1 5 3443 6346 71369 9519
233 1 5 3459 5 41 7
234 0 6 3475 243 2357 364
235 0 2 3492 725 7409 1087
236 0 1 3507 93 860 139
237 0 3 3520 219 2114 328
238 0 2 3535 1 9 1
239 0 6 3550 1 10 1
240 1 4 3567 1 9 1
241 0 3 3583 1 10 1
242 0 6 3598 147 1390 220
243 0 2 3614 1 9 1
