0 0 6 5 1 9 1
1 0 6 22 1 9 1
2 0 4 39 4 33 6
3 0 14 55 1 3 1
4 0 1 75 76 695 114
5 0 4 83 4 33 6
6 0 4 99 1 11 1
7 1 2 115 1301 13656 1951
8 1 3 129 8 64 12
9 0 23 143 2 7 3
10 0 1 165 101 938 151
11 0 2 173 12 98 18
12 0 2 187 53 476 79
13 1 1 200 478 4790 717
14 1 10 211 5 15 7
15 0 1 230 989 10252 1483
16 1 3 240 4 33 6
17 0 1 255 2 17 3
18 0 14 265 12 38 18
19 1 6 285 1 10 1
20 1 4 302 3 25 4
21 0 14 318 47 171 70
22 1 3 338 10 81 15
23 0 9 352 3 10 4
24 1 12 371 14 45 21
25 1 18 391 30 104 45
26 1 5 412 9 72 13
27 1 1 429 2 17 3
28 0 2 438 1 10 1
29 0 19 451 81 309 121
30 1 8 472 1 4 1
31 1 1 490 1 11 1
32 0 2 499 1 13 1
33 1 1 511 2 17 3
34 1 1 519 362 3580 543
35 1 34 528 1 3 1
36 0 2 551 60 542 90
37 0 24 565 407 1775 610
38 0 5 587 18 152 27
39 1 2 604 609 6173 913
40 0 3 617 93 859 139
41 0 4 632 242 2347 363
42 0 1 647 5 40 7
43 0 1 657 37 325 55
44 1 1 666 1 10 1
45 0 13 677 1 5 1
46 0 34 697 17 56 25
47 1 2 720 1 9 1
48 0 4 733 2 17 3
49 1 3 748 15 125 22
50 0 1 763 214 2063 321
51 0 14 773 9 27 13
52 0 1 793 20 170 30
53 1 4 804 1 9 1
54 1 2 820 197 1891 295
55 0 1 833 2 17 3
56 1 2 844 635 6449 952
57 1 1 858 1 9 1
58 0 2 868 120 1124 180
59 0 1 880 6 48 9
60 0 18 891 1 4 1
61 0 9 912 652 2946 978
62 1 4 931 3 25 4
63 0 1 946 47 419 70
64 1 4 953 8 64 12
65 0 4 969 80 733 120
66 1 2 985 1 9 1
67 1 9 999 8 24 12
68 1 4 1018 1 9 1
69 0 47 1034 23 78 34
70 0 11 1057 1 5 1
71 0 2 1076 1 9 1
72 1 1 1088 28 242 42
73 0 3 1097 271 2643 406
74 0 9 1111 1 3 1
75 0 1 1130 1 10 1
76 0 6 1138 1 8 1
77 0 45 1155 18010 101177 27015
78 1 1 1178 4 33 6
79 0 1 1185 1 10 1
80 0 1 1194 46 409 69
81 0 7 1201 5 15 7
82 0 1 1219 1 9 1
83 1 6 1227 2 17 3
84 1 2 1245 97 898 145
85 1 11 1257 1 3 1
86 1 1 1276 1 10 1
87 0 4 1286 77 705 115
88 1 2 1302 1 9 1
89 1 4 1314 3526 38674 5289
90 0 1 1330 3 25 4
91 0 7 1336 140 561 210
92 0 1 1354 706 7206 1059
93 1 3 1362 1 10 1
94 1 5 1377 9 73 13
95 0 2 1393 1 11 1
96 0 4 1405 15 125 22
97 0 1 1421 3 25 4
98 0 3 1429 7 56 10
99 0 1 1443 25 215 37
100 1 1 1450 25 215 37
101 0 28 1459 1 3 1
102 0 15 1481 16 52 24
103 1 9 1501 3 9 4
104 1 18 1520 25 85 37
105 1 3 1541 4 33 6
106 0 10 1555 1 4 1
107 0 2 1574 107 996 160
108 1 5 1587 2 17 3
109 1 4 1604 1 10 1
110 1 2 1620 27454 327779 41181
111 1 1 1633 30 261 45
112 1 4 1643 260 2530 390
113 0 6 1659 2 17 3
114 1 3 1676 4 32 6
115 0 2 1691 3 25 4
116 1 3 1703 5 40 7
117 0 8 1718 132 526 198
118 1 1 1737 1 9 1
119 1 4 1744 1 11 1
120 0 9 1759 267 1127 400
121 1 7 1778 2 6 3
122 0 6 1796 276 2694 414
123 0 1 1813 1 9 1
124 0 8 1821 5 15 7
125 0 6 1839 1 9 1
126 1 42 1856 8 24 12
127 0 2 1879 110 1025 165
128 0 1 1892 1 10 1
129 0 6 1903 1 9 1
130 0 6 1920 1 6 1
131 0 2 1938 1 10 1
132 1 4 1951 1 9 1
133 1 2 1967 1 9 1
134 0 4 1979 17 143 25
135 1 1 1995 1 9 1
136 0 2 2004 4 33 6
137 0 4 2016 1667 17693 2500
138 0 7 2032 50 183 75
139 0 13 2050 109 427 163
140 0 3 2070 1 9 1
141 1 5 2084 281 2745 421
142 1 15 2101 28 97 42
143 0 1 2121 1 10 1
144 1 1 2132 3360 36777 5040
145 1 16 2143 70 264 105
146 1 1 2164 21 179 31
147 1 10 2175 10 31 15
148 0 3 2194 301 2950 451
149 1 1 2208 2 17 3
150 1 2 2214 377 3736 565
151 0 10 2226 1 4 1
152 0 1 2245 1 9 1
153 0 8 2255 1 3 1
154 0 1 2273 153 1451 229
155 0 1 2284 1473 15547 2209
156 1 8 2292 2 7 3
157 1 1 2310 1 11 1
158 1 5 2319 2 17 3
159 0 1 2336 64 580 96
160 1 1 2341 1 10 1
161 0 8 2352 1 3 1
162 0 1 2370 308 3022 462
163 1 5 2378 48 428 72
164 1 5 2395 1 9 1
165 1 2 2412 1 10 1
166 0 1 2425 4 33 6
167 0 12 2436 2 7 3
168 1 9 2456 51 187 76
169 0 7 2475 1 4 1
170 0 1 2493 1544 16332 2316
171 0 18 2501 11 34 16
172 1 3 2522 1 10 1
173 1 7 2537 897 4148 1345
174 0 1 2555 1585 16785 2377
175 1 1 2563 1 9 1
176 1 1 2572 2 17 3
177 0 1 2583 2 17 3
178 0 2 2592 4 33 6
179 0 3 2605 119 1114 178
180 1 1 2619 3 25 4
181 1 4 2629 647 6577 970
182 0 1 2645 723 7387 1084
183 0 1 2655 239 2317 358
184 1 1 2664 2486 26856 3729
185 0 1 2676 1 8 1
186 0 5 2680 2 17 3
187 1 13 2697 195 803 292
188 0 3 2717 33 289 49
189 0 1 2732 3 25 4
190 1 3 2740 16 134 24
191 1 4 2755 56 504 84
192 0 1 2771 168 1600 252
193 0 4 2781 1 9 1
194 1 1 2797 6 48 9
195 0 5 2808 84 772 126
196 1 3 2825 1 9 1
197 1 11 2840 160 648 240
198 1 3 2859 60 542 90
199 0 1 2873 10 81 15
200 1 6 2881 28 242 42
201 1 4 2898 913178 12416387 1369767
202 0 16 2914 3 9 4
203 1 8 2935 12 38 18
204 0 3 2954 1 9 1
205 0 3 2969 583 5897 874
206 0 5 2984 182 1741 273
207 0 6 3001 1 10 1
208 0 4 3018 116 1084 174
209 0 24 3034 38 135 57
210 1 1 3056 3 25 4
211 0 1 3067 1 12 1
212 0 1 3076 1 9 1
213 0 1 3085 1 9 1
214 1 2 3095 1 9 1
215 1 9 3108 1 3 1
216 0 3 3127 5 40 7
217 1 1 3142 1 9 1
218 0 2 3153 33 289 49
219 0 1 3165 2 17 3
220 1 5 3175 11 90 16
221 0 2 3192 6 48 9
222 1 2 3204 8 64 12
223 0 7 3218 20 67 30
224 0 1 3236 1 9 1
225 1 1 3245 2 17 3
226 0 2 3254 2907 31619 4360
227 1 2 3266 310 3043 465
228 0 1 3279 22 188 33
229 0 2 3286 5101 56840 7651
230 1 1 3299 1 11 1
231 0 4 3309 1 10 1
232 0 2 3325 10 81 15
233 0 5 3338 1288 13513 1932
234 0 1 3355 342 3373 513
235 1 1 3365 129 1212 193
236 1 5 3376 1 10 1
237 1 1 3393 27 233 40
238 0 7 3397 2 7 3
239 1 6 3415 15 125 22
240 0 2 3432 83 763 124
241 0 2 3445 11 90 16
242 0 3 3457 18 152 27
243 1 4 3472 316 3105 474
244 0 5 3488 1 11 1
245 1 1 3505 284 2776 426
246 1 7 3514 1 4 1
247 0 4 3532 224 2164 336
248 0 1 3548 1 10 1
249 1 2 3558 1 10 1
250 0 4 3571 1 9 1
251 0 5 3587 219 2114 328
252 0 4 3604 2 17 3
253 0 13 3620 103 402 154
