0 0 19 5 1562 7510 2343
1 0 7 23 55 203 82
2 0 1 40 4 33 6
3 1 2 53 502 5042 753
4 1 3 67 24 206 36
5 0 1 82 1 9 1
6 1 2 94 2 17 3
7 1 10 108 1 5 1
8 0 3 125 17 143 25
9 1 4 140 684 6971 1026
10 1 2 156 1017 10556 1525
11 1 1 171 1 11 1
12 1 2 184 1 13 1
13 0 4 199 1 12 1
14 0 3 215 1 9 1
15 0 3 230 1 10 1
16 0 4 245 4 33 6
17 0 6 261 12 98 18
18 0 8 277 14 45 21
19 0 1 294 760 7784 1140
20 1 10 305 14 45 21
21 1 35 322 1 4 1
22 1 9 341 3 9 4
23 1 1 358 63 570 94
24 1 2 371 6 48 9
25 1 1 386 16 134 24
26 0 1 399 1 9 1
27 0 1 412 564 5697 846
28 0 1 419 14 116 21
29 0 1 431 3 25 4
30 0 2 444 274 2674 411
31 1 11 459 1 4 1
32 0 4 477 3 25 4
33 0 1 493 191 1831 286
34 0 3 504 2 17 3
35 0 1 519 1 9 1
36 0 4 528 16 134 24
37 1 1 544 1 12 1
38 1 6 557 1 10 1
39 0 37 574 7 21 10
40 0 1 593 12 99 18
41 0 9 606 1 5 1
42 0 1 623 14 116 21
43 0 7 635 2161 10622 3241
44 0 2 652 1 10 1
45 1 5 666 23 197 34
46 1 4 682 1 10 1
47 0 1 698 1 10 1
48 1 35 710 26 89 39
49 1 1 729 6957 78543 10435
50 1 4 742 3 25 4
51 0 8 758 613 2757 919
52 1 3 775 1 10 1
53 0 4 790 267 2602 400
54 1 1 806 1 11 1
55 0 21 816 1 4 1
56 1 6 834 118 1104 177
57 1 3 851 1 9 1
58 1 3 866 9 73 13
59 1 4 881 1765 18781 2647
60 1 3 897 63 570 94
61 0 1 912 463 4633 694
62 0 8 925 5803 30424 8704
63 1 2 942 2 17 3
64 0 4 957 1 10 1
65 1 4 973 273 2663 409
66 1 29 989 4 12 6
67 0 5 1008 55 494 82
68 0 2 1024 110 1025 165
69 0 2 1039 3 25 4
70 1 3 1053 701 7153 1051
71 0 1 1068 500 5021 750
72 0 5 1081 3 25 4
73 0 2 1097 1 9 1
74 1 4 1111 7368 83383 11052
75 1 4 1127 1 9 1
76 0 1 1143 156 1480 234
77 0 6 1156 1 9 1
78 0 3 1172 1 11 1
79 1 1 1187 1 9 1
80 1 17 1200 6 18 9
81 1 1 1218 4 33 6
82 0 2 1227 1 10 1
83 0 1 1241 1 9 1
84 1 2 1254 1 9 1
85 1 3 1268 1 8 1
86 0 5 1283 1409 14843 2113
87 0 2 1299 5 40 7
88 1 4 1313 5 41 7
89 1 1 1329 1 9 1
90 0 1 1340 1 9 1
91 0 4 1352 69508 860415 104262
92 0 2 1368 1 10 1
93 1 2 1382 1 9 1
94 1 4 1396 734 7505 1101
95 1 9 1412 7 21 10
96 0 2 1429 466 4665 699
97 1 4 1443 6 48 9
98 1 1 1459 4 33 6
99 1 33 1472 1 4 1
100 0 1 1491 39 344 58
101 0 5 1504 73 666 109
102 0 4 1520 4 33 6
103 0 3 1536 17 143 25
104 1 4 1551 12 99 18
105 0 21 1567 1 3 1
106 0 5 1585 12 98 18
107 0 4 1601 2 17 3
108 1 8 1617 2 6 3
109 0 5 1634 80 734 120
110 0 1 1650 15 125 22
111 0 18 1661 1 5 1
112 0 1 1679 1 10 1
113 0 3 1692 1 9 1
114 0 3 1707 1 13 1
115 0 13 1722 1 3 1
116 1 3 1740 1127 11752 1690
117 0 2 1755 77 705 115
118 0 6 1769 190 1821 285
119 0 4 1785 2 17 3
120 1 1 1801 624 6333 936
121 1 3 1814 2 17 3
122 1 1 1829 2 17 3
123 0 3 1841 1 9 1
124 0 3 1856 2 17 3
125 0 9 1871 2288 11290 3432
126 1 20 1888 1 3 1
127 1 1 1906 1 10 1
128 0 2 1919 238 2306 357
129 1 1 1932 163 1550 244
130 0 24 1945 1 4 1
131 1 4 1963 1 9 1
132 0 7 1979 1 3 1
133 1 1 1996 7 56 10
134 0 2 2008 1 9 1
135 0 14 2022 71 268 106
136 1 12 2040 4 12 6
137 1 1 2058 3 25 4
138 1 2 2070 26 224 39
139 0 15 2084 1 5 1
140 0 5 2102 110 1025 165
141 1 1 2118 4 33 6
142 1 3 2130 2 17 3
143 0 5 2145 2 17 3
144 0 5 2161 2 17 3
145 1 4 2177 21 179 31
146 1 3 2193 33 288 49
147 1 3 2208 19 161 28
148 0 1 2223 327 3218 490
149 1 2 2236 2 17 3
150 0 1 2250 33 288 49
151 0 4 2262 38 334 57
152 1 10 2278 1 3 1
153 0 1 2295 2 17 3
154 0 12 2302 1 4 1
155 0 10 2320 1 3 1
156 1 1 2337 1 11 1
157 1 4 2350 3032 33039 4548
158 1 4 2366 1 9 1
159 1 9 2382 324 1388 486
160 0 1 2399 242 2347 363
161 1 8 2411 1 4 1
162 1 3 2428 50 447 75
163 0 1 2443 73 666 109
164 1 1 2456 2377 25628 3565
165 1 7 2467 11 34 16
166 1 4 2484 83 762 124
167 0 6 2500 3 25 4
168 1 1 2517 5 41 7
169 0 2 2530 15 125 22
170 0 7 2544 3 10 4
171 0 4 2561 1 10 1
172 0 18 2577 127 504 190
173 1 3 2595 1 11 1
174 1 7 2610 1 7 1
175 1 2 2627 29 251 43
176 0 6 2640 576 5823 864
177 1 11 2656 1 3 1
178 1 3 2673 213 2053 319
179 1 5 2688 212 2043 318
180 1 2 2704 5 40 7
181 0 1 2719 1 11 1
182 0 1 2727 7 56 10
183 0 4 2739 15 125 22
184 1 8 2755 2092 10261 3138
185 0 6 2772 1 4 1
186 1 8 2789 3 9 4
187 1 1 2806 1 9 1
188 0 1 2819 2 17 3
189 0 2 2831 1 9 1
190 0 1 2845 1 12 1
191 0 4 2857 90 830 135
192 1 1 2873 14 116 21
193 1 1 2886 49 437 73
194 0 10 2899 1 3 1
195 0 1 2916 209 2013 313
196 1 9 2928 1 3 1
197 1 5 2945 1 10 1
198 0 6 2961 1 9 1
199 0 4 2977 12521 144841 18781
200 1 5 2993 33622 404644 50433
201 1 1 3009 1 9 1
202 0 4 3018 1 9 1
203 0 2 3034 142 1341 213
204 0 5 3048 34 298 51
205 1 2 3064 1 9 1
206 0 2 3078 1 10 1
207 1 5 3092 63 570 94
208 0 12 3108 22 74 33
209 1 14 3126 2 7 3
210 0 1 3144 80 733 120
211 1 1 3157 2480 26788 3720
212 0 1 3170 1 10 1
213 1 3 3183 45 400 67
214 0 12 3198 10 31 15
215 0 1 3216 2055 22014 3082
216 0 1 3229 376 3725 564
217 1 4 3241 3 25 4
218 0 5 3257 18 152 27
219 1 1 3273 165 1570 247
220 1 3 3284 2215 23807 3322
221 0 8 3300 114 449 171
222 0 12 3317 4300 22117 6450
223 0 1 3335 168008 2149850 252012
224 1 2 3347 1 10 1
225 1 4 3362 276 2694 414
226 0 3 3378 15 125 22
227 0 3 3393 1 9 1
228 0 1 3408 2171 23314 3256
229 1 4 3421 2 17 3
230 0 2 3437 29 252 43
231 0 2 3451 110 1025 165
232 0 5 3465 1 9 1
233 0 14 3481 2 7 3
234 1 3 3499 6 48 9
235 1 5 3514 2 17 3
236 0 16 3530 2 6 3
237 0 9 3548 1305 6197 1957
238 0 3 3565 1 11 1
239 1 1 3580 36457 440160 54685
240 1 2 3589 217 2093 325
241 0 4 3603 9 72 13
242 1 4 3619 1 9 1
