0 1 1 5 8 64 12
1 0 11 7 9 27 13
2 0 1 12 241 2337 361
3 1 12 15 4 12 6
4 1 2 20 41 363 61
5 1 1 23 1 9 1
6 0 1 25 544 5485 816
7 0 3 27 8 24 12
8 1 2 31 1 10 1
9 0 8 34 29 101 43
10 1 1 39 1 10 1
11 1 3 41 1 8 1
12 1 8 45 71 268 106
13 0 2 50 4 33 6
14 0 7 53 50 183 75
15 1 4 57 16 52 24
16 1 1 61 6 48 9
17 0 4 63 2129 10454 3193
18 0 1 67 27 233 40
19 0 1 70 2 17 3
20 1 1 72 1 9 1
21 0 2 74 57 513 85
22 1 3 77 24 82 36
23 1 1 81 41522 503866 62283
24 0 1 84 1206 12615 1809
25 1 8 87 5 15 7
26 1 7 92 10305 55987 15457
27 1 1 96 2 17 3
28 0 3 99 1 9 1
29 0 2 103 1 11 1
30 0 1 106 1 11 1
31 0 3 109 10 31 15
32 1 4 113 39982 235172 59973
33 1 1 117 24 206 36
34 0 2 118 2571 27815 3856
35 0 3 121 81 309 121
36 1 3 125 15980 89140 23970
37 1 4 129 7 21 10
38 1 6 133 555 2478 832
39 1 3 137 1 10 1
40 1 1 141 1 10 1
41 1 1 144 2 17 3
42 1 5 146 56 207 84
43 1 24 150 57967 348087 86950
44 0 2 155 21 179 31
45 0 3 158 60 542 90
46 1 2 162 1 11 1
47 1 2 165 80 733 120
48 1 2 168 81 743 121
49 1 3 171 1 10 1
50 0 2 175 519 5222 778
51 0 4 178 66 247 99
52 0 6 182 1 3 1
53 1 3 186 132 526 198
54 1 13 190 606 2723 909
55 1 1 195 2427 26191 3640
56 1 3 198 1 10 1
57 0 2 202 70 637 105
58 1 2 205 3 25 4
59 1 1 208 3 25 4
60 1 4 210 1 4 1
61 1 2 214 7 56 10
62 0 2 217 558 5633 837
63 1 6 220 537 2391 805
64 0 7 224 1 3 1
65 0 1 228 2 17 3
66 1 1 229 25 215 37
67 1 2 232 1 9 1
68 1 6 235 1 3 1
69 0 1 239 1 10 1
70 0 2 242 155 1470 232
71 0 2 245 8 64 12
72 0 7 248 10 31 15
73 1 2 252 1 11 1
74 0 9 255 1 3 1
75 0 7 260 2 7 3
76 0 7 264 1092 5121 1638
77 1 3 269 16 134 24
78 1 2 273 2 17 3
79 1 2 276 10 81 15
80 1 8 279 51 187 76
81 1 6 284 15715 87575 23572
82 1 2 288 1 9 1
83 0 10 291 20 67 30
84 0 47 296 7 21 10
85 1 2 302 630402 8461010 945603
86 0 4 305 523 2325 784
87 0 7 309 68 256 102
88 1 1 313 11 90 16
89 1 3 315 1 12 1
90 1 3 319 1 10 1
91 1 5 323 1 4 1
92 1 7 327 44 159 66
93 0 6 332 134 535 201
94 1 1 336 1 10 1
95 1 13 337 1 3 1
96 1 1 342 1 13 1
97 1 2 345 2 17 3
98 1 1 348 2 17 3
99 1 12 350 1 5 1
100 1 20 355 784 3590 1176
101 1 2 360 1 10 1
102 0 2 363 1 10 1
103 0 2 366 76 695 114
104 0 1 369 1 9 1
105 0 5 371 1 4 1
106 0 9 375 2 6 3
107 0 2 380 343 3383 514
108 0 3 383 6 48 9
109 0 2 387 54 485 81
110 1 1 390 1 9 1
111 0 2 393 15 125 22
112 1 3 396 1 9 1
113 1 4 400 1 4 1
114 1 6 404 1038 4850 1557
115 1 4 408 1 4 1
116 1 7 412 1 4 1
117 1 22 416 2 7 3
118 1 1 421 1 9 1
119 1 1 423 16 134 24
120 0 2 425 42 372 63
121 1 1 428 5 40 7
122 1 6 431 269 1136 403
123 1 4 435 1 4 1
124 1 3 439 199 820 298
125 1 3 443 29 100 43
126 0 3 447 1 5 1
127 1 5 451 1 4 1
128 0 2 455 3 25 4
129 0 4 458 53971 322816 80956
130 1 9 462 170 692 255
131 1 1 467 12 99 18
132 1 6 469 103 402 154
133 1 2 473 557 5622 835
134 1 5 476 1897 9243 2845
135 1 6 480 5329 27788 7993
136 0 4 484 1 4 1
137 1 1 488 1 9 1
138 1 14 490 283 1200 424
139 0 1 495 1 9 1
140 1 3 497 2447 12129 3670
141 1 1 501 1 12 1
142 1 5 503 2 7 3
143 0 1 507 13 107 19
144 0 11 509 1 5 1
145 1 2 514 4 33 6
146 1 4 517 20 66 30
147 0 6 521 15 48 22
148 0 2 525 1 9 1
149 1 4 528 10 31 15
150 0 6 532 267 1127 400
151 1 3 536 1 4 1
152 0 12 540 24 82 36
153 1 2 545 1 9 1
154 1 1 548 400 3975 600
155 1 3 550 16 52 24
156 1 2 554 1 10 1
157 0 5 557 442 1940 663
158 1 1 561 8 64 12
159 1 2 563 1 9 1
160 0 4 566 1 5 1
161 1 4 570 38 135 57
162 0 3 574 2 7 3
163 0 2 578 3536990 50357565 5305485
164 1 1 581 6400 72002 9600
165 0 2 583 6 48 9
166 0 16 586 2 7 3
167 0 1 591 51 457 76
168 0 2 593 1892 20195 2838
169 1 1 596 21 179 31
170 1 2 599 2 17 3
171 1 2 602 1 8 1
172 0 7 605 40 143 60
173 1 5 610 31 108 46
174 0 1 614 1 9 1
175 0 5 617 1 5 1
176 1 3 621 2 17 3
177 0 3 624 20 67 30
178 1 5 628 1 4 1
179 1 20 632 2 7 3
180 1 6 637 1 5 1
181 0 1 641 1354 14238 2031
182 0 18 643 377 1635 565
183 1 5 648 35926 210042 53889
184 0 14 652 1 4 1
185 1 2 657 2 17 3
186 0 6 660 4 12 6
187 0 3 664 1 4 1
188 1 1 668 5 40 7
189 1 1 670 1 11 1
190 0 13 673 2 6 3
191 1 2 678 3690 40552 5535
192 1 1 681 14 116 21
193 1 8 683 54 199 81
194 1 1 688 1 11 1
195 0 1 691 1 9 1
196 1 2 694 252 2449 378
197 1 5 697 1185 5589 1777
198 0 2 701 3 25 4
199 1 10 704 1 3 1
200 0 1 709 1 9 1
201 0 2 711 1 9 1
202 1 5 714 336 1444 504
203 1 2 718 1 9 1
204 1 3 721 7018 79261 10527
205 0 16 725 212 878 318
206 1 4 730 1 4 1
207 0 3 734 8 64 12
208 1 3 738 1 4 1
209 1 3 742 1 10 1
210 0 2 746 5 41 7
211 0 3 749 2 6 3
212 0 6 753 1 3 1
213 0 1 757 1 11 1
214 1 1 760 142659 1814444 213988
215 0 2 763 1 9 1
216 1 6 766 4 13 6
217 1 9 770 3 10 4
218 1 1 775 2 17 3
219 0 1 778 793 8138 1189
220 1 3 781 1 3 1
221 0 5 785 331 1421 496
222 1 10 789 4 12 6
223 1 2 794 1 11 1
224 1 1 797 11 90 16
225 1 1 799 968 10025 1452
226 0 22 801 1 5 1
227 0 1 806 1 10 1
228 0 8 809 3767 19211 5650
229 1 5 814 60 223 90
230 0 1 818 966 10003 1449
231 0 8 820 1 3 1
232 0 4 825 176 718 264
233 1 2 829 19 161 28
234 0 2 832 24 206 36
235 1 2 835 1 9 1
236 1 9 838 381 1653 571
237 1 4 843 20398 115434 30597
238 1 3 847 73 276 109
239 1 11 851 1 4 1
240 1 4 856 102 398 153
241 0 1 860 86 791 129
242 1 1 861 882863 11990098 1324294
243 0 14 863 9 27 13
244 0 3 868 545 2430 817
245 0 5 872 3 10 4
246 0 3 876 47 171 70
247 1 1 880 44 391 66
248 0 2 883 50070 612029 75105
249 0 1 886 1 9 1
250 0 5 888 6 18 9
251 0 4 892 1 4 1
252 0 2 896 734 7505 1101
253 1 2 899 62 561 93
254 0 4 902 2 7 3
255 1 11 906 24 81 36
256 1 6 911 12 38 18
257 1 5 915 3 9 4
258 0 24 919 10 31 15
259 1 1 924 3 25 4
260 0 1 926 268 2612 402
261 0 4 929 1207 5700 1810
262 1 2 933 5 41 7
263 0 2 936 143 1351 214
264 0 7 939 32 112 48
265 0 3 943 9 72 13
266 1 4 947 3 9 4
267 0 4 951 124747 780754 187120
268 0 4 955 32 112 48
269 1 16 959 4 12 6
270 0 3 964 1 6 1
271 1 5 968 9621 52052 14431
272 0 2 972 4172 46092 6258
273 1 3 975 1795 8713 2692
274 1 6 979 1 4 1
275 0 10 983 37 131 55
276 0 1 988 1713 18203 2569
277 1 1 990 6 48 9
278 1 4 991 1 3 1
279 1 1 995 5 40 7
280 0 1 998 1120 11676 1680
281 1 2 1000 30 261 45
282 1 4 1003 58 215 87
283 1 1 1007 1 10 1
284 0 3 1010 1 5 1
285 1 6 1014 8 24 12
286 1 3 1018 185 1770 277
287 1 1 1022 3409 37336 5113
288 0 4 1025 12772 70297 19158
289 1 4 1029 5 15 7
290 1 1 1033 73 666 109
291 1 1 1036 14 116 21
292 0 2 1038 6 48 9
293 0 2 1041 5 40 7
294 0 1 1044 4 33 6
295 0 4 1047 1 4 1
296 1 1 1051 1292 13557 1938
297 0 2 1053 1 9 1
298 0 2 1056 1 8 1
299 0 9 1059 1 4 1
300 0 2 1064 1 9 1
301 1 2 1067 5 40 7
302 0 2 1070 1 10 1
303 0 7 1073 8 24 12
304 0 1 1077 16 134 24
305 0 1 1080 343 3384 514
306 1 2 1083 6 48 9
307 0 3 1086 4 33 6
308 1 1 1090 1 9 1
309 0 18 1092 3 9 4
310 0 1 1097 2 17 3
311 1 3 1099 50 183 75
312 1 1 1103 4 32 6
313 1 1 1106 52 466 78
314 0 2 1109 1 8 1
315 0 3 1112 3 10 4
316 1 3 1116 1 4 1
317 0 12 1120 1 4 1
318 1 1 1125 1 8 1
319 0 1 1127 44 391 66
320 0 1 1130 87 801 130
321 0 2 1133 3 25 4
322 0 9 1136 1 5 1
323 0 1 1141 81 743 121
324 0 2 1144 1 9 1
325 0 12 1147 11 34 16
326 1 2 1152 8 64 12
327 1 17 1155 1 3 1
328 1 2 1160 44 391 66
329 0 2 1163 1 10 1
330 1 3 1166 24 81 36
331 0 1 1170 1 11 1
332 0 1 1172 14 116 21
333 0 9 1174 2 7 3
334 1 1 1179 3 25 4
335 0 2 1181 1 9 1
336 1 3 1184 1040 4860 1560
337 1 2 1188 1 10 1
338 1 1 1191 1 9 1
339 1 4 1193 3261 16474 4891
340 1 6 1197 13 41 19
341 0 1 1201 84 772 126
342 1 3 1202 372 1611 558
343 1 3 1206 109 1015 163
344 0 2 1210 32 279 48
345 0 2 1213 19 161 28
346 0 8 1216 2 6 3
347 0 2 1221 1 9 1
348 1 1 1224 1 9 1
349 1 3 1227 4 12 6
350 0 16 1231 1735 8402 2602
351 1 3 1236 1 3 1
352 1 1 1240 15 125 22
353 1 2 1243 5 40 7
354 0 2 1246 373 3694 559
355 1 5 1249 1 3 1
356 0 6 1253 113 444 169
357 1 3 1257 1 11 1
358 0 1 1261 201 1931 301
359 1 2 1263 1 8 1
360 0 2 1266 32 279 48
361 0 2 1269 1 11 1
362 1 35 1272 68 256 102
363 1 2 1278 3 25 4
364 0 2 1281 20352 240105 30528
365 1 3 1284 5 15 7
366 0 13 1288 2847 14255 4270
367 0 6 1293 32 112 48
368 0 1 1297 413 4110 619
369 1 2 1299 1109 11556 1663
370 1 5 1302 6977 37005 10465
371 0 17 1306 7 21 10
372 0 3 1311 10 31 15
373 1 8 1315 2 7 3
374 0 1 1320 3 25 4
375 1 4 1323 183 749 274
376 1 4 1327 1 3 1
377 0 6 1331 1 4 1
378 1 16 1335 12 38 18
379 0 3 1340 5815 30491 8722
380 0 8 1344 1 5 1
381 0 3 1349 29 252 43
382 1 2 1353 3 25 4
383 1 1 1356 43 381 64
384 1 3 1358 458 2015 687
385 0 34 1362 17 56 25
386 0 11 1368 233 973 349
387 0 4 1373 1 3 1
388 1 6 1377 13099 72207 19648
389 0 1 1381 1 10 1
390 1 4 1384 1 4 1
391 0 1 1388 1 9 1
392 1 10 1390 1 5 1
393 1 5 1395 1 4 1
394 0 6 1399 1423 6798 2134
395 1 5 1403 278 1177 417
396 1 7 1407 355 1532 532
397 1 1 1411 5 40 7
398 0 1 1414 3 25 4
399 0 4 1416 1 3 1
400 1 5 1420 1 3 1
401 0 2 1424 8 64 12
402 1 10 1427 477 2106 715
403 1 2 1432 1 9 1
404 0 3 1435 1 11 1
405 0 16 1439 762 3482 1143
406 1 2 1444 1 8 1
407 0 6 1447 10249 55664 15373
408 1 1 1451 57 513 85
409 0 12 1454 2 6 3
410 0 3 1459 1 9 1
411 0 5 1463 1 5 1
412 0 2 1467 5830 65332 8745
413 0 13 1470 4 13 6
414 1 4 1475 366 1583 549
415 0 12 1479 1 4 1
416 0 2 1484 273 2663 409
417 0 4 1487 1 4 1
418 1 4 1491 26 89 39
419 1 2 1495 2231 23987 3346
420 1 2 1498 17 143 25
421 0 1 1501 7 56 10
422 0 1 1503 111 1035 166
423 0 2 1506 525 5285 787
424 0 1 1509 58 523 87
425 0 1 1511 1874 19994 2811
426 1 5 1514 24711 141411 37066
427 0 10 1518 2 6 3
428 1 11 1523 58 215 87
429 0 3 1528 1 3 1
430 1 2 1532 21 179 31
431 1 4 1535 1 5 1
432 0 2 1539 112 1045 168
433 1 17 1542 1 4 1
434 0 11 1547 58 215 87
435 1 1 1552 1 10 1
436 1 1 1554 1077 11208 1615
437 1 4 1556 712 3238 1068
438 1 11 1560 4 12 6
439 1 1 1565 8 64 12
440 0 1 1567 1 9 1
441 0 4 1570 1 4 1
442 0 2 1574 30 261 45
443 0 4 1577 29 100 43
444 0 1 1581 120 1124 180
445 0 5 1584 10 31 15
446 1 3 1588 1 12 1
447 1 5 1592 1067 4995 1600
448 1 1 1596 83309 1038389 124963
449 1 4 1598 649 2931 973
450 1 1 1602 10 81 15
451 0 20 1604 3 9 4
452 0 2 1609 90 830 135
453 0 3 1612 5 15 7
454 1 2 1616 971 10057 1456
455 0 13 1619 106 415 159
456 0 1 1624 1 9 1
457 1 2 1627 22 188 33
458 0 2 1630 4 33 6
459 0 2 1633 1 9 1
460 1 2 1636 7885 89487 11827
461 1 3 1639 476 2101 714
462 0 2 1643 6 48 9
463 0 20 1646 1 4 1
464 0 4 1651 125 496 187
465 0 1 1655 1 9 1
466 1 4 1657 2 7 3
467 0 7 1661 35 124 52
468 1 3 1666 28 242 42
469 0 2 1670 209 2012 313
470 1 4 1673 40 143 60
471 0 3 1677 293 2868 439
472 0 4 1681 1 3 1
473 0 1 1685 12 99 18
474 0 1 1687 184 1760 276
475 1 2 1689 1 10 1
476 0 1 1692 1 10 1
477 0 5 1695 1 4 1
478 0 2 1699 2 17 3
479 1 3 1702 1 4 1
480 0 1 1706 1 9 1
481 0 1 1708 1 9 1
482 1 6 1710 7254 38567 10881
483 1 6 1714 1 3 1
484 1 1 1718 25 215 37
485 0 8 1720 1 4 1
486 0 19 1725 1111 5216 1666
487 0 1 1730 2 17 3
488 0 4 1733 1 3 1
489 1 3 1737 4 12 6
490 0 6 1741 1 5 1
491 1 13 1745 77 293 115
492 0 2 1750 1 10 1
493 1 2 1753 19 161 28
494 1 1 1756 22 188 33
495 1 3 1758 19050 107374 28575
496 1 1 1762 6 48 9
497 1 2 1764 232 2245 348
498 1 4 1767 29 101 43
499 0 10 1771 400 1742 600
500 0 17 1776 1 3 1
501 1 3 1781 44 391 66
502 0 25 1785 91 351 136
503 1 1 1790 1 9 1
504 1 1 1793 15 125 22
505 0 4 1796 5759 30179 8638
506 1 4 1800 5 15 7
507 1 2 1804 2 17 3
508 0 3 1807 1 4 1
509 1 2 1811 8458 96271 12687
510 0 1 1814 1 10 1
511 0 5 1816 1110 5211 1665
512 0 3 1820 5 15 7
513 0 4 1824 1 4 1
514 0 2 1828 7 56 10
515 0 3 1831 245 1027 367
516 0 1 1835 1346 14150 2019
517 1 143 1838 1 4 1
518 1 2 1845 4 32 6
519 0 5 1848 1109 5206 1663
520 1 1 1852 1 10 1
521 0 9 1854 3915 20015 5872
522 0 2 1859 36 316 54
523 1 5 1862 4 13 6
524 1 1 1866 3648 40071 5472
525 0 15 1869 1 4 1
526 1 2 1874 1 9 1
527 0 1 1877 3 25 4
528 0 1 1880 676 6886 1014
529 1 3 1881 1 4 1
530 1 2 1885 1 10 1
531 1 1 1888 1 10 1
532 0 2 1891 414 4121 621
533 0 1 1894 1 9 1
534 0 2 1897 356 3518 534
535 1 3 1900 5 15 7
536 0 1 1904 258 2510 387
537 0 7 1907 180 736 270
538 0 3 1911 2 17 3
539 0 4 1915 1 3 1
540 0 2 1919 9 73 13
541 1 6 1922 15 49 22
542 0 2 1926 1 8 1
543 0 6 1929 3414 17299 5121
544 1 2 1933 289 2827 433
545 1 2 1936 684 6971 1026
546 0 27 1939 1 4 1
547 1 2 1945 5 40 7
548 0 4 1948 1 4 1
549 1 6 1952 1 4 1
550 0 1 1956 1 8 1
551 0 1 1959 36 316 54
552 1 1 1962 302 2961 453
553 1 2 1964 112 1045 168
554 1 4 1967 7 21 10
555 1 2 1971 2 17 3
556 0 2 1974 61 551 91
557 0 2 1977 1 11 1
558 1 8 1980 153 617 229
559 0 1 1985 1 9 1
560 1 1 1987 20 170 30
561 1 1 1989 1 12 1
562 1 2 1992 1 9 1
563 1 15 1995 1 5 1
564 0 1 2000 1 10 1
565 1 3 2002 668 3023 1002
566 1 1 2006 1 11 1
567 1 2 2009 14706 171236 22059
568 0 9 2012 363 1569 544
569 0 2 2017 2 17 3
570 0 3 2020 62 231 93
571 0 11 2024 12 38 18
572 1 2 2029 110 1026 165
573 1 2 2032 1611 17072 2416
574 1 3 2035 14 45 21
575 0 9 2039 1 5 1
576 0 2 2044 54354 666506 81531
577 0 6 2047 1 5 1
578 0 7 2051 1 5 1
579 1 1 2056 1 10 1
580 1 4 2059 4 12 6
581 1 62 2063 46 167 69
582 1 2 2069 29 252 43
583 1 1 2072 8 64 12
584 1 2 2074 34 297 51
585 1 1 2077 529 5327 793
586 1 12 2080 8 24 12
587 1 2 2085 1 10 1
588 1 2 2088 129 1212 193
589 0 5 2091 2 7 3
590 0 4 2095 5 15 7
591 1 4 2099 1189 5609 1783
592 1 8 2103 25 85 37
593 1 8 2108 1 4 1
594 1 3 2113 3 9 4
595 1 7 2117 16 52 24
596 1 15 2121 1 3 1
597 1 5 2126 6 18 9
598 0 5 2130 119 470 178
599 1 6 2134 5 15 7
600 1 2 2138 440 4392 660
601 1 3 2141 1795 8713 2692
602 1 2 2145 1 9 1
603 0 8 2148 1 4 1
604 1 1 2153 1709 18159 2563
605 0 3 2156 1 5 1
606 0 13 2160 119 470 178
607 1 4 2165 40 143 60
608 1 5 2169 1 4 1
609 1 2 2173 2 17 3
610 1 6 2176 10 31 15
611 0 3 2180 6 48 9
612 1 3 2183 1 11 1
613 0 2 2187 13407 155524 20110
614 1 3 2190 118 466 177
615 0 1 2194 1 10 1
616 1 2 2196 6941 78355 10411
617 1 1 2199 6 48 9
618 0 8 2202 1 3 1
619 1 2 2207 5 40 7
620 1 1 2210 43 381 64
621 0 6 2213 50 183 75
622 0 3 2217 28 242 42
623 1 2 2221 40 353 60
624 1 4 2224 1 3 1
625 1 17 2228 1 4 1
626 1 1 2233 1 9 1
627 0 17 2235 639 2883 958
628 1 18 2240 16 52 24
629 1 14 2245 348 1500 522
630 0 3 2250 203 838 304
631 1 2 2254 1153704 15814384 1730556
632 0 4 2257 10 31 15
633 0 2 2261 48 428 72
634 0 3 2264 1 3 1
635 0 12 2268 1 3 1
636 1 3 2273 1 4 1
637 1 1 2277 12 98 18
638 1 2 2279 1 9 1
639 1 4 2282 1 3 1
640 1 3 2286 66 247 99
641 1 1 2290 30 261 45
642 1 4 2293 137 548 205
643 0 2 2297 16 134 24
644 0 1 2300 329 3239 493
645 0 5 2301 12 38 18
646 1 1 2305 1 11 1
647 1 5 2307 1 3 1
648 1 1 2311 98 908 147
649 1 1 2313 4852 53951 7278
650 0 8 2316 1 3 1
651 1 15 2321 627 2825 940
652 1 2 2326 204 1962 306
653 0 4 2329 1 3 1
654 0 14 2333 14 45 21
655 1 8 2338 54 199 81
656 1 10 2343 1 4 1
657 0 4 2348 30 104 45
658 1 2 2352 1 10 1
659 0 4 2355 2880149 21019797 4320223
660 0 4 2359 3 9 4
661 0 4 2363 1 4 1
662 1 1 2367 2 17 3
663 0 5 2370 1 4 1
664 1 1 2374 1 8 1
665 0 3 2376 1744 8449 2616
666 0 1 2380 1111 11578 1666
667 0 2 2383 8 64 12
668 1 5 2386 1 3 1
669 0 8 2390 2 6 3
670 1 2 2395 12514 144756 18771
671 1 1 2398 2 17 3
672 0 3 2400 1 4 1
673 0 2 2404 6673 75205 10009
674 1 2 2407 14 116 21
675 0 2 2410 11 90 16
676 1 1 2413 1 10 1
677 1 19 2415 2 6 3
678 0 10 2420 18525 104244 27787
679 1 3 2425 3 10 4
680 0 5 2429 12 38 18
681 0 4 2433 1 5 1
682 1 4 2437 35 123 52
683 0 1 2441 8 64 12
684 0 2 2443 1 12 1
685 1 1 2446 618 6269 927
686 1 8 2448 107 419 160
687 1 1 2453 92130 1152723 138195
688 1 1 2456 9 72 13
689 1 2 2459 1 9 1
690 1 3 2462 268 2612 402
691 1 22 2466 28 97 42
692 0 1 2471 54611 669779 81916
693 0 7 2473 18 59 27
694 1 2 2477 1 9 1
695 1 4 2480 4 12 6
696 1 1 2484 9 72 13
697 0 5 2487 1 3 1
698 0 3 2491 3 25 4
699 0 4 2495 2 6 3
700 0 4 2499 138 552 207
701 0 5 2503 1 3 1
702 0 4 2507 6 18 9
703 0 2 2511 3904 43008 5856
704 1 3 2514 21 70 31
705 0 2 2518 116 1084 174
706 1 1 2521 2 17 3
707 0 1 2523 1 9 1
708 1 37 2525 143 574 214
709 1 4 2531 1 4 1
710 0 1 2535 1 10 1
711 0 4 2537 1 4 1
712 0 1 2541 6 48 9
713 1 2 2543 1 10 1
714 1 2 2546 54 485 81
715 1 2 2549 139 1311 208
716 1 12 2552 506 2243 759
717 0 1 2557 160 1520 240
718 1 3 2560 76 695 114
719 0 6 2564 2383 11791 3574
720 1 2 2568 567 5728 850
721 0 3 2571 1 3 1
722 1 4 2575 1 3 1
723 0 4 2579 1 3 1
724 0 4 2583 1 3 1
725 0 1 2587 3 25 4
726 1 1 2589 9 73 13
727 1 2 2591 14 116 21
728 1 2 2594 286 2796 429
729 1 1 2597 144 1361 216
730 0 1 2600 1 9 1
731 0 2 2602 16 134 24
732 0 3 2605 1 10 1
733 0 7 2609 1 4 1
734 0 1 2613 1 11 1
735 1 5 2615 21720 123367 32580
736 1 1 2619 32 279 48
737 1 1 2622 81 743 121
738 1 3 2624 967 4495 1450
739 0 1 2628 7576 85837 11364
740 0 20 2631 1 4 1
741 1 8 2636 45 163 67
742 0 2 2641 1 8 1
743 0 6 2644 46024 272855 69036
744 0 8 2648 260 1095 390
745 0 1 2653 16 134 24
746 0 1 2656 3099 33801 4648
747 1 1 2658 8 64 12
748 1 2 2661 475 4759 712
749 1 89 2664 1 5 1
750 0 14 2670 11 34 16
751 0 3 2675 1245 5892 1867
752 0 1 2679 197 1891 295
753 1 3 2681 1 5 1
754 0 2 2685 79 724 118
755 1 2 2688 2466 26631 3699
756 0 1 2691 1 9 1
757 1 1 2692 20 170 30
758 0 6 2694 353 1523 529
759 0 5 2698 1 4 1
760 0 15 2702 28 97 42
761 0 6 2707 185 758 277
762 1 1 2711 7013 79202 10519
763 1 11 2713 12 38 18
764 1 2 2718 2 17 3
765 1 4 2721 2177 10706 3265
766 1 9 2725 1 5 1
767 1 1 2730 57 513 85
768 0 1 2732 3 25 4
769 0 2 2735 3 25 4
770 0 7 2738 1 3 1
771 1 4 2742 3 10 4
772 0 16 2746 2 6 3
773 0 1 2751 5 41 7
774 0 1 2753 1 9 1
775 1 5 2755 2 7 3
776 0 5 2759 1 3 1
777 1 1 2763 10 81 15
778 1 3 2765 21 70 31
779 0 2 2769 180 1720 270
780 0 2 2772 51 456 76
781 0 5 2775 35 124 52
782 1 2 2779 1 10 1
783 0 3 2782 1 4 1
784 0 15 2786 735 3350 1102
785 0 3 2791 680 3082 1020
786 0 1 2795 2435 26281 3652
787 0 1 2798 1 11 1
788 0 1 2801 46 410 69
789 1 1 2804 482 4832 723
790 0 4 2806 72 272 108
791 1 7 2810 927 4296 1390
792 0 1 2814 326 3208 489
793 1 4 2815 59 219 88
794 1 5 2819 134 535 201
795 1 2 2823 1 10 1
796 1 18 2826 33 116 49
797 0 7 2831 1 3 1
798 0 2 2836 1 10 1
799 1 1 2839 1 12 1
800 0 9 2841 2 7 3
801 1 1 2846 1 9 1
802 1 3 2848 35 307 52
803 0 2 2852 23 197 34
804 0 2 2855 18 152 27
805 0 1 2858 159 1510 238
806 1 6 2860 2 6 3
807 0 6 2864 2664 13280 3996
808 1 11 2868 769 3517 1153
809 1 2 2873 53 475 79
810 0 6 2876 44 159 66
811 0 6 2880 1766 8563 2649
812 1 1 2884 127 1193 190
813 1 2 2886 2 17 3
814 0 1 2889 943 9754 1414
815 1 26 2891 1 3 1
816 1 1 2896 174 1660 261
817 1 2 2898 1 10 1
818 0 1 2901 1 9 1
819 0 2 2903 1 11 1
820 1 5 2906 4019 20582 6028
821 1 3 2910 11625 63622 17437
822 0 2 2914 768 7869 1152
823 0 2 2917 56 504 84
824 1 16 2920 1 5 1
825 1 1 2925 1 9 1
826 0 1 2927 1 9 1
827 0 7 2929 4 13 6
828 0 4 2934 28 97 42
829 1 1 2938 4 33 6
830 0 1 2941 93 859 139
831 1 5 2944 1 3 1
832 1 2 2948 7 56 10
833 1 1 2951 7 56 10
834 0 2 2953 45 400 67
835 0 1 2956 1 8 1
836 0 7 2958 1 5 1
837 1 2 2963 1665 17671 2497
838 1 3 2966 1 6 1
839 0 3 2970 5 40 7
840 1 3 2974 1 4 1
841 1 7 2978 35 124 52
842 1 4 2982 3493 17726 5239
843 1 8 2986 650 2936 975
844 1 4 2991 4 12 6
845 1 1 2995 340 3352 510
846 1 1 2998 26 224 39
847 1 3 3001 56 504 84
848 1 10 3005 2 7 3
849 0 4 3010 18891 106425 28336
850 1 2 3014 2 17 3
851 1 3 3017 1 5 1
852 0 3 3021 5 15 7
853 0 2 3025 1 10 1
854 0 1 3028 28 242 42
855 0 2 3030 2 17 3
856 0 8 3033 6 18 9
857 0 3 3038 3 9 4
858 0 2 3042 1 11 1
859 1 3 3045 41 147 61
860 1 3 3049 95 879 142
861 1 5 3053 2 7 3
862 0 1 3057 1 10 1
863 1 3 3059 1 8 1
864 1 3 3062 4 12 6
865 0 3 3066 79 724 118
866 0 3 3070 1 11 1
867 0 2 3074 1 10 1
868 0 24 3077 115 453 172
869 1 1 3082 590 5972 885
870 1 3 3084 20 170 30
871 1 12 3088 1 5 1
872 1 1 3093 9 73 13
873 1 2 3095 1 9 1
874 0 1 3098 190 1821 285
875 0 5 3099 58 215 87
876 0 2 3103 1 11 1
877 1 3 3106 6 48 9
878 1 13 3110 3256 16447 4884
879 0 3 3115 5 15 7
880 1 3 3119 1 9 1
881 1 15 3123 1735 8402 2602
882 0 1 3128 4 33 6
883 0 1 3130 1853 19760 2779
884 1 6 3132 1 4 1
885 1 10 3136 1 4 1
886 0 1 3141 15 125 22
887 1 6 3144 22 74 33
888 1 3 3148 56 207 84
889 0 1 3152 89 820 133
890 0 2 3155 3 25 4
891 0 1 3158 1 9 1
892 1 5 3160 9 27 13
893 1 8 3164 1 5 1
894 0 2 3169 4193 46334 6289
895 1 6 3172 5 15 7
896 1 10 3176 7 21 10
897 1 1 3181 1 9 1
898 0 5 3182 8 24 12
899 0 4 3186 2 6 3
900 1 7 3190 1 3 1
901 1 13 3195 1 4 1
902 0 3 3200 1 6 1
903 1 7 3204 2 6 3
904 1 2 3209 1 10 1
905 1 1 3212 177 1690 265
906 0 1 3215 1 9 1
907 1 1 3217 158 1500 237
908 1 1 3219 147 1390 220
909 0 1 3222 3 25 4
910 0 1 3224 1 10 1
911 0 2 3227 401 3985 601
912 1 2 3230 1 8 1
913 1 2 3233 51 456 76
914 1 1 3236 16 134 24
915 1 4 3239 2 7 3
916 1 6 3243 82 314 123
917 0 6 3247 76 289 114
918 1 10 3251 241 1009 361
919 1 4 3256 4950 25691 7425
920 1 2 3260 69 628 103
921 1 1 3263 199 1911 298
922 0 1 3265 1 10 1
923 1 2 3268 3 25 4
924 1 11 3271 162 657 243
925 1 2 3276 70 637 105
926 0 4 3279 1 5 1
927 1 4 3283 65 244 97
928 0 3 3287 232 968 348
929 0 2 3291 1 10 1
930 1 2 3294 392 3892 588
931 1 1 3297 2 17 3
932 0 2 3299 2 17 3
933 0 2 3302 717 7323 1075
934 0 8 3305 229 955 343
935 1 2 3310 1 10 1
936 1 3 3313 1255 5943 1882
937 0 2 3317 10 81 15
938 1 1 3320 499 5011 748
939 0 2 3322 446 4455 669
940 0 14 3325 241 1009 361
941 1 1 3330 26 224 39
942 1 1 3331 3081 33596 4621
943 1 3 3334 5 40 7
944 0 2 3338 1 9 1
945 1 4 3341 1 5 1
946 1 3 3345 1611 17072 2416
947 0 1 3349 9 73 13
948 1 2 3352 286 2796 429
949 1 4 3355 1 5 1
950 1 2 3359 1 10 1
951 1 2 3362 1 10 1
952 1 11 3365 1 4 1
953 1 2 3370 40738 493985 61107
954 0 2 3373 1 9 1
955 0 5 3376 2116 10387 3174
956 1 2 3380 17 143 25
957 1 1 3383 1 11 1
958 0 2 3385 212 2043 318
959 0 3 3388 123 1153 184
960 1 7 3392 10 31 15
961 0 17 3397 6 18 9
962 1 3 3402 1 4 1
963 0 1 3406 6 48 9
964 0 1 3409 29 251 43
965 1 1 3411 1 10 1
966 0 4 3412 1 3 1
967 1 3 3416 5652 63255 8478
968 1 8 3419 1 3 1
969 1 7 3424 92 355 138
970 0 10 3428 3788 19324 5682
971 0 5 3433 92 355 138
972 0 16 3437 4 13 6
973 1 4 3442 1290 6120 1935
974 1 9 3446 61 227 91
975 1 5 3451 180 736 270
976 0 17 3455 2 6 3
977 0 2 3460 2 17 3
978 0 2 3463 1298 13623 1947
979 1 1 3466 3 25 4
980 0 1 3468 9 72 13
981 1 1 3471 10 81 15
982 0 4 3474 1 6 1
983 1 4 3478 67 252 100
984 1 2 3482 69 628 103
985 1 2 3485 3 25 4
986 1 2 3488 30 261 45
987 1 4 3491 5 15 7
988 1 2 3495 10646 122334 15969
989 0 1 3498 9 73 13
990 0 2 3501 1 9 1
991 1 1 3504 10 81 15
992 1 1 3507 1 10 1
993 1 2 3510 8 64 12
994 1 2 3513 1 9 1
995 0 5 3516 2 7 3
996 0 1 3520 1 10 1
997 0 8 3523 129 513 193
998 0 3 3528 78 297 117
999 1 3 3532 108 423 162
1000 0 5 3536 1 4 1
1001 0 8 3540 52 191 78
1002 1 1 3545 151 1431 226
1003 0 28 3548 1 3 1
1004 0 1 3554 1 11 1
1005 0 1 3556 2 17 3
1006 1 2 3559 31 270 46
1007 1 1 3562 38 335 57
1008 1 71 3564 1 4 1
1009 0 2 3570 12307 142265 18460
1010 0 39 3573 71 268 106
1011 1 3 3579 2 7 3
1012 0 1 3583 11 90 16
1013 0 37 3585 25560 146556 38340
1014 1 3 3591 1 4 1
1015 0 1 3595 825 8481 1237
1016 0 1 3598 3 25 4
1017 0 2 3601 61 551 91
1018 1 1 3604 2 17 3
1019 1 1 3606 3 25 4
