0 0 6 5 1 10 1
1 1 4 9 1 8 1
2 0 8 13 1 4 1
3 0 5 18 1 8 1
4 0 1 22 19 161 28
5 1 2 24 12 99 18
6 0 2 27 32 279 48
7 1 7 30 1 4 1
8 1 6 35 1 3 1
9 0 1 39 72 657 108
10 1 3 42 234 2266 351
11 1 4 46 1 12 1
12 1 2 50 16 134 24
13 0 1 53 120 1124 180
14 0 1 55 834 8578 1251
15 0 4 58 2 17 3
16 0 3 62 1 10 1
17 0 2 66 198249 2552338 297373
18 1 5 69 1 8 1
19 1 1 73 194 1861 291
20 1 4 76 1 9 1
21 1 6 80 1 10 1
22 0 3 84 11 90 16
23 1 1 88 3624 39796 5436
24 1 9 91 1 4 1
25 0 3 96 3 25 4
26 1 1 100 102 947 153
27 0 2 103 48 428 72
28 1 2 106 1208 12637 1812
29 0 2 109 26895 320844 40342
30 0 1 112 24 206 36
31 0 1 114 128 1202 192
32 0 2 117 9 72 13
33 1 1 120 106 986 159
34 1 3 122 1 11 1
35 0 1 126 2 17 3
36 0 5 128 1 9 1
37 0 3 132 1 10 1
38 1 5 136 170 1620 255
39 0 1 140 2 17 3
40 0 5 142 82 753 123
41 0 6 146 7 56 10
42 0 1 150 121 1134 181
43 1 5 153 409 4068 613
44 1 20 157 3140 15823 4710
45 0 5 162 5 40 7
46 1 1 166 577 5834 865
47 0 3 168 5836 65402 8754
48 0 1 172 1 9 1
49 0 7 174 1 3 1
50 0 2 179 4 33 6
51 1 1 182 1 10 1
52 1 1 185 1 10 1
53 1 3 188 131 1232 196
54 1 2 192 1852330 25805634 2778495
55 0 2 195 8 64 12
56 1 7 198 113 444 169
57 1 4 202 45 400 67
58 1 3 206 10 81 15
59 0 8 210 1 5 1
60 1 6 215 215 2073 322
61 1 2 219 1 9 1
62 1 2 222 1 10 1
63 0 3 225 15 125 22
64 1 1 229 1 9 1
65 1 2 232 116 1084 174
66 1 7 235 15739 87717 23608
67 1 34 239 28 97 42
68 1 3 245 7102 80250 10653
69 1 5 249 2 17 3
70 1 1 253 1 9 1
71 0 5 256 1 10 1
72 0 1 260 3992 44020 5988
73 0 1 263 4 33 6
74 0 8 265 1 4 1
75 0 2 270 1 12 1
76 0 6 273 5 40 7
77 1 2 277 31 270 46
78 1 2 280 1 9 1
79 0 3 283 9 73 13
80 0 2 287 1267 13283 1900
81 0 3 290 3665 40266 5497
82 0 4 294 438 4372 657
83 0 6 298 1 3 1
84 1 1 302 25389 302186 38083
85 0 3 305 205 1972 307
86 0 3 309 7 56 10
87 0 3 313 25 215 37
88 0 4 317 52 466 78
89 0 1 321 1 10 1
90 0 1 323 129 1212 193
91 1 1 326 1 9 1
92 1 15 328 14553 80729 21829
93 1 3 333 4 32 6
94 0 2 336 19 161 28
95 0 2 339 2059 22059 3088
96 1 1 342 547 5517 820
97 0 16 344 1 5 1
98 0 10 349 158 639 237
99 1 1 354 44 391 66
100 1 1 357 1 11 1
101 0 4 360 63 570 94
102 1 2 364 1 9 1
103 1 2 367 1 9 1
104 1 3 370 2 17 3
105 1 1 374 2 17 3
106 0 2 375 1002 10393 1503
107 1 7 378 2 6 3
108 1 1 382 1 10 1
109 1 6 385 2 17 3
110 1 2 389 34 298 51
111 1 3 392 620 6290 930
112 0 2 396 1 10 1
113 0 1 399 73 666 109
114 0 2 402 1 10 1
115 0 4 405 161 1530 241
116 0 1 409 3 25 4
117 1 2 412 48 428 72
118 0 5 415 14 116 21
119 0 2 419 64 580 96
120 0 1 422 387 3839 580
121 1 8 424 43 155 64
122 1 5 429 576 5824 864
123 1 5 433 1 9 1
124 1 6 437 59 532 88
125 0 8 441 122 483 183
126 1 1 446 239 2316 358
127 0 4 449 58 523 87
128 1 11 453 2 7 3
129 0 1 458 1 9 1
130 1 6 460 3 25 4
131 0 3 464 3045 33187 4567
132 0 5 468 5 40 7
133 0 22 472 1 4 1
134 0 2 477 1 8 1
135 0 1 480 3 25 4
136 1 6 483 3887 42813 5830
137 0 2 487 1 9 1
138 0 13 490 9 27 13
139 0 7 495 3677 18722 5515
140 1 5 499 39 344 58
141 1 2 503 24 206 36
142 0 4 506 96 889 144
143 1 1 510 791 8116 1186
144 1 2 512 44 391 66
145 1 1 515 1 9 1
146 1 1 517 5481 61261 8221
147 0 2 520 6050 67904 9075
148 0 2 523 9 73 13
149 0 5 526 9 72 13
150 1 2 530 1 9 1
151 0 1 533 1 9 1
152 0 1 536 4 33 6
153 0 2 539 1 8 1
154 1 4 542 46 410 69
155 0 8 546 7 21 10
156 1 3 551 23 197 34
157 1 1 555 510 5127 765
158 1 3 558 5 40 7
159 0 10 562 1 6 1
160 1 5 567 4 33 6
161 0 1 571 26240 312724 39360
162 0 11 573 13 41 19
163 1 5 578 3 25 4
164 0 2 582 2 17 3
165 1 4 585 1 8 1
166 0 3 589 8260 93925 12390
167 0 1 593 2 17 3
168 1 1 596 1 12 1
169 0 1 598 72 657 108
170 0 1 601 1 10 1
171 1 9 603 1 4 1
172 0 2 608 76 695 114
173 0 1 611 1 10 1
174 0 2 614 3 25 4
175 0 8 617 14 45 21
176 0 6 622 1 9 1
177 1 14 626 5 15 7
178 1 15 631 2 6 3
179 0 6 636 9 73 13
180 1 5 640 3 25 4
181 0 1 644 3 25 4
182 1 2 646 9 73 13
183 1 24 649 1 4 1
184 0 2 654 79 724 118
185 1 2 657 569773 7620018 854659
186 1 1 660 1713 18203 2569
187 1 1 662 1118 11655 1677
188 1 6 665 33 288 49
189 1 5 669 223 2154 334
190 1 4 673 240 2326 360
191 1 15 677 1 6 1
192 1 1 682 1 9 1
193 0 9 684 88 338 132
194 0 1 689 81 743 121
195 0 3 691 1 11 1
196 0 2 695 1 9 1
197 0 1 698 3 25 4
198 1 3 701 1 12 1
199 1 4 705 2 17 3
200 1 3 709 6 48 9
201 1 2 713 1 9 1
202 0 2 716 30 261 45
203 1 11 719 64 239 96
204 1 6 724 555 5601 832
205 1 8 728 183918 1174728 275877
206 1 2 733 1 10 1
207 0 3 736 45 400 67
208 1 1 740 36 316 54
209 1 5 742 1 11 1
210 1 4 746 5 40 7
211 0 3 750 113 1055 169
212 1 5 754 1 10 1
213 0 5 758 108 1006 162
214 0 2 762 3 25 4
215 0 7 765 7 21 10
216 1 1 769 1 8 1
217 0 28 771 1 3 1
218 0 17 777 1 5 1
219 1 1 782 1 9 1
220 1 10 784 514 2282 771
221 1 1 789 17 143 25
222 0 11 792 1 5 1
223 1 3 797 1 9 1
224 1 21 801 972 4520 1458
225 0 2 806 1 9 1
226 1 8 809 137 548 205
227 0 8 814 10 31 15
228 1 3 819 1396 14699 2094
229 0 7 823 111274 692219 166911
230 0 3 827 30 261 45
231 1 2 831 40 353 60
232 1 2 834 1549 16387 2323
233 0 2 837 1 9 1
234 1 2 840 168 1600 252
235 1 1 843 8 64 12
236 0 3 845 2 17 3
237 0 4 848 5 41 7
238 1 6 852 1003 4675 1504
239 1 2 856 3 25 4
240 1 2 859 1 9 1
241 1 5 862 1 9 1
242 0 10 866 27 93 40
243 0 3 871 6 48 9
244 0 4 875 601 6088 901
245 0 3 879 1 10 1
246 0 3 883 253 2459 379
247 1 16 887 1 4 1
248 0 2 892 5 40 7
249 1 1 895 10 81 15
250 0 6 897 22 188 33
251 0 19 901 133 530 199
252 1 3 906 1 11 1
253 1 2 910 140 1321 210
254 0 7 913 2487 12341 3730
255 1 2 917 1 8 1
256 0 2 920 78 714 117
257 1 6 923 1 9 1
258 1 3 927 1 9 1
259 0 1 931 1 9 1
260 0 5 933 9 72 13
261 0 2 937 32807 394455 49210
262 0 33 940 525 2334 787
263 0 3 946 5 41 7
264 0 5 950 1 9 1
265 0 8 954 1 4 1
266 0 4 959 1 12 1
267 1 3 963 63 571 94
268 1 1 967 17 143 25
269 1 2 969 43 381 64
270 1 5 972 1 9 1
271 0 4 976 8 64 12
272 0 1 980 378 3746 567
273 1 7 982 6 18 9
274 1 1 986 1349 14182 2023
275 1 4 989 136 1281 204
276 0 8 993 1 3 1
277 1 1 998 187 1790 280
278 0 1 1000 1891 20183 2836
279 0 2 1002 1 10 1
280 0 3 1005 1625 17228 2437
281 0 2 1008 381 3777 571
282 1 1 1011 1 10 1
283 0 1 1014 56 504 84
284 0 2 1017 12 99 18
285 0 4 1020 1 9 1
286 1 1 1024 77 705 115
287 0 3 1026 75 685 112
288 1 15 1030 4 12 6
289 1 15 1035 192 789 288
290 1 1 1040 10 81 15
291 0 1 1041 1 10 1
292 1 16 1042 1 4 1
293 1 4 1047 2 17 3
294 1 1 1051 249 2418 373
295 1 3 1054 5 40 7
296 1 5 1058 111 1035 166
297 0 6 1062 198 1901 297
298 0 1 1066 29 251 43
299 0 3 1067 60866 749616 91299
300 1 2 1071 1 9 1
301 0 4 1074 1 9 1
302 1 2 1078 524 5274 786
303 1 5 1081 267 2602 400
304 1 9 1085 9 27 13
305 1 1 1090 1 9 1
306 1 2 1093 10 81 15
307 1 1 1096 1 9 1
308 0 5 1098 5 40 7
309 0 2 1102 1 9 1
310 0 1 1105 519 5221 778
311 1 1 1107 25 215 37
312 0 1 1109 56 504 84
313 1 1 1112 680 6928 1020
314 1 1 1114 13 108 19
315 0 3 1117 1 9 1
316 0 1 1121 36 316 54
317 0 7 1124 59 219 88
318 0 6 1128 1 10 1
319 1 5 1132 1 11 1
320 0 4 1136 747 7644 1120
321 1 1 1140 20 170 30
322 1 4 1142 16 134 24
323 0 26 1146 57 211 85
324 0 12 1151 1 4 1
325 1 6 1156 3 9 4
326 0 3 1160 1 12 1
327 0 2 1164 30 261 45
328 1 1 1167 1 10 1
329 1 14 1170 2 7 3
330 0 1 1175 5 41 7
331 0 3 1177 8360 95110 12540
332 1 4 1181 8 64 12
333 1 5 1185 384 3808 576
334 1 1 1189 9 73 13
335 1 8 1191 261 1100 391
336 1 13 1196 164 665 246
337 1 16 1201 1 4 1
338 1 4 1206 1 9 1
339 0 3 1210 6 48 9
340 1 2 1214 26 224 39
341 1 1 1217 1 10 1
342 0 14 1219 1 6 1
343 1 3 1224 6 48 9
344 1 1 1228 900 9290 1350
345 0 3 1230 87 801 130
346 1 2 1234 1 12 1
347 1 2 1237 1 9 1
348 1 5 1240 1 10 1
349 1 1 1244 1 11 1
350 0 2 1247 2 17 3
351 1 4 1250 22 188 33
352 0 1 1254 70 637 105
353 1 1 1257 68 618 102
354 0 2 1259 136 1282 204
355 1 2 1262 2 17 3
356 0 6 1265 3 25 4
357 0 2 1269 3 25 4
358 0 2 1272 2 17 3
359 0 13 1275 451 1982 676
360 0 19 1280 4 13 6
361 1 1 1285 1 10 1
362 1 1 1288 20814 245777 31221
363 1 1 1291 42084 510954 63126
364 1 3 1294 1 9 1
365 1 1 1298 1 9 1
366 0 3 1300 1 9 1
367 0 7 1304 251 1054 376
368 1 9 1308 1 5 1
369 0 4 1313 1 9 1
370 1 1 1317 717 7323 1075
371 1 3 1319 1 8 1
372 1 2 1323 2 17 3
373 0 1 1326 1 10 1
374 1 3 1329 2526 27307 3789
375 0 2 1333 1 9 1
376 0 1 1336 1 10 1
377 0 1 1338 996152 13585555 1494228
378 0 6 1341 43 155 64
379 1 6 1345 855 8804 1282
380 0 2 1349 8 64 12
381 1 2 1352 17728 207991 26592
382 0 75 1355 25 85 37
383 1 2 1361 11 90 16
384 1 3 1364 1 9 1
385 0 11 1368 3 10 4
386 0 3 1373 1 8 1
387 0 10 1377 1 6 1
388 1 16 1382 2842 14228 4263
389 1 2 1387 1268 13294 1902
390 0 3 1390 81422 1013987 122133
391 0 15 1394 1 4 1
392 1 18 1399 44 159 66
393 0 2 1404 2 17 3
394 1 1 1407 47 419 70
395 1 7 1409 204 843 306
396 0 1 1413 365 3611 547
397 1 2 1416 1 9 1
398 0 2 1419 1 11 1
399 0 1 1422 3 25 4
400 0 9 1425 1 4 1
401 0 25 1430 2 6 3
402 1 2 1435 8 64 12
403 1 13 1438 2 7 3
404 1 1 1443 19 161 28
405 0 10 1445 1 5 1
406 0 1 1450 957 9906 1435
407 0 1 1453 23 197 34
408 0 4 1456 12 99 18
409 0 4 1460 499 5011 748
410 0 1 1464 10 81 15
411 1 2 1467 277 2704 415
412 1 1 1470 11 90 16
413 1 11 1473 2 6 3
414 0 2 1478 19 161 28
415 0 1 1481 13526 156960 20289
416 1 9 1483 85 326 127
417 0 3 1488 3 25 4
418 0 5 1492 9 73 13
419 1 1 1496 1 10 1
420 0 18 1498 1 4 1
421 1 21 1503 7 21 10
422 1 7 1508 1 5 1
423 0 22 1512 650 2936 975
424 0 4 1517 307 3012 460
425 0 3 1521 51 456 76
426 0 7 1525 1 4 1
427 0 4 1530 58 523 87
428 1 3 1534 8864 101089 13296
429 0 2 1538 1 10 1
430 0 3 1541 1 9 1
431 0 1 1545 1 9 1
432 1 3 1547 357 3528 535
433 1 1 1551 423 4214 634
434 0 2 1553 2 17 3
435 0 6 1556 2 17 3
436 0 1 1560 1 9 1
437 0 1 1562 163 1550 244
438 1 1 1564 3 25 4
439 1 1 1566 2257 24279 3385
440 0 10 1568 1 3 1
441 0 3 1573 1 10 1
442 1 2 1577 305 2992 457
443 1 6 1580 1 10 1
444 0 4 1584 1 11 1
445 0 3 1588 1581 16740 2371
446 0 1 1592 5 40 7
447 1 2 1595 82 753 123
448 0 4 1598 15 125 22
449 0 3 1602 1 9 1
450 1 3 1606 1 10 1
451 1 4 1610 1 10 1
452 0 9 1614 179 732 268
453 0 1 1619 1 11 1
454 0 1 1622 24 206 36
455 0 1 1625 2 17 3
456 1 1 1628 453 4528 679
457 1 1 1630 1 9 1
458 0 1 1632 128 1202 192
459 0 1 1633 1 8 1
460 1 1 1635 784 8041 1176
461 1 4 1637 1 10 1
462 1 1 1641 16133 188558 24199
463 1 1 1643 4 33 6
464 1 1 1645 10 81 15
465 1 6 1647 512 5148 768
466 1 8 1651 1 3 1
467 1 7 1656 4 12 6
468 1 4 1660 449 4487 673
469 0 1 1664 63 570 94
470 1 3 1667 17 143 25
471 0 6 1671 223593 2891351 335389
472 1 2 1675 1 10 1
473 0 2 1678 1 9 1
474 0 6 1681 11 34 16
475 0 5 1685 1 9 1
476 0 2 1689 3 25 4
477 0 13 1692 1 4 1
478 1 5 1697 1 10 1
479 1 1 1701 1 10 1
480 1 5 1704 13 108 19
481 1 4 1708 389 3860 583
482 0 1 1712 26 224 39
483 0 4 1715 1 9 1
484 0 4 1719 2 17 3
485 0 8 1723 1 4 1
486 0 2 1728 2 17 3
487 0 4 1731 1 9 1
488 0 3 1735 2197 23605 3295
489 1 2 1739 4 33 6
490 0 2 1742 1 11 1
491 1 1 1745 100 927 150
492 0 3 1748 1 9 1
493 0 2 1752 37 325 55
494 0 1 1755 25 215 37
495 0 2 1757 2 17 3
496 1 1 1760 4 33 6
497 0 1 1762 2 17 3
498 1 10 1764 529 2353 793
499 1 4 1769 1 9 1
500 0 3 1773 1 10 1
501 1 4 1777 2 17 3
502 0 2 1781 58 523 87
503 1 2 1784 48 428 72
504 1 2 1787 43 381 64
505 0 3 1790 688 7014 1032
506 1 1 1794 2 17 3
507 1 5 1796 28 242 42
508 0 2 1800 6 48 9
509 0 1 1803 176 1680 264
510 1 7 1806 1 3 1
511 1 10 1811 1 4 1
512 1 1 1816 264 2571 396
513 0 5 1819 1 9 1
514 0 5 1823 15 125 22
515 1 3 1827 2 17 3
516 0 8 1831 2 6 3
517 0 4 1836 696 7099 1044
518 1 3 1840 33843 407409 50764
519 0 24 1844 1 5 1
520 0 11 1849 88 339 132
521 1 108 1854 7 21 10
522 1 3 1860 3 25 4
523 1 6 1863 530 5338 795
524 0 1 1867 5533 61867 8299
525 0 2 1870 2 17 3
526 0 13 1873 2 7 3
527 0 1 1878 147 1391 220
528 0 2 1879 222 2144 333
529 1 1 1882 205 1972 307
530 0 3 1884 49 437 73
531 0 1 1888 90 830 135
532 0 2 1890 5 40 7
533 0 15 1893 350 1509 525
534 0 3 1898 1 9 1
535 1 2 1902 3 25 4
536 1 1 1905 10 81 15
537 1 4 1907 1 9 1
538 1 3 1911 2 17 3
539 0 6 1915 8 64 12
540 0 7 1919 132 526 198
541 1 3 1923 2 17 3
542 0 4 1927 803 8245 1204
543 0 2 1931 251 2439 376
544 1 1 1934 729 7452 1093
545 0 2 1937 23 197 34
546 0 6 1940 889 9171 1333
547 1 2 1944 2 17 3
548 1 14 1947 1 3 1
549 0 9 1952 1 3 1
550 0 2 1957 2 17 3
551 1 3 1960 64 580 96
552 0 5 1964 2 17 3
553 0 6 1968 303 2971 454
554 1 2 1972 1 8 1
555 0 2 1975 111 1035 166
556 1 9 1978 156 631 234
557 0 5 1983 74 676 111
558 1 5 1987 673 6854 1009
559 1 23 1991 143408 904167 215112
560 1 6 1996 15 125 22
561 1 2 2000 3 25 4
562 1 3 2003 21 179 31
563 1 1 2007 2 17 3
564 1 4 2010 5 40 7
565 1 7 2014 60 223 90
566 1 2 2018 1 9 1
567 1 5 2021 1 9 1
568 1 4 2025 1 9 1
569 0 2 2029 4753 52804 7129
570 0 3 2032 342678 4500484 514017
571 1 1 2036 6 48 9
572 1 2 2038 3 25 4
573 0 10 2041 20 67 30
574 1 4 2046 544 5485 816
575 0 4 2050 1 9 1
576 0 2 2054 1 12 1
577 1 5 2057 1 11 1
578 0 1 2061 1 10 1
579 0 8 2064 1 3 1
580 1 1 2069 75 685 112
581 0 5 2072 1 10 1
582 1 1 2076 138 1301 207
583 1 5 2079 68 618 102
584 0 11 2083 1 5 1
585 1 14 2088 1 5 1
586 0 1 2093 7 56 10
587 1 19 2095 1 3 1
588 1 25 2100 18 59 27
589 1 9 2105 2 7 3
590 0 2 2110 1295 13590 1942
591 0 4 2113 1 10 1
592 0 2 2117 1 10 1
593 1 3 2120 432 4309 648
594 0 3 2124 21 178 31
595 1 1 2128 64 580 96
596 1 13 2130 132 526 198
597 0 4 2135 30 261 45
598 0 1 2139 1 9 1
599 1 2 2142 215 2073 322
600 1 1 2145 30271 362811 45406
601 1 1 2146 3 25 4
602 0 3 2148 2 17 3
603 0 2 2152 1 9 1
604 1 6 2155 2 17 3
605 0 4 2159 21 179 31
606 0 2 2163 15 125 22
607 0 14 2166 3861 19721 5791
608 0 3 2171 1 11 1
609 0 8 2175 50 183 75
610 1 4 2180 63 570 94
611 1 4 2184 1 9 1
612 1 2 2188 1 9 1
613 0 1 2191 6 48 9
614 1 2 2193 3 25 4
615 1 9 2196 94948 585670 142422
616 0 3 2201 8 64 12
617 0 7 2205 1 3 1
618 1 4 2209 24 206 36
619 1 8 2213 36 128 54
620 1 1 2218 618 6269 927
621 0 3 2221 1 11 1
622 1 5 2225 7722 87561 11583
623 0 2 2229 1 9 1
624 1 1 2232 1 10 1
625 1 6 2234 10 81 15
626 1 8 2238 6 18 9
627 0 2 2243 26541 316455 39811
628 1 1 2246 82 753 123
629 1 8 2249 1 4 1
630 0 4 2254 260 2530 390
631 0 13 2258 2 7 3
632 1 2 2263 822 8449 1233
633 1 5 2266 1 9 1
634 0 6 2270 1 10 1
635 0 3 2274 1 11 1
636 0 1 2278 1513 15989 2269
637 0 1 2281 1 11 1
638 0 2 2284 23 197 34
639 0 1 2287 4636 51449 6954
640 0 8 2290 97 376 145
641 0 1 2295 8709 99249 13063
642 1 3 2298 1 11 1
643 1 1 2302 1 10 1
644 0 4 2304 124 1163 186
645 0 6 2308 3 25 4
646 0 1 2312 601 6089 901
647 1 5 2315 24 206 36
648 0 2 2319 1 9 1
649 1 11 2322 15 48 22
650 0 4 2327 54 485 81
651 1 1 2331 1 9 1
652 1 2 2334 1 9 1
653 0 3 2337 2 17 3
654 1 1 2341 2 17 3
655 0 3 2343 1 12 1
656 1 7 2347 1 3 1
657 0 1 2351 1 9 1
658 0 3 2353 30 261 45
659 0 1 2357 4048 44664 6072
660 1 2 2359 1 11 1
661 1 3 2362 21 178 31
662 0 18 2366 56 207 84
663 0 7 2371 1 5 1
664 0 12 2375 1 3 1
665 0 1 2380 1 10 1
666 0 5 2382 1 9 1
667 0 1 2386 1 11 1
668 1 2 2388 1 10 1
669 1 2 2391 2 17 3
670 0 1 2394 1 9 1
671 0 6 2396 94 869 141
672 0 2 2400 59964 738084 89946
673 1 1 2403 13 108 19
674 0 3 2406 77 704 115
675 0 1 2410 433 4319 649
676 0 10 2412 1 5 1
677 1 4 2417 3 25 4
678 1 3 2421 763 7816 1144
679 0 9 2425 320 1370 480
680 1 28 2430 376 1630 564
681 1 3 2436 525 5285 787
682 1 19 2440 3 10 4
683 0 4 2445 1 9 1
684 0 1 2449 4 33 6
685 0 5 2451 6 48 9
686 1 2 2455 279 2725 418
687 1 2 2458 95 879 142
688 1 1 2461 1 9 1
689 0 2 2464 3 25 4
690 0 1 2467 60 542 90
691 1 4 2470 1 10 1
692 1 10 2474 2466 12230 3699
693 1 11 2479 817 3753 1225
694 1 6 2484 1758 8521 2637
695 0 6 2488 1207 12626 1810
696 0 5 2492 1 9 1
697 0 1 2496 4 33 6
698 1 4 2498 41 363 61
699 0 1 2502 1 10 1
700 1 1 2505 577 5834 865
701 0 1 2507 8 64 12
702 0 1 2509 91 840 136
703 1 24 2512 1 4 1
704 1 5 2517 2 17 3
705 1 1 2521 1040 10806 1560
706 1 1 2524 519209 6920963 778813
707 1 2 2527 7 56 10
708 1 1 2530 75 686 112
709 1 2 2532 408 4058 612
710 1 3 2535 190 1821 285
711 0 2 2539 151 1431 226
712 0 1 2542 36 316 54
713 0 9 2545 1 4 1
714 1 1 2550 1 11 1
715 1 9 2553 50383 300207 75574
716 1 3 2558 2 17 3
717 1 1 2562 8 64 12
718 0 5 2564 11 90 16
719 1 7 2568 24 81 36
720 0 4 2573 1 11 1
721 1 2 2577 8 64 12
722 1 2 2580 1 10 1
723 1 3 2583 1 12 1
724 1 8 2587 1 3 1
725 0 1 2592 90 830 135
726 1 9 2595 2 7 3
727 0 1 2600 2 17 3
728 0 5 2603 1345 14139 2017
729 1 39 2607 10 31 15
730 1 1 2613 1 12 1
731 1 4 2616 1831 19515 2746
732 1 3 2620 10 81 15
733 0 3 2624 2454 26495 3681
734 0 6 2628 6 48 9
735 1 4 2632 398 3954 597
736 0 2 2636 1 11 1
737 1 6 2639 1 9 1
738 0 1 2643 10 81 15
739 0 2 2646 1 11 1
740 1 3 2649 1 8 1
741 0 4 2653 1 9 1
742 0 3 2657 1 11 1
743 0 18 2661 1 4 1
744 1 2 2666 15 125 22
745 1 11 2669 1 3 1
746 1 2 2674 1 9 1
747 0 4 2677 1167 12189 1750
748 1 5 2681 6112 68629 9168
749 0 2 2685 1 11 1
750 1 2 2688 138 1301 207
751 1 1 2691 10 81 15
752 1 1 2693 105780 1330424 158670
753 1 1 2696 2 17 3
754 1 1 2698 245 2378 367
755 0 2 2700 1 10 1
756 0 2 2703 7 56 10
757 1 1 2706 27 233 40
758 0 5 2707 1 9 1
759 1 1 2711 94 869 141
760 1 2 2714 2 17 3
761 1 3 2717 6732 75898 10098
762 1 4 2721 12 99 18
763 0 8 2725 13 41 19
764 0 10 2730 1 4 1
765 0 2 2735 13 107 19
766 1 3 2738 40 353 60
767 0 1 2742 2 17 3
768 1 5 2745 12978 150347 19467
769 0 2 2749 56 504 84
770 0 1 2752 1 9 1
771 0 2 2753 572 5781 858
772 1 29 2756 1 4 1
773 1 2 2762 1 10 1
774 0 1 2765 1 9 1
775 1 7 2768 18 59 27
776 0 15 2772 1 4 1
777 1 3 2777 1 9 1
778 1 2 2781 1 11 1
779 0 1 2784 1 9 1
780 0 12 2785 2146 10544 3219
781 0 7 2790 2 6 3
782 0 3 2794 227 2194 340
783 1 2 2798 1 9 1
784 0 3 2801 1 9 1
785 0 15 2805 1 5 1
786 1 1 2810 1 9 1
787 0 1 2813 49 438 73
788 1 2 2815 11 90 16
789 1 4 2818 770 7891 1155
790 0 2 2822 2 17 3
791 0 3 2825 18 152 27
792 1 6 2829 16208 90488 24312
793 0 3 2833 1113 11600 1669
794 1 6 2837 9969 54052 14953
795 1 1 2841 1 9 1
796 1 3 2843 528 5317 792
797 0 2 2847 1 9 1
798 1 19 2850 168 683 252
799 0 2 2855 138 1302 207
800 0 2 2858 45 400 67
801 1 6 2861 104 967 156
802 0 1 2865 820 8427 1230
803 1 4 2867 5 40 7
804 1 2 2871 4 33 6
805 1 4 2874 3204 34997 4806
806 0 4 2878 1 10 1
807 0 4 2882 8 64 12
808 1 2 2886 1 11 1
809 1 4 2889 772811 10446822 1159216
810 0 2 2893 1 9 1
811 0 2 2896 14 116 21
812 1 2 2899 113 1055 169
813 1 2 2902 9 73 13
814 1 1 2905 1 12 1
815 1 1 2908 91 840 136
816 0 1 2910 1 9 1
817 0 1 2913 1 9 1
818 0 1 2915 1 10 1
819 0 1 2918 330 3249 495
820 1 1 2920 9584 109654 14376
821 0 11 2923 1 4 1
822 1 4 2928 42 372 63
823 1 3 2932 1065 11078 1597
824 1 1 2936 1 9 1
825 1 4 2938 7 56 10
826 0 1 2942 21 179 31
827 1 2 2945 6 48 9
828 1 12 2948 1 6 1
829 0 2 2953 83 762 124
830 1 2 2956 1 10 1
831 1 7 2959 4 12 6
832 0 1 2964 1 11 1
833 1 16 2966 1 3 1
834 0 9 2971 957 4446 1435
835 1 4 2976 1 10 1
836 0 3 2980 10 81 15
837 1 4 2984 181 1730 271
838 1 6 2988 4672 51866 7008
839 0 7 2992 1 5 1
840 0 1 2996 2 17 3
841 0 2 2998 3 25 4
842 0 7 3001 2 7 3
843 0 1 3005 1 9 1
844 0 2 3007 37 325 55
845 0 1 3010 237 2296 355
846 0 5 3013 5 40 7
847 1 3 3017 292 2858 438
848 0 6 3021 1 12 1
849 1 19 3025 3516 17850 5274
850 1 2 3030 4 33 6
851 1 5 3033 4 33 6
852 0 4 3037 1 9 1
853 1 6 3041 1 9 1
854 0 3 3045 1 10 1
855 0 4 3049 1 9 1
856 0 6 3053 2 17 3
857 0 3 3057 10 81 15
858 1 6 3061 1 9 1
859 1 1 3065 6 48 9
860 1 2 3068 1 9 1
861 1 3 3071 1 12 1
862 1 2 3075 146 1381 219
863 1 1 3078 3 25 4
864 1 6 3081 1 9 1
865 0 3 3085 21 179 31
866 1 2 3089 13 107 19
867 0 2 3092 1 9 1
868 1 2 3095 1 8 1
869 0 2 3098 1 10 1
870 0 4 3101 9 72 13
871 0 11 3105 222 923 333
872 1 1 3110 1 10 1
873 1 1 3112 56 504 84
874 1 17 3114 6 18 9
875 0 4 3119 584 5908 876
876 1 1 3123 4 33 6
877 0 2 3126 2 17 3
878 1 18 3129 1 5 1
879 1 24 3134 236 986 354
880 0 12 3139 1 5 1
881 0 4 3144 2 17 3
882 0 2 3148 4 33 6
883 1 6 3151 1 4 1
884 1 1 3155 1 9 1
885 1 12 3158 6 18 9
886 0 2 3163 9 72 13
887 1 2 3166 4 33 6
888 0 1 3169 1 9 1
889 1 1 3172 6842 77191 10263
890 0 2 3174 2 17 3
891 0 2 3177 216 2083 324
892 1 13 3180 6931 36745 10396
893 0 4 3185 1 9 1
894 1 9 3189 1 4 1
895 0 16 3194 5 15 7
896 0 1 3199 1 10 1
897 0 2 3200 1 10 1
898 0 2 3203 381 3777 571
899 0 1 3206 3 25 4
900 0 2 3207 160 1520 240
901 1 6 3210 12 38 18
902 0 1 3214 9 73 13
903 1 3 3216 1 9 1
904 0 1 3220 5 41 7
905 0 21 3222 3 10 4
906 1 2 3227 559 5644 838
907 0 6 3230 3 25 4
908 1 3 3234 1 10 1
909 1 1 3238 1 9 1
910 1 2 3241 1 10 1
911 0 3 3244 4 32 6
912 1 2 3248 88 811 132
913 1 1 3251 9 73 13
914 1 1 3254 81 743 121
915 0 2 3257 2 17 3
916 1 2 3260 20 170 30
917 0 8 3263 1 3 1
918 1 3 3268 1934 20663 2901
919 0 2 3272 2114 22675 3171
920 1 29 3275 1 5 1
921 0 3 3281 405941 5363865 608911
922 0 2 3285 52142 638357 78213
923 1 1 3288 1 9 1
924 1 10 3290 1641 7917 2461
925 1 1 3295 2205 23695 3307
926 1 5 3298 51 456 76
927 1 3 3302 43 382 64
928 1 3 3306 2 17 3
929 0 3 3310 54 485 81
930 0 2 3314 7 56 10
931 0 1 3317 382 3787 573
932 0 6 3318 27722 331106 41583
933 0 1 3322 17 143 25
934 0 1 3325 1 12 1
935 1 7 3327 3 10 4
936 0 9 3332 3 10 4
937 0 5 3337 1 10 1
938 1 1 3341 1 11 1
939 1 3 3344 886393 12039712 1329589
940 0 3 3348 15 125 22
941 0 2 3352 17 143 25
942 0 3 3355 21 179 31
943 0 1 3359 1 8 1
944 1 3 3362 1 10 1
945 0 1 3366 1 10 1
946 1 4 3368 3 25 4
947 0 3 3372 1 10 1
948 0 3 3376 4 33 6
949 1 6 3380 1 10 1
950 0 1 3384 1 9 1
951 1 1 3386 121 1134 181
952 1 6 3388 2 17 3
953 0 7 3392 4229 21728 6343
954 0 4 3396 1148 11982 1722
955 0 4 3400 3385 37062 5077
956 0 2 3404 1 10 1
957 1 13 3407 51 187 76
958 1 4 3412 23 197 34
959 1 1 3416 194 1861 291
960 0 2 3419 1 9 1
961 1 4 3422 6 48 9
962 0 1 3426 2 17 3
963 1 1 3428 6186 69495 9279
964 1 1 3431 51 457 76
965 1 2 3433 1502 15867 2253
966 0 2 3436 310 3043 465
967 0 3 3439 1 11 1
968 0 2 3443 1 9 1
969 1 5 3446 9 73 13
970 0 1 3450 178 1700 267
971 1 32 3452 868 4004 1302
972 1 3 3458 31 270 46
973 1 1 3462 1 12 1
974 0 6 3463 118 1104 177
975 1 1 3467 1 11 1
976 0 3 3470 560 5654 840
977 1 2 3474 3 25 4
978 1 1 3477 8 64 12
979 0 1 3480 67 609 100
980 1 9 3482 1 3 1
981 0 2 3487 705 7195 1057
982 1 1 3490 4 33 6
983 1 7 3493 3 9 4
984 1 2 3497 1 10 1
985 0 2 3500 6 48 9
986 1 2 3503 10 81 15
987 1 16 3506 3 9 4
988 1 4 3511 337 3321 505
989 0 1 3515 139 1311 208
990 1 4 3518 261 2541 391
991 1 4 3522 73 666 109
992 1 9 3526 16 52 24
993 0 2 3531 103223 1297069 154834
994 1 6 3534 1 11 1
995 0 4 3538 10 81 15
996 0 4 3542 3 25 4
997 1 3 3546 38 335 57
998 0 1 3550 15 125 22
999 1 3 3553 1 9 1
1000 0 1 3557 583 5897 874
1001 1 5 3560 3 25 4
1002 0 3 3564 242 2347 363
1003 1 4 3568 1 9 1
1004 1 7 3572 11 34 16
1005 1 2 3577 2 17 3
1006 1 3 3580 23 197 34
1007 0 1 3584 1 11 1
1008 1 1 3587 1 10 1
1009 0 1 3589 606 6141 909
1010 0 10 3591 10 31 15
1011 0 1 3596 87 801 130
1012 1 2 3599 26 224 39
1013 0 2 3602 1 12 1
1014 0 1 3605 3 25 4
1015 1 15 3607 948 4401 1422
