0 1 1 5 17 143 25
1 0 5 13 4 12 6
2 0 3 30 10 81 15
3 1 5 44 1 5 1
4 1 2 61 144 1361 216
5 1 6 74 1 4 1
6 0 2 91 8186 93048 12279
7 0 3 103 1 4 1
8 1 10 118 1 4 1
9 1 2 137 20 170 30
10 0 4 150 1 4 1
11 1 5 166 1 4 1
12 1 1 183 1 10 1
13 0 1 194 1 9 1
14 0 1 201 1 11 1
15 0 1 204 1998 21378 2997
16 0 5 213 2337 11548 3505
17 1 4 230 1 3 1
18 1 4 246 28 97 42
19 1 2 261 1 8 1
20 0 2 275 178 1700 267
21 0 4 287 7 21 10
22 0 1 303 2 17 3
23 1 9 315 2 6 3
24 1 1 334 2 17 3
25 0 3 342 1 4 1
26 1 7 357 1 3 1
27 1 7 375 1 3 1
28 1 4 393 8 24 12
29 1 8 409 2 7 3
30 1 5 427 5 15 7
31 1 8 444 24 81 36
32 0 3 462 1 9 1
33 1 24 476 340 1463 510
34 0 4 498 87 334 130
35 0 1 514 1 9 1
36 0 5 521 1 3 1
37 0 2 538 80357 1000223 120535
38 1 17 550 1 3 1
39 1 2 571 15 125 22
40 1 2 583 8 64 12
41 0 6 595 1 3 1
42 0 3 613 1 3 1
43 1 2 628 16 134 24
44 1 13 641 8 24 12
45 1 2 661 2740 29726 4110
46 0 3 674 5 40 7
47 0 20 688 9 27 13
48 1 12 709 286 1214 429
49 1 2 729 33 289 49
50 0 3 742 1 9 1
51 0 1 756 1 10 1
52 0 10 767 15 48 22
53 0 1 786 7271 82240 10906
54 0 1 797 1 9 1
55 0 2 807 74 676 111
56 0 1 820 34 298 51
57 1 1 831 12646 146346 18969
58 0 4 839 6 18 9
59 0 5 855 8 24 12
60 0 3 872 1 9 1
61 1 2 886 1 9 1
62 0 7 898 1045 4885 1567
63 1 2 916 14 116 21
64 1 1 928 40 353 60
65 0 9 937 78 297 117
66 0 3 956 1 10 1
67 1 2 970 1 9 1
68 0 10 982 5 15 7
69 0 1 1001 1 12 1
70 1 5 1012 1 6 1
71 0 6 1029 19 63 28
72 0 1 1046 1 9 1
73 0 2 1056 22 188 33
74 1 1 1070 6334 71229 9501
75 1 1 1080 1 9 1
76 0 2 1088 3847 42354 5770
77 0 1 1100 7 56 10
78 1 5 1110 7 21 10
79 0 5 1127 1 3 1
80 1 3 1143 2 7 3
81 0 4 1157 12 38 18
82 0 4 1173 1 5 1
83 1 3 1189 12 99 18
84 0 1 1203 88 811 132
85 1 1 1214 1 10 1
86 1 7 1222 10 31 15
87 1 20 1240 8 24 12
88 0 10 1261 1 3 1
89 1 2 1280 8534 97172 12801
90 1 17 1293 2 7 3
91 1 4 1314 1 3 1
92 1 2 1330 34 298 51
93 0 3 1342 4 12 6
94 0 1 1357 1 11 1
95 1 3 1368 662239 4510801 993358
96 0 3 1382 1 10 1
97 0 14 1396 1 4 1
98 1 15 1416 19 63 28
99 1 2 1436 2 17 3
100 1 6 1449 1298 6161 1947
101 1 3 1466 3925 43250 5887
102 1 2 1480 1 10 1
103 1 6 1493 35 124 52
104 0 1 1510 19 161 28
105 0 2 1516 62 561 93
106 1 3 1529 2 7 3
107 0 2 1544 63 570 94
108 1 1 1556 1 9 1
109 1 1 1562 4 33 6
110 1 5 1573 1 3 1
111 0 8 1590 1 4 1
112 1 1 1609 1 9 1
113 0 5 1617 1 3 1
114 1 3 1633 2507 12447 3760
115 1 3 1648 6235 70069 9352
116 0 13 1662 43 155 64
117 0 6 1682 1 6 1
118 0 5 1699 137 548 205
119 1 5 1716 1 5 1
120 1 1 1732 1 12 1
121 1 8 1743 55268 331008 82902
122 1 2 1762 1 9 1
123 0 2 1775 1 10 1
124 0 8 1788 1 4 1
125 1 2 1806 10 81 15
126 1 2 1819 1 9 1
127 1 1 1831 40 353 60
128 1 6 1840 1 5 1
129 1 1 1857 1932 20641 2898
130 0 9 1867 1 3 1
131 1 3 1886 5 15 7
132 1 1 1901 6 48 9
133 0 6 1908 1 4 1
134 1 5 1925 1 7 1
135 0 7 1942 1 3 1
136 0 7 1960 3641 18527 5461
137 0 4 1978 1 3 1
138 1 2 1994 5 40 7
139 1 2 2007 20463 241468 30694
140 0 3 2020 1 8 1
141 0 4 2034 1 4 1
142 0 2 2050 22 187 33
143 0 4 2064 1 3 1
144 1 3 2080 1 4 1
145 1 3 2095 6 48 9
146 1 3 2109 15 48 22
147 0 5 2124 924 4282 1386
148 1 7 2141 2 7 3
149 0 3 2159 52435 642083 78652
150 1 8 2173 7841 41890 11761
151 0 2 2191 2806 30473 4209
152 1 4 2203 114 449 171
153 1 2 2218 450 4497 675
154 1 14 2232 2 6 3
155 0 3 2252 1 3 1
156 0 3 2267 9646 52195 14469
157 1 11 2282 1 3 1
158 0 3 2301 1 4 1
159 1 3 2316 10 31 15
160 0 2 2330 40 353 60
161 0 4 2342 10423 56667 15634
162 0 3 2357 237 991 355
163 1 2 2371 33 288 49
164 0 4 2383 17 56 25
165 0 7 2399 16 52 24
166 1 1 2417 1 10 1
167 1 7 2427 900 4162 1350
168 1 2 2445 1 9 1
169 1 10 2458 92 355 138
170 1 1 2477 208 2002 312
171 0 7 2484 492 2177 738
172 0 8 2502 1 4 1
173 0 3 2520 2 6 3
174 0 1 2535 305 2992 457
175 1 10 2545 48 175 72
176 0 2 2564 3 25 4
177 0 1 2578 115 1074 172
178 1 3 2588 2 6 3
179 0 2 2603 1 11 1
180 0 2 2616 1 11 1
181 0 2 2629 1 9 1
182 0 2 2642 61 551 91
183 0 1 2654 137 1291 205
184 1 6 2665 6 18 9
185 1 1 2682 1 9 1
186 0 5 2691 3 9 4
187 1 9 2708 1 4 1
188 1 2 2727 1 10 1
189 0 3 2739 1 4 1
190 0 10 2754 1 3 1
191 1 3 2773 3 25 4
192 1 2 2787 1 11 1
193 1 2 2801 12325 142482 18487
194 0 1 2813 3 25 4
195 1 2 2823 2 17 3
196 0 1 2836 347 3425 520
197 1 1 2846 73 666 109
198 1 4 2857 2940 14751 4410
199 1 2 2873 6263 70397 9394
200 0 6 2885 6 18 9
201 0 2 2903 1 11 1
202 1 2 2915 72 657 108
203 1 2 2927 11 90 16
204 1 9 2939 47 171 70
205 1 4 2958 4 12 6
206 0 1 2974 608 6163 912
207 1 19 2985 179 732 268
208 1 27 3006 2 7 3
209 0 23 3028 5 15 7
210 1 1 3050 463 4633 694
211 0 2 3060 1 10 1
212 0 4 3073 243 1018 364
213 0 1 3089 1 12 1
214 1 1 3098 3 25 4
215 0 55 3109 4831 25034 7246
216 1 3 3133 12 38 18
217 1 5 3148 1 3 1
218 1 1 3165 1 10 1
219 1 1 3171 1 10 1
220 0 4 3182 13 41 19
221 1 3 3198 10963 59786 16444
222 0 2 3213 3 25 4
223 1 1 3225 51 456 76
224 1 1 3236 297139 3882366 445708
225 1 1 3247 1 9 1
226 0 3 3257 1 4 1
227 1 12 3272 2 7 3
228 0 3 3292 1 4 1
229 0 7 3307 7923 42356 11884
230 1 18 3325 1 3 1
231 0 2 3346 51 456 76
232 0 5 3358 1 3 1
233 1 4 3374 1 5 1
234 0 1 3390 6 48 9
235 1 1 3398 1 9 1
236 0 11 3409 44236 261674 66354
237 0 4 3429 121 479 181
238 0 3 3445 2 7 3
239 1 2 3460 16 134 24
240 1 6 3473 12 38 18
241 1 9 3490 1060 4960 1590
242 0 1 3509 18 152 27
243 1 2 3520 602 6099 903
244 1 2 3532 1 11 1
245 0 2 3545 19 161 28
246 1 3 3558 3900 19933 5850
247 0 5 3573 4 12 6
248 0 1 3590 2 17 3
249 1 2 3598 8459 96283 12688
250 1 1 3612 3231 35305 4846
