0 0 5 5 1 5 1
1 0 3 9 5 15 7
2 0 4 13 1 5 1
3 0 4 17 1 4 1
4 0 2 21 16 134 24
5 0 1 25 240 2327 360
6 0 2 28 99 918 148
7 1 1 31 233 2256 349
8 1 3 34 4 12 6
9 1 6 38 1 5 1
10 1 2 42 352 3477 528
11 0 2 45 395 3923 592
12 1 2 48 554 5591 831
13 0 2 51 494 4958 741
14 1 1 54 2 17 3
15 0 14 57 1547 7433 2320
16 0 1 61 2 17 3
17 0 18 64 22 74 33
18 0 3 69 449 1973 673
19 0 1 73 4 33 6
20 1 8 76 1 5 1
21 0 1 80 2695 29217 4042
22 1 1 83 31389 376749 47083
23 1 3 86 1 6 1
24 1 3 90 212 878 318
25 1 2 94 1 11 1
26 1 3 98 2 17 3
27 1 3 102 7 21 10
28 1 8 106 82 313 123
29 0 1 110 3 25 4
30 0 7 113 1 5 1
31 0 9 117 3 9 4
32 1 2 121 1640 17394 2460
33 0 5 125 54 199 81
34 0 23 129 1 4 1
35 0 3 134 1 8 1
36 0 1 138 23 197 34
37 1 4 141 36 127 54
38 1 4 145 11 34 16
39 0 3 149 129 513 193
40 0 1 153 19 161 28
41 0 2 156 67 609 100
42 1 8 160 1 4 1
43 0 5 164 4389 22604 6583
44 1 1 168 4 33 6
45 0 1 171 3 25 4
46 0 12 174 8 24 12
47 1 10 178 1 3 1
48 0 2 182 10 81 15
49 0 1 186 1 9 1
50 1 2 189 1 9 1
51 0 1 193 357 3528 535
52 1 4 196 3 9 4
53 0 2 200 33 288 49
54 0 5 203 1 3 1
55 1 13 207 1 3 1
56 0 3 211 58 523 87
57 0 19 215 1 3 1
58 1 15 220 5 15 7
59 0 1 224 5 40 7
60 0 8 227 15000 83359 22500
61 1 33 231 57 211 85
62 0 3 236 1 9 1
63 1 13 240 1 6 1
64 1 5 244 1 4 1
65 1 1 248 17 143 25
66 0 5 251 1 3 1
67 1 1 255 20 170 30
68 0 8 258 1 5 1
69 1 31 262 4 12 6
70 1 6 267 34 120 51
71 0 22 271 6967 36948 10450
72 1 2 276 36 316 54
73 0 33 280 101 393 151
74 0 6 285 1 4 1
75 0 7 289 4 12 6
76 0 5 293 7 21 10
77 1 1 297 4 33 6
78 0 1 299 107 996 160
79 0 6 302 897 4148 1345
80 1 7 306 20 67 30
81 0 9 310 2 6 3
82 1 2 314 369 3653 553
83 1 2 317 24 206 36
84 0 3 321 3263 16485 4894
85 0 4 325 1 4 1
86 0 7 329 104 406 156
87 1 11 333 1 5 1
88 1 10 337 43 155 64
89 1 2 341 743 7601 1114
90 1 10 345 7 21 10
91 1 7 349 2 7 3
92 0 11 353 1 4 1
93 0 2 357 1 12 1
94 0 5 360 2 6 3
95 0 3 364 1 4 1
96 1 2 368 1 10 1
97 1 2 372 1 10 1
98 1 2 375 17 143 25
99 0 1 378 2 17 3
100 1 6 381 7135 37895 10702
101 1 3 385 558 2492 837
102 1 1 389 41 363 61
103 0 2 391 1 11 1
104 0 1 395 351 3466 526
105 0 23 398 1 3 1
106 1 3 403 14364 79619 21546
107 0 36 407 3069 15442 4603
108 0 2 412 126 1183 189
109 0 1 416 638 6481 957
110 0 1 419 1 11 1
111 0 9 422 13 41 19
112 1 9 426 42 151 63
113 0 10 430 94 364 141
114 0 2 434 6 48 9
115 1 1 438 5 41 7
116 0 1 440 1098 11437 1647
117 1 2 443 1 9 1
118 1 2 447 10 81 15
119 0 4 450 1 6 1
120 0 2 454 274 2673 411
121 0 4 458 15029 83530 22543
122 0 2 462 3 25 4
123 1 1 466 4 33 6
124 1 3 469 2 7 3
125 0 22 473 52 191 78
126 0 3 478 2 6 3
127 0 4 482 6 18 9
128 0 4 486 47 171 70
129 0 9 490 1094 5131 1641
130 1 4 494 402 1752 603
131 1 4 498 252 1059 378
132 0 52 502 1 4 1
133 0 4 507 55409 331899 83113
134 1 1 511 1 10 1
135 0 10 514 2 6 3
136 0 1 518 1 10 1
137 1 1 521 1 9 1
138 0 1 524 1 10 1
139 1 12 527 1 5 1
140 0 2 531 5 40 7
141 0 2 535 1 9 1
142 0 2 539 1 9 1
143 1 5 543 10 31 15
144 1 7 547 28159 162361 42238
145 0 11 551 1292 6131 1938
146 0 1 555 7 56 10
147 1 4 558 155 626 232
148 0 2 562 1 9 1
149 0 2 566 1 9 1
150 0 2 570 1 9 1
151 0 1 574 8 64 12
152 0 6 577 7921 42344 11881
153 1 3 581 1 9 1
154 1 2 585 527 5306 790
155 0 1 588 1 8 1
156 1 4 591 2 7 3
157 0 17 595 1 4 1
158 0 2 600 5 41 7
159 0 4 603 14 45 21
160 0 3 607 55 494 82
161 0 4 611 4 12 6
162 0 2 615 1 9 1
163 0 2 619 1 10 1
164 1 11 623 49 179 73
165 1 6 627 1 5 1
166 1 6 631 5 15 7
167 0 1 635 27197 324590 40795
168 0 13 638 1 4 1
169 1 7 642 4092 20980 6138
170 0 23 646 60109 361672 90163
171 0 3 651 1 3 1
172 0 2 655 117 1094 175
173 0 1 659 5 40 7
174 0 2 662 99 918 148
175 0 2 665 1 9 1
176 0 5 668 1 5 1
177 0 1 672 190 1821 285
178 1 3 675 2 7 3
179 1 2 679 1 9 1
180 0 6 683 1 5 1
181 1 3 687 186 763 279
182 0 5 691 7 21 10
183 1 4 695 6 18 9
184 0 1 699 134 1262 201
185 1 7 702 786 3600 1179
186 1 4 706 1 4 1
187 1 4 710 1 4 1
188 0 7 714 1 3 1
189 1 1 718 1 9 1
190 0 54 721 46 167 69
191 1 17 726 23 78 34
192 1 8 731 60 223 90
193 1 15 735 182 745 273
194 1 1 739 1 12 1
195 1 1 742 1 9 1
196 1 3 744 1 4 1
197 1 14 748 39 139 58
198 1 11 752 9 27 13
199 0 3 756 400 3975 600
200 0 2 760 36 316 54
201 0 2 764 2 17 3
202 0 3 768 197 812 295
203 0 1 772 1 10 1
204 1 7 775 1 5 1
205 0 5 779 4 12 6
206 1 10 783 1 4 1
207 1 3 787 80277 999190 120415
208 1 2 791 5 41 7
209 0 3 794 1 3 1
210 0 1 798 449 4486 673
211 0 4 801 1 4 1
212 0 4 805 10 31 15
213 0 7 809 1 4 1
214 0 6 813 5 15 7
215 0 1 817 5 40 7
216 1 1 820 1 10 1
217 1 4 823 1 3 1
218 1 5 827 2 6 3
219 0 5 831 2 6 3
220 1 2 835 12 99 18
221 1 5 839 1073 5025 1609
222 0 18 843 14 45 21
223 0 6 848 5 15 7
224 0 3 852 1 4 1
225 1 2 856 373 3694 559
226 0 4 859 24 82 36
227 1 2 863 1 11 1
228 1 2 867 1 10 1
229 1 3 871 8 24 12
230 1 1 875 1 10 1
231 0 3 878 8 24 12
232 1 2 882 123 1153 184
233 1 6 885 8 24 12
234 1 5 889 50 183 75
235 0 2 893 1 10 1
236 1 6 897 9 27 13
237 1 8 901 2 6 3
238 0 9 905 1 4 1
239 1 8 909 2 7 3
240 1 4 913 1 6 1
241 0 2 917 1 9 1
242 0 4 921 1 3 1
243 1 20 925 11 34 16
244 1 2 930 1 9 1
245 1 1 934 365 3611 547
246 1 7 937 40788 240182 61182
247 0 11 941 117 461 175
248 0 8 945 1 4 1
249 0 21 949 1 5 1
250 0 5 954 1 5 1
251 1 4 958 1 4 1
252 0 5 962 592 2656 888
253 0 7 966 1 4 1
254 0 1 970 1 9 1
255 1 2 973 1 10 1
256 0 2 976 82 753 123
257 1 1 979 7 56 10
258 0 4 982 3 10 4
259 0 3 986 8208 43975 12312
260 0 7 990 42 151 63
261 1 2 994 2 17 3
262 0 18 998 539 2401 808
263 1 1 1003 8 64 12
264 0 3 1006 17 143 25
265 1 1 1010 3 25 4
266 0 1 1013 1 11 1
267 0 6 1016 91 351 136
268 1 10 1020 2549 12669 3823
269 0 14 1024 303 1292 454
270 0 2 1028 12 99 18
271 1 5 1031 27 93 40
272 1 5 1035 1 4 1
273 0 3 1039 12 38 18
274 1 1 1043 9 73 13
275 0 7 1046 540 2406 810
276 1 3 1050 11 34 16
277 0 2 1054 13 108 19
278 0 17 1058 3 10 4
279 0 13 1063 25 85 37
280 1 4 1067 6393 33722 9589
281 0 16 1071 228 951 342
282 1 2 1075 57183 702568 85774
283 1 5 1079 346 1490 519
284 1 3 1083 1 9 1
285 1 7 1087 48 175 72
286 0 7 1091 2 6 3
287 1 8 1095 1 3 1
288 0 5 1099 637 2873 955
289 0 3 1103 10238 55601 15357
290 0 12 1107 1 3 1
291 0 1 1111 1 9 1
292 1 7 1114 606 2723 909
293 0 7 1118 1 4 1
294 0 3 1122 2 17 3
295 1 1 1126 3683 40472 5524
296 1 1 1129 79 724 118
297 0 1 1131 5 41 7
298 1 12 1134 26 89 39
299 0 8 1138 1 4 1
300 1 1 1142 3 25 4
301 1 5 1145 1 4 1
302 1 5 1149 2 6 3
303 0 2 1153 1 9 1
304 0 3 1156 354 3497 531
305 1 4 1160 1832 8905 2748
306 1 9 1164 368 1593 552
307 0 3 1168 3 25 4
308 1 6 1172 413 1803 619
309 0 1 1176 2 17 3
310 1 13 1179 176 718 264
311 0 7 1183 100 389 150
312 0 9 1187 1 4 1
313 0 3 1191 3577 39258 5365
314 0 1 1195 6 48 9
315 1 3 1198 1 9 1
316 1 2 1202 1061 11034 1591
317 0 6 1206 3601 18310 5401
318 0 2 1210 1 9 1
319 1 21 1214 112153 697980 168229
320 1 8 1219 8 24 12
321 1 5 1223 1 3 1
322 0 3 1227 545 2430 817
323 1 3 1231 10 31 15
324 1 16 1235 8 24 12
325 0 2 1239 57 513 85
326 1 1 1243 13 107 19
327 1 11 1246 1 3 1
328 0 5 1250 1 4 1
329 1 1 1254 17827 209199 26740
330 0 2 1257 1 10 1
331 1 2 1261 1 10 1
332 0 3 1265 310 1324 465
333 1 4 1269 8486 45558 12729
334 1 1 1273 18430461 276792825 27645691
335 0 13 1276 2 6 3
336 0 4 1280 1 4 1
337 0 3 1284 54559 326528 81838
338 0 1 1288 42 372 63
339 1 5 1290 33 116 49
340 0 1 1294 1 8 1
341 1 18 1297 1 4 1
342 0 2 1302 2239 24077 3358
343 1 5 1305 3 9 4
344 1 4 1309 1 3 1
345 0 5 1313 78 297 117
346 1 1 1317 5 40 7
347 0 3 1320 308 1315 462
348 1 3 1324 3 9 4
349 1 2 1328 300 2940 450
350 1 11 1331 7 21 10
351 1 7 1335 1 4 1
352 0 1 1339 7 56 10
353 0 6 1342 24 82 36
354 1 1 1346 240 2327 360
355 1 8 1349 62 231 93
356 0 1 1353 1 9 1
357 1 3 1356 7 56 10
358 1 1 1360 6 48 9
359 1 7 1363 954 4431 1431
360 0 5 1367 1 5 1
361 0 2 1371 8 64 12
362 0 2 1375 5 41 7
363 0 2 1378 1 9 1
364 0 2 1382 1709 18159 2563
365 0 1 1386 1 11 1
366 0 12 1389 1 3 1
367 1 2 1393 16331 190967 24496
368 1 3 1397 129 1212 193
369 1 1 1401 468 4686 702
370 0 1 1404 1 11 1
371 1 1 1407 1 11 1
372 0 10 1410 1 4 1
373 1 1 1414 715 7302 1072
374 0 7 1417 51 187 76
375 0 1 1421 1 9 1
376 0 2 1424 9737 111478 14605
377 0 2 1427 1 11 1
378 1 1 1431 6352 71439 9528
379 0 23 1434 1 3 1
380 0 6 1439 1 4 1
381 1 18 1443 101295 626990 151942
382 0 2 1448 240 2326 360
383 1 2 1452 4 33 6
384 0 8 1456 1 5 1
385 1 2 1460 20 170 30
386 0 4 1463 3 9 4
387 1 9 1467 10 31 15
388 1 2 1471 13835 160694 20752
389 1 2 1475 11 90 16
390 1 1 1479 100 927 150
391 0 19 1482 1 3 1
392 0 5 1487 1 3 1
393 0 7 1491 1 4 1
394 0 2 1495 1 11 1
395 1 4 1499 1 5 1
396 0 3 1503 265 1118 397
397 0 1 1507 56 504 84
398 1 1 1510 1 10 1
399 1 3 1513 1 4 1
400 1 2 1517 1 10 1
401 1 8 1521 1 5 1
402 1 3 1525 3 10 4
403 0 8 1529 2 7 3
404 0 5 1533 1 5 1
405 0 9 1537 4 12 6
406 1 2 1541 7 56 10
407 0 2 1545 1 9 1
408 0 1 1548 135 1272 202
409 0 3 1551 116 457 174
410 0 1 1555 29 252 43
411 1 4 1558 1 4 1
412 0 1 1562 667 6790 1000
413 1 10 1565 196808 1261474 295212
414 1 1 1569 96094 1204235 144141
415 1 2 1572 1 10 1
416 1 4 1575 10 31 15
417 1 2 1579 11 90 16
418 0 3 1582 1 5 1
419 1 11 1586 32 112 48
420 1 2 1590 41 363 61
421 0 2 1594 8 64 12
422 0 3 1598 17 56 25
423 1 2 1602 3 25 4
424 0 1 1606 3067 33437 4600
425 1 1 1608 1 10 1
426 0 5 1611 2 6 3
427 1 23 1615 1 5 1
428 0 3 1620 1571 16630 2356
429 0 21 1624 8 24 12
430 1 1 1629 1 9 1
431 0 3 1632 136 1282 204
432 1 6 1636 2 6 3
433 1 12 1640 1 4 1
434 0 3 1644 1 9 1
435 0 1 1648 200 1922 300
436 0 2 1651 4 33 6
437 1 15 1655 2 6 3
438 0 3 1659 2 7 3
439 0 2 1663 1 8 1
440 1 4 1667 3 9 4
441 0 4 1671 2 6 3
442 0 2 1675 3091 33710 4636
443 1 2 1679 28 243 42
444 0 3 1683 17 143 25
445 1 3 1687 193 794 289
446 0 3 1691 25 85 37
447 0 2 1695 918 9484 1377
448 0 1 1699 330 3249 495
449 0 1 1702 1 9 1
450 1 4 1705 105 410 157
451 1 7 1709 6898 36560 10347
452 0 1 1713 1 9 1
453 1 3 1716 1 4 1
454 1 6 1720 1 5 1
455 0 1 1724 1 8 1
456 1 32 1727 12 38 18
457 0 2 1732 1 10 1
458 0 22 1735 1 3 1
459 1 1 1740 897 9257 1345
460 1 3 1743 35 124 52
461 1 1 1747 1 10 1
462 0 4 1750 20 67 30
463 0 1 1754 190 1821 285
464 1 1 1757 288 2817 432
465 1 9 1760 4647 24021 6970
466 0 3 1764 864 3984 1296
467 0 9 1768 577 2584 865
468 0 3 1772 2 6 3
469 1 1 1776 5 40 7
470 1 1 1778 11 90 16
471 0 2 1781 6 48 9
472 0 15 1784 9 27 13
473 1 3 1788 4 32 6
474 0 3 1792 4 12 6
475 1 1 1796 12 99 18
476 0 4 1799 10 31 15
477 0 3 1803 2 17 3
478 0 3 1807 1 3 1
479 0 12 1811 9 27 13
480 0 2 1815 8 64 12
481 0 4 1819 51 187 76
482 1 9 1823 5 15 7
483 0 1 1827 14 116 21
484 0 3 1830 288 1223 432
485 1 2 1834 149 1411 223
486 0 2 1837 1 9 1
487 1 1 1840 1 8 1
488 1 9 1843 1 4 1
489 1 18 1847 3 10 4
490 1 2 1852 1 9 1
491 0 22 1855 1593 7669 2389
492 0 3 1860 2 6 3
493 1 3 1864 703 3194 1054
494 0 1 1868 1 10 1
495 1 75 1871 12 38 18
496 0 4 1876 20652 116956 30978
497 0 1 1880 7 56 10
498 0 1 1883 999 10361 1498
499 0 2 1886 335 3301 502
500 0 2 1889 34570 416508 51855
501 1 7 1892 3580 18196 5370
502 0 2 1896 1 10 1
503 1 3 1900 1 4 1
504 0 1 1904 35 307 52
505 0 1 1907 6 48 9
506 0 2 1910 438 4372 657
507 1 3 1913 16 52 24
508 1 3 1917 42549 251147 63823
509 0 2 1921 171 1630 256
510 1 1 1925 38 335 57
511 0 3 1928 1 4 1
512 1 4 1932 34 120 51
513 1 3 1936 294 2878 441
514 1 18 1940 2 6 3
515 1 2 1945 1 9 1
516 0 2 1949 100 927 150
517 1 3 1952 10922 125638 16383
518 0 1 1956 2 17 3
519 1 6 1959 2 6 3
520 0 9 1963 21 70 31
521 0 8 1967 1 4 1
522 1 5 1971 1 4 1
523 1 7 1975 1 5 1
524 0 3 1979 2 6 3
525 1 3 1983 467 2058 700
526 1 1 1987 1 10 1
527 1 2 1990 195424 2514642 293136
528 1 5 1993 1 5 1
529 1 4 1997 8759 47116 13138
530 1 3 2001 2773 13860 4159
531 0 3 2005 1 4 1
532 1 6 2009 1 3 1
533 0 9 2013 8780 47236 13170
534 0 4 2017 71 268 106
535 0 3 2021 68 256 102
536 0 3 2025 37 325 55
537 0 13 2029 22 74 33
538 0 1 2033 1 12 1
539 1 1 2036 1 11 1
540 1 2 2039 1 10 1
541 1 9 2043 1 4 1
542 0 3 2047 2 17 3
543 0 2 2051 14 116 21
544 0 2 2055 26 224 39
545 1 3 2059 9 27 13
546 0 1 2063 192989 2482164 289483
547 0 1 2066 189 1811 283
548 1 5 2069 10095 54777 15142
549 0 3 2073 50 447 75
550 0 1 2077 6 48 9
551 1 6 2080 13037 71845 19555
552 0 1 2084 1 9 1
553 1 8 2087 2 6 3
554 1 1 2091 1 12 1
555 0 3 2094 48 428 72
556 0 2 2098 2 17 3
557 1 1 2101 3 25 4
558 0 1 2104 2 17 3
559 1 9 2107 20 67 30
560 0 20 2111 8 24 12
561 1 1 2116 2905 31597 4357
562 0 6 2119 523 2324 784
563 1 12 2123 81 310 121
564 1 2 2127 1 13 1
565 0 4 2131 128 509 192
566 0 3 2135 1 4 1
567 1 5 2139 1068 5000 1602
568 1 1 2143 10 81 15
569 0 3 2146 174 1660 261
570 0 6 2150 6 18 9
571 1 2 2154 158 1500 237
572 0 3 2157 1 3 1
573 0 6 2161 2 6 3
574 0 5 2165 1 4 1
575 1 2 2169 3 25 4
576 0 5 2172 4998 25956 7497
577 1 12 2176 1 3 1
578 0 6 2180 6329 33364 9493
579 1 8 2184 22 74 33
580 0 10 2188 326 1398 489
581 0 8 2192 29 101 43
582 1 5 2196 1 4 1
583 1 10 2200 23 78 34
584 0 1 2204 1 9 1
585 0 2 2207 1 8 1
586 0 2 2211 32 279 48
587 0 1 2215 1 9 1
588 1 2 2218 1 11 1
589 1 1 2222 1 9 1
590 1 2 2225 29 252 43
591 0 20 2228 7 21 10
592 1 2 2233 1 11 1
593 1 5 2236 62 231 93
594 1 2 2240 1 12 1
595 0 2 2244 3 25 4
596 0 4 2247 1 4 1
597 0 5 2251 124 492 186
598 0 6 2255 8 24 12
599 0 3 2259 9385 50698 14077
600 1 7 2263 26 89 39
601 1 119 2267 4 13 6
602 0 2 2272 1 9 1
603 1 9 2276 32 112 48
604 0 7 2280 194 798 291
605 0 23 2284 526 2339 789
606 1 14 2289 33 116 49
607 0 5 2293 11 34 16
608 1 4 2297 2 6 3
609 1 1 2301 19327 227540 28990
610 0 2 2304 3 25 4
611 0 6 2308 150 604 225
612 0 2 2312 1543 16320 2314
613 1 1 2316 1 9 1
614 1 2 2319 11 90 16
615 1 2 2323 1 9 1
616 0 2 2326 1 9 1
617 0 2 2329 67 609 100
618 1 6 2333 80 305 120
619 0 21 2337 139 556 208
620 0 20 2342 16 52 24
621 1 4 2347 1 6 1
622 0 1 2351 1 12 1
623 0 5 2354 31 108 46
624 0 2 2358 21 179 31
625 0 19 2362 271 1145 406
626 1 8 2367 6 18 9
627 0 1 2371 305 2991 457
628 1 2 2374 1 8 1
629 0 20 2378 104 406 156
630 1 15 2383 722 3286 1083
631 1 3 2387 3 25 4
632 1 2 2391 155 1470 232
633 0 1 2394 16 134 24
634 0 3 2397 1 10 1
635 1 1 2401 141 1331 211
636 1 1 2404 1 9 1
637 0 11 2407 1 3 1
638 0 6 2411 6 18 9
639 1 1 2415 9 73 13
640 0 1 2418 403 4006 604
641 1 2 2421 34 297 51
642 0 7 2424 9 27 13
643 1 6 2428 3 10 4
644 0 10 2432 1 4 1
645 0 4 2436 51 187 76
646 0 4 2440 581 2603 871
647 0 1 2444 1 10 1
648 0 4 2447 9 27 13
649 0 1 2451 17 143 25
650 1 1 2454 368 3643 552
651 0 7 2457 4 12 6
652 1 7 2461 1 5 1
653 0 3 2465 1 11 1
654 0 2 2469 1 9 1
655 1 3 2472 4411 48848 6616
656 0 2 2476 93 859 139
657 1 2 2479 1316 13820 1974
658 1 2 2483 691076 9305391 1036614
659 0 2 2487 10 81 15
660 1 5 2491 1 5 1
661 1 5 2495 1 4 1
662 1 1 2499 8 64 12
663 1 3 2501 225 937 337
664 0 1 2505 8 64 12
665 0 2 2508 5 40 7
666 0 2 2512 1 8 1
667 0 2 2516 11 90 16
668 1 1 2520 1 9 1
669 1 13 2523 4 12 6
670 0 2 2527 2422 26135 3633
671 1 8 2531 1 4 1
672 0 2 2535 1551 16409 2326
673 1 1 2539 4 33 6
674 0 4 2542 1 3 1
675 1 9 2546 23 78 34
676 1 6 2550 47 171 70
677 1 12 2554 4432 22840 6648
678 0 2 2558 289 2827 433
679 0 2 2562 82 753 123
680 1 6 2565 1 4 1
681 1 8 2569 2 6 3
682 0 1 2573 3 25 4
683 0 1 2576 46 409 69
684 1 2 2579 55 494 82
685 1 7 2583 157198 995890 235797
686 0 4 2587 117 461 175
687 0 4 2591 2 6 3
688 0 4 2595 1678 8108 2517
689 0 1 2599 1 9 1
690 0 3 2602 72 272 108
691 0 2 2606 1 9 1
692 1 3 2610 1 4 1
693 1 2 2614 357 3528 535
694 0 2 2618 295934 3866053 443901
695 0 4 2622 2 6 3
696 0 1 2626 2005 21456 3007
697 1 11 2628 1979 9670 2968
698 1 2 2632 2 17 3
699 0 1 2635 2 17 3
700 0 1 2638 13 107 19
701 0 2 2641 16 134 24
702 0 3 2645 71 268 106
703 1 2 2649 154 1460 231
704 1 1 2652 5 40 7
705 0 1 2655 1413 14887 2119
706 0 1 2658 31 270 46
707 1 2 2661 580 5866 870
708 1 1 2664 31 270 46
709 1 1 2667 1 11 1
710 0 3 2670 533 2373 799
711 0 3 2674 1 4 1
712 1 4 2678 5 15 7
713 0 4 2682 14 45 21
714 1 14 2686 2 7 3
715 1 2 2690 1 11 1
716 1 1 2694 3 25 4
717 0 2 2696 1 10 1
718 0 2 2700 5671 63476 8506
719 0 3 2704 1 8 1
720 0 2 2708 150 1421 225
721 0 2 2711 3049 33232 4573
722 1 3 2715 71 268 106
723 1 2 2719 1 9 1
724 1 9 2722 1 3 1
725 1 5 2726 12 38 18
726 1 4 2730 1 4 1
727 1 3 2734 1 9 1
728 1 11 2738 104 406 156
729 1 5 2742 8 24 12
730 1 10 2746 1 3 1
731 1 1 2750 1 11 1
732 0 3 2753 1 9 1
733 0 1 2757 172 1640 258
734 1 1 2760 52 466 78
735 1 2 2763 109 1016 163
736 1 3 2767 1 4 1
737 0 3 2771 42 372 63
738 1 4 2775 154249 976240 231373
739 1 2 2779 3 25 4
740 1 3 2782 130 1222 195
741 0 1 2786 5249 58561 7873
742 1 18 2789 1 4 1
743 1 1 2794 1 10 1
744 0 3 2797 451 1982 676
745 0 1 2801 11 90 16
746 1 9 2804 1 3 1
747 1 5 2808 1 3 1
748 0 7 2812 3 10 4
749 1 3 2816 1 4 1
750 1 2 2820 5 40 7
751 0 3 2823 1 5 1
752 1 2 2827 37 326 55
753 0 3 2830 1 11 1
754 1 1 2834 6 48 9
755 0 2 2837 1 11 1
756 1 8 2841 325 1393 487
757 1 2 2845 60 542 90
758 0 8 2849 1 4 1
759 1 12 2853 11 34 16
760 0 7 2857 26350 151351 39525
761 0 5 2861 10 31 15
762 0 2 2865 53 475 79
763 0 8 2869 25 85 37
764 1 7 2873 5 15 7
765 1 14 2877 7 21 10
766 1 5 2881 37 131 55
767 0 3 2885 1 5 1
768 0 1 2889 1 9 1
769 1 3 2891 1 10 1
770 1 5 2895 1032 4820 1548
771 0 2 2899 21 179 31
772 0 4 2903 1 4 1
773 0 3 2907 1 3 1
774 0 6 2911 1 4 1
775 1 2 2915 1 9 1
776 1 3 2919 71 647 106
777 1 2 2923 6 48 9
778 1 1 2926 4282 47360 6423
779 1 5 2929 1 3 1
780 1 8 2933 16 52 24
781 0 2 2937 117 1094 175
782 0 2 2941 24 206 36
783 1 2 2944 1 9 1
784 0 18 2947 561 2507 841
785 1 11 2952 3 9 4
786 0 1 2956 1 10 1
787 0 2 2959 1 11 1
788 1 1 2963 62 561 93
789 0 8 2966 1 3 1
790 0 2 2970 3 25 4
791 0 45 2974 1 4 1
792 0 3 2979 4 12 6
793 1 2 2983 10 81 15
794 1 4 2986 1 4 1
795 1 1 2990 51 456 76
796 1 2 2993 1 13 1
797 0 4 2996 1 3 1
798 0 1 3000 41 363 61
799 0 10 3003 105 410 157
800 1 2 3007 278 2715 417
801 1 14 3011 7 21 10
802 0 7 3015 1 4 1
803 1 2 3019 12 99 18
804 0 2 3023 525 5285 787
805 1 1 3026 1 9 1
806 0 1 3029 1 10 1
807 0 23 3032 1 3 1
808 0 3 3037 1 10 1
809 0 4 3041 1 4 1
810 0 4 3045 417 1822 625
811 0 3 3049 1 11 1
812 1 2 3053 1080 11241 1620
813 1 1 3057 4 33 6
814 1 73 3060 2 6 3
815 1 1 3065 1 10 1
816 1 3 3068 1 3 1
817 0 1 3072 1 11 1
818 0 5 3075 40 143 60
819 1 1 3079 1 9 1
820 1 1 3082 154 1460 231
821 0 3 3085 454 1997 681
822 0 1 3089 2 17 3
823 0 2 3092 24 206 36
824 1 5 3096 31 108 46
825 1 2 3100 128 1202 192
826 0 11 3104 1 4 1
827 1 7 3108 6 18 9
828 1 17 3112 6 18 9
829 1 1 3117 1 11 1
830 1 8 3120 149 600 223
831 1 4 3124 14 45 21
832 0 6 3128 2452629 17769199 3678943
833 0 1 3132 994 10307 1491
834 1 1 3135 563 5686 844
835 1 2 3138 3 25 4
836 0 2 3142 2 17 3
837 1 21 3146 34 120 51
838 0 7 3151 1 4 1
839 0 2 3155 1 9 1
840 1 11 3159 5 15 7
841 1 7 3163 1 4 1
842 1 2 3167 18 152 27
843 0 4 3171 281 1191 421
844 0 2 3175 2 17 3
845 0 1 3179 2 17 3
846 1 1 3182 1454 15338 2181
847 0 3 3185 1 5 1
848 1 3 3189 94 364 141
849 0 3 3193 3 10 4
850 1 3 3197 2 7 3
851 1 2 3201 5430 60667 8145
852 0 2 3204 1471 15526 2206
853 0 1 3208 1 9 1
854 0 9 3211 1 3 1
855 1 1 3215 1 9 1
856 1 2 3217 2 17 3
857 1 3 3221 18 152 27
858 0 4 3225 151 608 226
859 1 1 3229 34 298 51
860 1 5 3231 66 247 99
861 0 4 3235 1 3 1
862 1 3 3239 442 4413 663
863 1 1 3243 86 792 129
864 0 2 3246 112 1045 168
865 1 24 3250 67 252 100
866 0 16 3255 1 4 1
867 1 2 3260 11679 134716 17518
868 1 11 3264 348208 2297683 522312
869 0 3 3268 3 10 4
870 1 2 3272 3795 41757 5692
871 1 4 3276 1 3 1
872 1 1 3280 1 11 1
873 1 3 3283 2452 12156 3678
874 0 10 3287 46 167 69
875 1 2 3291 5 40 7
876 0 2 3295 82 753 123
877 0 2 3299 8595 97896 12892
878 1 1 3302 1 11 1
879 1 1 3305 3 25 4
880 0 23 3308 30 104 45
881 0 5 3313 1 6 1
882 0 1 3317 318 3125 477
883 1 2 3320 27 233 40
884 1 7 3323 433 1898 649
885 1 4 3327 16 52 24
886 1 5 3331 27 93 40
887 0 1 3335 147 1390 220
888 1 3 3338 1 10 1
889 0 2 3342 167 1590 250
890 0 1 3346 3 25 4
891 1 4 3349 117 462 175
892 0 2 3353 1 10 1
893 0 4 3356 1 3 1
894 1 1 3360 4070 44917 6105
895 1 6 3363 5 15 7
896 1 5 3367 3 10 4
897 0 2 3371 1 8 1
898 1 2 3374 602 6099 903
899 1 3 3378 1 4 1
900 0 38 3382 61 227 91
901 1 5 3387 209 865 313
902 0 2 3391 38 335 57
903 1 2 3395 1 9 1
904 1 9 3399 45 163 67
905 1 1 3403 21 179 31
906 0 1 3406 4693 52109 7039
907 0 14 3409 1 4 1
908 0 8 3413 6 18 9
909 0 7 3417 154 622 231
910 1 1 3421 17 143 25
911 0 1 3424 2 17 3
912 0 2 3427 1 12 1
913 1 1 3430 1 10 1
914 1 8 3433 3 10 4
915 1 30 3437 1419 6777 2128
916 0 3 3442 1 5 1
917 0 1 3446 15 125 22
918 1 2 3449 1 9 1
919 1 1 3453 1 10 1
920 0 3 3456 4 33 6
921 1 5 3460 2087 10235 3130
922 1 2 3464 3 25 4
923 1 5 3467 1 4 1
924 0 5 3471 4280 22008 6420
925 1 1 3475 121 1133 181
926 1 3 3478 2 7 3
927 1 6 3482 37 131 55
928 1 3 3486 285 1209 427
929 0 8 3490 1 4 1
930 0 2 3494 1 9 1
931 1 3 3497 3821 19504 5731
932 0 2 3501 12 99 18
933 1 2 3505 12 99 18
934 0 1 3508 8 64 12
935 1 10 3511 72 272 108
936 0 8 3515 101 393 151
937 1 1 3519 9 73 13
938 1 2 3522 590 5972 885
939 1 7 3525 74 280 111
940 1 14 3529 1 3 1
941 1 2 3533 1 10 1
942 1 10 3537 4 12 6
943 0 1 3541 1 9 1
944 0 5 3544 1 4 1
945 1 4 3548 1 3 1
946 1 5 3552 1 4 1
947 0 1 3556 40 353 60
948 0 1 3559 184 1761 276
949 1 3 3562 1 9 1
950 1 3 3566 797 3654 1195
951 1 4 3570 20 67 30
952 0 9 3574 1 3 1
953 0 9 3578 18 59 27
954 1 6 3582 1203 5680 1804
955 1 2 3586 40 353 60
956 0 2 3589 8 64 12
957 1 1 3592 116 1084 174
958 0 7 3595 230 959 345
959 0 2 3599 1 10 1
960 1 2 3603 2 17 3
961 0 3 3607 411 1794 616
