0 0 17 5 4 12 6
1 0 4 15 6 18 9
2 0 1 23 12 99 18
3 1 1 28 4404 48768 6606
4 1 3 33 1 9 1
5 1 1 40 1 9 1
6 1 6 46 5719 29956 8578
7 1 5 55 230 959 345
8 1 2 64 2 17 3
9 1 2 70 8 64 12
10 1 25 77 1 5 1
11 1 2 88 19 161 28
12 0 5 95 14 45 21
13 0 3 103 1 9 1
14 0 2 110 6 48 9
15 0 13 117 2 7 3
16 1 3 127 1 6 1
17 1 22 134 109 427 163
18 1 3 145 168 683 252
19 1 3 153 95 879 142
20 0 1 160 4 33 6
21 1 2 166 7 56 10
22 1 58 172 2475 12277 3712
23 1 3 184 579 5855 868
24 0 2 191 118 1104 177
25 1 2 197 2 17 3
26 1 1 204 2 17 3
27 1 1 206 11453 132003 17179
28 1 1 211 603 6109 904
29 0 5 216 2269 11190 3403
30 0 3 224 1 6 1
31 0 2 231 2 17 3
32 0 2 237 3 25 4
33 1 2 243 43 381 64
34 0 4 249 3411 17283 5116
35 1 3 257 1 5 1
36 0 7 264 7 21 10
37 0 21 273 3 9 4
38 1 5 284 2 7 3
39 0 1 292 1 10 1
40 1 2 296 675 6875 1012
41 1 4 303 1460 6987 2190
42 1 3 311 1 9 1
43 0 45 318 3 10 4
44 0 3 330 327 1402 490
45 1 6 338 10 31 15
46 1 2 347 1 10 1
47 1 2 353 1 10 1
48 1 10 359 2 7 3
49 0 5 369 117 461 175
50 1 1 377 1 9 1
51 1 3 382 3 25 4
52 1 4 389 48 175 72
53 1 4 397 61 227 91
54 1 5 405 1 5 1
55 0 1 413 62 561 93
56 1 10 418 2379 11770 3568
57 0 4 427 63982 386299 95973
58 0 1 435 1 11 1
59 1 1 441 11 90 16
60 0 1 446 471 4717 706
61 1 1 451 1 8 1
62 1 4 455 2 7 3
63 1 3 463 48 428 72
64 1 2 470 3 25 4
65 0 2 477 1 11 1
66 1 5 484 1 4 1
67 0 3 492 41997 509857 62995
68 0 1 499 1787 19025 2680
69 0 4 504 2 7 3
70 0 6 512 16 52 24
71 0 1 521 27 233 40
72 0 3 526 1 4 1
73 1 6 533 2 6 3
74 0 3 542 11 34 16
75 1 2 550 1 9 1
76 0 1 557 1541 16298 2311
77 1 3 563 305 1301 457
78 1 6 571 1 4 1
79 1 11 580 1 3 1
80 1 12 590 1 5 1
81 0 7 600 69 260 103
82 0 2 609 2 17 3
83 0 1 615 1 10 1
84 1 19 620 22 74 33
85 1 1 631 8 64 12
86 0 9 636 8 24 12
87 1 1 645 847 8718 1270
88 0 6 650 3 10 4
89 0 3 659 5236 27273 7854
90 0 2 667 1 9 1
91 1 10 674 22 74 33
92 1 2 684 1 10 1
93 0 2 690 45914 559347 68871
94 1 22 696 63 235 94
95 0 19 707 4 12 6
96 0 1 718 1 8 1
97 1 1 721 137420 1745379 206130
98 0 8 727 1 4 1
99 0 5 736 1298 6161 1947
100 1 1 744 1 9 1
101 0 10 749 1 4 1
102 1 4 759 16 52 24
103 0 3 767 167 1590 250
104 0 3 774 5 15 7
105 1 6 782 2 6 3
106 0 1 791 1 9 1
107 0 3 794 1 9 1
108 0 3 801 375 3715 562
109 0 1 808 30068 360282 45102
110 1 3 813 1 4 1
111 1 2 820 644 6545 966
112 0 24 826 8 24 12
113 1 1 837 3 25 4
114 0 1 841 9 73 13
115 1 1 846 1 11 1
116 1 9 851 7 21 10
117 0 2 860 4 33 6
118 1 3 867 151437 957521 227155
119 0 2 874 203 1952 304
120 1 1 881 102 947 153
121 0 4 885 9 27 13
122 1 7 893 1 4 1
123 0 19 902 8 24 12
124 0 3 913 2 7 3
125 1 2 920 3 25 4
126 1 4 927 21 70 31
127 0 2 935 40 353 60
128 1 4 941 2 7 3
129 1 5 949 19 63 28
130 1 2 957 1 11 1
131 1 1 964 3 25 4
132 0 4 968 1 3 1
133 1 17 976 1 5 1
134 1 6 986 1 5 1
135 0 5 995 1 4 1
136 1 9 1003 36 128 54
137 0 1 1012 8 64 12
138 0 1 1017 238 2306 357
139 0 1 1021 212 2043 318
140 0 2 1026 1 9 1
141 1 2 1033 3 25 4
142 1 5 1040 96 372 144
143 1 2 1048 895 9236 1342
144 0 3 1054 6 48 9
145 0 34 1061 1 4 1
146 0 3 1072 7 56 10
147 0 5 1079 1 4 1
148 0 3 1087 32 279 48
149 0 45 1094 7 21 10
150 1 10 1106 2 7 3
151 0 1 1116 342 3373 513
152 1 2 1121 8 64 12
153 1 3 1128 2235 24032 3352
154 0 1 1135 1 9 1
155 0 2 1139 4 33 6
156 0 7 1146 20 67 30
157 1 3 1155 14872 173247 22308
158 0 11 1162 1 3 1
159 1 5 1172 12860 70811 19290
160 0 2 1180 1 11 1
161 1 1 1186 1 10 1
162 0 52 1191 1667 8051 2500
163 0 2 1203 1 10 1
164 1 10 1209 7 21 10
165 0 2 1219 11 90 16
166 1 5 1225 84 322 126
167 1 3 1233 28 97 42
168 0 3 1240 129 513 193
169 0 5 1248 207 856 310
170 1 4 1257 271 1145 406
171 0 4 1265 22 74 33
172 0 16 1273 56 207 84
173 1 21 1283 663 2999 994
174 1 1 1294 3 25 4
175 1 2 1297 798 8191 1197
176 0 2 1304 1 8 1
177 1 2 1310 1 12 1
178 0 11 1316 3 9 4
179 1 4 1326 10167 55192 15250
180 1 1 1334 3 25 4
181 1 4 1337 1 3 1
182 0 2 1345 1 9 1
183 0 1 1351 10 81 15
184 1 3 1357 80 305 120
185 1 11 1364 1 4 1
186 1 3 1374 3751 19124 5626
187 0 13 1381 1 4 1
188 0 1 1391 1 9 1
189 0 3 1394 243 2357 364
190 0 1 1401 1 9 1
191 0 8 1405 1 5 1
192 1 1 1414 2 17 3
193 0 14 1419 1 4 1
194 1 4 1429 2 7 3
195 1 1 1437 1 9 1
196 0 1 1442 1 9 1
197 1 8 1445 73 276 109
198 0 3 1454 54 485 81
199 1 1 1461 4 33 6
200 1 12 1466 4 12 6
201 0 3 1476 1 3 1
202 0 3 1484 8 64 12
203 0 2 1491 292 2858 438
204 0 3 1497 1 4 1
205 1 2 1505 133083 1688276 199624
206 1 9 1511 1 4 1
207 0 30 1520 1 4 1
208 0 4 1531 1760 8532 2640
209 0 4 1539 1 3 1
210 0 5 1547 267 1127 400
211 1 45 1555 3 10 4
212 1 2 1567 1 9 1
213 0 4 1573 3 9 4
214 1 3 1581 7 56 10
215 0 1 1588 279 2725 418
216 1 1 1590 1424 15008 2136
217 0 2 1595 11 90 16
218 1 2 1601 37 325 55
219 0 1 1607 1 9 1
220 0 1 1613 1 9 1
221 0 2 1618 1 8 1
222 1 2 1625 5 40 7
223 1 1 1631 699 7131 1048
224 0 1 1636 10 81 15
225 0 1 1639 97 898 145
226 1 3 1644 10 31 15
227 0 1 1652 4 33 6
228 1 3 1657 28 97 42
229 0 4 1664 45 163 67
230 1 1 1672 2 17 3
231 1 8 1674 3 9 4
232 0 1 1683 1 10 1
233 0 1 1686 1 9 1
234 1 3 1691 246 1032 369
235 1 2 1698 1902971 26535415 2854456
236 0 5 1704 8 24 12
237 1 10 1712 6 18 9
238 1 14 1722 35 124 52
239 0 2 1732 1 9 1
240 1 2 1739 1 10 1
241 1 5 1746 14 45 21
242 0 10 1755 1 4 1
243 0 13 1765 1 3 1
244 0 2 1775 13 108 19
245 1 4 1781 8 24 12
246 0 5 1789 1 3 1
247 1 2 1797 35 307 52
248 0 4 1803 12 38 18
249 0 4 1811 166968 1061119 250452
250 1 3 1819 42 151 63
251 0 6 1827 187 767 280
252 0 6 1836 861 3970 1291
253 1 8 1845 1 4 1
254 1 7 1854 132 526 198
255 1 2 1863 25 215 37
256 0 1 1869 370 3663 555
257 0 4 1873 30 104 45
258 0 4 1881 1 5 1
259 0 13 1889 1 4 1
260 1 3 1899 1 10 1
261 1 1 1906 1 8 1
262 1 7 1911 203 838 304
263 1 1 1920 7 56 10
264 0 3 1924 1 4 1
265 1 2 1931 1 10 1
266 0 26 1938 2 6 3
267 1 5 1949 10 31 15
268 0 13 1957 14 45 21
269 1 10 1967 1 6 1
270 0 5 1977 1 4 1
271 1 4 1986 27 93 40
272 0 1 1994 1 10 1
273 1 12 1999 4459 22988 6688
274 1 1 2009 1 10 1
275 0 4 2015 6102 32093 9153
276 1 1 2023 6 48 9
277 1 4 2028 8 24 12
278 1 12 2036 1 4 1
279 0 4 2046 143 574 214
280 1 8 2054 21 70 31
281 0 1 2063 1314 13798 1971
282 1 3 2067 1 3 1
283 0 1 2074 4 33 6
284 0 1 2078 155 1470 232
285 1 3 2083 1 11 1
286 1 2 2090 1 10 1
287 0 8 2096 1 4 1
288 1 8 2105 3 10 4
289 0 5 2114 6 18 9
290 0 1 2122 12 98 18
291 0 2 2125 2 17 3
292 1 3 2131 1 4 1
293 1 1 2138 135 1272 202
294 0 2 2143 1 9 1
295 1 1 2150 1 9 1
296 1 1 2154 37 325 55
297 1 11 2160 9 27 13
298 0 1 2170 26 224 39
299 1 1 2176 970 10046 1455
300 0 6 2181 16 52 24
301 0 1 2190 42 372 63
302 1 12 2194 1 5 1
303 0 5 2204 1 4 1
304 1 13 2212 47779 283852 71668
305 0 1 2222 88 811 132
306 1 5 2227 24 82 36
307 0 4 2235 30 104 45
308 1 3 2243 1 9 1
309 1 3 2250 30 261 45
310 1 1 2257 76854 955000 115281
311 0 11 2263 15734 87687 23601
312 0 1 2273 15 125 22
313 0 8 2279 1 3 1
314 1 7 2288 338 1453 507
315 1 3 2297 26 224 39
316 0 7 2304 1 4 1
317 0 4 2313 41464 244388 62196
318 0 16 2321 1 4 1
319 1 1 2331 1 11 1
320 1 1 2336 3 25 4
321 1 2 2338 871 8977 1306
322 1 8 2345 262 1104 393
323 0 1 2354 22 188 33
324 0 3 2360 1 9 1
325 1 2 2367 155 1470 232
326 1 2 2374 68 618 102
327 0 1 2380 62 561 93
328 0 12 2385 1 4 1
329 1 1 2395 1 10 1
330 1 13 2401 4 12 6
331 0 9 2411 138 552 207
332 0 2 2420 5 41 7
333 1 4 2427 1 4 1
334 0 1 2435 1 9 1
335 0 2 2440 1 9 1
336 0 1 2446 2 17 3
337 1 2 2451 1 9 1
338 0 4 2458 1 4 1
339 0 3 2466 107 419 160
340 0 9 2474 1 3 1
341 1 1 2483 1 9 1
342 0 2 2488 3 25 4
343 0 31 2494 2 6 3
344 0 6 2505 12190 66906 18285
345 0 4 2514 3 10 4
346 0 1 2522 3 25 4
347 1 10 2525 6 18 9
348 1 1 2535 428 4267 642
349 0 3 2539 7 56 10
350 1 4 2546 213 883 319
351 1 4 2554 8 24 12
352 1 18 2562 16 52 24
353 1 2 2572 1 10 1
354 1 3 2578 111 1035 166
355 0 4 2585 37 131 55
356 0 9 2593 151 609 226
357 1 2 2602 16515 193206 24772
358 0 4 2609 13 41 19
359 1 2 2617 3 25 4
360 1 4 2623 21 70 31
361 1 2 2631 11064 127339 16596
362 0 9 2637 9 27 13
363 0 1 2646 79 724 118
364 1 6 2651 1 5 1
365 0 1 2660 1 10 1
366 1 6 2664 1 4 1
367 0 2 2673 1 10 1
368 0 2 2679 1 9 1
369 0 1 2686 82 753 123
370 0 13 2691 112 440 168
371 0 4 2701 39 139 58
372 0 2 2709 10 81 15
373 1 4 2716 1 4 1
374 0 5 2724 1 4 1
375 0 5 2732 8 24 12
376 1 1 2740 606 6141 909
377 1 1 2744 7 56 10
378 1 29 2749 28 97 42
379 0 3 2760 917 4247 1375
380 1 2 2768 1 10 1
381 1 16 2774 1 4 1
382 0 1 2784 11 90 16
383 0 2 2787 417 4152 625
384 1 6 2793 518 2301 777
385 0 2 2802 1 10 1
386 0 6 2808 17 56 25
387 0 6 2817 1 4 1
388 0 1 2826 87 801 130
389 0 2 2829 8 64 12
390 1 12 2836 1 4 1
391 1 1 2846 1 13 1
392 1 15 2851 22 74 33
393 0 10 2861 5570 29127 8355
394 0 2 2871 757 7751 1135
395 0 1 2878 2 17 3
396 1 2 2883 1 10 1
397 0 1 2889 1091 11361 1636
398 1 5 2893 9 27 13
399 1 4 2901 1 3 1
400 0 2 2909 217 2093 325
401 1 3 2915 151 1430 226
402 0 18 2922 7506 39992 11259
403 1 5 2932 25 85 37
404 1 1 2940 1 9 1
405 0 1 2945 250 2429 375
406 1 9 2950 1 3 1
407 1 2 2959 2546 27533 3819
408 0 2 2965 1 9 1
409 0 3 2972 1 9 1
410 1 2 2979 1 9 1
411 1 12 2986 10 31 15
412 0 1 2996 67 609 100
413 0 2 3001 105 977 157
414 0 3 3008 1 5 1
415 1 2 3015 1 9 1
416 0 3 3022 85 326 127
417 1 4 3030 366 1583 549
418 0 3 3038 18 59 27
419 1 1 3046 11 90 16
420 0 1 3051 224 2164 336
421 0 2 3056 7828 88814 11742
422 0 2 3063 31 270 46
423 0 106 3070 1 4 1
424 1 6 3083 16857 94331 25285
425 0 12 3092 22 74 33
426 0 5 3102 1793 8703 2689
427 1 1 3110 2 17 3
428 1 1 3115 1 9 1
429 0 26 3120 351 1514 526
430 1 1 3131 5 40 7
431 1 1 3136 1 11 1
432 1 4 3142 43 155 64
433 0 4 3150 5 15 7
434 1 3 3158 13 41 19
435 1 1 3166 1 9 1
436 1 9 3170 27754 159892 41631
437 0 18 3179 1 4 1
438 1 3 3189 1339 6369 2008
439 1 8 3196 10 31 15
440 1 6 3205 4854508 36268149 7281762
441 1 7 3214 2 6 3
442 1 6 3223 5 15 7
443 0 8 3232 1 4 1
444 1 6 3241 646525 4398625 969787
445 0 2 3250 23 197 34
446 1 8 3256 25 85 37
447 0 1 3265 6311 70959 9466
448 1 5 3268 9 27 13
449 1 14 3276 114 449 171
450 1 5 3286 1 3 1
451 0 8 3294 1 3 1
452 0 6 3303 13 41 19
453 1 9 3312 1 3 1
454 1 8 3321 1 3 1
455 1 1 3330 2 17 3
456 0 2 3335 6 48 9
457 0 3 3341 1 5 1
458 0 30 3348 62 231 93
459 1 3 3359 2 7 3
460 1 1 3366 1 9 1
461 0 3 3371 3 9 4
462 0 1 3378 17 143 25
463 0 3 3382 55 494 82
464 1 2 3389 1 9 1
465 0 7 3396 645 2912 967
466 1 1 3405 1 10 1
467 1 2 3410 2 17 3
468 0 2 3416 1 9 1
469 0 2 3423 1 9 1
470 1 1 3429 36 316 54
471 1 10 3435 17 56 25
472 0 1 3445 29 251 43
473 0 9 3449 1 4 1
474 0 3 3458 19 160 28
475 0 2 3465 1 9 1
476 0 1 3471 10 81 15
477 0 1 3475 1 9 1
478 1 3 3480 1 9 1
479 0 1 3487 36 316 54
480 1 1 3491 28194 336969 42291
481 0 2 3493 1 9 1
482 0 42 3499 179 732 268
483 1 6 3511 2 6 3
484 0 4 3520 1 3 1
485 1 4 3528 18 59 27
486 0 4 3536 12 38 18
487 0 5 3544 650 2936 975
488 1 7 3552 65 244 97
489 1 2 3561 38 335 57
490 0 11 3567 1 5 1
491 0 1 3577 56 504 84
492 0 1 3582 278 2714 417
493 0 2 3587 21 178 31
494 1 3 3593 1 13 1
495 1 7 3600 2 6 3
496 0 13 3609 1 3 1
