0 0 5 5 2 17 3
1 0 1 9 90 830 135
2 1 2 12 36802 444489 55203
3 1 2 15 831 8546 1246
4 1 5 18 1 10 1
5 0 4 22 1 9 1
6 1 2 26 68 618 102
7 0 7 29 1 4 1
8 0 1 33 1 10 1
9 0 23 35 255 1072 382
10 0 5 40 152 1440 228
11 0 2 44 30 261 45
12 1 1 47 166 1580 249
13 1 1 49 457 4570 685
14 0 1 51 1 11 1
15 0 1 53 1 9 1
16 1 1 55 3 25 4
17 1 2 57 52 466 78
18 0 2 60 1 11 1
19 0 1 63 17 143 25
20 0 5 66 37 325 55
21 1 3 70 2 17 3
22 1 4 74 204 1962 306
23 0 1 78 10 81 15
24 1 5 80 11 90 16
25 1 3 84 26 224 39
26 1 1 88 1348 14172 2022
27 1 6 91 1 9 1
28 1 1 95 138 1301 207
29 0 3 97 744 7612 1116
30 1 2 101 1 12 1
31 0 1 104 1 11 1
32 1 1 106 4 33 6
33 0 4 109 81940 1020684 122910
34 1 2 113 5 40 7
35 0 1 116 1 8 1
36 1 3 119 2918 31744 4377
37 0 3 123 1 8 1
38 1 3 127 76 695 114
39 0 2 131 30 261 45
40 0 3 134 1 9 1
41 0 17 138 31 108 46
42 0 1 143 1 9 1
43 0 3 146 1 8 1
44 0 1 150 1 13 1
45 1 2 152 1142 11916 1713
46 1 8 155 1 4 1
47 0 2 160 1 12 1
48 0 7 163 2 7 3
49 1 4 168 1 9 1
50 1 3 172 64 580 96
51 0 3 176 15 125 22
52 1 3 180 3 25 4
53 0 3 184 2 17 3
54 0 1 188 572 5781 858
55 1 8 190 1 4 1
56 1 5 195 1 9 1
57 1 9 199 1 5 1
58 1 1 204 1 11 1
59 0 2 206 1 9 1
60 1 31 209 1 5 1
61 0 1 215 107 996 160
62 1 6 217 1 11 1
63 1 9 221 257 1082 385
64 1 2 226 1 10 1
65 0 5 229 2 17 3
66 0 3 233 1 10 1
67 1 4 237 8 64 12
68 1 4 241 1 10 1
69 1 3 245 8 64 12
70 1 14 249 2 6 3
71 1 6 254 1 11 1
72 0 1 258 25 215 37
73 1 10 260 6 18 9
74 0 5 265 7 56 10
75 1 2 269 928 9592 1392
76 0 5 272 5 41 7
77 0 1 276 287 2806 430
78 1 4 278 18 152 27
79 1 2 282 785 8052 1177
80 0 8 285 1 5 1
81 1 4 290 9 72 13
82 0 9 294 1700 8221 2550
83 0 3 299 1 10 1
84 1 7 303 3 10 4
85 0 3 307 335 3301 502
86 0 3 311 613 6215 919
87 0 5 315 98 908 147
88 1 1 319 33262 400142 49893
89 0 3 321 1 8 1
90 1 3 325 28 242 42
91 1 1 329 15 125 22
92 0 3 332 1 9 1
93 1 1 336 1 10 1
94 1 2 338 1283 13458 1924
95 1 1 341 2 17 3
96 0 5 344 365 3611 547
97 1 3 348 75 685 112
98 0 2 352 34 298 51
99 0 4 355 12476 144299 18714
100 0 4 359 1 11 1
101 1 1 363 17 143 25
102 1 16 365 6 18 9
103 1 6 370 44 391 66
104 0 1 374 440 4392 660
105 1 2 377 52659 644932 78988
106 0 2 380 1 9 1
107 1 3 383 14 116 21
108 1 1 387 1 13 1
109 0 1 389 3013 32823 4519
110 0 2 391 147 1391 220
111 0 87 394 453 1992 679
112 0 1 400 1 13 1
113 0 2 402 19 161 28
114 0 20 405 6 18 9
115 0 1 410 74 676 111
116 1 4 413 755 7730 1132
117 0 6 417 1 9 1
118 1 16 421 15 48 22
119 1 6 426 254 2469 381
120 0 5 430 8 64 12
121 0 1 434 211 2032 316
122 1 1 436 1 8 1
123 0 1 439 2 17 3
124 0 27 441 1 5 1
125 1 6 447 8 64 12
126 0 1 451 6 48 9
127 1 3 454 7 56 10
128 1 12 458 1 4 1
129 1 1 463 83 762 124
130 0 1 465 2 17 3
131 0 2 468 1616 17128 2424
132 0 3 471 1 10 1
133 0 2 474 16 134 24
134 0 1 477 1 8 1
135 0 1 479 1 9 1
136 0 6 481 7 56 10
137 1 3 485 1 11 1
138 0 3 489 1 11 1
139 1 1 493 1 9 1
140 0 2 495 83 762 124
141 0 2 498 13 107 19
142 0 11 501 852 3925 1278
143 0 2 506 8397 95548 12595
144 1 3 509 3 25 4
145 1 3 513 1 8 1
146 0 2 517 134 1262 201
147 0 1 520 25 215 37
148 0 3 523 2 17 3
149 0 3 527 123 1153 184
150 1 10 531 1 4 1
151 1 13 536 1 5 1
152 0 3 541 1 8 1
153 1 1 545 1 9 1
154 1 1 547 69 628 103
155 0 4 550 20 170 30
156 0 2 554 1 11 1
157 1 1 557 1 10 1
158 1 3 559 4 33 6
159 0 1 563 1 10 1
160 0 7 565 46 167 69
161 1 6 570 1 10 1
162 0 1 574 13 107 19
163 1 9 576 1 4 1
164 0 5 581 16 134 24
165 0 3 585 2 17 3
166 1 13 589 9 27 13
167 0 5 594 1 10 1
168 0 6 598 1198 12528 1797
169 1 2 602 50 447 75
170 1 3 605 11 90 16
171 1 1 609 2 17 3
172 0 7 612 34 120 51
173 0 2 617 436 4350 654
174 0 5 620 1 12 1
175 0 73 624 304 1296 456
176 1 6 630 7 56 10
177 0 8 634 10 31 15
178 0 3 639 67 609 100
179 1 6 643 2 17 3
180 1 5 647 40 353 60
181 0 4 651 208 2002 312
182 1 1 655 2 17 3
183 1 2 657 2145 23023 3217
184 0 2 660 2949212 41735602 4423818
185 0 2 663 1 11 1
186 1 5 666 3 25 4
187 1 10 670 3420 17331 5130
188 1 1 675 1 11 1
189 0 2 677 157 1490 235
190 1 1 680 1 10 1
191 0 8 682 4 12 6
192 0 1 687 249 2418 373
193 1 8 689 1 3 1
194 1 2 694 23 197 34
195 0 15 697 1 5 1
196 1 5 702 56 504 84
197 0 1 706 331 3260 496
198 0 3 709 8 64 12
199 1 4 713 1 9 1
200 0 4 717 53 475 79
201 1 7 721 2 7 3
202 1 1 726 1 9 1
203 0 2 728 1 9 1
204 0 18 731 1 3 1
205 0 13 736 1 4 1
206 0 4 741 1 9 1
207 1 4 745 74432 923777 111648
208 1 1 749 808 8299 1212
209 1 2 750 718 7334 1077
210 1 3 753 23 197 34
211 1 6 757 4 33 6
212 1 2 761 1 10 1
213 1 6 764 1 9 1
214 0 3 768 2 17 3
215 0 8 771 2756 13769 4134
216 1 10 776 2279 11243 3418
217 0 29 781 1 4 1
218 1 2 787 4 33 6
219 1 11 790 1 4 1
220 1 3 795 167 1590 250
221 0 9 799 1 4 1
222 0 1 804 4 33 6
223 1 2 807 50 447 75
224 1 2 810 2 17 3
225 0 17 813 3 9 4
226 1 2 818 846 8707 1269
227 0 1 821 1 9 1
228 0 8 824 1 4 1
229 1 9 829 1 4 1
230 1 4 834 1 9 1
231 1 3 838 38527 466158 57790
232 0 1 842 52 466 78
233 1 1 844 21 179 31
234 0 1 846 1 9 1
235 1 1 848 12012 138717 18018
236 0 2 850 1 10 1
237 1 1 853 3367 36856 5050
238 0 1 854 2 17 3
239 1 6 857 134 1262 201
240 0 2 861 13 107 19
241 1 1 864 1 9 1
242 1 3 867 4 33 6
243 1 1 871 1 12 1
244 1 31 874 106 415 159
245 0 1 880 1 8 1
246 1 3 883 9 73 13
247 0 3 887 155 1470 232
248 0 3 891 48 428 72
249 1 1 895 4 33 6
250 0 5 898 2832 30768 4248
251 1 2 902 4 33 6
252 1 9 905 2 6 3
253 1 3 910 1 9 1
254 0 1 914 12 99 18
255 1 1 916 1 9 1
256 0 10 918 29449 170235 44173
257 1 1 923 1 9 1
258 1 1 925 8 64 12
259 0 4 928 264 2571 396
260 1 3 932 1 9 1
261 1 5 936 1 11 1
262 1 7 940 17 55 25
263 0 10 944 12 38 18
264 1 2 949 1045 10860 1567
265 1 1 952 1 10 1
266 1 3 955 99 918 148
267 0 11 959 9 27 13
268 1 21 964 7 21 10
269 0 12 969 16 52 24
270 1 1 974 8 64 12
271 0 8 976 1 4 1
272 0 1 981 4 32 6
273 1 6 983 1 10 1
274 1 4 987 4 33 6
275 1 7 991 2 6 3
276 0 1 995 4 33 6
277 1 10 997 1 3 1
278 1 4 1002 852 8772 1278
279 0 7 1006 1072438 7476026 1608657
280 1 3 1010 351 3466 526
281 1 2 1014 22 188 33
282 1 2 1017 283 2766 424
283 0 2 1020 8 64 12
284 0 1 1023 2 17 3
285 0 5 1025 1 9 1
286 1 6 1029 1 11 1
287 1 4 1033 27 233 40
288 0 3 1037 1 9 1
289 0 1 1041 6 48 9
290 1 2 1044 1 8 1
291 1 4 1047 2 17 3
292 1 3 1051 1 11 1
293 1 7 1055 536061 3613828 804091
294 1 2 1059 86 792 129
295 1 6 1062 3 25 4
296 0 4 1066 1 9 1
297 1 1 1070 1 10 1
298 1 12 1072 1207 5700 1810
299 1 5 1077 1 10 1
300 0 1 1081 8 64 12
301 0 4 1084 2 17 3
302 0 5 1088 1 10 1
303 1 6 1092 2 17 3
304 0 10 1096 351 1514 526
305 0 11 1101 1 4 1
306 1 1 1106 1 10 1
307 0 23 1109 3 9 4
308 1 2 1114 1 9 1
309 0 1 1117 2526 27307 3789
310 0 18 1118 330 1416 495
311 1 11 1123 51 187 76
312 1 3 1128 3 25 4
313 1 2 1132 1 9 1
314 1 1 1135 2 17 3
315 0 2 1137 43277 526011 64915
316 1 3 1140 203 1952 304
317 0 2 1144 18 152 27
318 1 4 1147 1 9 1
319 1 2 1151 4 33 6
320 0 4 1154 36 316 54
321 1 1 1158 47 419 70
322 0 2 1160 26 224 39
323 0 11 1163 2 7 3
324 1 2 1168 1 9 1
325 0 1 1171 25157 299316 37735
326 0 1 1173 1 9 1
327 1 9 1176 1 4 1
328 0 3 1181 14 116 21
329 1 4 1185 11 90 16
330 1 1 1189 3 25 4
331 0 5 1192 1627 17250 2440
332 0 3 1196 43 381 64
333 1 1 1200 736 7527 1104
334 0 1 1202 1 13 1
335 1 4 1204 1 10 1
336 0 1 1208 15 125 22
337 1 3 1211 79 724 118
338 1 5 1215 586 5929 879
339 1 9 1219 1 5 1
340 0 18 1224 1 5 1
341 1 5 1229 2299 24750 3448
342 1 2 1233 4 33 6
343 1 13 1236 3495 17737 5242
344 0 1 1241 542 5464 813
345 1 26 1243 64 239 96
346 1 2 1248 216 2083 324
347 1 3 1251 1 12 1
348 0 3 1255 3 25 4
349 0 1 1259 200 1921 300
350 0 13 1261 309 1319 463
351 0 1 1266 711 7259 1066
352 0 3 1267 1 9 1
353 0 4 1271 145654 1853969 218481
354 0 1 1275 1 10 1
355 1 1 1277 1 9 1
356 0 1 1279 2 17 3
357 1 2 1281 1 11 1
358 0 2 1284 16 134 24
359 1 4 1287 18 152 27
360 0 1 1291 1 10 1
361 0 2 1293 24 206 36
362 0 3 1296 215 2073 322
363 1 1 1300 1 10 1
364 1 15 1301 1 6 1
365 1 11 1306 42957 253691 64435
366 1 2 1311 1 10 1
367 1 15 1314 37 132 55
368 1 6 1319 1 9 1
369 0 1 1323 1 10 1
370 1 3 1325 771 7902 1156
371 0 7 1329 5 15 7
372 0 3 1333 8 64 12
373 1 9 1337 169 688 253
374 0 5 1342 2 17 3
375 0 16 1346 1 4 1
376 1 5 1351 908 9376 1362
377 0 12 1355 39 139 58
378 1 4 1360 4 33 6
379 1 13 1364 1 5 1
380 1 3 1369 1 11 1
381 1 3 1373 91 840 136
382 0 1 1376 1223 12801 1834
383 0 2 1378 425 4236 637
384 1 1 1381 1 9 1
385 0 3 1383 1 9 1
386 0 5 1387 641 6513 961
387 1 8 1391 1 3 1
388 1 5 1396 23 197 34
389 0 3 1400 4 33 6
390 0 10 1404 30 104 45
391 1 3 1409 1 10 1
392 0 8 1413 3 10 4
393 1 6 1418 1 10 1
394 1 3 1422 137 1292 205
395 0 3 1426 3793 41734 5689
396 0 1 1430 1 10 1
397 1 4 1432 1 9 1
398 0 3 1436 261 2541 391
399 0 5 1440 5 40 7
400 0 2 1444 1 9 1
401 0 4 1447 2 17 3
402 0 3 1451 3 25 4
403 0 28 1455 1 3 1
404 1 6 1461 59 219 88
405 1 3 1465 835 8589 1252
406 1 2 1469 1 12 1
407 1 5 1472 39888 483281 59832
408 0 8 1476 1 3 1
409 0 3 1481 1084 11284 1626
410 0 4 1485 11 90 16
411 0 2 1489 1 9 1
412 0 1 1492 306 3002 459
413 1 2 1495 93 860 139
414 0 3 1498 244 2367 366
415 0 10 1502 1 3 1
416 1 3 1507 1 9 1
417 0 2 1511 728 7441 1092
418 1 1 1514 1 10 1
419 1 2 1516 92 850 138
420 0 11 1519 4 12 6
421 1 3 1524 108 1006 162
422 0 1 1528 1 8 1
423 1 13 1530 203 838 304
424 1 1 1535 85 782 127
425 0 1 1538 1 9 1
426 0 15 1541 737 3360 1105
427 0 1 1546 1 9 1
428 1 1 1547 1 10 1
429 0 9 1550 25327 145143 37990
430 0 3 1555 307 3012 460
431 1 2 1559 121 1134 181
432 0 5 1562 15 125 22
433 1 6 1566 1 5 1
434 0 1 1570 2 17 3
435 0 1 1572 1 8 1
436 1 3 1575 1 12 1
437 0 1 1579 1 10 1
438 0 2 1582 1 8 1
439 0 1 1585 10 81 15
440 1 3 1588 4 33 6
441 1 3 1592 13 107 19
442 0 6 1596 4 33 6
443 1 16 1600 1656 7994 2484
444 1 2 1605 28 242 42
445 0 1 1608 3 25 4
446 1 2 1610 2 17 3
447 0 4 1613 53 475 79
448 1 4 1617 29 251 43
449 1 2 1621 44 391 66
450 0 3 1624 52 466 78
451 1 1 1628 2 17 3
452 1 6 1631 227 2195 340
453 0 21 1635 1 3 1
454 1 1 1640 4 33 6
455 1 2 1643 1 12 1
456 0 1 1646 1 9 1
457 1 1 1648 2 17 3
458 0 11 1650 120381 752009 180571
459 0 1 1655 1 9 1
460 0 2 1658 454 4539 681
461 0 4 1661 1 9 1
462 1 17 1665 31 108 46
463 0 10 1670 1 5 1
464 1 4 1675 25 215 37
465 0 1 1679 1 10 1
466 1 2 1681 57 513 85
467 1 2 1684 3 25 4
468 1 3 1687 2 17 3
469 1 2 1691 3 25 4
470 1 7 1694 3 10 4
471 1 4 1698 11 90 16
472 1 12 1702 7 21 10
473 0 11 1707 272 1150 408
474 1 3 1712 1341 14095 2011
475 0 5 1716 731 7473 1096
476 1 1 1720 742 7591 1113
477 0 1 1723 2617 28335 3925
478 0 6 1725 1 4 1
479 0 2 1729 117230 1480133 175845
480 1 1 1732 24 206 36
481 0 2 1733 196 1881 294
482 1 1 1736 46 409 69
483 1 1 1738 193 1851 289
484 0 1 1741 3 25 4
485 0 7 1743 9 27 13
486 1 2 1748 1 9 1
487 0 5 1751 1 9 1
488 0 7 1755 14 45 21
489 0 9 1759 1 3 1
490 1 3 1764 4305 47625 6457
491 1 3 1768 209 2012 313
492 1 7 1772 11 34 16
493 1 2 1776 1 9 1
494 0 5 1779 475 4759 712
495 1 5 1783 48652 594036 72978
496 0 1 1787 7 56 10
497 0 3 1790 2 17 3
498 1 3 1794 143 1351 214
499 0 1 1798 210 2022 315
500 0 20 1800 5149 26791 7723
501 0 12 1805 1 6 1
502 1 4 1810 63 570 94
503 1 8 1814 1 4 1
504 0 1 1819 1 10 1
505 1 2 1822 1 10 1
506 0 3 1825 1 8 1
507 0 6 1829 5 40 7
508 1 5 1833 89 820 133
509 0 2 1837 1 9 1
510 1 2 1840 130 1222 195
511 0 2 1843 428 4267 642
512 0 6 1846 24161 138084 36241
513 0 5 1850 1 9 1
514 1 1 1854 1 10 1
515 0 4 1857 1 8 1
516 1 21 1861 1 4 1
517 0 1 1866 1 9 1
518 0 6 1869 1 9 1
519 0 49 1873 2 6 3
520 1 1 1879 174 1660 261
521 0 5 1881 25542 304080 38313
522 0 2 1885 1 10 1
523 0 8 1888 3 9 4
524 0 3 1893 13 107 19
525 1 6 1897 1 9 1
526 0 2 1901 89 821 133
527 0 2 1904 2 17 3
528 1 5 1907 11378 131104 17067
529 1 4 1911 11806 136241 17709
530 1 1 1915 1 11 1
531 1 3 1917 13877 161202 20815
532 1 11 1921 1 3 1
533 0 7 1926 2 6 3
534 0 9 1930 37 131 55
535 0 5 1935 1 12 1
536 0 4 1939 1 10 1
537 0 12 1943 9 27 13
538 0 2 1948 1 9 1
539 0 1 1951 1 9 1
540 1 3 1954 3 25 4
541 1 3 1958 45 400 67
542 0 4 1961 616 6248 924
543 0 1 1965 1 10 1
544 1 2 1968 3 25 4
545 0 10 1971 59650 358759 89475
546 0 1 1976 118 1104 177
547 1 2 1979 39 344 58
548 0 1 1982 1 10 1
549 0 5 1985 1 9 1
550 0 8 1989 13 41 19
551 0 1 1994 84 772 126
552 1 4 1996 222 2144 333
553 0 2 2000 27 233 40
554 0 5 2003 1 11 1
555 0 2 2007 1 9 1
556 0 31 2010 12 38 18
557 1 1 2016 7 56 10
558 0 4 2019 1 9 1
559 0 1 2023 1 11 1
560 0 5 2025 6 48 9
561 1 1 2029 42 372 63
562 1 1 2032 1065 11077 1597
563 1 2 2034 8 64 12
564 1 2 2037 45 400 67
565 1 7 2040 30 104 45
566 1 2 2044 2 17 3
567 0 4 2047 2 17 3
568 1 3 2051 1 10 1
569 1 2 2055 1 11 1
570 0 1 2058 1 10 1
571 0 2 2061 1 9 1
572 0 1 2064 1 9 1
573 0 1 2066 13610 157975 20415
574 0 3 2069 1 12 1
575 1 6 2073 9 73 13
576 0 5 2077 253 2459 379
577 1 9 2081 1112 5221 1668
578 1 3 2086 81 743 121
579 0 3 2090 16 134 24
580 1 17 2094 1 4 1
581 0 2 2099 667 6790 1000
582 0 1 2102 1 11 1
583 0 13 2103 1 3 1
584 0 8 2108 9 27 13
585 0 1 2113 3 25 4
586 0 3 2116 975 10101 1462
587 1 1 2120 8 64 12
588 1 1 2123 1 10 1
589 1 5 2125 3 25 4
590 0 17 2129 147 591 220
591 1 1 2134 1 10 1
592 0 1 2136 1 10 1
593 1 17 2139 560 2502 840
594 1 19 2144 6045 31774 9067
595 1 8 2149 63 235 94
596 0 6 2154 2 17 3
597 1 1 2158 1 9 1
598 0 1 2161 30 261 45
599 0 1 2164 4 33 6
600 1 1 2166 1 9 1
601 0 6 2168 1059 11012 1588
602 0 1 2172 12 99 18
603 1 5 2175 351 3466 526
604 0 3 2179 1 9 1
605 0 4 2183 6 48 9
606 0 8 2187 214 887 321
607 0 5 2192 107 996 160
608 0 2 2196 1 9 1
609 1 3 2199 233 2255 349
610 0 2 2203 2262 24335 3393
611 1 5 2206 1 11 1
612 1 2 2210 4 33 6
613 0 5 2213 1 9 1
614 0 2 2217 33 288 49
615 0 6 2220 1 8 1
616 1 1 2224 4 33 6
617 1 15 2226 1 4 1
618 1 1 2231 8 64 12
619 0 4 2233 1 9 1
620 0 10 2237 1 7 1
621 1 5 2242 249 2418 373
622 0 15 2246 93 360 139
623 1 2 2251 195 1871 292
624 0 3 2254 1 9 1
625 1 1 2258 1 9 1
626 1 13 2260 1 3 1
627 1 1 2265 200 1922 300
628 1 2 2268 1 10 1
629 1 2 2271 29 252 43
630 1 22 2274 6 18 9
631 1 2 2279 11647 134332 17470
632 0 1 2282 160 1520 240
633 0 1 2284 1 9 1
634 1 2 2287 6 48 9
635 0 2 2290 179 1710 268
636 0 3 2293 1 9 1
637 0 2 2297 165 1570 247
638 1 2 2300 27 233 40
639 1 1 2303 1 9 1
640 0 2 2305 1 13 1
641 1 1 2308 1 12 1
642 1 25 2311 1 4 1
643 0 2 2316 1 9 1
644 1 5 2319 1 9 1
645 1 7 2323 69 260 103
646 0 2 2327 50 447 75
647 0 12 2330 3 9 4
648 1 2 2335 2 17 3
649 0 2 2338 245710 3188316 368565
650 1 2 2341 11855 136830 17782
651 0 13 2344 1 3 1
652 1 5 2349 8092 91936 12138
653 1 1 2353 1 9 1
654 0 2 2355 5 40 7
655 1 2 2358 12 98 18
656 0 3 2361 8 64 12
657 1 30 2365 437 1916 655
658 0 2 2371 161 1530 241
659 1 1 2374 7 56 10
660 1 2 2377 5 40 7
661 1 3 2380 11 90 16
662 0 2 2384 10 81 15
663 1 7 2387 291 1237 436
664 1 1 2391 7 56 10
665 1 10 2394 26757 153824 40135
666 1 5 2399 1 9 1
667 0 4 2403 45 400 67
668 1 18 2407 1 3 1
669 0 3 2412 130 1222 195
670 0 45 2416 1 4 1
671 0 1 2422 1085 11295 1627
672 1 7 2424 2 6 3
673 0 1 2428 1 9 1
674 0 1 2430 1 9 1
675 1 6 2433 30 261 45
676 0 2 2437 476 4769 714
677 0 1 2440 2 17 3
678 0 2 2443 1 9 1
679 1 3 2446 1 11 1
680 0 6 2450 1 3 1
681 1 4 2454 4 33 6
682 0 6 2458 27 93 40
683 0 4 2462 4096 45216 6144
684 1 9 2466 49 179 73
685 1 5 2471 109 1016 163
686 0 1 2475 12346 142734 18519
687 0 7 2477 8 24 12
688 1 2 2481 1 9 1
689 1 2 2484 1 10 1
690 0 7 2487 79859 488019 119788
691 0 3 2491 6 48 9
692 1 2 2495 1 9 1
693 0 10 2498 1 4 1
694 0 1 2503 1 9 1
695 1 5 2505 3 25 4
696 1 2 2509 1 9 1
697 0 2 2512 38 335 57
698 1 3 2515 644 6545 966
699 0 2 2519 14293 166234 21439
700 0 9 2522 316 1351 474
701 1 5 2527 57 513 85
702 1 16 2531 1 3 1
703 0 7 2536 1 5 1
704 0 3 2540 1 9 1
705 1 4 2544 8 64 12
706 0 1 2548 6348 71393 9522
707 0 4 2549 28 242 42
708 1 8 2553 1 4 1
709 1 3 2558 2916 31721 4374
710 1 5 2562 7316 82771 10974
711 1 5 2566 1 9 1
712 1 5 2570 173 1650 259
713 0 1 2574 2 17 3
714 1 2 2576 1 9 1
715 1 4 2579 1 9 1
716 1 3 2583 169 1610 253
717 0 2 2587 2 17 3
718 0 1 2590 21712 256815 32568
719 0 2 2593 3977 43848 5965
720 1 6 2596 2 7 3
721 0 4 2600 78 714 117
722 1 2 2604 2 17 3
723 1 1 2607 30773 369067 46159
724 0 1 2608 1 9 1
725 0 1 2609 1 10 1
726 1 2 2612 1 11 1
727 1 1 2615 439 4382 658
728 0 1 2617 16 134 24
729 1 1 2618 1 9 1
730 0 1 2621 1 8 1
731 1 2 2623 55 494 82
732 1 5 2626 7 56 10
733 1 3 2630 1 9 1
734 0 1 2634 1 10 1
735 1 3 2635 19 161 28
736 0 4 2639 16 134 24
737 1 4 2643 2 17 3
738 1 3 2647 1 13 1
739 0 1 2651 28 243 42
740 1 1 2653 260 2531 390
741 0 3 2656 9 72 13
742 0 7 2660 33 116 49
743 1 14 2665 58 215 87
744 0 1 2670 60 542 90
745 1 1 2673 5 41 7
746 0 16 2676 1 4 1
747 0 5 2681 1 10 1
748 0 7 2685 85 326 127
749 1 8 2689 34 120 51
750 0 4 2694 1 9 1
751 0 1 2698 1 11 1
752 0 3 2700 51 457 76
753 0 4 2704 12 99 18
754 0 6 2708 46 167 69
755 1 4 2712 17 143 25
756 0 1 2716 42 372 63
757 0 10 2717 1 3 1
758 0 3 2722 1 10 1
759 0 2 2726 1 10 1
760 1 4 2729 1 11 1
761 0 3 2733 1 9 1
762 1 2 2737 1 10 1
763 1 2 2740 3 25 4
764 1 1 2743 4 33 6
765 1 2 2745 1 9 1
766 1 4 2748 26 224 39
767 1 2 2752 1 9 1
768 1 5 2755 1 9 1
769 1 3 2759 1 10 1
770 1 2 2763 19 161 28
771 0 22 2766 25394 145549 38091
772 0 1 2771 1 9 1
773 0 3 2774 43440 528069 65160
774 0 8 2778 1 4 1
775 0 3 2783 1 10 1
776 0 2 2787 15 125 22
777 1 5 2790 4 33 6
778 1 5 2794 22 188 33
779 0 2 2798 1 9 1
780 0 2 2801 1 11 1
781 0 2 2804 1 9 1
782 0 5 2807 123 1153 184
783 0 8 2811 2 6 3
784 0 12 2816 248 1041 372
785 1 1 2821 23 197 34
786 0 1 2824 1 10 1
787 1 4 2826 1 9 1
788 0 4 2830 2 17 3
789 1 2 2834 43 381 64
790 1 1 2837 192 1841 288
791 0 1 2839 1 10 1
792 1 2 2841 4 33 6
793 1 1 2844 51 456 76
794 0 11 2846 1 4 1
795 1 3 2851 21 179 31
796 0 33 2855 1 4 1
797 1 7 2861 5 15 7
798 0 1 2865 31 270 46
799 0 2 2868 2 17 3
800 1 5 2871 423 4215 634
801 0 1 2875 337 3322 505
802 0 2 2878 2 17 3
803 1 4 2881 12 99 18
804 1 4 2885 1420 14964 2130
805 1 13 2889 10 31 15
806 0 1 2894 370 3663 555
807 0 8 2897 10 31 15
808 0 3 2902 640 6502 960
809 1 11 2906 361 1560 541
810 0 1 2911 1253 13129 1879
811 0 30 2913 2566 12759 3849
812 1 3 2919 1 9 1
813 0 17 2923 681 3087 1021
814 0 7 2928 67 252 100
815 0 1 2933 9 73 13
816 0 3 2935 1 9 1
817 0 3 2939 5 40 7
818 0 2 2943 23 197 34
819 1 1 2946 1 11 1
820 0 5 2949 28 242 42
821 0 6 2953 81 309 121
822 1 5 2957 544 5485 816
823 0 1 2961 26 224 39
824 1 5 2964 34 298 51
825 0 1 2968 17 143 25
826 1 8 2969 2 6 3
827 0 2 2974 1 9 1
828 0 3 2977 1 10 1
829 1 2 2981 55 494 82
830 0 1 2984 45 400 67
831 0 5 2987 162 1540 243
832 0 3 2991 1 11 1
833 1 1 2995 298 2919 447
834 1 6 2997 704 7184 1056
835 0 1 3001 4 33 6
836 1 5 3004 1 12 1
837 0 1 3008 2 17 3
838 1 2 3010 12 98 18
839 1 9 3013 1 4 1
840 0 3 3018 41 363 61
841 1 3 3022 49 437 73
842 0 7 3026 133 530 199
843 0 5 3030 46417 565714 69625
844 1 7 3034 2 7 3
845 0 2 3038 2 17 3
846 0 1 3041 194 1861 291
847 1 4 3043 1 9 1
848 1 23 3047 94 364 141
849 1 1 3052 13 107 19
850 1 3 3055 1 9 1
851 0 2 3059 1 11 1
852 0 1 3062 182196 2338388 273294
853 1 1 3065 13 108 19
854 1 2 3067 4 33 6
855 0 3 3070 1 9 1
856 1 2 3074 21 179 31
857 0 3 3077 1 12 1
858 0 5 3081 1 11 1
859 0 1 3085 110 1026 165
860 0 3 3087 1 10 1
861 0 1 3091 1 10 1
862 1 1 3093 2 17 3
863 1 3 3095 1 9 1
864 0 6 3099 4 33 6
865 1 1 3103 8 64 12
866 0 2 3105 126 1183 189
867 0 1 3108 1 9 1
868 1 12 3110 1 5 1
869 1 1 3115 3006 32744 4509
870 1 3 3117 2 17 3
871 0 1 3121 1 11 1
872 0 3 3123 10 81 15
873 0 2 3127 1 9 1
874 1 13 3130 101 393 151
875 0 5 3135 4 33 6
876 1 8 3139 8 24 12
877 0 2 3144 1 11 1
878 1 6 3147 1 10 1
879 0 1 3151 1 9 1
880 0 4 3154 45 400 67
881 0 2 3158 1 9 1
882 0 4 3161 2 17 3
883 1 9 3165 1 5 1
884 0 9 3170 1 4 1
885 1 2 3175 41 363 61
886 0 1 3178 34060 410124 51090
887 0 4 3181 38 334 57
888 1 3 3185 1 12 1
889 0 4 3189 1 12 1
890 1 14 3193 1 4 1
891 0 4 3198 391926434 2147483647 587889651
892 1 2 3202 3 25 4
893 1 1 3205 1 11 1
894 0 2 3208 131 1232 196
895 1 1 3211 1 10 1
896 0 2 3214 550 5549 825
897 0 3 3217 4 33 6
898 1 4 3221 121 1133 181
899 0 6 3225 1 9 1
900 0 2 3229 62 561 93
901 1 3 3232 1 9 1
902 1 4 3236 1 9 1
903 1 5 3240 51 456 76
904 0 10 3244 1 4 1
905 1 4 3249 1 9 1
906 0 8 3253 24688 141272 37032
907 0 2 3258 1 9 1
908 1 2 3261 316 3105 474
909 0 2 3264 500 5022 750
910 1 1 3267 1 10 1
911 1 2 3270 186 1780 279
912 1 3 3273 27 233 40
913 1 4 3277 8 64 12
914 1 13 3281 3123 15732 4684
915 0 3 3286 1 11 1
916 0 21 3290 2 6 3
917 1 1 3295 1 9 1
918 1 2 3296 1 10 1
919 0 2 3299 6 48 9
920 1 4 3302 1 10 1
921 1 2 3306 1 9 1
922 0 2 3309 297 2909 445
923 1 3 3312 1 12 1
924 0 1 3316 1 8 1
925 1 1 3318 2 17 3
926 0 1 3321 2 17 3
927 1 4 3323 1 13 1
928 0 1 3327 3 25 4
929 0 2 3329 2 17 3
930 1 6 3332 41157 242477 61735
931 0 5 3336 3939 43411 5908
932 1 1 3340 325 3197 487
933 0 5 3343 1 9 1
934 1 2 3347 1 11 1
935 0 163 3350 394 1714 591
936 0 2 3357 23 197 34
937 0 2 3360 57 513 85
938 1 5 3363 1 11 1
939 0 1 3367 258 2510 387
940 0 3 3370 224 2164 336
941 1 2 3374 1 9 1
942 0 4 3377 227 2195 340
943 1 6 3381 986 10220 1479
944 0 4 3385 94 869 141
945 0 2 3389 102 947 153
946 0 2 3392 1 9 1
947 0 11 3395 16 52 24
948 0 6 3400 1 4 1
949 1 1 3404 37 325 55
950 0 3 3407 72 657 108
951 0 14 3411 1 4 1
952 1 8 3416 1 5 1
953 0 2 3421 7 56 10
954 1 7 3424 1 5 1
955 0 1 3428 178698 2291855 268047
956 0 2 3429 2 17 3
957 0 11 3432 2 6 3
958 1 3 3437 518 5211 777
959 1 3 3441 13432 155825 20148
960 1 1 3445 6 48 9
961 1 3 3447 5 40 7
962 1 1 3451 36 316 54
963 1 1 3454 11 90 16
964 1 1 3456 1469 15504 2203
965 1 3 3458 40309 488581 60463
966 1 4 3462 8 64 12
967 1 4 3466 16 134 24
968 1 1 3470 2045 21903 3067
969 1 2 3472 37 326 55
970 0 3 3475 2 17 3
971 0 4 3479 239 2316 358
972 1 1 3483 1 9 1
973 0 2 3485 566 5717 849
974 0 8 3488 1 3 1
975 0 20 3493 229 955 343
976 0 1 3498 1 10 1
977 0 1 3500 1 9 1
978 0 1 3503 49 438 73
979 1 1 3504 12 99 18
980 0 7 3507 1 3 1
981 0 1 3511 36 316 54
982 1 1 3513 31 270 46
983 1 2 3515 2306 24829 3459
984 0 2 3518 193 1851 289
985 1 8 3521 1913 9326 2869
986 1 1 3526 540 5443 810
987 0 11 3528 1 4 1
988 0 4 3533 1 10 1
989 0 4 3537 2 17 3
990 0 5 3541 16 134 24
991 0 3 3545 94 869 141
992 1 1 3549 28 242 42
993 0 8 3551 1 4 1
994 0 8 3556 921 4267 1381
995 1 3 3561 4 33 6
996 1 4 3565 23460 278349 35190
997 0 12 3569 88 339 132
998 1 5 3574 3 25 4
999 1 1 3578 1 9 1
1000 0 2 3580 6 48 9
1001 0 10 3583 1 4 1
1002 0 4 3588 17 143 25
1003 1 6 3592 76322 948139 114483
1004 0 1 3596 1 10 1
1005 1 1 3597 1 9 1
1006 0 3 3600 1 11 1
1007 0 2 3604 10 81 15
1008 1 3 3607 1 9 1
