0 0 6 5 1 5 1
1 0 2 13 28 242 42
2 1 3 20 1 3 1
3 0 4 28 1 6 1
4 0 4 36 1 3 1
5 1 6 44 1 4 1
6 0 1 52 865 8912 1297
7 0 12 58 135 539 202
8 0 1 67 348355 4577750 522532
9 1 2 74 1 10 1
10 0 7 81 12 38 18
11 0 14 89 278 1177 417
12 1 2 98 4 33 6
13 0 3 105 3153 15893 4729
14 0 2 113 1 9 1
15 1 1 120 1 8 1
16 1 3 126 1 4 1
17 1 1 134 2 17 3
18 1 5 141 2322 11469 3483
19 1 24 149 5 15 7
20 0 9 158 14 45 21
21 1 9 167 159 644 238
22 0 8 176 10 31 15
23 0 5 184 1 3 1
24 1 8 192 2 7 3
25 1 4 201 3 9 4
26 0 1 209 4 33 6
27 1 3 216 37 131 55
28 1 1 224 1 9 1
29 0 5 228 116 457 174
30 1 17 236 4 12 6
31 0 10 245 5 15 7
32 0 2 254 254 2469 381
33 1 1 261 100 928 150
34 1 17 267 7 21 10
35 0 1 276 48 428 72
36 0 2 282 236 2286 354
37 0 18 289 1 3 1
38 0 15 298 39 139 58
39 0 2 307 801 8223 1201
40 0 12 314 1 4 1
41 1 5 323 1 5 1
42 0 4 331 71 268 106
43 0 1 339 1 9 1
44 0 6 345 3 10 4
45 1 2 353 731 7473 1096
46 0 15 360 2 6 3
47 1 5 369 44 159 66
48 0 1 377 585 5919 877
49 1 2 384 15 125 22
50 0 3 391 1979 9670 2968
51 0 1 399 23 197 34
52 1 1 404 1 10 1
53 0 5 410 123 487 184
54 0 7 418 1 4 1
55 1 12 426 1 5 1
56 1 2 435 272 2653 408
57 0 1 442 1 10 1
58 0 4 448 59 219 88
59 1 4 456 2 7 3
60 0 2 464 4 33 6
61 0 7 471 159 644 238
62 0 3 479 21 70 31
63 0 1 487 1 10 1
64 1 36 493 3 10 4
65 0 9 502 1 4 1
66 1 6 511 1 6 1
67 0 1 519 11 90 16
68 0 1 525 5 40 7
69 0 23 532 107 419 160
70 1 1 541 1 9 1
71 0 2 547 4826 53649 7239
72 1 1 554 1491 15746 2236
73 0 2 561 38 335 57
74 0 1 568 14 116 21
75 1 4 571 3 9 4
76 0 5 579 1 4 1
77 0 2 587 7 56 10
78 1 1 594 11 90 16
79 0 5 599 5082 26421 7623
80 0 3 607 1 4 1
81 0 4 615 3 10 4
82 0 2 623 12515 144768 18772
83 1 5 630 94 364 141
84 0 1 638 1 10 1
85 0 6 644 2 7 3
86 1 4 652 2915 14618 4372
87 0 1 660 33 288 49
88 0 2 666 9 72 13
89 0 7 673 1 5 1
90 1 1 681 8 64 12
91 0 17 688 90 347 135
92 0 4 697 52 191 78
93 0 10 705 308 1315 462
94 0 4 714 1 3 1
95 1 3 722 23 197 34
96 1 3 730 316 1352 474
97 0 1 738 1 10 1
98 1 4 744 4 12 6
99 0 2 752 2 17 3
100 0 1 759 1 9 1
101 1 1 765 7 56 10
102 1 1 771 4210 46530 6315
103 0 2 778 15 125 22
104 1 6 785 1 4 1
105 1 1 793 2 17 3
106 0 1 799 1 10 1
107 0 8 805 2 7 3
108 0 12 814 8696 46756 13044
109 0 3 823 388 1686 582
110 0 3 831 15 125 22
111 1 1 838 2 17 3
112 1 7 845 1 4 1
113 1 3 853 1 4 1
114 1 2 861 2 17 3
115 1 2 868 3 25 4
116 0 8 875 1 5 1
117 1 4 883 120 474 180
118 0 32 891 1 3 1
119 0 7 900 516 2291 774
120 1 1 908 34 297 51
121 0 2 915 1 10 1
122 0 1 922 1 13 1
123 0 6 928 1 4 1
124 0 3 936 331054 4342419 496581
125 0 5 944 1 3 1
126 1 1 952 2 17 3
127 0 11 956 1 4 1
128 0 3 965 15 125 22
129 0 1 972 3 25 4
130 0 2 977 379 3756 568
131 0 1 984 11 90 16
132 0 10 990 13139 72441 19708
133 1 2 999 1 12 1
134 1 2 1006 1 9 1
135 0 5 1013 1 5 1
136 1 5 1021 2 6 3
137 0 13 1029 27 93 40
138 0 1 1038 1 10 1
139 0 1 1045 71 647 106
140 1 10 1051 23 78 34
141 0 3 1060 1613 7772 2419
142 1 24 1068 30 104 45
143 0 5 1077 1289 6115 1933
144 1 1 1085 1 9 1
145 0 1 1091 1117 11644 1675
146 1 1 1098 1 9 1
147 1 3 1105 1 9 1
148 1 6 1112 1 4 1
149 0 3 1120 5 15 7
150 0 7 1128 55 203 82
151 1 4 1136 1 3 1
152 0 2 1144 3 25 4
153 0 2 1151 14 116 21
154 1 2 1158 1 9 1
155 0 13 1165 33 116 49
156 1 5 1174 2 7 3
157 0 5 1182 1844 8967 2766
158 0 9 1190 21 70 31
159 0 6 1199 49 179 73
160 0 5 1207 28 97 42
161 0 2 1215 312 3063 468
162 0 4 1222 136 543 204
163 1 1 1230 1 9 1
164 1 10 1237 18 59 27
165 0 1 1246 1 10 1
166 0 2 1252 567 5728 850
167 0 6 1259 1 4 1
168 1 3 1267 5 15 7
169 0 3 1275 23 78 34
170 0 2 1283 6 48 9
171 1 3 1290 1204 5685 1806
172 0 4 1298 8424 45205 12636
173 1 8 1306 2 7 3
174 1 1 1314 1 10 1
175 1 9 1321 1 4 1
176 1 1 1330 4 32 6
177 1 3 1334 1 3 1
178 0 1 1342 1 11 1
179 0 3 1348 1 11 1
180 1 13 1355 1 3 1
181 0 6 1364 3 10 4
182 0 3 1372 265 2582 397
183 0 3 1379 135 539 202
184 0 3 1387 1 5 1
185 0 4 1395 71 268 106
186 0 7 1403 11424 62456 17136
187 1 1 1411 12 99 18
188 0 6 1417 3 10 4
189 0 2 1425 1 16 1
190 1 2 1432 2 17 3
191 1 1 1439 17 143 25
192 0 29 1446 572 2559 858
193 0 2 1455 3 25 4
194 1 2 1462 12 98 18
195 1 1 1469 29 252 43
196 0 4 1476 35624 208176 53436
197 0 2 1484 1 11 1
198 1 6 1491 26 89 39
199 1 5 1499 494 2186 741
200 1 22 1507 7 21 10
201 0 6 1516 27 93 40
202 1 7 1524 217 901 325
203 0 3 1532 14 45 21
204 1 27 1540 8901 47927 13351
205 0 4 1549 70 264 105
206 1 9 1557 139 556 208
207 0 1 1566 6 48 9
208 0 1 1572 2 17 3
209 1 7 1579 1 3 1
210 1 11 1587 5 15 7
211 0 2 1596 1 10 1
212 1 1 1603 1 10 1
213 1 1 1609 5 41 7
214 0 9 1614 1 4 1
215 1 2 1623 5 40 7
216 0 3 1630 1 4 1
217 1 1 1638 1 10 1
218 0 2 1645 53 475 79
219 0 1 1652 1 9 1
220 1 2 1658 1 10 1
221 0 1 1665 1 8 1
222 1 1 1671 22 188 33
223 0 5 1678 1 4 1
224 0 2 1686 1 11 1
225 1 7 1693 2 7 3
226 0 2 1701 1 9 1
227 1 5 1708 1 5 1
228 1 4 1716 2287 11285 3430
229 0 1 1724 1 11 1
230 1 8 1729 54060 323377 81090
231 0 1 1738 1 10 1
232 0 3 1744 81 309 121
233 1 1 1752 1 9 1
234 0 2 1758 1084 11284 1626
235 0 3 1765 10 31 15
236 0 4 1773 1 3 1
237 0 4 1781 1 4 1
238 0 4 1789 13 41 19
239 1 16 1797 1 6 1
240 1 3 1806 26 89 39
241 0 3 1814 212 878 318
242 1 11 1822 14 45 21
243 1 4 1831 13 41 19
244 1 1 1839 3102 33835 4653
245 1 2 1846 124 1163 186
246 0 5 1853 33505 195113 50257
247 1 2 1861 1 9 1
248 1 2 1868 15 125 22
249 1 3 1875 2 17 3
250 0 3 1882 299 1273 448
251 1 3 1890 1 4 1
252 1 11 1898 182 745 273
253 0 2 1907 1 10 1
254 0 1 1914 1 10 1
255 0 3 1920 15938 88892 23907
256 1 2 1928 858 8837 1287
257 0 1 1935 11 90 16
258 1 8 1940 109 427 163
259 0 1 1949 9 73 13
260 1 9 1955 1 4 1
261 0 11 1964 1 5 1
262 1 2 1973 1 8 1
263 0 3 1980 128 509 192
264 0 2 1988 2 17 3
265 1 1 1995 1 10 1
266 1 3 2001 67 608 100
267 1 1 2008 1 9 1
268 1 1 2013 5 40 7
269 1 2 2019 1 8 1
270 0 2 2026 225768 2920510 338652
271 0 2 2033 1 9 1
272 0 1 2040 2397 25853 3595
273 1 3 2046 985 4585 1477
274 0 5 2054 1 6 1
275 0 9 2062 44 159 66
276 1 3 2071 1 4 1
277 1 7 2079 201472 1292931 302208
278 1 21 2087 1 6 1
279 1 1 2096 43039 523006 64558
280 0 7 2103 4 12 6
281 1 3 2111 3327 16830 4990
282 0 11 2119 101 393 151
283 0 3 2128 10257 55710 15385
284 0 7 2136 4 12 6
285 1 29 2144 20 67 30
286 0 4 2153 11 34 16
287 1 4 2161 349 1504 523
288 1 2 2169 1 11 1
289 1 7 2176 2 6 3
290 1 7 2184 67 252 100
291 0 4 2192 1507 7228 2260
292 1 2 2200 1 11 1
293 1 9 2207 13 41 19
294 1 5 2216 149 600 223
295 0 3 2224 6398 33750 9597
296 0 1 2232 10 81 15
297 1 19 2238 8 24 12
298 0 3 2247 1 7 1
299 0 5 2255 266 1122 399
300 0 1 2263 1732 18414 2598
301 0 1 2269 1 9 1
302 0 2 2275 1 11 1
303 0 4 2282 8 24 12
304 1 2 2290 1 10 1
305 1 3 2297 8 24 12
306 1 1 2305 42 372 63
307 0 6 2312 4587 23691 6880
308 1 1 2320 1 11 1
309 0 3 2326 7 56 10
310 0 2 2333 2 17 3
311 0 37 2340 1 3 1
312 0 5 2349 4 13 6
313 1 6 2357 197 812 295
314 0 3 2365 14 116 21
315 1 3 2373 2 7 3
316 0 2 2381 169 1610 253
317 0 1 2388 139 1311 208
318 0 1 2394 56 504 84
319 1 1 2400 45 400 67
320 0 2 2406 92 850 138
321 1 2 2413 1 11 1
322 1 2 2420 11 90 16
323 0 3 2427 67 252 100
324 0 2 2435 11 90 16
325 0 12 2442 1915 9336 2872
326 1 2 2451 57 513 85
327 0 5 2458 1 4 1
328 0 2 2466 1 10 1
329 1 5 2473 2 7 3
330 1 3 2481 67 252 100
331 0 2 2489 1 10 1
332 1 1 2496 1 9 1
333 0 3 2502 1 12 1
334 0 1 2509 35 307 52
335 0 3 2515 13 108 19
336 0 4 2522 1 4 1
337 0 5 2530 7 21 10
338 0 1 2538 12 99 18
339 0 13 2544 12 38 18
340 1 5 2553 1 5 1
341 1 1 2561 1 10 1
342 0 4 2567 15 48 22
343 1 7 2575 17 56 25
344 0 1 2583 1 12 1
345 0 7 2590 1 6 1
346 0 3 2598 33 116 49
347 1 18 2606 1 4 1
348 1 2 2615 709 7238 1063
349 1 3 2622 1 4 1
350 0 2 2630 31 270 46
351 1 2 2637 2 17 3
352 1 3 2644 1 3 1
353 0 3 2652 2 17 3
354 0 1 2659 20 170 30
355 1 12 2665 1 3 1
356 1 7 2674 7 21 10
357 0 1 2682 1 11 1
358 1 3 2688 2 6 3
359 0 2 2696 1 10 1
360 0 3 2703 5 15 7
361 1 3 2711 3163 34530 4744
362 0 3 2718 1 4 1
363 1 1 2726 273 2663 409
364 1 2 2733 170 1620 255
365 0 2 2740 3 25 4
366 0 5 2747 1 3 1
367 0 1 2755 5 40 7
368 0 1 2761 526 5295 789
369 0 9 2767 44 159 66
370 0 2 2776 1 10 1
371 1 1 2783 2 17 3
372 0 4 2789 34 120 51
373 1 3 2797 94 364 141
374 1 2 2805 2 17 3
375 1 1 2812 2 17 3
376 0 6 2819 1 5 1
377 0 3 2827 30 261 45
378 1 2 2834 2352 25346 3528
379 0 2 2841 485 4864 727
380 1 1 2848 1 10 1
381 0 2 2853 28 242 42
382 1 3 2860 4 12 6
383 0 3 2868 6 48 9
384 0 2 2875 41 362 61
385 1 4 2882 1 4 1
386 1 6 2890 1 4 1
387 0 3 2898 1 10 1
388 1 8 2906 1 5 1
389 0 3 2914 3 25 4
390 1 1 2922 7604 86168 11406
391 0 1 2927 1 9 1
392 0 1 2933 3 25 4
393 1 6 2939 4801 24869 7201
394 1 2 2947 6 48 9
395 1 2 2954 43 381 64
396 0 6 2961 4 12 6
397 1 3 2969 2 6 3
398 0 5 2977 1 4 1
399 0 9 2985 202 834 303
400 0 3 2994 38 135 57
401 0 1 3002 56 504 84
402 0 2 3008 35 307 52
403 0 13 3015 53 195 79
404 0 1 3024 7 56 10
405 0 2 3031 1 10 1
406 0 10 3038 1955 9545 2932
407 1 1 3047 1 10 1
408 0 1 3053 2 17 3
409 1 1 3059 5 41 7
410 0 2 3066 1425 15018 2137
411 1 5 3073 1 3 1
412 0 2 3081 1 10 1
413 1 1 3088 18 152 27
414 1 3 3093 2 17 3
415 1 1 3100 94 869 141
416 1 2 3107 1 10 1
417 1 6 3114 1 5 1
418 0 7 3122 1 3 1
419 1 4 3130 2 7 3
420 0 2 3138 1 10 1
421 1 6 3145 1 4 1
422 1 3 3153 1 4 1
423 1 4 3161 155 626 232
424 1 1 3169 1 9 1
425 0 2 3175 1845 19671 2767
426 1 13 3182 2 7 3
427 1 3 3191 244 2367 366
428 0 1 3199 23 197 34
429 0 1 3205 35 307 52
430 1 4 3211 48 175 72
431 1 3 3219 5341 27855 8011
432 0 10 3227 7 21 10
433 1 7 3236 108110 671504 162165
434 1 1 3244 1 11 1
435 1 1 3250 1 9 1
436 1 1 3256 1 9 1
437 0 12 3262 10 31 15
438 1 3 3271 2 7 3
439 1 3 3279 1 5 1
440 1 2 3287 7 56 10
441 1 7 3294 1 4 1
442 1 2 3302 1 11 1
443 0 4 3309 1 4 1
444 1 1 3317 1 9 1
445 0 7 3323 3877 19808 5815
446 0 9 3331 29 100 43
447 1 5 3340 35 123 52
448 1 2 3348 2385 25718 3577
449 1 11 3355 17 56 25
450 0 3 3364 1 6 1
451 1 6 3372 1 4 1
452 1 3 3380 1 4 1
453 1 6 3388 5 15 7
454 0 1 3396 19 161 28
455 0 1 3401 2 17 3
456 0 3 3407 8 24 12
457 1 1 3415 1 10 1
458 1 5 3422 41 147 61
459 0 2 3430 9 73 13
460 0 1 3437 328 3228 492
461 1 4 3443 15 48 22
462 1 15 3451 374 1621 561
463 0 3 3460 1 4 1
464 0 2 3468 19859 234059 29788
465 1 14 3475 259 1091 388
466 1 1 3484 24 206 36
467 0 2 3490 1 11 1
468 1 2 3497 16 134 24
469 0 1 3504 3 25 4
470 0 8 3508 5 15 7
471 0 4 3516 28 97 42
472 0 2 3524 4099 45251 6148
473 1 1 3531 18 152 27
474 0 7 3537 6 18 9
475 1 7 3545 5 15 7
476 0 6 3553 29 100 43
477 0 2 3561 166 1580 249
478 0 21 3568 1 4 1
479 1 1 3577 1 10 1
480 0 2 3583 234 2265 351
481 1 2 3590 1 9 1
482 0 17 3597 1 3 1
483 1 1 3606 341768 4488103 512652
