0 0 5 5 1149 11992 1723
1 1 18 13 7 21 10
2 0 1 23 1 11 1
3 1 3 28 36 316 54
4 1 4 35 2 17 3
5 0 3 43 22 188 33
6 0 8 50 16 52 24
7 1 1 59 64 580 96
8 0 2 64 1 9 1
9 1 1 70 1 9 1
10 1 7 74 8 24 12
11 1 5 83 16 134 24
12 0 6 91 26 89 39
13 1 13 100 12 38 18
14 1 2 110 14 116 21
15 0 1 117 42 372 63
16 1 1 120 1 9 1
17 0 2 124 5 40 7
18 1 2 130 70 637 105
19 1 1 136 1 11 1
20 0 14 140 167 679 250
21 1 3 150 3 25 4
22 0 2 157 7 56 10
23 0 4 164 1 9 1
24 0 1 172 19 160 28
25 0 4 176 191100 2456979 286650
26 0 3 184 250 2428 375
27 0 15 191 647 2921 970
28 1 3 201 3 25 4
29 1 2 208 2878 31290 4317
30 1 2 215 1 9 1
31 1 2 221 413 4110 619
32 1 11 227 14 45 21
33 1 6 237 4 12 6
34 1 3 246 1 9 1
35 0 1 253 4 33 6
36 1 5 259 7 56 10
37 1 2 267 38 335 57
38 1 1 273 63 570 94
39 0 6 278 2 17 3
40 0 13 287 9 27 13
41 1 4 297 1 9 1
42 0 3 305 1 11 1
43 0 1 312 1024 10632 1536
44 1 1 315 1 9 1
45 0 6 320 1 11 1
46 0 2 329 1 11 1
47 0 18 336 9 27 13
48 1 4 346 1 13 1
49 1 2 354 2 17 3
50 0 3 361 2380 25662 3570
51 0 5 369 224 2164 336
52 1 6 377 1 9 1
53 1 3 386 1 9 1
54 0 3 393 522 5253 783
55 1 3 400 19 161 28
56 1 2 407 3 25 4
57 1 2 413 3 25 4
58 1 5 420 15 125 22
59 1 6 428 11 90 16
60 1 1 437 1164 12157 1746
61 1 1 443 2 17 3
62 1 1 447 19 161 28
63 0 2 452 7 56 10
64 0 7 459 1 4 1
65 1 8 468 1 5 1
66 0 1 477 108 1006 162
67 0 2 481 1 10 1
68 0 1 487 13 107 19
69 1 10 492 1 4 1
70 1 5 502 3 25 4
71 1 1 510 4 33 6
72 0 1 513 109 1016 163
73 1 4 518 23366 277190 35049
74 1 1 526 1506 15912 2259
75 1 3 529 1 9 1
76 1 3 536 1 10 1
77 0 4 544 92410 1156359 138615
78 0 2 552 84 772 126
79 0 6 559 4 33 6
80 0 18 568 887 4098 1330
81 0 22 578 263 1109 394
82 0 2 589 17 143 25
83 0 10 596 41 147 61
84 0 14 606 1 4 1
85 0 5 616 1 9 1
86 1 1 624 417 4152 625
87 1 1 629 1 10 1
88 1 1 634 735 7516 1102
89 1 5 638 1 9 1
90 0 20 646 773 3536 1159
91 1 4 657 1 9 1
92 1 2 665 1 8 1
93 1 2 672 431 4298 646
94 0 1 678 220 2124 330
95 0 53 683 38 135 57
96 0 7 695 1 3 1
97 0 12 704 1 4 1
98 1 2 714 1 9 1
99 0 4 720 9 72 13
100 0 3 728 4 33 6
101 0 2 735 58 523 87
102 0 1 742 1 9 1
103 0 4 746 41 363 61
104 0 2 754 8158 92717 12237
105 1 2 760 6 48 9
106 1 2 766 3 25 4
107 1 1 772 65 589 97
108 0 7 776 12 38 18
109 1 5 785 52 466 78
110 0 2 793 2 17 3
111 0 4 800 1 10 1
112 1 2 808 1 9 1
113 1 4 814 7 56 10
114 1 1 822 553 5580 829
115 1 4 828 1 9 1
116 0 4 836 131 1232 196
117 0 1 844 45 400 67
118 0 1 849 1658 17593 2487
119 0 2 854 8 64 12
120 1 5 860 1 11 1
121 0 7 868 86 330 129
122 1 1 877 390 3871 585
123 1 1 881 348011 4573066 522016
124 1 13 885 3205 16173 4807
125 0 3 895 10 81 15
126 1 4 902 864 8901 1296
127 0 1 910 2692 29183 4038
128 0 2 914 8761 99866 13141
129 0 1 920 2 17 3
130 0 13 923 7554 40264 11331
131 0 6 933 47453 578836 71179
132 1 8 942 11 34 16
133 0 2 951 20835 246035 31252
134 1 1 957 12 98 18
135 0 1 963 12 99 18
136 1 2 966 6356 71486 9534
137 0 3 972 1 11 1
138 0 4 979 46 409 69
139 1 1 987 34 297 51
140 0 2 991 15400 179652 23100
141 0 1 998 1 9 1
142 1 4 1002 8 64 12
143 1 8 1010 1 3 1
144 1 31 1019 30 104 45
145 1 1 1030 1 11 1
146 0 10 1034 202 834 303
147 1 3 1044 13 108 19
148 1 1 1051 10 81 15
149 1 4 1057 1 9 1
150 0 8 1065 1 4 1
151 1 1 1074 1 11 1
152 0 11 1079 6463 34114 9694
153 1 6 1089 800 8213 1200
154 0 1 1098 624 6333 936
155 0 2 1103 36 316 54
156 1 19 1109 2 6 3
157 0 1 1120 404 4017 606
158 0 1 1124 8 64 12
159 1 3 1129 1 9 1
160 0 4 1136 1 9 1
161 1 2 1144 12 99 18
162 0 3 1151 317 3115 475
163 0 2 1158 1 9 1
164 1 1 1165 4 33 6
165 0 3 1171 59 532 88
166 0 2 1178 3362 36800 5043
167 0 2 1185 1 9 1
168 0 2 1191 2750 29839 4125
169 0 3 1197 30 261 45
170 0 2 1204 5 40 7
171 1 2 1211 106 986 159
172 1 3 1218 12 99 18
173 0 2 1225 571 5771 856
174 1 1 1231 1 9 1
175 1 1 1236 227 2195 340
176 1 2 1241 3796 41768 5694
177 1 4 1248 113 1055 169
178 0 1 1256 3 25 4
179 1 1 1261 1 10 1
180 0 2 1267 3 25 4
181 1 3 1273 3069 33460 4603
182 0 21 1281 9 27 13
183 0 5 1292 8 64 12
184 1 3 1300 1 8 1
185 1 20 1307 18 59 27
186 1 2 1318 3 25 4
187 0 5 1325 3 25 4
188 1 1 1333 1 13 1
189 0 2 1337 1 11 1
190 0 1 1344 1098 11437 1647
191 1 9 1349 2 6 3
192 0 2 1358 1311 13766 1966
193 0 14 1365 664 3004 996
194 0 4 1375 1 11 1
195 0 4 1383 61 551 91
196 1 17 1391 1 3 1
197 1 1 1401 20 170 30
198 0 13 1407 1 5 1
199 1 1 1417 32 279 48
200 0 2 1422 3 25 4
201 1 2 1428 1 10 1
202 1 1 1435 1 9 1
203 1 2 1440 1 8 1
204 1 4 1447 2889 31415 4333
205 0 1 1455 763 7816 1144
206 0 3 1460 1 12 1
207 1 19 1467 11 34 16
208 1 14 1478 1 4 1
209 1 2 1488 195 1871 292
210 1 2 1495 9584 109654 14376
211 0 5 1501 4 33 6
212 1 1 1509 42303 513717 63454
213 0 10 1514 12036 66010 18054
214 1 4 1524 1731 18403 2596
215 0 1 1532 1 11 1
216 0 2 1536 2 17 3
217 1 4 1542 2 17 3
218 0 1 1550 2 17 3
219 1 2 1556 3345 36606 5017
220 1 3 1563 86 792 129
221 1 1 1571 166 1580 249
222 0 2 1575 1 9 1
223 0 1 1582 34 298 51
224 1 5 1587 9 73 13
225 1 2 1595 58419 718345 87628
226 0 2 1601 228 2205 342
227 1 2 1607 1 8 1
228 1 3 1614 6 48 9
229 0 8 1622 1 4 1
230 0 3 1631 1 10 1
231 1 1 1638 332 3270 498
232 0 1 1644 1 10 1
233 0 1 1648 11 90 16
234 1 7 1654 227 946 340
235 0 15 1663 1 3 1
236 1 11 1673 16 52 24
237 0 2 1683 16 134 24
238 1 8 1689 13 41 19
239 1 7 1698 4 12 6
240 0 2 1707 54 485 81
241 0 70 1713 41814 246567 62721
242 0 3 1725 84411 1052650 126616
243 1 3 1732 1 10 1
244 1 1 1739 1 10 1
245 1 3 1744 1 9 1
246 1 2 1752 1 10 1
247 1 2 1758 2 17 3
248 0 5 1764 30 261 45
249 0 2 1772 675 6875 1012
250 1 10 1779 2 6 3
251 0 2 1789 2 17 3
252 0 4 1795 2725 29556 4087
253 1 3 1803 867 8933 1300
254 1 3 1810 1 9 1
255 1 7 1817 1 4 1
256 1 1 1826 95 879 142
257 1 7 1831 1 3 1
258 1 8 1840 1515 7269 2272
259 1 5 1849 7 56 10
260 0 2 1857 2 17 3
261 0 2 1863 227 2194 340
262 0 4 1870 74 676 111
263 0 3 1878 1 9 1
264 0 1 1885 749 7666 1123
265 1 7 1889 1 3 1
266 1 5 1898 1 10 1
267 0 2 1907 241 2337 361
268 1 2 1913 13060 151336 19590
269 0 3 1919 2 17 3
270 1 2 1926 1554 16442 2331
271 1 2 1933 1 12 1
272 1 2 1940 48 428 72
273 0 4 1947 89 821 133
274 0 7 1955 801 3674 1201
275 1 7 1964 3 10 4
276 0 3 1973 1755 18670 2632
277 0 1 1981 56 504 84
278 1 2 1987 23422 277881 35133
279 1 1 1993 26 224 39
280 1 1 1998 2 17 3
281 1 8 2003 5 15 7
282 1 8 2012 6176 32507 9264
283 1 2 2021 10230 117361 15345
284 0 4 2028 57 513 85
285 1 1 2036 1 9 1
286 0 3 2039 54 485 81
287 1 2 2046 1 9 1
288 0 1 2052 24877 295852 37315
289 1 5 2057 540 5443 810
290 1 3 2065 8 64 12
291 0 11 2072 1 4 1
292 0 5 2082 1 11 1
293 0 2 2090 1 10 1
294 1 7 2096 1 6 1
295 0 3 2105 1 11 1
296 1 8 2112 69 260 103
297 1 8 2121 1 4 1
298 0 1 2130 1 9 1
299 1 5 2136 9 73 13
300 0 1 2144 1 9 1
301 1 1 2149 73 666 109
302 1 1 2154 180 1720 270
303 0 7 2159 268 1131 402
304 0 3 2168 14 116 21
305 0 2 2175 26 224 39
306 0 2 2181 1 8 1
307 1 3 2188 15 125 22
308 1 5 2195 98 908 147
309 0 4 2203 1 8 1
310 1 7 2211 1 4 1
311 1 4 2220 47 419 70
312 0 2 2228 8 64 12
313 0 1 2235 5 40 7
314 1 6 2240 1234 5836 1851
315 1 8 2249 39 139 58
316 1 2 2258 597 6046 895
317 1 2 2264 10 81 15
318 1 4 2271 1775 18892 2662
319 1 5 2279 14602 169976 21903
320 0 1 2288 251 2439 376
321 0 6 2294 150 1421 225
322 1 1 2303 31484 377934 47226
323 0 3 2308 1 9 1
324 1 4 2315 56 504 84
325 0 1 2323 403 4006 604
326 1 1 2328 1 9 1
327 1 6 2334 3 10 4
328 1 1 2343 1 9 1
329 1 4 2348 22 188 33
330 1 5 2356 1 11 1
331 0 2 2364 1 10 1
332 1 2 2371 20 170 30
333 0 3 2377 265 2582 397
334 1 1 2384 1 10 1
335 0 40 2389 1 6 1
336 1 1 2401 4 33 6
337 1 6 2404 4 33 6
338 0 8 2413 1 4 1
339 0 1 2422 13 107 19
340 1 1 2426 3419 37451 5128
341 0 1 2429 1 9 1
342 1 3 2435 5 41 7
343 0 3 2442 1 10 1
344 1 2 2450 1 9 1
345 1 1 2456 72 657 108
346 1 1 2461 1 9 1
347 0 3 2466 9 72 13
348 1 10 2474 2 7 3
349 0 7 2484 8 24 12
350 1 1 2493 228 2205 342
351 0 2 2499 1 9 1
352 1 2 2506 1 9 1
353 1 3 2512 15100 176012 22650
354 0 19 2519 10 31 15
355 1 3 2530 1 9 1
356 1 2 2538 1 9 1
357 1 2 2545 105 976 157
358 1 1 2552 161 1530 241
359 1 15 2557 1 4 1
360 1 2 2567 1 10 1
361 1 7 2573 21 70 31
362 0 2 2582 10 81 15
363 0 7 2588 1 4 1
364 0 16 2597 597 2680 895
365 1 1 2607 1 9 1
366 0 2 2612 127 1192 190
367 1 2 2619 179 1710 268
368 1 3 2626 76 695 114
369 0 11 2633 1 3 1
370 0 4 2643 34 297 51
371 1 4 2651 24 206 36
372 1 12 2659 5 15 7
373 0 10 2669 609 2738 913
374 0 3 2679 364 3601 546
375 0 3 2687 3 25 4
376 1 2 2694 987 10231 1480
377 0 6 2701 1 9 1
378 1 15 2710 1 4 1
379 0 2 2720 9 73 13
380 1 7 2727 211 874 316
381 0 2 2736 105 977 157
382 0 2 2742 3 25 4
383 1 1 2748 20 169 30
384 1 2 2754 84 772 126
385 0 1 2760 13 107 19
386 0 13 2764 1 4 1
387 0 2 2774 2637 28561 3955
388 0 1 2780 1393 14666 2089
389 0 5 2785 26 224 39
390 0 6 2794 1 10 1
391 0 2 2803 12471 144239 18706
392 0 2 2810 1 10 1
393 0 17 2816 15 48 22
394 1 1 2826 1 9 1
395 1 2 2831 35 307 52
396 0 1 2838 548 5527 822
397 0 3 2843 25 215 37
398 1 2 2850 255 2479 382
399 0 2 2857 1 10 1
400 1 1 2864 95 879 142
401 0 2 2870 2 17 3
402 1 2 2876 1 9 1
403 1 3 2882 1 8 1
404 1 2 2889 1 13 1
405 0 1 2895 1052759 14385086 1579138
406 1 10 2900 72 272 108
407 0 4 2910 1 9 1
408 0 9 2918 5 15 7
409 0 2 2927 2 17 3
410 1 4 2934 81 743 121
411 0 4 2942 5 40 7
412 1 53 2950 1 5 1
413 0 11 2962 1 3 1
414 0 10 2972 3 10 4
415 1 1 2982 5 41 7
416 0 2 2986 1 13 1
417 1 1 2993 21 179 31
418 1 1 2998 2010 21512 3015
419 0 39 3002 46 167 69
420 1 3 3014 1 10 1
421 0 3 3021 19 161 28
422 0 8 3029 413 1803 619
423 0 7 3038 66 248 99
424 1 7 3047 4620 23873 6930
425 1 3 3056 1 8 1
426 0 4 3063 192 1841 288
427 0 1 3071 1 9 1
428 0 2 3074 202 1942 303
429 0 4 3080 111 1035 166
430 1 3 3088 1 9 1
431 0 7 3095 7 21 10
432 1 1 3104 93 860 139
433 1 1 3108 17 143 25
434 0 7 3112 66 248 99
435 0 1 3121 4 33 6
436 1 10 3127 1 3 1
437 0 3 3137 234 2266 351
438 1 23 3144 1 4 1
439 0 3 3155 13 107 19
440 0 1 3162 304 2981 456
441 1 5 3168 1 9 1
442 1 3 3176 1 9 1
443 1 2 3184 1 9 1
444 1 2 3190 15 125 22
445 0 11 3197 1 6 1
446 1 11 3207 426 1864 639
447 1 1 3217 63 570 94
448 0 6 3222 16 134 24
449 1 2 3231 177 1690 265
450 1 2 3237 10 81 15
451 0 6 3243 1 8 1
452 1 6 3252 233 2256 349
453 1 2 3261 20 170 30
454 1 3 3268 48 428 72
455 1 7 3275 49 179 73
456 0 1 3284 99 918 148
457 1 4 3289 1 10 1
458 0 2 3297 6 48 9
459 1 1 3303 10 81 15
460 0 1 3309 2 17 3
461 0 6 3314 25 215 37
462 1 1 3323 1 10 1
463 1 1 3328 1 10 1
464 1 3 3334 1 10 1
465 1 1 3341 32 279 48
466 1 19 3346 79345 484709 119017
467 0 7 3357 3 10 4
468 0 1 3366 4 33 6
469 1 4 3371 2415 26056 3622
470 0 1 3379 1 10 1
471 0 16 3383 2 6 3
472 0 1 3393 1 8 1
473 0 8 3396 1 3 1
474 1 1 3405 181 1730 271
475 0 4 3411 15 125 22
476 0 7 3419 43 155 64
477 1 3 3428 1 10 1
478 0 1 3435 3 25 4
479 0 2 3441 1375 14468 2062
480 1 6 3447 1 4 1
481 0 1 3456 2 17 3
482 0 1 3461 1 10 1
483 1 2 3465 1 11 1
484 0 4 3472 3 25 4
485 0 2 3480 1 9 1
486 0 1 3487 413 4110 619
487 0 2 3492 8235 93629 12352
488 1 3 3499 2 17 3
489 1 2 3507 776 7955 1164
490 0 8 3514 1 5 1
491 0 2 3523 507 5095 760
492 1 8 3530 1 3 1
493 1 1 3539 1 9 1
494 1 1 3545 20 170 30
495 0 12 3550 80 305 120
496 0 1 3560 1 9 1
497 1 2 3565 22 188 33
498 1 2 3572 1 8 1
499 0 5 3578 1 11 1
500 0 1 3586 626 6354 939
501 0 5 3591 8 64 12
502 1 7 3599 1 3 1
503 0 4 3608 1 9 1
