0 1 1 5 283 2766 424
1 0 11 7 19 63 28
2 0 1 12 1 9 1
3 1 2 14 15 125 22
4 1 10 17 1 4 1
5 1 2 22 278 2715 417
6 1 5 25 4 12 6
7 0 2 29 2 17 3
8 0 4 32 653 2951 979
9 0 14 36 1 3 1
10 1 1 41 14 116 21
11 0 4 44 1 5 1
12 0 3 48 1 10 1
13 1 5 52 1 5 1
14 1 91 56 6 18 9
15 0 4 62 85 326 127
16 0 4 66 1082 5071 1623
17 0 4 70 1 3 1
18 0 3 74 30 104 45
19 1 1 78 2 17 3
20 1 1 80 3 25 4
21 1 4 83 16430 91802 24645
22 0 4 87 1 3 1
23 1 1 91 16 134 24
24 1 1 92 5133 57212 7699
25 1 7 95 11283 61639 16924
26 0 3 100 3 10 4
27 1 2 104 6 48 9
28 0 11 107 2 6 3
29 1 1 112 1 10 1
30 0 13 115 1 3 1
31 1 2 120 1 10 1
32 0 2 123 5 40 7
33 0 2 126 12 98 18
34 0 30 129 159 644 238
35 0 3 135 1 3 1
36 0 3 139 1 3 1
37 1 1 143 3 25 4
38 1 3 144 1 3 1
39 1 7 148 53302 318594 79953
40 1 4 152 41 147 61
41 0 5 156 10115 54892 15172
42 0 6 160 3 9 4
43 0 1 164 6 48 9
44 0 1 166 7 56 10
45 1 5 169 1 5 1
46 1 11 173 159 644 238
47 0 4 178 1 3 1
48 1 3 182 48168 286292 72252
49 1 2 186 1 10 1
50 0 1 189 1 10 1
51 1 1 191 1 10 1
52 0 1 194 8 64 12
53 1 1 196 1 10 1
54 1 2 199 155053 1978191 232579
55 0 2 202 5 40 7
56 0 1 205 1 10 1
57 1 19 208 3 10 4
58 1 22 213 1 5 1
59 0 4 218 52 191 78
60 0 3 222 3 9 4
61 0 6 226 16 52 24
62 1 1 230 1 10 1
63 1 5 233 1 3 1
64 1 2 237 1 10 1
65 0 3 240 4 12 6
66 1 4 244 1 4 1
67 0 4 248 8 24 12
68 0 3 252 22 188 33
69 1 8 256 11090 60521 16635
70 0 1 261 10 81 15
71 0 8 263 75 285 112
72 0 2 268 8 64 12
73 0 3 271 1 4 1
74 1 8 275 1 4 1
75 0 3 280 1 4 1
76 0 5 284 31 108 46
77 0 2 288 7 56 10
78 0 7 291 1 4 1
79 1 1 296 4646 51565 6969
80 0 6 299 10 31 15
81 1 4 303 13 41 19
82 0 7 307 33 116 49
83 0 3 312 1 3 1
84 0 7 316 1930 9415 2895
85 0 3 320 10 81 15
86 1 3 324 90 830 135
87 0 2 328 1 11 1
88 1 2 331 2 17 3
89 1 1 334 21 179 31
90 0 3 336 1399 14732 2098
91 0 9 340 1 5 1
92 0 5 345 1 5 1
93 0 4 349 13 41 19
94 0 1 353 2 17 3
95 0 3 354 47 171 70
96 0 4 358 3 9 4
97 0 2 362 1595 16896 2392
98 1 2 365 58 523 87
99 0 1 368 3614 39682 5421
100 1 1 370 17 143 25
101 1 8 373 82 314 123
102 1 8 378 92 356 138
103 1 1 383 2 17 3
104 1 1 384 25 215 37
105 1 3 387 419 4173 628
106 1 2 391 561 5665 841
107 0 5 394 4 12 6
108 1 9 398 1633 7875 2449
109 0 1 403 3 25 4
110 1 2 406 16 134 24
111 0 4 409 22 74 33
112 1 5 413 431 1888 646
113 1 3 417 1 9 1
114 0 6 421 6 18 9
115 1 1 425 1118 11655 1677
116 0 3 428 1 4 1
117 1 1 432 1 9 1
118 0 2 435 1 14 1
119 1 1 438 2 17 3
120 0 2 439 9 72 13
121 0 2 442 8 64 12
122 0 2 445 10867 124979 16300
123 1 1 448 500 5022 750
124 1 12 450 1 6 1
125 1 1 455 1 9 1
126 0 1 458 94 869 141
127 1 1 460 1 9 1
128 1 1 461 33 288 49
129 0 5 464 20 66 30
130 0 2 468 1 8 1
131 0 1 471 1 9 1
132 0 1 473 3461 37931 5191
133 1 3 475 5 15 7
134 0 1 479 1 9 1
135 0 3 482 3 9 4
136 1 1 486 7 56 10
137 1 1 489 1 11 1
138 0 2 491 71 647 106
139 0 5 494 186 763 279
140 1 3 498 397 1728 595
141 0 1 502 2 17 3
142 0 5 505 3 9 4
143 0 5 509 2 6 3
144 1 3 513 15 48 22
145 0 3 517 104 406 156
146 0 1 521 1 10 1
147 0 2 523 24 206 36
148 0 2 526 495 4969 742
149 0 2 529 14 116 21
150 0 4 532 12 38 18
151 1 3 536 266 1122 399
152 0 2 540 4451 49310 6676
153 1 6 543 12 38 18
154 1 1 547 1 10 1
155 0 15 549 1 4 1
156 0 1 554 4697 52155 7045
157 1 2 556 11 90 16
158 1 4 559 61 227 91
159 1 7 563 142 569 213
160 0 1 568 2 17 3
161 1 10 571 27 93 40
162 0 1 576 37 325 55
163 1 3 579 320 1370 480
164 0 11 583 1 5 1
165 1 4 588 3 10 4
166 0 3 592 29 100 43
167 1 5 596 1029 4805 1543
168 0 2 600 96 889 144
169 1 1 603 1 11 1
170 1 8 606 1 4 1
171 1 14 611 1 3 1
172 1 1 616 1 12 1
173 1 7 618 3 9 4
174 1 1 623 2 17 3
175 0 4 625 1 5 1
176 1 5 629 1 3 1
177 0 11 633 9 27 13
178 1 2 638 89 821 133
179 0 1 641 467 4675 700
180 1 8 643 1 5 1
181 0 2 648 40 353 60
182 0 1 651 2 17 3
183 1 2 653 1 9 1
184 0 2 656 1 9 1
185 0 1 659 1 9 1
186 0 1 661 1 8 1
187 1 3 664 219 2113 328
188 1 5 668 1 3 1
189 1 5 672 21 70 31
190 0 1 676 200 1922 300
191 1 3 679 6 48 9
192 0 2 683 339 3342 508
193 0 1 686 2127 22821 3190
194 1 8 689 1 6 1
195 1 1 694 259 2520 388
196 1 1 697 1 9 1
197 1 1 699 160 1520 240
198 1 2 701 14 116 21
199 1 1 704 1 8 1
200 1 1 707 2 17 3
201 1 8 709 1 4 1
202 0 5 714 56 207 84
203 0 3 718 1 4 1
204 0 1 722 144 1361 216
205 0 1 724 1 10 1
206 1 2 726 346 3415 519
207 1 1 729 1736 18459 2604
208 1 2 732 11 90 16
209 0 5 735 2 7 3
210 1 7 739 1513 7258 2269
211 1 5 743 1 4 1
212 1 4 747 1 4 1
213 1 3 751 77 293 115
214 0 3 755 13 41 19
215 1 5 759 1 3 1
216 0 17 763 3 10 4
217 1 2 768 1 9 1
218 1 2 771 15398 179628 23097
219 1 1 774 1 11 1
220 1 4 777 1 5 1
221 1 3 781 1 9 1
222 0 4 785 1 5 1
223 0 8 789 41983 247620 62974
224 0 7 794 31 108 46
225 1 5 798 1 3 1
226 1 4 802 1 4 1
227 1 1 806 18 152 27
228 0 10 809 396 1723 594
229 0 2 814 1868 19927 2802
230 1 1 817 40 353 60
231 0 3 819 589 2641 883
232 0 2 823 2 17 3
233 1 2 826 81 743 121
234 1 4 829 33 116 49
235 1 3 833 1 11 1
236 1 5 837 109 427 163
237 0 1 841 46154 562385 69231
238 1 1 844 12 99 18
239 0 1 845 682 6950 1023
240 1 2 847 1 9 1
241 1 14 850 314 1342 471
242 1 4 855 13621 75261 20431
243 0 8 859 4810 24919 7215
244 1 1 864 3 25 4
245 1 1 866 2 17 3
246 1 2 868 1 11 1
247 1 7 871 42 151 63
248 0 2 876 205 1972 307
249 1 5 879 1 3 1
250 1 2 883 1 10 1
251 0 2 886 216 2083 324
252 1 2 889 1455 15349 2182
253 1 17 892 2 7 3
254 1 2 897 15582 181862 23373
255 0 4 900 1 4 1
256 1 6 904 1 5 1
257 1 2 908 1 9 1
258 0 2 911 232 2246 348
259 1 13 914 12866 70846 19299
260 1 4 919 2 6 3
261 0 11 923 43 155 64
262 1 2 928 6 48 9
263 0 3 931 35 124 52
264 1 10 935 103 402 154
265 1 1 940 38 335 57
266 0 4 943 1 4 1
267 0 3 947 1 5 1
268 1 3 951 1 3 1
269 0 2 955 1183 12364 1774
270 0 2 958 19 161 28
271 1 9 961 25 85 37
272 1 7 966 22 74 33
273 1 2 971 1 8 1
274 1 2 974 1 9 1
275 1 2 977 535 5390 802
276 1 2 980 1 10 1
277 1 1 983 29 252 43
278 0 5 986 2332 11522 3498
279 0 1 990 156 1480 234
280 0 2 993 1 9 1
281 1 5 996 7 21 10
282 1 3 1000 40 353 60
283 1 2 1003 4 33 6
284 0 3 1006 101 937 151
285 0 1 1009 1 12 1
286 0 5 1011 1 4 1
287 0 2 1015 15 125 22
288 0 2 1018 1 10 1
289 1 2 1021 9 72 13
290 0 6 1024 1 3 1
291 0 9 1028 13 41 19
292 1 16 1033 2 7 3
293 0 7 1038 1665 8040 2497
294 1 5 1042 1 6 1
295 1 2 1046 1 12 1
296 1 16 1049 2 7 3
297 0 7 1054 1 4 1
298 1 8 1059 405 1766 607
299 0 1 1064 1197 12517 1795
300 0 1 1066 798 8191 1197
301 1 5 1069 342 1472 513
302 0 5 1073 40 143 60
303 0 2 1077 1 10 1
304 1 1 1080 1 9 1
305 1 3 1083 2 7 3
306 0 2 1087 436 4350 654
307 1 3 1090 16 52 24
308 1 4 1094 980 4560 1470
309 1 4 1098 1 4 1
310 0 2 1102 6 48 9
311 0 2 1105 186 1781 279
312 1 6 1108 1 5 1
313 1 1 1112 4 33 6
314 1 3 1114 1 3 1
315 1 1 1118 3 25 4
316 0 1 1120 17 143 25
317 1 2 1122 1 8 1
318 0 3 1125 6 18 9
319 0 4 1129 15479 86182 23218
320 1 4 1133 3 10 4
321 1 1 1137 16 134 24
322 0 1 1140 2 17 3
323 0 1 1143 3479 38137 5218
324 1 2 1145 1 9 1
325 1 10 1148 48 175 72
326 0 9 1153 2440 12092 3660
327 0 11 1158 12 38 18
328 0 5 1163 12 38 18
329 0 2 1167 1652 17527 2478
330 0 8 1170 1 4 1
331 1 2 1175 1 9 1
332 0 2 1178 101 937 151
333 0 2 1181 19 161 28
334 0 18 1184 1 4 1
335 1 3 1189 2 6 3
336 1 1 1193 31 270 46
337 1 4 1195 81 309 121
338 1 2 1199 1 10 1
339 0 4 1202 1 3 1
340 0 6 1206 10 31 15
341 1 3 1210 1 12 1
342 0 8 1214 1 4 1
343 0 3 1219 108 1006 162
344 1 14 1223 1 5 1
345 0 2 1228 3 25 4
346 0 3 1231 3 10 4
347 0 1 1235 1 9 1
348 1 3 1238 3068016 22455072 4602024
349 1 3 1242 1 3 1
350 0 4 1246 979 4555 1468
351 1 7 1250 1 5 1
352 0 2 1254 1 10 1
353 1 2 1257 1 11 1
354 0 1 1260 458 4581 687
355 1 2 1261 1 9 1
356 1 1 1264 1 12 1
357 1 7 1266 67 252 100
358 1 2 1270 52 466 78
359 0 2 1273 1 9 1
360 0 2 1276 2 17 3
361 0 7 1279 16 52 24
362 1 9 1284 1 3 1
363 0 5 1289 27 93 40
364 1 1 1293 3 25 4
365 1 2 1295 2 17 3
366 1 2 1298 110906 1397378 166359
367 0 4 1301 155 626 232
368 1 3 1305 32 112 48
369 1 1 1309 1 9 1
370 1 5 1311 82 314 123
371 1 3 1315 14 45 21
372 1 11 1319 39 139 58
373 0 4 1324 363 1569 544
374 1 2 1328 558 5633 837
375 0 12 1331 1 3 1
376 0 3 1336 11 34 16
377 1 2 1340 11 90 16
378 0 9 1343 2 6 3
379 0 1 1348 42 372 63
380 1 3 1351 47 171 70
381 0 1 1355 4207 46495 6310
382 1 7 1358 11 34 16
383 0 1 1362 705 7195 1057
384 1 1 1365 1 11 1
385 0 3 1368 11 90 16
386 1 3 1372 2 17 3
387 1 1 1376 3 25 4
388 0 6 1379 7 21 10
389 1 5 1383 2 6 3
390 1 1 1387 6 48 9
391 0 2 1389 221 2134 331
392 1 1 1392 2 17 3
393 0 4 1394 2 6 3
394 1 8 1398 72 272 108
395 1 3 1403 143 574 214
396 1 10 1407 1 4 1
397 1 21 1412 8 24 12
398 1 2 1417 2 17 3
399 1 1 1420 4 32 6
400 1 6 1422 3 10 4
401 1 61 1426 12 38 18
402 0 7 1432 1 4 1
403 1 4 1436 2779 13892 4168
404 0 3 1440 1 9 1
405 0 4 1444 1 4 1
406 0 1 1448 1 10 1
407 0 7 1449 107 419 160
408 1 6 1453 16 52 24
409 1 2 1457 3698 40644 5547
410 1 5 1460 189 776 283
411 0 3 1464 7 21 10
412 1 4 1468 5 15 7
413 1 11 1472 1 4 1
414 1 3 1477 1 8 1
415 0 3 1481 17 55 25
416 1 2 1485 8713 99296 13069
417 1 4 1488 1 4 1
418 0 4 1492 1 4 1
419 0 4 1496 338406 2229804 507609
420 0 2 1500 1 10 1
421 0 5 1503 2 7 3
422 0 4 1507 2952 14816 4428
423 0 3 1511 1 10 1
424 0 2 1515 9 73 13
425 1 7 1518 30 104 45
426 0 1 1523 57 513 85
427 1 1 1525 5 40 7
428 0 1 1528 15 125 22
429 0 25 1529 1 4 1
430 0 10 1534 516 2291 774
431 0 1 1539 5 40 7
432 0 9 1542 11 34 16
433 0 2 1547 7207 81486 10810
434 1 2 1550 1 10 1
435 1 1 1553 1 8 1
436 1 5 1555 2 7 3
437 0 10 1559 35 124 52
438 1 2 1564 8637 98394 12955
439 1 3 1567 9 72 13
440 0 2 1571 11 90 16
441 0 9 1574 5 15 7
442 1 1 1579 1 9 1
443 1 2 1581 31 270 46
444 0 2 1584 1 9 1
445 1 1 1587 1 11 1
446 0 1 1590 82 753 123
447 0 4 1593 140 561 210
448 0 1 1597 130 1222 195
449 0 1 1600 19 161 28
450 0 5 1603 1 5 1
451 1 1 1607 1 9 1
452 0 2 1609 1 9 1
453 0 2 1612 1 12 1
454 1 3 1615 9 72 13
455 0 1 1619 717 7323 1075
456 0 5 1621 4 12 6
457 1 3 1625 30 261 45
458 1 9 1629 1 3 1
459 0 6 1634 26 89 39
460 1 3 1638 3 25 4
461 0 29 1642 1 4 1
462 0 3 1648 1 3 1
463 0 1 1652 455 4549 682
464 1 9 1654 67 252 100
465 1 6 1659 1 5 1
466 1 2 1663 1 9 1
467 0 1 1666 33 289 49
468 0 27 1669 292 1241 438
469 1 5 1675 1 3 1
470 1 12 1679 2 7 3
471 1 3 1684 457 4570 685
472 0 16 1688 1 4 1
473 1 4 1693 1 4 1
474 1 11 1697 6 18 9
475 1 1 1702 1 10 1
476 1 1 1704 17880 209846 26820
477 1 1 1707 2 17 3
478 1 13 1709 1 4 1
479 1 2 1714 1 9 1
480 1 4 1717 352 1518 528
481 1 2 1721 63 570 94
482 0 6 1724 10 31 15
483 0 6 1728 445 1954 667
484 0 1 1732 11915 137551 17872
485 1 10 1735 1 4 1
486 0 11 1740 14 45 21
487 1 6 1745 39 139 58
488 1 6 1749 3 9 4
489 1 2 1753 1061 11034 1591
490 1 3 1756 9 73 13
491 0 1 1760 32 279 48
492 1 1 1763 2 17 3
493 0 3 1765 3 10 4
494 0 3 1769 17 55 25
495 1 8 1773 1 3 1
496 1 12 1778 1 3 1
497 0 2 1783 1 10 1
498 0 2 1786 1 9 1
499 0 3 1789 6 18 9
500 1 3 1793 1 3 1
501 1 2 1797 4 32 6
502 1 6 1800 110 432 165
503 0 3 1804 2 6 3
504 1 2 1808 5 41 7
505 1 4 1811 488 2158 732
506 0 2 1815 1 10 1
507 1 1 1818 1 11 1
508 1 1 1820 1 11 1
509 0 3 1822 431 1888 646
510 0 2 1826 10 81 15
511 0 10 1829 9500 51357 14250
512 0 1 1834 6 48 9
513 0 1 1836 395 3923 592
514 1 1 1838 66 599 99
515 0 3 1840 20 67 30
516 1 3 1844 2 17 3
517 1 2 1848 1 9 1
518 0 6 1851 1 3 1
519 1 3 1855 10 31 15
520 0 7 1859 1675 8092 2512
521 1 1 1863 1153 12036 1729
522 0 2 1866 13 107 19
523 0 3 1869 53 475 79
524 1 1 1873 7 56 10
525 1 1 1875 1 10 1
526 0 6 1878 227 946 340
527 1 1 1882 148 1400 222
528 0 1 1884 2 17 3
529 0 7 1886 1 3 1
530 1 9 1890 97 377 145
531 0 2 1895 1 9 1
532 0 3 1898 6 18 9
533 0 5 1902 101 394 151
534 0 2 1906 1 12 1
535 0 1 1909 17056 199795 25584
536 0 1 1912 1 9 1
537 1 2 1914 1 9 1
538 1 4 1917 1 3 1
539 1 3 1921 5 15 7
540 1 3 1925 29 101 43
541 0 4 1929 21 70 31
542 0 3 1933 1067 11100 1600
543 0 1 1937 3 25 4
544 0 4 1939 503 2229 754
545 0 1 1943 26 224 39
546 1 5 1945 1 4 1
547 1 42 1949 1 5 1
548 1 9 1955 2 7 3
549 1 2 1960 23 197 34
550 1 3 1963 1 3 1
551 1 6 1967 222 923 333
552 1 4 1971 2386 11807 3579
553 0 1 1975 1547 16365 2320
554 1 3 1978 72 657 108
555 0 4 1982 2 6 3
556 0 9 1986 470 2072 705
557 1 10 1991 2 7 3
558 1 9 1996 45 163 67
559 1 2 2001 2 17 3
560 1 52 2004 1 4 1
561 0 6 2010 2 6 3
562 0 1 2014 12 98 18
563 1 5 2017 27 93 40
564 1 4 2021 1 5 1
565 0 1 2025 10281 117970 15421
566 1 4 2028 1 4 1
567 1 5 2032 38 135 57
568 1 3 2036 97 376 145
569 0 8 2040 19 63 28
570 1 2 2045 9 73 13
571 1 3 2048 64 239 96
572 0 5 2052 1 4 1
573 0 5 2056 1 5 1
574 1 1 2060 19 161 28
575 0 2 2063 1 8 1
576 1 3 2066 5 41 7
577 1 1 2070 1 11 1
578 1 2 2072 1 9 1
579 1 3 2075 157 635 235
580 0 1 2079 38 334 57
581 0 4 2080 33 116 49
582 0 2 2084 1 10 1
583 1 1 2087 2 17 3
584 0 1 2089 22 188 33
585 0 6 2091 2962 14869 4443
586 0 3 2095 10928 59584 16392
587 1 1 2099 10 81 15
588 0 2 2102 3 25 4
589 0 1 2105 725 7409 1087
590 1 1 2107 1 12 1
591 0 20 2108 6 18 9
592 0 9 2113 454 1997 681
593 0 6 2118 1 4 1
594 0 2 2122 18 152 27
595 1 12 2125 1477 7074 2215
596 0 16 2130 5103 26536 7654
597 1 2 2135 3 25 4
598 1 4 2138 447 1963 670
599 1 7 2142 31 108 46
600 1 11 2146 79153 483472 118729
601 0 3 2151 318 1361 477
602 0 15 2155 7 21 10
603 0 4 2160 9 27 13
604 0 1 2164 1 11 1
605 1 4 2166 3 10 4
606 1 3 2170 2 6 3
607 0 1 2174 6493728 94320048 9740592
608 1 16 2176 7 21 10
609 0 2 2181 1 13 1
610 0 1 2184 3 25 4
611 1 2 2186 1 10 1
612 1 4 2189 1 6 1
613 1 4 2193 3 9 4
614 0 4 2197 77 293 115
615 0 2 2201 1 9 1
616 0 3 2204 1 11 1
617 0 2 2208 1 10 1
618 0 3 2211 1 5 1
619 0 1 2215 272 2653 408
620 1 1 2217 3 25 4
621 1 2 2219 164 1560 246
622 1 5 2222 37 132 55
623 1 8 2226 1 4 1
624 0 14 2231 4 13 6
625 0 2 2236 13 107 19
626 1 1 2239 8 64 12
627 0 12 2242 10 31 15
628 0 2 2247 1 10 1
629 1 2 2250 1 10 1
630 1 2 2253 78 714 117
631 1 1 2256 1 11 1
632 1 3 2258 1 4 1
633 1 7 2262 1998 9769 2997
634 1 1 2266 1176 12287 1764
635 0 2 2269 6743 76028 10114
636 0 5 2272 4463 23010 6694
637 1 9 2276 1 4 1
638 0 1 2281 1 9 1
639 1 6 2284 68 256 102
640 0 10 2288 702 3189 1053
641 1 1 2293 1 9 1
642 1 1 2295 15 125 22
643 1 15 2298 5 15 7
644 1 3 2303 73 276 109
645 1 1 2307 1 9 1
646 1 1 2309 10 81 15
647 0 7 2311 795 3644 1192
648 1 3 2316 11 34 16
649 1 3 2320 4318 47775 6477
650 0 7 2323 1 3 1
651 1 1 2328 1 11 1
652 0 5 2330 1744 8449 2616
653 0 5 2334 106117 658471 159175
654 0 2 2338 303272 3965430 454908
655 0 67 2341 1 3 1
656 0 13 2347 4 13 6
657 1 3 2352 1 5 1
658 1 1 2356 1 9 1
659 1 1 2358 1 10 1
660 0 1 2361 3 25 4
661 0 1 2363 131 1232 196
662 1 1 2365 35 307 52
663 1 3 2368 1325 6298 1987
664 1 1 2372 48 428 72
665 1 2 2375 24 206 36
666 1 4 2378 14635 81211 21952
667 0 4 2382 4 12 6
668 0 9 2386 1 4 1
669 0 1 2391 246 2388 369
670 0 5 2394 220 914 330
671 0 1 2398 42 372 63
672 1 136 2401 1 5 1
673 0 1 2407 44246 538252 66369
674 0 1 2410 5 40 7
675 0 15 2411 1 4 1
676 1 2 2416 2 17 3
677 1 2 2419 259 2520 388
678 0 2 2422 14 116 21
679 1 31 2425 51 187 76
680 0 1 2431 1 9 1
681 0 5 2433 1 4 1
682 1 1 2437 180 1720 270
683 1 1 2440 63 570 94
684 0 1 2442 15 125 22
685 0 4 2445 4 12 6
686 1 1 2449 2 17 3
687 0 6 2451 1 4 1
688 0 7 2455 305 1301 457
689 0 3 2459 57 211 85
690 1 1 2463 231 2235 346
691 0 6 2465 1 4 1
692 0 2 2469 11 90 16
693 0 1 2472 8 64 12
694 1 3 2474 6922976 52535338 10384464
695 0 2 2478 455 4549 682
696 0 8 2481 102 398 153
697 0 2 2486 1 9 1
698 0 1 2489 21 179 31
699 0 2 2491 19 161 28
700 0 2 2494 20 170 30
701 1 1 2497 36 316 54
702 0 4 2499 1 4 1
703 0 4 2503 234 977 351
704 1 2 2507 45 400 67
705 0 11 2510 1 3 1
706 1 3 2515 46 167 69
707 0 6 2519 12 38 18
708 1 6 2523 1 6 1
709 1 2 2527 48003 585806 72004
710 1 1 2530 183 1750 274
711 1 1 2533 3 25 4
712 1 9 2536 6 18 9
713 0 1 2541 480 4811 720
714 0 8 2543 32 112 48
715 0 4 2548 3986 20402 5979
716 1 2 2552 14 116 21
717 0 1 2555 1 9 1
718 1 2 2558 8 64 12
719 1 3 2561 1 10 1
720 1 1 2565 3 25 4
721 0 24 2567 3 10 4
722 0 3 2572 1 5 1
723 1 1 2576 1 12 1
724 0 4 2579 1 5 1
725 1 3 2583 1 4 1
726 0 2 2587 1 8 1
727 1 5 2590 38 135 57
728 1 1 2594 21 179 31
729 1 9 2596 12 38 18
730 1 2 2601 17 143 25
731 0 1 2604 217 2093 325
732 1 2 2607 6 48 9
733 0 3 2610 1 4 1
734 0 1 2614 398 3954 597
735 1 2 2617 818 8406 1227
736 0 2 2620 1 10 1
737 0 3 2623 1 9 1
738 1 3 2626 5 15 7
739 0 1 2630 1 10 1
740 0 5 2631 10 31 15
741 0 3 2635 12 38 18
742 0 3 2639 747 3409 1120
743 0 3 2643 228 2205 342
744 0 3 2647 1197 12517 1795
745 0 3 2651 8 24 12
746 0 1 2655 8 64 12
747 1 1 2658 10090 115689 15135
748 1 1 2660 1 11 1
749 1 1 2662 2 17 3
750 0 3 2664 6 18 9
751 1 7 2668 14 45 21
752 0 3 2673 590 2646 885
753 0 3 2677 248 1041 372
754 1 1 2681 6915 78049 10372
755 0 6 2684 9 27 13
756 0 4 2688 12 38 18
757 0 3 2692 246 1032 369
758 1 5 2696 1 4 1
759 1 2 2700 2 17 3
760 0 4 2703 1 3 1
761 0 1 2707 6 48 9
762 1 2 2709 108 1006 162
763 1 6 2712 1 3 1
764 0 9 2716 1 3 1
765 1 1 2721 2386 25729 3579
766 1 23 2724 1 3 1
767 0 5 2729 10 31 15
768 1 2 2733 1 9 1
769 1 1 2736 65 589 97
770 1 5 2738 1 4 1
771 1 4 2742 3 10 4
772 1 2 2746 893 9214 1339
773 0 5 2749 23 78 34
774 1 4 2753 2 6 3
775 1 2 2757 2 17 3
776 0 2 2760 15 125 22
777 1 2 2763 433685 5744020 650527
778 0 2 2766 223 2154 334
779 1 4 2769 1 5 1
780 1 6 2773 1 3 1
781 0 1 2777 90 830 135
782 1 9 2780 61 227 91
783 1 22 2785 32 112 48
784 1 6 2790 9 27 13
785 1 32 2794 8 24 12
786 0 2 2800 17 143 25
787 1 4 2803 10 31 15
788 0 1 2807 71 647 106
789 0 4 2809 1 4 1
790 0 2 2813 269 2623 403
791 0 7 2816 4 12 6
792 0 3 2820 1 9 1
793 0 1 2824 10464 120157 15696
794 0 3 2827 10698 122956 16047
795 0 1 2831 12 99 18
796 1 3 2834 638 2878 957
797 1 5 2838 1 3 1
798 1 3 2842 1 10 1
799 0 2 2845 3 25 4
800 0 2 2848 1 9 1
801 1 3 2851 4 12 6
802 0 3 2855 640 2888 960
803 1 5 2859 13 41 19
804 0 4 2863 1 5 1
805 0 5 2867 1 4 1
806 0 4 2871 1 4 1
807 1 1 2875 19 161 28
808 1 2 2877 46 410 69
809 1 1 2880 2 17 3
810 0 13 2883 4 12 6
811 0 1 2888 2 17 3
812 1 1 2890 6 48 9
813 1 2 2892 1 9 1
814 0 2 2895 112 1045 168
815 0 3 2898 90 347 135
816 0 7 2902 2 6 3
817 1 1 2906 8 64 12
818 1 5 2908 113 444 169
819 1 2 2912 48 428 72
820 0 1 2915 8 64 12
821 0 34 2918 261 1100 391
822 0 14 2924 89 343 133
823 1 1 2929 23 197 34
824 0 1 2932 555 5601 832
825 0 2 2935 347 3425 520
826 0 3 2938 1 4 1
827 0 2 2942 4 33 6
828 1 3 2945 8 24 12
829 1 11 2949 123 487 184
830 0 4 2954 3 9 4
831 1 1 2958 1 11 1
832 1 2 2960 447 4465 670
833 1 1 2963 1 8 1
834 0 4 2965 5 15 7
835 0 5 2969 1 4 1
836 0 5 2973 1 5 1
837 0 22 2977 1 3 1
838 0 1 2982 6 48 9
839 1 2 2985 31 270 46
840 1 1 2988 2780 30179 4170
841 1 7 2990 52675 314640 79012
842 0 17 2994 7 21 10
843 0 19 2999 7635 40722 11452
844 0 4 3004 1 4 1
845 0 8 3008 1 4 1
846 1 1 3013 21 179 31
847 0 1 3015 3 25 4
848 1 1 3017 2777 30145 4165
849 0 2 3020 6 48 9
850 0 2 3023 4 33 6
851 1 5 3026 1 3 1
852 1 1 3030 720 7356 1080
853 1 2 3031 1 8 1
854 1 3 3034 23 197 34
855 1 3 3038 52 466 78
856 1 1 3042 1 9 1
857 1 17 3044 30 104 45
858 0 1 3049 1 9 1
859 1 6 3052 88 339 132
860 0 1 3056 2 17 3
861 1 1 3059 124 1163 186
862 1 2 3062 11 90 16
863 1 1 3065 2 17 3
864 0 5 3067 399 1738 598
865 1 2 3071 1 11 1
866 1 1 3074 1 11 1
867 1 7 3077 3785 19308 5677
868 1 1 3082 1 9 1
869 1 2 3084 4 33 6
870 1 3 3087 1 5 1
871 0 3 3091 1 9 1
872 0 1 3095 46570 567651 69855
873 1 4 3097 1 3 1
874 0 3 3101 336 1444 504
875 0 1 3105 1 9 1
876 1 2 3107 1 9 1
877 1 1 3110 1 8 1
878 1 2 3113 10 81 15
879 1 12 3116 1952 9529 2928
880 1 3 3121 1 9 1
881 1 9 3125 2 6 3
882 0 7 3130 85 326 127
883 0 8 3135 1198 5655 1797
884 1 3 3140 24997 143143 37495
885 1 3 3144 40 143 60
886 1 4 3148 1 4 1
887 1 3 3152 1 5 1
888 1 3 3156 3 10 4
889 1 1 3160 5 40 7
890 1 10 3161 3512 17828 5268
891 0 9 3166 1 4 1
892 1 1 3171 18 152 27
893 1 6 3172 21 70 31
894 0 35 3176 1 4 1
895 1 2 3182 1 10 1
896 1 7 3185 1 4 1
897 0 1 3190 1 9 1
898 1 1 3193 4 33 6
899 0 2 3195 1 8 1
900 0 2 3198 1048 10893 1572
901 0 1 3201 333 3280 499
902 1 14 3203 1 4 1
903 1 1 3208 3 25 4
904 1 3 3210 12 38 18
905 0 8 3214 1 4 1
906 1 1 3219 2 17 3
907 0 2 3221 1 11 1
908 1 2 3224 1 9 1
909 1 2 3227 429 4277 643
910 1 5 3230 668 3023 1002
911 0 5 3234 3 9 4
912 0 3 3238 2505 12436 3757
913 1 8 3242 1 3 1
914 1 1 3247 1 9 1
915 0 1 3250 1 10 1
916 0 2 3252 422 4204 633
917 1 2 3255 7 56 10
918 0 1 3258 1 10 1
919 1 3 3261 312 3063 468
920 1 3 3265 2 17 3
921 0 2 3269 3 25 4
922 0 5 3272 31 108 46
923 0 3 3276 1 4 1
924 0 4 3280 1 4 1
925 1 1 3284 282 2756 423
926 1 1 3285 1 9 1
927 1 24 3288 1 4 1
928 0 2 3293 1 8 1
929 0 2 3296 5 41 7
930 0 2 3299 147 1390 220
931 0 3 3302 1 11 1
932 1 2 3306 8 64 12
933 1 1 3309 1 13 1
934 1 8 3311 1 3 1
935 1 4 3316 2 6 3
936 0 1 3320 1 9 1
937 0 1 3322 21168 250126 31752
938 0 18 3325 4 13 6
939 1 13 3330 1 3 1
940 0 14 3335 139 556 208
941 0 3 3340 519 2306 778
942 1 1 3344 1 10 1
943 0 5 3347 15 49 22
944 0 4 3351 63 235 94
945 0 2 3355 3605 39578 5407
946 0 15 3358 28 97 42
947 0 2 3363 1 9 1
948 0 7 3366 1 5 1
949 0 1 3370 21 179 31
950 1 2 3373 55 495 82
951 0 1 3376 13 107 19
952 1 7 3378 11 34 16
953 0 3 3382 75 285 112
954 1 1 3386 1 9 1
955 1 2 3389 1 9 1
956 0 6 3392 65 243 97
957 1 8 3396 1 5 1
958 1 3 3401 1 11 1
959 0 2 3405 63 570 94
960 0 2 3408 1 9 1
961 1 5 3411 1 4 1
962 1 6 3415 15 49 22
963 0 1 3419 4 33 6
964 0 1 3422 1 9 1
965 0 2 3424 2 17 3
966 0 1 3427 3 25 4
967 1 2 3429 1 11 1
968 1 1 3432 19 161 28
969 1 2 3434 358 3538 537
970 0 2 3437 2 17 3
971 0 7 3440 75 284 112
972 0 12 3444 481 2124 721
973 1 8 3449 2 6 3
974 0 1 3454 161 1530 241
975 0 3 3456 3789 19330 5683
976 0 1 3460 626 6354 939
977 0 1 3462 10 81 15
978 1 3 3465 6 18 9
979 1 2 3469 1 10 1
980 1 2 3472 1 11 1
981 1 3 3475 1 11 1
982 1 1 3479 15 125 22
983 1 4 3482 1 4 1
984 1 7 3486 1 3 1
985 1 3 3491 1 6 1
986 0 1 3495 67 609 100
987 1 1 3498 1 10 1
988 0 13 3499 1 4 1
989 0 4 3504 11 34 16
990 0 1 3508 1972 21087 2958
991 1 2 3510 3 25 4
992 0 4 3513 7 21 10
993 0 4 3517 666 3014 999
994 1 8 3521 13 41 19
995 1 1 3526 107 996 160
996 1 10 3528 1 4 1
997 1 2 3533 1 10 1
998 0 1 3536 1 10 1
999 0 7 3539 2 7 3
1000 0 5 3543 2 6 3
1001 1 12 3547 1 5 1
1002 1 3 3552 98 381 147
1003 1 15 3556 5432 28360 8148
1004 0 12 3561 12 38 18
1005 1 6 3566 1 4 1
1006 0 1 3570 15 125 22
1007 1 1 3573 1 8 1
1008 1 1 3576 1 9 1
1009 0 1 3577 1 12 1
1010 0 14 3580 1 4 1
1011 1 1 3585 396 3933 594
1012 1 1 3588 2058 22048 3087
1013 0 1 3590 18 152 27
1014 1 30 3591 1 3 1
1015 1 3 3597 195 1871 292
1016 1 1 3601 1 11 1
1017 1 2 3604 1 9 1
1018 0 3 3607 35 307 52
