0 0 13 5 3 9 4
1 1 5 9 5 41 7
2 0 1 13 480 4811 720
3 1 2 16 117 1094 175
4 1 1 19 25 215 37
5 0 6 22 3 10 4
6 1 2 26 12 99 18
7 0 14 30 1 3 1
8 1 1 34 11 90 16
9 0 1 37 12 99 18
10 0 3 40 3 25 4
11 0 3 44 1 13 1
12 1 32 48 351 1513 526
13 0 7 53 20 67 30
14 0 1 57 5 41 7
15 0 2 60 95 879 142
16 1 1 64 21 179 31
17 0 1 67 1 9 1
18 1 3 70 8 64 12
19 0 1 74 17 143 25
20 0 2 77 1 10 1
21 0 9 81 27 93 40
22 0 2 85 161 1530 241
23 1 1 89 95 879 142
24 0 6 91 12 38 18
25 1 2 95 14 116 21
26 0 1 99 8 64 12
27 1 2 102 4414 48883 6621
28 1 1 105 32 279 48
29 0 1 108 3 25 4
30 1 3 111 1 10 1
31 0 1 115 41 362 61
32 1 1 118 1 10 1
33 1 6 121 57 513 85
34 1 1 125 1 8 1
35 1 1 128 1 10 1
36 0 7 131 1 5 1
37 0 2 135 1 10 1
38 1 7 139 4644 24005 6966
39 0 1 143 224 2164 336
40 1 6 146 658 6694 987
41 1 2 150 297 2909 445
42 0 4 154 1 9 1
43 0 7 158 27 93 40
44 1 4 162 18 152 27
45 0 3 166 1 11 1
46 1 1 170 105 976 157
47 0 1 173 6236 70081 9354
48 0 2 176 4852 53951 7278
49 1 2 179 2 17 3
50 1 2 183 10 81 15
51 1 2 186 1 9 1
52 1 8 189 171 696 256
53 0 2 193 20 170 30
54 1 3 197 3 25 4
55 0 5 201 8 64 12
56 1 1 205 1 10 1
57 1 9 208 1 3 1
58 1 14 212 27 93 40
59 1 6 216 2 17 3
60 1 2 220 328 3228 492
61 0 2 224 1 9 1
62 1 12 227 1 3 1
63 0 20 231 217 901 325
64 1 2 236 32 279 48
65 0 3 239 19 161 28
66 0 2 243 47455 578861 71182
67 0 15 247 1 4 1
68 1 1 251 26264 313021 39396
69 1 2 254 4 33 6
70 1 31 258 132 526 198
71 1 3 263 1 10 1
72 0 7 267 1 3 1
73 0 4 271 1 10 1
74 1 1 275 85 782 127
75 1 7 278 29 101 43
76 0 2 282 1 11 1
77 0 5 285 1 9 1
78 1 15 289 67 251 100
79 0 1 293 2284 24582 3426
80 0 5 296 1 10 1
81 0 1 300 2236 24043 3354
82 1 1 303 1 10 1
83 0 2 306 1 9 1
84 0 2 309 46 409 69
85 1 3 313 17247 202123 25870
86 0 2 317 46551 567411 69826
87 0 1 320 9 72 13
88 0 2 323 12 99 18
89 1 3 326 3 25 4
90 0 2 330 147 1391 220
91 0 6 334 1302 13667 1953
92 1 2 338 1 10 1
93 0 1 341 18741 220368 28111
94 1 4 344 6 48 9
95 1 6 348 71 647 106
96 1 1 352 11 90 16
97 0 2 355 1 9 1
98 1 5 358 6451 72600 9676
99 1 4 362 1834 19548 2751
100 1 2 366 21 179 31
101 1 1 370 1 10 1
102 1 20 373 22 74 33
103 1 1 378 21 179 31
104 0 4 381 78 714 117
105 0 2 385 180 1720 270
106 1 8 389 1 3 1
107 0 1 393 78915 981599 118372
108 1 6 396 1 4 1
109 0 4 400 3 25 4
110 0 1 404 354 3497 531
111 1 1 407 1 10 1
112 1 7 410 5 15 7
113 1 17 414 4 12 6
114 0 2 419 19 161 28
115 1 2 423 5 40 7
116 0 28 426 1 3 1
117 1 1 431 14 116 21
118 0 2 434 10 81 15
119 0 3 438 43 381 64
120 1 1 442 12 99 18
121 1 1 445 4 33 6
122 1 2 448 1 8 1
123 0 12 451 1 5 1
124 0 9 455 1 5 1
125 1 8 459 42 151 63
126 0 2 463 46 409 69
127 0 2 467 926 9570 1389
128 1 3 470 146 1381 219
129 0 2 474 1936 20685 2904
130 0 3 478 2 17 3
131 1 1 482 26 224 39
132 1 2 485 2 17 3
133 1 15 489 721 3282 1081
134 0 2 493 4 33 6
135 0 2 497 578 5845 867
136 1 11 501 1 4 1
137 0 1 505 2 17 3
138 1 1 508 1 9 1
139 1 7 511 373 1616 559
140 0 1 515 1 10 1
141 1 1 518 21 179 31
142 1 1 521 10 81 15
143 1 1 524 56 504 84
144 0 2 527 1241 12998 1861
145 0 7 531 126 500 189
146 0 1 535 109 1016 163
147 0 1 538 249 2418 373
148 1 2 541 7904 89712 11856
149 0 1 544 1 9 1
150 0 3 547 4499 49865 6748
151 1 2 551 756 7741 1134
152 1 9 555 6 18 9
153 0 4 559 258 2510 387
154 0 2 563 1 11 1
155 1 5 566 648 6588 972
156 0 5 570 44 390 66
157 1 13 574 219 910 328
158 1 1 578 272692 3551872 409038
159 1 4 581 1 9 1
160 0 1 585 340 3352 510
161 1 23 588 97 377 145
162 1 6 593 1 9 1
163 1 12 597 38 135 57
164 1 1 601 2 17 3
165 1 9 604 32 112 48
166 1 13 608 1 4 1
167 0 2 612 4 33 6
168 1 2 616 4509 49980 6763
169 1 1 620 3755 41297 5632
170 0 1 623 2 17 3
171 0 8 626 1 3 1
172 1 3 630 1 9 1
173 0 5 634 1 9 1
174 1 5 638 1 12 1
175 0 2 642 1 11 1
176 1 2 646 46 409 69
177 1 1 650 17 143 25
178 0 2 653 54 485 81
179 1 2 657 1 9 1
180 1 1 660 54 485 81
181 0 5 663 1 10 1
182 0 8 667 1 3 1
183 0 1 671 303 2971 454
184 1 4 674 1 10 1
185 1 1 678 3 25 4
186 1 10 681 1 4 1
187 1 6 685 2 17 3
188 0 3 689 8 64 12
189 0 1 693 2 17 3
190 0 1 696 5 40 7
191 1 1 699 19 160 28
192 1 5 702 295 2889 442
193 0 15 706 2 7 3
194 1 6 710 10 81 15
195 0 3 714 1 10 1
196 0 5 718 420 4183 630
197 0 1 722 179 1710 268
198 0 8 725 1 4 1
199 0 2 729 1 9 1
200 1 2 733 1 10 1
201 0 1 737 1 9 1
202 1 2 740 1058 11002 1587
203 0 2 743 13 108 19
204 0 2 747 22 188 33
205 0 1 750 1 9 1
206 1 2 753 219 2114 328
207 0 3 756 71 647 106
208 0 2 760 1 10 1
209 1 2 764 9 72 13
210 1 1 768 2963 32255 4444
211 0 1 771 1316 13820 1974
212 0 3 774 15 125 22
213 0 1 778 12 99 18
214 1 1 781 1 9 1
215 0 13 784 311 1328 466
216 0 21 788 1 4 1
217 0 8 793 1 5 1
218 0 31 797 8 24 12
219 1 8 802 5 15 7
220 1 4 806 4 32 6
221 1 2 810 3 25 4
222 1 2 814 788 8084 1182
223 1 1 817 1 10 1
224 0 10 820 16 52 24
225 1 11 824 2 6 3
226 0 2 828 2 17 3
227 0 3 832 8 64 12
228 1 1 836 1 11 1
229 1 2 839 43 381 64
230 1 8 842 12 38 18
231 1 2 846 580 5866 870
232 0 1 850 8 64 12
233 1 1 853 370111 4874252 555166
234 1 1 856 12 99 18
235 0 1 858 1030 10697 1545
236 1 7 861 1 4 1
237 0 1 865 1 13 1
238 1 1 868 1 9 1
239 0 15 871 46911 278410 70366
240 1 1 875 1925 20562 2887
241 0 14 878 42 151 63
242 1 7 882 4 12 6
243 0 3 886 8 64 12
244 1 2 890 11192 128873 16788
245 1 2 894 10 81 15
246 0 6 898 1056 10980 1584
247 1 8 902 1 5 1
248 0 5 906 525 5285 787
249 0 7 910 26 89 39
250 0 3 914 787 8073 1180
251 0 3 918 1 12 1
252 1 1 922 59 532 88
253 1 2 925 1 9 1
254 1 1 928 77 704 115
255 0 7 931 1 4 1
256 0 2 935 68 618 102
257 0 7 939 2 7 3
258 1 5 943 1 10 1
259 1 1 947 2 17 3
260 0 7 950 35 124 52
261 1 3 954 26 224 39
262 1 9 958 1 4 1
263 1 8 962 85 326 127
264 1 1 966 21026 248381 31539
265 1 13 969 15 48 22
266 0 7 973 1 3 1
267 0 4 977 329 3239 493
268 1 3 981 1 8 1
269 0 22 985 1 6 1
270 1 4 990 2 17 3
271 1 1 994 1 9 1
272 0 1 997 148 1401 222
273 0 4 1000 1 9 1
274 1 1 1004 4 32 6
275 1 2 1007 180928 2321516 271392
276 1 3 1010 1 9 1
277 0 8 1014 69 260 103
278 0 1 1018 14 116 21
279 1 2 1021 447 4465 670
280 1 1 1024 8 64 12
281 0 1 1027 49 438 73
282 1 135 1029 1 4 1
283 1 13 1034 2 7 3
284 1 5 1038 159 1510 238
285 1 6 1042 1 9 1
286 1 6 1046 3 25 4
287 1 4 1050 2 17 3
288 1 1 1054 1 9 1
289 0 3 1057 496 4979 744
290 0 2 1061 2 17 3
291 0 9 1065 11 34 16
292 1 1 1069 1 11 1
293 0 2 1072 3 25 4
294 1 7 1075 1 5 1
295 1 3 1079 326 3208 489
296 1 10 1083 20 67 30
297 0 9 1087 20 67 30
298 1 2 1091 1 10 1
299 1 2 1095 1 11 1
300 0 2 1099 167 1590 250
301 0 1 1103 1 11 1
302 1 1 1105 2336 25167 3504
303 1 1 1108 7 56 10
304 0 5 1111 13 108 19
305 1 2 1115 1 9 1
306 0 3 1118 2 17 3
307 1 4 1122 2 17 3
308 1 2 1126 67812 838628 101718
309 1 20 1130 5 15 7
310 0 5 1135 9 73 13
311 0 13 1139 67771 410466 101656
312 0 2 1143 1 10 1
313 0 4 1146 1 12 1
314 0 1 1150 2 17 3
315 1 5 1153 3 25 4
316 1 12 1157 36 127 54
317 1 1 1161 2 17 3
318 0 2 1164 6 48 9
319 1 10 1167 715 3252 1072
320 1 22 1171 170 692 255
321 0 3 1176 73 666 109
322 0 26 1180 1 3 1
323 1 9 1185 7 21 10
324 0 1 1189 373 3694 559
325 0 1 1192 1 10 1
326 0 5 1195 35143 423685 52714
327 1 2 1199 3398 37211 5097
328 1 5 1203 1 10 1
329 1 1 1207 8 64 12
330 0 7 1208 7 21 10
331 1 10 1212 78 297 117
332 0 5 1216 1 9 1
333 0 1 1220 2 17 3
334 1 14 1223 73 276 109
335 0 1 1227 1 10 1
336 1 3 1230 1996 21355 2994
337 0 1 1234 2 17 3
338 1 1 1237 695 7088 1042
339 0 1 1240 3 25 4
340 1 3 1243 31 270 46
341 0 2 1247 286 2796 429
342 0 3 1251 1 10 1
343 0 1 1255 1 10 1
344 0 3 1258 406 4037 609
345 0 3 1262 1 10 1
346 0 3 1266 974 10090 1461
347 0 2 1270 1 10 1
348 0 8 1274 1 3 1
349 0 21 1278 1 4 1
350 1 1 1283 5956 66804 8934
351 0 2 1286 1 9 1
352 1 39 1290 5226 27218 7839
353 0 2 1295 1 10 1
354 1 19 1299 10 31 15
355 0 1 1304 1 11 1
356 1 2 1307 3 25 4
357 1 3 1310 4 33 6
358 1 9 1314 8 24 12
359 1 1 1318 6 48 9
360 1 1 1321 1 8 1
361 1 1 1324 90 830 135
362 0 2 1327 1 9 1
363 0 4 1331 1462 15426 2193
364 0 6 1335 4687 52040 7030
365 1 20 1339 14 45 21
366 1 9 1344 1 6 1
367 1 11 1348 11136 60787 16704
368 0 1 1352 3951 43548 5926
369 1 2 1355 17 143 25
370 1 1 1359 1 10 1
371 1 11 1362 2 6 3
372 0 3 1366 1 11 1
373 0 3 1370 1 10 1
374 0 1 1374 3 25 4
375 0 7 1377 9 27 13
376 0 2 1381 19427 228765 29140
377 1 6 1385 2 17 3
378 1 1 1389 1 10 1
379 1 5 1392 1707 18137 2560
380 1 6 1396 154708 1973626 232062
381 1 3 1400 389 3860 583
382 1 1 1404 1 9 1
383 1 1 1407 1091 11360 1636
384 0 5 1410 1 9 1
385 1 2 1414 312 3064 468
386 0 2 1418 33 288 49
387 0 3 1421 13 107 19
388 0 4 1425 541 5454 811
389 0 1 1429 1 8 1
390 0 3 1432 9 73 13
391 0 4 1436 1 13 1
392 0 6 1440 1119 11665 1678
393 1 8 1444 1 4 1
394 1 13 1448 2 6 3
395 1 8 1452 20481 115931 30721
396 0 1 1456 8691 99035 13036
397 1 5 1459 15 125 22
398 1 3 1463 10 81 15
399 0 2 1467 144 1361 216
400 1 1 1471 9 72 13
401 0 1 1474 70 637 105
402 1 7 1477 1 3 1
403 0 2 1481 1 9 1
404 1 2 1484 1 11 1
405 0 1 1488 2229 23964 3343
406 1 3 1491 1 11 1
407 0 1 1495 510 5127 765
408 1 8 1498 1 6 1
409 0 5 1502 19237 226438 28855
410 1 2 1506 2 17 3
411 1 6 1509 2 17 3
412 1 1 1513 466 4664 699
413 1 8 1516 1 5 1
414 0 5 1520 7387 83608 11080
415 1 10 1524 60 223 90
416 1 5 1528 11562 133311 17343
417 0 2 1532 1 10 1
418 1 18 1535 1 4 1
419 0 2 1540 925 9560 1387
420 1 5 1544 11790 136049 17685
421 1 3 1548 134 1262 201
422 1 4 1552 1 9 1
423 0 2 1556 8 64 12
424 0 1 1560 18 152 27
425 0 1 1563 1 13 1
426 1 4 1566 3 25 4
427 1 4 1570 205 1972 307
428 1 2 1574 4 33 6
429 1 4 1578 465 4654 697
430 0 1 1582 1 9 1
431 0 3 1585 1 12 1
432 0 2 1589 1 9 1
433 0 9 1593 121 479 181
434 0 7 1597 24 82 36
435 0 7 1601 9 27 13
436 0 12 1605 1 4 1
437 1 8 1609 16 52 24
438 0 2 1613 23 197 34
439 1 3 1617 1 9 1
440 0 3 1621 5 40 7
441 0 2 1625 15 125 22
442 1 3 1629 56 504 84
443 0 3 1633 1 10 1
444 1 8 1637 3 9 4
445 1 7 1641 27 93 40
446 1 1 1645 3 25 4
447 0 6 1648 3 25 4
448 0 3 1652 76 695 114
449 0 1 1656 1578 16707 2367
450 0 1 1659 1 9 1
451 0 2 1662 29 252 43
452 1 1 1665 11 90 16
453 0 5 1668 14 116 21
454 0 16 1672 1 4 1
455 0 3 1677 716 7313 1074
456 1 2 1681 3 25 4
457 0 5 1684 3 25 4
458 1 2 1688 25 215 37
459 1 2 1692 34 297 51
460 0 6 1696 1 4 1
461 0 3 1700 1368 14391 2052
462 1 3 1704 2 17 3
463 0 1 1708 90 830 135
464 1 8 1711 1095 5136 1642
465 0 4 1715 4061 44814 6091
466 1 6 1719 9 73 13
467 0 12 1723 76 289 114
468 1 10 1727 104 406 156
469 0 9 1731 4 12 6
470 1 2 1735 1 9 1
471 0 6 1739 4014 44273 6021
472 0 1 1743 1 10 1
473 1 3 1746 1 13 1
474 1 1 1750 21 179 31
475 1 3 1753 8 64 12
476 1 2 1757 1 8 1
477 1 1 1761 349 3445 523
478 0 4 1764 7 56 10
479 0 4 1768 2 17 3
480 1 1 1772 1 9 1
481 1 21 1775 4 12 6
482 0 2 1780 116 1084 174
483 1 5 1784 71 647 106
484 0 1 1788 2 17 3
485 0 1 1791 6 48 9
486 0 2 1794 1 11 1
487 1 4 1797 2 17 3
488 1 5 1801 1 9 1
489 0 7 1805 10 31 15
490 1 2 1809 1 11 1
491 1 3 1812 43 381 64
492 0 2 1816 39 344 58
493 1 4 1820 63 570 94
494 0 3 1824 2 17 3
495 1 5 1828 72 656 108
496 0 12 1832 1 6 1
497 1 5 1836 10 81 15
498 0 1 1840 36387 439281 54580
499 1 7 1843 1 4 1
500 0 9 1847 3 9 4
501 0 1 1851 195 1871 292
502 0 5 1853 287 2807 430
503 1 1 1857 1835 19559 2752
504 1 17 1860 8 24 12
505 0 1 1865 3 25 4
506 1 4 1868 401 3985 601
507 0 2 1872 1 10 1
508 1 1 1875 5 41 7
509 0 3 1878 21 179 31
510 0 3 1882 1 10 1
511 1 3 1886 1 10 1
512 1 1 1890 406 4037 609
513 1 3 1893 4 33 6
514 0 7 1897 608 2733 912
515 1 3 1901 4 33 6
516 0 1 1905 1 9 1
517 1 1 1907 251 2439 376
518 1 1 1910 1 9 1
519 1 1 1913 21 179 31
520 0 4 1916 28087 335640 42130
521 0 3 1920 1 9 1
522 0 19 1924 656 2965 984
523 0 2 1929 192 1841 288
524 0 2 1933 31 270 46
525 0 3 1936 93 859 139
526 0 4 1940 1 10 1
527 0 2 1944 1 9 1
528 1 9 1948 1 5 1
529 0 18 1952 101 393 151
530 0 2 1957 170 1620 255
531 1 3 1961 1 9 1
532 0 4 1965 1 11 1
533 0 1 1969 60 542 90
534 0 5 1972 1 9 1
535 1 2 1976 6081 68266 9121
536 1 1 1979 26 224 39
537 0 2 1982 2 17 3
538 0 1 1986 1 9 1
539 0 4 1989 2 17 3
540 0 3 1993 1 9 1
541 0 3 1997 485 4864 727
542 1 2 2001 362 3580 543
543 0 4 2004 1 10 1
544 1 3 2008 1195 12495 1792
545 1 2 2012 141 1331 211
546 0 2 2015 306 3002 459
547 1 3 2018 22 188 33
548 1 11 2022 30 104 45
549 0 16 2026 37 131 55
550 1 2 2030 2231 23987 3346
551 0 1 2034 443 4423 664
552 1 3 2037 7455 84410 11182
553 1 1 2041 5 40 7
554 0 4 2044 6 48 9
555 1 7 2048 445 1954 667
556 1 4 2052 85 782 127
557 1 2 2056 1 9 1
558 1 4 2060 56 504 84
559 0 2 2064 1 10 1
560 1 3 2068 11 90 16
561 1 3 2072 1 8 1
562 1 1 2076 1 9 1
563 0 18 2079 3 9 4
564 0 6 2084 6 48 9
565 0 8 2088 8598 46197 12897
566 0 2 2092 23 197 34
567 0 4 2096 8544 97291 12816
568 0 2 2100 1 9 1
569 1 2 2103 131 1232 196
570 0 2 2107 354 3497 531
571 0 3 2111 35 307 52
572 0 1 2115 32 279 48
573 1 1 2118 1 10 1
574 0 4 2121 2106 22586 3159
575 0 2 2125 1 9 1
576 1 2 2129 1 9 1
577 1 2 2133 4 32 6
578 1 15 2137 60 223 90
579 1 3 2141 13 107 19
580 1 3 2145 5 41 7
581 0 3 2149 521 5242 781
582 0 4 2153 84 772 126
583 0 1 2157 1 9 1
584 1 3 2160 1 10 1
585 0 1 2164 735 7516 1102
586 1 3 2167 71 647 106
587 0 4 2171 1 9 1
588 0 6 2175 51 456 76
589 1 2 2179 1 8 1
590 1 1 2182 1 12 1
591 1 2 2184 12 98 18
592 0 1 2188 277 2704 415
593 0 1 2191 4 33 6
594 0 9 2194 75 284 112
595 0 1 2198 1 10 1
596 1 10 2201 1 3 1
597 0 2 2205 5 40 7
598 1 2 2209 273 2663 409
599 1 9 2213 1 4 1
600 1 5 2217 223 2154 334
601 0 1 2221 1 13 1
602 1 2 2224 1 9 1
603 0 6 2228 305 1301 457
604 1 7 2232 9 27 13
605 1 1 2236 1 10 1
606 1 6 2239 2 17 3
607 1 1 2243 5 40 7
608 0 7 2246 1650 7963 2475
609 0 8 2250 2967 14896 4450
610 1 5 2254 304 2981 456
611 1 29 2258 3 10 4
612 0 2 2263 1 10 1
613 1 1 2267 1 9 1
614 0 9 2270 1 4 1
615 0 2 2274 9334 106677 14001
616 1 1 2277 79 724 118
617 0 1 2280 21 179 31
618 0 4 2283 10 81 15
619 1 2 2287 13315 154413 19972
620 0 9 2290 17 55 25
621 1 6 2294 1 9 1
622 0 1 2298 127 1192 190
623 1 4 2300 1 9 1
624 1 1 2304 110 1025 165
625 0 1 2307 2 17 3
626 0 4 2310 9 72 13
627 0 2 2314 1 13 1
628 1 5 2317 4 33 6
629 0 1 2321 185 1771 277
630 0 2 2324 177 1690 265
631 0 2 2328 1 10 1
632 0 3 2332 3 25 4
633 0 1 2336 1 10 1
634 1 1 2339 18 152 27
635 0 4 2342 11 90 16
636 1 4 2346 12 99 18
637 1 2 2350 1 11 1
638 0 3 2353 1 9 1
639 0 3 2357 460 4602 690
640 0 1 2361 295 2889 442
641 1 2 2363 1 9 1
642 1 4 2367 4 33 6
643 0 1 2371 1 10 1
644 0 3 2374 16347 191161 24520
645 1 29 2378 54 199 81
646 0 10 2383 1 4 1
647 0 3 2387 2355 25380 3532
648 1 6 2391 1959 20942 2938
649 0 59 2395 1 3 1
650 1 1 2400 88 811 132
651 0 2 2403 348 3435 522
652 0 1 2406 69 628 103
653 1 1 2408 1 12 1
654 1 25 2411 2 6 3
655 0 3 2416 280 2735 420
656 0 5 2420 214 2063 321
657 0 3 2424 1 9 1
658 1 17 2428 2 6 3
659 0 2 2433 29 252 43
660 0 5 2437 1 9 1
661 1 2 2441 1632 17305 2448
662 0 1 2445 239 2316 358
663 0 1 2448 3 25 4
664 0 6 2451 12 99 18
665 1 1 2455 5 41 7
666 1 3 2458 8 64 12
667 0 3 2462 1 11 1
668 0 2 2466 2 17 3
669 1 3 2470 1 9 1
670 1 1 2474 55 494 82
671 0 8 2477 1 4 1
672 1 1 2481 24 206 36
673 1 1 2484 1 10 1
674 1 4 2487 20 170 30
675 1 1 2491 1 12 1
676 1 2 2494 5288 59014 7932
677 0 2 2498 1 9 1
678 1 2 2501 229 2215 343
679 1 29 2505 2 7 3
680 1 2 2510 16 134 24
681 1 5 2514 1 10 1
682 1 5 2518 22 188 33
683 0 1 2522 40 353 60
684 1 4 2525 1549 16387 2323
685 1 4 2529 3 25 4
686 1 11 2533 4 12 6
687 1 10 2537 357 1542 535
688 0 1 2541 117 1094 175
689 1 3 2544 1 11 1
690 0 1 2548 4468 49507 6702
691 1 3 2551 1 10 1
692 0 5 2555 1 9 1
693 1 1 2559 1 11 1
694 1 9 2562 20 67 30
695 1 2 2566 12 99 18
696 0 2 2570 36 316 54
697 1 3 2574 51 457 76
698 0 2 2578 4 33 6
699 1 2 2581 1 10 1
700 1 2 2585 1 11 1
701 0 1 2588 482 4832 723
702 1 7 2591 8522 45763 12783
703 1 4 2595 75962 943497 113943
704 0 5 2599 1 11 1
705 1 2 2603 3 25 4
706 1 2 2607 220 2124 330
707 1 6 2610 1 9 1
708 0 5 2614 10 81 15
709 0 2 2618 3847 42354 5770
710 1 3 2622 41 363 61
711 1 2 2626 1 8 1
712 1 1 2629 1 11 1
713 0 7 2632 39 139 58
714 1 9 2636 5 15 7
715 0 5 2640 30667 367746 46000
716 0 5 2644 9 73 13
717 1 2 2648 25 215 37
718 1 21 2651 1 5 1
719 1 1 2656 10 81 15
720 1 2 2659 139 1311 208
721 1 5 2662 1 9 1
722 1 7 2666 17 56 25
723 0 1 2670 1067 11099 1600
724 1 2 2673 1 11 1
725 0 2 2676 1 8 1
726 0 1 2680 2742 29749 4113
727 0 2 2683 1 10 1
728 0 1 2687 62 561 93
729 0 1 2690 164 1560 246
730 0 2 2693 1 10 1
731 0 2 2696 565 5707 847
732 0 2 2700 7916 89854 11874
733 0 3 2703 38 335 57
734 0 3 2707 2 17 3
735 1 1 2711 1 9 1
736 1 1 2714 158 1500 237
737 0 6 2717 15 125 22
738 1 2 2721 22620 267993 33930
739 1 6 2725 2 17 3
740 1 2 2729 4 33 6
741 1 17 2733 2 7 3
742 0 10 2738 32 112 48
743 1 3 2742 25 215 37
744 1 24 2746 1 6 1
745 0 1 2751 17 143 25
746 0 3 2754 1 9 1
747 1 2 2758 49 438 73
748 1 3 2761 29 252 43
749 0 2 2765 90 830 135
750 0 6 2768 726 7420 1089
751 0 2 2772 10 81 15
752 1 1 2775 21 179 31
753 0 2 2778 1 9 1
754 0 2 2782 1 10 1
755 1 7 2786 1 3 1
756 1 2 2790 2 17 3
757 1 4 2793 51 456 76
758 0 12 2797 2 7 3
759 1 3 2801 3181554 45137697 4772331
760 0 1 2805 1 10 1
761 1 2 2808 1 10 1
762 0 3 2812 1 10 1
763 1 1 2816 3983 43916 5974
764 1 1 2819 28 242 42
765 1 6 2822 1 10 1
766 1 4 2826 1 10 1
767 1 2 2830 1 9 1
768 0 2 2834 3 25 4
769 1 7 2837 12107 66423 18160
770 1 1 2841 1 9 1
771 0 7 2844 8 24 12
772 1 4 2848 16 134 24
773 0 3 2852 4 33 6
774 1 1 2856 1 12 1
775 0 3 2859 799 8202 1198
776 0 1 2863 1 9 1
777 1 2 2865 261 2541 391
778 1 2 2868 2 17 3
779 0 5 2872 899 9279 1348
780 0 18 2876 664 3004 996
781 1 3 2881 63 570 94
782 0 2 2885 801 8224 1201
783 0 5 2889 1 10 1
784 0 3 2893 1 9 1
785 0 3 2897 1 9 1
786 0 13 2901 1 3 1
787 0 1 2905 1 8 1
788 0 1 2908 1 8 1
789 0 1 2911 5 40 7
790 0 5 2914 1 9 1
791 0 1 2918 75 685 112
792 1 13 2921 2 6 3
793 0 1 2925 10527 120910 15790
794 0 3 2928 13 107 19
795 0 6 2932 1 8 1
796 0 18 2936 748 3414 1122
797 1 4 2941 63 570 94
798 1 1 2945 527 5306 790
799 1 31 2947 54 199 81
800 1 2 2952 627 6364 940
801 1 2 2956 546 5506 819
802 1 1 2960 1 9 1
803 1 6 2963 8 64 12
804 0 1 2967 19 161 28
805 1 4 2970 205 1972 307
806 1 5 2974 1 10 1
807 1 4 2978 5 40 7
808 1 3 2982 472 4727 708
809 1 2 2986 10 81 15
810 1 1 2990 186 1781 279
811 0 2 2993 548 5528 822
812 1 3 2996 23 197 34
813 0 2 3000 12 99 18
814 1 11 3003 1 4 1
815 1 1 3007 6718 75734 10077
816 0 1 3010 38 335 57
817 1 18 3013 3164 15952 4746
818 0 1 3018 389 3860 583
819 1 1 3021 2 17 3
820 1 2 3024 1 10 1
821 0 9 3028 43218 255319 64827
822 0 2 3032 147 1390 220
823 0 6 3035 155 1470 232
824 1 1 3039 1 10 1
825 0 5 3042 14 116 21
826 0 3 3046 340 3352 510
827 0 3 3050 5376 60038 8064
828 0 1 3054 14167 164709 21250
829 1 1 3056 1 12 1
830 0 3 3059 31 270 46
831 0 1 3063 1 11 1
832 0 2 3066 2 17 3
833 0 5 3070 8 64 12
834 1 4 3074 1 10 1
835 0 8 3078 1 4 1
836 0 1 3082 1 10 1
837 0 2 3085 118 1104 177
838 1 3 3088 1572 16641 2358
839 0 5 3092 71 647 106
840 0 4 3096 14 116 21
841 0 1 3100 61 551 91
842 0 1 3103 80 733 120
843 1 5 3106 48 428 72
844 0 3 3110 94 869 141
845 0 6 3114 167 679 250
846 1 2 3118 1526 16132 2289
847 0 2 3121 10 81 15
848 1 4 3125 124 1163 186
849 0 2 3129 14441 168026 21661
850 1 7 3133 7 21 10
851 0 39 3137 3 9 4
852 0 2 3142 1 11 1
853 1 4 3145 1 9 1
854 0 2 3149 40 353 60
855 0 1 3152 3 25 4
856 1 1 3155 1 9 1
857 1 1 3158 317 3115 475
858 0 3 3161 131 1232 196
859 1 4 3165 4 33 6
860 1 7 3169 13 41 19
861 1 1 3173 1 9 1
862 0 4 3176 2 17 3
863 1 1 3180 1 10 1
864 1 1 3183 902 9311 1353
865 1 5 3186 26 224 39
866 0 7 3190 1 3 1
867 0 1 3194 526 5295 789
868 0 4 3197 3 25 4
869 0 1 3201 10 81 15
870 0 1 3204 29 252 43
871 0 4 3207 55 495 82
872 0 1 3211 6 48 9
873 0 7 3214 2 6 3
874 0 3 3218 1 9 1
875 1 4 3222 3 25 4
876 1 5 3226 1 9 1
877 1 8 3230 92 355 138
878 0 2 3234 47 419 70
879 0 7 3237 34 120 51
880 1 2 3241 2 17 3
881 1 8 3245 35 124 52
882 1 3 3249 1 10 1
883 0 4 3253 101 937 151
884 0 2 3257 1 11 1
885 1 3 3260 13 107 19
886 0 1 3264 53 476 79
887 1 4 3267 1 11 1
888 0 1 3271 419 4173 628
889 0 12 3274 1 4 1
890 0 2 3278 1 9 1
891 1 8 3282 88 339 132
892 1 2 3286 1 9 1
893 0 1 3289 1 10 1
894 0 1 3292 266 2592 399
895 0 3 3295 1 11 1
896 0 10 3299 1 5 1
897 0 1 3303 510 5127 765
898 1 3 3306 3250 35521 4875
899 0 1 3310 4 33 6
900 1 2 3313 31 270 46
901 0 4 3317 1 9 1
902 1 2 3321 6 48 9
903 0 4 3325 2 17 3
904 1 4 3329 1 14 1
905 0 5 3333 1 10 1
906 0 1 3337 1 9 1
907 0 2 3340 1 10 1
908 0 1 3343 1 9 1
909 1 1 3346 1632 17305 2448
910 1 3 3349 1 10 1
911 0 8 3353 1 4 1
912 1 1 3357 3 25 4
913 0 1 3360 1 8 1
914 0 1 3362 1 10 1
915 0 6 3365 1 9 1
916 1 1 3369 1 10 1
917 1 2 3371 6 48 9
918 1 4 3374 4 33 6
919 1 2 3378 26 224 39
920 0 3 3382 420 4183 630
921 0 2 3386 1 9 1
922 1 6 3390 1 9 1
923 1 3 3394 178 1700 267
924 0 2 3398 265 2581 397
925 1 5 3401 1 10 1
926 1 3 3405 16 134 24
927 1 1 3409 1 9 1
928 0 1 3412 2 17 3
929 1 1 3415 12 99 18
930 0 1 3418 2 17 3
931 1 7 3421 33 116 49
932 0 5 3425 18 152 27
933 0 2 3429 113 1055 169
934 0 3 3433 1 10 1
935 1 2 3437 1 9 1
936 0 2 3441 23 197 34
937 1 1 3445 1 10 1
938 0 4 3448 6 48 9
939 0 3 3452 57 513 85
940 1 2 3456 1 9 1
941 1 6 3459 3 25 4
942 0 2 3463 29 251 43
943 0 1 3467 2 17 3
944 1 5 3470 15 125 22
945 1 3 3474 203 1952 304
946 0 1 3478 32 279 48
947 1 1 3481 4 33 6
948 1 2 3484 3 25 4
949 1 4 3488 4942 54995 7413
950 0 2 3492 46 409 69
951 0 1 3495 1 11 1
952 1 5 3498 128 1202 192
953 0 2 3502 5 41 7
954 1 2 3505 107 996 160
955 0 2 3508 1 9 1
956 0 5 3512 1 11 1
957 1 8 3516 66 248 99
958 0 1 3520 5 40 7
959 1 2 3523 410 4079 615
960 1 2 3527 1 9 1
961 1 3 3530 9 73 13
962 0 4 3534 1 9 1
963 1 14 3538 55 203 82
964 1 1 3542 9573 109523 14359
965 1 1 3545 7 56 10
966 0 4 3548 1 10 1
967 1 3 3552 521 5242 781
968 1 7 3556 270 1141 405
969 0 2 3560 2 17 3
970 1 2 3564 88 811 132
971 1 1 3567 29 252 43
972 1 1 3570 1 9 1
973 0 3 3573 392 3892 588
974 0 2 3577 1 9 1
975 0 9 3581 1 4 1
976 0 6 3585 3290 35978 4935
977 0 39 3589 50 183 75
978 0 12 3594 1 3 1
979 0 1 3598 2 17 3
980 1 6 3600 9 27 13
981 1 4 3604 10 81 15
982 0 6 3608 2 17 3
