0 1 1 5 99 918 148
1 1 1 9 3284 35909 4926
2 1 2 14 2 17 3
3 1 2 21 1 10 1
4 1 4 27 1 3 1
5 1 7 35 4 12 6
6 1 16 44 7 21 10
7 1 4 54 5 15 7
8 0 3 62 46785 277621 70177
9 0 57 69 1 4 1
10 0 2 81 13 107 19
11 0 3 88 2 7 3
12 0 2 95 1 13 1
13 0 14 101 1 3 1
14 0 3 111 1 4 1
15 0 3 118 1 4 1
16 0 4 125 1 5 1
17 1 4 133 23 78 34
18 0 5 141 1 5 1
19 0 3 149 6 48 9
20 1 5 156 12 38 18
21 0 3 164 1 3 1
22 0 2 171 1 12 1
23 0 13 178 82 313 123
24 1 4 188 1 4 1
25 0 3 196 2 17 3
26 0 8 203 4277 21991 6415
27 0 5 212 33 116 49
28 0 2 220 18 152 27
29 0 2 226 1 10 1
30 0 2 233 1 11 1
31 0 7 240 8 24 12
32 0 11 249 1 5 1
33 0 11 259 1 6 1
34 0 6 269 3 10 4
35 1 3 278 824 8470 1236
36 0 1 285 1 10 1
37 0 17 291 5 15 7
38 1 3 301 181 740 271
39 1 3 308 1 3 1
40 0 3 315 1 3 1
41 0 1 323 3 25 4
42 0 9 328 1 4 1
43 1 3 337 1 4 1
44 1 5 344 23 78 34
45 0 23 352 213 883 319
46 0 1 363 1 9 1
47 0 5 368 1 5 1
48 0 8 376 1 4 1
49 0 8 385 2 6 3
50 1 10 394 1 4 1
51 0 5 404 8 24 12
52 0 1 412 45 400 67
53 1 1 417 116 1084 174
54 0 5 421 161 652 241
55 1 4 429 871 4019 1306
56 1 2 437 65 590 97
57 1 1 444 1 9 1
58 1 3 449 9 27 13
59 1 4 457 213 883 319
60 1 9 465 49 179 73
61 1 4 474 119525 746379 179287
62 0 1 482 2 17 3
63 0 12 487 6523 34451 9784
64 0 7 497 39214 230402 58821
65 0 3 506 105 976 157
66 0 2 513 12 99 18
67 0 1 519 1 9 1
68 0 2 524 34013 409536 51019
69 0 2 530 1 10 1
70 1 13 536 5 15 7
71 0 1 546 1 9 1
72 1 1 551 2 17 3
73 0 6 556 27 93 40
74 0 1 565 5 40 7
75 1 6 568 4571810 34065281 6857715
76 0 3 577 1 9 1
77 0 1 584 1 12 1
78 0 1 588 644 6545 966
79 0 9 593 1 3 1
80 0 3 602 3 25 4
81 1 2 609 1 9 1
82 1 3 616 1 4 1
83 0 2 623 1 11 1
84 0 7 629 55857 334731 83785
85 1 1 638 53 475 79
86 0 2 642 1 9 1
87 0 2 648 1 9 1
88 0 2 655 1 9 1
89 1 14 662 1 4 1
90 0 2 672 53 475 79
91 0 3 679 245 1027 367
92 1 3 687 1 5 1
93 1 15 695 3741211 27627986 5611816
94 0 8 705 886 4093 1329
95 0 1 714 10 81 15
96 0 3 719 3 9 4
97 1 3 726 1 8 1
98 0 3 733 5 15 7
99 0 4 740 521 2315 781
100 0 1 748 1377 14491 2065
101 0 4 754 11 34 16
102 0 1 762 2 17 3
103 1 1 766 111 1035 166
104 1 16 772 2 6 3
105 0 2 782 1 9 1
106 1 4 788 789 3615 1183
107 0 10 796 19249 108562 28873
108 0 3 806 2 7 3
109 0 4 814 81 309 121
110 0 2 822 10710 123100 16065
111 1 3 828 160 1520 240
112 1 6 835 1 7 1
113 0 6 844 1 3 1
114 1 6 853 523 2325 784
115 1 6 862 1 5 1
116 0 2 871 252 2449 378
117 0 1 877 1 10 1
118 0 3 882 6 18 9
119 1 3 889 1 9 1
120 0 11 896 56 207 84
121 1 1 906 8 64 12
122 0 1 910 1 12 1
123 1 3 915 2 17 3
124 1 4 922 1 5 1
125 1 13 930 477 2106 715
126 0 3 940 65 243 97
127 0 1 947 8 64 12
128 0 1 952 45 400 67
129 0 3 957 4 33 6
130 1 11 964 10 31 15
131 1 11 974 1344 6395 2016
132 1 5 984 11 34 16
133 1 1 992 46 410 69
134 1 4 997 4 12 6
135 0 9 1005 135 539 202
136 1 2 1014 6 48 9
137 0 2 1021 7 56 10
138 1 5 1028 16 52 24
139 1 1 1037 1 9 1
140 0 2 1042 2 17 3
141 1 2 1048 8 64 12
142 1 3 1055 317 1356 475
143 0 3 1062 39 139 58
144 1 2 1069 1972 21087 2958
145 1 4 1076 1 4 1
146 0 2 1084 356 3518 534
147 1 5 1091 158 639 237
148 1 3 1099 1 4 1
149 0 13 1106 2 7 3
150 0 1 1116 1 11 1
151 0 3 1119 7 56 10
152 1 4 1126 48958 291251 73437
153 1 3 1134 1 4 1
154 1 4 1141 1 5 1
155 1 2 1149 41 363 61
156 1 1 1156 1 11 1
157 1 3 1160 3 25 4
158 0 5 1167 2 7 3
159 0 1 1175 2 17 3
160 1 1 1177 51 456 76
161 1 4 1181 5 15 7
162 1 3 1189 1 12 1
163 1 1 1196 22 188 33
164 0 2 1201 98081 1230086 147121
165 1 1 1208 1 10 1
166 1 3 1212 2 6 3
167 0 1 1220 3 25 4
168 0 2 1224 15 125 22
169 1 79 1231 3 9 4
170 1 13 1243 461 2030 691
171 0 1 1253 1 9 1
172 1 11 1259 1 3 1
173 0 10 1269 46 167 69
174 1 48 1279 1 3 1
175 1 2 1291 1778 18925 2667
176 1 2 1298 11 90 16
177 1 10 1305 2 6 3
178 0 25 1315 59 219 88
179 1 3 1326 448 4476 672
180 1 1 1333 56 504 84
181 1 2 1338 41 362 61
182 0 2 1344 1 9 1
183 0 4 1350 1182 5574 1773
184 0 1 1358 1 11 1
185 1 2 1364 2 17 3
186 0 5 1370 1 4 1
187 0 39 1378 4 13 6
188 0 7 1390 15 48 22
189 1 4 1399 5 15 7
190 1 6 1407 4 12 6
191 0 3 1416 1 4 1
192 0 2 1423 8231 93581 12346
193 1 3 1430 2 7 3
194 1 1 1437 1 11 1
195 1 11 1442 1085 5086 1627
196 0 5 1452 119 470 178
197 0 2 1460 11 90 16
198 0 5 1467 427 1869 640
199 0 3 1475 2685 13391 4027
200 1 8 1482 723 3291 1084
201 0 6 1491 9 27 13
202 0 1 1500 38 335 57
203 0 1 1504 2 17 3
204 1 1 1509 131323 1665122 196984
205 0 3 1513 1 4 1
206 1 4 1521 204 843 306
207 1 3 1529 8 64 12
208 0 2 1536 4 33 6
209 0 3 1543 22945 130742 34417
210 1 10 1550 1 4 1
211 0 6 1560 25 85 37
212 0 1 1569 1 9 1
213 1 8 1574 1 4 1
214 0 1 1583 15905 185786 23857
215 0 4 1588 68 256 102
216 0 7 1596 2 6 3
217 0 1 1605 1 10 1
218 0 4 1611 1 4 1
219 1 2 1619 10 81 15
220 1 6 1625 36 127 54
221 0 1 1634 11 90 16
222 1 2 1638 6 48 9
223 1 17 1644 1 5 1
224 0 2 1654 12 99 18
225 0 1 1660 1606 17017 2409
226 0 1 1665 1 9 1
227 0 1 1670 2 17 3
228 0 4 1676 6 18 9
229 0 1 1684 10350 118795 15525
230 0 5 1690 1 4 1
231 1 3 1698 1 4 1
232 1 1 1705 12 99 18
233 0 2 1708 1 9 1
234 1 11 1714 1 5 1
235 0 4 1724 39 139 58
236 0 1 1732 1 11 1
237 0 5 1736 1 6 1
238 1 3 1744 12 38 18
239 0 9 1752 1 4 1
240 0 2 1761 231 2235 346
241 0 3 1767 2 7 3
242 1 4 1774 1 5 1
243 1 2 1782 271934 3541641 407901
244 1 1 1789 1 12 1
245 0 2 1793 1 11 1
246 1 2 1800 12 99 18
247 0 2 1807 1721 18292 2581
248 0 1 1813 1 10 1
249 0 3 1818 1 11 1
250 0 1 1825 28 242 42
251 1 6 1830 21 70 31
252 0 2 1839 21494 254134 32241
253 0 3 1846 17 55 25
254 1 1 1853 158577 2024837 237865
255 0 3 1857 4 33 6
256 1 3 1864 584 2617 876
257 0 2 1871 1 11 1
258 1 9 1877 393 1709 589
259 1 2 1886 16154 188813 24231
260 0 4 1892 278 1177 417
261 1 6 1900 1 4 1
262 0 2 1909 1 9 1
263 1 2 1915 17 143 25
264 0 3 1922 14 45 21
265 1 7 1930 1 5 1
266 1 7 1939 12 38 18
267 0 3 1948 17 143 25
268 0 1 1955 73 666 109
269 1 2 1959 1 8 1
270 0 3 1966 1 3 1
271 1 6 1973 1 5 1
272 1 3 1982 1 9 1
273 0 1 1989 1 10 1
274 1 2 1994 1 10 1
275 1 1 2000 52 466 78
276 0 5 2004 2 6 3
277 1 1 2012 63 571 94
278 1 8 2016 1 3 1
279 1 5 2025 1 5 1
280 1 3 2034 441 1935 661
281 0 2 2041 17 143 25
282 1 2 2047 1 11 1
283 0 50 2053 3 10 4
284 0 7 2065 2 7 3
285 1 1 2074 1 9 1
286 0 6 2078 1 5 1
287 1 6 2087 1 4 1
288 1 2 2096 1 12 1
289 1 14 2103 1 5 1
290 0 5 2113 3 10 4
291 1 2 2121 5142 57317 7713
292 1 3 2128 403 1756 604
293 1 3 2135 1 3 1
294 0 3 2143 340 3352 510
295 1 8 2150 1 4 1
296 0 1 2159 1 10 1
297 0 4 2164 1 5 1
298 0 3 2172 6 18 9
299 1 3 2179 5 41 7
300 1 3 2186 1 3 1
301 1 3 2194 21 70 31
302 1 8 2201 1434 6854 2151
303 1 1 2210 2053 21992 3079
304 0 3 2214 21499 254195 32248
305 0 1 2221 654 6651 981
306 0 3 2226 29 101 43
307 1 4 2234 17967 100922 26950
308 0 1 2242 1592 16862 2388
309 1 1 2247 3920 43192 5880
310 1 20 2253 1 3 1
311 1 8 2264 60 223 90
312 1 2 2273 325 3197 487
313 0 3 2279 51 457 76
314 1 7 2286 113 445 169
315 0 10 2295 15 48 22
316 0 2 2305 1 10 1
317 0 3 2312 88 339 132
318 1 2 2319 1 8 1
319 0 4 2326 8738 46996 13107
320 1 2 2334 56 504 84
321 1 2 2341 1 12 1
322 0 1 2347 459 4591 688
323 0 5 2353 1 4 1
324 1 9 2361 22549 128355 33823
325 1 2 2370 1 10 1
326 1 3 2377 3 25 4
327 1 5 2384 27432 157931 41148
328 1 2 2393 5 40 7
329 0 1 2399 1 9 1
330 1 1 2403 1 10 1
331 1 32 2409 104 406 156
332 0 1 2420 482 4833 723
333 1 6 2425 66 248 99
334 1 3 2434 1 4 1
335 1 5 2441 19 63 28
336 1 4 2449 256 1077 384
337 1 6 2457 12326 67698 18489
338 0 6 2466 2 7 3
339 0 2 2475 1 9 1
340 0 10 2482 7 21 10
341 1 1 2492 1 9 1
342 1 1 2496 143 1351 214
343 0 12 2501 1 3 1
344 0 5 2511 1 4 1
345 0 1 2519 1 12 1
346 0 4 2524 82 314 123
347 1 5 2532 29 101 43
348 0 1 2540 1 11 1
349 0 2 2545 32 279 48
350 1 6 2552 21 70 31
351 0 3 2561 4 12 6
352 1 6 2568 1 4 1
353 1 8 2577 83 318 124
354 0 4 2586 72 272 108
355 1 4 2594 28518 164550 42777
356 0 3 2602 1 3 1
357 0 3 2609 12 38 18
358 1 3 2616 1607 7741 2410
359 0 2 2623 5371 59980 8056
360 1 1 2629 2 17 3
361 0 4 2634 376 1630 564
362 1 1 2642 1481 15636 2221
363 1 5 2648 1 4 1
364 1 4 2656 16 52 24
365 1 4 2664 13 41 19
366 0 5 2672 2 6 3
367 1 14 2680 79 301 118
368 1 10 2690 6 18 9
369 0 2 2700 1 9 1
370 1 1 2706 25 215 37
371 1 1 2711 7 56 10
372 0 2 2715 1 10 1
373 1 2 2721 14 116 21
374 0 2 2727 1 12 1
375 1 2 2734 1 11 1
376 0 3 2741 3 25 4
377 0 2 2748 86 792 129
378 0 2 2754 4 33 6
379 0 2 2761 4 33 6
380 0 7 2767 1560 7500 2340
381 1 1 2776 21 179 31
382 0 1 2782 130 1222 195
383 1 2 2787 2 17 3
384 1 1 2793 7 56 10
385 1 2 2797 1 11 1
386 0 5 2804 250 1050 375
387 1 2 2812 1 9 1
388 1 3 2819 1 5 1
389 1 2 2827 5 41 7
390 0 1 2833 1 10 1
391 0 38 2839 4 12 6
392 0 3 2850 9 72 13
393 1 4 2857 1 5 1
394 1 2 2865 22 188 33
395 0 5 2871 1 3 1
396 0 10 2879 60 223 90
397 1 13 2889 1 4 1
398 0 1 2899 5 40 7
399 0 2 2902 246 2388 369
400 0 2 2908 1 9 1
401 1 3 2915 214 887 321
402 0 3 2923 1 4 1
403 1 2 2930 35 307 52
404 1 3 2936 118 466 177
405 0 14 2943 2 7 3
406 1 6 2953 14 45 21
407 1 2 2962 3 25 4
408 1 1 2968 4 33 6
409 0 2 2973 4425 49010 6637
410 0 19 2979 17 56 25
411 0 2 2990 1 11 1
412 0 10 2996 377 1635 565
413 1 2 3006 1 9 1
414 1 2 3013 255 2480 382
415 0 2 3020 235 2276 352
416 1 4 3026 1 3 1
417 1 8 3034 150 604 225
418 0 3 3043 2 7 3
419 1 15 3050 33454 194800 50181
420 0 1 3060 116 1084 174
421 1 5 3065 58 215 87
422 0 3 3073 1 4 1
423 0 3 3080 1 4 1
424 1 1 3088 1 13 1
425 1 2 3093 155 1470 232
426 0 5 3099 3 10 4
427 1 2 3107 1 9 1
428 1 1 3114 15 125 22
429 1 5 3118 2 6 3
430 0 6 3126 1 4 1
431 1 2 3135 7 56 10
432 0 2 3141 228 2205 342
433 1 2 3148 1 9 1
434 1 1 3154 1 10 1
435 1 1 3156 36405 439507 54607
436 0 14 3162 14 45 21
437 1 2 3172 71 647 106
438 1 2 3179 1 9 1
439 0 2 3186 4 32 6
440 0 4 3193 1 4 1
441 1 1 3201 13 107 19
442 1 2 3206 5 40 7
443 1 4 3212 1 4 1
444 1 1 3220 84 772 126
445 0 1 3225 1 10 1
446 0 1 3231 7 56 10
447 0 8 3234 1 4 1
448 1 5 3243 1 4 1
449 1 1 3251 13 107 19
450 1 3 3256 13 41 19
451 1 12 3263 8 24 12
452 1 1 3273 1 9 1
453 1 12 3278 1 4 1
454 1 1 3288 30 261 45
455 0 3 3291 14 116 21
456 0 7 3298 54 199 81
457 1 3 3307 13 107 19
458 1 3 3314 1 5 1
459 0 3 3321 24 82 36
460 0 4 3328 2 6 3
461 0 1 3336 4 33 6
462 0 7 3340 116 457 174
463 0 20 3349 3 10 4
464 1 7 3360 1 4 1
465 1 9 3369 5 15 7
466 1 1 3378 4 33 6
467 1 2 3383 163 1550 244
468 0 6 3390 78 297 117
469 1 1 3399 1 9 1
470 0 1 3402 1 12 1
471 0 4 3407 495 2191 742
472 1 3 3415 2 17 3
473 0 5 3422 2 7 3
474 0 1 3430 1 9 1
475 0 5 3435 11 34 16
476 0 6 3443 8 24 12
477 1 3 3452 9 27 13
478 0 7 3459 2959 14853 4438
479 0 3 3468 1 4 1
480 1 1 3475 1 10 1
481 1 10 3480 2 7 3
482 0 3 3490 2291 24661 3436
483 0 6 3497 1 3 1
484 0 2 3506 69 628 103
485 0 10 3512 1 4 1
486 1 2 3522 8 64 12
487 1 7 3528 1 4 1
488 1 3 3537 296 1260 444
489 0 1 3544 235 2276 352
490 1 5 3548 85 326 127
491 0 2 3556 2 17 3
492 1 8 3562 1 3 1
493 1 2 3571 1828305 25459641 2742457
494 1 1 3577 1 10 1
495 1 5 3582 93 360 139
496 1 1 3590 2 17 3
497 1 10 3596 2 7 3
498 1 3 3606 1 4 1
