0 0 4 5 6 48 9
1 0 1 9 14 116 21
2 1 2 11 24121 286509 36181
3 1 3 14 4 32 6
4 1 2 18 50 447 75
5 1 6 21 1 10 1
6 0 1 25 128 1202 192
7 0 2 27 10 81 15
8 1 4 30 1 12 1
9 1 3 34 3 25 4
10 0 2 38 1 9 1
11 0 1 41 1 10 1
12 1 4 43 12 99 18
13 0 5 47 4 33 6
14 1 1 51 3 25 4
15 1 8 54 85 326 127
16 0 4 59 211 2033 316
17 0 1 63 119 1114 178
18 0 1 65 1 11 1
19 1 2 68 2 17 3
20 1 11 71 1 4 1
21 0 7 76 49 179 73
22 1 5 81 333 3280 499
23 1 3 85 1 10 1
24 0 7 89 125 496 187
25 0 2 93 61 551 91
26 0 6 96 1 9 1
27 0 21 100 14 45 21
28 1 2 105 1 11 1
29 1 5 108 1 11 1
30 0 1 112 11 90 16
31 0 2 115 1 8 1
32 0 10 118 331 1421 496
33 0 2 123 164 1560 246
34 1 3 126 1 10 1
35 0 3 130 1 10 1
36 1 2 134 1 10 1
37 0 16 137 1 5 1
38 1 7 142 21 70 31
39 0 1 147 784 8041 1176
40 0 1 149 1 8 1
41 0 2 152 35 307 52
42 0 4 155 115 1075 172
43 0 5 159 1 10 1
44 0 3 163 925766 12593540 1388649
45 1 4 167 1 9 1
46 0 2 171 34 297 51
47 1 1 174 644 6545 966
48 0 8 177 1 3 1
49 0 1 182 58 523 87
50 1 2 185 3 25 4
51 0 6 188 1542 16310 2313
52 0 1 192 43696 531303 65544
53 1 1 195 1 10 1
54 0 2 197 37 325 55
55 1 3 200 530 5337 795
56 1 2 204 1 10 1
57 1 1 207 1 9 1
58 0 1 210 1 9 1
59 1 1 212 6752 76133 10128
60 1 7 215 5 15 7
61 0 1 219 1 10 1
62 1 1 222 117 1094 175
63 0 1 223 112 1045 168
64 0 3 226 1479 15614 2218
65 1 1 230 1 11 1
66 1 1 233 30465 365229 45697
67 0 1 235 1 8 1
68 0 8 238 11 34 16
69 0 11 243 2 6 3
70 0 2 248 5 41 7
71 1 3 251 31393 376799 47089
72 1 2 255 1 11 1
73 1 1 258 1 9 1
74 0 6 261 1 10 1
75 0 4 265 1 9 1
76 0 3 269 2 17 3
77 0 2 273 171 1630 256
78 1 3 276 1 9 1
79 1 8 280 7 21 10
80 1 1 285 13 108 19
81 1 1 288 3 25 4
82 1 2 291 1 9 1
83 0 4 294 2 17 3
84 0 2 298 3 25 4
85 0 3 301 3918 43169 5877
86 0 2 305 1 9 1
87 1 15 308 591 2651 886
88 0 3 313 4246 46945 6369
89 1 2 317 26 224 39
90 0 4 320 164 1560 246
91 1 3 324 24 206 36
92 1 5 328 126 1183 189
93 0 5 332 1453 15327 2179
94 1 2 336 17 143 25
95 1 1 339 493 4948 739
96 0 5 341 8051 91450 12076
97 1 1 345 389 3861 583
98 1 12 347 145 582 217
99 0 3 352 1 9 1
100 1 1 356 8 64 12
101 0 9 359 1 4 1
102 0 8 364 177 723 265
103 0 4 369 240 2327 360
104 1 3 373 11 90 16
105 0 1 377 10 81 15
106 1 4 380 1 10 1
107 1 1 384 1 10 1
108 1 1 387 3 25 4
109 1 2 390 1 9 1
110 0 1 393 1 9 1
111 0 2 395 1 9 1
112 1 2 398 1 9 1
113 0 1 401 1 9 1
114 1 2 403 1 10 1
115 1 2 406 5 41 7
116 1 13 409 281 1191 421
117 0 10 414 1 4 1
118 1 2 419 35 307 52
119 0 1 422 1 9 1
120 0 12 424 264 1113 396
121 0 1 429 8 64 12
122 1 2 431 2 17 3
123 1 2 434 15 125 22
124 1 19 437 1 3 1
125 0 4 442 49061 599224 73591
126 1 1 446 74 676 111
127 1 5 449 1 11 1
128 0 3 453 2914 31699 4371
129 1 8 457 2 7 3
130 1 2 462 1 10 1
131 1 1 465 1 9 1
132 1 14 468 2 7 3
133 0 5 473 1 9 1
134 1 1 477 24 206 36
135 1 1 479 7 56 10
136 0 4 482 1328 13952 1992
137 1 4 486 1 9 1
138 0 4 490 4118 45470 6177
139 0 12 494 4 12 6
140 1 7 499 3 9 4
141 1 13 503 410 1789 615
142 0 1 508 767 7859 1150
143 1 7 510 46 167 69
144 1 5 515 48 428 72
145 1 7 519 1 3 1
146 1 7 523 138 552 207
147 1 5 527 139 1311 208
148 0 7 531 1 4 1
149 1 3 535 1 9 1
150 0 2 539 5454 60946 8181
151 0 5 542 1 9 1
152 0 2 546 187846 2413616 281769
153 0 8 549 4 12 6
154 1 1 554 15 125 22
155 0 3 556 2325 25043 3487
156 0 12 560 11 34 16
157 0 2 565 104430 1312810 156645
158 0 3 568 8 64 12
159 0 2 572 702 7163 1053
160 1 2 575 1 10 1
161 1 4 578 1 10 1
162 1 1 582 5 40 7
163 1 3 585 1 10 1
164 1 1 589 3 25 4
165 1 1 592 72 656 108
166 0 5 594 1 10 1
167 0 5 598 1 10 1
168 1 4 602 54 485 81
169 1 8 606 93 360 139
170 0 1 611 1 9 1
171 0 3 612 1 9 1
172 1 1 616 6 48 9
173 1 4 619 29 252 43
174 0 1 623 1733 18425 2599
175 0 3 626 340 3352 510
176 0 1 630 1 10 1
177 0 1 632 1 9 1
178 1 3 634 112 1045 168
179 0 1 638 1 9 1
180 0 1 640 63 570 94
181 1 2 643 6 48 9
182 0 2 646 82 753 123
183 0 8 649 2 7 3
184 0 20 654 19 63 28
185 0 1 659 1 10 1
186 0 1 661 46 409 69
187 1 1 664 1 9 1
188 1 1 667 11835 136590 17752
189 1 1 669 2 17 3
190 1 5 671 23 197 34
191 0 4 675 1 10 1
192 0 2 679 21 178 31
193 1 4 682 1 9 1
194 1 2 686 588 5950 882
195 0 3 689 15 125 22
196 0 8 693 9 27 13
197 0 11 698 87 334 130
198 1 1 703 1 12 1
199 0 12 705 444726 2970593 667089
200 1 5 710 3 25 4
201 1 1 714 184 1761 276
202 0 8 716 49 179 73
203 1 11 721 1 3 1
204 0 3 726 27 233 40
205 0 1 730 3 25 4
206 0 3 733 15 125 22
207 0 2 737 227 2194 340
208 0 1 740 21 179 31
209 1 1 741 1 10 1
210 1 3 744 75 685 112
211 0 1 748 4 33 6
212 0 5 750 99 918 148
213 1 5 754 1 8 1
214 1 3 758 2 17 3
215 0 8 762 1 4 1
216 1 5 767 1 9 1
217 0 1 771 41 362 61
218 1 4 773 19786 233164 29679
219 1 1 777 4 33 6
220 1 4 779 54 485 81
221 0 4 783 1 9 1
222 1 1 787 1 12 1
223 0 1 790 2 17 3
224 1 7 793 1 5 1
225 1 6 797 99 918 148
226 1 3 801 1 10 1
227 1 1 805 2814 30564 4221
228 1 2 807 167 1590 250
229 0 2 810 89 820 133
230 1 5 813 4 33 6
231 1 4 817 146 1381 219
232 0 8 821 4 12 6
233 0 8 826 1 4 1
234 0 2 831 63 570 94
235 0 6 834 2 17 3
236 1 1 838 45163 549846 67744
237 1 3 840 36318 438416 54477
238 1 1 844 1 12 1
239 1 5 846 144821 1842973 217231
240 0 2 850 74 676 111
241 0 8 853 688 3121 1032
242 1 2 858 52396 641587 78594
243 1 8 861 409 1785 613
244 1 2 866 5 40 7
245 1 3 869 1 10 1
246 1 2 873 128 1202 192
247 0 7 876 1 4 1
248 0 2 881 1 9 1
249 0 11 884 4 12 6
250 0 1 889 5 41 7
251 0 2 891 12 99 18
252 1 2 894 84310 1051342 126465
253 1 1 897 94 869 141
254 0 3 899 3461 37931 5191
255 0 3 903 1 10 1
256 1 1 907 5 41 7
257 0 15 909 242 1014 363
258 0 4 914 14826 172690 22239
259 1 1 918 1003445 13688480 1505167
260 1 2 920 1 10 1
261 1 8 923 1 4 1
262 1 1 928 818 8406 1227
263 0 1 931 11 90 16
264 0 1 933 2 17 3
265 0 6 935 1 3 1
266 0 2 939 307 3012 460
267 1 1 942 12 99 18
268 1 1 944 3 25 4
269 1 1 946 83 763 124
270 1 2 948 2 17 3
271 0 6 951 365 3611 547
272 0 1 955 27 233 40
273 0 4 957 6 48 9
274 0 1 961 2 17 3
275 1 5 964 2 17 3
276 0 3 968 3 25 4
277 0 6 972 3 25 4
278 0 2 976 21 179 31
279 1 15 979 7 21 10
280 0 8 984 1 3 1
281 0 2 989 1 9 1
282 0 2 992 1 10 1
283 0 3 995 455 4549 682
284 1 2 999 32 279 48
285 1 7 1002 1 5 1
286 0 4 1007 2 17 3
287 1 3 1011 1 10 1
288 0 4 1015 5 41 7
289 0 3 1019 11 90 16
290 0 4 1022 3153 34416 4729
291 0 2 1026 1 11 1
292 0 1 1029 688 7014 1032
293 0 2 1032 15 125 22
294 0 3 1035 13 107 19
295 1 1 1039 7 56 10
296 0 7 1041 1 3 1
297 1 42 1045 3 10 4
298 0 3 1051 2 17 3
299 0 7 1055 258 1086 387
300 1 1 1060 3 25 4
301 0 5 1062 1 10 1
302 0 3 1066 9 73 13
303 1 3 1070 9 72 13
304 1 3 1074 1 9 1
305 1 3 1078 2 17 3
306 0 1 1082 1 9 1
307 1 1 1084 2 17 3
308 1 2 1087 1 10 1
309 1 1 1090 1 9 1
310 1 2 1093 3 25 4
311 0 2 1096 47 419 70
312 0 3 1099 1 12 1
313 1 7 1103 820 3767 1230
314 1 2 1108 2 17 3
315 1 5 1111 2 17 3
316 0 2 1115 116 1084 174
317 0 1 1118 1 10 1
318 1 11 1119 1 3 1
319 1 3 1124 1 9 1
320 1 7 1128 47498 282089 71247
321 0 1 1132 1 9 1
322 0 2 1134 1 9 1
323 1 3 1137 1 10 1
324 1 2 1141 3 25 4
325 1 4 1144 201 1931 301
326 0 16 1148 1 4 1
327 0 29 1153 1 5 1
328 1 3 1159 1 9 1
329 1 1 1163 117 1094 175
330 1 3 1165 4 33 6
331 1 3 1169 389 3861 583
332 0 5 1173 1 10 1
333 0 5 1177 2 17 3
334 0 1 1181 1 9 1
335 1 3 1184 140 1321 210
336 0 43 1188 2277087 16441412 3415630
337 1 4 1194 1 10 1
338 0 5 1198 1 12 1
339 1 9 1202 204 843 306
340 1 2 1207 873 8998 1309
341 0 1 1210 7 56 10
342 1 1 1211 161 1530 241
343 0 2 1213 1 13 1
344 1 4 1216 4 33 6
345 1 1 1220 1 9 1
346 0 4 1222 1 10 1
347 1 1 1226 1 8 1
348 1 1 1228 2 17 3
349 0 3 1229 1 10 1
350 0 6 1233 1 12 1
351 0 8 1237 1 4 1
352 1 10 1242 30 104 45
353 1 6 1247 1 10 1
354 1 1 1251 26 224 39
355 0 3 1252 2041 21858 3061
356 0 5 1256 16 134 24
357 0 6 1260 2 17 3
358 1 5 1264 1 10 1
359 1 2 1268 1 10 1
360 1 2 1271 7 56 10
361 0 6 1274 1 9 1
362 1 1 1278 1 8 1
363 1 51 1280 2222 10943 3333
364 1 8 1286 1 4 1
365 0 10 1291 1 4 1
366 0 3 1296 12 99 18
367 1 6 1300 163 1550 244
368 0 8 1304 3111 15668 4666
369 0 1 1309 444 4434 666
370 1 2 1312 3740 41126 5610
371 1 4 1315 1 11 1
372 1 1 1319 2018 21601 3027
373 1 2 1322 1 10 1
374 1 1 1325 1 9 1
375 0 3 1326 574 5802 861
376 1 11 1330 1 5 1
377 0 5 1335 2 17 3
378 1 4 1339 1 9 1
379 0 1 1343 19 161 28
380 0 3 1345 4 33 6
381 1 7 1349 8 24 12
382 0 1 1354 262 2551 393
383 0 1 1356 1770 18836 2655
384 1 9 1359 7 21 10
385 1 5 1364 98 908 147
386 0 8 1368 286 1214 429
387 1 5 1373 6 48 9
388 1 5 1377 10 81 15
389 1 4 1381 1 11 1
390 0 20 1385 1 4 1
391 1 2 1390 902 9311 1353
392 0 44 1393 104 406 156
393 1 1 1399 20 170 30
394 0 1 1401 4244 46921 6366
395 1 7 1403 174 710 261
396 1 11 1408 376 1630 564
397 1 1 1413 180928 2321516 271392
398 0 5 1416 1 9 1
399 1 1 1420 11899 137359 17848
400 0 1 1422 184 1760 276
401 1 1 1424 267 2602 400
402 1 3 1426 3 25 4
403 0 3 1430 12 99 18
404 0 8 1434 1 4 1
405 0 7 1439 1860 9050 2790
406 0 2 1443 153 1450 229
407 1 6 1446 1413 14887 2119
408 1 7 1450 38 135 57
409 0 6 1454 3 25 4
410 1 2 1458 1 9 1
411 1 3 1461 6 48 9
412 1 4 1465 1 10 1
413 1 6 1469 1 9 1
414 1 4 1473 1 9 1
415 1 1 1477 2 17 3
416 1 4 1479 1 8 1
417 1 4 1483 1 9 1
418 1 6 1487 1 9 1
419 1 2 1491 78 714 117
420 1 3 1494 6 48 9
421 0 1 1498 46 409 69
422 1 8 1500 1 3 1
423 0 4 1505 4 33 6
424 0 6 1509 5050 56248 7575
425 1 1 1513 6 48 9
426 0 3 1516 8586 97789 12879
427 1 3 1520 6 48 9
428 0 4 1524 1 9 1
429 0 2 1528 2230 23976 3345
430 0 1 1531 563 5686 844
431 0 5 1533 1 10 1
432 0 12 1537 1 4 1
433 1 1 1542 48 428 72
434 1 1 1545 1 9 1
435 1 1 1547 4 33 6
436 0 1 1550 5 41 7
437 0 3 1553 1 9 1
438 1 1 1557 52 466 78
439 1 2 1559 296 2899 444
440 0 3 1562 1562 16530 2343
441 0 3 1566 163 1550 244
442 0 4 1570 462 4623 693
443 0 14 1574 11 34 16
444 1 6 1579 6 48 9
445 1 3 1583 1094 11393 1641
446 1 3 1587 7807 88565 11710
447 0 7 1591 48 175 72
448 0 4 1595 1 9 1
449 0 3 1599 1 8 1
450 0 2 1603 3 25 4
451 1 7 1606 1 5 1
452 0 2 1610 1 9 1
453 0 1 1613 3597 39487 5395
454 1 2 1616 20 170 30
455 0 11 1619 1 3 1
456 1 4 1624 63 570 94
457 0 4 1628 15 125 22
458 1 3 1632 7 56 10
459 1 19 1636 4 12 6
460 0 4 1641 68 618 102
461 1 1 1645 2 17 3
462 0 6 1648 3 25 4
463 0 5 1652 2 17 3
464 0 2 1656 1 10 1
465 0 1 1659 271 2643 406
466 0 2 1661 3 25 4
467 0 2 1664 1 9 1
468 1 2 1667 104 967 156
469 1 4 1670 772642 10444458 1158963
470 0 2 1674 1 9 1
471 0 4 1677 101677 1276917 152515
472 1 4 1681 232 2245 348
473 1 1 1685 1 9 1
474 0 9 1688 1 6 1
475 1 15 1693 18 59 27
476 1 5 1698 554 5591 831
477 1 3 1702 6 48 9
478 0 6 1706 1 9 1
479 1 1 1710 1 9 1
480 1 10 1711 84 322 126
481 1 2 1716 31 270 46
482 0 26 1719 7 21 10
483 0 2 1724 110 1025 165
484 1 2 1727 3 25 4
485 0 2 1730 1 9 1
486 0 3 1733 5 40 7
487 0 1 1737 196 1881 294
488 1 1 1739 1 10 1
489 0 3 1741 3 25 4
490 0 3 1745 211 2032 316
491 0 5 1749 6 48 9
492 1 4 1753 18 152 27
493 0 2 1757 3 25 4
494 0 1 1760 978 10133 1467
495 1 2 1762 41 363 61
496 1 2 1765 1 9 1
497 0 2 1768 20718 244598 31077
498 0 6 1771 479 4801 718
499 1 16 1775 47 171 70
500 1 3 1780 179988 2309012 269982
501 0 2 1784 576 5823 864
502 1 3 1787 33 289 49
503 1 2 1791 1 9 1
504 1 14 1794 45 163 67
505 0 2 1799 3285 35921 4927
506 1 2 1802 45 400 67
507 0 2 1805 15912 185871 23868
508 0 11 1808 1 4 1
509 0 1 1813 6 48 9
510 1 4 1816 4 32 6
511 0 2 1820 1 9 1
512 1 2 1823 20 170 30
513 1 2 1826 1 12 1
514 0 1 1829 2 17 3
515 1 5 1831 128 1202 192
516 0 10 1835 367 1588 550
517 0 3 1840 1 10 1
518 1 6 1844 69 628 103
519 1 4 1848 46 409 69
520 1 9 1852 10 31 15
521 0 4 1857 1 11 1
522 0 4 1861 432 4308 648
523 0 7 1865 1 6 1
524 1 1 1870 30 260 45
525 1 7 1872 1 3 1
526 1 7 1876 1 5 1
527 0 2 1880 1 9 1
528 1 3 1883 1 9 1
529 0 1 1887 2 17 3
530 0 12 1889 2806358 20457141 4209537
531 0 3 1894 61 551 91
532 1 1 1898 177 1690 265
533 0 3 1901 25 215 37
534 1 1 1905 3 25 4
535 0 1 1907 236 2286 354
536 1 2 1910 1805 19226 2707
537 0 3 1913 1 10 1
538 1 4 1917 1 9 1
539 1 2 1921 53 475 79
540 1 2 1924 1 10 1
541 1 5 1927 2407 25965 3610
542 0 8 1931 1 5 1
543 1 2 1936 8 64 12
544 1 11 1939 107 419 160
545 0 3 1944 4 33 6
546 0 1 1948 1 9 1
547 1 4 1949 1 9 1
548 1 3 1953 312 3063 468
549 0 13 1957 630 2839 945
550 0 2 1962 7 56 10
551 1 1 1965 2 17 3
552 0 7 1968 44 159 66
553 0 9 1973 6421 33879 9631
554 0 2 1978 1 9 1
555 0 2 1981 3 25 4
556 1 1 1984 4 33 6
557 0 3 1986 5 40 7
558 0 1 1990 2 17 3
559 0 19 1992 3 10 4
560 0 3 1997 1 9 1
561 1 1 2001 27 233 40
562 1 2 2004 4 33 6
563 0 2 2007 1 12 1
564 1 7 2010 1 4 1
565 0 5 2015 1 10 1
566 0 3 2019 10041 115104 15061
567 1 5 2023 20 170 30
568 1 4 2027 1 10 1
569 0 2 2031 1 9 1
570 0 2 2034 15 125 22
571 0 11 2037 2 7 3
572 0 1 2042 16677 195178 25015
573 1 2 2044 5 40 7
574 0 7 2047 126 500 189
575 1 23 2051 839 3861 1258
576 0 3 2056 1223 12801 1834
577 1 57 2060 1 3 1
578 1 63 2066 47 171 70
579 1 5 2072 1022 10611 1533
580 0 11 2076 1 3 1
581 1 1 2081 1 9 1
582 1 1 2084 1 10 1
583 1 26 2086 2 7 3
584 1 1 2091 1 10 1
585 1 6 2094 4348 48121 6522
586 1 7 2098 1 3 1
587 1 8 2102 12 38 18
588 0 20 2107 1 4 1
589 0 1 2112 6 48 9
590 1 5 2114 13 107 19
591 0 2 2118 242 2347 363
592 0 4 2121 1 9 1
593 0 11 2125 7 21 10
594 0 3 2130 7 56 10
595 1 2 2134 14 116 21
596 0 6 2137 47 419 70
597 0 20 2141 1 5 1
598 0 3 2146 37 325 55
599 1 2 2150 5 40 7
600 1 1 2153 1 9 1
601 0 5 2156 1 10 1
602 0 4 2160 1 9 1
603 0 3 2164 2 17 3
604 1 1 2168 275 2684 412
605 1 3 2170 13 107 19
606 1 13 2174 1 4 1
607 0 16 2179 51478 307098 77217
608 0 6 2184 379 3756 568
609 1 6 2188 2 17 3
610 1 1 2192 14 116 21
611 0 2 2194 68 618 102
612 1 3 2197 29 251 43
613 1 1 2201 1 9 1
614 1 4 2203 1 8 1
615 0 11 2207 15 48 22
616 1 3 2212 1 11 1
617 1 1 2216 1 9 1
618 1 7 2218 2 6 3
619 1 3 2222 101 938 151
620 1 9 2226 271352 1768135 407028
621 0 36 2231 33 116 49
622 1 1 2237 1 9 1
623 0 3 2239 1 12 1
624 0 1 2243 4 33 6
625 1 8 2246 185 758 277
626 0 1 2251 1 10 1
627 0 2 2254 1 9 1
628 1 3 2257 4730 52537 7095
629 0 2 2261 1 9 1
630 0 1 2264 43 381 64
631 1 2 2267 2 17 3
632 1 2 2270 214 2063 321
633 1 3 2273 262 2551 393
634 1 15 2277 24 82 36
635 0 21 2282 1 3 1
636 0 2 2287 44 391 66
637 1 8 2290 1408 6721 2112
638 0 2 2295 1 10 1
639 0 1 2298 19829 233691 29743
640 0 2 2301 1274 13359 1911
641 1 2 2304 56 504 84
642 1 13 2307 1 4 1
643 1 3 2312 10772 123842 16158
644 1 3 2316 248 2408 372
645 0 12 2320 1 4 1
646 1 3 2325 4 33 6
647 1 4 2329 7 56 10
648 1 1 2333 1 12 1
649 0 1 2335 4 33 6
650 0 4 2336 1 10 1
651 0 1 2340 17900 210090 26850
652 0 2 2342 5 41 7
653 0 5 2345 1 10 1
654 0 1 2349 1 10 1
655 1 10 2352 1 4 1
656 0 1 2357 297 2909 445
657 0 1 2360 54 485 81
658 1 3 2363 48 428 72
659 1 5 2367 3 25 4
660 1 2 2371 179 1710 268
661 1 4 2374 1 11 1
662 1 2 2378 1 10 1
663 0 9 2381 218 905 327
664 0 5 2386 24 206 36
665 0 4 2390 7 56 10
666 0 9 2394 1 4 1
667 1 4 2399 7413 83914 11119
668 1 3 2403 70 637 105
669 1 3 2406 1 9 1
670 1 1 2410 1 11 1
671 0 2 2412 43 381 64
672 0 4 2415 295266 3857011 442899
673 1 1 2419 580 5866 870
674 0 13 2421 7 21 10
675 1 1 2426 71263 882980 106894
676 0 2 2429 1 9 1
677 1 4 2432 1 9 1
678 0 1 2436 2 17 3
679 0 31 2438 500 2215 750
680 1 7 2444 2 7 3
681 0 2 2449 1 10 1
682 1 4 2452 15 125 22
683 0 2 2456 2363 25471 3544
684 1 5 2459 405 4027 607
685 0 3 2463 340 3352 510
686 1 1 2467 245 2377 367
687 1 4 2469 180169 2311419 270253
688 0 7 2473 2 7 3
689 1 6 2477 62 561 93
690 1 2 2481 152 1441 228
691 0 2 2484 15 125 22
692 0 3 2487 1 10 1
693 0 21 2491 83 318 124
694 1 2 2496 7 56 10
695 1 2 2499 16538 193486 24807
696 1 10 2502 3 10 4
697 1 5 2507 19 161 28
698 0 13 2511 351 1514 526
699 1 5 2516 257 2500 385
700 0 9 2520 285 1209 427
701 1 6 2525 323 3177 484
702 0 9 2529 1 4 1
703 1 2 2534 3 25 4
704 0 3 2537 1 10 1
705 0 4 2541 1 9 1
706 0 5 2545 2 17 3
707 0 5 2549 1 10 1
708 1 2 2553 1 10 1
709 0 3 2556 1 9 1
710 0 5 2560 1 9 1
711 0 4 2564 2 17 3
712 0 2 2568 1 9 1
713 1 12 2571 571 2555 856
714 0 2 2576 1 10 1
715 1 3 2579 1 9 1
716 0 2 2583 18535 217849 27802
717 0 1 2586 6 48 9
718 1 2 2589 127 1193 190
719 1 1 2592 56 504 84
720 1 1 2594 49 438 73
721 0 4 2597 2347 25290 3520
722 0 2 2601 7 56 10
723 1 1 2604 1 10 1
724 1 6 2607 4 12 6
725 0 7 2611 12 38 18
726 0 6 2615 1 5 1
727 1 4 2619 3608 39613 5412
728 0 4 2623 4 33 6
729 1 2 2627 8 64 12
730 0 13 2630 1 3 1
731 1 2 2635 51 456 76
732 0 1 2638 1 9 1
733 0 1 2640 13 107 19
734 0 8 2642 1 5 1
735 0 3 2647 2 17 3
736 0 2 2651 1 9 1
737 1 1 2654 1 10 1
738 1 8 2656 199 820 298
739 0 12 2661 1 6 1
740 1 14 2666 1 5 1
741 1 3 2671 1 11 1
742 0 3 2675 1519 16055 2278
743 1 1 2679 756 7741 1134
744 1 2 2680 20 169 30
745 0 5 2683 241 2337 361
746 1 1 2687 1 11 1
747 1 4 2689 7 56 10
748 1 1 2693 3 25 4
749 0 15 2696 52 191 78
750 1 4 2701 504 5063 756
751 1 6 2705 247 1036 370
752 0 9 2709 2 7 3
753 1 4 2714 1 10 1
754 0 1 2718 3 25 4
755 1 2 2720 9 73 13
756 0 1 2723 1 8 1
757 1 1 2725 3 25 4
758 1 3 2727 6 48 9
759 0 2 2731 166 1580 249
760 0 1 2734 4 33 6
761 0 4 2737 184 1760 276
762 0 2 2741 13 107 19
763 1 1 2744 1 9 1
764 1 12 2746 5 15 7
765 1 8 2751 1 4 1
766 1 2 2756 7 56 10
767 0 9 2759 6 18 9
768 0 13 2764 1 6 1
769 1 2 2769 3 25 4
770 0 4 2772 533 5369 799
771 0 4 2776 903 9322 1354
772 0 4 2780 24413 290117 36619
773 1 1 2784 39 344 58
774 0 2 2786 1 9 1
775 0 3 2789 19 161 28
776 0 3 2793 46 409 69
777 0 4 2797 5 40 7
778 0 1 2801 12011 138705 18016
779 0 1 2804 31 270 46
780 0 3 2806 3 25 4
781 1 1 2810 1345 14139 2017
782 1 5 2812 40 353 60
783 1 4 2816 1 9 1
784 0 1 2820 20 170 30
785 0 6 2822 1 12 1
786 1 1 2826 1908 20373 2862
787 0 2 2827 22 188 33
788 1 2 2830 3221 35191 4831
789 0 4 2833 3 25 4
790 0 1 2837 3 25 4
791 1 7 2840 405 1766 607
792 0 2 2844 1 9 1
793 1 2 2847 1 9 1
794 1 2 2850 2222 23886 3333
795 0 10 2853 137 548 205
796 0 2 2858 1 8 1
797 1 1 2861 12 99 18
798 1 3 2864 1854 19771 2781
799 1 2 2868 1 9 1
800 1 1 2871 1 9 1
801 1 2 2874 4 33 6
802 1 3 2877 4 33 6
803 1 2 2881 2 17 3
804 0 36 2884 1 4 1
805 1 8 2890 1 5 1
806 1 2 2895 912 9419 1368
807 1 5 2898 9 73 13
808 0 41 2902 2 7 3
809 1 3 2908 2 17 3
810 0 4 2912 1 10 1
811 1 3 2916 2 17 3
812 1 3 2920 1 8 1
813 0 2 2924 1 12 1
814 0 3 2927 81 743 121
815 0 9 2931 63 235 94
816 0 5 2936 18 152 27
817 1 4 2940 1 9 1
818 0 1 2944 4 32 6
819 1 2 2947 5 40 7
820 1 1 2950 177 1690 265
821 1 5 2952 5 41 7
822 0 2 2956 9 72 13
823 0 4 2959 82 753 123
824 0 5 2963 3912 43100 5868
825 0 2 2967 5 40 7
826 0 1 2970 13498 156623 20247
827 0 3 2971 1 9 1
828 0 4 2975 37 325 55
829 1 2 2979 1740 18503 2610
830 1 1 2982 1 10 1
831 0 9 2984 1 4 1
832 0 8 2989 1 4 1
833 0 1 2994 1 9 1
834 0 1 2995 152 1440 228
835 1 7 2998 17 56 25
836 0 5 3002 197 1891 295
837 1 2 3006 285 2786 427
838 1 2 3009 9143 104405 13714
839 0 3 3012 2134 22899 3201
840 0 3 3016 153 1450 229
841 0 2 3020 39 344 58
842 1 8 3023 1 5 1
843 1 1 3028 18 152 27
844 0 7 3030 2840 14217 4260
845 0 6 3034 21847 258476 32770
846 0 4 3038 1072 11154 1608
847 0 1 3042 26 224 39
848 0 4 3045 1542 16309 2313
849 0 7 3049 278 1177 417
850 1 1 3054 30 261 45
851 0 1 3056 5744 64328 8616
852 1 3 3058 2773 30100 4159
853 1 1 3062 217 2093 325
854 0 2 3065 1 10 1
855 0 2 3068 1 9 1
856 0 3 3071 1 10 1
857 0 2 3075 1 10 1
858 1 6 3078 1 8 1
859 0 1 3082 1 10 1
860 1 1 3085 1 10 1
861 0 2 3087 1523 16100 2284
862 0 1 3090 3 25 4
863 0 13 3092 1 4 1
864 0 5 3097 232 2245 348
865 1 2 3101 19 161 28
866 1 3 3104 1 10 1
867 1 2 3108 28 242 42
868 1 8 3111 1 5 1
869 0 1 3116 1 10 1
870 1 2 3119 1 9 1
871 0 2 3122 50 447 75
872 1 2 3125 1 11 1
873 1 2 3128 1 11 1
874 1 10 3131 1 4 1
875 1 4 3136 1 8 1
876 1 7 3140 1 5 1
877 1 4 3144 28 242 42
878 1 6 3148 9076 103608 13614
879 1 1 3152 3 25 4
880 1 4 3153 1 13 1
881 0 6 3157 539 5432 808
882 0 5 3161 32 279 48
883 1 4 3165 1 12 1
884 0 9 3169 5 15 7
885 1 5 3174 304 2981 456
886 0 1 3178 2 17 3
887 1 1 3181 62 561 93
888 0 5 3183 1 9 1
889 1 2 3187 5 40 7
890 0 6 3190 1 4 1
891 1 4 3194 456 4560 684
892 0 1 3198 1 11 1
893 1 5 3200 22 188 33
894 0 19 3204 17 56 25
895 0 1 3209 1 13 1
896 0 2 3212 7 56 10
897 1 3 3215 1 9 1
898 0 1 3219 613 6216 919
899 1 2 3222 1 9 1
900 1 2 3225 3 25 4
901 1 1 3228 15 125 22
902 0 3 3231 173 1650 259
903 0 9 3235 290 1232 435
904 1 9 3240 13 41 19
905 0 1 3245 2 17 3
906 1 4 3248 2 17 3
907 0 2 3252 2 17 3
908 1 26 3255 2 7 3
909 1 2 3260 20785 245421 31177
910 0 7 3263 8 24 12
911 0 1 3267 420562 5564098 630843
912 0 12 3270 84 322 126
913 1 2 3275 11 90 16
914 0 5 3278 1531 16188 2296
915 1 3 3282 1 9 1
916 0 4 3286 1 9 1
917 0 6 3290 1 4 1
918 0 3 3294 1 10 1
919 1 4 3298 2 17 3
920 0 3 3302 1 11 1
921 1 3 3306 1876 20016 2814
922 1 2 3310 1 10 1
923 0 2 3313 1 13 1
924 0 2 3316 539 5433 808
925 1 1 3319 157 1490 235
926 0 6 3321 81 743 121
927 1 3 3325 4 33 6
928 1 5 3329 1168 12200 1752
929 1 1 3333 2176 23370 3264
930 1 2 3335 218 2103 327
931 0 2 3338 1 9 1
932 1 3 3341 2 17 3
933 0 6 3345 1 4 1
934 1 22 3349 5915 31048 8872
935 1 2 3354 24826 295222 37239
936 1 11 3357 62 231 93
937 0 5 3362 36 316 54
938 0 3 3366 2 17 3
939 0 1 3370 3742 41148 5613
940 1 3 3372 8505 96828 12757
941 0 1 3376 2 17 3
942 0 2 3378 1 10 1
943 1 12 3381 1 3 1
944 0 3 3386 36 316 54
945 0 7 3390 451 1982 676
946 1 1 3394 163 1550 244
947 0 7 3396 6 18 9
948 0 2 3400 1 10 1
949 0 1 3403 1 9 1
950 0 2 3404 1 10 1
951 1 42 3407 5 15 7
952 0 4 3413 1 9 1
953 1 3 3417 1 10 1
954 0 2 3421 138 1301 207
955 1 2 3424 1 8 1
956 0 2 3427 2 17 3
957 0 3 3430 1 11 1
958 1 11 3434 1 4 1
959 0 2 3439 1 10 1
960 0 1 3442 1 9 1
961 0 4 3444 1 10 1
962 1 2 3448 144 1361 216
963 1 3 3451 380 3767 570
964 0 1 3454 1 9 1
965 1 9 3456 3 9 4
966 1 3 3461 1 10 1
967 1 1 3465 1 10 1
968 1 2 3468 8 64 12
969 0 8 3471 1222 5776 1833
970 1 3 3476 12621 146045 18931
971 0 4 3480 4 33 6
972 1 1 3484 4 33 6
973 0 2 3487 71 647 106
974 1 1 3490 1419 14953 2128
975 0 3 3493 1 12 1
976 1 4 3497 39 344 58
977 0 1 3501 584 5908 876
978 0 5 3503 11 90 16
979 1 5 3507 1 10 1
980 1 2 3511 152 1441 228
981 0 2 3514 2373 25583 3559
982 0 15 3517 2 7 3
983 1 2 3522 1 9 1
984 0 2 3525 8 64 12
985 1 4 3528 302 2961 453
986 1 1 3532 3 25 4
987 0 8 3534 131 522 196
988 1 12 3539 1 4 1
989 1 4 3544 1 10 1
990 1 5 3548 1 9 1
991 1 11 3552 5 15 7
992 1 4 3557 1 9 1
993 1 4 3561 241 2337 361
994 1 1 3565 1 10 1
995 0 3 3568 3 25 4
996 0 9 3572 1 4 1
997 1 5 3577 3 25 4
998 0 6 3581 79 724 118
999 0 3 3585 1 10 1
1000 1 3 3589 2 17 3
1001 0 4 3593 1 9 1
1002 1 15 3597 195 803 292
1003 1 13 3602 1 3 1
1004 0 1 3607 1 9 1
