0 1 1 5 2114 22675 3171
1 1 2 11 34 298 51
2 1 1 18 32 279 48
3 0 2 25 5 41 7
4 1 1 32 74 676 111
5 1 4 37 5 15 7
6 1 1 45 1 9 1
7 1 3 50 37871 222074 56806
8 1 3 58 1 4 1
9 0 2 66 3215 35123 4822
10 0 4 73 14376 79689 21564
11 0 2 81 347 3425 520
12 1 2 88 772 7912 1158
13 1 2 95 1 12 1
14 0 3 102 4 33 6
15 0 3 109 3 10 4
16 0 6 117 1 6 1
17 0 10 125 68 256 102
18 1 4 134 1 5 1
19 1 3 142 5 41 7
20 0 6 149 1 5 1
21 0 3 157 668 3023 1002
22 1 4 165 27 93 40
23 1 2 173 3 25 4
24 1 1 180 412 4100 618
25 0 6 186 1 4 1
26 1 7 194 2 7 3
27 0 11 202 126 500 189
28 1 2 211 1 9 1
29 1 5 218 23 78 34
30 0 5 226 1 4 1
31 1 1 234 39 344 58
32 0 10 240 6 18 9
33 0 2 249 16 134 24
34 0 8 256 9 27 13
35 1 2 264 1 9 1
36 0 6 271 1 5 1
37 1 1 279 5 41 7
38 1 4 284 16 52 24
39 0 1 292 3554 38995 5331
40 0 1 297 299 2930 448
41 0 7 303 22 74 33
42 0 3 311 5 40 7
43 0 10 318 1 4 1
44 0 6 327 134 535 201
45 0 3 335 8 24 12
46 1 3 343 1 11 1
47 0 1 350 682 6950 1023
48 1 1 357 1 9 1
49 0 2 363 76 695 114
50 0 3 370 5 15 7
51 0 8 378 26 89 39
52 0 1 387 7 56 10
53 0 2 392 55338 679042 83007
54 0 1 399 1 9 1
55 0 11 405 1 3 1
56 1 1 414 1 9 1
57 1 3 420 40 353 60
58 0 4 428 1 4 1
59 0 2 436 8 64 12
60 0 7 443 1 4 1
61 0 2 451 1 9 1
62 1 4 458 20 67 30
63 0 1 466 1 9 1
64 0 2 471 4 33 6
65 1 18 478 27 93 40
66 1 1 487 131 1232 196
67 0 2 491 164 1560 246
68 0 10 498 3 9 4
69 0 1 507 2 17 3
70 1 3 513 4 12 6
71 1 2 521 78 714 117
72 0 1 528 1 9 1
73 0 11 534 50 183 75
74 1 6 543 5 15 7
75 0 6 551 4187 21499 6280
76 0 6 559 1 5 1
77 0 1 567 1 9 1
78 1 8 572 10 31 15
79 0 2 581 36075 435368 54112
80 1 11 588 12 38 18
81 1 3 597 1 11 1
82 0 7 604 194 798 291
83 1 4 612 49 179 73
84 1 5 620 2 6 3
85 1 1 628 11 90 16
86 0 2 633 116 1084 174
87 1 11 640 3447 17477 5170
88 0 1 649 15 125 22
89 1 1 654 1 9 1
90 0 5 661 2 7 3
91 1 1 669 147 1391 220
92 1 2 675 1559 16497 2338
93 1 1 682 1 10 1
94 1 1 689 6 48 9
95 1 6 694 390 1695 585
96 1 13 702 1 6 1
97 1 1 711 3 25 4
98 1 5 717 3048 15330 4572
99 1 12 725 1 3 1
100 0 4 734 1 4 1
101 1 1 742 1 10 1
102 0 8 748 1 4 1
103 0 8 756 107 419 160
104 1 8 765 1 3 1
105 0 2 773 56 504 84
106 1 3 780 1 5 1
107 0 1 788 9751 111644 14626
108 1 6 795 1 4 1
109 0 3 803 4 12 6
110 0 3 811 52055 637251 78082
111 0 2 819 252 2449 378
112 1 11 826 108508 674108 162762
113 0 1 835 1664 17660 2496
114 1 3 841 1 11 1
115 1 5 848 29 100 43
116 0 1 856 1 10 1
117 1 2 862 517 5201 775
118 1 16 869 1 4 1
119 0 2 878 13 107 19
120 0 2 885 157 1490 235
121 0 2 892 3 25 4
122 1 2 899 135 1272 202
123 0 11 906 4 12 6
124 0 5 915 1 3 1
125 0 1 923 42 372 63
126 1 1 929 113 1055 169
127 1 1 936 3 25 4
128 1 2 942 23 197 34
129 1 4 949 1 4 1
130 0 7 957 1 4 1
131 1 13 965 115 453 172
132 1 14 974 5 15 7
133 1 1 983 2 17 3
134 1 3 990 7 21 10
135 0 1 998 6 48 9
136 0 4 1004 1 3 1
137 0 3 1012 1 5 1
138 1 1 1020 673 6854 1009
139 0 13 1025 6 18 9
140 0 1 1034 26 224 39
141 0 1 1038 92 850 138
142 1 1 1043 1 11 1
143 1 3 1050 1 3 1
144 1 5 1058 2 7 3
145 0 4 1066 1 5 1
146 0 6 1074 29 100 43
147 0 2 1082 1 9 1
148 0 7 1089 1056 4940 1584
149 1 1 1097 1 9 1
150 0 3 1104 2 6 3
151 1 2 1112 1 10 1
152 0 8 1119 8 24 12
153 0 3 1127 1 5 1
154 1 2 1135 4 33 6
155 1 2 1142 1 11 1
156 0 11 1149 2 7 3
157 0 25 1158 2126 10439 3189
158 1 2 1167 1 12 1
159 1 3 1174 132 1242 198
160 0 5 1181 2 6 3
161 1 2 1189 1 9 1
162 1 87 1196 182 745 273
163 0 2 1206 1 10 1
164 0 4 1213 1 5 1
165 0 2 1221 21 179 31
166 0 12 1228 1 3 1
167 0 2 1237 1 9 1
168 0 1 1244 1 9 1
169 1 4 1250 1 4 1
170 1 1 1258 1 9 1
171 0 3 1264 1 3 1
172 1 7 1272 65 243 97
173 1 1 1280 25 215 37
174 0 8 1287 1 4 1
175 1 1 1295 1 10 1
176 1 1 1301 3 25 4
177 1 7 1307 3577 18180 5365
178 1 1 1315 8 64 12
179 0 4 1321 1 4 1
180 0 2 1329 2 17 3
181 0 6 1336 9630 52103 14445
182 1 6 1344 401 1747 601
183 0 2 1352 36 316 54
184 1 4 1359 219 910 328
185 0 19 1367 8 24 12
186 1 3 1376 1 4 1
187 0 107 1384 2 6 3
188 1 26 1394 4 12 6
189 0 12 1403 491 2172 736
190 0 3 1412 17647 99019 26470
191 0 5 1420 1 3 1
192 0 1 1428 739 7559 1108
193 1 3 1434 1 4 1
194 1 2 1442 10 81 15
195 1 1 1449 1 11 1
196 0 1 1455 144 1361 216
197 1 1 1461 3 25 4
198 0 5 1467 87 334 130
199 0 3 1475 8 24 12
200 0 3 1483 244 1022 366
201 0 6 1491 786 3600 1179
202 1 2 1499 451 4507 676
203 1 9 1506 80 305 120
204 0 2 1515 396 3933 594
205 1 4 1522 1 3 1
206 0 3 1530 1 4 1
207 1 7 1538 1 6 1
208 0 3 1546 2537 27431 3805
209 1 6 1554 1 6 1
210 1 3 1562 137 548 205
211 0 5 1570 68 256 102
212 0 3 1578 1 4 1
213 0 1 1586 1 9 1
214 1 4 1593 1 5 1
215 1 3 1601 7 56 10
216 0 4 1608 1 3 1
217 0 9 1616 2469 12245 3703
218 0 2 1625 2 17 3
219 1 5 1632 133 530 199
220 1 20 1640 17 56 25
221 1 8 1649 488 2158 732
222 1 5 1657 1 3 1
223 0 3 1665 6 48 9
224 0 5 1672 2 6 3
225 1 6 1680 274 1159 411
226 1 4 1688 24801 141956 37201
227 1 5 1696 1 4 1
228 1 6 1704 1 4 1
229 0 5 1712 1769 8578 2653
230 0 1 1720 1417 14930 2125
231 0 9 1726 1338 6364 2007
232 1 1 1735 31 270 46
233 1 2 1741 2 17 3
234 1 4 1748 5 15 7
235 0 4 1756 97 376 145
236 0 3 1764 214 888 321
237 1 1 1772 1 10 1
238 1 3 1779 8 64 12
239 0 12 1786 54 199 81
240 1 3 1795 1 4 1
241 0 2 1803 82 753 123
242 1 1 1810 1 10 1
243 0 2 1816 1 11 1
244 1 1 1823 62 561 93
245 1 3 1829 4855 53986 7282
246 0 8 1837 186594 1192713 279891
247 1 3 1845 3 9 4
248 0 3 1853 99 385 148
249 1 1 1861 1 8 1
250 1 2 1867 228 2205 342
251 0 3 1874 16523 92352 24784
252 1 2 1882 198 1901 297
253 0 4 1889 1 4 1
254 1 3 1897 2 17 3
255 1 5 1905 1799 8734 2698
256 1 1 1913 4 33 6
257 1 4 1919 2 7 3
258 0 1 1927 35 307 52
259 0 3 1932 9 73 13
260 0 2 1939 1 10 1
261 0 2 1946 99542 1249105 149313
262 0 1 1953 152 1440 228
263 0 2 1960 1 9 1
264 0 1 1967 15244 177759 22866
265 1 5 1974 202 834 303
266 1 3 1982 27 93 40
267 0 3 1990 1 4 1
268 0 1 1998 1 9 1
269 1 18 2005 2205 10853 3307
270 1 3 2014 4 33 6
271 0 3 2021 8 24 12
272 0 1 2029 16 134 24
273 1 7 2035 44 159 66
274 0 1 2043 1 9 1
275 0 1 2049 1 9 1
276 1 1 2053 66 599 99
277 1 2 2059 1 9 1
278 0 34 2066 40165 236309 60247
279 0 5 2075 1 5 1
280 1 1 2083 1 12 1
281 0 10 2089 37 131 55
282 1 5 2098 10 31 15
283 0 4 2106 2 7 3
284 1 5 2114 1 4 1
285 1 3 2122 1 3 1
286 0 4 2130 1 4 1
287 0 2 2138 913 9430 1369
288 0 5 2145 552 2464 828
289 0 1 2153 1 10 1
290 0 2 2159 5 41 7
291 0 1 2166 2 17 3
292 0 21 2172 1 4 1
293 0 3 2181 20 67 30
294 1 4 2189 1 4 1
295 1 1 2197 1 9 1
296 0 2 2203 1 8 1
297 1 3 2210 1 3 1
298 1 4 2218 46 167 69
299 0 2 2226 1 11 1
300 0 2 2233 1 9 1
301 1 2 2240 15 125 22
302 1 1 2247 1 8 1
303 0 8 2254 1 4 1
304 0 3 2263 2 7 3
305 1 1 2271 533 5369 799
306 0 2 2277 1 9 1
307 0 5 2284 1 4 1
308 1 3 2292 25 215 37
309 1 1 2299 1321 13875 1981
310 1 1 2304 132 1242 198
311 0 6 2310 32 112 48
312 0 5 2318 22 74 33
313 0 2 2326 25 215 37
314 0 4 2333 2727231 19854513 4090846
315 1 4 2341 40 143 60
316 1 2 2349 2 17 3
317 0 2 2356 23 197 34
318 1 69 2363 51847 309422 77770
319 1 3 2373 114 449 171
320 0 1 2381 228 2205 342
321 0 1 2388 1761 18737 2641
322 1 2 2394 1 11 1
323 0 3 2401 11 34 16
324 0 1 2409 53 475 79
325 0 5 2415 4 12 6
326 1 2 2423 1 9 1
327 0 2 2430 8 64 12
328 0 2 2437 43 381 64
329 1 5 2444 60203 362269 90304
330 1 3 2452 135 539 202
331 1 1 2460 1 10 1
332 0 28 2467 261 1100 391
333 0 6 2476 9 27 13
334 1 4 2484 970 4510 1455
335 1 15 2492 1 4 1
336 1 1 2501 1 11 1
337 0 2 2506 60 542 90
338 0 1 2513 18 152 27
339 0 12 2519 2 7 3
340 1 3 2528 156 630 234
341 1 2 2536 2362 25459 3543
342 0 1 2543 665 6769 997
343 1 5 2550 1 3 1
344 0 5 2558 1 3 1
345 1 1 2566 1 11 1
346 1 12 2571 2 6 3
347 0 1 2580 3 25 4
348 0 2 2586 1 9 1
349 1 2 2593 1 11 1
350 1 1 2600 10 81 15
351 0 7 2605 929 4306 1393
352 1 2 2613 2 17 3
353 0 6 2620 1 4 1
354 0 4 2628 1 3 1
355 0 2 2636 1 10 1
356 1 27 2643 4 12 6
357 0 2 2652 21 179 31
358 0 2 2659 1183 12364 1774
359 1 1 2666 70 637 105
360 1 6 2672 6034 31713 9051
361 1 6 2680 113 444 169
362 0 1 2688 15 125 22
363 0 7 2695 3 9 4
364 0 8 2703 34 120 51
365 0 1 2711 3 25 4
366 1 2 2717 1 9 1
367 0 3 2724 1786 8666 2679
368 0 2 2732 2 17 3
369 1 1 2739 50 447 75
370 0 4 2744 1 3 1
371 1 3 2752 303 2971 454
372 0 2 2759 15 125 22
373 1 19 2766 10 31 15
374 0 5 2775 2 6 3
375 0 1 2783 17 143 25
376 0 6 2788 8 24 12
377 0 4 2796 237 991 355
378 0 1 2804 1 12 1
379 1 1 2810 27516 328549 41274
380 0 4 2815 1142 5372 1713
381 0 2 2823 3004 32721 4506
382 0 7 2830 1 4 1
383 0 1 2838 1 11 1
384 1 2 2844 1244 13031 1866
385 0 5 2851 3 9 4
386 0 1 2859 9211 105214 13816
387 0 14 2865 1 5 1
388 1 4 2874 5142 26752 7713
389 1 16 2882 64 239 96
390 1 7 2891 46 167 69
391 1 2 2899 2 17 3
392 1 7 2906 1 4 1
393 1 5 2914 1 4 1
394 1 6 2922 1 4 1
395 0 7 2930 3892 19890 5838
396 0 2 2938 1 9 1
397 1 5 2945 3 10 4
398 0 11 2953 2901 14543 4351
399 0 2 2962 88 811 132
400 0 5 2969 2 7 3
401 1 8 2977 1 4 1
402 0 4 2985 1 5 1
403 0 1 2993 127 1193 190
404 1 4 2999 2 6 3
405 0 5 3007 18 59 27
406 0 2 3015 12 99 18
407 1 1 3022 695 7088 1042
408 1 1 3028 71 647 106
409 0 1 3033 1 9 1
410 0 1 3040 5 40 7
411 1 2 3046 6 48 9
412 0 28 3053 1 4 1
413 0 9 3062 1 4 1
414 0 1 3071 778 7977 1167
415 0 1 3078 39 344 58
416 1 3 3084 1 9 1
417 0 3 3091 1 11 1
418 0 8 3099 1 4 1
419 1 1 3108 46 409 69
420 0 2 3115 9 73 13
421 1 3 3122 2080 22295 3120
422 0 2 3129 22 188 33
423 0 2 3136 272 2653 408
424 0 7 3143 1 4 1
425 0 1 3151 6 48 9
426 1 6 3156 9 27 13
427 0 3 3164 123 1153 184
428 0 1 3171 1 8 1
429 0 4 3177 106 414 159
430 1 18 3185 1558 7489 2337
431 1 3 3194 1 10 1
432 0 1 3201 8 64 12
433 0 1 3207 1 10 1
434 0 3 3213 9 73 13
435 0 2 3220 1 12 1
436 1 2 3227 1 9 1
437 1 5 3234 33 116 49
438 0 1 3242 8379 95335 12568
439 1 3 3248 596 6035 894
440 0 2 3255 62 561 93
441 0 4 3262 28 97 42
442 0 4 3270 1 3 1
443 1 3 3278 61 551 91
444 0 26 3285 114 449 171
445 1 1 3294 26 224 39
446 1 2 3300 1 11 1
447 1 11 3307 14 45 21
448 0 2 3316 1 11 1
449 1 2 3323 1 11 1
450 0 32 3330 3 10 4
451 0 2 3339 15 125 22
452 0 1 3346 1 10 1
453 1 4 3353 1 4 1
454 0 3 3361 242 1014 363
455 0 5 3369 3 9 4
456 0 9 3377 1 5 1
457 0 6 3386 9 27 13
458 0 4 3394 1184 5584 1776
459 1 5 3402 1 4 1
460 1 3 3410 1537 16254 2305
461 0 1 3417 17 143 25
462 0 4 3423 137 548 205
463 1 8 3431 3 10 4
464 1 4 3439 1 4 1
465 0 20 3447 23 78 34
466 1 4 3456 3 10 4
467 1 6 3464 1 3 1
468 0 5 3472 4 12 6
469 1 1 3480 5 40 7
470 0 1 3486 1 9 1
471 0 2 3493 6 48 9
472 0 1 3500 1852 19749 2778
473 1 1 3504 7 56 10
474 1 2 3509 1 9 1
475 0 2 3516 1 9 1
476 1 1 3523 14 116 21
477 0 8 3529 1 3 1
478 0 1 3538 1 12 1
479 0 5 3544 3 9 4
480 0 4 3552 1 6 1
481 1 2 3560 3 25 4
482 1 5 3567 9 27 13
483 1 1 3575 1 9 1
484 1 4 3581 1 4 1
485 0 1 3589 511 5137 766
486 1 1 3595 1 11 1
487 0 2 3601 5 40 7
488 1 9 3608 6629 35047 9943
