0 0 21 5 2 7 3
1 1 2 16 9 73 13
2 1 1 23 821 8438 1231
3 0 3 28 2 6 3
4 1 2 36 8 64 12
5 1 17 42 6 18 9
6 0 3 52 1 6 1
7 0 3 60 709 7238 1063
8 1 1 67 2 17 3
9 0 1 72 1 8 1
10 0 6 75 1 5 1
11 1 8 84 18 59 27
12 0 5 93 4 13 6
13 1 3 101 1 10 1
14 1 3 108 1 4 1
15 1 7 115 1 3 1
16 1 6 124 80 305 120
17 0 6 133 20640 116884 30960
18 1 2 142 35 307 52
19 1 2 149 1 9 1
20 0 2 155 27 233 40
21 0 8 161 1 5 1
22 0 2 170 86 791 129
23 0 6 177 133 530 199
24 0 2 186 304 2981 456
25 0 1 192 4 33 6
26 1 5 197 100 389 150
27 0 1 205 142201 1808403 213301
28 0 1 208 1501 15857 2251
29 0 3 213 1 4 1
30 0 3 221 72 656 108
31 0 2 228 3 25 4
32 0 2 235 549 5538 823
33 1 4 241 3731 19015 5596
34 0 1 249 316 3105 474
35 1 4 253 1 5 1
36 1 2 261 2 17 3
37 1 2 268 2 17 3
38 1 2 274 1 11 1
39 1 4 281 17 56 25
40 1 7 289 4 12 6
41 0 8 298 11 34 16
42 0 1 307 2 17 3
43 1 15 312 48 175 72
44 1 5 322 1 3 1
45 0 3 330 1 9 1
46 0 12 337 61932 373254 92898
47 0 2 347 6 48 9
48 1 1 353 243 2357 364
49 0 1 358 43 381 64
50 1 5 363 4 12 6
51 0 1 371 136 1281 204
52 0 7 376 3 10 4
53 1 6 385 1 3 1
54 1 2 394 16 134 24
55 0 3 400 7 21 10
56 1 1 407 3 25 4
57 0 1 411 7 56 10
58 0 1 416 137339 1744312 206008
59 1 2 421 27 233 40
60 1 3 427 489 2163 733
61 0 1 435 1 9 1
62 1 5 439 99 385 148
63 1 11 447 146 587 219
64 1 1 457 43 381 64
65 0 3 459 3 10 4
66 0 38 466 1 4 1
67 0 3 477 51 456 76
68 1 2 484 1 8 1
69 1 3 491 259 2520 388
70 0 2 498 23 197 34
71 1 5 504 8 24 12
72 1 2 512 180 1720 270
73 0 1 518 1263 13239 1894
74 1 1 524 1 11 1
75 1 5 529 1 4 1
76 1 7 537 2 7 3
77 0 2 546 1 10 1
78 0 1 552 1 11 1
79 0 1 558 1278 13403 1917
80 0 4 560 7 21 10
81 1 1 568 1 12 1
82 0 1 573 19 161 28
83 0 2 576 25 215 37
84 1 2 583 24 206 36
85 1 2 589 10668 122597 16002
86 0 4 595 757 3458 1135
87 1 4 603 9419 50893 14128
88 0 7 611 5 15 7
89 1 10 620 1 3 1
90 1 3 630 4 12 6
91 1 6 638 105 410 157
92 0 4 647 1 3 1
93 0 2 655 40449 490345 60673
94 1 3 662 4 12 6
95 0 4 669 49 179 73
96 1 1 677 132 1242 198
97 1 1 683 1 10 1
98 1 3 688 1 10 1
99 1 2 695 34 298 51
100 0 2 701 1 9 1
101 0 2 708 1810 19281 2715
102 1 3 714 10070 54633 15105
103 0 15 722 63 235 94
104 0 4 732 10 31 15
105 1 1 740 9 73 13
106 0 3 744 11 34 16
107 1 2 751 88 811 132
108 1 4 757 22 74 33
109 0 1 765 15 125 22
110 0 2 769 2 17 3
111 1 5 775 5 15 7
112 1 7 784 231 964 346
113 1 2 793 11 90 16
114 1 4 800 1 5 1
115 0 2 808 6 48 9
116 1 2 814 6 48 9
117 1 2 820 1 11 1
118 1 1 827 1 10 1
119 0 1 832 1 10 1
120 0 2 837 4 33 6
121 0 1 844 262 2551 393
122 1 9 848 1 3 1
123 1 1 857 1 10 1
124 0 1 860 1 9 1
125 1 1 865 640 6503 960
126 0 21 871 2 7 3
127 1 3 882 8 24 12
128 1 1 890 156 1480 234
129 1 2 894 1 10 1
130 0 5 901 1 3 1
131 0 3 909 219 910 328
132 0 3 916 1 3 1
133 1 5 923 690305 4711458 1035457
134 1 4 931 140 561 210
135 0 4 939 1 4 1
136 1 3 947 779 3566 1168
137 1 1 955 1 9 1
138 1 3 960 1 5 1
139 0 6 968 40 143 60
140 1 5 977 57 211 85
141 1 2 985 866 8923 1299
142 0 5 991 1 4 1
143 0 1 999 3 25 4
144 1 23 1002 171 696 256
145 1 3 1013 29 252 43
146 1 2 1020 191 1831 286
147 0 5 1026 1 4 1
148 1 5 1035 20 67 30
149 0 1 1043 46 409 69
150 0 3 1048 319 1366 478
151 1 2 1055 9673 110715 14509
152 0 2 1062 2653 28741 3979
153 1 6 1068 22089 125586 33133
154 1 1 1077 1 9 1
155 1 4 1083 2 6 3
156 1 5 1091 1 3 1
157 1 2 1100 1 9 1
158 1 2 1107 27 233 40
159 0 1 1114 1 9 1
160 0 10 1119 2 7 3
161 1 4 1129 357 1541 535
162 1 1 1137 3 25 4
163 0 2 1142 49 438 73
164 1 2 1148 135 1272 202
165 1 5 1154 1 4 1
166 1 2 1163 88 811 132
167 0 1 1169 3 25 4
168 1 2 1174 1 9 1
169 0 2 1181 1 10 1
170 1 16 1187 234 977 351
171 1 10 1197 3 10 4
172 0 2 1207 1 9 1
173 0 2 1214 12 99 18
174 0 4 1221 1327 6308 1990
175 0 26 1229 705 3204 1057
176 0 9 1240 104 406 156
177 0 5 1249 18235 102516 27352
178 0 6 1257 1 3 1
179 1 7 1266 2417 11971 3625
180 0 2 1275 321 3156 481
181 1 9 1281 1 4 1
182 0 4 1290 27 93 40
183 1 1 1298 1 11 1
184 0 5 1303 149 600 223
185 0 1 1311 821 8439 1231
186 1 15 1315 30 104 45
187 1 7 1325 1 4 1
188 0 1 1334 132 1242 198
189 0 6 1340 1030 4810 1545
190 0 1 1349 14 116 21
191 1 4 1353 2 6 3
192 1 4 1361 137 548 205
193 1 5 1369 12 38 18
194 1 1 1377 1 9 1
195 0 4 1382 1 6 1
196 1 1 1390 570 5760 855
197 0 85 1394 37 131 55
198 1 10 1406 13 41 19
199 1 2 1415 2 17 3
200 1 15 1422 4 12 6
201 1 5 1432 15 48 22
202 1 2 1440 834 8578 1251
203 1 2 1446 602 6099 903
204 0 2 1452 11 90 16
205 1 2 1459 1 9 1
206 0 1 1465 1 10 1
207 1 2 1468 94 869 141
208 0 4 1474 1 4 1
209 1 2 1482 5 40 7
210 1 2 1488 69 628 103
211 1 5 1494 658 2975 987
212 0 7 1502 38142 223754 57213
213 1 1 1511 1 10 1
214 1 8 1515 3 9 4
215 0 1 1524 1 9 1
216 0 3 1529 16 134 24
217 1 4 1536 20 67 30
218 1 2 1544 1 10 1
219 1 1 1550 2247 24166 3370
220 1 12 1556 1 5 1
221 1 1 1566 1 10 1
222 0 2 1569 1 12 1
223 1 6 1576 1 5 1
224 0 2 1585 2 17 3
225 0 1 1591 1072 11154 1608
226 1 2 1597 744 7612 1116
227 0 11 1603 20 67 30
228 0 1 1613 537 5411 805
229 1 2 1617 13420 155681 20130
230 1 3 1624 135 539 202
231 1 4 1631 699 3174 1048
232 1 1 1639 1 9 1
233 1 2 1644 4 33 6
234 1 2 1651 14 116 21
235 0 15 1657 28 97 42
236 1 7 1667 10509 57163 15763
237 0 1 1676 17319 203001 25978
238 1 2 1681 1 9 1
239 1 2 1687 48 428 72
240 1 2 1693 91 840 136
241 0 15 1700 733 3340 1099
242 1 5 1710 1 3 1
243 0 2 1718 5405 60376 8107
244 0 12 1725 700 3179 1050
245 1 3 1735 1 4 1
246 1 2 1742 3566 39132 5349
247 0 1 1748 641 6513 961
248 1 2 1753 520 5232 780
249 0 3 1760 29 101 43
250 1 13 1768 1085475 7571250 1628212
251 1 1 1778 1 11 1
252 0 4 1784 191 785 286
253 1 11 1792 17802 99941 26703
254 0 1 1802 1 10 1
255 0 1 1808 2 17 3
256 1 4 1813 3 9 4
257 0 2 1821 1 8 1
258 1 6 1827 2 6 3
259 1 13 1836 1 4 1
260 0 1 1846 2 17 3
261 1 1 1852 4 33 6
262 0 4 1855 20122 113781 30183
263 0 3 1863 2 7 3
264 0 3 1871 1 3 1
265 1 3 1878 756 3453 1134
266 0 3 1885 1 4 1
267 0 1 1893 5 41 7
268 0 1 1898 5524 61762 8286
269 1 2 1903 13 107 19
270 0 2 1910 889 9171 1333
271 1 2 1917 1 9 1
272 0 2 1923 493 4948 739
273 1 1 1929 37 326 55
274 1 1 1935 95 879 142
275 0 2 1938 1 9 1
276 0 10 1944 2 6 3
277 0 3 1954 4 13 6
278 0 2 1962 32 279 48
279 0 1 1968 1 9 1
280 0 2 1972 1 10 1
281 1 2 1979 1 9 1
282 1 7 1986 39 139 58
283 1 2 1995 7 56 10
284 0 8 2001 1 3 1
285 0 11 2010 26 89 39
286 1 14 2020 113 444 169
287 0 23 2030 36390 212909 54585
288 0 2 2041 178 1700 267
289 0 1 2047 1 10 1
290 1 11 2053 14 45 21
291 1 33 2063 22 74 33
292 1 3 2074 1 5 1
293 1 2 2082 15 125 22
294 0 2 2088 1 9 1
295 0 4 2094 68 256 102
296 0 2 2102 3971 43778 5956
297 0 2 2108 3 25 4
298 1 10 2115 1 6 1
299 0 1 2125 1068 11110 1602
300 0 1 2129 155 1471 232
301 1 2 2134 3707 40747 5560
302 1 3 2141 367 3632 550
303 1 3 2148 21 70 31
304 1 2 2155 7 56 10
305 1 2 2162 1848 19704 2772
306 0 2 2168 2 17 3
307 1 1 2174 1 10 1
308 1 7 2176 34 120 51
309 0 4 2185 15 49 22
310 0 4 2193 15 48 22
311 0 12 2201 14 45 21
312 0 1 2211 209271 2699596 313906
313 0 6 2213 2 6 3
314 1 3 2222 1 4 1
315 0 6 2230 383 1663 574
316 1 14 2239 7 21 10
317 0 4 2249 446 1959 669
318 1 14 2257 1 4 1
319 1 1 2267 174 1660 261
320 0 2 2272 21 179 31
321 1 3 2278 1 5 1
322 0 1 2285 1 9 1
323 1 1 2290 83 762 124
324 1 4 2295 1 3 1
325 1 1 2303 2586 27984 3879
326 1 8 2308 3780 19281 5670
327 1 3 2317 107 419 160
328 1 2 2324 3 25 4
329 0 3 2330 8 64 12
330 0 8 2337 1 6 1
331 0 1 2346 810070 10968529 1215105
332 1 1 2348 27 233 40
333 1 4 2354 168 683 252
334 1 1 2362 3 25 4
335 0 2 2367 1 10 1
336 1 30 2374 30 104 45
337 0 4 2385 42 151 63
338 1 1 2393 9 73 13
339 1 1 2396 1 9 1
340 0 1 2402 621 6301 931
341 1 6 2408 19 63 28
342 0 11 2417 1 3 1
343 0 5 2427 1 4 1
344 1 2 2436 9 73 13
345 1 8 2442 1 3 1
346 1 5 2451 55 203 82
347 0 4 2460 3 9 4
348 0 12 2468 2 7 3
349 1 1 2478 5 40 7
350 0 1 2484 1 9 1
351 0 3 2487 821 3772 1231
352 0 10 2494 1 3 1
353 0 2 2503 1 11 1
354 0 7 2509 1 3 1
355 0 12 2518 1 3 1
356 0 2 2528 113421 1430269 170131
357 1 2 2535 1 10 1
358 0 2 2541 54 485 81
359 0 5 2548 83 318 124
360 1 2 2556 65 590 97
361 0 1 2562 1 9 1
362 0 6 2566 2 6 3
363 0 3 2575 1 9 1
364 0 5 2582 59 219 88
365 1 17 2590 1081 5065 1621
366 1 7 2600 1 4 1
367 0 2 2609 1 8 1
368 0 1 2615 4 33 6
369 0 3 2621 2 6 3
370 1 3 2628 5 15 7
371 0 2 2636 13 107 19
372 0 2 2643 104 967 156
373 1 2 2650 1 9 1
374 0 1 2656 15 125 22
375 0 2 2661 29 251 43
376 1 3 2668 2 7 3
377 1 1 2675 84 772 126
378 0 3 2680 6 18 9
379 1 6 2688 2 7 3
380 1 1 2697 389 3860 583
381 0 21 2702 7 21 10
382 0 1 2713 17 143 25
383 0 2 2717 1 9 1
384 0 1 2723 73 666 109
385 1 1 2728 1 9 1
386 0 1 2732 27 233 40
387 1 1 2737 1 9 1
388 1 2 2742 1 10 1
389 0 3 2749 2 7 3
390 0 5 2756 1 4 1
391 0 2 2764 1 10 1
392 1 10 2770 2 6 3
393 1 1 2780 2 17 3
394 0 3 2785 1 10 1
395 0 1 2792 58 523 87
396 0 5 2797 10 31 15
397 1 2 2805 1 9 1
398 1 3 2811 1 8 1
399 0 5 2818 75 285 112
400 0 12 2826 1 3 1
401 1 1 2836 1 9 1
402 0 7 2841 59 219 88
403 0 2 2850 38 335 57
404 1 4 2856 7 21 10
405 0 2 2864 1 9 1
406 1 2 2870 2 17 3
407 0 2 2876 1 9 1
408 1 1 2883 1 9 1
409 0 18 2887 5854 30708 8781
410 1 28 2897 1 5 1
411 0 2 2908 1 9 1
412 1 3 2915 1705 8247 2557
413 1 3 2922 295 2889 442
414 1 2 2929 25 215 37
415 0 1 2935 15 125 22
416 0 3 2940 860 3964 1290
417 0 7 2948 1 4 1
418 1 1 2957 1 9 1
419 0 1 2963 1 10 1
420 1 4 2968 134 535 201
421 0 50 2976 101 393 151
422 0 11 2988 702 3189 1053
423 0 1 2998 539 5433 808
424 0 3 3002 17 143 25
425 0 10 3009 7 21 10
426 1 1 3018 1 9 1
427 1 10 3021 1 3 1
428 0 1 3031 8632 98335 12948
429 1 2 3036 19 161 28
430 1 2 3043 18 152 27
431 1 22 3049 3505 17791 5257
432 1 5 3060 1 4 1
433 0 6 3068 1 4 1
434 0 2 3077 1 9 1
435 0 18 3084 202 834 303
436 1 1 3094 1 12 1
437 1 4 3098 32 112 48
438 1 18 3106 63 235 94
439 0 4 3116 195 803 292
440 0 4 3124 8 24 12
441 0 2 3132 1 9 1
442 1 3 3138 3 10 4
443 1 5 3145 7 21 10
444 1 6 3153 65 244 97
445 1 7 3162 101 393 151
446 0 2 3171 63 570 94
447 0 3 3178 1 4 1
448 1 1 3185 1 9 1
449 0 1 3191 7 56 10
450 1 2 3196 8917 101718 13375
451 0 7 3202 2421 11992 3631
452 1 4 3211 1 4 1
453 0 8 3219 5 15 7
454 0 2 3228 7 56 10
455 1 1 3235 3 25 4
456 1 8 3241 3253 16431 4879
457 0 4 3250 999 4655 1498
458 1 5 3258 1 3 1
459 0 13 3266 53 195 79
460 0 5 3276 3 9 4
461 0 1 3285 1 11 1
462 0 2 3289 6988 78908 10482
463 0 6 3295 56 207 84
464 1 2 3304 1 10 1
465 0 1 3310 14 116 21
466 1 5 3314 1 4 1
467 0 1 3323 1 9 1
468 1 3 3328 3 10 4
469 1 20 3336 1 4 1
470 0 1 3347 55 494 82
471 0 3 3352 1 9 1
472 0 2 3359 1 10 1
473 0 11 3366 2 7 3
474 1 1 3376 22319 264285 33478
475 0 6 3382 16 52 24
476 1 2 3391 6 48 9
477 0 9 3397 2405 11907 3607
478 1 1 3406 349 3445 523
479 1 227 3410 69 260 103
480 1 6 3424 1 5 1
481 0 3 3433 1 3 1
482 0 4 3441 12 38 18
483 0 5 3449 3 10 4
484 0 7 3457 46 167 69
485 0 7 3466 2 6 3
486 1 6 3475 4 13 6
487 0 2 3484 1 9 1
488 0 1 3491 2 17 3
489 1 13 3496 1 3 1
490 0 2 3506 71 647 106
491 0 17 3513 6 18 9
492 1 6 3523 10 31 15
493 1 1 3532 1 10 1
494 1 1 3537 39 344 58
495 1 15 3542 1 4 1
496 1 9 3552 26 89 39
497 0 13 3561 2 7 3
498 0 5 3571 4 12 6
499 0 7 3579 2 7 3
500 0 8 3588 1 5 1
501 0 1 3597 26 224 39
502 1 1 3602 1 10 1
503 1 1 3607 1 10 1
