0 0 5 5 1 3 1
1 0 1 13 157 1490 235
2 1 3 20 1 4 1
3 1 2 28 25722 306308 38583
4 0 1 35 222 2144 333
5 0 2 41 24 206 36
6 1 8 48 1 3 1
7 1 5 57 2 7 3
8 1 3 65 5 15 7
9 0 14 73 1 3 1
10 1 1 82 209 2012 313
11 1 2 88 73 666 109
12 0 1 95 987 10231 1480
13 1 3 101 11 90 16
14 0 2 108 14 116 21
15 1 1 115 71 647 106
16 0 1 121 642 6524 963
17 0 4 128 1 3 1
18 0 4 136 1 3 1
19 1 6 144 1 4 1
20 1 2 152 90881 1136509 136321
21 1 3 159 118 1104 177
22 1 11 166 21 70 31
23 1 1 175 7 56 10
24 1 1 181 1 8 1
25 1 8 186 3 10 4
26 1 1 195 8 64 12
27 0 3 200 1 3 1
28 1 1 208 4899 54496 7348
29 0 1 215 446 4455 669
30 1 12 221 648 2926 972
31 0 9 230 3 9 4
32 1 10 239 2 6 3
33 1 5 248 1 3 1
34 0 3 256 8 64 12
35 1 20 263 2 7 3
36 0 2 272 1 9 1
37 1 2 279 1 10 1
38 0 1 286 1 10 1
39 0 3 292 401 1747 601
40 1 5 300 4528 23367 6792
41 1 9 308 1 3 1
42 1 3 317 86 792 129
43 0 22 324 10 31 15
44 0 4 333 1 4 1
45 0 5 341 19 63 28
46 1 1 349 1 11 1
47 0 1 356 1 9 1
48 1 1 361 2 17 3
49 0 1 366 211 2033 316
50 0 5 373 48 175 72
51 1 2 381 1 9 1
52 1 2 388 9 73 13
53 1 4 395 2 7 3
54 0 1 403 5 40 7
55 1 2 409 639 6492 958
56 1 10 416 1 3 1
57 0 2 425 2330 25099 3495
58 1 5 432 16 52 24
59 1 3 440 40 143 60
60 0 4 448 9 27 13
61 0 1 456 10 81 15
62 0 2 462 3 25 4
63 1 8 469 4 12 6
64 0 2 477 9 72 13
65 1 20 484 1 5 1
66 0 3 493 2 6 3
67 0 1 501 3831 42170 5746
68 1 4 507 1 5 1
69 0 1 515 196 1881 294
70 0 2 522 1 10 1
71 0 1 529 1 9 1
72 1 2 535 1 9 1
73 0 1 542 5 40 7
74 1 14 548 93 360 139
75 0 5 557 8 24 12
76 1 3 565 604 6120 906
77 0 6 573 1 5 1
78 0 3 581 57 211 85
79 0 1 589 1 11 1
80 0 4 596 260 1095 390
81 0 2 604 1 9 1
82 0 7 611 1192 5624 1788
83 1 4 619 1 4 1
84 1 1 627 1 9 1
85 1 49 631 17 56 25
86 0 10 641 1 5 1
87 1 3 650 1 4 1
88 0 1 658 877 9041 1315
89 0 3 664 1 9 1
90 0 2 671 2 17 3
91 1 4 678 1 4 1
92 1 5 686 9550 51644 14325
93 0 61 694 562 2512 843
94 1 2 704 910 9397 1365
95 1 5 711 1433 6849 2149
96 1 1 719 1125 11731 1687
97 1 8 724 3 10 4
98 1 2 733 1 14 1
99 1 5 740 513 2277 769
100 0 2 748 1 11 1
101 0 4 755 778 3561 1167
102 1 10 763 1 4 1
103 0 2 772 216 2083 324
104 1 4 779 279 1182 418
105 0 3 787 36 127 54
106 0 1 795 4 33 6
107 0 10 800 8356 44818 12534
108 1 2 809 6 48 9
109 1 4 816 14 45 21
110 1 4 824 872 4024 1308
111 1 10 832 2 7 3
112 0 2 841 2 17 3
113 1 2 848 1 11 1
114 1 2 855 16 134 24
115 1 2 862 5 41 7
116 0 1 869 1 10 1
117 0 3 875 667 3018 1000
118 0 7 883 1 4 1
119 1 1 891 1 9 1
120 0 3 896 24 82 36
121 0 3 904 8593 97872 12889
122 1 4 912 4 12 6
123 1 2 920 10 81 15
124 1 5 927 98 381 147
125 0 2 935 1 9 1
126 0 1 942 3 25 4
127 0 2 948 1 8 1
128 1 3 955 99 385 148
129 1 2 963 8 64 12
130 0 4 970 20 67 30
131 1 1 978 10350 118795 15525
132 0 1 983 243 2357 364
133 0 4 989 131 522 196
134 1 3 997 1371 6532 2056
135 0 6 1005 13 41 19
136 0 1 1013 1 12 1
137 1 5 1019 54 199 81
138 1 5 1027 1 4 1
139 1 2 1035 1888 20150 2832
140 1 2 1042 16 134 24
141 1 22 1049 6 18 9
142 1 3 1058 1 4 1
143 1 51 1066 1413 6747 2119
144 1 6 1076 18 59 27
145 0 4 1084 11 34 16
146 1 3 1092 1 11 1
147 0 2 1099 6213 69811 9319
148 0 14 1106 1706 8252 2559
149 0 2 1115 17 143 25
150 0 1 1122 9 73 13
151 0 6 1129 1 4 1
152 1 4 1137 56 207 84
153 0 12 1145 2084 10219 3126
154 0 1 1154 2 17 3
155 1 3 1160 38407 464649 57610
156 0 3 1167 20 170 30
157 0 2 1174 2283 24571 3424
158 1 1 1181 446 4455 669
159 1 2 1188 418 4162 627
160 0 1 1195 98 908 147
161 1 3 1201 3 25 4
162 1 4 1208 1 3 1
163 1 3 1216 9 73 13
164 0 4 1223 2066 10125 3099
165 0 2 1231 1 10 1
166 0 1 1238 682 6950 1023
167 0 4 1243 16 52 24
168 1 4 1251 1 4 1
169 0 2 1259 1 8 1
170 0 1 1266 2 17 3
171 1 2 1272 2264 24357 3396
172 0 3 1279 9 27 13
173 1 2 1287 1251 13107 1876
174 0 1 1294 34964 421442 52446
175 1 28 1301 16970 95001 25455
176 1 1 1310 11 90 16
177 1 2 1317 9959 114125 14938
178 1 3 1324 931403 12672896 1397104
179 0 13 1331 2891 14489 4336
180 1 2 1340 1 10 1
181 1 1 1347 9 72 13
182 0 3 1354 451 1982 676
183 0 2 1362 99 918 148
184 0 2 1369 101 937 151
185 0 1 1376 1 10 1
186 0 2 1383 110 1025 165
187 1 2 1390 36 316 54
188 1 1 1397 143 1351 214
189 0 2 1402 2627 28448 3940
190 0 1 1409 9 73 13
191 1 4 1415 1 4 1
192 1 15 1423 4746 24566 7119
193 1 3 1432 1 10 1
194 0 2 1439 1 9 1
195 0 4 1446 1 3 1
196 1 1 1454 1 9 1
197 1 2 1460 8 64 12
198 0 7 1467 1 3 1
199 1 4 1475 5 15 7
200 1 3 1483 7 21 10
201 1 1 1491 9 72 13
202 0 3 1498 74 676 111
203 1 1 1505 24 206 36
204 0 2 1511 1 9 1
205 0 2 1518 1 9 1
206 1 9 1525 2 6 3
207 0 1 1534 149 1410 223
208 0 3 1541 1 9 1
209 0 2 1548 13408 155536 20112
210 0 24 1555 1 4 1
211 0 8 1564 1 5 1
212 1 3 1572 107 996 160
213 1 3 1579 1 10 1
214 0 8 1586 4 12 6
215 1 3 1594 161 1530 241
216 1 1 1601 240 2327 360
217 0 2 1608 666 6779 999
218 0 2 1615 245 2378 367
219 1 5 1622 2393 11844 3589
220 0 1 1630 1 9 1
221 1 2 1636 68 618 102
222 0 2 1643 1776 18903 2664
223 0 2 1650 11804 136217 17706
224 1 3 1657 943 9754 1414
225 0 13 1664 12 38 18
226 1 2 1673 1 11 1
227 1 4 1680 1 6 1
228 1 7 1688 1 5 1
229 1 4 1696 6 18 9
230 1 11 1704 12 38 18
231 0 3 1713 10166 116597 15249
232 1 15 1721 2 6 3
233 0 3 1730 2 7 3
234 0 4 1738 3880 19824 5820
235 1 1 1746 184 1760 276
236 0 12 1751 1 4 1
237 1 1 1760 120 1123 180
238 1 13 1767 157 635 235
239 0 13 1776 1425 6808 2137
240 0 1 1785 1911 20406 2866
241 1 2 1791 111 1035 166
242 1 8 1798 1 5 1
243 1 22 1806 82 314 123
244 0 5 1815 3 10 4
245 1 5 1823 6598 34872 9897
246 1 2 1831 2 17 3
247 1 1 1838 1 10 1
248 0 4 1844 21 70 31
249 0 1 1852 1 10 1
250 1 3 1858 1 4 1
251 0 2 1866 9 72 13
252 1 4 1873 4 12 6
253 1 4 1881 437 1916 655
254 1 2 1889 107 996 160
255 0 5 1896 199 820 298
256 0 3 1904 4 12 6
257 1 1 1912 1 11 1
258 1 2 1918 624 6333 936
259 0 2 1925 3 25 4
260 0 2 1932 1 12 1
261 0 2 1939 1 9 1
262 1 6 1946 13 41 19
263 0 1 1954 1 10 1
264 1 2 1961 1 9 1
265 0 2 1968 1 10 1
266 0 1 1975 2 17 3
267 1 3 1981 6 48 9
268 0 3 1988 1 3 1
269 1 3 1996 125266 784175 187899
270 0 6 2004 1 4 1
271 0 3 2012 2 6 3
272 1 3 2020 127 1193 190
273 1 2 2027 2 17 3
274 0 6 2034 3 10 4
275 1 8 2042 1 4 1
276 0 1 2051 90 830 135
277 0 5 2056 4 12 6
278 1 19 2064 1 5 1
279 1 1 2073 28 242 42
280 1 2 2079 139 1311 208
281 1 2 2086 142 1341 213
282 0 6 2093 42 151 63
283 1 2 2101 380 3767 570
284 0 24 2108 33 116 49
285 0 1 2117 3 25 4
286 0 16 2124 1 4 1
287 1 1 2133 408 4058 612
288 0 9 2140 65 243 97
289 0 1 2149 2727 29579 4090
290 0 2 2154 4 33 6
291 1 2 2161 3 25 4
292 1 2 2168 1 9 1
293 1 2 2175 10 81 15
294 1 4 2182 1 4 1
295 1 3 2190 3 25 4
296 0 3 2197 17 56 25
297 1 2 2205 495549 6594646 743323
298 1 1 2212 93 860 139
299 1 1 2218 141 1331 211
300 1 3 2223 11 34 16
301 1 6 2231 1 3 1
302 0 23 2239 2 7 3
303 1 6 2248 2334 11532 3501
304 0 2 2256 49 438 73
305 1 7 2263 1 3 1
306 0 9 2271 1 4 1
307 0 3 2280 73 666 109
308 1 3 2287 2 6 3
309 1 1 2295 171 1630 256
310 1 2 2301 2577 27883 3865
311 0 1 2308 27 233 40
312 1 3 2315 1 3 1
313 1 5 2323 1 3 1
314 1 1 2331 1 10 1
315 1 3 2337 1 4 1
316 1 4 2345 1 4 1
317 1 3 2353 1 5 1
318 1 2 2361 24 206 36
319 1 8 2368 8 24 12
320 1 11 2377 1 3 1
321 1 1 2386 1 10 1
322 1 4 2393 25 85 37
323 1 6 2401 15 48 22
324 0 16 2409 80 305 120
325 1 6 2418 1 5 1
326 1 24 2426 10 31 15
327 0 3 2435 1 5 1
328 0 12 2443 8 24 12
329 0 1 2452 8 64 12
330 1 3 2458 4 12 6
331 1 2 2466 1 10 1
332 1 2 2473 7 56 10
333 1 1 2480 13 107 19
334 0 6 2484 402 1751 603
335 1 3 2492 2 6 3
336 0 1 2500 9 72 13
337 1 4 2506 404 1761 606
338 1 4 2514 1 4 1
339 1 10 2522 4823 24990 7234
340 1 1 2531 3037 33096 4555
341 1 4 2537 1 3 1
342 1 1 2545 1516 16022 2274
343 1 1 2550 21 179 31
344 0 7 2555 3 10 4
345 1 1 2563 1 11 1
346 1 14 2569 455129 3043565 682693
347 0 1 2578 1 11 1
348 1 5 2584 1 4 1
349 1 3 2592 7926 89972 11889
350 0 1 2599 57 513 85
351 1 1 2606 268 2612 402
352 1 19 2613 3 10 4
353 1 2 2622 4795 53290 7192
354 1 2 2629 1 10 1
355 0 1 2636 3 25 4
356 1 10 2642 256 1077 384
357 0 15 2651 1 4 1
358 0 1 2660 1 9 1
359 1 1 2667 1 10 1
360 1 1 2672 1 9 1
361 1 5 2678 1 4 1
362 1 5 2686 50434 300528 75651
363 0 2 2694 126 1183 189
364 0 2 2701 18 152 27
365 0 2 2708 4 33 6
366 1 6 2715 1 4 1
367 1 10 2723 888 4103 1332
368 1 13 2732 95 368 142
369 0 2 2741 75 685 112
370 1 10 2748 1171 5518 1756
371 1 4 2757 1 4 1
372 1 3 2765 4776 53070 7164
373 0 2 2773 1 10 1
374 1 2 2780 76 695 114
375 0 1 2787 3 25 4
376 1 2 2794 21 179 31
377 1 16 2801 1 4 1
378 1 3 2810 2205 10854 3307
379 1 1 2818 1 9 1
380 1 15 2825 165 670 247
381 1 1 2834 7 56 10
382 0 1 2839 149 1411 223
383 1 1 2843 684 6971 1026
384 0 10 2850 1 3 1
385 1 1 2859 1 9 1
386 1 2 2864 30 261 45
387 0 7 2871 1 4 1
388 1 29 2879 86924 533634 130386
389 0 1 2888 41 362 61
390 0 7 2895 114 449 171
391 0 2 2903 404 4016 606
392 1 26 2910 11 34 16
393 1 6 2919 44 159 66
394 1 4 2927 1 5 1
395 0 1 2935 17 143 25
396 0 1 2941 595 6025 892
397 1 2 2948 2 17 3
398 0 7 2955 6 18 9
399 0 7 2963 1 4 1
400 0 1 2971 1 9 1
401 0 2 2976 2 17 3
402 1 4 2983 1 5 1
403 1 4 2991 3 9 4
404 1 4 2999 92 356 138
405 1 4 3007 1 5 1
406 1 1 3015 1 11 1
407 0 2 3020 3 25 4
408 1 4 3027 32 112 48
409 1 6 3035 347 1495 520
410 1 1 3043 1 9 1
411 1 13 3049 1 3 1
412 0 1 3058 1 10 1
413 1 2 3064 155 1471 232
414 1 10 3071 3706 18879 5559
415 0 15 3080 30 104 45
416 1 3 3089 1 9 1
417 1 4 3096 4 13 6
418 1 3 3104 154 1460 231
419 0 4 3112 292 1241 438
420 0 1 3120 6 48 9
421 1 1 3126 3 25 4
422 0 3 3133 7 21 10
423 0 7 3141 123 487 184
424 1 3 3149 1 4 1
425 0 1 3157 1 10 1
426 1 1 3161 1162 12135 1743
427 1 4 3167 1 4 1
428 0 3 3175 13 108 19
429 1 1 3182 2516 27194 3774
430 1 2 3188 1 9 1
431 0 1 3195 441 4403 661
432 1 4 3200 1 5 1
433 1 2 3208 1 10 1
434 1 2 3215 1 12 1
435 1 4 3222 1 5 1
436 1 1 3230 130 1222 195
437 0 2 3237 1 11 1
438 0 3 3244 2 7 3
439 0 5 3252 1 3 1
440 1 3 3260 2 17 3
441 0 3 3267 4 12 6
442 1 4 3275 1499 7187 2248
443 0 2 3283 1507 15923 2260
444 1 37 3290 117 461 175
445 1 5 3299 373 1616 559
446 1 2 3307 1 9 1
447 0 1 3314 21409 253088 32113
448 1 3 3320 77 293 115
449 1 1 3328 1 9 1
450 0 6 3335 796 3649 1194
451 1 3 3343 586 2627 879
452 1 1 3351 1 9 1
453 0 5 3358 17 56 25
454 0 17 3366 56 207 84
455 1 8 3375 15 49 22
456 0 4 3384 70 264 105
457 0 5 3392 1 4 1
458 0 1 3400 1117 11644 1675
459 1 6 3405 8 24 12
460 0 5 3413 1 4 1
461 0 5 3421 1 4 1
462 1 2 3429 1 11 1
463 1 3 3436 1 9 1
464 0 19 3443 15 48 22
465 0 12 3452 14 45 21
466 0 5 3461 1 5 1
467 1 30 3469 1 4 1
468 0 1 3478 451 4507 676
469 0 5 3484 1 4 1
470 1 4 3492 2 6 3
471 1 2 3500 12 99 18
472 0 1 3507 1 9 1
473 0 1 3514 178 1700 267
474 1 2 3521 240 2327 360
475 0 4 3528 219 910 328
476 0 5 3536 10 31 15
477 1 14 3544 1 3 1
478 0 2 3553 12 99 18
479 1 4 3560 3 9 4
480 1 1 3568 1 13 1
481 1 4 3574 2778 13886 4167
482 1 2 3582 10 81 15
483 1 6 3589 30490 176604 45735
484 0 2 3597 1 10 1
485 0 4 3604 1 5 1
486 0 1 3612 1 11 1
