0 0 6 5 2 17 3
1 1 7 9 1 3 1
2 0 3 14 10 81 15
3 1 1 18 358 3538 537
4 1 3 20 62 561 93
5 0 2 24 190143 2444224 285214
6 1 5 27 1 10 1
7 0 2 31 244 2367 366
8 1 3 34 11 90 16
9 1 2 38 64084 790810 96126
10 1 2 41 68 618 102
11 0 1 44 301 2951 451
12 0 2 47 1629 17272 2443
13 0 4 50 1 10 1
14 1 7 54 1 3 1
15 1 1 58 60 542 90
16 1 4 61 1 10 1
17 0 2 65 1368 14392 2052
18 1 7 68 1 3 1
19 0 6 72 1 9 1
20 1 5 76 1 10 1
21 1 17 80 666 3014 999
22 1 4 85 250 2428 375
23 1 2 89 3277 35830 4915
24 1 2 92 1 10 1
25 1 2 95 851 8761 1276
26 0 4 98 131 1232 196
27 1 2 102 1671 17737 2506
28 0 2 105 343 3383 514
29 0 2 108 15 125 22
30 1 1 111 13300 154232 19950
31 1 2 113 8 64 12
32 0 2 116 22 188 33
33 0 3 119 3 25 4
34 1 1 123 1 11 1
35 1 7 126 14 45 21
36 0 1 131 4653 51646 6979
37 0 1 133 12 99 18
38 0 7 135 44 159 66
39 1 9 140 1 4 1
40 0 1 145 3 25 4
41 0 2 147 29 251 43
42 0 5 150 1 11 1
43 0 3 154 738 7548 1107
44 0 1 158 517 5201 775
45 1 3 161 6 48 9
46 1 2 165 16 134 24
47 1 8 168 1 3 1
48 1 8 173 1 4 1
49 1 1 178 7 56 10
50 1 5 180 24 206 36
51 0 1 184 22 188 33
52 0 1 186 46 410 69
53 1 12 187 1 3 1
54 1 4 192 95 879 142
55 0 2 196 182495 2342367 273742
56 1 1 199 1 9 1
57 1 3 201 5 40 7
58 1 2 205 3 25 4
59 0 13 208 83 318 124
60 1 10 213 1 5 1
61 1 3 218 11 90 16
62 1 1 222 9 72 13
63 0 1 224 1 9 1
64 1 1 226 112 1045 168
65 1 1 228 824 8471 1236
66 1 1 230 18 152 27
67 1 1 233 2 17 3
68 1 1 236 1678 17815 2517
69 1 7 239 2563 12743 3844
70 0 3 244 1 9 1
71 1 2 248 1 9 1
72 1 15 251 71 268 106
73 0 3 256 2 17 3
74 1 4 260 1 10 1
75 0 1 264 2446 26405 3669
76 0 1 266 5 40 7
77 0 13 268 152934 967484 229401
78 0 6 273 1 11 1
79 0 3 277 4 33 6
80 1 3 281 1 10 1
81 0 12 285 8 24 12
82 1 2 290 1 10 1
83 1 1 293 1 9 1
84 0 1 296 1 9 1
85 1 9 299 3 9 4
86 1 1 304 7 56 10
87 1 1 306 2 17 3
88 1 8 309 132 526 198
89 1 14 314 262 1104 393
90 1 2 319 347 3425 520
91 1 2 322 2531601 35642965 3797401
92 1 5 325 15 125 22
93 1 7 329 85 326 127
94 0 9 333 88 339 132
95 1 9 338 7 21 10
96 0 1 343 1 10 1
97 1 5 345 686 6992 1029
98 1 4 349 1 10 1
99 0 2 353 290 2837 435
100 0 3 356 1 10 1
101 1 2 360 54 485 81
102 1 5 363 4 33 6
103 0 3 367 29858 357667 44787
104 1 8 371 7 21 10
105 1 3 376 1 10 1
106 0 6 380 64 580 96
107 0 4 384 2 17 3
108 0 11 388 741 3379 1111
109 0 4 393 49 438 73
110 1 3 397 1 9 1
111 1 24 401 1910 9311 2865
112 1 6 406 8 64 12
113 1 1 410 2 17 3
114 0 2 412 1 12 1
115 0 1 415 1 9 1
116 1 2 418 1 9 1
117 0 1 421 114 1065 171
118 0 3 422 5 41 7
119 0 3 426 4 32 6
120 0 2 430 33 288 49
121 1 1 433 1 9 1
122 1 1 435 1 11 1
123 1 3 437 1 9 1
124 1 9 441 127984 802099 191976
125 1 17 446 613 2757 919
126 1 5 451 1 9 1
127 1 2 455 2 17 3
128 1 2 458 6 48 9
129 1 20 461 13 41 19
130 1 5 466 39 344 58
131 0 2 470 4 33 6
132 1 7 473 3 10 4
133 1 2 477 13221 153278 19831
134 1 3 480 1 12 1
135 1 2 484 105 976 157
136 1 3 487 540 5443 810
137 1 7 491 59 219 88
138 0 1 496 6 48 9
139 1 5 498 1019 10578 1528
140 1 1 502 948 9808 1422
141 0 2 505 1 11 1
142 1 4 508 15 125 22
143 0 2 512 195 1871 292
144 0 3 515 1 9 1
145 0 22 519 1 4 1
146 0 4 524 1 9 1
147 0 3 528 1 11 1
148 0 6 532 6 48 9
149 1 2 536 1 9 1
150 1 8 539 1 5 1
151 1 8 544 210 869 315
152 1 2 549 27 233 40
153 1 9 552 1 4 1
154 0 10 557 1 4 1
155 0 1 562 2 17 3
156 0 5 564 21 179 31
157 0 3 568 1 9 1
158 1 2 572 20 170 30
159 1 3 575 7 56 10
160 1 9 579 11 34 16
161 1 4 584 192 1841 288
162 0 3 588 167 1590 250
163 1 1 592 1 12 1
164 1 1 593 752 7698 1128
165 0 4 595 1 9 1
166 1 3 599 1 10 1
167 1 2 603 1 9 1
168 1 4 606 2 17 3
169 1 3 610 141 1331 211
170 0 1 614 1 9 1
171 1 2 617 250 2429 375
172 1 3 620 1 9 1
173 1 1 624 9238420 135726670 13857630
174 1 12 627 1 4 1
175 1 6 632 1 3 1
176 0 10 636 50 183 75
177 1 1 641 1 10 1
178 0 2 643 3 25 4
179 1 4 646 5 40 7
180 1 2 650 1 9 1
181 0 1 653 68 618 102
182 1 4 655 25 215 37
183 0 6 659 1 11 1
184 0 4 663 3 25 4
185 1 4 667 2 17 3
186 0 3 671 22 188 33
187 0 14 675 2 6 3
188 0 5 680 8 64 12
189 1 2 684 1 9 1
190 0 2 687 70 637 105
191 1 9 690 1 5 1
192 1 8 695 1 3 1
193 1 4 700 55 494 82
194 0 2 704 5556 62135 8334
195 0 10 707 5 15 7
196 0 1 712 1 8 1
197 0 3 713 1 9 1
198 1 2 717 5 40 7
199 1 1 720 2 17 3
200 0 3 722 52 466 78
201 1 4 726 4 33 6
202 1 1 730 1 9 1
203 0 4 733 148 1401 222
204 0 6 737 15 48 22
205 1 4 741 2 17 3
206 0 4 745 5 40 7
207 0 1 749 1 9 1
208 0 5 751 1 10 1
209 1 1 755 7 56 10
210 1 6 758 5 41 7
211 0 1 762 269 2622 403
212 0 3 764 264 2571 396
213 1 3 768 1596 16906 2394
214 0 7 772 2 6 3
215 1 4 777 24 206 36
216 0 2 781 5038 56109 7557
217 0 7 784 1 4 1
218 0 18 788 73 276 109
219 0 4 793 1 9 1
220 1 12 797 1 4 1
221 0 1 802 7 56 10
222 0 7 804 1 3 1
223 0 2 808 106 986 159
224 0 3 811 234 2265 351
225 0 5 815 2 17 3
226 1 5 819 51 456 76
227 1 10 823 2821026 20568934 4231539
228 1 1 828 10 81 15
229 0 8 831 36 127 54
230 1 3 836 37 325 55
231 1 17 840 12 38 18
232 1 2 845 291 2848 436
233 1 5 848 4709 52294 7063
234 1 7 852 1 3 1
235 1 2 857 66 599 99
236 1 2 860 4 33 6
237 1 3 863 1 11 1
238 1 5 867 1 9 1
239 1 8 871 207 856 310
240 1 4 876 1 10 1
241 0 19 880 31 108 46
242 1 1 885 9 72 13
243 0 4 887 60 542 90
244 1 5 891 9 72 13
245 0 1 895 11 90 16
246 0 2 898 9 73 13
247 0 13 901 2 6 3
248 0 3 906 3 25 4
249 1 17 910 1 4 1
250 0 9 915 98 381 147
251 0 3 920 14602 169976 21903
252 0 3 924 112 1045 168
253 1 1 928 2468 26653 3702
254 1 2 930 1 10 1
255 0 2 933 6737 75957 10105
256 1 8 936 40 143 60
257 1 1 941 897 9257 1345
258 0 2 944 10 81 15
259 0 4 947 1 9 1
260 0 2 951 81688 1017425 122532
261 1 7 954 4 12 6
262 1 19 958 1 5 1
263 0 1 963 177 1690 265
264 0 8 964 1931 9420 2896
265 0 3 969 12225 141278 18337
266 1 6 973 1 10 1
267 0 1 977 143 1351 214
268 0 51 980 1 4 1
269 1 4 986 46 409 69
270 1 1 990 2 17 3
271 1 4 993 31 270 46
272 0 3 997 284585 3712527 426877
273 0 3 1001 1 10 1
274 0 2 1004 61 551 91
275 0 1 1007 1145 11949 1717
276 1 1 1009 100 927 150
277 0 2 1011 15 125 22
278 0 2 1014 2 17 3
279 0 2 1017 7 56 10
280 1 7 1020 510 2262 765
281 1 2 1024 399 3965 598
282 1 3 1027 1 10 1
283 1 6 1031 1 9 1
284 0 11 1035 1 4 1
285 0 1 1040 2 17 3
286 1 5 1043 7357 83254 11035
287 0 2 1047 2 17 3
288 1 25 1050 2 7 3
289 0 2 1055 1 11 1
290 0 6 1058 1 9 1
291 1 2 1062 1465 15459 2197
292 0 5 1065 3 25 4
293 0 1 1069 235909 3056597 353863
294 0 2 1071 57 513 85
295 0 1 1074 7 56 10
296 0 2 1076 1 12 1
297 0 1 1079 1 9 1
298 1 43 1081 8 24 12
299 1 6 1087 16 134 24
300 0 6 1091 15 125 22
301 1 14 1095 7 21 10
302 0 2 1100 83 762 124
303 0 22 1103 9 27 13
304 1 4 1108 1 9 1
305 0 11 1112 1844 8967 2766
306 0 2 1117 100 928 150
307 0 2 1120 231 2235 346
308 0 2 1123 91418 1143479 137127
309 0 2 1126 1 9 1
310 1 4 1129 560 5654 840
311 1 2 1133 43728 531707 65592
312 0 2 1136 1 11 1
313 0 1 1139 10 81 15
314 0 2 1142 1 10 1
315 1 15 1145 367 1588 550
316 1 2 1150 516 5190 774
317 0 3 1153 1 11 1
318 1 11 1157 103 402 154
319 0 12 1162 113 444 169
320 0 11 1167 169 688 253
321 0 1 1172 4 32 6
322 0 4 1173 1 11 1
323 1 2 1177 10 81 15
324 0 2 1180 1 9 1
325 1 2 1183 1 11 1
326 1 5 1186 1 9 1
327 0 2 1190 19 160 28
328 1 6 1193 1 11 1
329 1 2 1197 1 10 1
330 0 10 1200 2 6 3
331 1 1 1205 414 4121 621
332 0 16 1207 8 24 12
333 0 6 1212 2 17 3
334 1 8 1216 8 24 12
335 1 1 1221 99 918 148
336 0 2 1224 12 99 18
337 1 3 1227 86 792 129
338 1 2 1231 2 17 3
339 0 1 1234 20 170 30
340 1 1 1237 1 11 1
341 1 2 1239 1048 10893 1572
342 1 22 1242 500 2215 750
343 0 3 1247 74 676 111
344 0 2 1251 4 33 6
345 0 2 1254 120 1124 180
346 1 6 1257 4 33 6
347 0 4 1261 298 2920 447
348 0 7 1265 4355 22418 6532
349 0 4 1270 27 233 40
350 0 2 1274 1 8 1
351 1 3 1277 27 233 40
352 0 1 1281 1 9 1
353 1 1 1283 1 9 1
354 1 1 1285 1 9 1
355 1 13 1288 3061 15399 4591
356 1 3 1293 1 11 1
357 1 5 1297 1 9 1
358 0 4 1301 213 2053 319
359 0 1 1305 790 8105 1185
360 1 3 1308 10 81 15
361 0 2 1312 3 25 4
362 1 1 1315 6 48 9
363 1 3 1317 1 11 1
364 0 4 1321 1 9 1
365 1 3 1325 11 90 16
366 0 2 1329 855 8804 1282
367 1 1 1332 386 3829 579
368 0 1 1333 1 9 1
369 1 1 1336 4 33 6
370 0 1 1338 1 11 1
371 0 1 1340 10 81 15
372 0 1 1342 120 1124 180
373 0 3 1343 33 288 49
374 0 1 1347 1 13 1
375 1 8 1349 47 171 70
376 0 1 1354 2 17 3
377 1 3 1356 4 33 6
378 1 4 1359 1 10 1
379 1 2 1363 2722 29522 4083
380 1 2 1366 834 8578 1251
381 1 1 1369 3 25 4
382 0 1 1372 1 11 1
383 0 8 1374 15 48 22
384 0 2 1379 1 10 1
385 1 3 1382 9 73 13
386 0 1 1386 6365 71592 9547
387 1 22 1389 2 7 3
388 1 2 1394 243 2357 364
389 0 2 1397 31 270 46
390 0 1 1400 55 494 82
391 1 17 1403 11 34 16
392 1 5 1408 1 9 1
393 0 3 1412 1 12 1
394 0 5 1416 45 400 67
395 1 2 1420 45982 560208 68973
396 1 2 1423 20 170 30
397 0 4 1426 2 17 3
398 1 1 1430 273443 3562009 410164
399 1 1 1433 9 72 13
400 1 1 1436 1 9 1
401 0 3 1438 434 4330 651
402 0 6 1442 1 9 1
403 1 3 1446 1008 10458 1512
404 1 3 1450 2 17 3
405 1 5 1454 158 1500 237
406 0 1 1458 8981 102479 13471
407 0 6 1460 166 1580 249
408 0 2 1464 484 4853 726
409 1 1 1467 16 134 24
410 0 9 1469 1 4 1
411 0 2 1474 199 1911 298
412 0 4 1477 45 400 67
413 1 4 1481 1 10 1
414 1 4 1485 5129 57166 7693
415 1 1 1489 70 637 105
416 0 3 1491 663 6747 994
417 0 23 1495 5 15 7
418 1 17 1500 1 4 1
419 0 2 1505 1 9 1
420 0 3 1508 1 11 1
421 0 1 1512 84 772 126
422 1 2 1514 1 10 1
423 0 1 1517 1 9 1
424 0 9 1519 1 4 1
425 0 1 1524 717 7323 1075
426 1 2 1527 24 206 36
427 0 21 1530 1 5 1
428 0 4 1535 1111 11578 1666
429 0 2 1539 12 98 18
430 0 1 1542 2 17 3
431 1 2 1545 37 325 55
432 1 3 1548 11 90 16
433 0 1 1552 1190 12440 1785
434 0 3 1554 2 17 3
435 1 1 1558 13 107 19
436 0 1 1560 2 17 3
437 1 2 1563 1 11 1
438 0 9 1566 397 1728 595
439 1 2 1571 404 4017 606
440 0 5 1574 2 17 3
441 1 6 1578 1 3 1
442 1 10 1582 1 4 1
443 1 1 1587 12 98 18
444 0 21 1589 53 195 79
445 0 41 1594 904 4182 1356
446 1 4 1600 36 316 54
447 1 2 1604 4 33 6
448 1 4 1607 17 143 25
449 0 3 1611 6 48 9
450 0 2 1615 58 523 87
451 1 2 1618 14586 169782 21879
452 0 2 1621 13 108 19
453 0 20 1624 1 4 1
454 0 3 1629 1 9 1
455 0 5 1633 10 81 15
456 1 15 1637 869 4009 1303
457 0 2 1642 21526 254527 32289
458 0 2 1645 1 9 1
459 1 2 1648 1 9 1
460 1 10 1651 1 5 1
461 1 3 1656 160 1520 240
462 0 35 1660 1 3 1
463 0 1 1666 10707 123064 16060
464 1 1 1668 3877 42698 5815
465 0 65 1670 1 4 1
466 0 5 1676 1 10 1
467 1 3 1680 1 9 1
468 0 1 1684 20 170 30
469 0 2 1686 1 10 1
470 1 18 1689 11 34 16
471 0 9 1694 1 5 1
472 1 3 1699 3 25 4
473 1 3 1703 2 17 3
474 0 13 1707 2 6 3
475 1 4 1712 180 1720 270
476 0 4 1716 1 9 1
477 1 2 1720 5611 62776 8416
478 0 1 1723 144 1361 216
479 1 3 1726 19 161 28
480 0 10 1730 264 1113 396
481 1 1 1735 11 90 16
482 0 6 1737 41 363 61
483 0 3 1741 3715 40839 5572
484 1 8 1745 1 5 1
485 1 3 1750 1 9 1
486 0 2 1754 2977 32414 4465
487 0 3 1757 14910 173708 22365
488 0 1 1761 27998 334534 41997
489 1 2 1763 1 10 1
490 1 1 1766 138 1301 207
491 0 1 1768 1 9 1
492 1 13 1770 1 3 1
493 1 5 1775 1 8 1
494 0 1 1779 1 9 1
495 1 2 1781 23 197 34
496 0 3 1784 2 17 3
497 1 4 1788 80 734 120
498 0 3 1792 331 3259 496
499 0 2 1796 1 9 1
500 0 1 1799 7493 84858 11239
501 0 5 1801 381 3777 571
502 1 1 1805 4 33 6
503 1 8 1808 66 248 99
504 0 64 1813 179 732 268
505 1 2 1819 23 197 34
506 1 2 1822 15 125 22
507 1 3 1825 3351 36674 5026
508 1 1 1829 192 1841 288
509 0 1 1830 3 25 4
510 1 4 1832 183 1751 274
511 1 1 1836 1026 10654 1539
512 0 4 1839 3 25 4
513 0 2 1843 72 657 108
514 1 5 1846 47 419 70
515 0 1 1850 6 48 9
516 1 2 1852 492 4937 738
517 0 2 1855 31107 373232 46660
518 0 1 1858 26 224 39
519 0 2 1860 1 9 1
520 1 5 1863 15 125 22
521 1 2 1867 43 381 64
522 0 2 1870 1 9 1
523 1 6 1873 23 78 34
524 0 2 1877 84 772 126
525 1 2 1880 1 9 1
526 1 1 1883 5 40 7
527 1 3 1885 1 9 1
528 0 5 1889 1 9 1
529 1 4 1893 1 10 1
530 0 1 1897 1 10 1
531 0 1 1899 13 107 19
532 0 2 1902 1 9 1
533 1 37 1905 31 108 46
534 1 4 1911 621 6301 931
535 0 2 1915 1587 16807 2380
536 0 6 1918 1 12 1
537 1 5 1922 1 10 1
538 0 4 1926 3 25 4
539 0 2 1930 1 13 1
540 1 3 1933 110 1025 165
541 1 5 1936 27 233 40
542 0 1 1940 1 10 1
543 1 3 1943 1 9 1
544 1 6 1947 1 6 1
545 1 1 1951 49 438 73
546 1 3 1954 63 570 94
547 1 1 1958 54 485 81
548 1 13 1961 6 18 9
549 0 2 1966 2 17 3
550 1 3 1969 1 10 1
551 1 5 1973 24266 288301 36399
552 1 2 1977 2 17 3
553 0 2 1980 3 25 4
554 1 1 1983 1 11 1
555 0 5 1985 362 3580 543
556 1 5 1989 4388 48583 6582
557 1 8 1993 9 27 13
558 1 7 1998 1 4 1
559 1 3 2003 5 40 7
560 0 2 2007 1 8 1
561 1 1 2010 9 72 13
562 1 1 2013 2 17 3
563 0 4 2015 10 81 15
564 0 1 2019 2 17 3
565 0 3 2020 125 1173 187
566 0 2 2024 9 73 13
567 1 2 2027 56 504 84
568 0 2 2030 3826 42113 5739
569 0 9 2033 1 4 1
570 1 16 2038 4 12 6
571 1 2 2043 3 25 4
572 0 1 2046 236 2286 354
573 1 1 2049 1 9 1
574 1 7 2051 454 1997 681
575 0 15 2055 26 89 39
576 0 13 2060 112 440 168
577 1 1 2065 9 72 13
578 1 2 2068 18 152 27
579 0 1 2071 1 9 1
580 0 10 2073 19 63 28
581 1 1 2078 2 17 3
582 1 21 2081 1 3 1
583 0 25 2086 33 116 49
584 0 10 2091 1 4 1
585 1 61 2096 1 4 1
586 1 2 2102 2 17 3
587 1 2 2105 1 10 1
588 1 7 2108 10 31 15
589 1 5 2112 4226 46714 6339
590 1 4 2116 1 13 1
591 0 2 2120 1 9 1
592 1 23 2123 527669 3554497 791503
593 0 9 2128 3 10 4
594 1 3 2133 279 2725 418
595 1 2 2137 88 811 132
596 0 2 2140 21 179 31
597 0 4 2143 13 107 19
598 0 5 2147 3931 43318 5896
599 1 4 2151 1 10 1
600 0 2 2155 1 9 1
601 1 8 2158 223 928 334
602 0 3 2163 8458 96271 12687
603 0 6 2167 160 1520 240
604 1 5 2171 1 9 1
605 1 10 2175 3 9 4
606 0 4 2180 1 9 1
607 1 1 2184 637 6470 955
608 0 3 2186 651 6619 976
609 0 2 2190 50790 621174 76185
610 0 1 2193 189 1811 283
611 0 2 2195 1 9 1
612 1 1 2198 14 116 21
613 1 2 2200 1 9 1
614 1 2 2203 12 99 18
615 0 2 2206 44 390 66
616 1 13 2209 3355 16981 5032
617 1 1 2214 1 8 1
618 1 5 2216 140 1321 210
619 0 4 2220 1 9 1
620 0 2 2224 1 9 1
621 1 2 2227 63 571 94
622 1 12 2230 15 48 22
623 0 1 2235 1 9 1
624 1 2 2237 117 1094 175
625 1 3 2240 4247 46956 6370
626 1 2 2244 1 10 1
627 1 6 2247 12 99 18
628 1 7 2251 37 131 55
629 1 5 2256 1 10 1
630 0 1 2260 1 9 1
631 0 9 2262 1 3 1
632 1 5 2267 51 457 76
633 0 1 2271 1 9 1
634 0 9 2273 13 41 19
635 0 2 2278 17 143 25
636 0 5 2281 14 116 21
637 0 1 2285 1 10 1
638 0 6 2287 1 9 1
639 0 12 2291 4179 21455 6268
640 0 1 2296 1 10 1
641 1 5 2299 1 11 1
642 1 2 2303 1 9 1
643 1 2 2306 1927 20585 2890
644 0 4 2309 176187 2258471 264280
645 1 1 2313 1 9 1
646 1 1 2315 46 410 69
647 0 2 2317 438 4372 657
648 1 16 2320 1 4 1
649 0 12 2325 8 24 12
650 1 1 2330 1404035 19376210 2106052
651 1 1 2333 286 2797 429
652 0 6 2335 1 9 1
653 0 24 2339 1 3 1
654 1 3 2344 1 9 1
655 0 1 2348 162 1540 243
656 0 1 2351 151 1430 226
657 1 4 2353 52 466 78
658 1 2 2357 951 9841 1426
659 0 2 2360 1184 12375 1776
660 0 4 2363 113 1055 169
661 0 1 2367 24 206 36
662 1 1 2369 1 10 1
663 1 3 2371 2944 32039 4416
664 0 2 2375 1 9 1
665 1 2 2378 8 64 12
666 0 1 2381 7 56 10
667 1 16 2383 12 38 18
668 0 2 2388 1293 13568 1939
669 0 8 2391 1 3 1
670 1 2 2396 34 297 51
671 1 1 2399 1 10 1
672 1 10 2401 232 968 348
673 0 2 2406 1 10 1
674 0 4 2409 5 40 7
675 0 23 2413 988 4600 1482
676 1 1 2418 4 33 6
677 1 6 2421 8 24 12
678 1 3 2425 77978 969503 116967
679 1 12 2429 1 3 1
680 1 4 2434 50 447 75
681 0 6 2438 2 17 3
682 1 7 2442 159 643 238
683 1 3 2446 311 3053 466
684 0 9 2450 1 5 1
685 1 2 2455 1 9 1
686 0 26 2458 1473 7054 2209
687 1 4 2464 15 125 22
688 1 2 2468 1 12 1
689 0 2 2471 7 56 10
690 1 3 2474 9 72 13
691 1 3 2478 7 56 10
692 0 3 2482 151 1430 226
693 0 3 2486 174 1660 261
694 0 1 2490 197 1891 295
695 0 2 2492 1 9 1
696 0 1 2495 4 33 6
697 0 2 2497 6 48 9
698 0 6 2500 1 9 1
699 1 19 2504 1 4 1
700 1 10 2509 7 21 10
701 1 1 2514 2 17 3
702 0 2 2515 7 56 10
703 1 1 2518 28 242 42
704 1 5 2519 1117 11644 1675
705 1 4 2523 28 242 42
706 1 4 2527 2 17 3
707 0 3 2531 419573 5550546 629359
708 1 1 2535 81 743 121
709 0 1 2538 1 10 1
710 0 3 2541 1503 15879 2254
711 0 24 2545 1 4 1
712 0 3 2550 1 8 1
713 1 2 2554 1 10 1
714 0 10 2557 186 763 279
715 1 5 2562 1 13 1
716 0 4 2566 58 523 87
717 1 2 2570 17108 200429 25662
718 1 1 2573 1 10 1
719 0 3 2576 50241 614201 75361
720 0 9 2580 6 18 9
721 1 3 2585 1 10 1
722 1 19 2589 1 5 1
723 1 2 2594 6 48 9
724 1 20 2597 5 15 7
725 0 2 2602 1 11 1
726 0 5 2605 62508 770625 93762
727 1 1 2609 1 11 1
728 0 2 2612 64 580 96
729 0 1 2615 6 48 9
730 0 2 2617 44 391 66
731 0 4 2620 1 9 1
732 1 6 2624 1 9 1
733 0 11 2628 7 21 10
734 1 1 2633 102486 1287461 153729
735 1 5 2636 2169877 30391924 3254815
736 1 1 2640 13 108 19
737 0 4 2642 1 9 1
738 1 1 2646 1 9 1
739 1 2 2649 43 381 64
740 1 1 2652 1 9 1
741 1 1 2655 1 10 1
742 1 1 2657 1 9 1
743 0 3 2659 28 242 42
744 1 2 2663 2784 30224 4176
745 1 11 2666 84 322 126
746 0 2 2671 1 10 1
747 0 11 2674 2 7 3
748 1 21 2679 28 97 42
749 1 1 2684 1 10 1
750 0 8 2685 6 18 9
751 0 1 2690 120 1124 180
752 1 4 2693 2 17 3
753 0 4 2697 114 1065 171
754 1 3 2701 6 48 9
755 1 6 2705 1 9 1
756 0 5 2709 2 17 3
757 0 1 2713 1 10 1
758 1 3 2715 1 9 1
759 0 1 2719 15 125 22
760 1 3 2722 36 316 54
761 0 3 2726 1 11 1
762 1 2 2730 205 1972 307
763 0 3 2733 1 10 1
764 1 1 2737 7 56 10
765 1 2 2740 1 10 1
766 0 1 2743 1 8 1
767 1 2 2745 1 8 1
768 1 2 2748 1 9 1
769 0 4 2751 1 10 1
770 0 1 2755 1 11 1
771 1 5 2756 1 12 1
772 1 5 2760 17 143 25
773 1 2 2764 755 7730 1132
774 0 2 2767 1 9 1
775 1 2 2770 1 10 1
776 1 9 2773 1 4 1
777 0 3 2778 18 152 27
778 1 4 2782 1 8 1
779 0 1 2786 6959 78567 10438
780 1 2 2789 1153 12036 1729
781 0 2 2792 2 17 3
782 0 1 2795 40 353 60
783 1 5 2798 1 9 1
784 0 104 2802 7268 38646 10902
785 1 45 2808 9 27 13
786 1 2 2814 1 9 1
787 0 1 2817 2 17 3
788 0 2 2818 1 12 1
789 0 13 2821 1 5 1
790 1 80 2826 4 12 6
791 0 3 2832 637 6470 955
792 1 1 2836 1 9 1
793 0 1 2838 72 657 108
794 0 2 2839 6 48 9
795 1 1 2842 619 6279 928
796 1 2 2844 1 10 1
797 1 3 2847 180 1720 270
798 1 5 2851 2 17 3
799 1 20 2855 54 199 81
800 1 1 2860 37 325 55
801 1 6 2863 38 335 57
802 0 1 2867 281 2745 421
803 1 1 2869 657 6683 985
804 0 7 2871 1935 9441 2902
805 1 1 2875 12 98 18
806 1 2 2878 1 9 1
807 0 13 2881 1 4 1
808 0 2 2886 790 8105 1185
809 0 2 2889 3 25 4
810 0 1 2892 1103 11491 1654
811 1 38 2894 1 4 1
812 1 6 2900 428 4267 642
813 0 3 2904 76663 952537 114994
814 0 2 2908 20 170 30
815 1 7 2911 1 3 1
816 1 7 2915 62651 377827 93976
817 0 6 2919 261 2540 391
818 1 1 2923 16 134 24
819 0 7 2926 58 215 87
820 0 1 2930 130 1222 195
821 0 1 2933 2414 26044 3621
822 1 3 2935 20 170 30
823 0 7 2938 164 665 246
824 0 3 2943 8 64 12
825 0 2 2947 1 9 1
826 0 4 2950 6 48 9
827 0 4 2954 18 152 27
828 0 4 2958 87044 1086750 130566
829 0 2 2962 7 56 10
830 1 2 2965 10 81 15
831 1 3 2968 1 9 1
832 1 2 2972 2056 22026 3084
833 0 1 2975 1 10 1
834 0 8 2978 10 31 15
835 1 3 2983 1 9 1
836 0 2 2987 4 33 6
837 1 3 2990 5 41 7
838 1 10 2994 23 78 34
839 1 10 2999 3373 17078 5059
840 1 7 3004 631 2844 946
841 1 5 3009 4 33 6
842 1 5 3013 8 64 12
843 1 1 3017 2 17 3
844 1 1 3020 14 116 21
845 1 2 3023 205 1972 307
846 1 14 3026 74 280 111
847 0 5 3031 2 17 3
848 0 2 3035 1 10 1
849 0 2 3038 43 381 64
850 1 1 3041 1 11 1
851 1 2 3043 60 542 90
852 1 4 3046 3 25 4
853 0 2 3050 11 90 16
854 0 17 3053 2 7 3
855 1 3 3058 1374 14458 2061
856 0 3 3062 2 17 3
857 1 1 3066 33 288 49
858 1 1 3067 8 64 12
859 0 4 3070 41 362 61
860 1 2 3074 8 64 12
861 1 6 3077 1 9 1
862 1 2 3081 6220 69893 9330
863 0 5 3084 19 161 28
864 0 1 3088 1 10 1
865 1 6 3090 3 25 4
866 1 3 3094 5 40 7
867 0 1 3098 44 391 66
868 0 6 3101 24 206 36
869 0 1 3105 1 8 1
870 1 29 3107 9478 51231 14217
871 0 2 3113 2783 30213 4174
872 1 2 3116 1 9 1
873 1 3 3119 1 11 1
874 1 1 3123 189 1811 283
875 1 5 3125 1 9 1
876 0 1 3129 6 48 9
877 0 2 3131 4 33 6
878 1 2 3134 2835 30803 4252
879 0 1 3137 1 10 1
880 0 5 3140 1 11 1
881 1 4 3144 1 12 1
882 0 2 3148 1 10 1
883 0 1 3151 1 10 1
884 0 1 3153 573 5792 859
885 1 3 3156 2355 25380 3532
886 1 4 3159 1 10 1
887 1 3 3163 3 25 4
888 0 1 3167 573 5792 859
889 1 2 3168 1 9 1
890 0 30 3171 1 3 1
891 1 9 3177 1 4 1
892 0 2 3182 48 428 72
893 0 1 3185 1 10 1
894 1 1 3188 1139 11884 1708
895 0 13 3191 2 7 3
896 0 1 3196 8105 92089 12157
897 0 5 3199 1 9 1
898 0 23 3203 53 195 79
899 0 4 3208 1 10 1
900 1 4 3212 34 298 51
901 1 6 3216 2 17 3
902 1 3 3220 1 9 1
903 0 29 3224 1 5 1
904 1 3 3230 73 666 109
905 1 1 3234 13 107 19
906 0 1 3235 1 12 1
907 1 2 3238 1433 15107 2149
908 0 1 3241 2 17 3
909 0 4 3243 1 9 1
910 0 3 3247 1 10 1
911 0 2 3251 1 10 1
912 0 2 3254 397 3944 595
913 1 6 3257 11 90 16
914 1 2 3261 1 10 1
915 0 4 3264 260 2530 390
916 1 3 3268 5 41 7
917 1 6 3272 1 10 1
918 1 3 3276 6 48 9
919 1 3 3280 376 3725 564
920 0 2 3284 2 17 3
921 1 2 3287 6 48 9
922 0 3 3290 1 13 1
923 1 2 3294 1 10 1
924 0 3 3297 41 362 61
925 0 9 3301 116 457 174
926 1 5 3306 34 297 51
927 1 3 3310 241 2337 361
928 1 6 3314 1 9 1
929 0 16 3318 1 4 1
930 0 1 3323 1 11 1
931 0 1 3325 1 10 1
932 0 3 3327 276 2694 414
933 0 5 3331 990522 13506117 1485783
934 1 2 3335 65 590 97
935 0 3 3338 5 41 7
936 1 1 3342 1 8 1
937 1 3 3344 299 2930 448
938 1 26 3348 2 6 3
939 0 6 3353 1 4 1
940 0 2 3357 2555 27634 3832
941 1 8 3360 7588 40456 11382
942 0 10 3365 4460 22994 6690
943 0 3 3370 63 571 94
944 0 22 3374 6 18 9
945 1 2 3379 20 170 30
946 1 3 3382 17 143 25
947 0 3 3386 1 9 1
948 0 2 3390 587 5940 880
949 0 9 3393 1 4 1
950 0 8 3398 62202 374971 93303
951 1 2 3403 9 72 13
952 0 4 3406 56 504 84
953 0 5 3410 32 279 48
954 1 9 3414 110 432 165
955 1 2 3419 1 11 1
956 1 2 3422 4 33 6
957 0 2 3425 286 2796 429
958 0 7 3428 1 3 1
959 1 4 3432 14 116 21
960 0 2 3436 218 2103 327
961 0 8 3439 58 215 87
962 1 3 3444 6658 75029 9987
963 1 1 3448 4 33 6
964 0 1 3450 1 9 1
965 1 6 3452 1 14 1
966 1 4 3456 6909 77979 10363
967 0 1 3460 1 9 1
968 0 3 3462 10 81 15
969 0 16 3466 713 3243 1069
970 1 3 3471 47 419 70
971 0 7 3475 206 852 309
972 1 10 3479 1 3 1
973 1 2 3484 1 9 1
974 0 11 3487 1 4 1
975 1 1 3492 1 10 1
976 1 2 3495 4705 52248 7057
977 1 5 3498 33 288 49
978 1 2 3502 1 9 1
979 1 5 3505 191 1831 286
980 1 3 3509 2 17 3
981 0 8 3513 10850 59133 16275
982 1 24 3518 43 155 64
983 0 1 3523 137 1291 205
984 0 7 3526 14 45 21
985 0 14 3531 1 3 1
986 0 7 3536 2 7 3
987 0 7 3540 97 377 145
988 1 4 3544 1 10 1
989 0 6 3548 687 7003 1030
990 1 1 3552 5 41 7
991 0 1 3554 6638 74794 9957
992 0 3 3557 1116 11633 1674
993 0 3 3561 1 10 1
994 0 2 3565 1 9 1
995 0 1 3568 1 9 1
996 1 4 3571 13 107 19
997 0 5 3575 1 10 1
998 1 21 3579 511 2267 766
999 0 1 3584 42 372 63
1000 1 9 3587 2 6 3
1001 0 2 3592 12 98 18
1002 0 10 3595 47368 281274 71052
1003 1 29 3600 93 360 139
1004 1 3 3606 1 9 1
