0 1 1 5 1 12 1
1 0 1 6 1 9 1
2 1 4 8 1481 7094 2221
3 0 3 12 1 3 1
4 0 1 16 1 9 1
5 0 4 19 1 5 1
6 0 3 23 29 101 43
7 1 4 27 3 10 4
8 1 1 31 1 13 1
9 1 6 33 1 3 1
10 0 3 37 3 10 4
11 0 3 41 30 104 45
12 0 6 45 11 34 16
13 0 1 49 1 12 1
14 0 3 51 1 9 1
15 0 4 55 1 4 1
16 1 4 59 28 97 42
17 0 6 63 311 1329 466
18 0 2 67 4 33 6
19 1 1 70 225 2174 337
20 0 3 72 1 3 1
21 0 1 76 10 81 15
22 0 13 78 3 10 4
23 0 3 83 1 11 1
24 0 3 86 1 4 1
25 1 5 90 6 18 9
26 1 10 94 1 4 1
27 1 3 99 5 15 7
28 1 8 103 1 3 1
29 0 3 108 1 4 1
30 0 1 112 50 447 75
31 0 19 115 18 59 27
32 0 1 120 1 9 1
33 1 1 122 1 11 1
34 0 5 124 1 5 1
35 1 7 128 1 3 1
36 1 1 133 1 8 1
37 1 2 135 26 224 39
38 1 3 138 32 112 48
39 0 5 142 45 163 67
40 0 1 146 3 25 4
41 1 19 149 5 15 7
42 1 5 154 20 67 30
43 0 1 158 6 48 9
44 0 4 159 328210 2159296 492315
45 0 3 163 3 9 4
46 1 9 167 6 18 9
47 1 2 172 1 9 1
48 0 1 175 14 116 21
49 0 1 178 1810 19281 2715
50 0 20 181 113 444 169
51 1 4 186 1 4 1
52 0 1 190 1 12 1
53 1 3 192 279 1182 418
54 0 2 196 1 10 1
55 1 3 199 1 3 1
56 0 3 203 1 3 1
57 1 15 207 14 45 21
58 0 3 212 1 13 1
59 0 1 216 1 9 1
60 1 2 219 2 17 3
61 0 6 222 8 24 12
62 0 4 226 6 18 9
63 1 2 230 2 17 3
64 1 1 233 2 17 3
65 1 1 235 1 9 1
66 1 5 238 13 41 19
67 1 3 242 1 4 1
68 0 14 246 1 4 1
69 1 2 251 188242 2418892 282363
70 0 3 254 485 2144 727
71 1 3 258 1 3 1
72 1 22 262 1 4 1
73 0 3 267 8 64 12
74 1 3 271 76 289 114
75 0 22 275 17 55 25
76 0 1 280 8 64 12
77 1 11 282 251 1054 376
78 0 4 287 346 1490 519
79 1 10 291 1 4 1
80 1 17 296 6 18 9
81 1 8 301 1 5 1
82 0 2 306 7 56 10
83 1 8 309 1 5 1
84 0 3 314 223 928 334
85 0 2 318 13 108 19
86 1 1 321 2842 30882 4263
87 1 4 324 21 70 31
88 0 8 328 157 635 235
89 1 3 333 16 134 24
90 0 1 337 11 90 16
91 1 2 339 4 33 6
92 0 3 342 1 8 1
93 1 1 346 2 17 3
94 1 10 348 1 5 1
95 0 1 353 1 9 1
96 1 2 355 354 3497 531
97 1 5 358 3366 17040 5049
98 1 4 362 43 155 64
99 1 33 366 1 3 1
100 0 3 372 1 4 1
101 0 5 376 283 1200 424
102 0 2 380 1 12 1
103 1 21 383 7 21 10
104 1 3 388 1 4 1
105 1 6 392 3 10 4
106 0 1 396 75 685 112
107 1 2 398 1 9 1
108 1 1 401 1 11 1
109 0 2 404 247 2398 370
110 0 1 407 1 9 1
111 0 2 409 11 90 16
112 0 8 412 36 128 54
113 0 8 417 1 5 1
114 0 1 422 130 1222 195
115 1 11 425 1 5 1
116 1 1 430 843 8675 1264
117 1 10 433 2 7 3
118 1 8 438 18 59 27
119 1 6 443 1 5 1
120 1 4 447 1 3 1
121 0 3 451 8 24 12
122 0 2 455 1 9 1
123 1 2 458 96 888 144
124 0 16 461 21 70 31
125 0 5 466 1 5 1
126 1 2 470 40 353 60
127 0 8 473 1 4 1
128 1 1 478 4 33 6
129 0 1 479 413 4110 619
130 1 5 482 1 5 1
131 1 2 486 1 9 1
132 0 1 489 1 9 1
133 1 5 491 41 147 61
134 0 4 495 249 1045 373
135 1 3 499 284 2776 426
136 0 10 503 1473 7053 2209
137 1 4 508 2119 10402 3178
138 1 1 512 36 316 54
139 1 6 515 1 3 1
140 0 4 519 1 3 1
141 1 2 523 1 9 1
142 0 12 526 40912 240953 61368
143 1 2 531 10 81 15
144 0 2 534 1 11 1
145 0 6 537 1 5 1
146 1 2 541 1 9 1
147 1 5 544 2 6 3
148 0 1 548 3 25 4
149 0 4 551 5 15 7
150 0 32 555 3 10 4
151 1 5 561 5 15 7
152 1 11 565 1 4 1
153 1 7 570 2 7 3
154 0 3 575 354 3497 531
155 0 5 579 1 4 1
156 0 20 583 6 18 9
157 1 3 588 1304 13689 1956
158 0 6 592 4 12 6
159 0 2 596 4 33 6
160 0 2 599 5 40 7
161 0 6 602 1711 8278 2566
162 0 2 606 1 12 1
163 0 8 609 6316 33291 9474
164 1 3 614 1 6 1
165 1 1 618 330 3249 495
166 0 4 620 19 63 28
167 1 3 624 2 7 3
168 0 1 628 71 647 106
169 0 11 630 1 3 1
170 1 8 635 1 4 1
171 1 2 640 7 56 10
172 1 2 643 2 17 3
173 0 2 646 1 9 1
174 0 1 649 1 9 1
175 1 6 650 14 45 21
176 0 2 654 1 10 1
177 1 2 657 1 8 1
178 1 2 660 2 17 3
179 0 8 663 1 4 1
180 1 1 668 23 197 34
181 1 1 670 53 476 79
182 1 4 672 14 45 21
183 0 7 676 64 239 96
184 1 2 681 1 9 1
185 1 3 684 2015 21567 3022
186 1 2 688 1 10 1
187 1 21 691 8 24 12
188 0 3 696 584 2617 876
189 0 3 700 2 7 3
190 1 8 704 3 9 4
191 1 4 709 22819 129982 34228
192 1 16 713 3 9 4
193 0 4 718 53 195 79
194 0 17 722 9 27 13
195 0 4 727 1 4 1
196 0 7 731 213 883 319
197 1 3 735 45 163 67
198 0 76 739 1379 6573 2068
199 0 1 745 113 1055 169
200 0 1 747 1 10 1
201 0 5 750 4 12 6
202 0 3 754 29 100 43
203 1 1 758 1 9 1
204 1 9 761 224 932 336
205 1 7 766 1 4 1
206 0 2 770 15755 183964 23632
207 1 28 773 3 10 4
208 0 7 779 17 56 25
209 1 10 784 5 15 7
210 0 3 789 41 147 61
211 1 1 793 1 9 1
212 1 3 796 16285 90944 24427
213 1 3 800 28 242 42
214 1 4 804 3 10 4
215 0 2 808 2509 27115 3763
216 1 2 811 11 90 16
217 1 11 814 145046 915040 217569
218 1 7 819 1 4 1
219 0 10 824 17 56 25
220 1 1 829 24 206 36
221 0 7 832 6329 33363 9493
222 1 1 836 4 33 6
223 0 5 837 806067 5542933 1209100
224 0 10 841 1 4 1
225 0 3 846 140 1321 210
226 0 4 850 12 38 18
227 0 8 854 26 89 39
228 1 14 859 1 4 1
229 1 2 864 2 17 3
230 0 7 867 18439 103731 27658
231 1 4 872 6 18 9
232 1 4 876 1 4 1
233 0 8 880 2219 10927 3328
234 0 1 885 114 1065 171
235 0 1 887 6 48 9
236 0 2 890 11 90 16
237 1 1 893 3 25 4
238 0 2 895 9 73 13
239 1 1 898 1 11 1
240 0 4 900 4 12 6
241 1 2 904 5216 58177 7824
242 0 1 907 1 13 1
243 0 11 909 31 108 46
244 1 7 914 3 10 4
245 0 3 918 2 17 3
246 1 1 922 1 10 1
247 0 4 925 69 260 103
248 0 17 929 411 1794 616
249 1 1 934 1253909 17237343 1880863
250 0 15 937 1 4 1
251 0 6 942 97 376 145
252 1 3 946 2 7 3
253 1 2 950 1 11 1
254 0 31 953 3 9 4
255 1 1 959 2 17 3
256 1 4 961 19 63 28
257 1 1 965 367 3632 550
258 1 3 967 1 9 1
259 0 9 971 61 227 91
260 0 14 976 91 351 136
261 1 1 981 4420 48952 6630
262 1 1 984 2 17 3
263 0 2 987 80 734 120
264 1 1 990 13 107 19
265 0 2 993 387 3840 580
266 0 9 996 1 5 1
267 1 3 1001 1 3 1
268 0 2 1005 1 9 1
269 0 9 1008 43 155 64
270 1 2 1013 1 9 1
271 1 5 1016 3190 16092 4785
272 0 1 1020 41 362 61
273 1 5 1022 201 829 301
274 0 12 1026 2236 11016 3354
275 0 10 1031 1 3 1
276 1 1 1036 1 11 1
277 0 10 1039 1 4 1
278 0 9 1044 26 89 39
279 1 1 1049 163 1550 244
280 0 2 1051 3 25 4
281 0 3 1054 2 7 3
282 1 1 1058 300 2940 450
283 1 5 1060 3 9 4
284 0 2 1064 2 17 3
285 1 8 1067 108 423 162
286 1 2 1072 17 143 25
287 0 3 1075 3 25 4
288 1 3 1079 1 5 1
289 1 1 1083 1 9 1
290 0 3 1086 190 1821 285
291 1 2 1090 1 9 1
292 1 9 1093 1 3 1
293 1 2 1098 1 10 1
294 0 3 1101 1 10 1
295 0 2 1104 120 1124 180
296 1 3 1107 1 4 1
297 1 2 1111 2248 24178 3372
298 0 5 1114 17 56 25
299 0 2 1118 1 10 1
300 0 2 1121 607 6152 910
301 0 1 1124 4751 52781 7126
302 0 9 1126 1 4 1
303 0 4 1131 58 215 87
304 0 2 1135 2 17 3
305 0 3 1138 1 4 1
306 0 4 1142 4 13 6
307 0 2 1146 233 2256 349
308 1 11 1149 1 3 1
309 0 16 1154 352 1518 528
310 0 1 1159 1 10 1
311 0 3 1161 124 491 186
312 0 2 1165 8 64 12
313 0 13 1168 31 108 46
314 1 3 1173 2602 28165 3903
315 1 5 1177 185 758 277
316 0 3 1181 1 4 1
317 0 1 1185 1 10 1
318 1 3 1188 39 139 58
319 1 3 1192 1 11 1
320 1 15 1196 1 3 1
321 0 1 1201 9 73 13
322 0 6 1203 898 4153 1347
323 1 10 1207 74 280 111
324 1 5 1212 146 587 219
325 1 2 1216 45 400 67
326 0 1 1219 1 9 1
327 0 1 1221 1 9 1
328 0 3 1224 54243 665092 81364
329 0 2 1228 11 90 16
330 1 6 1231 1 4 1
331 0 2 1235 1 9 1
332 0 3 1238 20 67 30
333 0 5 1242 961 4466 1441
334 0 5 1246 1 3 1
335 0 11 1250 3 9 4
336 1 1 1255 1 10 1
337 1 18 1257 460571 3081770 690856
338 0 2 1262 37 325 55
339 0 1 1265 46 409 69
340 0 1 1267 1 9 1
341 1 1 1270 4478 49622 6717
342 1 7 1272 609 2738 913
343 0 2 1277 1 10 1
344 1 2 1280 9 73 13
345 1 2 1283 115 1074 172
346 1 5 1286 1 5 1
347 0 1 1290 1 9 1
348 1 2 1292 3 25 4
349 0 1 1295 1 9 1
350 0 5 1297 21 70 31
351 1 3 1301 4 12 6
352 1 7 1305 1 4 1
353 1 2 1310 5 41 7
354 1 4 1313 48 175 72
355 1 2 1317 5 40 7
356 1 2 1320 2 17 3
357 0 1 1323 11 90 16
358 0 2 1326 20811 245740 31216
359 0 4 1329 12 38 18
360 1 4 1333 53681 320985 80521
361 1 3 1337 1 3 1
362 1 1 1341 14320 166561 21480
363 0 9 1343 1 6 1
364 0 2 1348 1 9 1
365 0 1 1351 1 9 1
366 0 1 1353 13 107 19
367 0 1 1355 1 11 1
368 1 5 1357 1 5 1
369 0 10 1361 1 4 1
370 1 1 1366 1 10 1
371 1 3 1368 117471 732878 176206
372 1 5 1372 2826 14142 4239
373 0 1 1376 3051 33255 4576
374 0 1 1378 1 9 1
375 0 8 1381 1 4 1
376 0 4 1386 555276 3749840 832914
377 1 3 1390 908 4202 1362
378 0 2 1394 27 233 40
379 0 5 1397 1 4 1
380 0 4 1401 1 3 1
381 1 6 1405 7 21 10
382 0 6 1409 45 163 67
383 0 2 1413 30 261 45
384 0 4 1416 1 3 1
385 1 2 1420 1 11 1
386 0 2 1423 10 81 15
387 0 8 1426 288 1223 432
388 0 2 1431 60 542 90
389 1 2 1434 4 33 6
390 0 6 1437 37 131 55
391 1 2 1441 21 179 31
392 0 16 1444 1 5 1
393 1 1 1449 1 9 1
394 0 4 1451 3 10 4
395 0 8 1455 5 15 7
396 0 1 1460 121 1133 181
397 0 23 1462 59 219 88
398 1 3 1467 2 6 3
399 1 1 1471 2 17 3
400 1 5 1473 14 45 21
401 1 1 1477 2 17 3
402 0 1 1480 3 25 4
403 1 1 1481 21 179 31
404 0 6 1483 88 339 132
405 1 2 1487 1 8 1
406 1 3 1490 1493 15768 2239
407 1 1 1494 1 9 1
408 0 2 1495 1 9 1
409 1 2 1498 1 9 1
410 0 1 1501 8 64 12
411 1 7 1503 1 3 1
412 1 4 1508 8 24 12
413 1 5 1512 1 3 1
414 0 3 1516 1 12 1
415 1 4 1520 1 4 1
416 0 17 1524 1 5 1
417 0 2 1529 1 8 1
418 0 1 1532 2 17 3
419 1 2 1535 2 17 3
420 0 1 1538 1 10 1
421 1 2 1541 1 9 1
422 1 7 1544 8682 46676 13023
423 0 5 1548 1 4 1
424 0 2 1552 1 9 1
425 0 3 1555 633 6428 949
426 1 5 1559 1 4 1
427 1 4 1563 1 4 1
428 0 2 1567 7 56 10
429 0 1 1570 30 261 45
430 1 11 1573 27 93 40
431 1 4 1578 1 5 1
432 1 3 1582 471 2077 706
433 0 2 1586 22 188 33
434 0 1 1589 1 9 1
435 1 1 1592 11 90 16
436 0 3 1595 20453 115764 30679
437 0 2 1599 4 33 6
438 0 1 1602 12 99 18
439 0 1 1604 49 438 73
440 1 2 1607 1 9 1
441 0 4 1610 3 10 4
442 0 3 1614 5549 62054 8323
443 0 1 1617 1537 16254 2305
444 1 4 1619 5 15 7
445 1 3 1623 1 4 1
446 0 4 1627 1 4 1
447 0 11 1631 6 18 9
448 0 1 1636 1 11 1
449 1 5 1638 1 3 1
450 1 13 1642 1 4 1
451 0 3 1647 50 183 75
452 0 1 1651 3024 32948 4536
453 0 3 1653 1 3 1
454 0 17 1657 163 661 244
455 1 2 1662 419 4173 628
456 0 2 1665 174 1660 261
457 1 3 1668 3950 43537 5925
458 1 2 1672 1 9 1
459 0 3 1675 85 326 127
460 0 3 1679 260 2530 390
461 1 3 1683 11 34 16
462 0 11 1687 3819 19493 5728
463 0 7 1692 10 31 15
464 0 1 1696 28 243 42
465 0 1 1698 341 3363 511
466 0 7 1701 42 151 63
467 1 5 1706 99 385 148
468 1 1 1710 18 152 27
469 0 1 1711 18 152 27
470 1 3 1713 9 72 13
471 0 5 1717 118 466 177
472 1 1 1721 1 8 1
473 0 6 1723 1 4 1
474 1 4 1727 66 247 99
475 1 3 1731 83 318 124
476 1 3 1735 1 4 1
477 0 2 1739 1 8 1
478 1 2 1742 62 561 93
479 0 2 1745 8 64 12
480 0 1 1748 1 9 1
481 1 1 1750 1 12 1
482 1 4 1752 904 4182 1356
483 1 6 1756 1 4 1
484 1 2 1760 1 9 1
485 0 3 1763 4 33 6
486 0 2 1767 11 90 16
487 1 6 1770 1 4 1
488 0 19 1774 700 3179 1050
489 0 3 1779 56 504 84
490 1 1 1783 21 179 31
491 0 1 1786 11081 127543 16621
492 1 16 1789 1 4 1
493 0 18 1794 14 45 21
494 0 3 1799 14 45 21
495 1 5 1803 35 124 52
496 0 3 1807 39 344 58
497 0 1 1811 23 197 34
498 1 1 1813 2 17 3
499 1 4 1815 308 1315 462
500 0 1 1819 1 9 1
501 0 2 1821 1 10 1
502 0 1 1824 1 10 1
503 1 1 1826 2191 23538 3286
504 0 4 1827 106 415 159
505 1 3 1831 1 3 1
506 1 14 1835 17 56 25
507 1 5 1840 124 491 186
508 0 1 1844 92 850 138
509 0 2 1847 21 179 31
510 1 7 1850 1 5 1
511 0 7 1854 1564 7520 2346
512 0 1 1859 6 48 9
513 0 38 1861 1 3 1
514 1 2 1867 2 17 3
515 0 14 1870 6 18 9
516 1 1 1875 1 10 1
517 1 1 1878 1 9 1
518 0 6 1880 22 74 33
519 0 1 1884 1 9 1
520 0 1 1886 1 9 1
521 0 1 1888 1 10 1
522 1 1 1890 1 9 1
523 0 5 1893 1 4 1
524 1 16 1897 2 7 3
525 0 5 1902 2 6 3
526 1 8 1906 17 56 25
527 1 17 1911 1 4 1
528 1 2 1916 42 372 63
529 1 4 1919 25 85 37
530 1 5 1923 2 6 3
531 0 5 1927 3058 15383 4587
532 0 3 1931 1 9 1
533 1 18 1935 1 4 1
534 0 11 1940 11306 61772 16959
535 0 1 1945 2 17 3
536 1 3 1946 10 81 15
537 1 19 1950 63 235 94
538 0 4 1955 109 427 163
539 0 3 1959 1 5 1
540 1 6 1963 1 4 1
541 0 3 1967 1 4 1
542 0 8 1971 1 4 1
543 1 6 1976 1 5 1
544 1 5 1980 1 4 1
545 1 4 1984 3 10 4
546 0 2 1988 2 17 3
547 1 3 1991 23 78 34
548 0 4 1995 958 4451 1437
549 1 1 1999 87 801 130
550 0 4 2002 1 4 1
551 0 5 2006 1 4 1
552 1 3 2010 26 224 39
553 1 1 2014 8 64 12
554 0 2 2015 1 10 1
555 1 6 2018 1 3 1
556 0 8 2022 11 34 16
557 0 1 2027 579 5855 868
558 1 1 2029 695 7088 1042
559 0 2 2031 1 9 1
560 1 9 2034 3 10 4
561 0 7 2039 3698 18836 5547
562 0 15 2044 33 116 49
563 1 2 2049 2 17 3
564 1 2 2052 370 3663 555
565 0 3 2055 47 171 70
566 0 2 2059 483 4843 724
567 1 1 2062 1 9 1
568 1 1 2064 1 8 1
569 1 16 2067 278 1177 417
570 0 9 2072 56 207 84
571 0 1 2077 445 4445 667
572 1 9 2079 1 4 1
573 0 4 2084 1135 5337 1702
574 1 2 2088 1 11 1
575 1 2 2091 1 11 1
576 0 3 2094 1 4 1
577 1 11 2098 1 4 1
578 1 11 2103 102 398 153
579 0 3 2108 9 27 13
580 1 7 2112 68 256 102
581 0 1 2116 1 9 1
582 1 4 2118 1 3 1
583 0 3 2122 198 816 297
584 0 8 2126 1 5 1
585 1 2 2131 4 32 6
586 1 2 2134 10 81 15
587 1 4 2137 2 7 3
588 1 2 2141 277079 3611105 415618
589 1 1 2144 4 33 6
590 1 2 2147 13582 157637 20373
591 1 2 2150 9 73 13
592 0 6 2153 1 4 1
593 0 2 2157 2 17 3
594 1 1 2160 37 325 55
595 0 2 2162 1 10 1
596 0 1 2165 234 2265 351
597 1 3 2168 1 10 1
598 1 16 2172 82 314 123
599 1 9 2177 384 1667 576
600 1 2 2182 4 33 6
601 1 1 2185 82191 1023929 123286
602 1 2 2187 441 4403 661
603 0 1 2190 11 90 16
604 0 1 2193 1 11 1
605 0 1 2196 1 8 1
606 0 3 2199 23377 277326 35065
607 0 1 2203 13 108 19
608 1 4 2205 1192 5624 1788
609 1 6 2209 1 4 1
610 0 1 2213 91 840 136
611 1 1 2216 3199 34940 4798
612 0 8 2219 1 4 1
613 0 5 2224 1558 7489 2337
614 1 1 2228 1306 13711 1959
615 0 3 2230 48469 591715 72703
616 0 3 2234 1 4 1
617 0 3 2238 1 5 1
618 0 1 2242 171 1630 256
619 0 1 2245 1 11 1
620 1 6 2247 3 10 4
621 0 1 2251 1 11 1
622 0 2 2253 130 1222 195
623 1 4 2256 5 15 7
624 1 11 2260 1 4 1
625 1 3 2265 21 70 31
626 0 15 2269 117 462 175
627 1 1 2274 1 8 1
628 1 7 2276 1 3 1
629 1 1 2281 1990 21288 2985
630 0 3 2283 178251 2285911 267376
631 0 7 2287 3718 18944 5577
632 0 1 2291 1 10 1
633 1 2 2294 4590 50917 6885
634 1 3 2297 1 10 1
635 0 2 2301 1 11 1
636 0 7 2304 87 335 130
637 0 3 2308 1 9 1
638 1 2 2312 17 143 25
639 0 1 2315 1 9 1
640 0 1 2317 78 714 117
641 0 1 2319 9 73 13
642 1 1 2322 22 188 33
643 1 10 2324 5 15 7
644 0 4 2329 20 67 30
645 0 1 2333 1 9 1
646 0 8 2335 30 104 45
647 1 12 2340 1029 4805 1543
648 0 4 2345 80 305 120
649 0 5 2349 6 18 9
650 1 4 2353 2 6 3
651 1 2 2357 11 90 16
652 1 1 2360 2 17 3
653 0 10 2362 43 155 64
654 1 10 2367 19193 108228 28789
655 1 7 2372 2 7 3
656 1 1 2377 2 17 3
657 1 6 2380 1 4 1
658 1 2 2384 48 428 72
659 0 1 2387 1 9 1
660 0 1 2389 3 25 4
661 0 2 2391 1 10 1
662 1 4 2394 163 661 244
663 1 2 2398 1 9 1
664 0 3 2401 235 982 352
665 0 15 2405 18 59 27
666 0 1 2410 2651 28719 3976
667 1 1 2412 1 9 1
668 0 22 2414 196 807 294
669 0 3 2419 1 3 1
670 0 5 2423 4 12 6
671 1 4 2427 1 4 1
672 1 2 2431 1 8 1
673 0 10 2434 391 1700 586
674 0 4 2439 435 1907 652
675 1 5 2443 1 3 1
676 1 9 2447 493 2182 739
677 0 1 2452 1337 14051 2005
678 1 30 2454 7 21 10
679 1 5 2460 698 3169 1047
680 1 4 2464 60752 365755 91128
681 1 7 2468 1 5 1
682 1 8 2472 3 9 4
683 0 6 2477 115 453 172
684 0 2 2481 36 316 54
685 0 9 2484 2 7 3
686 1 1 2489 3 25 4
687 0 1 2491 25318 301307 37977
688 1 3 2494 1 4 1
689 1 1 2498 1 11 1
690 1 5 2501 5 15 7
691 0 6 2505 1 5 1
692 0 2 2509 8 64 12
693 0 3 2512 1585 7628 2377
694 1 2 2516 1 13 1
695 1 1 2519 8 64 12
696 1 2 2521 1 9 1
697 1 5 2524 326 1398 489
698 1 4 2528 35 123 52
699 0 4 2532 124 492 186
700 0 3 2536 1 4 1
701 1 4 2540 58 215 87
702 0 3 2544 1 3 1
703 0 1 2548 9 73 13
704 0 8 2549 1 3 1
705 0 3 2554 1 3 1
706 1 8 2558 1 3 1
707 0 1 2563 28 242 42
708 0 1 2566 1 9 1
709 0 1 2569 2 17 3
710 1 1 2571 3 25 4
711 1 2 2574 1 9 1
712 1 14 2577 13 41 19
713 1 1 2582 4 33 6
714 1 5 2583 50 183 75
715 1 5 2587 11 34 16
716 1 1 2591 10 81 15
717 0 11 2593 2 6 3
718 0 1 2598 3 25 4
719 0 2 2599 49 437 73
720 0 6 2602 1 4 1
721 1 4 2606 89 343 133
722 0 1 2610 14824 172665 22236
723 1 2 2612 22 188 33
724 1 11 2615 2 6 3
725 1 1 2620 41 363 61
726 0 3 2623 51 456 76
727 0 1 2627 17 143 25
728 1 1 2629 12 98 18
729 0 4 2632 1 4 1
730 1 3 2636 298 1269 447
731 0 1 2640 1 8 1
732 1 1 2643 1258 13184 1887
733 0 6 2646 1 6 1
734 1 6 2650 546 2435 819
735 0 21 2654 1 6 1
736 0 1 2659 10 81 15
737 1 2 2662 49 438 73
738 0 1 2665 34 297 51
739 0 4 2668 314 1342 471
740 1 4 2672 3 10 4
741 0 1 2676 29 252 43
742 0 2 2679 1 10 1
743 1 1 2682 1 10 1
744 0 4 2685 1 5 1
745 0 2 2689 289 2827 433
746 1 18 2692 8 24 12
747 0 6 2697 9 27 13
748 1 3 2701 1 5 1
749 0 3 2705 1 4 1
750 0 5 2709 1 4 1
751 0 4 2713 7 21 10
752 0 1 2717 1 10 1
753 1 3 2719 1 9 1
754 0 1 2723 486 4875 729
755 0 13 2725 25 85 37
756 1 2 2730 129 1213 193
757 0 7 2733 3 9 4
758 0 5 2737 26 89 39
759 0 1 2741 2 17 3
760 0 5 2744 101 393 151
761 1 3 2748 1248 5907 1872
762 0 37 2752 1 4 1
763 1 2 2758 2 17 3
764 0 2 2761 15 125 22
765 1 18 2764 5 15 7
766 1 2 2769 6 48 9
767 1 3 2772 33 116 49
768 0 2 2776 1076 11197 1614
769 0 3 2779 305 2992 457
770 1 7 2783 1 5 1
771 0 3 2787 3 10 4
772 1 2 2791 16500 193023 24750
773 1 7 2794 3970 20315 5955
774 0 20 2799 1 5 1
775 1 2 2804 23 197 34
776 1 53 2807 1 6 1
777 0 5 2813 1 3 1
778 1 1 2817 36690 443083 55035
779 0 4 2819 575 2574 862
780 0 2 2823 36279 437927 54418
781 0 5 2826 133 530 199
782 1 2 2830 10 81 15
783 0 1 2833 8017 91048 12025
784 0 3 2836 441 1935 661
785 1 2 2840 51 457 76
786 1 1 2843 5 41 7
787 0 3 2845 8590 97836 12885
788 0 5 2849 48 175 72
789 0 3 2853 1 3 1
790 0 2 2857 1 9 1
791 0 3 2860 1 9 1
792 1 1 2864 23 197 34
793 1 31 2866 1 4 1
794 0 2 2872 4 33 6
795 0 4 2875 1 3 1
796 0 2 2879 1 9 1
797 0 2 2882 2742 29748 4113
798 1 1 2885 2 17 3
799 1 7 2887 1 5 1
800 0 4 2892 1 4 1
801 1 2 2896 1 9 1
802 1 1 2899 73 666 109
803 0 1 2901 20 170 30
804 1 2 2904 541 5453 811
805 0 2 2907 452 4518 678
806 1 1 2910 1 10 1
807 1 1 2912 15 125 22
808 0 3 2914 18 59 27
809 0 4 2918 311 1328 466
810 1 2 2922 1 9 1
811 0 5 2925 6 18 9
812 1 3 2929 1 4 1
813 1 6 2933 310 1324 465
814 1 1 2937 1 10 1
815 1 1 2939 1 9 1
816 1 1 2942 5903 66185 8854
817 0 18 2943 1023 4775 1534
818 1 1 2948 321 3156 481
819 1 3 2950 1725 8350 2587
820 1 6 2954 9 27 13
821 0 2 2958 1 11 1
822 0 11 2961 19 63 28
823 1 6 2966 2 6 3
824 0 1 2970 18 152 27
825 1 5 2973 56 207 84
826 0 1 2977 1 12 1
827 0 2 2979 1 9 1
828 1 3 2982 1 4 1
829 1 1 2986 26 224 39
830 0 2 2989 531 5348 796
831 0 3 2992 5 41 7
832 0 4 2996 1 4 1
833 1 2 3000 117 1094 175
834 1 4 3003 115 453 172
835 0 4 3007 3 9 4
836 1 1 3011 38 335 57
837 0 6 3014 1 5 1
838 1 2 3018 1 12 1
839 0 9 3021 27 93 40
840 1 1 3026 3 25 4
841 0 2 3028 2 17 3
842 1 1 3031 541 5453 811
843 1 4 3033 2 6 3
844 0 2 3037 265 2581 397
845 1 9 3040 1 4 1
846 0 21 3045 3 9 4
847 0 9 3050 21 70 31
848 1 2 3055 1 10 1
849 0 1 3058 25 215 37
850 1 1 3061 1404 14787 2106
851 0 3 3063 50 183 75
852 0 23 3067 1 4 1
853 0 1 3072 112 1045 168
854 0 17 3075 27225 156671 40837
855 0 2 3080 128 1202 192
856 1 6 3083 1 5 1
857 1 1 3087 7987 90694 11980
858 1 2 3090 1 10 1
859 1 3 3093 30 104 45
860 0 3 3097 1 4 1
861 0 6 3101 1 4 1
862 0 2 3105 1 11 1
863 0 7 3108 160 648 240
864 0 3 3113 4 12 6
865 1 8 3117 1 4 1
866 1 16 3122 36 127 54
867 1 6 3127 1 5 1
868 1 7 3131 2 6 3
869 1 1 3135 161 1530 241
870 1 2 3137 106882 1344808 160323
871 1 6 3140 4 12 6
872 0 1 3144 1 9 1
873 1 2 3146 1 10 1
874 1 2 3149 13 107 19
875 1 4 3152 6 18 9
876 1 1 3156 3 25 4
877 1 5 3159 229 955 343
878 1 3 3163 1 4 1
879 1 7 3167 1141 5367 1711
880 1 4 3172 1 6 1
881 1 1 3176 8350 94991 12525
882 0 1 3179 1 9 1
883 1 4 3182 255 1073 382
884 1 2 3186 18 152 27
885 1 2 3189 516 5190 774
886 1 3 3192 35296 206152 52944
887 1 1 3196 94 869 141
888 0 1 3198 1 10 1
889 0 7 3200 1 5 1
890 0 2 3204 368 3642 552
891 0 3 3207 82 314 123
892 0 4 3211 1 3 1
893 0 1 3215 2 17 3
894 0 1 3217 1 9 1
895 0 7 3220 1516 7274 2274
896 1 49 3225 64 239 96
897 1 2 3231 1 10 1
898 0 7 3234 3 10 4
899 1 11 3239 1 3 1
900 0 3 3244 6 18 9
901 1 2 3248 1 9 1
902 0 3 3251 2 6 3
903 0 4 3255 3 10 4
904 1 3 3259 38 135 57
905 0 5 3263 2 6 3
906 0 6 3267 5 15 7
907 1 18 3271 767 3507 1150
908 0 3 3276 3418 37439 5127
909 0 1 3280 9 73 13
910 1 3 3283 5909 31015 8863
911 1 3 3287 1 12 1
912 1 5 3291 7 21 10
913 0 1 3295 1 11 1
914 1 2 3298 60947 750652 91420
915 0 1 3301 21 179 31
916 1 6 3303 3 10 4
917 0 2 3307 398 3954 597
918 0 14 3310 1 4 1
919 1 2 3315 1 11 1
920 1 7 3318 5 15 7
921 1 6 3323 1242 5877 1863
922 0 9 3327 1 4 1
923 1 2 3332 1 9 1
924 0 8 3335 16 52 24
925 0 5 3340 24 81 36
926 0 4 3344 3 9 4
927 1 11 3348 1 5 1
928 1 1 3353 1 9 1
929 1 9 3356 7 21 10
930 1 1 3361 4 33 6
931 0 2 3363 1 10 1
932 0 1 3366 1 10 1
933 1 12 3369 5 15 7
934 0 2 3374 24 206 36
935 1 19 3377 10 31 15
936 1 5 3382 2276 11227 3414
937 0 1 3386 68 618 102
938 1 6 3388 4701 24318 7051
939 1 2 3392 13 107 19
940 1 2 3395 6 48 9
941 1 3 3398 46 409 69
942 0 6 3402 1773 8599 2659
943 1 1 3406 991 10274 1486
944 1 1 3408 5 41 7
945 0 2 3410 1 9 1
946 0 3 3413 1 9 1
947 0 9 3416 52 191 78
948 0 1 3421 18 152 27
949 1 4 3424 81 309 121
950 0 3 3428 6 48 9
951 1 3 3432 9 27 13
952 0 2 3436 1 10 1
953 1 4 3439 1 4 1
954 1 2 3443 1 9 1
955 1 1 3446 833 8568 1249
956 1 2 3448 2541 27476 3811
957 1 1 3451 2 17 3
958 1 6 3454 1 3 1
959 0 1 3458 1 10 1
960 1 5 3460 223 928 334
961 1 4 3464 33 116 49
962 1 4 3468 65 243 97
963 0 2 3472 1 10 1
964 0 6 3475 224 932 336
965 1 12 3479 14 45 21
966 0 1 3484 28 242 42
967 0 7 3486 46195 273925 69292
968 1 2 3491 43296 526251 64944
969 0 1 3494 23 197 34
970 1 4 3496 2 7 3
971 1 3 3500 145604 918746 218406
972 1 10 3504 2 6 3
973 0 3 3509 1 11 1
974 0 6 3513 1 3 1
975 0 4 3517 3 10 4
976 0 1 3521 1 10 1
977 0 2 3524 1 10 1
978 1 1 3527 1 9 1
979 0 1 3529 293 2868 439
980 1 1 3532 23 197 34
981 0 4 3534 3 10 4
982 1 1 3538 2 17 3
983 0 8 3541 159071 1008380 238606
984 0 18 3546 17 56 25
985 1 19 3551 35624 208177 53436
986 0 2 3556 2 17 3
987 1 1 3559 87 801 130
988 0 7 3562 3899 19928 5848
989 0 4 3567 1 5 1
990 0 1 3571 1 9 1
991 1 5 3573 38 135 57
992 1 3 3577 1 3 1
993 1 1 3581 12 99 18
994 1 2 3583 31 270 46
995 0 2 3586 25 215 37
996 1 5 3589 890 4113 1335
997 1 3 3593 110 432 165
998 0 2 3597 46 410 69
999 1 2 3600 4 33 6
1000 1 12 3603 302 1287 453
1001 1 1 3608 1 10 1
