0 0 5 5 1 3 1
1 0 1 9 224 2164 336
2 1 4 12 3 9 4
3 1 10 16 1 4 1
4 0 5 20 1 5 1
5 1 3 24 9 73 13
6 0 5 28 1 4 1
7 0 2 32 253 2459 379
8 0 7 36 1 4 1
9 0 3 40 5 15 7
10 1 23 44 1 3 1
11 1 1 49 1 11 1
12 0 3 52 631 2844 946
13 1 5 56 12 38 18
14 1 1 60 6 48 9
15 0 5 63 237 991 355
16 0 1 67 119 1114 178
17 1 3 70 128 1203 192
18 0 3 74 276 1168 414
19 1 1 78 15601 182093 23401
20 0 1 81 1 8 1
21 0 1 84 6 48 9
22 1 2 87 1 8 1
23 0 2 91 910 9398 1365
24 0 19 95 1 4 1
25 1 3 100 1 4 1
26 0 4 104 8 24 12
27 0 1 108 25 215 37
28 1 6 111 3829 19547 5743
29 1 5 115 3 9 4
30 0 2 119 35 307 52
31 0 1 123 1 9 1
32 1 1 125 1 10 1
33 1 7 127 3 9 4
34 1 1 131 1 9 1
35 0 2 134 22 188 33
36 0 11 137 2 6 3
37 0 1 141 24 206 36
38 1 1 144 4 33 6
39 0 1 147 1 9 1
40 1 1 150 42 372 63
41 0 3 153 15 49 22
42 1 2 157 3 25 4
43 0 8 161 110 432 165
44 1 7 165 1 4 1
45 0 3 169 1 4 1
46 1 9 173 5258 27395 7887
47 0 2 177 192 1841 288
48 0 8 181 163 661 244
49 1 1 185 1 9 1
50 0 4 188 1 6 1
51 1 13 192 120 474 180
52 0 1 196 1108 11546 1662
53 0 2 199 1 11 1
54 1 4 202 3 9 4
55 1 1 206 1 9 1
56 0 4 209 289078 1889695 433617
57 0 4 213 1 6 1
58 0 2 217 37 325 55
59 1 2 220 13 107 19
60 1 2 224 3 25 4
61 0 6 227 13 41 19
62 1 21 231 84 322 126
63 1 9 236 33 116 49
64 1 1 240 1 9 1
65 1 26 243 1 3 1
66 0 4 248 30 104 45
67 1 3 252 1 9 1
68 1 2 256 320 3146 480
69 0 4 260 1 3 1
70 1 4 264 1 3 1
71 0 9 268 439 1926 658
72 0 12 272 1 4 1
73 0 1 276 1 8 1
74 1 3 279 13 107 19
75 1 3 283 4186 21493 6279
76 1 1 287 5 41 7
77 0 2 290 190 1821 285
78 1 8 294 1 5 1
79 0 8 298 1 4 1
80 1 10 302 1 6 1
81 0 1 306 2 17 3
82 0 1 309 1025 10643 1537
83 0 2 312 16749 196055 25123
84 1 6 315 624 2810 936
85 1 5 319 285002 1861710 427503
86 0 2 323 4 33 6
87 0 9 327 140 561 210
88 0 1 331 13 107 19
89 0 4 334 1 4 1
90 0 13 338 11777435 91445663 17666152
91 1 1 342 177 1690 265
92 0 5 345 1 4 1
93 0 1 349 4 33 6
94 1 6 352 1 3 1
95 0 4 356 1 4 1
96 0 3 360 1 9 1
97 1 1 364 1 10 1
98 1 15 367 7 21 10
99 1 37 371 1742 8438 2613
100 0 3 376 59226 356069 88839
101 1 1 380 3 25 4
102 0 5 383 1 4 1
103 1 3 387 39 139 58
104 1 4 391 37 132 55
105 0 3 395 16 52 24
106 1 1 399 553 5580 829
107 0 15 401 5409 28232 8113
108 0 2 405 1 10 1
109 0 2 409 1 10 1
110 1 3 413 2 17 3
111 1 2 417 1 10 1
112 0 4 421 1 4 1
113 1 1 425 44 391 66
114 0 14 428 228 950 342
115 0 1 432 1 9 1
116 1 2 435 10 81 15
117 0 9 439 27 93 40
118 1 3 443 1 8 1
119 1 3 447 196 1881 294
120 1 1 451 95 879 142
121 1 33 454 1 6 1
122 0 12 459 35 124 52
123 0 3 463 8 24 12
124 0 1 467 2 17 3
125 0 1 470 999 10361 1498
126 0 4 473 50 183 75
127 0 7 477 197 812 295
128 1 4 481 1 3 1
129 1 5 485 1 3 1
130 0 3 489 1 3 1
131 1 1 493 7 56 10
132 0 2 496 1337 14051 2005
133 0 3 500 22 74 33
134 1 8 504 56 207 84
135 0 2 508 5 40 7
136 1 1 512 5 40 7
137 1 2 515 92 850 138
138 0 1 518 1 11 1
139 0 1 521 1 9 1
140 0 2 524 1 11 1
141 1 2 528 1 10 1
142 0 2 532 7 56 10
143 1 1 535 25 215 37
144 0 4 538 1 4 1
145 0 4 542 1 6 1
146 1 3 546 407 1775 610
147 0 7 550 11 34 16
148 1 8 554 1 4 1
149 1 2 558 25154 299278 37731
150 0 1 561 11679 134716 17518
151 0 5 564 1 4 1
152 1 11 568 771 3526 1156
153 0 6 572 6625 35024 9937
154 1 2 576 88 811 132
155 0 1 580 4 33 6
156 0 5 583 1885 9180 2827
157 0 1 587 17 143 25
158 0 3 590 1 9 1
159 0 4 594 377 1635 565
160 0 1 598 84 772 126
161 1 3 600 16 134 24
162 1 4 604 5 15 7
163 0 1 608 1 10 1
164 1 2 611 5074 56527 7611
165 0 1 614 7 56 10
166 1 6 617 1339 6369 2008
167 1 7 621 2110 10355 3165
168 0 1 625 1 10 1
169 0 9 628 10 31 15
170 0 17 632 14 45 21
171 0 3 637 172 701 258
172 1 1 641 2 17 3
173 0 2 644 8377 95311 12565
174 0 1 648 81 743 121
175 0 3 651 1 4 1
176 1 3 655 1 4 1
177 1 1 659 981 10165 1471
178 0 1 662 1 9 1
179 1 1 665 1 10 1
180 0 5 667 1 5 1
181 1 3 671 1 4 1
182 1 4 675 1 5 1
183 1 4 679 1 5 1
184 0 2 683 9 72 13
185 1 1 687 2 17 3
186 1 3 689 1 4 1
187 1 1 693 1 9 1
188 0 3 695 164957 1047677 247435
189 0 3 699 1 4 1
190 0 1 703 1 9 1
191 0 3 706 4 33 6
192 1 3 710 1 5 1
193 0 2 714 8898 101493 13347
194 1 2 718 13 107 19
195 1 3 722 32 112 48
196 0 2 726 11 90 16
197 0 2 730 56 504 84
198 0 1 734 8 64 12
199 0 4 737 10 31 15
200 0 1 741 11 90 16
201 1 2 744 52 466 78
202 1 4 748 4 12 6
203 1 1 752 1 9 1
204 0 1 755 6 48 9
205 1 2 758 2740 29726 4110
206 0 1 762 1 9 1
207 1 10 765 1 5 1
208 0 3 769 1 4 1
209 1 9 773 1 4 1
210 0 1 777 1 9 1
211 0 10 780 1 5 1
212 1 1 784 4 33 6
213 1 3 787 124 491 186
214 0 2 791 4 33 6
215 1 2 795 1 11 1
216 1 1 799 2 17 3
217 1 1 802 2 17 3
218 1 9 805 4 12 6
219 1 3 809 15 125 22
220 1 2 813 583 5897 874
221 1 1 817 1 9 1
222 1 3 820 256 1077 384
223 1 2 824 79 724 118
224 0 1 827 2 17 3
225 0 14 830 2 6 3
226 1 2 834 10 81 15
227 0 7 837 41 147 61
228 0 4 841 155 626 232
229 1 2 845 825 8481 1237
230 1 4 849 1 5 1
231 1 6 853 17 56 25
232 1 4 857 1 3 1
233 1 3 861 4 12 6
234 0 4 865 1447 6920 2170
235 0 4 869 63 235 94
236 1 2 873 335 3301 502
237 1 22 877 268 1131 402
238 1 5 882 1 3 1
239 1 4 886 1 4 1
240 1 2 890 152 1440 228
241 1 3 894 792 3629 1188
242 0 11 898 2 6 3
243 0 3 902 1 4 1
244 0 3 906 1 3 1
245 1 2 910 87 801 130
246 0 2 914 2782 30202 4173
247 1 1 918 72 656 108
248 1 2 921 2 17 3
249 0 1 925 31 270 46
250 1 2 928 80 734 120
251 0 1 931 4 33 6
252 0 14 934 1 4 1
253 0 14 938 11 34 16
254 0 2 942 1 9 1
255 1 1 946 78 714 117
256 0 4 949 7 21 10
257 1 12 953 100 389 150
258 0 3 957 2 6 3
259 1 1 961 1 9 1
260 0 3 964 1 3 1
261 1 4 968 1 4 1
262 1 5 972 1 3 1
263 1 4 976 1 4 1
264 1 3 980 1 3 1
265 0 4 984 1 6 1
266 0 3 988 1 5 1
267 1 1 992 1 9 1
268 0 3 995 4 12 6
269 0 5 999 23 78 34
270 1 36 1003 3285 16603 4927
271 0 6 1008 250 1050 375
272 1 7 1012 1 4 1
273 1 7 1016 5 15 7
274 1 7 1020 19 63 28
275 1 1 1024 1 8 1
276 1 1 1027 110 1026 165
277 1 4 1030 1 3 1
278 1 1 1034 48 428 72
279 0 2 1037 1 9 1
280 1 7 1040 5 15 7
281 1 7 1044 1 5 1
282 1 2 1048 261 2541 391
283 1 1 1052 1 12 1
284 1 1 1055 4731 52549 7096
285 0 1 1058 1 9 1
286 1 2 1061 2 17 3
287 1 2 1065 1 10 1
288 0 5 1068 72 272 108
289 0 3 1072 902 9311 1353
290 0 1 1076 5 40 7
291 1 12 1079 1 4 1
292 0 14 1083 23359 133239 35038
293 1 4 1087 4 13 6
294 0 6 1091 43 155 64
295 1 1 1095 242 2347 363
296 0 1 1098 44 390 66
297 1 2 1101 1304773 17961105 1957159
298 1 2 1105 1 9 1
299 0 2 1108 9 72 13
300 1 19 1111 158 639 237
301 1 6 1116 36 127 54
302 0 4 1120 42 151 63
303 1 6 1124 1 4 1
304 0 10 1128 380 1648 570
305 0 1 1132 1 9 1
306 0 2 1135 107 996 160
307 1 1 1139 10994 126500 16491
308 1 4 1142 1 4 1
309 1 9 1146 27 93 40
310 1 6 1150 927 4297 1390
311 1 1 1154 1 9 1
312 0 2 1157 62417 769461 93625
313 0 2 1160 1 9 1
314 1 1 1164 119 1114 178
315 0 1 1167 158 1500 237
316 1 8 1169 35 124 52
317 0 1 1173 1139 11884 1708
318 0 1 1176 4 33 6
319 1 18 1179 69332 420444 103998
320 1 11 1184 1 4 1
321 0 1 1188 14 116 21
322 1 1 1191 142 1341 213
323 0 4 1194 1 4 1
324 0 1 1198 18666 219451 27999
325 0 1 1201 1 12 1
326 1 10 1204 15 48 22
327 0 3 1208 193 1851 289
328 1 7 1212 1 4 1
329 0 2 1216 23650 280694 35475
330 1 3 1219 93 359 139
331 1 1 1223 435 4340 652
332 0 1 1226 3 25 4
333 0 1 1229 929 9603 1393
334 0 4 1232 1 4 1
335 0 9 1236 13 41 19
336 1 5 1240 242 1013 363
337 0 6 1244 2 7 3
338 0 4 1248 268 1132 402
339 1 7 1252 1 4 1
340 0 3 1256 1 4 1
341 1 3 1260 15274 84974 22911
342 0 4 1264 1156 5443 1734
343 1 3 1268 1 4 1
344 1 5 1272 67 252 100
345 1 1 1276 1 9 1
346 1 2 1279 1 9 1
347 0 2 1282 49 438 73
348 1 9 1286 494 2186 741
349 0 3 1290 1 4 1
350 0 8 1294 163 661 244
351 1 10 1298 57562 345522 86343
352 0 2 1302 3 25 4
353 0 11 1305 141602 892187 212403
354 1 1 1309 3 25 4
355 1 6 1312 122 483 183
356 1 1 1316 7 56 10
357 0 1 1318 203 1952 304
358 1 2 1321 1 9 1
359 0 8 1325 145980 921243 218970
360 0 3 1329 1216 5745 1824
361 1 5 1333 8998 48482 13497
362 0 2 1337 1 10 1
363 0 4 1341 2 7 3
364 0 15 1345 119 470 178
365 1 5 1349 1 4 1
366 0 2 1353 1 9 1
367 0 4 1357 1 4 1
368 1 4 1361 5 15 7
369 0 7 1365 1 4 1
370 1 2 1369 144 1361 216
371 1 1 1373 4 33 6
372 0 3 1376 4 12 6
373 1 10 1380 9 27 13
374 1 2 1384 7308 82676 10962
375 0 3 1387 2 7 3
376 0 2 1391 9 72 13
377 1 1 1395 1 9 1
378 0 3 1398 1 11 1
379 1 2 1402 3 25 4
380 1 15 1406 1 4 1
381 1 3 1410 21 179 31
382 1 1 1414 112 1045 168
383 0 11 1417 6 18 9
384 0 1 1421 1 10 1
385 1 2 1424 3 25 4
386 1 2 1427 1034 10740 1551
387 1 7 1431 193 794 289
388 1 1 1435 24 206 36
389 1 5 1438 37 131 55
390 0 2 1442 24 206 36
391 0 2 1446 6 48 9
392 1 9 1449 20975 118893 31462
393 0 2 1453 38 334 57
394 1 1 1457 1 10 1
395 1 4 1460 1 4 1
396 1 1 1464 1 11 1
397 0 29 1467 1 5 1
398 0 2 1472 7 56 10
399 0 3 1476 1 4 1
400 1 2 1480 1 11 1
401 1 1 1483 33 288 49
402 1 2 1486 3 25 4
403 1 1 1490 1 12 1
404 0 1 1493 10927 125698 16390
405 1 1 1496 2 17 3
406 1 11 1499 143 574 214
407 1 10 1503 3231 16313 4846
408 1 3 1507 76 289 114
409 1 2 1511 3 25 4
410 1 7 1515 129 513 193
411 0 2 1519 2 17 3
412 1 2 1523 334 3290 501
413 0 6 1526 4 12 6
414 0 3 1530 1 9 1
415 0 3 1534 1 5 1
416 0 3 1538 37 131 55
417 0 78 1542 1 5 1
418 0 1 1547 128490 1627875 192735
419 1 1 1550 126 1183 189
420 1 2 1553 70 637 105
421 0 1 1557 32829 394730 49243
422 0 3 1560 47 171 70
423 0 2 1564 28726 343582 43089
424 1 2 1568 867 8933 1300
425 0 1 1571 861 8869 1291
426 0 3 1574 1 3 1
427 0 1 1578 9 73 13
428 1 16 1581 399 1738 598
429 0 6 1585 37 131 55
430 1 10 1589 71 268 106
431 1 2 1593 8 64 12
432 1 1 1597 4 33 6
433 1 4 1600 1 4 1
434 1 2 1604 267 2602 400
435 0 5 1607 1 3 1
436 0 3 1611 4 13 6
437 0 2 1615 3 25 4
438 1 2 1619 2 17 3
439 1 4 1623 1 5 1
440 1 2 1627 642 6524 963
441 1 7 1631 43 155 64
442 1 8 1635 2 6 3
443 1 2 1639 401 3985 601
444 0 1 1642 19 161 28
445 1 5 1645 1 5 1
446 1 1 1649 2 17 3
447 1 1 1652 14 116 21
448 1 2 1655 1 9 1
449 0 5 1658 2 7 3
450 0 3 1662 1 10 1
451 0 2 1666 1 10 1
452 1 3 1670 414 1808 621
453 1 2 1674 2 17 3
454 0 4 1678 1 3 1
455 1 1 1682 1 11 1
456 0 20 1685 59 219 88
457 1 5 1690 1 4 1
458 1 1 1694 1 9 1
459 1 12 1697 1 4 1
460 0 3 1701 35 124 52
461 1 1 1705 1 10 1
462 0 3 1708 1 4 1
463 0 2 1712 1 11 1
464 0 2 1716 1 9 1
465 1 2 1720 1 13 1
466 0 6 1724 1 4 1
467 0 3 1728 1 4 1
468 0 7 1732 1 4 1
469 1 14 1736 1 5 1
470 0 2 1740 2 17 3
471 1 5 1744 1 3 1
472 1 2 1748 1 9 1
473 0 22 1752 1 3 1
474 0 5 1757 10 31 15
475 1 5 1761 361 1560 541
476 0 3 1765 158 639 237
477 0 9 1769 44 159 66
478 0 1 1773 10 81 15
479 0 4 1776 1 5 1
480 1 6 1780 1 3 1
481 1 19 1784 29 100 43
482 0 16 1789 6 18 9
483 0 2 1793 684678 9216229 1027017
484 0 2 1796 1 11 1
485 0 3 1799 2 7 3
486 0 3 1803 1 8 1
487 0 17 1807 2754 13758 4131
488 0 5 1812 79983 488818 119974
489 0 3 1816 1084 5080 1626
490 1 1 1820 10 81 15
491 1 20 1823 9 27 13
492 1 9 1828 658 2975 987
493 0 2 1832 1 9 1
494 1 1 1836 4 33 6
495 1 3 1839 3 9 4
496 1 8 1843 1 5 1
497 0 3 1847 36 128 54
498 1 2 1851 352 3477 528
499 1 2 1854 1 9 1
500 1 1 1858 5 40 7
501 0 5 1861 3372 17072 5058
502 1 1 1865 115 1075 172
503 1 6 1868 356 1537 534
504 0 1 1872 325 3198 487
505 1 1 1875 1 10 1
506 0 1 1878 70 637 105
507 1 1 1881 1 9 1
508 1 1 1884 2 17 3
509 1 3 1886 31 108 46
510 1 2 1890 61 551 91
511 0 3 1893 540 5443 810
512 0 4 1897 114 449 171
513 1 4 1901 1 4 1
514 0 3 1905 427648 2850974 641472
515 1 3 1909 120875 755258 181312
516 0 3 1913 44 159 66
517 1 12 1917 1 4 1
518 1 5 1921 306 1306 459
519 1 2 1925 706 7206 1059
520 0 3 1929 1 4 1
521 1 4 1933 6 18 9
522 0 2 1937 12 99 18
523 1 3 1940 2 7 3
524 0 2 1944 799 8202 1198
525 1 2 1948 37 325 55
526 0 1 1951 8 64 12
527 0 4 1954 9337 50423 14005
528 0 1 1958 1 9 1
529 0 1 1961 62 561 93
530 0 1 1964 1 8 1
531 0 4 1967 1 3 1
532 0 1 1971 1 8 1
533 1 3 1974 1 4 1
534 1 4 1978 777 3556 1165
535 1 5 1982 13139 72441 19708
536 0 2 1986 1 9 1
537 1 6 1990 1 4 1
538 0 2 1994 9186 104916 13779
539 1 3 1998 1 11 1
540 0 3 2002 24 206 36
541 0 2 2006 1 9 1
542 0 8 2010 1 5 1
543 0 8 2014 1 3 1
544 0 3 2018 1216 12725 1824
545 0 2 2022 1 9 1
546 0 1 2026 1 10 1
547 0 4 2028 1 5 1
548 0 2 2032 1 9 1
549 0 2 2036 1 9 1
550 1 31 2040 617 2776 925
551 0 2 2045 2 17 3
552 1 19 2049 10 31 15
553 1 1 2054 1 9 1
554 0 5 2057 1 5 1
555 0 15 2061 1 5 1
556 1 16 2065 69 260 103
557 0 2 2069 19 161 28
558 1 1 2073 8890 101397 13335
559 1 2 2076 261 2541 391
560 0 1 2080 1 10 1
561 0 3 2083 65 589 97
562 0 4 2087 1 4 1
563 0 11 2091 1 4 1
564 1 19 2095 2 6 3
565 0 2 2100 823 8460 1234
566 1 24 2103 1 3 1
567 1 6 2108 1 3 1
568 1 1 2112 402 3996 603
569 1 4 2115 278 1177 417
570 1 1 2119 34267 412715 51400
571 0 1 2122 1 11 1
572 1 7 2125 1998 9769 2997
573 0 8 2129 882 4073 1323
574 1 1 2133 111 1035 166
575 1 11 2136 3 9 4
576 0 1 2140 1 10 1
577 1 1 2143 140 1321 210
578 1 3 2146 2 6 3
579 1 5 2150 3 10 4
580 1 7 2154 8 24 12
581 1 1 2158 1 12 1
582 0 1 2161 358 3539 537
583 0 1 2164 100 927 150
584 0 1 2167 8 64 12
585 0 2 2170 1 9 1
586 0 4 2174 618 2781 927
587 0 1 2178 4 33 6
588 0 3 2181 1 8 1
589 0 6 2185 37 131 55
590 1 12 2189 24 82 36
591 1 2 2193 3 25 4
592 1 8 2196 2 6 3
593 1 4 2200 38 135 57
594 1 4 2204 28 97 42
595 1 5 2208 248 1041 372
596 1 1 2212 1 12 1
597 0 4 2215 2 6 3
598 1 3 2219 3 9 4
599 0 4 2223 19 63 28
600 0 2 2227 1 10 1
601 1 6 2231 136 543 204
602 0 5 2235 7 21 10
603 1 7 2239 1 4 1
604 0 2 2243 1 10 1
605 0 6 2247 36 127 54
606 0 3 2251 1 4 1
607 0 4 2255 2698 13460 4047
608 0 3 2259 1 4 1
609 0 3 2263 1 5 1
610 1 5 2267 13 41 19
611 0 4 2271 129 513 193
612 1 6 2275 17 56 25
613 1 14 2279 3 10 4
614 1 5 2283 6 18 9
615 0 15 2287 6 18 9
616 0 4 2291 1 6 1
617 1 4 2295 1 7 1
618 0 4 2299 41 147 61
619 0 36 2303 4 12 6
620 0 5 2308 1379 6573 2068
621 1 10 2312 43 155 64
622 1 6 2316 1 6 1
623 1 4 2320 3 10 4
624 1 6 2324 1 3 1
625 0 20 2328 1 4 1
626 1 3 2333 3 25 4
627 1 1 2337 34 298 51
628 1 2 2340 430 4288 645
629 1 1 2343 1 10 1
630 1 1 2346 2 17 3
631 1 2 2349 1 12 1
632 0 3 2352 2 17 3
633 0 5 2356 1 5 1
634 1 9 2360 1 4 1
635 0 2 2364 1 9 1
636 1 3 2367 3 10 4
637 1 2 2371 229567 2971466 344350
638 0 4 2375 54959 329055 82438
639 1 3 2379 96 372 144
640 0 3 2383 8 24 12
641 0 1 2387 1418 14942 2127
642 1 2 2390 6 48 9
643 0 2 2394 5 41 7
644 1 1 2398 3 25 4
645 1 2 2401 790804 10698660 1186206
646 0 1 2404 1 8 1
647 0 4 2407 5 15 7
648 1 6 2411 2 7 3
649 0 11 2415 2 7 3
650 1 5 2419 9 27 13
651 1 2 2423 1 10 1
652 0 1 2427 2 17 3
653 1 5 2430 258 1086 387
654 1 3 2434 123 487 184
655 0 1 2438 1 10 1
656 0 2 2441 12 99 18
657 1 1 2444 1 11 1
658 1 2 2447 1 9 1
659 0 5 2451 4 12 6
660 0 2 2455 1 8 1
661 1 7 2458 25738 147635 38607
662 1 1 2462 1 9 1
663 1 1 2465 216 2083 324
664 1 7 2468 1656 7994 2484
665 0 1 2472 83 763 124
666 1 2 2475 2 17 3
667 1 1 2479 14759 171878 22138
668 0 2 2482 1 10 1
669 1 6 2485 1 4 1
670 0 1 2489 2 17 3
671 0 1 2492 4 33 6
672 0 1 2495 1 9 1
673 1 7 2498 1 4 1
674 0 2 2502 2 17 3
675 0 40 2506 1 3 1
676 0 3 2511 82 753 123
677 0 3 2515 1 9 1
678 0 2 2519 3 25 4
679 1 7 2523 1 5 1
680 0 2 2527 1 9 1
681 0 2 2530 1 9 1
682 0 1 2533 9 73 13
683 1 2 2536 1 9 1
684 0 8 2539 1 5 1
685 1 3 2543 1 6 1
686 0 2 2547 1 11 1
687 1 15 2551 1 5 1
688 0 11 2555 8711 46842 13066
689 0 1 2559 1 9 1
690 1 1 2561 1317 13831 1975
691 0 2 2564 1 10 1
692 1 3 2568 1 9 1
693 0 2 2572 96 889 144
694 1 7 2575 16 52 24
695 1 1 2579 1 12 1
696 0 5 2582 28 97 42
697 1 8 2586 1 3 1
698 0 7 2590 7 21 10
699 1 1 2594 3 25 4
700 0 20 2597 1 3 1
701 1 9 2602 1236 5847 1854
702 0 4 2606 1 4 1
703 1 8 2610 141348 890502 212022
704 1 2 2614 325 3197 487
705 0 2 2618 4 33 6
706 0 4 2622 30 104 45
707 0 5 2626 1 7 1
708 1 9 2630 1 4 1
709 0 1 2634 764 7826 1146
710 0 2 2637 1 10 1
711 1 3 2641 2 7 3
712 1 2 2645 1 9 1
713 0 10 2648 1 5 1
714 1 4 2652 10 31 15
715 1 3 2656 1 5 1
716 1 17 2660 1 4 1
717 0 10 2665 25 85 37
718 0 1 2669 1 10 1
719 0 4 2672 1 4 1
720 0 4 2676 9 27 13
721 1 4 2680 3 10 4
722 0 7 2684 1 4 1
723 1 5 2688 316 1352 474
724 1 1 2692 2 17 3
725 1 4 2695 1 6 1
726 0 3 2699 264 2571 396
727 1 12 2703 1 6 1
728 0 3 2707 142 569 213
729 0 3 2711 1 4 1
730 0 1 2715 17 143 25
731 1 2 2718 45830 558284 68745
732 1 2 2722 4 33 6
733 1 2 2726 6554 73809 9831
734 0 6 2730 3 10 4
735 1 2 2734 3 25 4
736 0 4 2738 31 108 46
737 1 6 2742 1 4 1
738 0 4 2746 19 63 28
739 1 30 2750 2 6 3
740 1 3 2755 16 52 24
741 1 1 2759 1 12 1
742 1 11 2762 1 3 1
743 1 1 2766 4 33 6
744 0 7 2769 1 5 1
745 0 6 2773 120 474 180
746 0 2 2777 37 325 55
747 1 2 2780 1 9 1
748 1 2 2783 13 107 19
749 1 3 2787 1546 7428 2319
750 0 2 2791 29550 353832 44325
751 0 2 2795 76 695 114
752 1 1 2799 3 25 4
753 0 4 2802 82 314 123
754 1 5 2806 363 1569 544
755 0 2 2810 15444 180187 23166
756 1 55 2814 122 483 183
757 0 3 2819 1665 8041 2497
758 1 9 2823 1 4 1
759 0 6 2827 303 1292 454
760 0 3 2831 1 10 1
761 0 4 2835 2 7 3
762 1 9 2839 1 5 1
763 1 9 2843 1 4 1
764 1 1 2847 1 9 1
765 1 2 2850 11 90 16
766 0 3 2853 4 33 6
767 1 13 2857 2925 14671 4387
768 1 1 2861 4 33 6
769 1 3 2864 8 24 12
770 1 15 2868 32 112 48
771 1 1 2872 12804 148250 19206
772 1 8 2875 1 6 1
773 0 1 2879 237 2296 355
774 0 1 2882 3 25 4
775 1 5 2885 1 4 1
776 1 6 2889 2 7 3
777 1 1 2893 83 763 124
778 0 2 2896 1 11 1
779 0 1 2900 1 9 1
780 1 4 2903 1 4 1
781 1 3 2907 1 3 1
782 1 6 2911 3024 15201 4536
783 1 1 2915 1514 16000 2271
784 0 6 2918 320 1370 480
785 1 2 2922 9 72 13
786 1 2 2926 18 152 27
787 1 20 2929 2324 11480 3486
788 1 3 2934 1401 14754 2101
789 0 9 2938 102 398 153
790 0 6 2942 911 4217 1366
791 0 2 2946 46 409 69
792 1 4 2950 2 6 3
793 0 2 2954 147 1391 220
794 0 3 2957 3 10 4
795 1 4 2961 2204 10848 3306
796 1 2 2965 1 9 1
797 0 1 2969 1 9 1
798 0 1 2972 13 107 19
799 1 8 2975 15 48 22
800 1 9 2979 25 85 37
801 0 1 2983 3 25 4
802 1 14 2986 15 49 22
803 1 5 2990 1807 8775 2710
804 1 7 2994 1 3 1
805 1 1 2998 3698 40644 5547
806 1 3 3001 1 4 1
807 0 3 3005 1802 8749 2703
808 1 1 3009 8 64 12
809 0 4 3012 165 670 247
810 1 1 3016 1 11 1
811 1 2 3019 67 609 100
812 0 4 3023 2 6 3
813 0 3 3027 11 34 16
814 0 9 3031 644 2907 966
815 0 1 3035 63 570 94
816 0 4 3038 1 4 1
817 0 5 3042 50 183 75
818 1 2 3046 20486 241750 30729
819 1 27 3050 2 6 3
820 0 6 3055 421 1841 631
821 0 1 3059 1771 18847 2656
822 1 2 3062 994 10307 1491
823 0 5 3065 1318 6263 1977
824 1 3 3069 1 3 1
825 1 4 3073 1123 5276 1684
826 0 3 3077 9 27 13
827 1 5 3081 1 4 1
828 1 1 3085 1 9 1
829 1 8 3088 13 41 19
830 0 5 3092 126118 789791 189177
831 1 5 3096 38 135 57
832 0 3 3100 6 18 9
833 1 2 3104 20 170 30
834 0 2 3108 67 609 100
835 1 3 3112 5 41 7
836 1 3 3116 1 9 1
837 1 1 3120 896 9246 1344
838 1 5 3123 10 31 15
839 1 14 3127 1 4 1
840 1 3 3131 2 7 3
841 1 2 3135 1 11 1
842 1 17 3139 1 3 1
843 1 4 3144 14 45 21
844 0 7 3148 1 3 1
845 1 7 3152 1 3 1
846 1 14 3156 19 63 28
847 1 9 3160 336 1444 504
848 1 3 3164 12 99 18
849 1 7 3168 155 626 232
850 1 4 3172 1 4 1
851 1 1 3176 169 1610 253
852 0 2 3179 1 9 1
853 0 6 3182 3 9 4
854 1 3 3186 14706 171235 22059
855 1 5 3190 578 2588 867
856 0 12 3194 2417 11971 3625
857 0 3 3198 167346 1063647 251019
858 0 3 3202 111 436 166
859 1 2 3206 2652 28730 3978
860 0 5 3210 9 27 13
861 0 1 3214 1 8 1
862 1 1 3217 1 9 1
863 0 2 3220 3154 34427 4731
864 1 3 3224 77 293 115
865 0 2 3228 1178 12309 1767
866 0 27 3231 238 996 357
867 0 2 3236 1 9 1
868 1 2 3239 1575 16674 2362
869 1 1 3242 15 125 22
870 0 4 3244 1 3 1
871 0 4 3248 18 59 27
872 0 15 3252 1858 9040 2787
873 0 4 3256 21 70 31
874 1 6 3260 8992 48447 13488
875 0 5 3264 266 1122 399
876 1 6 3268 3716 18934 5574
877 1 9 3272 63 235 94
878 0 2 3276 9 72 13
879 1 7 3279 92 355 138
880 1 3 3283 1 4 1
881 1 5 3287 3 9 4
882 0 6 3291 1 4 1
883 1 5 3295 2 7 3
884 0 3 3299 100 928 150
885 1 10 3303 2 7 3
886 1 3 3307 3 9 4
887 1 3 3311 4196 21548 6294
888 1 3 3315 2 7 3
889 1 3 3319 12 38 18
890 0 2 3323 380 3767 570
891 1 3 3326 103 402 154
892 1 2 3330 4 33 6
893 1 4 3334 34 120 51
894 1 6 3338 2 7 3
895 1 2 3342 1340 14084 2010
896 1 3 3345 3541 38846 5311
897 1 4 3349 1 3 1
898 0 1 3353 217 2093 325
899 1 1 3355 1 9 1
900 1 1 3358 3 25 4
901 0 9 3361 17 56 25
902 1 3 3365 495 4969 742
903 0 34 3369 342 1472 513
904 0 4 3374 1 3 1
905 1 1 3378 1 11 1
906 1 3 3381 104 406 156
907 0 2 3385 1 9 1
908 0 11 3389 96 372 144
909 1 9 3393 1 5 1
910 1 4 3397 31 108 46
911 0 41 3401 1 4 1
912 0 1 3406 1 9 1
913 1 3 3409 211 874 316
914 0 3 3413 3903 42997 5854
915 0 3 3417 1 3 1
916 1 4 3421 1 4 1
917 1 2 3425 3 25 4
918 0 6 3428 30 104 45
919 0 3 3432 1 4 1
920 0 3 3436 4057 20789 6085
921 1 4 3440 183 749 274
922 1 3 3444 382 3788 573
923 1 5 3448 1 3 1
924 0 10 3452 3 10 4
925 1 1 3456 26 224 39
926 1 8 3458 13529 74722 20293
927 1 2 3462 2 17 3
928 1 5 3466 23 78 34
929 1 4 3470 43 155 64
930 1 1 3474 2 17 3
931 0 11 3477 1 5 1
932 0 2 3481 44349 539554 66523
933 0 21 3485 6 18 9
934 0 5 3490 12 38 18
935 0 2 3494 3 25 4
936 0 3 3497 328 1407 492
937 1 4 3501 72 272 108
938 0 3 3505 1 9 1
939 1 4 3509 4 12 6
940 1 2 3513 4 33 6
941 0 6 3516 3912 19999 5868
942 0 3 3520 728 7441 1092
943 0 2 3524 6 48 9
944 1 3 3528 1 5 1
945 0 2 3532 25 215 37
946 0 9 3535 1 3 1
947 1 6 3539 1 4 1
948 0 2 3543 1 9 1
949 1 7 3547 1 4 1
950 0 1 3551 1 9 1
951 1 8 3554 228 950 342
952 0 3 3558 1 9 1
953 0 4 3562 152 613 228
954 0 15 3566 513 2277 769
955 0 4 3570 1 3 1
956 1 5 3574 1 4 1
957 1 2 3578 3 25 4
958 0 2 3582 1 10 1
959 1 8 3586 22 74 33
960 0 1 3590 1 8 1
961 0 16 3593 4 12 6
962 0 3 3597 1 9 1
963 0 1 3601 1 9 1
964 0 2 3604 5 41 7
965 0 2 3608 15 125 22
