0 1 1 5 26 224 39
1 0 2 13 13 107 19
2 1 5 25 1 5 1
3 0 3 42 8 64 12
4 0 6 56 1 4 1
5 1 2 73 110 1026 165
6 1 5 85 1 4 1
7 0 2 102 312 3064 468
8 0 2 115 69 628 103
9 1 6 128 1 4 1
10 1 4 146 2 7 3
11 1 1 162 258 2510 387
12 0 5 172 1 3 1
13 0 1 189 288 2817 432
14 1 1 200 1 9 1
15 1 1 210 5 40 7
16 1 11 220 20 67 30
17 0 3 239 3 9 4
18 0 1 254 513 5158 769
19 1 14 263 1 3 1
20 0 1 283 1 9 1
21 1 7 293 2 6 3
22 1 1 311 1 13 1
23 1 4 322 1 4 1
24 0 9 338 107 419 160
25 1 4 357 1 4 1
26 1 3 373 25 85 37
27 1 3 388 226 941 339
28 1 2 403 1 12 1
29 1 6 415 8074 43213 12111
30 1 2 433 115 1074 172
31 1 1 446 6 48 9
32 0 3 456 7 21 10
33 0 3 471 8 64 12
34 0 1 485 30 261 45
35 0 3 493 1 3 1
36 1 1 508 24 206 36
37 0 14 518 5 15 7
38 0 5 538 1 5 1
39 0 1 555 25 215 37
40 1 2 563 7 56 10
41 0 9 575 24 81 36
42 0 1 594 162 1540 243
43 1 7 603 1 3 1
44 1 1 621 3 25 4
45 0 4 628 4 13 6
46 0 6 644 279596 1824624 419394
47 0 2 661 1 9 1
48 0 3 675 1 4 1
49 1 1 690 45383 552628 68074
50 0 1 696 1134 11829 1701
51 1 5 707 21736 123463 32604
52 0 8 724 7878 42100 11817
53 0 7 743 687 3116 1030
54 0 2 761 201 1932 301
55 0 3 775 2550 12674 3825
56 1 3 790 1 4 1
57 1 2 805 1 8 1
58 0 2 818 213 2053 319
59 1 2 832 1 9 1
60 1 2 845 1 9 1
61 0 2 858 178 1700 267
62 1 2 871 1 9 1
63 0 2 884 1 8 1
64 0 7 896 1 6 1
65 0 4 914 1 3 1
66 1 1 930 1703 18092 2554
67 1 5 941 1 3 1
68 1 5 958 29 101 43
69 1 1 975 1 11 1
70 0 7 986 1 3 1
71 0 4 1004 1 4 1
72 1 4 1020 1 5 1
73 1 3 1036 8 24 12
74 0 1 1051 14701 171175 22051
75 0 4 1062 74 280 111
76 0 3 1077 12927 149732 19390
77 1 5 1091 1 3 1
78 1 5 1108 32 112 48
79 0 6 1125 1 5 1
80 1 5 1142 54 199 81
81 0 3 1159 2388 25752 3582
82 0 2 1173 1 10 1
83 0 2 1185 95 879 142
84 1 2 1199 5 40 7
85 0 3 1211 1 5 1
86 0 3 1226 4 33 6
87 1 4 1240 19 63 28
88 1 2 1256 6 48 9
89 0 1 1269 367 3632 550
90 0 6 1280 1 4 1
91 0 2 1297 1019 10578 1528
92 0 3 1310 8 24 12
93 1 6 1325 36 128 54
94 1 6 1342 3 10 4
95 0 1 1359 844 8686 1266
96 0 3 1368 1 3 1
97 0 1 1383 1 11 1
98 1 4 1392 710 3228 1065
99 1 2 1408 330 3249 495
100 1 2 1420 9 72 13
101 0 1 1433 1 11 1
102 0 2 1437 1911 20406 2866
103 0 1 1451 2 17 3
104 0 3 1457 1 3 1
105 1 1 1472 1 10 1
106 0 3 1482 58 215 87
107 0 4 1497 1 4 1
108 1 6 1513 1 3 1
109 0 19 1530 1091 5115 1636
110 0 2 1551 19 161 28
111 0 2 1563 80 733 120
112 0 18 1575 76 289 114
113 1 1 1596 14 116 21
114 1 3 1606 48 428 72
115 1 5 1620 59 219 88
116 1 1 1637 1 10 1
117 1 3 1648 1767 8568 2650
118 1 4 1663 484 2139 726
119 0 6 1679 1 4 1
120 1 2 1697 441 4403 661
121 0 7 1709 5 15 7
122 1 4 1727 1 4 1
123 0 2 1743 58 523 87
124 1 5 1755 10 31 15
125 0 1 1771 1 10 1
126 1 2 1778 1 10 1
127 1 1 1791 464 4643 696
128 0 1 1800 23 197 34
129 1 4 1805 1 4 1
130 0 1 1821 6 48 9
131 0 2 1829 13 107 19
132 1 1 1842 33 288 49
133 1 1 1853 1 9 1
134 0 4 1864 728 3316 1092
135 0 2 1880 846 8708 1269
136 0 1 1893 9 73 13
137 1 9 1898 174 710 261
138 1 2 1917 1157 12080 1735
139 0 5 1930 29 100 43
140 0 1 1946 2 17 3
141 1 3 1955 1 4 1
142 0 7 1970 1 4 1
143 0 2 1988 18 152 27
144 0 1 2000 201 1931 301
145 1 1 2008 115 1074 172
146 0 3 2016 1 10 1
147 1 7 2030 1091 5116 1636
148 1 5 2048 1 4 1
149 0 2 2064 1 9 1
150 0 2 2077 3 25 4
151 0 7 2091 1 3 1
152 1 5 2109 1 5 1
153 0 1 2125 4786 53186 7179
154 0 10 2133 2 6 3
155 1 1 2152 11 90 16
156 0 2 2161 113 1055 169
157 1 8 2174 9 27 13
158 0 1 2192 1 9 1
159 0 1 2199 1 9 1
160 0 2 2210 78 714 117
161 1 2 2223 1 9 1
162 1 3 2235 11 90 16
163 1 1 2249 8 64 12
164 1 1 2258 4 33 6
165 1 2 2269 3898 42939 5847
166 1 5 2283 26337 151272 39505
167 1 8 2299 1 5 1
168 1 9 2318 6008 31568 9012
169 1 2 2337 31 270 46
170 0 1 2350 29 252 43
171 1 2 2361 166 1580 249
172 1 4 2373 454 1997 681
173 1 2 2389 65 589 97
174 0 6 2401 1 4 1
175 0 6 2418 4615 23845 6922
176 1 1 2435 3 25 4
177 0 1 2442 1 9 1
178 1 5 2450 10 31 15
179 1 10 2467 3 10 4
180 0 4 2486 13628 75302 20442
181 1 2 2501 20 170 30
182 1 16 2514 6 18 9
183 0 2 2535 219 2113 328
184 0 1 2548 97 898 145
185 0 3 2556 1 10 1
186 0 6 2570 29 101 43
187 1 5 2587 1 3 1
188 0 1 2604 3 25 4
189 1 7 2615 7 21 10
190 1 1 2633 146 1381 219
191 0 2 2639 6 48 9
192 0 3 2652 1 4 1
193 1 1 2667 697 7110 1045
194 1 2 2678 78 714 117
195 1 3 2692 1 5 1
196 0 2 2707 2 17 3
197 1 2 2719 632 6418 948
198 1 2 2733 1 13 1
199 1 1 2746 1 12 1
200 1 1 2756 212 2043 318
201 0 2 2767 14 116 21
202 1 4 2780 337 1449 505
203 1 2 2796 288 2817 432
204 1 3 2809 1 5 1
205 0 9 2824 19 63 28
206 1 1 2843 38 334 57
207 0 6 2852 2 7 3
208 0 2 2869 40 353 60
209 0 18 2882 9406 50818 14109
210 1 2 2903 1 10 1
211 0 3 2915 183 1750 274
212 0 3 2929 10 31 15
213 1 1 2944 12 98 18
214 0 1 2953 95 879 142
215 0 10 2958 3 10 4
216 0 2 2977 2 17 3
217 0 6 2990 1 5 1
218 0 2 3008 1 10 1
219 1 9 3020 1 4 1
220 1 9 3039 1 3 1
221 0 35 3058 392 1705 588
222 1 32 3081 19 63 28
223 0 3 3104 70 264 105
224 0 1 3119 1 10 1
225 0 3 3127 443 1945 664
226 1 4 3142 3 9 4
227 1 2 3158 49920 610125 74880
228 1 2 3171 18 152 27
229 0 5 3184 3 9 4
230 0 4 3201 3 10 4
231 1 1 3216 41 362 61
232 1 3 3226 1 3 1
233 0 3 3241 77 293 115
234 0 1 3256 1 9 1
235 1 2 3265 4 33 6
236 0 2 3279 1 11 1
237 1 2 3291 1 9 1
238 0 5 3303 746 3404 1119
239 1 3 3320 2 17 3
240 1 1 3334 9 72 13
241 1 7 3345 1 3 1
242 0 2 3363 1 11 1
243 0 2 3377 2 17 3
244 0 5 3389 2 7 3
245 1 2 3406 4 33 6
246 1 10 3419 9 27 13
247 0 35 3438 3 10 4
248 0 4 3461 1 4 1
249 1 1 3477 1 9 1
250 1 1 3483 6 48 9
251 0 1 3494 2 17 3
252 1 1 3503 1 10 1
253 1 4 3512 4 12 6
254 1 3 3528 1 3 1
255 1 5 3543 323 1384 484
256 1 5 3560 5834 30597 8751
257 1 4 3577 1 4 1
258 0 4 3593 1 4 1
259 1 1 3609 4 33 6
