0 0 5 5 4 33 6
1 1 1 9 22 188 33
2 1 8 11 1 4 1
3 1 3 16 3 25 4
4 0 1 20 70 637 105
5 0 1 22 1 13 1
6 0 3 25 1 9 1
7 1 3 29 18 152 27
8 1 1 33 9 72 13
9 1 1 35 1 12 1
10 1 10 37 15 48 22
11 1 2 42 161 1530 241
12 1 3 45 4 32 6
13 1 4 49 1 10 1
14 0 2 53 4 33 6
15 1 1 56 292 2858 438
16 1 3 58 4 33 6
17 0 7 62 18 59 27
18 1 3 66 3 25 4
19 0 1 70 1 9 1
20 0 6 72 1 9 1
21 1 1 76 2 17 3
22 1 24 78 36187 211654 54280
23 0 6 83 1 4 1
24 1 4 87 217 2093 325
25 0 11 91 69 260 103
26 0 9 96 96 372 144
27 1 5 101 28 243 42
28 1 2 105 1 10 1
29 1 3 108 1 10 1
30 1 1 112 170 1620 255
31 1 2 115 15286 178269 22929
32 0 1 118 185 1770 277
33 0 2 120 1 11 1
34 0 4 123 5986 67155 8979
35 0 4 127 1 10 1
36 0 2 131 96 889 144
37 1 2 134 646 6566 969
38 1 44 137 5 15 7
39 0 1 143 59 532 88
40 0 2 146 1 11 1
41 0 4 149 52 466 78
42 1 2 153 2107 22596 3160
43 1 4 156 1 9 1
44 0 2 160 6 48 9
45 0 1 163 1 9 1
46 0 3 166 1 9 1
47 1 1 170 1 9 1
48 0 5 172 1 11 1
49 1 2 176 1 10 1
50 0 1 179 1 11 1
51 0 4 182 5 40 7
52 0 3 186 317 3115 475
53 0 16 190 30 104 45
54 0 5 195 31 270 46
55 1 6 199 9 72 13
56 1 4 203 6 48 9
57 0 3 207 217 2093 325
58 0 5 211 3 25 4
59 1 3 215 5 41 7
60 1 1 219 146057 1859289 219085
61 0 2 221 2727 29579 4090
62 1 1 224 79 724 118
63 1 2 226 78 714 117
64 1 3 229 2 17 3
65 1 1 233 34 298 51
66 1 16 235 53 195 79
67 1 4 240 1 11 1
68 0 2 244 4 33 6
69 1 3 247 6189 69530 9283
70 0 1 251 1 10 1
71 0 1 254 1 11 1
72 1 7 257 703 3194 1054
73 0 1 261 1227 12845 1840
74 1 2 264 1298 13623 1947
75 0 5 267 12 99 18
76 0 3 271 1 9 1
77 1 2 275 7 56 10
78 1 16 278 2 6 3
79 0 1 283 1 11 1
80 1 18 285 3 9 4
81 0 10 290 21 70 31
82 0 65 295 4 13 6
83 1 5 301 6 48 9
84 1 3 305 1989 21277 2983
85 1 4 309 41 362 61
86 0 2 313 726 7420 1089
87 1 2 316 2403 25921 3604
88 1 1 319 1 9 1
89 0 3 322 531 5348 796
90 1 18 326 1 4 1
91 1 3 331 17 143 25
92 0 3 335 1 10 1
93 1 5 339 4138 45700 6207
94 1 6 343 1 11 1
95 1 1 347 365 3611 547
96 0 2 349 56 504 84
97 1 29 352 53509 319900 80263
98 1 20 358 1 5 1
99 1 4 363 229 2215 343
100 1 1 367 3 25 4
101 0 2 370 1 9 1
102 0 2 373 4 33 6
103 0 2 376 4 33 6
104 0 5 379 5 40 7
105 1 1 383 15 125 22
106 0 17 386 1 4 1
107 0 26 391 2 6 3
108 0 1 396 2 17 3
109 0 1 397 4 32 6
110 0 10 399 1 4 1
111 1 2 404 38 334 57
112 0 4 407 1 9 1
113 1 2 411 1 9 1
114 0 1 414 1 12 1
115 0 1 416 7 56 10
116 0 19 419 400 1742 600
117 0 12 424 1 5 1
118 0 4 429 66 599 99
119 0 2 433 812 8342 1218
120 1 3 436 4 33 6
121 1 2 440 14 116 21
122 1 4 443 8335 94813 12502
123 0 2 447 1 9 1
124 1 4 450 1 9 1
125 1 10 454 1 4 1
126 1 6 459 2021 21634 3031
127 0 10 463 1 4 1
128 0 5 468 37 325 55
129 1 1 472 2099 22507 3148
130 1 7 474 31 108 46
131 0 3 478 1557 16475 2335
132 0 16 482 111613 694441 167419
133 0 4 487 51 456 76
134 0 8 491 861 3970 1291
135 1 2 496 1 9 1
136 1 5 499 10376 119105 15564
137 1 6 503 415 4131 622
138 1 4 507 1 9 1
139 1 3 511 1 8 1
140 1 2 515 67 608 100
141 0 4 518 1 12 1
142 1 2 522 1 8 1
143 0 1 525 34 297 51
144 0 8 528 22 74 33
145 0 1 533 2 17 3
146 1 2 536 22 188 33
147 0 3 539 19 161 28
148 1 4 543 3765 41412 5647
149 1 7 547 96 372 144
150 0 2 551 1 9 1
151 1 4 554 1 9 1
152 0 2 558 25 215 37
153 0 1 561 13 107 19
154 1 2 564 2 17 3
155 1 1 567 232 2245 348
156 0 2 570 54 485 81
157 0 3 573 1 9 1
158 1 2 577 497 4990 745
159 1 4 580 94 869 141
160 0 2 584 1 10 1
161 1 2 587 1 10 1
162 0 8 590 19 63 28
163 1 5 595 66 599 99
164 0 3 599 15 125 22
165 1 4 603 9 72 13
166 0 8 607 1 4 1
167 1 1 612 1 9 1
168 0 1 615 1 12 1
169 0 9 618 59 219 88
170 0 17 623 268 1132 402
171 1 2 628 1 11 1
172 1 1 631 1 9 1
173 1 1 634 55167 676863 82750
174 1 2 637 36 316 54
175 1 2 640 20 170 30
176 1 4 643 58 523 87
177 0 7 647 25 85 37
178 1 1 651 2 17 3
179 1 2 653 1 9 1
180 0 4 656 2 17 3
181 1 1 660 1 13 1
182 0 2 662 75 685 112
183 0 7 665 2012 9842 3018
184 0 1 670 24 206 36
185 0 2 673 1 9 1
186 0 4 676 1 9 1
187 0 4 680 34 298 51
188 0 2 684 2 17 3
189 1 1 687 1 9 1
190 1 1 689 1 10 1
191 1 2 691 2 17 3
192 1 7 694 34 120 51
193 0 5 699 1 11 1
194 0 4 703 20 169 30
195 1 3 707 1 9 1
196 0 2 711 33 288 49
197 0 4 714 4 33 6
198 0 3 718 20 170 30
199 0 2 722 18 152 27
200 1 1 725 143 1351 214
201 1 2 727 13 108 19
202 1 1 730 2 17 3
203 0 2 732 1 9 1
204 1 5 735 4 33 6
205 1 10 739 32087 186396 48130
206 1 3 744 2122 22764 3183
207 1 3 748 55 494 82
208 0 10 752 1 5 1
209 0 9 757 26541 152511 39811
210 1 2 762 1 14 1
211 1 1 765 8 64 12
212 0 2 768 1 9 1
213 1 9 771 56 207 84
214 0 26 776 1 6 1
215 1 1 781 1 10 1
216 1 8 784 1 4 1
217 0 1 789 1 10 1
218 1 6 792 21 179 31
219 0 8 796 1 4 1
220 0 9 801 1 4 1
221 0 1 806 1232 12900 1848
222 1 48 808 16 52 24
223 1 2 814 2 17 3
224 0 23 817 14 45 21
225 1 1 822 337 3322 505
226 1 7 825 2 7 3
227 0 3 829 10 81 15
228 1 3 833 9 72 13
229 1 5 837 5 40 7
230 1 2 841 15600 182081 23400
231 1 11 844 1 4 1
232 0 1 849 560 5654 840
233 1 4 851 18 152 27
234 0 1 855 5 40 7
235 1 1 857 169 1610 253
236 0 1 860 7202 81427 10803
237 0 2 862 4 33 6
238 1 6 865 1 9 1
239 1 8 869 1 4 1
240 1 3 874 3 25 4
241 0 2 878 771 7901 1156
242 1 2 881 1735 18448 2602
243 0 1 884 1 12 1
244 0 1 886 2 17 3
245 0 2 889 4079 45021 6118
246 1 3 892 5 40 7
247 0 2 896 16671 195105 25006
248 0 3 899 833 8568 1249
249 0 3 903 1 9 1
250 0 7 907 1 3 1
251 0 2 912 1 10 1
252 0 3 915 24 206 36
253 1 3 919 119 1114 178
254 0 2 923 1 9 1
255 0 23 926 4 12 6
256 0 4 931 25 215 37
257 1 5 935 29 252 43
258 1 2 939 3 25 4
259 1 8 942 2 6 3
260 0 11 947 145 582 217
261 1 8 952 6 18 9
262 0 4 957 145 1371 217
263 1 2 961 1 10 1
264 0 37 964 2 6 3
265 1 1 970 15 125 22
266 0 2 972 1 9 1
267 0 12 975 7 21 10
268 0 2 980 5372 59992 8058
269 1 1 983 1 9 1
270 1 18 985 18 59 27
271 0 2 990 6 48 9
272 0 1 993 229 2215 343
273 1 10 996 1 4 1
274 0 2 1001 69 628 103
275 0 3 1004 2896 31494 4344
276 0 12 1008 1 4 1
277 1 1 1013 1 8 1
278 1 1 1015 6 48 9
279 0 2 1017 1 10 1
280 1 3 1020 2092 22429 3138
281 1 1 1024 2 17 3
282 0 2 1026 4 33 6
283 0 3 1029 26 224 39
284 1 5 1033 313 3074 469
285 0 6 1037 1497 15813 2245
286 1 11 1041 1 6 1
287 1 8 1046 4879 25299 7318
288 0 3 1051 14 116 21
289 0 1 1055 201 1932 301
290 1 2 1058 95 879 142
291 0 1 1061 1 10 1
292 1 3 1062 6712 75663 10068
293 1 3 1065 1 9 1
294 0 3 1069 1 9 1
295 1 2 1073 923 9538 1384
296 0 3 1076 1 10 1
297 0 2 1080 1 11 1
298 0 12 1083 1 4 1
299 1 8 1088 105 410 157
300 1 2 1093 569 5750 853
301 0 4 1096 115607 1458879 173410
302 0 4 1100 1 12 1
303 0 7 1104 370 1602 555
304 1 2 1108 1 9 1
305 0 1 1111 16 134 24
306 1 14 1113 1 4 1
307 1 4 1118 1 11 1
308 1 1 1122 590 5972 885
309 0 1 1125 3575 39235 5362
310 1 6 1128 1 14 1
311 0 10 1132 1 4 1
312 1 1 1137 5 40 7
313 1 3 1139 82 753 123
314 1 1 1143 3 25 4
315 1 1 1145 16 134 24
316 1 2 1148 1 9 1
317 1 6 1151 10 81 15
318 0 12 1155 3233 16323 4849
319 1 2 1160 4 33 6
320 1 5 1163 2 17 3
321 0 1 1167 13 107 19
322 1 10 1168 1 5 1
323 1 3 1173 1 11 1
324 0 2 1177 1 10 1
325 1 4 1180 1 9 1
326 0 1 1184 7 56 10
327 0 22 1186 3184 16060 4776
328 1 1 1191 5 40 7
329 1 4 1193 1 11 1
330 0 1 1197 999 10361 1498
331 0 5 1200 1 9 1
332 0 2 1204 311 3053 466
333 1 2 1207 1 10 1
334 1 20 1210 39 139 58
335 0 2 1215 1 12 1
336 1 6 1218 234 2265 351
337 1 14 1222 1 4 1
338 0 8 1227 3 10 4
339 1 5 1232 1 10 1
340 0 3 1236 155 1471 232
341 0 8 1240 1 4 1
342 1 1 1245 66 599 99
343 1 3 1248 1 10 1
344 1 4 1252 27 233 40
345 1 1 1256 1 8 1
346 1 7 1258 31 108 46
347 0 1 1262 21 179 31
348 1 55 1263 45 163 67
349 1 5 1269 4 33 6
350 1 2 1273 283 2766 424
351 0 2 1276 1 11 1
352 0 3 1279 1 10 1
353 0 3 1283 1 11 1
354 0 2 1287 18 152 27
355 0 1 1290 2 17 3
356 1 2 1292 4 33 6
357 0 6 1295 1 8 1
358 1 2 1299 1 9 1
359 1 3 1302 68 618 102
360 0 4 1306 12 99 18
361 0 1 1310 1 9 1
362 1 3 1313 270 2633 405
363 0 4 1317 5 40 7
364 1 6 1321 2 17 3
365 0 2 1325 6 48 9
366 0 3 1328 29 251 43
367 0 2 1332 3 25 4
368 1 4 1335 38 335 57
369 0 2 1339 8 64 12
370 1 11 1342 55 203 82
371 1 2 1347 9 73 13
372 0 3 1350 927 9581 1390
373 0 4 1354 1 11 1
374 0 2 1358 1 9 1
375 1 2 1361 1 9 1
376 1 5 1364 10795 124117 16192
377 0 1 1368 788 8084 1182
378 1 8 1370 1 5 1
379 0 1 1375 8 64 12
380 1 3 1377 18 152 27
381 1 3 1381 21 179 31
382 1 3 1385 3934 43353 5901
383 0 1 1389 16 134 24
384 0 22 1391 12 38 18
385 1 1 1396 1 10 1
386 0 8 1399 1 5 1
387 0 1 1404 1 12 1
388 0 10 1407 1 4 1
389 0 3 1412 1 12 1
390 1 1 1416 51 456 76
391 1 3 1419 1 8 1
392 1 10 1423 5 15 7
393 0 1 1428 1 12 1
394 0 8 1431 1 3 1
395 0 1 1436 4 33 6
396 0 13 1438 34 120 51
397 1 2 1443 1 13 1
398 1 3 1446 1 10 1
399 1 3 1450 224 2164 336
400 1 2 1454 44 391 66
401 0 14 1457 11832 64824 17748
402 1 5 1462 42104 511206 63156
403 0 5 1466 17 143 25
404 1 3 1470 1 9 1
405 1 1 1474 1 10 1
406 1 3 1477 16 134 24
407 1 5 1481 1 10 1
408 0 1 1485 1 9 1
409 0 4 1488 1 10 1
410 0 2 1492 11489 132435 17233
411 0 5 1495 11 90 16
412 0 3 1499 5 41 7
413 0 4 1503 1 10 1
414 0 1 1507 5 40 7
415 1 5 1510 99 918 148
416 0 1 1514 7 56 10
417 1 1 1516 52 466 78
418 0 3 1519 12 99 18
419 1 6 1523 445 1954 667
420 1 2 1527 1 9 1
421 0 6 1530 7428 84091 11142
422 1 2 1534 5 40 7
423 1 6 1537 2 17 3
424 1 21 1541 1 3 1
425 0 1 1546 14 116 21
426 0 2 1549 2 17 3
427 1 9 1552 1 8 1
428 0 1 1557 2 17 3
429 1 1 1559 1 11 1
430 1 1 1562 1 9 1
431 1 4 1564 2 17 3
432 0 5 1568 29 251 43
433 1 1 1572 1 9 1
434 1 2 1574 2 17 3
435 0 4 1577 1 11 1
436 0 3 1581 1 11 1
437 0 4 1585 1644 17438 2466
438 0 2 1589 1611 17072 2416
439 1 10 1592 1 4 1
440 0 4 1597 1 8 1
441 1 14 1601 1237 5852 1855
442 1 9 1606 1 5 1
443 1 1 1611 44095 536344 66142
444 0 8 1613 802 3679 1203
445 1 1 1618 145 1371 217
446 1 7 1620 13 41 19
447 1 2 1624 67 609 100
448 0 2 1627 5 40 7
449 1 14 1630 8 24 12
450 1 1 1635 1 10 1
451 0 3 1637 1 10 1
452 0 23 1641 1 3 1
453 0 3 1646 1 10 1
454 0 1 1650 48 428 72
455 0 6 1652 1 11 1
456 1 1 1656 1 9 1
457 0 3 1658 1 11 1
458 0 1 1662 8294 94327 12441
459 0 2 1664 8 64 12
460 1 2 1667 6 48 9
461 1 4 1670 64 580 96
462 0 6 1674 41 363 61
463 1 5 1678 22 188 33
464 1 2 1682 2 17 3
465 1 2 1685 2 17 3
466 0 4 1688 2 17 3
467 0 3 1692 17907 210176 26860
468 1 1 1696 1 10 1
469 1 1 1699 5 40 7
470 1 1 1701 3421 37473 5131
471 0 3 1704 1 9 1
472 1 3 1708 20966 247644 31449
473 1 7 1712 2022 9895 3033
474 1 3 1717 54 485 81
475 0 3 1721 95 879 142
476 0 3 1725 1 11 1
477 0 3 1729 61 551 91
478 0 1 1733 1 10 1
479 1 6 1736 1 5 1
480 0 3 1740 1 10 1
481 0 4 1744 1 9 1
482 1 1 1748 1 10 1
483 0 20 1750 1 3 1
484 1 1 1755 1 10 1
485 1 2 1757 1 10 1
486 1 7 1760 7917 42322 11875
487 0 21 1764 3 9 4
488 1 15 1769 3 10 4
489 1 4 1774 13 107 19
490 1 44 1778 1 3 1
491 0 1 1784 1 9 1
492 0 3 1785 4 33 6
493 0 3 1789 9372 107129 14058
494 1 5 1793 1 9 1
495 0 2 1797 58205 715613 87307
496 0 2 1800 1 8 1
497 1 2 1803 1 10 1
498 1 2 1806 9 72 13
499 1 3 1809 15 125 22
500 0 1 1813 14 116 21
501 1 1 1815 272 2653 408
502 1 4 1817 7 56 10
503 0 6 1821 123 487 184
504 0 2 1825 84 772 126
505 1 7 1828 1 4 1
506 0 4 1832 3 25 4
507 0 6 1836 1 10 1
508 1 2 1840 12 99 18
509 0 3 1843 1097 11426 1645
510 0 3 1847 2 17 3
511 0 9 1851 1 4 1
512 0 3 1856 1 9 1
513 1 1 1860 1026 10654 1539
514 0 3 1862 3 25 4
515 1 1 1866 1 10 1
516 1 2 1868 1 10 1
517 0 1 1871 1 10 1
518 0 3 1873 186 1780 279
519 1 2 1877 3130 34154 4695
520 0 1 1880 36 316 54
521 1 1 1882 510 5127 765
522 0 4 1884 25 215 37
523 1 18 1888 15 48 22
524 0 13 1893 1 3 1
525 1 2 1898 8 64 12
526 1 3 1901 639 6492 958
527 0 3 1905 1 11 1
528 0 3 1909 1 9 1
529 0 5 1913 1 9 1
530 1 8 1917 1 4 1
531 1 5 1922 1 8 1
532 1 2 1926 1 11 1
533 0 8 1929 1 3 1
534 0 3 1934 2 17 3
535 0 5 1938 1 10 1
536 1 4 1942 1 9 1
537 1 2 1946 3 25 4
538 1 2 1949 22 188 33
539 1 4 1952 3 25 4
540 0 4 1956 11 90 16
541 1 1 1960 13 107 19
542 1 3 1963 1 9 1
543 0 2 1967 2 17 3
544 1 1 1970 259 2520 388
545 1 2 1973 26835 320100 40252
546 0 2 1976 1 12 1
547 0 1 1979 13 107 19
548 1 42 1981 21 70 31
549 0 4 1987 1640 17394 2460
550 0 19 1991 8 24 12
551 0 2 1996 1 9 1
552 0 4 1999 8 64 12
553 0 4 2003 1 9 1
554 1 35 2007 35 124 52
555 1 1 2013 1 10 1
556 1 4 2015 5 41 7
557 0 6 2019 1329 6319 1993
558 1 2 2023 46 409 69
559 1 5 2026 44 391 66
560 0 3 2030 338 3332 507
561 0 5 2034 67 608 100
562 1 2 2038 3 25 4
563 0 3 2041 396 3933 594
564 1 1 2045 4421 48964 6631
565 1 2 2047 214 2063 321
566 0 3 2050 15 125 22
567 1 1 2054 1 8 1
568 0 1 2056 51414 629102 77121
569 1 2 2058 1 10 1
570 0 6 2061 4109 45366 6163
571 1 9 2065 10 31 15
572 0 3 2070 6 48 9
573 1 2 2074 1 9 1
574 0 9 2077 56 207 84
575 1 3 2082 526 5295 789
576 0 1 2086 83 762 124
577 0 1 2089 1 11 1
578 1 2 2091 24 206 36
579 0 4 2094 972 10068 1458
580 1 2 2098 1 10 1
581 0 2 2101 1 10 1
582 1 2 2104 1 13 1
583 0 1 2107 74 676 111
584 1 5 2110 1 10 1
585 1 2 2114 7 56 10
586 0 3 2117 1 10 1
587 1 4 2121 137 1291 205
588 0 6 2125 5 15 7
589 0 4 2129 12 99 18
590 1 6 2133 13 107 19
591 0 4 2137 2 17 3
592 0 4 2141 1 9 1
593 0 4 2145 24 206 36
594 1 2 2149 1 9 1
595 1 3 2152 1 9 1
596 0 12 2156 61937 373286 92905
597 1 2 2161 101 937 151
598 0 6 2164 1 3 1
599 1 6 2168 1 9 1
600 1 3 2172 1 11 1
601 0 2 2176 1 10 1
602 0 3 2179 5 40 7
603 0 2 2183 28 242 42
604 0 6 2186 1 9 1
605 0 1 2190 1 11 1
606 0 4 2192 9 73 13
607 0 6 2196 60 542 90
608 1 1 2200 17210 201672 25815
609 1 11 2202 10 31 15
610 1 2 2207 16 134 24
611 1 1 2210 13 107 19
612 0 2 2212 1 9 1
613 1 1 2215 28 242 42
614 0 3 2217 12647 146358 18970
615 1 1 2221 6464 72752 9696
616 1 2 2223 3 25 4
617 0 6 2226 2 7 3
618 1 3 2230 10 81 15
619 1 7 2234 1 4 1
620 0 3 2239 38 335 57
621 0 1 2243 7 56 10
622 0 3 2246 125 1173 187
623 0 6 2250 259 1091 388
624 1 4 2254 11 90 16
625 1 1 2258 2493 26935 3739
626 0 3 2261 10840 124656 16260
627 1 7 2265 2 6 3
628 1 4 2270 1 11 1
629 0 4 2274 2 17 3
630 1 2 2278 43 381 64
631 0 2 2281 1 9 1
632 1 2 2284 5288 59014 7932
633 1 1 2287 225 2174 337
634 0 1 2290 41 363 61
635 0 2 2292 116 1084 174
636 0 15 2295 1 3 1
637 0 3 2300 26 224 39
638 1 2 2304 199 1911 298
639 1 4 2307 19 161 28
640 0 5 2311 5 40 7
641 0 6 2315 20 170 30
642 1 7 2319 5 15 7
643 1 5 2324 1 11 1
644 0 4 2328 1 11 1
645 1 3 2332 1587 16807 2380
646 1 3 2336 1 9 1
647 0 8 2340 8040 43020 12060
648 1 12 2345 149 600 223
649 0 4 2350 22 188 33
650 0 1 2354 3 25 4
651 1 6 2356 195 803 292
652 1 1 2360 26 224 39
653 1 1 2363 167 1590 250
654 0 10 2365 3 9 4
655 0 4 2370 1 10 1
656 1 2 2374 1 9 1
657 0 2 2377 22 188 33
658 0 4 2380 2 17 3
659 0 3 2384 47 419 70
660 1 2 2388 27 233 40
661 1 1 2391 1 9 1
662 0 3 2394 74 676 111
663 0 13 2398 5 15 7
664 1 1 2403 10 81 15
665 0 15 2404 682 3092 1023
666 1 3 2409 3 25 4
667 0 17 2413 1 4 1
668 0 2 2418 71 647 106
669 0 7 2421 16 52 24
670 1 3 2425 20955 247509 31432
671 1 1 2429 1 11 1
672 0 6 2432 13780 160029 20670
673 1 1 2436 41 362 61
674 0 1 2438 1210 12659 1815
675 1 1 2441 1 9 1
676 0 1 2444 2 17 3
677 1 2 2447 57469 706218 86203
678 0 3 2450 1 9 1
679 1 1 2454 1 11 1
680 0 18 2456 14 45 21
681 0 1 2461 95 879 142
682 0 2 2464 55 494 82
683 0 2 2467 23238 275611 34857
684 1 2 2470 3 25 4
685 0 13 2473 14 45 21
686 0 2 2478 1 9 1
687 0 3 2481 14 116 21
688 0 1 2485 216 2083 324
689 0 3 2488 1 12 1
690 1 3 2492 2 17 3
691 0 16 2496 2 7 3
692 0 2 2501 2 17 3
693 0 1 2504 5497 61447 8245
694 1 2 2507 1 10 1
695 0 5 2510 1 9 1
696 0 2 2514 931 9625 1396
697 0 1 2517 31 270 46
698 0 4 2520 1 9 1
699 0 4 2524 1 9 1
700 1 6 2528 4 12 6
701 0 14 2532 1 3 1
702 1 2 2537 142 1341 213
703 1 1 2540 1 11 1
704 0 1 2541 20 170 30
705 1 11 2544 1 4 1
706 1 1 2549 33002 396892 49503
707 0 18 2551 1 5 1
708 1 3 2556 1 10 1
709 1 3 2560 32 279 48
710 1 1 2564 4782514 68773080 7173771
711 1 1 2567 1 9 1
712 1 8 2569 1 3 1
713 0 3 2574 7 56 10
714 0 5 2578 2174 23348 3261
715 0 2 2582 1 9 1
716 1 6 2585 1 5 1
717 0 1 2589 152252 1941143 228378
718 0 2 2591 1 9 1
719 1 14 2594 2 7 3
720 0 1 2599 68 618 102
721 1 1 2601 268968 3501616 403452
722 1 9 2603 199 820 298
723 0 2 2608 57 513 85
724 0 5 2611 12 99 18
725 0 5 2615 1 9 1
726 0 2 2619 20 170 30
727 0 3 2622 1 9 1
728 0 5 2626 1 8 1
729 1 6 2630 17 143 25
730 1 4 2634 11 90 16
731 0 4 2638 1 8 1
732 1 4 2642 60 542 90
733 0 1 2646 1 10 1
734 1 3 2648 1 9 1
735 1 5 2652 1 13 1
736 0 1 2656 6 48 9
737 0 1 2658 37 325 55
738 1 2 2660 1 11 1
739 0 1 2663 9 73 13
740 0 2 2665 48775 595596 73162
741 1 3 2668 164 1560 246
742 1 12 2672 294 1250 441
743 1 1 2677 1 11 1
744 0 1 2680 1 10 1
745 0 8 2681 1 4 1
746 0 1 2686 36977 446686 55465
747 0 1 2688 422 4204 633
748 1 1 2691 44 391 66
749 0 10 2692 86 330 129
750 1 1 2697 255 2479 382
751 1 1 2699 1 14 1
752 0 8 2702 62 231 93
753 0 2 2707 26 224 39
754 1 2 2710 9 72 13
755 1 2 2713 10 81 15
756 0 5 2716 3244 35453 4866
757 0 16 2720 651 2941 976
758 1 6 2725 7 56 10
759 0 10 2729 1 4 1
760 0 3 2734 137 1292 205
761 0 12 2737 141 565 211
762 0 1 2742 1603 16984 2404
763 1 3 2744 2 17 3
764 0 1 2748 1 9 1
765 0 9 2750 1 3 1
766 1 1 2755 1 9 1
767 1 10 2757 3 10 4
768 0 2 2762 19 161 28
769 1 1 2765 430 4288 645
770 1 3 2768 32 279 48
771 0 1 2772 9 73 13
772 0 2 2775 34 297 51
773 1 3 2778 1 9 1
774 1 5 2782 1 9 1
775 0 3 2786 159 1510 238
776 0 2 2790 16 134 24
777 1 8 2793 2 6 3
778 1 2 2798 20 170 30
779 0 2 2801 1841 19626 2761
780 1 2 2804 2 17 3
781 0 1 2807 1 9 1
782 0 10 2810 1 7 1
783 0 2 2815 4 33 6
784 0 1 2818 18 152 27
785 1 2 2820 1 9 1
786 1 4 2823 6 48 9
787 0 1 2827 9241 105571 13861
788 0 3 2829 2 17 3
789 0 5 2833 8 64 12
790 1 4 2837 4 33 6
791 1 2 2841 2 17 3
792 0 3 2844 3 25 4
793 1 2 2848 2 17 3
794 1 12 2851 4 12 6
795 0 1 2856 547 5517 820
796 0 1 2858 151 1430 226
797 0 17 2860 6 18 9
798 0 1 2865 1 9 1
799 0 2 2867 1 10 1
800 1 4 2870 44 391 66
801 0 1 2874 1 9 1
802 0 2 2876 3 25 4
803 0 1 2879 1 9 1
804 0 3 2881 1 10 1
805 1 8 2885 803 3683 1204
806 0 10 2890 1 5 1
807 0 2 2895 64 580 96
808 1 6 2898 197 1891 295
809 1 1 2902 77753 966600 116629
810 1 2 2904 491 4927 736
811 0 8 2907 14 45 21
812 0 1 2912 1 9 1
813 0 3 2914 6 48 9
814 0 2 2918 1025 10643 1537
815 1 1 2921 3 25 4
816 1 3 2922 1 11 1
817 1 1 2926 28 242 42
818 0 3 2928 5 41 7
819 1 7 2932 1 3 1
820 1 1 2936 24 206 36
821 1 2 2938 1 11 1
822 0 2 2941 64 580 96
823 0 3 2944 1 10 1
824 1 2 2948 62 561 93
825 0 2 2951 1 12 1
826 0 1 2954 1 9 1
827 1 74 2956 4368 22489 6552
828 1 20 2962 1 4 1
829 0 1 2967 552 5570 828
830 0 1 2969 143 1351 214
831 1 4 2972 4 33 6
832 1 3 2976 1 10 1
833 0 2 2980 8 64 12
834 1 12 2983 1 3 1
835 1 1 2988 7 56 10
836 0 3 2990 28620 342264 42930
837 1 4 2994 25 215 37
838 0 1 2998 4 33 6
839 1 1 3000 156 1480 234
840 1 2 3002 1 9 1
841 0 1 3005 312 3063 468
842 0 1 3007 4 33 6
843 1 11 3010 23 78 34
844 1 14 3015 4 12 6
845 0 1 3020 442 4413 663
846 0 55 3022 1 4 1
847 0 1 3028 1 10 1
848 0 3 3030 245 2378 367
849 0 2 3033 1 11 1
850 1 11 3036 1 4 1
851 1 1 3041 1 12 1
852 1 25 3044 15 48 22
853 1 11 3049 58 215 87
854 0 11 3054 3714 18922 5571
855 1 2 3059 13 107 19
856 1 3 3062 1 11 1
857 0 4 3066 1 9 1
858 1 7 3070 1 6 1
859 1 7 3074 1 3 1
860 1 3 3079 1 11 1
861 1 2 3083 47 419 70
862 0 5 3086 6612 74489 9918
863 1 4 3090 21 179 31
864 0 1 3094 1 9 1
865 0 2 3097 1 9 1
866 1 5 3100 1 9 1
867 1 7 3104 7888 42157 11832
868 1 1 3108 4397 48687 6595
869 1 22 3111 1 4 1
870 0 4 3116 19 161 28
871 1 14 3120 638 2878 957
872 0 1 3125 90 830 135
873 0 30 3128 78631 480112 117946
874 0 29 3134 3 10 4
875 0 14 3140 2177 10706 3265
876 1 2 3145 1 9 1
877 1 4 3148 526 5295 789
878 0 2 3152 1 9 1
879 0 10 3155 6 18 9
880 0 14 3160 5 15 7
881 0 7 3165 3 10 4
882 0 3 3170 1 11 1
883 1 3 3174 343 3383 514
884 0 7 3178 2 6 3
885 0 2 3183 16 134 24
886 1 3 3186 5897 66115 8845
887 1 3 3190 1 11 1
888 0 15 3194 3 10 4
889 0 3 3199 1 9 1
890 1 2 3203 1 11 1
891 0 4 3206 1 9 1
892 0 3 3210 33 288 49
893 0 2 3214 5 40 7
894 1 8 3217 2 7 3
895 0 4 3222 1 10 1
896 1 3 3226 1 9 1
897 0 2 3230 3391 37131 5086
898 0 1 3233 1 10 1
899 1 2 3236 239 2317 358
900 1 2 3239 10 81 15
901 0 10 3242 1 4 1
902 0 2 3247 59 532 88
903 0 11 3250 1 4 1
904 0 12 3255 127 504 190
905 1 2 3260 45 400 67
906 0 2 3263 635 6449 952
907 1 17 3266 7 21 10
908 1 2 3271 1 11 1
909 0 6 3274 2 17 3
910 0 3 3278 24 206 36
911 0 3 3282 1 8 1
912 1 3 3286 2103 22552 3154
913 1 1 3290 1 8 1
914 1 6 3292 1 9 1
915 0 3 3296 32 279 48
916 1 2 3300 3 25 4
917 0 2 3303 1924 20551 2886
918 1 2 3306 34 298 51
919 1 4 3309 1 9 1
920 1 4 3313 1 8 1
921 0 4 3317 2 17 3
922 0 2 3321 78 714 117
923 0 2 3324 129 1212 193
924 0 2 3327 17 143 25
925 0 1 3330 180 1720 270
926 0 3 3333 272 2653 408
927 1 3 3337 117 1094 175
928 1 7 3341 13 41 19
929 0 10 3345 1 4 1
930 1 1 3350 88349 1103665 132523
931 0 2 3352 430 4288 645
932 0 2 3355 2 17 3
933 1 1 3358 1 10 1
934 1 1 3360 23 197 34
935 0 6 3362 1 9 1
936 1 2 3366 25 215 37
937 0 2 3369 1 9 1
938 1 3 3372 6 48 9
939 0 7 3376 8 24 12
940 1 1 3380 200 1922 300
941 0 1 3383 7 56 10
942 1 1 3386 38 334 57
943 0 3 3389 1 9 1
944 1 6 3393 3 10 4
945 1 5 3397 1 10 1
946 0 10 3401 1 4 1
947 1 5 3406 1 9 1
948 0 2 3410 266 2592 399
949 1 1 3413 8 64 12
950 0 1 3415 2 17 3
951 1 2 3417 2 17 3
952 0 2 3420 1 9 1
953 1 8 3423 9 27 13
954 0 5 3428 1089 11339 1633
955 1 1 3432 1 10 1
956 1 2 3435 1 11 1
957 1 11 3438 1 5 1
958 0 1 3443 42 372 63
959 1 2 3445 10809 124285 16213
960 0 2 3448 68 618 102
961 0 1 3451 2 17 3
962 0 4 3454 1 9 1
963 1 8 3458 1 3 1
964 1 3 3463 1 11 1
965 0 3 3467 1 12 1
966 0 1 3471 2646 28662 3969
967 1 1 3473 5 40 7
968 1 2 3476 1419 14953 2128
969 1 12 3479 3 10 4
970 1 3 3484 1 9 1
971 1 2 3488 2 17 3
972 0 43 3491 211 874 316
973 1 25 3497 418 1827 627
974 0 27 3502 1 3 1
975 1 2 3508 3 25 4
976 0 5 3511 115 1075 172
977 1 11 3515 1 3 1
978 0 5 3520 25 215 37
979 1 12 3524 824 3787 1236
980 0 3 3529 434 4329 651
981 0 1 3533 2 17 3
982 1 1 3535 1 10 1
983 1 3 3537 31 270 46
984 1 4 3541 1405 14799 2107
985 0 5 3545 1 8 1
986 0 2 3549 3 25 4
987 0 7 3552 1 4 1
988 0 5 3557 4 33 6
989 1 10 3561 1 6 1
990 1 4 3566 1 9 1
991 0 2 3570 60 542 90
992 1 5 3573 142 1341 213
993 1 2 3577 3 25 4
994 1 22 3580 11 34 16
995 1 1 3585 41 363 61
996 1 3 3588 22 188 33
997 1 2 3592 32 279 48
998 1 1 3595 67 609 100
999 0 2 3597 28 242 42
1000 1 17 3600 2167 10654 3250
1001 1 3 3605 9 73 13
1002 1 1 3609 1 12 1
