0 0 6 5 1 10 1
1 0 3 22 2 17 3
2 0 2 37 3614 39681 5421
3 1 4 49 1 9 1
4 1 2 65 6069 68126 9103
5 0 4 77 1 9 1
6 0 5 92 4 33 6
7 0 1 109 33 289 49
8 1 1 117 39 344 58
9 1 6 123 1 10 1
10 0 2 140 7 56 10
11 0 6 154 97 898 145
12 0 1 171 40 353 60
13 0 2 176 1 10 1
14 1 3 188 844 8686 1266
15 1 1 202 1 9 1
16 1 2 210 18242 214268 27363
17 0 6 223 13 108 19
18 0 2 240 73 666 109
19 1 4 252 2 17 3
20 1 2 268 1271 13327 1906
21 1 3 280 1 11 1
22 0 11 294 196 807 294
23 1 15 313 7073 37546 10609
24 1 1 333 31 270 46
25 0 5 343 552 5570 828
26 1 2 360 41 363 61
27 1 4 373 1 9 1
28 0 2 389 3564 39109 5346
29 1 2 402 1 10 1
30 1 2 414 6 48 9
31 1 1 427 15 125 22
32 1 4 437 5 40 7
33 1 34 453 1 5 1
34 0 2 476 4 33 6
35 0 8 488 1 5 1
36 1 2 506 1 11 1
37 1 4 519 1 9 1
38 0 4 535 1 9 1
39 1 1 551 410 4079 615
40 1 3 558 1 9 1
41 1 5 573 600 6077 900
42 1 3 590 1 10 1
43 1 6 605 4167 46034 6250
44 0 5 622 126 1183 189
45 1 3 638 1 10 1
46 0 5 653 3 25 4
47 0 2 670 2 17 3
48 1 4 682 156 1480 234
49 1 1 698 162 1540 243
50 0 4 709 1 9 1
51 0 2 725 766 7848 1149
52 1 2 738 1 10 1
53 1 30 751 1 5 1
54 0 1 773 1 9 1
55 1 5 781 1 11 1
56 1 2 798 1 10 1
57 1 6 811 1 10 1
58 1 5 828 1 9 1
59 1 10 845 13 41 19
60 1 1 864 1 11 1
61 0 1 876 2895 31483 4342
62 1 4 887 595 6025 892
63 0 2 903 1 11 1
64 0 3 915 518 5211 777
65 0 3 930 3 25 4
66 0 4 945 10 81 15
67 0 4 961 1 9 1
68 1 4 977 154299 1968215 231448
69 1 4 993 1 10 1
70 0 10 1009 29 100 43
71 1 2 1028 1 10 1
72 1 4 1042 2 17 3
73 0 2 1057 1 9 1
74 0 2 1070 4 33 6
75 1 4 1084 55 494 82
76 0 1 1100 7 56 10
77 1 3 1110 2 17 3
78 1 2 1125 146 1381 219
79 1 15 1139 1 5 1
80 0 2 1159 1 9 1
81 0 3 1173 232 2245 348
82 0 1 1188 1 8 1
83 1 1 1198 90 830 135
84 0 4 1206 1432 15096 2148
85 0 1 1222 970 10046 1455
86 0 2 1228 1316 13820 1974
87 0 7 1242 38 135 57
88 0 1 1260 2 17 3
89 1 74 1271 1 7 1
90 0 1 1296 19 161 28
91 0 8 1305 281 1191 421
92 0 4 1323 1498 15823 2247
93 1 9 1339 1 5 1
94 1 4 1358 337 3321 505
95 1 1 1374 96 889 144
96 0 3 1382 18 152 27
97 1 31 1397 217401 1400632 326101
98 1 12 1419 188 771 282
99 1 7 1439 4 12 6
100 0 2 1457 24 206 36
101 1 5 1470 35 307 52
102 1 5 1487 4 32 6
103 1 2 1504 696 7099 1044
104 1 5 1516 7 56 10
105 0 1 1533 25 215 37
106 0 2 1543 17 143 25
107 1 2 1556 2 17 3
108 1 1 1569 9 72 13
109 1 2 1580 17 143 25
110 0 3 1593 4 33 6
111 0 3 1607 64 580 96
112 1 2 1622 2 17 3
113 0 1 1635 1 9 1
114 0 2 1644 134 1262 201
115 1 4 1657 18 152 27
116 0 1 1673 13 107 19
117 0 1 1682 1 9 1
118 0 1 1688 60869 749654 91303
119 0 19 1696 1 3 1
120 1 1 1717 53 475 79
121 0 2 1728 1 10 1
122 1 3 1740 89 821 133
123 1 2 1754 1 10 1
124 0 6 1767 49 438 73
125 0 19 1784 37 131 55
126 1 1 1805 165 1570 247
127 0 3 1814 25 215 37
128 0 1 1829 20 170 30
129 0 1 1840 21 179 31
130 0 3 1850 12 99 18
131 1 1 1865 312 3064 468
132 0 3 1875 1 10 1
133 0 1 1889 3 25 4
134 0 2 1895 1 9 1
135 0 11 1907 1 4 1
136 0 2 1926 26201 312241 39301
137 1 1 1939 42 372 63
138 0 4 1945 7 56 10
139 0 1 1961 517 5200 775
140 0 4 1969 140 1321 210
141 1 9 1985 881 4068 1321
142 1 1 2004 1 9 1
143 0 2 2013 2 17 3
144 0 64 2026 24204 138344 36306
145 1 4 2050 5 40 7
146 1 2 2066 1 12 1
147 1 9 2080 1590 7654 2385
148 1 2 2099 1 10 1
149 1 3 2112 19 161 28
150 0 2 2127 4 32 6
151 0 6 2140 1 10 1
152 1 2 2157 263 2561 394
153 0 6 2170 54 199 81
154 0 1 2188 1 9 1
155 0 1 2198 315 3095 472
156 1 1 2209 147 1391 220
157 0 2 2218 1 10 1
158 0 12 2231 2 7 3
159 0 1 2251 3 25 4
160 1 1 2261 1 9 1
161 1 1 2271 11 90 16
162 0 2 2281 43 381 64
163 0 1 2295 1 12 1
164 1 6 2304 1 4 1
165 0 3 2322 1 9 1
166 1 5 2337 1388 14611 2082
167 0 6 2353 3 25 4
168 0 2 2370 1 9 1
169 1 3 2383 2 17 3
170 1 11 2397 1 3 1
171 0 1 2417 1 9 1
172 1 3 2428 1 9 1
173 0 1 2442 15 125 22
174 0 2 2452 12 99 18
175 0 1 2465 119 1114 178
176 1 8 2477 1 5 1
177 0 5 2495 20 170 30
178 0 2 2512 1 10 1
179 1 3 2524 1 10 1
180 1 3 2539 1 9 1
181 1 2 2554 56 504 84
182 0 1 2568 2 17 3
183 0 29 2578 3 10 4
184 0 17 2600 1 4 1
185 1 11 2621 20 67 30
186 0 7 2640 1 5 1
187 1 2 2658 2 17 3
188 0 3 2672 1 8 1
189 1 9 2687 1 5 1
190 1 1 2706 1 9 1
191 1 2 2716 88 811 132
192 0 4 2728 1 10 1
193 0 1 2744 1 11 1
194 0 10 2755 15 48 22
195 1 1 2774 1 13 1
196 0 2 2782 52 466 78
197 1 6 2794 33 288 49
198 0 9 2811 1 4 1
199 0 1 2830 12 99 18
200 1 10 2839 1 5 1
201 1 5 2858 169 1610 253
202 0 10 2875 1 4 1
203 0 2 2894 88 811 132
204 0 3 2908 1 9 1
205 0 4 2922 1 9 1
206 1 6 2938 1 9 1
207 1 4 2955 13 107 19
208 0 1 2971 1 11 1
209 1 3 2982 2 17 3
210 1 8 2997 365313 2416352 547969
211 0 5 3015 1 12 1
212 1 6 3032 6285 70654 9427
213 1 7 3049 1 3 1
214 1 12 3067 370 1602 555
215 1 2 3087 191 1831 286
216 1 2 3100 3941 43433 5911
217 0 1 3114 7 56 10
218 1 1 3122 94 869 141
219 1 16 3127 363 1569 544
220 0 24 3148 1 3 1
221 0 1 3170 70 637 105
222 0 4 3179 7181 81180 10771
223 1 3 3195 1 9 1
224 1 4 3209 6 48 9
225 1 4 3225 506 5085 759
226 1 7 3241 30 104 45
227 0 1 3259 42 372 63
228 1 8 3270 1 5 1
229 1 6 3289 1 3 1
230 0 1 3307 2 17 3
231 0 1 3310 7 56 10
232 1 12 3320 349 1504 523
233 0 1 3340 1 10 1
234 1 9 3349 862 3974 1293
235 0 2 3368 1 10 1
236 1 5 3381 1 8 1
237 0 3 3398 2 17 3
238 0 3 3413 4 33 6
239 1 5 3428 318 3126 477
240 1 6 3445 192 1841 288
241 0 1 3462 1259 13195 1888
242 1 4 3473 1 10 1
243 1 4 3488 172 1640 258
244 1 23 3504 15 48 22
245 0 4 3526 8010 90965 12015
246 1 3 3542 1 10 1
247 1 3 3556 262 2551 393
248 0 1 3571 2 17 3
249 1 1 3581 6 48 9
250 0 9 3592 1 3 1
251 1 2 3611 3 25 4
