0 0 13 5 2 7 3
1 1 1 9 2 17 3
2 1 8 12 3 9 4
3 0 6 16 1 5 1
4 0 1 20 2 17 3
5 0 1 23 10 81 15
6 0 3 26 1 10 1
7 1 5 30 24 206 36
8 1 18 34 1 3 1
9 0 2 39 1964 20998 2946
10 1 12 43 1 6 1
11 0 1 47 1 9 1
12 0 8 49 1 3 1
13 0 8 53 144 578 216
14 0 7 57 10 31 15
15 0 2 61 35 307 52
16 0 4 65 3236 35362 4854
17 0 1 69 1 10 1
18 1 4 72 1 11 1
19 0 3 76 1 9 1
20 0 5 80 1 9 1
21 1 1 84 1 13 1
22 1 2 87 1 10 1
23 1 1 91 1 9 1
24 0 2 94 2 17 3
25 1 4 98 2 17 3
26 0 28 102 1 3 1
27 0 2 107 2 17 3
28 0 5 110 42 372 63
29 0 3 114 1 10 1
30 1 3 118 2097 22484 3145
31 0 3 122 1 9 1
32 0 6 126 222281 2873766 333421
33 1 4 130 1 10 1
34 1 7 134 12 38 18
35 0 7 138 1 3 1
36 0 10 142 22010 125111 33015
37 1 5 146 1 9 1
38 0 2 150 23 197 34
39 0 7 154 4 13 6
40 0 1 158 1 9 1
41 0 4 161 1 9 1
42 1 2 165 1 9 1
43 1 3 169 1 10 1
44 1 2 173 5 40 7
45 0 14 177 12 38 18
46 1 2 181 36 316 54
47 1 3 185 1 9 1
48 1 1 189 9 72 13
49 1 5 192 269 2622 403
50 0 1 196 16 134 24
51 0 1 199 1463 15438 2194
52 0 6 202 1 12 1
53 1 6 206 4 33 6
54 1 4 210 2415 26056 3622
55 1 5 214 1 9 1
56 0 6 218 1044 10849 1566
57 0 1 222 5 41 7
58 0 1 225 2 17 3
59 1 8 228 1 5 1
60 0 3 232 21 178 31
61 0 1 236 4527 50189 6790
62 0 2 239 21 179 31
63 1 1 243 26 224 39
64 0 4 246 1 11 1
65 0 3 250 21 179 31
66 0 2 254 1 9 1
67 0 4 257 7 56 10
68 0 1 261 3685 40495 5527
69 1 3 264 1 10 1
70 0 3 268 58 523 87
71 0 5 272 9885 113243 14827
72 0 3 276 7 56 10
73 1 1 280 263 2561 394
74 0 1 283 15 125 22
75 1 1 286 109 1016 163
76 1 5 289 1 9 1
77 0 3 293 15 125 22
78 0 12 297 356 1537 534
79 1 3 301 125 1173 187
80 1 2 305 1 9 1
81 1 4 309 104 967 156
82 0 2 313 218 2104 327
83 1 2 317 208047 2683229 312070
84 1 3 320 1 9 1
85 0 1 324 6643 74853 9964
86 0 2 327 1 9 1
87 1 1 331 8 64 12
88 1 10 334 1441 6890 2161
89 0 2 338 4 33 6
90 0 1 342 84 772 126
91 0 2 345 1 11 1
92 1 2 348 1 8 1
93 1 24 351 11 34 16
94 0 6 356 5749 64386 8623
95 0 2 360 5 41 7
96 1 3 363 649 6598 973
97 0 2 367 1 10 1
98 0 3 371 1 10 1
99 0 2 375 28 243 42
100 1 15 378 192 789 288
101 0 3 382 19 161 28
102 1 1 386 1 10 1
103 1 3 389 5 40 7
104 0 2 393 31 270 46
105 1 5 397 481 4822 721
106 0 17 401 1 4 1
107 0 2 406 6469 72811 9703
108 0 2 410 177 1690 265
109 1 3 413 127 1192 190
110 0 2 417 27309 325980 40963
111 1 5 420 38 335 57
112 0 7 424 1 4 1
113 1 2 428 47017 573312 70525
114 1 1 432 6 48 9
115 0 2 435 51 457 76
116 1 1 439 1 10 1
117 1 10 442 1 4 1
118 0 6 446 10 81 15
119 1 1 450 5210 58107 7815
120 1 2 453 1 9 1
121 0 1 456 927 9581 1390
122 1 8 458 1 4 1
123 1 3 462 1275 13371 1912
124 1 2 466 8 64 12
125 1 1 470 1 11 1
126 1 3 473 1 9 1
127 1 2 477 3056 33312 4584
128 0 1 480 1 11 1
129 1 2 483 1 10 1
130 0 2 486 19 161 28
131 1 3 490 79267 986144 118900
132 1 3 494 4933 54890 7399
133 1 2 498 2 17 3
134 0 3 502 1 9 1
135 0 1 506 1 9 1
136 1 4 509 24 206 36
137 0 24 513 324305 2132320 486457
138 0 5 518 4 33 6
139 1 4 522 649 6598 973
140 0 18 526 64122 387190 96183
141 1 6 531 22 188 33
142 0 3 535 1 10 1
143 0 1 539 214 2063 321
144 1 4 542 1 8 1
145 0 1 546 4 33 6
146 1 4 549 1 10 1
147 0 2 553 1 9 1
148 1 3 556 9 73 13
149 1 5 560 1 9 1
150 1 4 564 1 10 1
151 1 2 568 61 551 91
152 0 4 571 48 428 72
153 0 3 575 1 10 1
154 1 3 579 1 8 1
155 1 2 583 1 9 1
156 0 2 587 2 17 3
157 0 3 590 100 928 150
158 1 6 594 1 3 1
159 1 4 598 87 801 130
160 1 5 602 1 9 1
161 0 13 606 979882 6801529 1469823
162 0 3 610 2 17 3
163 1 2 614 95 879 142
164 1 14 618 10 31 15
165 0 6 622 1 9 1
166 1 3 626 2 17 3
167 1 1 630 10 81 15
168 0 2 633 46 409 69
169 0 3 637 1 9 1
170 1 5 641 922 9527 1383
171 0 2 645 21 178 31
172 1 13 649 302 1287 453
173 1 4 653 19 161 28
174 1 5 657 130 1222 195
175 1 5 661 1 9 1
176 0 12 665 1 4 1
177 0 14 669 9 27 13
178 1 3 673 4034 44503 6051
179 1 13 677 25 85 37
180 1 1 681 1 9 1
181 0 1 684 1 11 1
182 1 7 687 83 318 124
183 1 2 691 1 12 1
184 1 2 695 1 10 1
185 1 7 699 10 31 15
186 0 2 703 3 25 4
187 0 1 706 1 10 1
188 0 5 709 3 25 4
189 1 8 713 1 3 1
190 1 4 717 1 11 1
191 0 1 721 2 17 3
192 1 6 724 936 9679 1404
193 0 1 728 14 116 21
194 1 7 731 61 227 91
195 1 11 735 1 5 1
196 0 1 739 28 242 42
197 1 6 742 3 25 4
198 1 3 746 31762 381404 47643
199 0 2 750 19 161 28
200 0 4 754 13 107 19
201 1 1 758 14 116 21
202 1 2 761 371 3673 556
203 0 12 765 21 70 31
204 1 18 769 1 4 1
205 1 2 774 2 17 3
206 0 2 778 3 25 4
207 1 8 781 4 12 6
208 1 1 785 24 206 36
209 1 2 788 4 33 6
210 0 1 792 21 179 31
211 0 2 795 24 206 36
212 0 2 799 1 9 1
213 0 6 802 1 9 1
214 1 10 806 6 18 9
215 1 3 810 1 12 1
216 1 1 814 1 9 1
217 0 2 817 10 81 15
218 0 3 821 1 9 1
219 0 5 825 1 9 1
220 1 2 829 40 353 60
221 0 4 833 4 33 6
222 0 8 837 996 4640 1494
223 0 3 841 3 25 4
224 0 3 845 2 17 3
225 1 7 849 2 6 3
226 1 5 853 4 33 6
227 1 12 857 1 3 1
228 1 5 861 1 10 1
229 0 3 865 2 17 3
230 1 1 869 859 8847 1288
231 0 2 872 156 1480 234
232 1 2 876 1 11 1
233 0 5 880 55950 686842 83925
234 0 1 884 12 99 18
235 1 6 887 176 1680 264
236 0 2 891 2678 29024 4017
237 1 3 895 1 9 1
238 1 8 899 1 3 1
239 1 17 903 21 70 31
240 1 1 908 1 10 1
241 1 1 911 1 9 1
242 1 8 914 71893 436838 107839
243 1 28 918 15 48 22
244 0 1 923 3 25 4
245 1 5 926 3502 38399 5253
246 0 1 930 1 9 1
247 1 1 933 1229 12867 1843
248 1 1 936 1 11 1
249 0 2 939 50 447 75
250 1 8 943 1 4 1
251 1 5 947 1 9 1
252 0 14 951 50 183 75
253 1 5 955 1775 18892 2662
254 1 1 959 14 116 21
255 1 5 962 1 10 1
256 1 1 966 1 9 1
257 0 1 969 1 9 1
258 1 5 972 1 10 1
259 0 6 976 1 9 1
260 1 3 980 58 523 87
261 1 4 984 9 73 13
262 1 17 988 1 4 1
263 0 2 993 54 485 81
264 0 5 997 2 17 3
265 1 6 1001 6 48 9
266 1 1 1005 1 11 1
267 1 4 1008 1 10 1
268 0 1 1012 127 1192 190
269 0 3 1015 1 10 1
270 1 4 1019 1 11 1
271 0 32 1023 1 6 1
272 0 8 1028 2 6 3
273 0 7 1032 11 34 16
274 0 4 1036 14 116 21
275 1 13 1040 4 12 6
276 0 6 1044 2 7 3
277 1 3 1048 55 494 82
278 0 2 1052 1 9 1
279 1 2 1055 1 10 1
280 0 3 1059 3 25 4
281 0 2 1063 1 12 1
282 0 2 1067 1 11 1
283 0 1 1071 1 10 1
284 1 2 1074 57 513 85
285 1 4 1077 181 1730 271
286 1 11 1081 1 3 1
287 0 2 1085 26 224 39
288 0 5 1088 1 10 1
289 1 4 1092 36 316 54
290 1 2 1096 1 9 1
291 1 3 1100 107 996 160
292 0 13 1104 5094 26487 7641
293 1 16 1108 1 4 1
294 1 3 1113 1 10 1
295 1 1 1117 87 801 130
296 1 1 1120 1310 13755 1965
297 1 1 1123 156 1480 234
298 0 16 1126 3770 19227 5655
299 0 1 1131 1 9 1
300 0 4 1134 1 9 1
301 1 2 1138 1 11 1
302 1 5 1141 72 656 108
303 0 2 1145 1 10 1
304 0 5 1149 55 494 82
305 0 5 1153 2 17 3
306 0 7 1157 7 21 10
307 1 10 1161 90 347 135
308 1 2 1165 2 17 3
309 1 1 1169 218 2103 327
310 1 3 1172 2 17 3
311 0 6 1176 4 33 6
312 1 6 1180 8 64 12
313 0 5 1184 1523 16100 2284
314 0 13 1188 1 4 1
315 0 5 1192 133 1252 199
316 0 5 1196 1 10 1
317 0 4 1200 26 224 39
318 0 1 1204 1 9 1
319 1 2 1207 3 25 4
320 0 1 1211 11963 138128 17944
321 0 12 1214 30 104 45
322 0 6 1218 2 17 3
323 1 2 1222 24 206 36
324 1 23 1226 1 3 1
325 0 3 1231 1 12 1
326 1 4 1235 809 8310 1213
327 0 3 1239 2 17 3
328 0 2 1243 1 9 1
329 1 5 1247 1 10 1
330 0 3 1251 80 733 120
331 1 3 1255 2 17 3
332 0 16 1259 648 2926 972
333 1 2 1263 1 10 1
334 1 1 1267 1 10 1
335 0 1 1270 2 17 3
336 1 1 1273 1 9 1
337 0 7 1276 3 10 4
338 1 6 1280 2 17 3
339 0 1 1284 5 41 7
340 0 4 1287 6 48 9
341 0 6 1291 1 11 1
342 1 3 1295 3 25 4
343 0 4 1299 3 25 4
344 0 6 1303 2 17 3
345 0 1 1307 1 9 1
346 0 4 1310 10 81 15
347 0 4 1314 5 40 7
348 0 42 1318 29 101 43
349 1 4 1323 2 17 3
350 0 2 1327 540 5443 810
351 0 1 1330 1 10 1
352 0 1 1333 1 9 1
353 0 10 1336 106 415 159
354 0 1 1340 1 12 1
355 0 13 1343 1 3 1
356 1 9 1347 5 15 7
357 0 2 1351 1852 19749 2778
358 0 6 1354 17 143 25
359 1 2 1358 1 9 1
360 1 6 1362 181 1730 271
361 1 2 1366 1 10 1
362 1 2 1369 4986 55505 7479
363 0 4 1372 39 344 58
364 0 6 1376 1 9 1
365 0 2 1380 78222 972652 117333
366 1 7 1384 33 116 49
367 0 1 1388 44 391 66
368 1 2 1391 1 9 1
369 0 2 1394 1 9 1
370 0 2 1398 23 197 34
371 1 3 1401 38 335 57
372 1 3 1405 1 9 1
373 0 4 1409 1 9 1
374 1 20 1413 279 1182 418
375 1 1 1418 1 10 1
376 0 17 1421 1 4 1
377 0 6 1426 2 17 3
378 0 2 1430 25 215 37
379 0 6 1434 283 1200 424
380 0 1 1438 31 270 46
381 0 6 1441 4 33 6
382 1 3 1445 4 33 6
383 0 1 1449 1 11 1
384 0 4 1452 1 9 1
385 1 1 1456 15 125 22
386 1 24 1459 99 385 148
387 0 11 1464 1 4 1
388 0 12 1468 6 18 9
389 1 5 1472 82 753 123
390 0 271 1476 224 932 336
391 0 7 1481 94 364 141
392 1 3 1485 1 10 1
393 1 1 1489 1 10 1
394 0 6 1492 4 33 6
395 1 2 1496 23 197 34
396 0 10 1499 53 195 79
397 1 1 1503 4 33 6
398 1 6 1506 2 17 3
399 0 2 1510 1 9 1
400 0 10 1514 1 4 1
401 1 4 1518 24 206 36
402 1 2 1522 6 48 9
403 1 3 1525 13 107 19
404 1 8 1529 2 6 3
405 0 1 1533 4 33 6
406 0 1 1536 8 64 12
407 1 7 1539 27 93 40
408 0 3 1543 32 279 48
409 1 4 1547 1 9 1
410 1 1 1551 8716 99332 13074
411 1 4 1554 959 9927 1438
412 1 4 1558 10 81 15
413 0 5 1562 1 10 1
414 0 1 1566 7 56 10
415 0 5 1569 1 10 1
416 1 2 1573 417 4152 625
417 1 4 1577 906 9354 1359
418 1 8 1581 8 24 12
419 1 4 1585 553 5580 829
420 1 9 1589 1 3 1
421 1 4 1593 2 17 3
422 1 17 1597 1 3 1
423 1 4 1602 66 599 99
424 1 3 1606 1 8 1
425 1 5 1610 53 476 79
426 0 6 1614 1 5 1
427 0 9 1618 1 3 1
428 0 1 1622 1 10 1
429 1 1 1625 1415 14909 2122
430 1 6 1627 338 3332 507
431 0 8 1631 1 4 1
432 1 16 1635 4 13 6
433 1 1 1639 17 143 25
434 1 1 1642 1 9 1
435 0 7 1645 58 215 87
436 0 1 1649 4 33 6
437 0 8 1652 342 1472 513
438 0 2 1656 148 1400 222
439 0 5 1660 1 9 1
440 1 6 1664 1 11 1
441 1 1 1668 9 72 13
442 0 1 1671 1794 19103 2691
443 0 1 1674 1 10 1
444 0 4 1677 1 9 1
445 0 3 1681 1 9 1
446 1 3 1685 3 25 4
447 0 1 1689 13 107 19
448 0 2 1692 16 134 24
449 1 11 1696 25 85 37
450 0 2 1700 1 10 1
451 0 5 1704 3 25 4
452 0 2 1708 1 9 1
453 0 2 1711 1 10 1
454 0 55 1715 1 4 1
455 1 27 1720 2 6 3
456 0 3 1725 6 48 9
457 0 2 1729 28 242 42
458 0 1 1733 81570 1015900 122355
459 0 1 1736 1 8 1
460 1 5 1739 3113 33961 4669
461 1 5 1743 43 381 64
462 1 1 1747 3 25 4
463 1 1 1750 680 6929 1020
464 1 5 1753 256 2490 384
465 1 1 1757 785 8052 1177
466 0 5 1759 3 25 4
467 1 7 1763 3 9 4
468 1 2 1767 2 17 3
469 1 5 1771 1172 12244 1758
470 0 1 1775 1 9 1
471 0 1 1778 275 2684 412
472 1 12 1780 1022 4770 1533
473 0 1 1784 1 9 1
474 1 8 1787 1 4 1
475 1 5 1791 1 13 1
476 0 2 1795 2 17 3
477 1 1 1799 42 372 63
478 0 1 1802 36 316 54
479 0 5 1805 8 64 12
480 1 3 1809 706 7206 1059
481 1 6 1813 165 1570 247
482 1 1 1817 1 11 1
483 1 8 1820 2 6 3
484 0 1 1824 1 9 1
485 1 12 1827 1 4 1
486 0 11 1831 1 5 1
487 0 2 1835 19 161 28
488 1 2 1839 4278 47314 6417
489 0 6 1842 41 363 61
490 0 3 1846 15 125 22
491 0 1 1850 134 1262 201
492 1 1 1853 869 8955 1303
493 0 2 1856 104 966 156
494 1 4 1859 255 2480 382
495 1 4 1863 4 33 6
496 1 5 1867 2 17 3
497 1 1 1871 177 1690 265
498 1 1 1874 159 1510 238
499 1 4 1877 35 307 52
500 0 1 1881 1 11 1
501 0 1 1884 169 1610 253
502 0 4 1887 1 9 1
503 1 9 1891 4 12 6
504 0 9 1895 26 89 39
505 0 2 1899 1 10 1
506 0 4 1903 975 10101 1462
507 1 1 1907 12711 147129 19066
508 1 1 1910 1 9 1
509 1 1 1913 58 523 87
510 0 15 1916 194 798 291
511 1 4 1920 1 10 1
512 1 3 1924 1 12 1
513 0 1 1928 1 12 1
514 1 2 1930 89 821 133
515 0 9 1933 10818 58948 16227
516 0 2 1937 150 1421 225
517 0 2 1941 1 12 1
518 0 3 1945 1 9 1
519 0 9 1949 5 15 7
520 0 3 1953 6 48 9
521 0 8 1957 1 4 1
522 0 2 1961 1 9 1
523 0 2 1965 164 1560 246
524 0 3 1968 1 10 1
525 0 1 1972 1 9 1
526 1 9 1975 1 3 1
527 1 5 1979 1 12 1
528 0 6 1983 1 9 1
529 1 1 1987 2 17 3
530 0 1 1990 1 9 1
531 1 1 1993 10 81 15
532 1 7 1996 3 10 4
533 1 1 2000 52735 645899 79102
534 0 5 2003 8 64 12
535 0 3 2007 1 10 1
536 1 4 2011 734 7505 1101
537 1 2 2015 1 10 1
538 0 1 2019 56117 688972 84175
539 0 1 2022 29240 349975 43860
540 0 2 2025 28 242 42
541 0 5 2028 1 9 1
542 0 7 2032 68 256 102
543 0 1 2036 1 10 1
544 0 7 2039 2 6 3
545 1 1 2043 828 8514 1242
546 0 3 2046 1 9 1
547 1 1 2050 26 224 39
548 0 1 2053 2560174 36058842 3840261
549 0 5 2056 3 25 4
550 0 4 2060 1666 17682 2499
551 0 3 2064 34 298 51
552 0 5 2068 7 56 10
553 0 50 2072 10 31 15
554 0 2 2077 4 33 6
555 1 4 2081 1 9 1
556 1 7 2085 1 4 1
557 0 4 2089 19784 233140 29676
558 1 10 2093 1 3 1
559 0 1 2097 31500 378134 47250
560 0 1 2100 1 9 1
561 0 1 2103 83 762 124
562 1 8 2106 139 556 208
563 0 3 2110 1 9 1
564 1 4 2114 53 475 79
565 1 7 2118 1 3 1
566 1 7 2122 3 9 4
567 1 3 2126 285 2786 427
568 1 3 2130 1 11 1
569 0 1 2134 18 152 27
570 0 1 2136 4140 45723 6210
571 0 1 2139 1 10 1
572 0 2 2142 1452 15316 2178
573 0 3 2146 203 1952 304
574 1 1 2150 1 9 1
575 0 10 2152 6 18 9
576 0 1 2156 278 2714 417
577 0 2 2159 41 363 61
578 0 3 2163 1 9 1
579 0 1 2167 74 676 111
580 1 2 2170 1 11 1
581 0 2 2174 248 2408 372
582 1 7 2177 1 4 1
583 0 8 2181 2 7 3
584 0 1 2185 1 9 1
585 1 23 2187 2 6 3
586 0 2 2192 327 3218 490
587 1 1 2196 161 1530 241
588 0 4 2198 1247 13064 1870
589 1 1 2202 50787 621135 76180
590 1 5 2205 9435 107879 14152
591 0 1 2209 7 56 10
592 1 2 2212 5 40 7
593 0 4 2215 7 56 10
594 1 3 2219 30 261 45
595 0 3 2223 23 197 34
596 0 6 2227 1 9 1
597 1 1 2231 100 928 150
598 1 1 2234 10 81 15
599 0 2 2237 1 11 1
600 0 1 2241 3019 32891 4528
601 0 20 2244 38 135 57
602 1 2 2249 370 3663 555
603 1 2 2252 6 48 9
604 0 5 2256 1 11 1
605 0 3 2260 14 116 21
606 1 5 2264 36 316 54
607 0 6 2268 1 12 1
608 0 6 2272 676 6886 1014
609 1 3 2276 2 17 3
610 0 2 2280 3 25 4
611 0 2 2283 28 242 42
612 0 2 2287 1 10 1
613 1 1 2291 1 11 1
614 0 1 2294 902 9311 1353
615 0 2 2297 1 9 1
616 1 1 2301 1030 10697 1545
617 1 3 2304 93 859 139
618 1 4 2308 11 90 16
619 1 1 2312 132 1242 198
620 1 1 2315 5 41 7
621 1 2 2318 584 5908 876
622 0 4 2321 37 325 55
623 1 2 2325 1 9 1
624 0 13 2329 52 191 78
625 1 4 2333 464718 6170235 697077
626 0 1 2337 68 618 102
627 1 1 2340 1 13 1
628 0 2 2343 41 363 61
629 1 8 2347 1 4 1
630 0 2 2351 2 17 3
631 1 2 2355 1 9 1
632 0 7 2359 203 838 304
633 1 2 2363 5 40 7
634 0 2 2366 151 1430 226
635 0 5 2370 489 4906 733
636 1 3 2374 144 1361 216
637 0 3 2378 4 33 6
638 1 8 2382 1 5 1
639 1 1 2386 1 10 1
640 1 2 2389 12 99 18
641 1 2 2393 1 12 1
642 0 2 2396 178 1700 267
643 1 4 2400 25 215 37
644 0 10 2404 480 2120 720
645 1 3 2408 97 899 145
646 1 4 2412 3 25 4
647 0 1 2416 293 2868 439
648 0 3 2418 1 9 1
649 1 9 2422 1 4 1
650 0 5 2426 4 32 6
651 0 1 2430 1 9 1
652 0 28 2433 50 183 75
653 1 5 2438 59 532 88
654 0 5 2442 2 17 3
655 1 4 2446 471 4717 706
656 1 1 2450 11 90 16
657 0 1 2452 1 9 1
658 0 3 2455 54 485 81
659 1 4 2459 531 5348 796
660 0 8 2463 1 4 1
661 1 5 2467 77 704 115
662 0 12 2471 1 5 1
663 0 3 2475 4 33 6
664 0 3 2479 182 1740 273
665 1 2 2483 1 11 1
666 1 3 2487 3541 38845 5311
667 1 9 2491 1 4 1
668 1 2 2495 13 107 19
669 0 4 2499 467 4675 700
670 1 3 2503 99 918 148
671 1 3 2507 2 17 3
672 1 2 2511 16 134 24
673 0 9 2514 23172 132111 34758
674 0 2 2518 371 3673 556
675 1 7 2522 1 4 1
676 0 4 2526 1 9 1
677 1 1 2530 1 10 1
678 1 9 2533 2 6 3
679 0 2 2537 2 17 3
680 0 2 2541 1 12 1
681 1 3 2545 2974 32380 4461
682 0 58 2549 41 147 61
683 0 1 2554 130 1222 195
684 0 1 2557 15 125 22
685 1 2 2560 15856 185191 23784
686 0 3 2564 1 11 1
687 1 1 2568 1 10 1
688 0 2 2570 1377 14490 2065
689 0 20 2573 8 24 12
690 1 1 2578 75 685 112
691 0 1 2580 1 9 1
692 0 4 2583 1 10 1
693 1 11 2587 11 34 16
694 0 20 2591 2 7 3
695 1 9 2596 632479 4298464 948718
696 0 3 2600 10 81 15
697 0 2 2604 51 456 76
698 0 3 2608 1 10 1
699 0 2 2612 896 9246 1344
700 1 7 2616 27503 158364 41254
701 1 2 2620 1 9 1
702 1 1 2623 4 33 6
703 0 6 2626 73 666 109
704 1 2 2630 144 1361 216
705 1 7 2633 1 4 1
706 0 3 2637 10 81 15
707 0 1 2641 11 90 16
708 1 5 2644 1 9 1
709 0 3 2648 1 12 1
710 0 2 2652 1 12 1
711 1 4 2656 34277 412840 51415
712 0 2 2660 3 25 4
713 0 2 2663 1 10 1
714 1 10 2667 7 21 10
715 0 3 2671 1 9 1
716 0 1 2675 1 9 1
717 1 2 2678 240 2327 360
718 1 6 2682 4 33 6
719 0 1 2686 104 967 156
720 0 1 2689 1 9 1
721 0 1 2691 126 1183 189
722 1 1 2693 2442 26360 3663
723 1 1 2696 2 17 3
724 1 4 2699 2 17 3
725 1 2 2703 7 56 10
726 0 7 2707 949 4406 1423
727 0 4 2711 61840 762076 92760
728 0 10 2715 65 244 97
729 0 5 2719 2 17 3
730 1 1 2723 1 9 1
731 1 2 2726 5 40 7
732 0 22 2729 33 116 49
733 1 1 2734 1 10 1
734 1 2 2737 33961 408885 50941
735 1 2 2741 1 10 1
736 1 7 2745 6 18 9
737 0 9 2749 2 6 3
738 1 2 2753 320 3146 480
739 0 3 2756 3 25 4
740 1 48 2760 2 6 3
741 0 2 2765 1 10 1
742 0 1 2769 149 1411 223
743 0 1 2772 1 10 1
744 0 6 2775 1 10 1
745 1 2 2779 14 116 21
746 0 3 2782 296 2899 444
747 0 5 2786 1 9 1
748 0 1 2790 4 33 6
749 1 2 2793 14 116 21
750 1 1 2797 20 170 30
751 1 3 2800 1 9 1
752 0 6 2804 42 372 63
753 1 3 2808 1 11 1
754 0 3 2812 19 161 28
755 0 4 2816 6 48 9
756 1 1 2820 271 2643 406
757 1 3 2823 21 179 31
758 0 6 2827 7 56 10
759 0 1 2831 5 40 7
760 1 3 2834 36290 438065 54435
761 1 4 2838 1 9 1
762 0 1 2842 42 372 63
763 1 4 2845 395 3923 592
764 1 1 2849 1 8 1
765 0 2 2852 1205 12604 1807
766 1 15 2856 18 59 27
767 0 11 2860 1 4 1
768 0 2 2864 1 9 1
769 0 1 2868 1 10 1
770 1 3 2871 11 90 16
771 1 1 2875 342 3373 513
772 0 2 2878 1219 12757 1828
773 0 8 2881 2 6 3
774 0 3 2885 617 6258 925
775 1 2 2889 1 10 1
776 0 3 2893 1 11 1
777 0 3 2897 904 9333 1356
778 0 5 2901 31 270 46
779 1 1 2905 18080 212289 27120
780 0 2 2907 1 10 1
781 1 15 2910 1474 7059 2211
782 0 10 2914 8 24 12
783 0 1 2918 4 33 6
784 1 2 2921 1573 16652 2359
785 1 8 2924 1 4 1
786 1 4 2928 1 10 1
787 0 8 2932 2 6 3
788 0 1 2936 122 1143 183
789 0 1 2939 14 116 21
790 1 1 2942 1 13 1
791 0 3 2945 160 1520 240
792 0 2 2949 31 270 46
793 1 1 2952 5 40 7
794 1 5 2955 1 11 1
795 1 20 2959 45596 270176 68394
796 0 1 2964 105 976 157
797 1 3 2967 66196 817888 99294
798 1 4 2971 1 9 1
799 1 3 2975 5 40 7
800 0 3 2979 6109 68594 9163
801 1 4 2983 1325 13919 1987
802 0 1 2987 5 40 7
803 1 2 2990 133 1252 199
804 1 1 2994 1 9 1
805 1 2 2997 2 17 3
806 1 1 3001 30 261 45
807 0 2 3003 2 17 3
808 0 1 3006 7 56 10
809 1 8 3009 2 6 3
810 1 3 3013 1 9 1
811 1 1 3017 1 10 1
812 1 4 3020 15844 185045 23766
813 1 5 3024 7113 80379 10669
814 0 3 3028 1 10 1
815 0 11 3032 10 31 15
816 0 1 3036 1 10 1
817 1 1 3038 75 685 112
818 0 1 3041 57 513 85
819 1 1 3044 112 1045 168
820 1 4 3047 52 466 78
821 1 1 3051 1 9 1
822 0 2 3054 1 11 1
823 0 9 3058 4 12 6
824 0 4 3062 558 5633 837
825 0 73 3066 15 48 22
826 0 2 3071 22 188 33
827 0 1 3075 134 1262 201
828 1 6 3078 10 81 15
829 0 2 3082 1 12 1
830 0 4 3086 352 3477 528
831 0 3 3090 33 288 49
832 1 2 3094 2006 21467 3009
833 1 5 3098 4 32 6
834 0 2 3102 1 12 1
835 1 4 3106 3 25 4
836 0 1 3110 2 17 3
837 0 13 3113 54904 328708 82356
838 0 5 3117 6 48 9
839 1 25 3121 6 18 9
840 0 2 3126 3 25 4
841 1 1 3130 436 4350 654
842 0 1 3133 1 10 1
843 0 1 3136 5 40 7
844 0 2 3139 111 1035 166
845 1 1 3142 14 116 21
846 0 1 3145 13 107 19
847 0 1 3147 1 10 1
848 0 1 3150 1 8 1
849 1 5 3153 1 10 1
850 0 3 3157 87 801 130
851 0 2 3161 45 400 67
852 0 2 3164 1 10 1
853 1 5 3167 6 48 9
854 0 4 3171 1 11 1
855 1 6 3175 1 11 1
856 1 7 3179 1 4 1
857 0 9 3183 40 143 60
858 1 6 3187 358 1546 537
859 0 8 3191 5 15 7
860 0 3 3195 1694 17993 2541
861 0 3 3199 1 9 1
862 0 11 3203 1 4 1
863 1 15 3207 19 63 28
864 0 1 3211 731 7473 1096
865 0 7 3214 11 34 16
866 1 2 3218 1738 18481 2607
867 0 1 3221 6 48 9
868 1 2 3224 1 10 1
869 1 1 3228 12 99 18
870 0 8 3230 17108 95819 25662
871 1 23 3234 1 3 1
872 1 3 3239 13 108 19
873 0 2 3243 737 7537 1105
874 0 3 3246 87 801 130
875 1 3 3250 4 33 6
876 1 1 3254 4 33 6
877 1 3 3257 18346 215539 27519
878 0 2 3261 2 17 3
879 0 7 3264 6 18 9
880 0 7 3268 179 732 268
881 0 3 3272 9 72 13
882 1 1 3276 15 125 22
883 0 1 3278 4 33 6
884 1 3 3281 2 17 3
885 0 2 3285 1 10 1
886 1 2 3289 6 48 9
887 1 1 3293 4716 52375 7074
888 0 4 3296 1 9 1
889 0 2 3300 1 12 1
890 0 2 3304 159 1510 238
891 0 3 3308 18059 212032 27088
892 0 4 3312 162 1540 243
893 1 1 3316 66840 826151 100260
894 1 2 3319 1845 19671 2767
895 0 5 3323 1 13 1
896 1 2 3327 1 10 1
897 1 1 3330 2597 28109 3895
898 0 1 3333 4 33 6
899 0 1 3336 1 9 1
900 1 9 3339 2 7 3
901 1 1 3343 1 9 1
902 0 2 3346 12 99 18
903 0 1 3349 1 9 1
904 1 3 3352 3 25 4
905 1 4 3356 16 134 24
906 1 3 3360 2400 25887 3600
907 0 3 3364 1 9 1
908 0 16 3368 152 613 228
909 0 2 3372 5 41 7
910 0 3 3375 1320 13864 1980
911 1 7 3379 1 3 1
912 0 11 3383 1 4 1
913 1 1 3387 1 12 1
914 1 3 3390 1 9 1
915 1 16 3394 24 82 36
916 1 5 3398 1 9 1
917 1 1 3402 1 9 1
918 1 4 3405 3 25 4
919 0 1 3409 1 9 1
920 0 6 3412 1 9 1
921 1 1 3416 20 170 30
922 0 1 3419 1 10 1
923 1 3 3422 90 830 135
924 1 31 3426 117 461 175
925 0 3 3431 73 666 109
926 1 12 3435 16 52 24
927 0 1 3439 29 251 43
928 0 1 3442 1 9 1
929 1 6 3445 1 10 1
930 1 1 3449 218 2103 327
931 1 22 3452 1 5 1
932 0 2 3457 18 152 27
933 0 2 3461 1 10 1
934 0 6 3465 6 48 9
935 0 21 3469 1 6 1
936 1 1 3474 1 11 1
937 0 6 3477 179 1710 268
938 0 2 3481 1 9 1
939 1 1 3484 1 13 1
940 1 16 3487 99 385 148
941 0 3 3491 1 9 1
942 1 2 3495 330 3249 495
943 1 8 3499 20 67 30
944 0 2 3503 1 9 1
945 0 3 3507 22 188 33
946 1 3 3511 90 830 135
947 0 26 3515 1 4 1
948 0 1 3520 3 25 4
949 0 3 3523 1 9 1
950 0 4 3527 1 10 1
951 1 8 3531 2 6 3
952 1 7 3535 1 4 1
953 0 16 3539 35 124 52
954 1 2 3544 1 8 1
955 1 5 3548 92 850 138
956 1 1 3552 138 1301 207
957 1 34 3554 38 135 57
958 0 6 3559 46 167 69
959 0 3 3563 2 17 3
960 0 1 3567 11 90 16
961 1 5 3570 1 11 1
962 0 7 3574 1 4 1
963 1 1 3578 43 381 64
964 1 2 3581 1 9 1
965 1 1 3585 2 17 3
966 0 2 3587 135 1272 202
967 1 11 3590 1 3 1
968 1 2 3594 3 25 4
969 1 5 3598 1 14 1
970 0 1 3602 176 1680 264
971 0 3 3604 4 33 6
972 0 1 3608 14 116 21
