0 1 1 5 7638 86569 11457
1 0 12 14 1 4 1
2 0 7 34 5259 27400 7888
3 0 1 52 555 5602 832
4 0 1 61 5 41 7
5 1 6 70 1 4 1
6 1 1 87 34 297 51
7 1 12 98 1179 5559 1768
8 1 2 118 18905 222375 28357
9 0 4 131 3 10 4
10 0 2 146 3 25 4
11 1 2 159 119 1114 178
12 1 3 172 1 3 1
13 1 10 187 1 3 1
14 0 2 206 1 9 1
15 1 1 219 2 17 3
16 1 7 230 225 937 337
17 1 1 248 66 599 99
18 0 2 253 1 12 1
19 0 3 265 2 7 3
20 1 4 280 69 260 103
21 1 1 296 1 9 1
22 1 6 305 11 34 16
23 1 6 322 1484 7110 2226
24 0 9 340 1 4 1
25 1 5 359 1 3 1
26 0 1 376 81 743 121
27 1 2 387 4 33 6
28 1 4 399 563 2516 844
29 0 3 415 1 4 1
30 1 1 430 128 1202 192
31 1 6 441 2 6 3
32 0 1 459 42 372 63
33 1 1 468 1 11 1
34 1 3 476 1 9 1
35 0 1 490 2 17 3
36 1 6 501 2 6 3
37 1 4 519 1 3 1
38 0 1 535 32 279 48
39 0 4 543 1 4 1
40 0 2 559 5520 61716 8280
41 1 5 571 123 487 184
42 1 1 587 13 107 19
43 1 4 596 3 9 4
44 0 2 612 3 25 4
45 1 5 626 40 143 60
46 0 5 643 8520 45752 12780
47 1 1 660 7 56 10
48 0 8 668 1 4 1
49 1 4 686 4 12 6
50 0 38 702 1 4 1
51 0 7 725 1 3 1
52 1 5 743 1 6 1
53 0 9 759 3 9 4
54 1 2 778 1 12 1
55 1 6 792 82 313 123
56 0 2 810 1 9 1
57 1 2 822 4 33 6
58 0 1 835 53 475 79
59 1 1 845 1 9 1
60 1 1 852 3 25 4
61 1 10 863 5157 26836 7735
62 0 5 882 3 10 4
63 0 1 899 1 10 1
64 1 1 908 1 9 1
65 1 12 918 2 6 3
66 1 2 938 1 9 1
67 0 3 950 1038 10784 1557
68 1 11 964 391 1700 586
69 0 3 984 1 4 1
70 1 6 999 4 12 6
71 0 4 1016 1 6 1
72 0 4 1031 15 48 22
73 1 3 1047 1 5 1
74 0 4 1062 1 4 1
75 0 3 1078 65050 803191 97575
76 1 9 1092 361 1560 541
77 1 3 1111 1 4 1
78 0 2 1126 120 1123 180
79 1 7 1139 37 131 55
80 1 1 1157 1 11 1
81 1 16 1167 116547 726809 174820
82 0 3 1188 1 6 1
83 0 1 1203 587 5940 880
84 1 7 1215 2730 13631 4095
85 1 16 1233 602 2704 903
86 0 3 1254 2 7 3
87 1 7 1269 245 1027 367
88 1 14 1287 2237 11022 3355
89 1 1 1307 1 11 1
90 0 10 1315 1 4 1
91 0 4 1334 309 1319 463
92 0 4 1350 1 4 1
93 0 2 1366 18 152 27
94 1 2 1378 27 233 40
95 0 5 1390 2 7 3
96 0 4 1407 1 3 1
97 0 1 1423 1 9 1
98 0 3 1430 99 385 148
99 1 3 1444 1 3 1
100 0 3 1459 1 10 1
101 0 5 1473 186 763 279
102 0 3 1490 1 3 1
103 1 2 1505 3267 35715 4900
104 0 1 1518 52267 639947 78400
105 1 5 1529 11 34 16
106 0 1 1546 21917 259337 32875
107 1 2 1556 23 197 34
108 1 3 1568 1 4 1
109 0 2 1583 1 9 1
110 0 3 1597 77 293 115
111 0 3 1612 1 10 1
112 1 2 1626 1 10 1
113 0 2 1639 39 344 58
114 1 4 1652 476109 3190968 714163
115 0 1 1668 704 7185 1056
116 1 2 1678 1109 11557 1663
117 0 4 1691 1 4 1
118 1 5 1707 2625 13072 3937
119 0 2 1724 993 10296 1489
120 1 9 1737 797 3654 1195
121 0 2 1756 372 3684 558
122 0 4 1770 1 4 1
123 1 1 1786 1 11 1
124 0 10 1792 6 18 9
125 1 1 1811 2 17 3
126 1 1 1821 1 9 1
127 0 8 1832 25 85 37
128 1 5 1851 689 3126 1033
129 1 6 1868 2 6 3
130 0 1 1885 1 8 1
131 0 5 1895 2 6 3
132 1 1 1912 1 11 1
133 1 1 1922 4 33 6
134 1 1 1930 2 17 3
135 0 42 1939 18240 102546 27360
136 0 5 1962 1 4 1
137 0 2 1979 4 33 6
138 0 4 1992 628 2829 942
139 1 2 2007 598 6057 897
140 0 2 2019 1 11 1
141 1 3 2032 1391 14645 2086
142 0 2 2046 236 2286 354
143 0 3 2058 1 10 1
144 0 5 2072 70 264 105
145 1 5 2089 1 4 1
146 0 2 2106 1 8 1
147 0 6 2119 2 6 3
148 0 14 2136 482 2129 723
149 0 16 2156 2999 15067 4498
150 1 6 2177 387 1682 580
151 1 2 2194 488 4896 732
152 0 2 2208 2 17 3
153 1 3 2222 167 1590 250
154 0 41 2236 1152 5423 1728
155 1 2 2259 1 10 1
156 1 2 2272 1 8 1
157 0 4 2284 8 24 12
158 0 2 2300 52 466 78
159 1 2 2313 248531 3226263 372796
160 1 2 2326 17 143 25
161 1 2 2338 1 11 1
162 0 1 2350 2 17 3
163 0 12 2360 10 31 15
164 0 4 2380 1 5 1
165 1 4 2395 4 12 6
166 1 3 2411 1 3 1
167 1 23 2426 1 4 1
168 0 10 2448 4519 23318 6778
169 0 2 2467 75 685 112
170 0 1 2479 138 1301 207
171 0 3 2489 1 5 1
172 0 14 2504 4 12 6
173 1 1 2524 7 56 10
174 0 9 2536 1 6 1
175 1 6 2555 1 3 1
176 0 6 2572 1 4 1
177 0 3 2589 204 843 306
178 1 3 2604 28 97 42
179 1 2 2619 3 25 4
180 0 12 2631 53 195 79
181 1 3 2651 26 89 39
182 0 2 2666 9 73 13
183 1 2 2678 4 33 6
184 0 1 2690 1 10 1
185 1 1 2697 9 73 13
186 1 4 2707 12 38 18
187 0 2 2723 2 17 3
188 1 2 2736 176 1680 264
189 1 5 2748 30 104 45
190 0 2 2765 14 116 21
191 1 7 2778 4 12 6
192 0 9 2796 2 6 3
193 1 5 2815 2 6 3
194 1 2 2832 153 1450 229
195 0 40 2846 6 18 9
196 0 2 2869 195 1871 292
197 1 2 2882 30 261 45
198 0 2 2894 20 170 30
199 0 2 2906 2244 24133 3366
200 1 4 2918 236 986 354
201 1 1 2934 1 9 1
202 0 2 2944 4692 52097 7038
203 0 4 2957 8 24 12
204 0 20 2973 1 5 1
205 1 3 2994 3 25 4
206 1 1 3008 4 33 6
207 1 1 3017 8 64 12
208 1 3 3027 101 937 151
209 1 2 3041 1 11 1
210 0 3 3054 9 73 13
211 0 5 3068 1 4 1
212 1 19 3085 12 38 18
213 1 2 3106 3 25 4
214 1 4 3119 1 3 1
215 1 3 3135 164 665 246
216 0 4 3150 1 4 1
217 0 7 3166 3 9 4
218 1 2 3184 35798 431895 53697
219 0 2 3196 4 33 6
220 0 2 3210 2377947 33409207 3566920
221 1 5 3223 15 49 22
222 1 54 3240 79 301 118
223 0 3 3264 251 1054 376
224 1 4 3278 8 24 12
225 1 3 3294 162 657 243
226 1 15 3309 2 7 3
227 1 1 3329 17 143 25
228 0 5 3339 8 24 12
229 1 2 3356 27 233 40
230 1 1 3369 1 9 1
231 0 5 3378 13 41 19
232 1 1 3395 228 2205 342
233 0 2 3405 973 10079 1459
234 0 2 3417 2 17 3
235 0 16 3429 15 48 22
236 0 13 3449 973 4525 1459
237 0 1 3469 40 353 60
238 1 8 3478 532 2368 798
239 0 3 3496 13 108 19
240 0 2 3510 5 41 7
241 1 15 3523 58 215 87
242 1 1 3543 80 733 120
243 0 2 3553 46 410 69
244 0 1 3566 19 161 28
245 0 7 3576 2 6 3
246 1 7 3594 5 15 7
247 0 7 3612 81 310 121
