0 0 6 5 1 9 1
1 1 1 22 81 743 121
2 1 10 33 2 7 3
3 1 22 52 1 4 1
4 0 10 73 2 7 3
5 1 1 92 10 81 15
6 0 1 102 67 608 100
7 0 19 112 4 12 6
8 0 4 133 55 494 82
9 0 8 149 229 955 343
10 1 19 167 1 4 1
11 0 2 188 16 134 24
12 1 1 202 21 179 31
13 0 4 210 30 261 45
14 0 1 226 1 8 1
15 0 12 236 124 492 186
16 0 2 256 1 9 1
17 1 1 268 1 11 1
18 0 10 278 287 1218 430
19 1 2 297 1 9 1
20 0 1 310 4 33 6
21 1 1 321 1 10 1
22 1 5 331 8 64 12
23 1 1 348 1 9 1
24 1 3 358 1 10 1
25 0 4 373 1 9 1
26 0 2 389 825 8482 1237
27 0 5 401 1 10 1
28 1 3 418 5 41 7
29 0 8 433 1 4 1
30 0 3 452 2405 25943 3607
31 0 10 466 411 1794 616
32 1 5 485 4 33 6
33 1 4 502 6 48 9
34 1 17 518 2438 12081 3657
35 1 1 539 3 25 4
36 0 2 549 6 48 9
37 1 4 561 210 2023 315
38 1 3 577 258 2510 387
39 1 8 592 10832 59029 16248
40 1 2 610 315 3094 472
41 1 2 622 1 10 1
42 1 29 635 1 5 1
43 1 4 657 4832 53719 7248
44 0 1 672 2 17 3
45 0 3 683 2 17 3
46 1 3 698 61378 756165 92067
47 0 1 713 8906 101588 13359
48 0 2 722 8849 100911 13273
49 1 2 736 16 134 24
50 0 2 749 1 9 1
51 1 5 762 4 33 6
52 1 4 779 1071 11143 1606
53 1 2 794 59 532 88
54 0 8 808 1 5 1
55 0 7 826 1 4 1
56 0 2 844 1 9 1
57 1 2 858 269 2622 403
58 0 2 872 1 9 1
59 1 3 884 11 90 16
60 1 10 898 1 5 1
61 1 3 917 4397 48687 6595
62 0 9 932 1 3 1
63 1 1 951 39 344 58
64 0 1 960 454 4539 681
65 1 2 971 95 879 142
66 0 4 984 16 134 24
67 1 4 1000 1 9 1
68 0 5 1015 37 326 55
69 0 1 1032 4 33 6
70 1 24 1044 1 3 1
71 1 2 1066 5251 58584 7876
72 1 14 1078 42 151 63
73 0 2 1098 69 628 103
74 0 4 1112 9296 106225 13944
75 1 2 1127 131 1232 196
76 0 7 1140 1 4 1
77 0 1 1158 17 143 25
78 0 1 1169 1 10 1
79 0 2 1180 2 17 3
80 1 2 1192 1 9 1
81 1 9 1206 1 5 1
82 1 1 1225 251 2439 376
83 0 4 1233 2 17 3
84 0 3 1249 1 9 1
85 1 2 1264 1 9 1
86 0 1 1276 11 90 16
87 0 1 1287 1 8 1
88 1 2 1297 3200 34952 4800
89 1 2 1309 20 170 30
90 0 27 1323 1 4 1
91 0 12 1345 2 7 3
92 0 7 1365 27737 159789 41605
93 0 2 1383 629 6385 943
94 1 7 1397 61 227 91
95 0 4 1415 1 11 1
96 1 9 1430 104 406 156
97 1 1 1449 41 362 61
98 1 3 1458 6 48 9
99 0 5 1473 3 25 4
100 1 1 1490 2 17 3
101 1 4 1500 55 494 82
102 0 5 1516 1 10 1
103 0 5 1533 1 13 1
104 0 11 1550 1 4 1
105 1 1 1569 1 11 1
106 1 2 1580 1 8 1
107 1 16 1593 44174 261287 66261
108 0 1 1614 3 25 4
109 0 5 1619 3 25 4
110 0 1 1636 93 860 139
111 0 2 1647 32 279 48
112 1 9 1661 7 21 10
113 0 4 1680 15 125 22
114 1 2 1696 337485 4429845 506227
115 0 2 1709 1 9 1
116 1 2 1723 1 9 1
117 0 5 1737 1 11 1
118 1 18 1754 1 4 1
119 1 5 1775 147 1391 220
120 0 1 1792 438 4371 657
121 0 1 1801 1 9 1
122 0 1 1811 59 532 88
123 1 2 1821 1 10 1
124 0 4 1833 3 25 4
125 1 19 1849 162 657 243
126 1 5 1870 1 10 1
127 1 1 1887 10 81 15
128 1 3 1896 1 9 1
129 1 3 1911 1 12 1
130 1 3 1926 1 8 1
131 1 3 1941 1 10 1
132 0 3 1956 2 17 3
133 0 2 1971 1 11 1
134 0 8 1984 136 543 204
135 0 7 2002 4 12 6
136 0 1 2020 1 10 1
137 1 2 2030 1 9 1
138 1 3 2042 186 1780 279
139 0 1 2057 5 40 7
140 0 2 2062 17920 210335 26880
141 0 3 2076 19 161 28
142 1 9 2091 9 27 13
143 0 1 2110 1 9 1
144 0 1 2118 3 25 4
145 1 8 2126 1 4 1
146 1 10 2144 23 78 34
147 1 1 2163 1 12 1
148 0 3 2173 1 9 1
149 1 4 2188 2 17 3
150 1 5 2204 90291 1128853 135436
151 0 2 2221 248 2408 372
152 0 1 2234 1 10 1
153 1 4 2245 1 12 1
154 1 2 2261 1 8 1
155 1 6 2274 238 2306 357
156 1 4 2291 168 1600 252
157 0 1 2307 1 9 1
158 1 8 2316 1 3 1
159 1 3 2334 1015 10534 1522
160 1 3 2348 1 9 1
161 0 4 2363 1 8 1
162 0 4 2379 712 7270 1068
163 0 6 2394 8 24 12
164 1 3 2412 1 10 1
165 1 5 2427 1 11 1
166 0 18 2444 15656 87227 23484
167 1 27 2465 314 1342 471
168 0 1 2487 1 10 1
169 0 4 2496 326 3208 489
170 1 7 2511 29 100 43
171 0 4 2529 20 170 30
172 1 1 2545 8481 96544 12721
173 1 3 2554 28 242 42
174 1 8 2569 1 3 1
175 0 1 2587 1 13 1
176 1 2 2594 1 9 1
177 1 3 2606 1794 19103 2691
178 1 3 2620 16425 192110 24637
179 1 16 2634 495 2191 742
180 0 3 2655 1 9 1
181 0 7 2670 40 143 60
182 0 1 2688 1 8 1
183 0 1 2697 2881 31324 4321
184 0 11 2706 1 4 1
185 0 1 2725 1284 13469 1926
186 1 6 2732 1 11 1
187 1 13 2749 1 5 1
188 0 8 2769 1 5 1
189 1 14 2787 481 2124 721
190 0 3 2807 1 10 1
191 0 4 2821 5 40 7
192 0 8 2837 1 4 1
193 0 4 2855 22 188 33
194 1 2 2871 10 81 15
195 0 3 2884 1 9 1
196 0 3 2898 143 1351 214
197 0 3 2913 1464 15448 2196
198 0 17 2928 57 211 85
199 1 1 2949 2 17 3
200 1 5 2960 4 33 6
201 0 1 2976 9696 110989 14544
202 0 1 2986 1 11 1
203 0 6 2998 17400 203989 26100
204 0 4 3015 57 513 85
205 0 1 3031 139 1311 208
206 0 11 3042 60815 366156 91222
207 0 7 3061 851 3920 1276
208 0 7 3079 2 6 3
209 1 6 3097 329 3239 493
210 1 1 3115 3 25 4
211 1 3 3125 1 9 1
212 1 3 3139 39 344 58
213 0 4 3154 136 1282 204
214 0 2 3170 19 161 28
215 1 2 3183 1 9 1
216 1 4 3197 1 9 1
217 1 1 3213 61 552 91
218 0 5 3220 1 9 1
219 1 2 3237 1 10 1
220 1 1 3250 41 363 61
221 0 1 3260 1 10 1
222 1 2 3271 17 143 25
223 0 3 3283 1 12 1
224 0 1 3297 1 9 1
225 0 4 3304 618 6269 927
226 0 3 3320 1 10 1
227 1 3 3335 3 25 4
228 1 4 3350 353 3487 529
229 0 2 3366 1 12 1
230 1 2 3378 1 10 1
231 1 2 3391 26 224 39
232 1 8 3405 1 4 1
233 1 2 3423 1 9 1
234 0 3 3436 8 64 12
235 0 1 3451 34 297 51
236 0 4 3462 65 589 97
237 1 2 3478 18 152 27
238 0 3 3490 1 10 1
239 1 3 3505 40 353 60
240 1 4 3520 1 8 1
241 0 2 3536 4 33 6
242 1 7 3550 301 1282 451
243 0 3 3568 110307 1389548 165460
244 1 6 3583 1 4 1
245 0 2 3601 1 9 1
246 1 3 3615 360 3560 540
