0 0 5 5 14 45 21
1 1 1 9 1 10 1
2 1 3 12 3 25 4
3 1 7 16 1 4 1
4 1 3 20 2 6 3
5 1 8 24 494 2186 741
6 0 4 28 1176 5544 1764
7 1 1 32 7 56 10
8 0 1 35 3 25 4
9 1 3 38 571 2555 856
10 0 3 42 49 179 73
11 0 1 46 276 2694 414
12 0 2 49 2 17 3
13 1 1 53 3 25 4
14 1 10 56 22 74 33
15 1 5 60 1 4 1
16 1 10 64 1 3 1
17 0 1 68 1 9 1
18 0 2 71 1 10 1
19 1 10 75 431 1888 646
20 0 5 79 4 12 6
21 0 6 83 72 272 108
22 1 5 87 11160 60926 16740
23 0 2 91 4561 50582 6841
24 1 4 94 1 4 1
25 1 1 98 1159 12102 1738
26 1 2 101 8 64 12
27 1 2 105 1 9 1
28 0 40 109 4 12 6
29 0 2 114 1 9 1
30 0 4 118 291 1237 436
31 0 2 122 1 11 1
32 0 3 126 8 64 12
33 1 12 130 1 4 1
34 1 4 134 2 7 3
35 1 13 138 109746 682212 164619
36 1 2 142 1 9 1
37 0 4 146 243 1018 364
38 0 3 150 1 11 1
39 1 9 154 1 3 1
40 0 3 158 27 93 40
41 0 2 162 1685 17893 2527
42 0 5 166 1 3 1
43 1 1 170 3 25 4
44 0 5 173 255 1072 382
45 0 3 177 16559 92565 24838
46 1 2 181 18 152 27
47 0 1 185 8 64 12
48 0 12 188 63 235 94
49 0 4 192 1 3 1
50 1 2 196 1 8 1
51 0 2 200 22 188 33
52 1 1 204 1 9 1
53 0 3 206 1 11 1
54 1 1 210 374 3704 561
55 0 7 213 1 3 1
56 0 10 217 1 3 1
57 0 2 221 6 48 9
58 1 2 224 29 251 43
59 0 1 228 3 25 4
60 0 3 230 140 561 210
61 1 4 234 1 4 1
62 1 1 238 923 9538 1384
63 0 4 241 1 4 1
64 1 14 245 1939 9462 2908
65 1 3 249 2 6 3
66 0 1 253 150 1420 225
67 0 5 256 2 7 3
68 0 2 260 85 782 127
69 0 5 264 1 3 1
70 0 2 268 21 179 31
71 1 4 272 347 1495 520
72 1 7 276 1 4 1
73 0 11 280 3 9 4
74 0 1 284 4 33 6
75 1 3 287 1 4 1
76 1 1 291 1 9 1
77 0 4 294 1 4 1
78 0 1 298 26611 317322 39916
79 1 6 301 1 4 1
80 0 2 305 393 3902 589
81 0 1 309 109609 1380426 164413
82 1 10 312 15763 87859 23644
83 0 4 316 1 5 1
84 0 3 320 1 5 1
85 1 11 324 22 74 33
86 1 4 328 325 1393 487
87 1 6 332 1 5 1
88 0 2 336 1 9 1
89 1 3 340 1 3 1
90 0 3 344 119 1114 178
91 0 2 348 95 879 142
92 1 2 352 1 10 1
93 0 3 356 286 1214 429
94 1 5 360 1 3 1
95 1 3 364 6 48 9
96 0 2 368 77 704 115
97 1 5 372 120 474 180
98 0 6 376 2 6 3
99 0 5 380 1 3 1
100 1 1 384 5 41 7
101 0 1 387 1 8 1
102 1 1 390 1 11 1
103 1 1 393 2 17 3
104 1 2 396 1 9 1
105 1 1 400 58 523 87
106 1 5 402 1 4 1
107 1 2 406 1 9 1
108 1 18 409 80 305 120
109 1 3 414 1 4 1
110 0 6 418 6 18 9
111 0 15 422 2844 14239 4266
112 0 2 426 1 9 1
113 1 1 429 5 40 7
114 1 5 432 1 3 1
115 0 9 436 1217 5750 1825
116 1 4 440 4329 22276 6493
117 0 17 444 34821 203221 52231
118 1 5 449 1 3 1
119 1 3 453 58769 353171 88153
120 0 7 457 4 12 6
121 1 2 461 133 1252 199
122 0 5 464 211 874 316
123 1 4 468 114 449 171
124 1 2 472 279 2725 418
125 0 6 476 631 2844 946
126 0 3 480 60 223 90
127 1 1 484 25452 302966 38178
128 0 7 487 1 4 1
129 0 1 491 1 9 1
130 0 5 494 109 427 163
131 1 1 498 612 6205 918
132 1 7 501 1080 5060 1620
133 1 12 505 1 7 1
134 0 16 509 439 1926 658
135 0 3 514 57 211 85
136 1 4 518 5043 26205 7564
137 0 1 522 1 10 1
138 0 6 525 3 9 4
139 0 1 529 10 81 15
140 1 2 532 1 10 1
141 0 2 536 1 9 1
142 0 3 540 8 24 12
143 0 2 544 8 64 12
144 0 4 548 1 4 1
145 1 1 552 18 152 27
146 0 1 555 14 116 21
147 1 2 558 1 10 1
148 1 2 561 1 10 1
149 0 2 564 1 11 1
150 0 1 567 10486131 154685831 15729196
151 1 8 570 96 372 144
152 1 3 574 1 9 1
153 0 2 578 1462 15426 2193
154 0 6 582 2 7 3
155 0 4 586 66 248 99
156 1 2 590 5 40 7
157 0 1 594 457 4570 685
158 0 3 597 12084 139583 18126
159 1 3 601 12 38 18
160 1 1 605 10 81 15
161 0 2 608 5860 65682 8790
162 1 1 612 37 325 55
163 0 5 615 266 1123 399
164 0 2 619 64 580 96
165 1 4 623 5 15 7
166 0 5 627 8 24 12
167 0 1 631 1 10 1
168 0 19 633 1 5 1
169 0 2 638 1 11 1
170 0 5 642 1 3 1
171 1 4 646 136 543 204
172 0 1 650 60 542 90
173 0 2 653 15 125 22
174 0 11 657 1 4 1
175 0 2 661 4 33 6
176 1 2 665 1 10 1
177 0 8 669 14 45 21
178 0 4 673 1 4 1
179 1 4 677 180 736 270
180 1 3 681 7 56 10
181 1 3 685 1 9 1
182 1 1 689 1 10 1
183 0 1 692 1 9 1
184 1 4 695 12 38 18
185 1 1 699 50 447 75
186 0 6 702 140 561 210
187 0 1 706 48 428 72
188 0 15 709 2 6 3
189 1 6 713 1 5 1
190 1 3 717 1 3 1
191 0 1 721 53 475 79
192 1 2 724 2 17 3
193 0 3 727 8 64 12
194 0 3 731 106 986 159
195 1 2 735 8 64 12
196 0 2 738 1 8 1
197 0 1 742 234 2266 351
198 0 1 745 29 251 43
199 1 3 748 1 4 1
200 1 3 752 8 64 12
201 0 8 756 6 18 9
202 1 3 760 408 1780 612
203 1 3 764 108 423 162
204 1 6 768 1 3 1
205 0 1 772 1 12 1
206 1 1 775 1 14 1
207 1 2 778 396 3933 594
208 1 8 782 117 461 175
209 1 3 786 11 34 16
210 1 7 790 147 591 220
211 1 3 794 9211 105214 13816
212 0 1 798 341 3363 511
213 1 2 801 12 99 18
214 1 5 804 1 5 1
215 0 2 808 3 25 4
216 0 3 812 88 339 132
217 1 14 816 1 3 1
218 0 5 820 1 3 1
219 1 4 824 5 15 7
220 0 2 828 1040 10806 1560
221 0 1 832 16 134 24
222 0 1 835 130 1222 195
223 0 2 838 1 12 1
224 1 3 841 2 7 3
225 0 4 845 20 67 30
226 1 7 849 3 9 4
227 0 1 853 36 316 54
228 0 29 856 90 347 135
229 0 3 861 1 9 1
230 0 1 865 125 1173 187
231 0 3 868 547 5517 820
232 0 1 872 1 9 1
233 1 1 875 32 279 48
234 0 5 877 1 5 1
235 1 1 881 58 523 87
236 0 1 884 216 2083 324
237 0 1 887 1 9 1
238 0 42 890 22 74 33
239 0 4 895 9023 48625 13534
240 0 1 899 1 8 1
241 0 20 902 1 4 1
242 1 2 907 48 428 72
243 1 9 911 1934 9435 2901
244 0 1 915 13 107 19
245 1 15 918 19 63 28
246 0 2 922 2 17 3
247 0 19 926 24 81 36
248 1 1 931 1 9 1
249 1 2 934 5 40 7
250 0 3 937 1 3 1
251 0 4 941 10 31 15
252 0 3 945 93 360 139
253 0 3 949 124 1163 186
254 1 1 953 1 9 1
255 0 2 956 1 10 1
256 0 2 960 4 33 6
257 0 2 964 26 224 39
258 1 1 967 175 1670 262
259 1 2 970 26810 319790 40215
260 0 4 974 1 4 1
261 0 3 978 74 280 111
262 1 1 982 12 99 18
263 0 1 984 5131 57189 7696
264 0 1 987 1 9 1
265 1 6 990 1 4 1
266 0 16 994 520 2310 780
267 0 3 998 38 135 57
268 0 1 1002 248 2408 372
269 0 2 1005 4 33 6
270 0 3 1009 217 2093 325
271 0 4 1013 1 4 1
272 0 10 1017 2 7 3
273 0 2 1021 1 12 1
274 1 5 1024 4 12 6
275 0 1 1028 1 10 1
276 0 1 1031 274 2674 411
277 0 6 1034 5838 30619 8757
278 1 2 1038 1 9 1
279 1 1 1042 90 830 135
280 1 9 1045 50 183 75
281 1 2 1049 6 48 9
282 1 5 1053 7 21 10
283 0 2 1057 6787 76545 10180
284 0 1 1061 1 11 1
285 0 5 1064 1637 7896 2455
286 1 3 1068 23 197 34
287 0 2 1072 17281 202538 25921
288 0 4 1075 22 74 33
289 1 8 1079 120906 755462 181359
290 1 2 1083 745 7623 1117
291 1 1 1087 1 9 1
292 1 2 1090 119 1114 178
293 0 1 1093 454 4539 681
294 1 9 1096 127661 799968 191491
295 0 1 1100 31 270 46
296 1 12 1103 501 2220 751
297 0 3 1107 1 4 1
298 1 18 1111 536 2387 804
299 0 2 1116 1 11 1
300 1 1 1120 3 25 4
301 1 1 1123 1 11 1
302 0 4 1126 1 4 1
303 0 5 1130 341 1467 511
304 1 112 1134 5 15 7
305 1 1 1139 23 197 34
306 1 5 1142 1 3 1
307 0 1 1146 1 10 1
308 0 2 1149 9 73 13
309 1 2 1153 10 81 15
310 0 6 1157 19 63 28
311 1 2 1161 32 279 48
312 1 3 1165 8392 95489 12588
313 0 1 1169 5036 56086 7554
314 1 4 1172 5 15 7
315 1 5 1176 529 2353 793
316 1 1 1180 8 64 12
317 0 2 1183 30 261 45
318 0 1 1187 1 8 1
319 0 3 1190 121 479 181
320 1 2 1194 1807 19248 2710
321 1 5 1198 13 41 19
322 1 3 1202 138 552 207
323 1 4 1206 1 3 1
324 1 23 1210 13 41 19
325 0 2 1215 296 2899 444
326 0 3 1218 1417 6767 2125
327 1 7 1222 25 85 37
328 1 2 1226 2 17 3
329 0 2 1230 4 33 6
330 0 6 1233 23 78 34
331 0 2 1237 5 41 7
332 0 1 1240 28964 346541 43446
333 1 3 1243 2 6 3
334 1 3 1247 1 4 1
335 0 2 1251 1 9 1
336 0 4 1254 1 4 1
337 1 2 1258 461 4612 691
338 1 3 1262 3 25 4
339 1 2 1266 3 25 4
340 0 3 1269 1 10 1
341 1 2 1273 1 10 1
342 0 1 1277 34 298 51
343 0 4 1280 7 21 10
344 1 2 1284 2 17 3
345 0 1 1287 234 2266 351
346 1 22 1290 230800 1491527 346200
347 0 12 1295 1 4 1
348 0 2 1299 190 1821 285
349 0 3 1303 13 108 19
350 1 1 1307 65 589 97
351 1 1 1310 816 8385 1224
352 1 2 1313 64 580 96
353 0 5 1317 2392 11838 3588
354 0 2 1321 4 33 6
355 1 4 1325 1 6 1
356 0 3 1329 1 4 1
357 0 6 1333 98 381 147
358 0 5 1337 1809 8786 2713
359 0 2 1341 1 9 1
360 1 4 1344 6 18 9
361 0 1 1348 1 8 1
362 1 4 1351 1 4 1
363 1 5 1355 38 135 57
364 1 1 1359 13 107 19
365 0 1 1362 1 11 1
366 1 1 1365 1 11 1
367 0 1 1368 5 41 7
368 0 11 1371 1 5 1
369 1 1 1375 2 17 3
370 1 2 1378 2032 21757 3048
371 1 1 1381 2 17 3
372 0 2 1384 959 9927 1438
373 0 2 1388 3 25 4
374 1 3 1392 283314 1850126 424971
375 1 1 1396 1 10 1
376 0 2 1399 2 17 3
377 0 13 1402 72 272 108
378 0 3 1406 2 17 3
379 1 1 1410 8 64 12
380 0 5 1412 1 4 1
381 1 1 1416 3 25 4
382 1 1 1419 1 9 1
383 0 3 1422 1 11 1
384 1 1 1426 30 261 45
385 1 1 1429 143 1351 214
386 1 1 1432 1 11 1
387 0 5 1435 75 284 112
388 1 2 1439 363 3590 544
389 1 1 1443 201 1931 301
390 1 8 1446 1 3 1
391 1 15 1450 2 6 3
392 1 1 1454 1 9 1
393 0 2 1457 325 3198 487
394 1 16 1461 1 5 1
395 0 4 1465 334 1435 501
396 1 1 1469 936 9679 1404
397 0 4 1472 335 1439 502
398 0 2 1476 1 9 1
399 0 3 1480 527 2344 790
400 1 1 1484 1 10 1
401 1 4 1486 1 4 1
402 0 7 1490 17 56 25
403 1 5 1494 3 10 4
404 0 5 1498 4 12 6
405 1 2 1502 4 33 6
406 0 4 1505 3203 16162 4804
407 0 1 1509 1 9 1
408 0 8 1511 1 5 1
409 1 7 1515 1 3 1
410 1 4 1519 2 6 3
411 0 4 1523 78 297 117
412 1 1 1527 466 4665 699
413 1 3 1529 4 12 6
414 1 4 1533 7 21 10
415 0 1 1537 10 81 15
416 0 2 1540 1 10 1
417 1 3 1544 37 131 55
418 0 1 1548 14 116 21
419 0 2 1551 1 9 1
420 0 2 1555 72 657 108
421 1 1 1559 63 570 94
422 1 2 1562 1 9 1
423 1 1 1566 2 17 3
424 1 3 1569 9927 53810 14890
425 1 4 1573 1 4 1
426 1 6 1577 1 4 1
427 0 2 1581 148 1400 222
428 0 2 1585 1409 14842 2113
429 1 4 1588 2 6 3
430 1 5 1592 39444 231830 59166
431 1 1 1596 21 179 31
432 0 3 1598 2 7 3
433 0 19 1602 1 4 1
434 0 7 1607 86 330 129
435 1 2 1611 239 2317 358
436 0 1 1615 1 9 1
437 0 1 1618 82 753 123
438 0 1 1621 109 1015 163
439 0 36 1624 14 45 21
440 1 1 1629 9 72 13
441 1 1 1632 7460 84468 11190
442 1 3 1635 1 10 1
443 1 5 1639 1 3 1
444 1 5 1643 1 4 1
445 1 3 1647 1 4 1
446 1 5 1651 1 5 1
447 0 3 1655 5 15 7
448 0 1 1659 1 14 1
449 1 1 1662 25 215 37
450 0 1 1665 4 33 6
451 1 3 1668 1 4 1
452 0 2 1672 1 10 1
453 0 1 1675 104 967 156
454 1 1 1678 4 32 6
455 0 1 1681 234 2265 351
456 0 1 1684 98905 1240811 148357
457 0 3 1687 1 3 1
458 1 2 1691 5 41 7
459 0 3 1695 1 6 1
460 1 14 1699 1 3 1
461 1 2 1703 7 56 10
462 1 6 1706 268 1132 402
463 1 1 1710 9 72 13
464 1 23 1713 26 89 39
465 0 2 1718 1 11 1
466 1 7 1722 3 10 4
467 1 3 1726 1 4 1
468 0 3 1730 1994775 14315588 2992162
469 0 5 1734 6 18 9
470 1 2 1738 5 41 7
471 1 1 1742 1 9 1
472 1 5 1745 275 1163 412
473 0 2 1749 18 152 27
474 1 2 1753 783 8030 1174
475 0 2 1756 139 1311 208
476 0 9 1759 1 4 1
477 0 5 1763 411 1794 616
478 0 5 1767 1 5 1
479 0 1 1771 37 325 55
480 1 1 1774 1 12 1
481 0 4 1776 157 635 235
482 0 4 1780 1 4 1
483 1 2 1784 1 8 1
484 1 1 1788 10 81 15
485 0 1 1791 547 5517 820
486 0 2 1794 1 9 1
487 1 2 1797 5 40 7
488 1 4 1801 116 457 174
489 1 1 1805 207694 2678510 311541
490 0 1 1808 1 10 1
491 1 1 1810 2466 26631 3699
492 1 5 1813 1 4 1
493 0 4 1817 6137 32289 9205
494 0 1 1821 108 1006 162
495 1 9 1824 11 34 16
496 1 6 1828 6819 36115 10228
497 0 1 1832 1 9 1
498 1 10 1835 1 3 1
499 1 6 1839 1 5 1
500 0 2 1843 1 11 1
501 0 3 1846 49 179 73
502 0 5 1850 6 18 9
503 1 3 1854 1 4 1
504 0 25 1858 1 5 1
505 0 4 1863 156 631 234
506 1 5 1867 1 4 1
507 0 1 1871 8705 99201 13057
508 1 1 1874 8 64 12
509 1 3 1877 8 24 12
510 1 2 1881 7795 88424 11692
511 0 1 1885 2 17 3
512 1 6 1887 6423 33890 9634
513 0 2 1891 1360 14303 2040
514 1 1 1895 3103 33847 4654
515 1 1 1897 89 821 133
516 1 2 1900 1 9 1
517 1 12 1904 5 15 7
518 1 10 1908 6 18 9
519 0 9 1912 12321 67669 18481
520 0 1 1916 27 233 40
521 1 1 1919 37 325 55
522 0 8 1922 39 139 58
523 0 6 1926 62 231 93
524 1 2 1930 142 1341 213
525 1 3 1934 3 9 4
526 1 6 1938 10 31 15
527 0 2 1942 196 1881 294
528 1 1 1945 1 9 1
529 0 3 1948 226 941 339
530 0 2 1952 3 25 4
531 0 3 1956 14 116 21
532 0 3 1960 1 3 1
533 0 6 1964 3 10 4
534 0 2 1968 1 9 1
535 0 1 1971 1 9 1
536 1 1 1974 1 9 1
537 0 9 1977 1 3 1
538 1 6 1981 1 4 1
539 1 1 1985 177 1690 265
540 1 1 1988 23 197 34
541 0 2 1991 418 4163 627
542 0 3 1995 251 2439 376
543 1 2 1999 2 17 3
544 0 1 2002 187 1791 280
545 1 9 2005 261 1100 391
546 1 6 2009 31 108 46
547 1 4 2013 5945 31216 8917
548 0 5 2017 41394 243952 62091
549 0 4 2021 273 1154 409
550 1 5 2025 1 4 1
551 0 3 2029 3 10 4
552 1 11 2033 1080 5060 1620
553 1 9 2037 138 552 207
554 0 3 2041 1 4 1
555 1 3 2045 1 9 1
556 1 3 2049 20 67 30
557 1 7 2053 234 978 351
558 1 1 2057 1 11 1
559 0 10 2059 1 3 1
560 0 6 2063 812 3728 1218
561 1 2 2067 1 11 1
562 1 5 2071 126 500 189
563 0 13 2075 12 38 18
564 0 3 2079 13177 72663 19765
565 1 1 2083 1 10 1
566 1 2 2086 146 1381 219
567 1 3 2090 629 2835 943
568 1 3 2094 161 652 241
569 1 3 2098 179 731 268
570 0 20 2102 47 171 70
571 0 3 2107 2 7 3
572 1 1 2111 1 9 1
573 1 3 2114 58 523 87
574 1 2 2118 11553 133203 17329
575 1 5 2122 255 1072 382
576 0 4 2126 1 4 1
577 1 10 2130 2 6 3
578 0 2 2134 1 11 1
579 0 3 2138 1 5 1
580 1 3 2142 1 4 1
581 1 9 2146 2 7 3
582 1 1 2150 33 289 49
583 1 2 2153 563 5686 844
584 1 1 2157 5 41 7
585 1 2 2160 3 25 4
586 1 5 2164 3169 15979 4753
587 0 2 2168 3257 35601 4885
588 0 5 2171 1 4 1
589 1 2 2175 1328 13952 1992
590 1 4 2179 2 7 3
591 1 2 2183 8 64 12
592 0 8 2187 1 4 1
593 0 25 2191 1 5 1
594 0 2 2196 1 10 1
595 1 14 2199 1746 8459 2619
596 0 8 2203 250 1050 375
597 0 5 2207 9 27 13
598 1 4 2211 28 97 42
599 1 1 2215 351 3466 526
600 1 1 2217 627 6364 940
601 1 2 2219 1 9 1
602 1 3 2223 2 17 3
603 1 1 2227 27 233 40
604 0 11 2230 11 34 16
605 1 3 2234 62 231 93
606 0 3 2238 65 590 97
607 1 2 2242 427 4256 640
608 0 4 2246 346 1490 519
609 1 2 2250 46 409 69
610 1 4 2254 39 139 58
611 1 2 2258 595 6025 892
612 0 1 2262 2058 22048 3087
613 0 2 2265 36 316 54
614 1 2 2269 89 821 133
615 1 3 2272 20 67 30
616 1 4 2276 51 187 76
617 0 5 2280 1 4 1
618 1 5 2284 466 2053 699
619 0 2 2288 1 10 1
620 0 3 2292 1 4 1
621 1 10 2296 2 7 3
622 1 4 2300 38 135 57
623 0 2 2304 1 9 1
624 1 4 2308 1 7 1
625 1 2 2312 108 1006 162
626 1 27 2316 2 7 3
627 1 1 2321 421 4194 631
628 0 1 2324 1 9 1
629 1 1 2327 1 9 1
630 0 2 2330 951 9841 1426
631 1 3 2333 7 21 10
632 1 2 2337 2 17 3
633 0 2 2341 536 5401 804
634 1 2 2345 2 17 3
635 0 2 2348 599 6067 898
636 1 1 2352 791 8116 1186
637 1 1 2355 136 1282 204
638 0 15 2358 1 3 1
639 1 3 2362 50 183 75
640 1 3 2366 1 3 1
641 1 2 2370 4 33 6
642 0 1 2373 101 937 151
643 0 1 2376 32 279 48
644 0 8 2379 7 21 10
645 1 1 2383 1071 11143 1606
646 0 7 2386 5 15 7
647 0 18 2390 12 38 18
648 0 1 2395 1 12 1
649 0 1 2398 1 10 1
650 1 7 2401 2 6 3
651 1 1 2405 7 56 10
652 0 1 2408 1 10 1
653 0 4 2411 3141 15829 4711
654 0 3 2415 10 81 15
655 0 1 2419 84241 1050449 126361
656 1 5 2422 11 34 16
657 1 1 2426 1 8 1
658 1 9 2429 1 3 1
659 1 1 2433 1 10 1
660 0 11 2436 11 34 16
661 0 4 2440 1 5 1
662 1 10 2444 141 565 211
663 0 1 2448 1 9 1
664 1 1 2451 1 9 1
665 1 7 2454 1 4 1
666 0 5 2458 23 78 34
667 0 6 2462 1 4 1
668 0 7 2466 1 3 1
669 0 5 2470 87 334 130
670 1 5 2474 3 9 4
671 1 2 2478 26073 310655 39109
672 0 1 2482 1 8 1
673 1 9 2484 16433 91820 24649
674 1 2 2488 804 8256 1206
675 1 1 2492 1 10 1
676 1 1 2495 186 1781 279
677 1 4 2498 1 3 1
678 1 2 2502 2 17 3
679 1 2 2505 22187 262660 33280
680 1 2 2508 2 17 3
681 1 2 2512 1386 14590 2079
682 1 2 2515 8556755 125401719 12835132
683 1 2 2519 63 570 94
684 1 10 2523 11 34 16
685 0 4 2527 1 4 1
686 0 1 2531 13 107 19
687 0 17 2534 19 63 28
688 1 2 2539 19 161 28
689 0 2 2542 59 532 88
690 1 6 2546 473 2087 709
691 1 4 2550 20 67 30
692 0 2 2554 1 9 1
693 0 1 2558 72 657 108
694 0 5 2561 6 18 9
695 0 3 2565 28 97 42
696 1 2 2569 11 90 16
697 0 4 2573 28 97 42
698 1 1 2577 1 10 1
699 0 2 2580 14 116 21
700 1 2 2584 43 381 64
701 0 3 2588 1 5 1
702 1 2 2592 1 10 1
703 0 1 2596 1 9 1
704 1 2 2599 1 9 1
705 1 1 2602 1 10 1
706 0 1 2605 1 8 1
707 0 6 2608 1487 7125 2230
708 1 7 2612 1 3 1
709 1 2 2616 155 1470 232
710 0 2 2620 58 523 87
711 1 2 2624 1 11 1
712 0 10 2628 24 82 36
713 0 4 2632 1 4 1
714 0 3 2636 39 139 58
715 1 3 2640 1 4 1
716 0 8 2644 1 4 1
717 0 4 2648 4 12 6
718 1 2 2652 1 10 1
719 1 1 2656 2 17 3
720 0 5 2659 1 4 1
721 0 14 2663 2 7 3
722 1 2 2667 1 11 1
723 1 2 2671 270 2633 405
724 0 4 2675 3 10 4
725 0 2 2679 1 10 1
726 0 24 2682 812 3728 1218
727 1 3 2687 1611 17073 2416
728 1 3 2691 42 151 63
729 1 4 2695 19 63 28
730 1 4 2699 2 6 3
731 1 2 2703 1 10 1
732 1 1 2707 1 9 1
733 1 3 2710 21388 252830 32082
734 1 2 2714 2 17 3
735 1 1 2718 1 11 1
736 0 2 2721 1 9 1
737 0 5 2724 79 301 118
738 1 5 2728 45 163 67
739 1 1 2732 16 134 24
740 1 2 2735 4 33 6
741 0 1 2739 1 10 1
742 1 8 2742 6 18 9
743 1 1 2746 83 763 124
744 1 2 2749 2 17 3
745 1 1 2753 1 13 1
746 1 1 2756 3 25 4
747 1 2 2759 1 11 1
748 0 2 2762 1 10 1
749 0 1 2766 20 170 30
750 1 1 2769 3 25 4
751 0 2 2772 11 90 16
752 1 2 2776 144456 1838156 216684
753 1 1 2780 73 666 109
754 0 1 2783 1 11 1
755 1 2 2786 25403 302359 38104
756 1 1 2790 2 17 3
757 0 2 2793 878 9052 1317
758 1 2 2797 37 325 55
759 1 7 2801 1 6 1
760 0 2 2805 156 1480 234
761 1 5 2809 5 15 7
762 1 6 2813 1 4 1
763 0 3 2817 78 297 117
764 1 1 2821 36 316 54
765 1 8 2824 28 97 42
766 1 3 2828 132 526 198
767 1 3 2832 48 428 72
768 1 4 2836 14 45 21
769 1 1 2840 11 90 16
770 1 5 2843 16 52 24
771 0 5 2847 2 6 3
772 1 1 2851 55 494 82
773 0 3 2854 3590 39406 5385
774 0 4 2858 118 466 177
775 0 1 2862 1 12 1
776 1 4 2865 432117 2882254 648175
777 1 1 2869 68 618 102
778 1 1 2872 5 41 7
779 1 2 2875 67 609 100
780 0 7 2879 13 41 19
781 0 1 2883 13071 151469 19606
782 0 1 2886 156 1480 234
783 1 3 2888 10940 59653 16410
784 1 13 2892 1 3 1
785 0 7 2896 1340 6375 2010
786 1 13 2900 3 9 4
787 0 4 2904 1 3 1
788 0 1 2908 1 9 1
789 0 2 2911 29 251 43
790 0 14 2914 1 3 1
791 1 2 2918 1 10 1
792 1 14 2921 1545 7423 2317
793 0 2 2925 5 40 7
794 0 3 2928 1 4 1
795 0 1 2932 8 64 12
796 1 6 2935 459 2020 688
797 1 1 2939 1 9 1
798 0 4 2942 4340 22336 6510
799 0 3 2946 10 31 15
800 1 4 2950 1 3 1
801 0 21 2954 6 18 9
802 0 29 2959 77 293 115
803 0 3 2964 7 21 10
804 0 1 2968 160 1520 240
805 0 1 2971 1 9 1
806 0 4 2974 247 1036 370
807 1 2 2978 14 116 21
808 0 3 2982 1 9 1
809 0 2 2986 328 3228 492
810 1 2 2990 576 5823 864
811 1 17 2994 5 15 7
812 0 4 2999 6 18 9
813 1 5 3003 241661 1565395 362491
814 1 3 3007 8 64 12
815 1 5 3011 1 5 1
816 0 1 3015 27 233 40
817 0 6 3018 1 4 1
818 0 5 3022 4 12 6
819 1 5 3026 110 432 165
820 0 1 3030 17 143 25
821 0 1 3033 82 753 123
822 0 2 3036 1662 17638 2493
823 1 9 3040 1 4 1
824 1 6 3044 1 6 1
825 1 1 3048 18 152 27
826 0 32 3051 1 4 1
827 1 2 3056 1 9 1
828 0 3 3060 1 7 1
829 0 2 3064 1 9 1
830 1 3 3068 3 10 4
831 1 2 3072 41 363 61
832 1 2 3075 159 1510 238
833 1 4 3078 6 18 9
834 0 1 3082 152 1440 228
835 0 5 3085 1 4 1
836 1 3 3089 962 4470 1443
837 1 2 3093 22 188 33
838 1 4 3096 2175 10696 3262
839 0 1 3100 1 12 1
840 1 2 3103 18033 211714 27049
841 1 1 3106 3 25 4
842 1 3 3108 1 12 1
843 1 3 3112 1 9 1
844 1 11 3116 18 59 27
845 1 15 3120 112 440 168
846 1 5 3124 8 24 12
847 1 24 3128 1 4 1
848 0 3 3133 5 40 7
849 1 8 3137 500 2215 750
850 0 2 3141 1 9 1
851 1 1 3144 5 40 7
852 0 2 3147 17 143 25
853 1 1 3150 1554 16442 2331
854 1 1 3153 31 270 46
855 0 2 3156 123682 1564730 185523
856 1 1 3160 1 11 1
857 1 4 3162 1 4 1
858 0 6 3166 21 70 31
859 1 1 3170 1147 11971 1720
860 0 3 3173 1 5 1
861 1 1 3177 5 41 7
862 1 2 3179 1 9 1
863 0 1 3183 1 13 1
864 0 6 3186 1 3 1
865 0 3 3190 383 3798 574
866 0 2 3194 2341 25223 3511
867 0 5 3198 44 159 66
868 0 11 3202 1 4 1
869 0 1 3206 5 40 7
870 1 5 3209 1 4 1
871 1 4 3213 6745 35698 10117
872 1 4 3217 1 3 1
873 0 5 3221 1 4 1
874 1 4 3225 1 4 1
875 0 1 3229 9 73 13
876 1 5 3232 38 135 57
877 1 1 3236 11 90 16
878 0 2 3239 5 41 7
879 0 5 3243 791 3624 1186
880 1 2 3247 1 9 1
881 1 7 3251 1664 8035 2496
882 1 2 3255 1 12 1
883 1 7 3259 4124 21155 6186
884 1 10 3263 3 10 4
885 0 3 3267 118 466 177
886 0 1 3271 7 56 10
887 1 7 3274 59 219 88
888 0 7 3278 48 175 72
889 1 3 3282 169 688 253
890 0 6 3286 6 18 9
891 1 3 3290 54 199 81
892 0 4 3294 9 27 13
893 0 2 3298 217 2093 325
894 0 3 3302 445 1954 667
895 1 7 3306 1 4 1
896 1 2 3310 1761 18736 2641
897 0 2 3314 1 9 1
898 1 1 3318 3 25 4
899 0 2 3321 299 2930 448
900 1 3 3324 6335 33397 9502
901 1 7 3328 12 38 18
902 0 3 3332 1 4 1
903 0 2 3336 26 224 39
904 1 1 3340 1 12 1
905 0 1 3343 1 9 1
906 1 3 3346 12 38 18
907 0 5 3350 1 3 1
908 1 17 3354 29 100 43
909 1 7 3359 111 436 166
910 1 1 3363 890 9182 1335
911 0 2 3365 4 33 6
912 1 1 3368 1 9 1
913 0 19 3371 27 93 40
914 0 6 3376 1810 8791 2715
915 0 1 3380 1 10 1
916 1 1 3383 1 9 1
917 1 2 3386 1 9 1
918 0 3 3390 1 4 1
919 1 8 3394 407 1775 610
920 0 3 3398 1 4 1
921 1 1 3402 8 64 12
922 1 7 3405 59 219 88
923 0 16 3409 4 12 6
924 0 3 3413 1 3 1
925 0 3 3417 1240 5867 1860
926 1 3 3421 499 2210 748
927 1 5 3425 1202 5675 1803
928 0 1 3429 1 11 1
929 1 1 3432 2 17 3
930 1 8 3435 1 4 1
931 1 2 3439 453 4528 679
932 0 14 3443 9 27 13
933 1 2 3447 1 10 1
934 0 2 3450 26 224 39
935 1 3 3454 3 25 4
936 0 3 3458 28 97 42
937 0 2 3462 1 9 1
938 0 4 3466 776 3551 1164
939 1 1 3470 19 161 28
940 1 3 3473 10 81 15
941 1 4 3477 35 124 52
942 1 1 3481 111 1035 166
943 0 3 3484 2 6 3
944 0 7 3488 1716 8304 2574
945 1 2 3492 904 9333 1356
946 1 1 3495 3 25 4
947 0 1 3498 1 11 1
948 1 1 3501 12 99 18
949 1 2 3504 1805 19226 2707
950 1 1 3507 4 33 6
951 1 2 3510 2 17 3
952 0 1 3513 4 33 6
953 1 1 3516 34 298 51
954 0 2 3519 42 372 63
955 1 10 3522 2 7 3
956 0 2 3526 2 17 3
957 0 2 3530 1 10 1
958 1 3 3533 72 657 108
959 0 4 3537 4 12 6
960 1 2 3541 228 2205 342
961 0 1 3545 4 33 6
962 0 2 3547 1 9 1
963 0 3 3551 1 11 1
964 0 3 3555 1 4 1
965 0 1 3559 1 10 1
966 1 3 3562 87 801 130
967 0 2 3566 1 9 1
968 1 2 3569 1 9 1
969 0 2 3573 44 390 66
970 1 4 3577 811 3723 1216
971 1 2 3581 478 4791 717
972 1 5 3584 22 74 33
973 1 11 3588 14 45 21
974 1 9 3592 9 27 13
975 1 2 3596 3 25 4
976 0 4 3599 1 4 1
977 1 6 3603 681 3087 1021
978 1 1 3607 1 11 1
