0 0 6 5 1 9 1
1 0 1 22 7 56 10
2 1 10 25 13550 74845 20325
3 0 3 44 99 918 148
4 0 2 58 54 485 81
5 0 2 70 20 170 30
6 0 1 84 12 99 18
7 0 2 93 4 33 6
8 1 1 105 132 1242 198
9 1 9 116 40 143 60
10 1 1 135 38182 461821 57273
11 1 9 145 2417 11970 3625
12 1 1 164 24 206 36
13 0 2 171 1 9 1
14 1 1 183 1 9 1
15 0 2 193 3 25 4
16 1 2 205 286 2796 429
17 1 2 219 5 40 7
18 0 1 233 1 8 1
19 1 8 243 2084 10219 3126
20 1 2 261 8 64 12
21 0 10 273 25 85 37
22 0 12 292 5 15 7
23 0 4 312 6 48 9
24 1 1 328 1 11 1
25 1 3 337 5 41 7
26 1 4 352 1 8 1
27 0 1 367 11 90 16
28 1 2 378 3 25 4
29 0 1 392 9 72 13
30 1 19 398 367 1588 550
31 0 4 419 34 298 51
32 1 4 435 69 628 103
33 0 3 451 5 41 7
34 1 16 466 5 15 7
35 1 2 487 1 9 1
36 1 26 500 1 4 1
37 0 2 522 166 1580 249
38 0 1 535 1 9 1
39 0 2 545 19 161 28
40 1 1 558 6 48 9
41 0 6 567 75 685 112
42 0 1 584 2 17 3
43 1 3 592 19 161 28
44 0 3 607 1 12 1
45 0 16 622 59 219 88
46 0 5 643 6 48 9
47 1 2 660 3 25 4
48 1 12 673 1 4 1
49 1 8 693 33 116 49
50 0 1 712 1 9 1
51 1 15 723 70 264 105
52 0 9 743 1 6 1
53 0 2 762 21 179 31
54 1 1 775 3 25 4
55 1 6 784 1563 7515 2344
56 1 3 802 1 9 1
57 1 1 817 590 5972 885
58 1 9 824 292 1241 438
59 0 1 843 10283 117994 15424
60 0 4 854 130 1222 195
61 0 3 870 2 17 3
62 0 4 884 1 9 1
63 0 25 899 1 5 1
64 0 7 921 1 3 1
65 1 2 939 179556 2303266 269334
66 0 7 952 1 3 1
67 1 1 970 5 40 7
68 0 3 981 10 81 15
69 1 3 996 5 40 7
70 1 3 1010 1 9 1
71 1 1 1025 3202 34974 4803
72 0 4 1036 34 297 51
73 0 1 1052 759 7773 1138
74 1 2 1063 1 10 1
75 0 2 1077 3696 40621 5544
76 1 1 1090 149 1411 223
77 0 5 1100 1 12 1
78 1 3 1117 2969 32323 4453
79 1 4 1132 28 243 42
80 1 3 1148 2 17 3
81 1 2 1163 1 9 1
82 0 15 1176 10 31 15
83 0 3 1196 125 1173 187
84 1 1 1211 6 48 9
85 0 7 1221 1 4 1
86 0 4 1239 5 41 7
87 0 2 1255 161 1530 241
88 0 2 1267 541890 7234256 812835
89 0 1 1280 794 8148 1191
90 0 4 1291 1 10 1
91 0 1 1307 101 937 151
92 0 4 1311 737 7538 1105
93 0 2 1327 915 9451 1372
94 1 3 1340 61 551 91
95 1 3 1354 2047 21925 3070
96 0 1 1369 22 188 33
97 0 2 1380 1 9 1
98 0 4 1394 1 10 1
99 0 9 1410 115 453 172
100 1 13 1429 9076 48928 13614
101 0 1 1449 4 33 6
102 0 2 1457 51 457 76
103 1 1 1471 44 391 66
104 0 3 1479 53 476 79
105 1 12 1494 13 41 19
106 1 3 1514 543 5475 814
107 1 1 1529 13 107 19
108 1 2 1538 320 3146 480
109 0 3 1552 27 233 40
110 0 18 1566 1 3 1
111 1 5 1587 171 1630 256
112 0 6 1604 15 125 22
113 1 2 1621 1 10 1
114 1 2 1634 14 116 21
115 0 2 1647 11 90 16
116 0 2 1659 17 143 25
117 1 1 1672 306 3002 459
118 1 2 1683 2 17 3
119 0 9 1696 1 3 1
120 0 6 1715 1 10 1
121 0 2 1732 18 152 27
122 1 19 1744 1 4 1
123 0 1 1765 5 40 7
124 0 2 1776 19 161 28
125 0 3 1788 281 2745 421
126 0 1 1803 1 9 1
127 0 1 1814 11 90 16
128 0 1 1825 1 10 1
129 0 6 1833 2 17 3
130 1 1 1850 9085 103715 13627
131 1 5 1857 1 10 1
132 0 1 1874 51 456 76
133 0 2 1882 3 25 4
134 1 1 1895 1 9 1
135 1 2 1905 3 25 4
136 0 1 1919 1 9 1
137 0 2 1929 33 288 49
138 1 4 1942 14 116 21
139 0 33 1958 344 1481 516
140 0 5 1981 2 17 3
141 0 1 1998 330 3249 495
142 1 3 2009 1 10 1
143 0 6 2023 1 5 1
144 0 1 2041 1 11 1
145 1 1 2050 33 288 49
146 1 2 2061 5 41 7
147 0 1 2074 462 4622 693
148 1 5 2083 35 307 52
149 0 9 2100 6 18 9
150 1 8 2119 1 3 1
151 0 2 2138 834 8578 1251
152 1 7 2152 5 15 7
153 1 3 2170 3 25 4
154 0 2 2185 1 9 1
155 0 1 2198 1234 12921 1851
156 0 16 2207 25 85 37
157 1 2 2228 1 8 1
158 0 7 2241 22 74 33
159 1 3 2259 1 9 1
160 0 13 2274 4305 22144 6457
161 0 1 2294 1 9 1
162 1 2 2306 6 48 9
163 1 3 2319 2 17 3
164 0 1 2334 23045 273231 34567
165 1 4 2342 307 3012 460
166 0 8 2358 4 12 6
167 0 11 2376 1 4 1
168 1 13 2395 32 112 48
169 0 1 2415 1 10 1
170 0 12 2425 16 52 24
171 1 4 2445 1 9 1
172 0 9 2461 5 15 7
173 0 2 2480 128 1202 192
174 1 2 2492 20 170 30
175 1 1 2506 1 10 1
176 1 4 2515 423 4215 634
177 0 1 2531 16 134 24
178 1 4 2541 5 40 7
179 0 4 2557 55 494 82
180 0 10 2573 8 24 12
181 1 1 2592 1 10 1
182 1 5 2602 1 10 1
183 0 2 2619 13562 157396 20343
184 0 3 2633 13005 150673 19507
185 1 1 2648 104 967 156
186 1 1 2658 3 25 4
187 1 3 2664 31 270 46
188 1 4 2679 15 125 22
189 0 1 2695 1 10 1
190 0 4 2706 1 8 1
191 0 15 2722 33 116 49
192 1 4 2742 981 10166 1471
193 0 2 2758 1 8 1
194 1 7 2770 1 3 1
195 0 15 2788 5 15 7
196 0 2 2808 1 9 1
197 0 9 2820 1 5 1
198 0 2 2839 162 1540 243
199 0 9 2852 1 4 1
200 0 2 2871 226 2185 339
201 1 4 2883 2 17 3
202 1 3 2898 8288 94256 12432
203 1 21 2913 1 3 1
204 1 1 2934 70 637 105
205 1 7 2943 1 5 1
206 1 3 2961 5 40 7
207 0 1 2976 1855 19782 2782
208 0 2 2980 2 17 3
209 0 2 2993 3 25 4
210 0 3 3007 6 48 9
211 0 10 3022 667 3018 1000
212 0 1 3041 15 125 22
213 0 1 3049 4 33 6
214 1 2 3059 163 1550 244
215 0 7 3072 1 5 1
216 1 4 3090 15 125 22
217 0 19 3106 175 714 262
218 1 2 3127 2 17 3
219 0 12 3140 1166 5493 1749
220 0 3 3160 9 73 13
221 0 1 3175 36 316 54
222 0 2 3183 5 41 7
223 0 8 3197 1 3 1
224 0 1 3215 13 108 19
225 1 7 3224 49 179 73
226 1 1 3242 38 335 57
227 0 2 3252 30 261 45
228 1 3 3266 1 9 1
229 0 1 3281 95 879 142
230 1 1 3288 1 10 1
231 1 1 3299 2 17 3
232 1 12 3307 1665 8040 2497
233 0 12 3327 1 5 1
234 1 3 3347 872 8987 1308
235 0 9 3361 698 3170 1047
236 1 3 3380 2 17 3
237 1 2 3395 1 9 1
238 0 1 3408 1 9 1
239 0 14 3416 6297 33184 9445
240 0 2 3436 1 9 1
241 0 2 3448 1 9 1
242 1 6 3462 6 48 9
243 1 1 3479 736 7526 1104
244 0 2 3489 377 3735 565
245 1 8 3503 13 41 19
246 1 8 3521 2 6 3
247 0 1 3539 1 9 1
248 1 1 3550 1 10 1
249 0 4 3561 3 25 4
250 0 13 3577 18 59 27
251 0 3 3597 53 475 79
252 1 3 3612 1 9 1
