0 0 12 5 2 6 3
1 0 5 9 4 33 6
2 0 3 13 4 33 6
3 0 4 17 1 12 1
4 0 7 21 1 3 1
5 1 1 25 63 570 94
6 0 4 28 1 10 1
7 0 4 32 1 10 1
8 0 1 36 1247 13064 1870
9 1 4 39 1 9 1
10 1 12 43 1 3 1
11 0 2 47 16 134 24
12 0 2 51 28 242 42
13 1 8 55 1 4 1
14 0 2 59 16539 193498 24808
15 1 3 62 5 40 7
16 1 3 66 4 33 6
17 1 11 70 1 4 1
18 0 5 74 14 116 21
19 0 14 78 284548 1858594 426822
20 0 3 82 40 353 60
21 0 2 86 34 297 51
22 1 24 90 1 4 1
23 0 1 95 20 170 30
24 1 1 98 11640692 172292445 17461038
25 0 1 101 3 25 4
26 0 9 104 2 7 3
27 1 2 108 1 10 1
28 1 3 112 2 17 3
29 1 3 116 12503 144624 18754
30 0 3 120 96 889 144
31 1 6 124 496 4980 744
32 0 1 128 461 4612 691
33 0 9 130 5339 27844 8008
34 0 3 134 58 523 87
35 1 2 138 2 17 3
36 0 2 141 86 791 129
37 0 1 145 1023 10621 1534
38 0 2 148 704 7184 1056
39 1 2 152 30 261 45
40 1 1 156 104 966 156
41 0 5 159 1 11 1
42 1 2 163 1 10 1
43 0 1 167 1 12 1
44 0 9 170 15 48 22
45 0 1 174 1 10 1
46 1 1 177 1 10 1
47 1 2 180 1 10 1
48 1 2 184 9 73 13
49 0 4 188 1578 16707 2367
50 1 3 192 1 11 1
51 1 3 196 1 10 1
52 0 4 200 1 9 1
53 1 53 204 19 63 28
54 1 2 209 1 9 1
55 0 7 213 8217 44027 12325
56 1 5 217 18 152 27
57 1 22 221 377 1635 565
58 0 4 226 8 64 12
59 0 4 230 30 261 45
60 0 3 234 2 17 3
61 0 1 238 402 3996 603
62 0 4 241 33 288 49
63 0 4 245 1 9 1
64 1 9 249 7647 40790 11470
65 1 2 253 2 17 3
66 0 3 257 7 56 10
67 0 2 261 1 9 1
68 0 2 264 62 561 93
69 0 1 268 3 25 4
70 1 6 271 74 280 111
71 1 1 275 4 33 6
72 1 2 278 338 3332 507
73 0 1 282 2 17 3
74 1 4 284 741 7580 1111
75 1 1 288 73 666 109
76 1 2 291 503 5053 754
77 0 8 295 13 41 19
78 1 1 299 5 40 7
79 0 2 302 1 9 1
80 1 2 305 16 134 24
81 1 3 308 1 9 1
82 0 3 312 737 7537 1105
83 1 11 316 41 147 61
84 1 1 320 32 279 48
85 1 4 323 1 10 1
86 1 1 327 1 9 1
87 1 1 330 2 17 3
88 0 1 333 1 9 1
89 1 4 336 19 161 28
90 1 1 340 11 90 16
91 1 4 343 52647 644779 78970
92 1 12 347 102 398 153
93 1 13 351 190 780 285
94 1 1 355 916 9462 1374
95 0 2 358 9 72 13
96 1 1 362 7 56 10
97 1 2 365 1 9 1
98 0 3 369 10359 118902 15538
99 1 10 373 1 4 1
100 0 2 377 4 33 6
101 0 11 381 1045 4885 1567
102 0 1 385 1 12 1
103 1 2 388 6 48 9
104 0 1 392 24 206 36
105 0 2 394 1 13 1
106 0 2 397 97 898 145
107 0 8 401 20 67 30
108 1 9 405 332 1425 498
109 1 4 409 22 188 33
110 0 9 413 188 771 282
111 0 2 417 2 17 3
112 0 3 421 17 143 25
113 1 2 425 133 1252 199
114 0 2 429 15 125 22
115 0 1 432 1 9 1
116 0 1 435 56 504 84
117 1 3 438 6 48 9
118 0 3 442 3 25 4
119 1 18 446 1182 5574 1773
120 1 2 451 1 9 1
121 0 3 455 1 10 1
122 1 1 459 8 64 12
123 0 4 461 66 599 99
124 0 3 465 782 8019 1173
125 0 1 469 137 1292 205
126 0 4 472 2 17 3
127 0 3 476 1 10 1
128 0 3 480 23 197 34
129 1 3 484 1 11 1
130 1 1 488 3328 36411 4992
131 0 2 491 55 494 82
132 0 1 495 400 3975 600
133 1 2 498 67 609 100
134 1 1 502 63 570 94
135 1 6 505 72 656 108
136 1 1 509 3 25 4
137 0 4 512 1507 15923 2260
138 1 2 516 1 10 1
139 1 1 520 855 8804 1282
140 0 7 523 1 4 1
141 0 1 527 1 9 1
142 1 2 529 466 4664 699
143 0 13 533 5 15 7
144 1 1 537 718 7334 1077
145 0 3 540 1 9 1
146 1 3 544 2 17 3
147 0 1 548 44420 540451 66630
148 0 4 551 1 8 1
149 1 6 555 1 8 1
150 1 3 559 1 12 1
151 0 1 563 2 17 3
152 1 11 566 2 6 3
153 0 6 570 2 17 3
154 0 1 574 206 1982 309
155 1 2 577 1 9 1
156 1 3 581 179 1710 268
157 1 7 585 1805 8765 2707
158 1 3 589 1 9 1
159 1 5 593 27 233 40
160 1 2 597 2 17 3
161 0 2 600 54 485 81
162 0 1 604 1 10 1
163 1 1 606 187829 2413390 281743
164 1 1 609 7 56 10
165 0 2 612 308 3023 462
166 0 1 616 266 2592 399
167 0 1 619 202 1942 303
168 1 3 622 333 3280 499
169 0 1 626 475 4759 712
170 0 4 629 1 12 1
171 1 2 633 1 9 1
172 1 6 637 1 10 1
173 0 6 641 5 40 7
174 1 1 645 1 9 1
175 1 3 648 1 9 1
176 1 1 652 325 3197 487
177 0 1 654 124 1163 186
178 0 1 657 2373 25583 3559
179 1 12 660 65 243 97
180 1 2 664 4 33 6
181 1 4 667 1 11 1
182 0 3 671 4 33 6
183 0 2 675 5 40 7
184 0 7 679 48187 286411 72280
185 0 7 683 169 687 253
186 0 4 687 1 9 1
187 1 3 691 4 33 6
188 1 12 695 80 305 120
189 0 1 699 3 25 4
190 1 8 702 1 4 1
191 1 6 706 299 2930 448
192 1 2 710 4 33 6
193 1 5 713 174 1660 261
194 1 2 717 2 17 3
195 1 2 721 1 9 1
196 0 9 724 1 4 1
197 1 2 728 1 10 1
198 0 6 732 16 134 24
199 1 1 736 58 523 87
200 1 3 739 117 1094 175
201 0 2 743 2 17 3
202 0 3 747 2 17 3
203 1 1 751 19 160 28
204 1 2 754 1 11 1
205 1 2 757 272 2653 408
206 1 1 760 1 9 1
207 1 11 763 1 4 1
208 1 2 767 512 5148 768
209 0 2 770 7 56 10
210 1 4 773 3 25 4
211 1 3 777 229 2215 343
212 1 9 781 126 500 189
213 0 3 785 1 10 1
214 0 1 789 196 1881 294
215 1 1 792 1 10 1
216 0 5 795 32 279 48
217 1 5 799 3 25 4
218 0 1 803 2 17 3
219 0 2 806 47556 580141 71334
220 0 1 809 1 10 1
221 1 2 812 20 170 30
222 1 3 816 6 48 9
223 1 4 820 2 17 3
224 1 11 824 1 3 1
225 0 6 828 49 438 73
226 1 2 832 1 10 1
227 1 2 836 82 753 123
228 1 12 840 84 322 126
229 0 4 844 1 10 1
230 1 15 848 246 1032 369
231 1 1 852 1003 10404 1504
232 1 1 855 1 10 1
233 1 4 858 179 1710 268
234 1 5 862 1246 13053 1869
235 0 2 866 1 12 1
236 0 16 869 7 21 10
237 1 1 873 3 25 4
238 0 3 876 135 1272 202
239 0 1 880 382 3788 573
240 1 4 883 33 288 49
241 1 8 887 89832 552465 134748
242 0 1 891 11 90 16
243 0 2 893 5 40 7
244 1 4 896 10 81 15
245 0 4 900 23 197 34
246 0 2 904 769 7880 1153
247 1 1 908 163 1550 244
248 0 1 911 349 3445 523
249 1 5 914 11 90 16
250 1 9 918 6 18 9
251 1 1 922 1 9 1
252 0 4 925 2 17 3
253 0 2 929 1 9 1
254 0 6 933 140 1321 210
255 1 23 937 1 4 1
256 1 4 942 1 11 1
257 1 5 946 103 957 154
258 0 1 950 1 11 1
259 0 3 953 37 325 55
260 1 12 957 205 847 307
261 1 1 961 1 8 1
262 1 4 964 3 25 4
263 1 1 968 25 215 37
264 1 2 971 1 9 1
265 0 5 975 2125 22798 3187
266 1 2 979 14 116 21
267 0 5 983 135 1272 202
268 1 1 987 3 25 4
269 0 5 990 241 2337 361
270 0 3 994 2183 23448 3274
271 1 2 998 1 9 1
272 1 7 1002 25 85 37
273 1 2 1006 62 561 93
274 0 3 1010 15 125 22
275 0 21 1014 1748 8469 2622
276 1 8 1019 21 70 31
277 0 2 1023 1978 21154 2967
278 1 9 1026 1 6 1
279 1 9 1030 1551 7453 2326
280 0 6 1034 3 25 4
281 1 2 1038 1 9 1
282 1 2 1042 1937 20696 2905
283 1 6 1046 1 10 1
284 1 2 1050 258 2510 387
285 1 2 1054 5 40 7
286 0 5 1057 114 1065 171
287 0 2 1061 1095 11404 1642
288 1 3 1065 1 10 1
289 1 3 1069 1 11 1
290 0 15 1073 1 3 1
291 1 14 1077 1706 8252 2559
292 0 3 1081 234 2266 351
293 1 38 1085 1 3 1
294 1 2 1090 4 33 6
295 0 1 1093 1 9 1
296 0 16 1096 16 52 24
297 1 33 1100 1 3 1
298 0 3 1105 33 288 49
299 0 2 1109 28186 336870 42279
300 1 1 1113 1 8 1
301 0 7 1116 2 6 3
302 1 2 1120 289030 3772633 433545
303 0 1 1124 9 73 13
304 0 2 1127 6 48 9
305 1 2 1130 41 362 61
306 0 1 1134 75 685 112
307 1 3 1137 1 9 1
308 1 3 1141 1 9 1
309 1 12 1145 330 1416 495
310 1 4 1149 708 7227 1062
311 0 8 1153 4 12 6
312 0 2 1157 1 10 1
313 1 6 1160 1 10 1
314 0 5 1164 952 9852 1428
315 1 2 1168 1 9 1
316 1 5 1172 1 10 1
317 1 2 1176 10 81 15
318 0 1 1180 1 10 1
319 0 5 1183 114 1065 171
320 1 6 1187 8 64 12
321 0 1 1191 249 2418 373
322 1 4 1194 301 2950 451
323 0 2 1198 69 628 103
324 1 2 1201 1 10 1
325 1 1 1205 1 9 1
326 1 4 1208 2 17 3
327 0 1 1212 785 8052 1177
328 1 2 1215 210 2022 315
329 1 4 1218 3944 43468 5916
330 1 2 1222 50 447 75
331 1 1 1225 1 12 1
332 1 3 1228 47 419 70
333 1 1 1232 1 9 1
334 1 24 1235 4220 21679 6330
335 0 1 1240 2 17 3
336 0 2 1243 26 224 39
337 1 1 1247 1 9 1
338 1 3 1250 127 1192 190
339 1 3 1254 3 25 4
340 0 5 1258 31 270 46
341 0 10 1262 23 78 34
342 1 2 1266 9 73 13
343 1 4 1270 1 12 1
344 0 1 1274 777 7966 1165
345 1 3 1277 3 25 4
346 0 2 1281 6144 69003 9216
347 0 1 1285 28 242 42
348 1 3 1288 4 33 6
349 0 4 1292 2 17 3
350 0 9 1296 1 4 1
351 1 13 1300 6 18 9
352 1 4 1304 23 197 34
353 1 1 1308 1 9 1
354 1 1 1311 1 11 1
355 0 5 1314 793 8137 1189
356 1 93 1318 1497 7176 2245
357 0 10 1323 1 5 1
358 0 3 1327 1 9 1
359 0 11 1331 20 67 30
360 1 2 1335 664 6758 996
361 0 12 1339 166 674 249
362 0 3 1343 9 73 13
363 1 2 1347 7 56 10
364 0 8 1351 1697 8206 2545
365 0 6 1355 1 9 1
366 1 7 1359 1 5 1
367 0 22 1363 17 56 25
368 0 2 1368 21 178 31
369 0 3 1372 64 580 96
370 0 1 1376 12 98 18
371 0 10 1379 1100 5161 1650
372 0 3 1383 8293 94316 12439
373 1 1 1387 748 7655 1122
374 0 1 1390 3 25 4
375 0 6 1393 1 4 1
376 0 5 1397 1 12 1
377 0 1 1401 1 9 1
378 1 1 1404 82 753 123
379 0 3 1407 1 8 1
380 0 4 1411 10 81 15
381 0 4 1415 184 1760 276
382 0 2 1419 1 12 1
383 1 4 1422 4 33 6
384 1 9 1426 12 38 18
385 0 3 1430 1 12 1
386 0 6 1434 1 9 1
387 1 2 1438 32 279 48
388 1 14 1442 41 147 61
389 0 8 1446 1 3 1
390 1 3 1450 24 206 36
391 1 1 1454 55 494 82
392 0 1 1457 136 1282 204
393 1 2 1460 295 2889 442
394 1 6 1463 6 48 9
395 1 4 1467 1 10 1
396 0 4 1471 4 32 6
397 1 1 1475 1 10 1
398 1 2 1478 36 316 54
399 1 2 1482 170472 2182554 255708
400 0 3 1485 462 4622 693
401 1 4 1489 1 9 1
402 1 1 1493 1 12 1
403 0 7 1496 1 4 1
404 0 1 1500 13 107 19
405 0 3 1503 1 9 1
406 1 2 1507 7 56 10
407 0 9 1511 1 4 1
408 1 1 1515 16 134 24
409 0 4 1518 1 9 1
410 1 1 1522 7016 79237 10524
411 1 1 1525 21 179 31
412 1 3 1528 1 10 1
413 0 4 1532 18 152 27
414 0 1 1536 17 143 25
415 0 3 1539 1 10 1
416 1 1 1543 12 99 18
417 1 7 1546 2 6 3
418 1 6 1550 1 10 1
419 1 1 1554 6 48 9
420 0 2 1556 1 12 1
421 0 2 1559 1 10 1
422 0 6 1563 1 10 1
423 0 27 1567 3309 16733 4963
424 0 4 1572 1 10 1
425 1 16 1576 1 3 1
426 0 12 1580 475 2096 712
427 0 3 1584 821 8438 1231
428 1 2 1588 1 11 1
429 0 10 1591 311 1329 466
430 1 8 1595 51326142 423537153 76989213
431 1 10 1599 298611 1955220 447916
432 0 1 1603 24642 292947 36963
433 1 10 1606 161 652 241
434 0 4 1610 63 571 94
435 1 2 1614 3 25 4
436 1 2 1618 1 11 1
437 1 4 1622 4717 52387 7075
438 1 11 1626 6886 36492 10329
439 0 2 1630 1 10 1
440 1 2 1634 1 12 1
441 1 2 1637 17 143 25
442 1 1 1641 2 17 3
443 0 3 1643 107 996 160
444 0 2 1647 48 428 72
445 0 4 1650 12 99 18
446 0 6 1654 2 17 3
447 1 3 1658 65 589 97
448 0 18 1662 498 2205 747
449 1 6 1667 120 1123 180
450 0 1 1671 1 8 1
451 1 1 1674 1 9 1
452 1 2 1677 27 233 40
453 0 1 1680 2 17 3
454 1 3 1683 1 10 1
455 1 1 1687 499 5011 748
456 0 2 1690 2 17 3
457 1 2 1694 430 4288 645
458 0 3 1698 1 9 1
459 1 10 1702 4 13 6
460 0 4 1706 38 335 57
461 0 3 1710 62 561 93
462 1 1 1714 231 2235 346
463 1 6 1717 4 33 6
464 1 3 1721 1 12 1
465 1 1 1725 65 590 97
466 0 4 1728 15 125 22
467 1 3 1732 1 10 1
468 0 3 1736 10400 119392 15600
469 1 4 1740 2147 23045 3220
470 1 9 1744 1 4 1
471 1 2 1748 2281 24548 3421
472 0 2 1751 525 5285 787
473 0 8 1754 2 7 3
474 1 2 1758 1 9 1
475 1 1 1761 45 400 67
476 0 1 1764 1 9 1
477 0 12 1767 1 5 1
478 1 2 1771 1 10 1
479 1 1 1774 32 279 48
480 0 47 1777 18 59 27
481 1 4 1782 19 161 28
482 0 3 1786 10 81 15
483 1 8 1790 9 27 13
484 1 3 1794 2 17 3
485 0 6 1798 1 11 1
486 1 3 1802 9 72 13
487 0 2 1806 4 33 6
488 0 1 1810 80532 1002485 120798
489 0 4 1813 100 928 150
490 0 9 1817 1 4 1
491 0 1 1821 2771 30077 4156
492 1 4 1824 200 1921 300
493 1 3 1828 495 4969 742
494 1 14 1832 1 3 1
495 1 1 1836 82 753 123
496 1 2 1839 5 40 7
497 1 14 1843 2 6 3
498 0 3 1847 242 2347 363
499 1 10 1851 1 6 1
500 0 1 1855 1 10 1
501 1 1 1858 172 1640 258
502 1 6 1861 1 9 1
503 1 17 1865 3 10 4
504 0 2 1870 5 41 7
505 1 11 1874 1 4 1
506 1 2 1878 1 9 1
507 0 3 1881 12 98 18
508 0 7 1885 26673 153314 40009
509 0 2 1889 249 2418 373
510 0 1 1893 9 73 13
511 1 2 1895 1 9 1
512 0 2 1899 22 188 33
513 0 8 1903 1 4 1
514 0 2 1907 237712 3080814 356568
515 1 14 1910 54 199 81
516 1 9 1914 1 3 1
517 1 3 1918 76 695 114
518 1 3 1922 1 10 1
519 0 3 1926 10 81 15
520 0 4 1930 5 41 7
521 1 2 1934 1 10 1
522 1 6 1938 11 90 16
523 1 4 1942 1467 15481 2200
524 0 15 1946 313 1338 469
525 1 6 1950 1 9 1
526 1 2 1954 6 48 9
527 0 2 1958 1034 10741 1551
528 1 4 1961 6 48 9
529 1 2 1965 2 17 3
530 0 3 1969 1 10 1
531 1 3 1973 30 261 45
532 1 2 1977 19908 234660 29862
533 0 2 1981 1 10 1
534 0 1 1985 1 10 1
535 1 5 1988 161 1530 241
536 1 4 1992 1 10 1
537 1 2 1996 1 10 1
538 0 8 2000 27 93 40
539 1 1 2004 1 9 1
540 0 2 2007 11 90 16
541 1 4 2011 3 25 4
542 1 4 2015 544 5485 816
543 1 3 2019 1 13 1
544 0 12 2023 153 617 229
545 0 1 2027 1 12 1
546 1 4 2030 5 41 7
547 0 1 2034 22427 265615 33640
548 0 1 2037 20 169 30
549 0 2 2040 2 17 3
550 0 1 2044 5187 57840 7780
551 1 1 2047 589 5961 883
552 0 6 2050 1679 17826 2518
553 1 1 2054 1096 11415 1644
554 1 1 2057 5 41 7
555 0 2 2060 1 10 1
556 0 4 2063 505 5074 757
557 1 7 2067 3081 15507 4621
558 0 1 2071 1 10 1
559 1 8 2074 25 85 37
560 0 5 2078 79 724 118
561 0 2 2082 506 5084 759
562 1 4 2086 2 17 3
563 1 1 2090 16 134 24
564 1 11 2093 1 6 1
565 0 4 2097 431 4298 646
566 0 1 2101 2 17 3
567 1 1 2104 5970 66968 8955
568 1 1 2107 11 90 16
569 1 3 2110 12 98 18
570 1 28 2114 4 12 6
571 0 6 2119 1 10 1
572 0 1 2123 6 48 9
573 0 1 2126 1 9 1
574 1 15 2128 1 4 1
575 1 2 2132 58 523 87
576 1 4 2135 602 6099 903
577 0 3 2139 1 10 1
578 0 3 2143 418 4163 627
579 1 7 2147 2 6 3
580 0 2 2151 1 10 1
581 0 2 2155 1 10 1
582 0 4 2159 3204 34997 4806
583 1 2 2163 1 11 1
584 0 1 2167 1 11 1
585 1 4 2170 6 48 9
586 0 8 2174 137 548 205
587 0 2 2178 411472 5439583 617208
588 1 1 2181 1 10 1
589 0 1 2183 60009 738659 90013
590 1 3 2186 1 10 1
591 1 5 2190 1166 12178 1749
592 0 7 2194 3 10 4
593 0 2 2198 1 9 1
594 0 1 2202 1 11 1
595 0 1 2205 1 9 1
596 1 1 2208 306 3002 459
597 0 1 2211 1 10 1
598 1 3 2214 1 9 1
599 1 5 2218 1 10 1
600 1 2 2222 2726 29568 4089
601 1 22 2226 8096 43338 12144
602 0 6 2231 1 9 1
603 1 1 2235 464 4644 696
604 1 32 2237 149 600 223
605 0 11 2242 44 159 66
606 1 2 2246 138 1301 207
607 0 3 2250 19 161 28
608 1 1 2254 22 188 33
609 0 12 2256 1 4 1
610 1 1 2260 1 9 1
611 1 1 2262 187 1791 280
612 1 4 2265 83 762 124
613 0 2 2269 11 90 16
614 1 25 2273 438 1921 657
615 0 6 2278 5 41 7
616 0 2 2282 132 1242 198
617 1 2 2285 14 116 21
618 0 6 2288 22 188 33
619 1 1 2292 15 125 22
620 0 4 2295 13 107 19
621 1 20 2299 202833 1302118 304249
622 0 3 2304 6711 75651 10066
623 0 3 2308 677 6897 1015
624 1 5 2312 493 4948 739
625 1 2 2316 4 33 6
626 0 1 2320 24 206 36
627 1 5 2323 4 33 6
628 0 10 2327 1 4 1
629 0 4 2331 1 9 1
630 1 16 2335 1 5 1
631 0 1 2340 287467 3751494 431200
632 0 2 2343 743576 10038061 1115364
633 1 25 2346 224 932 336
634 1 3 2351 1 8 1
635 0 7 2355 44 159 66
636 1 13 2359 46 167 69
637 0 2 2363 25 215 37
638 0 2 2367 1 10 1
639 0 2 2371 1 9 1
640 0 3 2375 1 11 1
641 0 10 2379 3 9 4
642 1 26 2383 3 9 4
643 0 2 2388 1 9 1
644 0 2 2392 3 25 4
645 0 9 2396 6 18 9
646 1 2 2400 81 743 121
647 0 3 2404 82784 1031598 124176
648 1 20 2408 1 4 1
649 1 2 2413 14 116 21
650 1 6 2417 1 9 1
651 1 1 2421 114 1065 171
652 0 7 2424 6 18 9
653 0 3 2428 42554 516884 63831
654 1 3 2432 1 10 1
655 1 6 2436 18 152 27
656 1 3 2440 9 73 13
657 1 1 2444 4 33 6
658 0 6 2447 2 17 3
659 1 1 2451 230 2225 345
660 1 1 2453 2 17 3
661 0 6 2456 18 152 27
662 1 2 2460 2 17 3
663 1 5 2463 921 9516 1381
664 1 3 2467 1 9 1
665 1 1 2471 433 4319 649
666 1 3 2474 87 801 130
667 0 24 2478 175 714 262
668 0 6 2483 4 33 6
669 0 2 2487 73 666 109
670 1 2 2491 145854 1856609 218781
671 0 3 2495 98 908 147
672 1 6 2499 3 25 4
673 0 2 2503 22 188 33
674 1 5 2507 5 41 7
675 0 5 2511 1 9 1
676 0 2 2515 191 1831 286
677 1 9 2518 311 1329 466
678 1 2 2522 801 8224 1201
679 1 34 2525 12 38 18
680 0 2 2530 20 170 30
681 0 15 2534 1 4 1
682 0 3 2538 2793 30326 4189
683 0 3 2542 1 9 1
684 1 3 2546 1 10 1
685 0 4 2550 2 17 3
686 0 3 2554 1 9 1
687 0 2 2558 2 17 3
688 1 23 2561 1191 5619 1786
689 1 1 2566 88 811 132
690 0 2 2569 75526703 1184666880 113290054
691 0 10 2572 58 215 87
692 1 2 2576 2 17 3
693 0 2 2580 4093 45182 6139
694 1 1 2584 6 48 9
695 1 32 2587 1737 8413 2605
696 0 2 2592 3 25 4
697 0 2 2596 1 9 1
698 0 3 2600 1 10 1
699 0 9 2604 709 3223 1063
700 0 2 2608 7 56 10
701 0 2 2612 700 7142 1050
702 0 8 2616 319 1365 478
703 0 2 2620 13 107 19
704 0 1 2624 1 11 1
705 0 1 2626 7 56 10
706 1 2 2629 23 197 34
707 0 1 2633 1 9 1
708 1 11 2636 21 70 31
709 1 2 2640 11 90 16
710 0 4 2643 4 33 6
711 1 3 2647 3580 39292 5370
712 0 3 2651 29 252 43
713 0 2 2655 16131 188534 24196
714 0 1 2658 5 40 7
715 1 1 2661 377 3736 565
716 0 3 2664 10 81 15
717 1 8 2668 3 9 4
718 0 3 2672 1 9 1
719 0 15 2676 2 7 3
720 1 6 2680 1 9 1
721 0 2 2684 1 9 1
722 0 2 2688 4 32 6
723 0 4 2692 12 98 18
724 1 1 2696 19339 227687 29008
725 1 4 2699 1 9 1
726 1 4 2703 4 33 6
727 1 4 2707 1 10 1
728 0 2 2711 15 125 22
729 0 3 2715 1 10 1
730 0 6 2719 3 25 4
731 0 3 2723 18 152 27
732 0 3 2727 284 2776 426
733 1 2 2731 1 9 1
734 0 3 2735 1 10 1
735 0 2 2739 1 9 1
736 1 4 2743 18 152 27
737 1 2 2747 6 48 9
738 1 5 2750 3 25 4
739 0 10 2754 6 18 9
740 1 4 2758 88 811 132
741 0 3 2762 1 10 1
742 0 2 2766 89 820 133
743 0 5 2769 92894 1162645 139341
744 0 4 2773 17024 199405 25536
745 1 6 2777 1 12 1
746 1 2 2781 1 9 1
747 0 2 2785 504 5064 756
748 1 4 2789 22 188 33
749 1 1 2793 1 11 1
750 0 15 2796 2 6 3
751 0 7 2800 1 3 1
752 0 1 2804 1 11 1
753 1 2 2807 1 8 1
754 1 1 2810 3 25 4
755 0 2 2813 1 10 1
756 1 2 2817 1 10 1
757 1 8 2821 43 155 64
758 0 8 2825 1 5 1
759 1 94 2829 2 7 3
760 0 1 2834 168 1600 252
761 0 4 2836 247 2398 370
762 0 1 2840 1 11 1
763 1 8 2843 102 398 153
764 1 5 2847 3564 39109 5346
765 0 1 2851 3339 36537 5008
766 0 1 2854 22858 270926 34287
767 0 6 2857 1 11 1
768 0 1 2861 181 1731 271
769 0 2 2864 15 125 22
770 1 1 2868 30 261 45
771 1 3 2871 6 48 9
772 0 1 2875 1 10 1
773 0 2 2878 1 11 1
774 1 1 2882 13 107 19
775 1 1 2885 1 9 1
776 0 3 2888 208 2002 312
777 1 2 2892 298 2920 447
778 0 2 2896 8 64 12
779 0 2 2900 1 9 1
780 1 1 2904 56 504 84
781 1 3 2907 1 9 1
782 1 1 2911 746 7634 1119
783 1 1 2914 4 33 6
784 1 1 2917 2709 29375 4063
785 0 4 2920 1 9 1
786 1 7 2924 2 7 3
787 1 4 2928 1 11 1
788 0 3 2932 1 10 1
789 1 3 2936 7843 88991 11764
790 0 38 2940 29 101 43
791 0 11 2945 1 4 1
792 0 2 2949 10 81 15
793 1 3 2953 15 125 22
794 1 7 2957 1 5 1
795 0 1 2961 1 11 1
796 1 1 2964 1 10 1
797 0 2 2967 665 6769 997
798 1 5 2970 3 25 4
799 1 4 2974 1 9 1
800 1 5 2978 2676 29002 4014
801 0 3 2982 18 152 27
802 0 4 2986 2 17 3
803 1 11 2990 2 7 3
804 1 24 2994 9975 54086 14962
805 0 4 2999 1 9 1
806 0 3 3003 1818 19370 2727
807 1 2 3007 40 353 60
808 1 1 3011 98 908 147
809 1 1 3013 462 4623 693
810 0 8 3016 1 4 1
811 1 2 3020 7 56 10
812 1 6 3024 19 161 28
813 0 2 3028 1 12 1
814 0 3 3031 2 17 3
815 0 2 3035 56 504 84
816 1 18 3039 16 52 24
817 1 8 3044 1 3 1
818 0 11 3048 25 85 37
819 0 1 3052 10922 125638 16383
820 1 8 3055 38 135 57
821 1 2 3059 344 3394 516
822 1 2 3063 37 325 55
823 0 18 3067 3 10 4
824 1 4 3072 19 161 28
825 1 1 3076 6 48 9
826 0 9 3079 23 78 34
827 0 1 3083 15703 183332 23554
828 1 1 3086 11 90 16
829 0 8 3089 2280 11248 3420
830 0 4 3093 2 17 3
831 1 1 3097 8914 101683 13371
832 1 5 3100 144 1361 216
833 1 2 3104 68 618 102
834 0 2 3107 9 73 13
835 0 1 3110 11 90 16
836 0 4 3113 1 9 1
837 0 1 3117 100 928 150
838 1 14 3120 160 648 240
839 1 1 3124 1 10 1
840 1 32 3127 52 191 78
841 0 1 3132 3 25 4
842 1 2 3135 12 99 18
843 0 3 3139 5 40 7
844 0 7 3143 5 15 7
845 1 1 3147 386990 5104707 580485
846 0 3 3150 2 17 3
847 0 12 3154 82 314 123
848 0 2 3158 4631 51391 6946
849 1 1 3161 1 9 1
850 0 2 3163 16 134 24
851 1 2 3166 129 1212 193
852 0 1 3169 1 9 1
853 0 3 3172 1 11 1
854 0 1 3176 326 3208 489
855 0 1 3179 303 2971 454
856 1 2 3182 1 9 1
857 1 7 3186 68 256 102
858 0 2 3190 26 224 39
859 1 4 3193 89 820 133
860 0 6 3197 1 9 1
861 0 3 3201 224 2164 336
862 0 9 3205 1 5 1
863 1 4 3209 3 25 4
864 1 1 3213 44 391 66
865 1 9 3216 31364 181960 47046
866 0 12 3220 4 12 6
867 1 7 3224 343 1476 514
868 0 1 3228 75 685 112
869 1 2 3231 8 64 12
870 1 3 3235 1 10 1
871 1 3 3239 174 1660 261
872 1 3 3243 1 10 1
873 0 1 3247 1 10 1
874 0 3 3250 309 3033 463
875 1 1 3254 1 12 1
876 0 24 3257 134 535 201
877 0 1 3262 1 9 1
878 1 35 3264 22603 128681 33904
879 0 2 3269 26623 317471 39934
880 1 4 3273 1 9 1
881 1 11 3277 1 3 1
882 1 4 3281 2 17 3
883 0 2 3285 7007 79131 10510
884 1 3 3288 1 9 1
885 1 1 3292 121 1134 181
886 0 11 3295 1 3 1
887 0 7 3299 94 364 141
888 1 1 3303 1 9 1
889 0 2 3306 696 7099 1044
890 0 1 3310 130 1222 195
891 0 8 3313 22 74 33
892 0 5 3317 245 2378 367
893 0 3 3321 1 10 1
894 1 2 3325 1 10 1
895 1 10 3329 1 4 1
896 0 1 3333 1 9 1
897 0 1 3336 1 11 1
898 0 1 3339 1 9 1
899 0 2 3342 1 10 1
900 1 3 3345 31 270 46
901 1 1 3349 55 494 82
902 1 3 3352 48 428 72
903 0 2 3356 2 17 3
904 1 3 3359 285 2786 427
905 0 1 3363 9 72 13
906 1 2 3366 66070 816272 99105
907 1 16 3370 1 4 1
908 1 8 3374 36 127 54
909 0 5 3378 1 10 1
910 1 5 3382 12875 149106 19312
911 0 7 3386 27 93 40
912 1 10 3390 1 4 1
913 1 11 3394 56 207 84
914 1 8 3398 1 3 1
915 1 1 3402 1036 10762 1554
916 0 2 3405 45 400 67
917 0 3 3409 1412 14875 2118
918 0 3 3413 27 233 40
919 0 8 3417 7 21 10
920 0 2 3421 10 81 15
921 0 8 3425 1 4 1
922 0 8 3429 1 4 1
923 0 1 3433 1 9 1
924 1 1 3436 7 56 10
925 1 14 3439 27 93 40
926 0 1 3443 191 1831 286
927 0 5 3446 1 9 1
928 1 5 3450 1 13 1
929 1 4 3454 1756 18681 2634
930 1 1 3458 1 9 1
931 0 3 3460 677 6897 1015
932 0 34 3464 1 4 1
933 0 3 3469 58 523 87
934 0 2 3473 1 9 1
935 1 6 3477 6 48 9
936 1 3 3481 1 10 1
937 1 2 3485 24 206 36
938 0 3 3489 630 6396 945
939 0 3 3493 33 288 49
940 0 4 3497 1 10 1
941 1 1 3501 1 13 1
942 1 3 3504 1 10 1
943 1 5 3508 1 10 1
944 1 4 3512 1 9 1
945 1 10 3516 635 2863 952
946 0 1 3520 1 9 1
947 0 1 3523 99 918 148
948 1 8 3526 120 474 180
949 0 21 3530 267 1127 400
950 1 5 3535 3 25 4
951 0 3 3539 9 72 13
952 1 1 3543 1 10 1
953 1 1 3545 346 3415 519
954 0 3 3548 100 928 150
955 1 9 3552 5 15 7
956 1 6 3556 19 63 28
957 1 2 3560 13 108 19
958 1 2 3564 8 64 12
959 0 23 3567 29795 172351 44692
960 0 5 3572 3286 35932 4929
961 1 3 3576 1 9 1
962 0 2 3580 2917 31733 4375
963 1 1 3583 23 197 34
964 0 4 3586 59 532 88
965 1 2 3590 64 580 96
966 0 2 3594 1 9 1
967 1 2 3598 6 48 9
968 0 2 3602 194 1861 291
969 1 3 3606 38 335 57
