0 0 6 5 1 4 1
1 1 5 22 1 3 1
2 0 5 38 1 5 1
3 0 2 54 157 1490 235
4 0 2 69 72 657 108
5 0 1 83 329 3239 493
6 1 7 96 1 4 1
7 0 4 113 1 3 1
8 1 8 129 1 3 1
9 0 1 146 2 17 3
10 1 8 158 1 4 1
11 1 6 175 6 18 9
12 0 14 192 7929 42390 11893
13 0 1 210 89 821 133
14 0 1 220 370 3663 555
15 0 20 232 151 609 226
16 0 12 250 3 9 4
17 1 3 268 11 34 16
18 1 2 283 51 456 76
19 1 2 297 6572 74020 9858
20 0 1 312 1 9 1
21 0 2 325 9 73 13
22 0 13 339 216 896 324
23 0 2 357 2 17 3
24 0 2 371 1 10 1
25 1 2 386 1 9 1
26 1 14 400 2 7 3
27 0 3 418 1 9 1
28 1 1 433 1 9 1
29 0 12 446 7 21 10
30 0 1 464 10 81 15
31 1 1 476 160416 2049193 240624
32 0 1 488 138 1301 207
33 0 4 500 2264 11164 3396
34 0 6 516 1605 7731 2407
35 0 4 532 3997 20462 5995
36 1 1 548 70 637 105
37 0 11 560 1 4 1
38 1 5 577 6 18 9
39 0 8 593 8 24 12
40 1 11 610 51 187 76
41 0 3 627 166 674 249
42 1 1 642 97 898 145
43 0 5 653 1 3 1
44 0 3 669 1 10 1
45 1 2 684 4052 44710 6078
46 1 1 698 2 17 3
47 1 2 707 14 116 21
48 1 2 721 1 11 1
49 0 2 735 1 9 1
50 1 2 749 7 56 10
51 1 2 763 1 11 1
52 0 2 777 3 25 4
53 1 7 791 36 127 54
54 1 27 808 7 21 10
55 1 2 827 7 56 10
56 1 2 841 1 9 1
57 1 1 855 109 1015 163
58 0 1 868 116 1084 174
59 1 6 881 3 10 4
60 1 4 897 203 838 304
61 1 2 913 13 107 19
62 1 12 927 2 6 3
63 0 2 945 30 260 45
64 1 5 959 35 123 52
65 1 3 975 1 4 1
66 0 3 990 1 4 1
67 0 6 1005 31 108 46
68 0 5 1021 2 7 3
69 0 1 1037 15 125 22
70 0 9 1049 3 10 4
71 1 7 1066 5 15 7
72 1 6 1083 1 3 1
73 1 1 1099 1 12 1
74 0 8 1112 276398 1802701 414597
75 0 1 1129 1 10 1
76 0 1 1138 109416 1377904 164124
77 0 4 1150 181 741 271
78 0 1 1166 1 9 1
79 0 2 1178 2 17 3
80 0 7 1193 38 135 57
81 0 1 1210 2 17 3
82 0 2 1223 799 8202 1198
83 0 9 1237 1 3 1
84 1 9 1254 1 3 1
85 0 2 1271 2634 28527 3951
86 0 5 1285 88 339 132
87 0 39 1301 35 124 52
88 1 11 1320 803 3683 1204
89 0 1 1338 1 11 1
90 1 5 1351 12227 67121 18340
91 0 27 1367 4 12 6
92 1 12 1386 3 9 4
93 1 2 1404 7 56 10
94 1 15 1418 47 171 70
95 0 5 1436 90 347 135
96 1 3 1452 1 4 1
97 1 3 1467 1 3 1
98 1 2 1483 1 9 1
99 0 3 1498 1 3 1
100 1 2 1513 16 134 24
101 1 3 1527 228 2205 342
102 1 9 1542 4 12 6
103 1 5 1559 281 1191 421
104 1 1 1575 605 6131 907
105 1 6 1587 60 223 90
106 0 1 1603 30 261 45
107 0 4 1616 259 1090 388
108 0 4 1632 2 7 3
109 1 2 1648 1 8 1
110 1 8 1662 4 13 6
111 0 10 1679 139574 878742 209361
112 1 1 1696 1 9 1
113 0 2 1708 10770 123818 16155
114 1 2 1722 185 1770 277
115 0 4 1736 5 15 7
116 1 1 1752 32 279 48
117 1 2 1763 4127 45573 6190
118 0 2 1777 590 5971 885
119 1 3 1791 1 4 1
120 0 41 1806 1 3 1
121 1 3 1825 7268 38647 10902
122 1 2 1840 2 17 3
123 1 1 1854 2 17 3
124 0 11 1867 19339 109100 29008
125 1 6 1884 86 330 129
126 1 14 1901 1 5 1
127 0 11 1919 1 4 1
128 0 5 1936 1 3 1
129 0 4 1952 32 112 48
130 0 7 1968 2224 10953 3336
131 0 5 1985 9 27 13
132 0 2 2001 435 4340 652
133 0 1 2016 654 6651 981
134 0 3 2028 60 223 90
135 1 1 2043 1 9 1
136 0 1 2055 5 41 7
137 1 2 2068 1 10 1
138 1 2 2082 79 724 118
139 0 1 2096 1 9 1
140 0 32 2108 6 18 9
141 1 6 2127 2026 9915 3039
142 0 7 2144 1 5 1
143 0 7 2161 4 12 6
144 0 3 2178 1 5 1
145 1 2 2193 1 9 1
146 1 3 2207 1 3 1
147 1 2 2222 4 33 6
148 0 1 2236 169 1610 253
149 0 17 2249 8 24 12
150 1 1 2267 1 11 1
151 0 1 2279 13 107 19
152 1 1 2291 1 13 1
153 1 3 2303 1 6 1
154 0 2 2318 19172 225643 28758
155 0 2 2333 85 782 127
156 1 1 2346 1 9 1
157 0 9 2359 37 131 55
158 1 2 2376 1 10 1
159 0 4 2390 2 6 3
160 0 3 2406 2 7 3
161 1 2 2421 32 279 48
162 1 6 2435 393 1709 589
163 0 9 2452 1 3 1
164 1 2 2469 4 33 6
165 0 2 2483 1 10 1
166 0 4 2498 10 31 15
167 1 4 2514 28 97 42
168 0 9 2530 4774 24720 7161
169 0 1 2547 1 11 1
170 1 8 2558 11 34 16
171 1 1 2575 156 1480 234
172 0 1 2588 3 25 4
173 1 3 2601 1 10 1
174 0 2 2616 1 10 1
175 0 2 2630 2 17 3
176 0 2 2644 1 10 1
177 0 7 2658 17 56 25
178 1 3 2675 108 423 162
179 0 6 2690 43 155 64
180 0 2 2707 2 17 3
181 0 7 2721 6 18 9
182 0 3 2738 182 745 273
183 0 1 2753 5 40 7
184 0 5 2766 30 104 45
185 0 3 2782 2 7 3
186 1 5 2797 1 3 1
187 1 3 2813 1 4 1
188 0 14 2828 82 314 123
189 1 4 2846 1 3 1
190 0 1 2862 56 504 84
191 1 3 2874 1 10 1
192 0 5 2889 76 289 114
193 0 3 2905 2 17 3
194 0 3 2920 644 2907 966
195 1 3 2935 90 347 135
196 1 2 2950 1 9 1
197 0 2 2964 1 11 1
198 0 8 2979 128 509 192
199 0 2 2996 1 11 1
200 1 8 3010 1462 6997 2193
201 0 3 3027 130 517 195
202 1 8 3043 54 199 81
203 0 1 3060 7 56 10
204 0 7 3073 1 5 1
205 1 10 3090 1 3 1
206 0 1 3107 1 8 1
207 0 4 3120 2 7 3
208 1 1 3136 30 261 45
209 1 8 3148 28278 163086 42417
210 0 3 3165 44 159 66
211 0 7 3180 1042 4870 1563
212 1 2 3197 1 10 1
213 1 1 3211 1958538 27336917 2937807
214 0 2 3221 1 9 1
215 0 3 3236 24192 138271 36288
216 0 2 3252 156 1480 234
217 0 15 3266 6 18 9
218 1 2 3284 16463 192573 24694
219 0 1 3299 4583 50836 6874
220 0 3 3311 1 4 1
221 1 8 3327 162 657 243
222 0 26 3344 1 4 1
223 0 4 3363 1 3 1
224 1 6 3379 1 4 1
225 1 3 3396 1 4 1
226 1 7 3411 92 355 138
227 0 2 3428 2563 27725 3844
228 1 1 3443 131 1232 196
229 1 2 3456 321 3156 481
230 0 21 3470 5672 29694 8508
231 0 3 3488 1 4 1
232 1 1 3503 1 10 1
233 0 3 3515 2 7 3
234 1 1 3530 9 72 13
235 0 8 3543 5 15 7
236 1 4 3560 69 260 103
237 1 5 3576 9 27 13
238 0 1 3592 1 10 1
239 1 6 3605 1442 6895 2163
240 0 2 3621 1 9 1
