0 0 6 5 1 5 1
1 1 3 22 12 98 18
2 1 11 37 2 6 3
3 1 6 54 4 13 6
4 0 2 70 814 8363 1221
5 0 4 84 1 4 1
6 0 4 100 5 15 7
7 0 1 116 17 143 25
8 1 2 127 150 1420 225
9 1 5 141 1 4 1
10 0 5 157 1 5 1
11 1 3 173 10 81 15
12 0 9 188 162 657 243
13 0 1 205 69 628 103
14 1 1 218 1 9 1
15 1 2 231 4 33 6
16 1 11 245 2 7 3
17 0 3 262 1 4 1
18 0 4 278 1 3 1
19 0 8 294 21 70 31
20 0 2 311 8 64 12
21 1 1 325 1 10 1
22 1 10 336 359 1551 538
23 0 2 353 1 10 1
24 0 3 367 10 81 15
25 1 7 382 6 18 9
26 1 2 399 20632 243542 30948
27 1 5 413 2 7 3
28 1 1 429 4 33 6
29 0 6 441 39 139 58
30 1 2 458 2850 30972 4275
31 1 3 472 2 7 3
32 0 1 487 21 179 31
33 0 1 498 2 17 3
34 0 4 510 225 937 337
35 1 1 526 112 1045 168
36 0 1 537 8 64 12
37 1 3 550 33891 197490 50836
38 0 1 565 1 9 1
39 0 9 578 39 139 58
40 1 1 595 1 9 1
41 1 2 608 2604 28188 3906
42 1 3 622 1 12 1
43 0 2 637 169 1610 253
44 0 8 651 1 5 1
45 0 1 668 1 9 1
46 1 13 681 1 4 1
47 1 1 699 756 7741 1134
48 1 4 711 1 3 1
49 0 2 727 1 9 1
50 0 4 741 287 1218 430
51 1 3 757 1 11 1
52 1 5 772 1 3 1
53 1 3 788 8 24 12
54 0 9 803 1 4 1
55 0 1 820 4 32 6
56 1 4 833 2 7 3
57 1 2 849 1 10 1
58 0 6 863 1 4 1
59 1 6 879 592 2656 888
60 1 2 896 7 56 10
61 0 4 911 1 6 1
62 0 1 927 1 9 1
63 0 1 940 16 134 24
64 1 12 951 8 24 12
65 0 1 969 1 10 1
66 1 9 982 218 905 327
67 1 1 999 2 17 3
68 0 21 1011 290 1232 435
69 1 3 1029 1 11 1
70 1 11 1044 94 364 141
71 1 3 1061 5 15 7
72 1 4 1076 12 38 18
73 0 7 1092 195 803 292
74 0 10 1109 66 248 99
75 1 11 1126 4658 24082 6987
76 1 1 1143 2042 21869 3063
77 1 2 1155 626 6354 939
78 0 4 1169 1 5 1
79 1 2 1185 18 152 27
80 1 3 1199 1 4 1
81 1 3 1214 64 239 96
82 1 12 1229 1 4 1
83 0 2 1247 9 73 13
84 1 3 1261 952 9852 1428
85 0 9 1276 236975 1533505 355462
86 1 1 1293 35 307 52
87 1 4 1305 26551 152572 39826
88 0 2 1321 1 9 1
89 1 4 1335 3 9 4
90 1 1 1351 1 10 1
91 0 3 1362 1 5 1
92 0 1 1377 964 9981 1446
93 1 11 1389 2 7 3
94 1 2 1407 110 1026 165
95 0 1 1422 1 9 1
96 0 2 1434 4514 50038 6771
97 1 2 1449 11 90 16
98 1 2 1463 1 10 1
99 0 2 1477 1 9 1
100 0 6 1491 8 24 12
101 0 3 1508 788 8084 1182
102 1 6 1523 4 12 6
103 1 2 1540 42 372 63
104 0 7 1554 397 1728 595
105 0 3 1571 1 8 1
106 0 3 1586 28 243 42
107 1 2 1601 1 9 1
108 0 8 1616 6 18 9
109 0 1 1633 12 99 18
110 1 3 1643 1 9 1
111 1 2 1658 7 56 10
112 0 12 1672 414 1808 621
113 1 4 1690 82 314 123
114 1 4 1706 2 6 3
115 0 4 1722 1 4 1
116 0 1 1738 1 11 1
117 0 4 1751 8 24 12
118 0 2 1767 352 3477 528
119 1 6 1781 1 4 1
120 1 1 1798 1 10 1
121 0 3 1811 1 10 1
122 0 6 1826 1 3 1
123 1 4 1843 332 1425 498
124 1 3 1859 1 9 1
125 0 1 1874 55991 687365 83986
126 1 4 1887 1 5 1
127 1 1 1903 3 25 4
128 0 1 1914 1 9 1
129 0 4 1927 1 4 1
130 1 2 1943 1 10 1
131 0 9 1957 1922 9373 2883
132 0 5 1974 22 74 33
133 0 1 1990 9 73 13
134 1 18 2001 6 18 9
135 0 3 2019 266 2592 399
136 0 22 2034 81 309 121
137 1 2 2052 80 734 120
138 1 1 2066 1 9 1
139 0 2 2079 4 32 6
140 0 4 2093 1 4 1
141 0 8 2109 14203 78673 21304
142 0 5 2126 673 3048 1009
143 0 3 2142 1 10 1
144 0 1 2157 1 9 1
145 0 5 2170 1 4 1
146 0 4 2186 21 70 31
147 1 4 2202 18 59 27
148 0 1 2218 1 11 1
149 0 13 2228 1 5 1
150 0 5 2246 11 34 16
151 1 1 2262 1 14 1
152 1 3 2275 3 9 4
153 0 2 2290 20 170 30
154 1 5 2304 1 3 1
155 0 3 2320 1 4 1
156 0 4 2335 5 15 7
157 1 5 2351 389 1691 583
158 1 4 2367 22 74 33
159 1 2 2383 1 9 1
160 0 2 2397 1 9 1
161 1 1 2411 3 25 4
162 0 1 2422 1 10 1
163 1 2 2432 7 56 10
164 0 3 2446 1 3 1
165 1 1 2461 4405 48779 6607
166 1 1 2473 195 1871 292
167 0 1 2486 2097 22485 3145
168 1 1 2499 12 99 18
169 0 16 2510 1303 6186 1954
170 0 8 2528 40 143 60
171 1 8 2545 3645 18548 5467
172 1 1 2562 39 344 58
173 1 12 2574 567 2535 850
174 0 1 2592 1 11 1
175 0 4 2602 2 7 3
176 1 10 2618 11 34 16
177 0 3 2635 336 1444 504
178 0 3 2650 2 7 3
179 0 2 2665 6 48 9
180 1 2 2679 16 134 24
181 0 4 2693 1 4 1
182 0 5 2709 11198 61147 16797
183 0 7 2725 1159 5458 1738
184 1 15 2742 44 159 66
185 0 11 2760 14 45 21
186 0 1 2778 3 25 4
187 0 1 2790 43 381 64
188 1 3 2803 1 4 1
189 1 3 2819 14590 80947 21885
190 1 3 2835 1 9 1
191 0 3 2850 1 3 1
192 1 7 2865 23 78 34
193 0 1 2882 1 11 1
194 1 5 2895 17637 98960 26455
195 1 7 2911 35 124 52
196 1 3 2928 1 4 1
197 0 1 2943 19 161 28
198 1 2 2955 2163 23224 3244
199 1 10 2969 1 4 1
200 0 5 2986 290 1232 435
201 1 1 3002 1 9 1
202 1 11 3013 274 1159 411
203 0 4 3031 1 4 1
204 0 1 3047 1 9 1
205 1 2 3055 1 11 1
206 1 8 3070 1 4 1
207 0 3 3087 2775 13871 4162
208 0 3 3102 25 85 37
209 1 2 3117 16 134 24
210 1 2 3131 58 523 87
211 0 2 3145 17 143 25
212 1 3 3159 3 25 4
213 0 1 3174 1 10 1
214 1 1 3187 1 9 1
215 0 1 3198 6 48 9
216 0 2 3211 172 1640 258
217 0 2 3226 28 242 42
218 1 2 3239 14 116 21
219 0 1 3253 5 40 7
220 1 7 3266 25 85 37
221 1 9 3283 4 12 6
222 1 5 3300 45 163 67
223 0 3 3316 1 5 1
224 0 3 3331 1 10 1
225 1 1 3346 3 25 4
226 0 12 3358 1 4 1
227 1 6 3376 1 4 1
228 0 22 3393 1 5 1
229 0 3 3411 404 1761 606
230 0 2 3426 20 170 30
231 1 8 3441 2 7 3
232 1 1 3458 505 5074 757
233 0 1 3470 99 918 148
234 0 2 3482 110 1026 165
235 0 2 3496 30270 362798 45405
236 1 1 3511 2 17 3
237 1 2 3522 2 17 3
238 0 4 3536 1 4 1
239 0 1 3552 308 3022 462
240 1 7 3564 287 1218 430
241 0 1 3581 26731 318810 40096
242 1 3 3592 1 4 1
243 0 2 3607 14 116 21
