0 1 1 5 256 2490 384
1 1 3 7 6 18 9
2 0 1 11 24 206 36
3 1 1 13 452 4518 678
4 1 38 15 15 49 22
5 0 11 21 3594 18272 5391
6 1 2 26 86 791 129
7 0 1 29 80 734 120
8 0 19 31 693 3145 1039
9 0 1 36 1 9 1
10 0 3 39 1 10 1
11 1 1 43 62 561 93
12 1 1 46 22 188 33
13 0 1 49 1885 20117 2827
14 1 8 52 106 415 159
15 1 15 57 2171 10675 3256
16 0 1 62 24 206 36
17 0 4 65 1 5 1
18 1 6 69 5596 29271 8394
19 0 2 73 1 9 1
20 1 2 76 1 9 1
21 0 1 79 102 947 153
22 1 1 82 66 599 99
23 0 6 84 1 4 1
24 1 123 88 50 183 75
25 0 11 94 794 3639 1191
26 1 2 99 1 9 1
27 1 2 102 309 3033 463
28 0 3 105 1 12 1
29 0 5 109 1 5 1
30 0 1 113 209676 2705012 314514
31 1 1 116 11093 127686 16639
32 1 2 117 10 81 15
33 1 3 120 1 3 1
34 0 6 124 148 595 222
35 1 1 128 2 17 3
36 0 2 131 193 1851 289
37 1 7 134 1 4 1
38 1 2 138 5 40 7
39 0 1 141 6 48 9
40 1 6 144 1 4 1
41 1 1 148 89 820 133
42 1 7 149 364 1574 546
43 1 1 154 143 1351 214
44 1 5 156 1 5 1
45 0 1 160 147 1391 220
46 0 3 163 60 223 90
47 1 3 167 455 2001 682
48 0 3 171 15 125 22
49 0 3 175 2 17 3
50 0 2 179 8 64 12
51 0 15 182 129 513 193
52 1 1 187 4 33 6
53 0 4 189 1 4 1
54 1 2 193 3 25 4
55 0 5 196 380 1649 570
56 1 6 200 1607 7741 2410
57 0 25 204 316 1352 474
58 0 14 209 1 3 1
59 1 5 214 3 10 4
60 1 6 218 91 351 136
61 1 2 222 996 10328 1494
62 1 1 225 742 7591 1113
63 1 2 228 1 10 1
64 1 1 231 2 17 3
65 0 9 234 215 892 322
66 0 1 239 412 4100 618
67 1 1 242 1 9 1
68 0 4 244 7 21 10
69 1 2 248 613 6216 919
70 1 1 251 800 8213 1200
71 1 9 253 4 12 6
72 1 2 258 5 40 7
73 1 1 261 72 657 108
74 0 2 264 36 316 54
75 1 13 267 1 5 1
76 1 3 272 1 9 1
77 1 1 276 1 11 1
78 1 1 278 4 33 6
79 0 1 280 768 7869 1152
80 0 3 282 3 9 4
81 0 11 286 730 3326 1095
82 1 1 291 3 25 4
83 0 1 293 1 9 1
84 0 1 296 7 56 10
85 1 1 298 1 9 1
86 1 4 300 17 56 25
87 0 1 304 7 56 10
88 0 2 306 54 485 81
89 0 2 309 147 1391 220
90 1 25 312 5 15 7
91 0 8 317 3313 16754 4969
92 0 1 322 120 1124 180
93 1 10 325 68 256 102
94 0 10 330 1 5 1
95 0 5 335 12 38 18
96 1 1 339 544 5485 816
97 0 18 341 67 252 100
98 1 2 346 54 485 81
99 0 1 349 130 1222 195
100 1 1 352 2014 21556 3021
101 1 1 355 773 7923 1159
102 0 2 357 1 9 1
103 0 4 360 6 18 9
104 1 1 364 1 10 1
105 1 8 365 1 3 1
106 0 4 370 168 683 252
107 1 1 374 89847 1123092 134770
108 1 2 377 146 1381 219
109 0 5 380 9 27 13
110 0 3 384 2847 14255 4270
111 1 1 388 317 3115 475
112 0 1 390 1 10 1
113 0 3 393 13416 74061 20124
114 0 8 397 7 21 10
115 1 1 402 14180 164867 21270
116 0 3 404 1 3 1
117 1 1 408 1 12 1
118 0 3 410 3311 36217 4966
119 1 4 414 1 4 1
120 0 3 418 32 112 48
121 1 5 422 8 24 12
122 1 3 426 1 4 1
123 0 1 430 22411 265419 33616
124 1 1 433 2 17 3
125 0 8 435 8897 47904 13345
126 1 3 440 1 4 1
127 1 1 444 1 8 1
128 1 1 447 3 25 4
129 0 36 450 16 52 24
130 0 4 456 217 901 325
131 0 12 460 1 4 1
132 1 3 465 1 10 1
133 0 15 469 12 38 18
134 1 1 474 1 11 1
135 1 3 475 30581 177161 45871
136 0 2 479 468 4685 702
137 1 1 482 1 10 1
138 1 1 485 140 1321 210
139 0 14 488 1 5 1
140 1 3 493 28 97 42
141 0 1 497 281 2745 421
142 0 22 500 54 199 81
143 1 2 505 3130 34154 4695
144 1 1 508 134 1262 201
145 0 2 511 1 9 1
146 1 2 514 16 134 24
147 1 1 517 34 298 51
148 1 5 518 49 179 73
149 1 3 522 1 11 1
150 0 1 526 482 4832 723
151 0 2 529 19 161 28
152 1 2 532 1 10 1
153 0 1 535 140 1321 210
154 1 2 538 13 107 19
155 1 2 541 1 9 1
156 1 13 544 12 38 18
157 0 3 549 6 18 9
158 1 7 553 1 5 1
159 1 4 557 1 4 1
160 0 3 561 1 11 1
161 1 2 565 17 143 25
162 0 1 568 117 1094 175
163 1 3 570 954 9873 1431
164 1 2 574 2982 32471 4473
165 0 2 577 1 9 1
166 1 3 580 2 7 3
167 1 2 584 1 9 1
168 1 3 587 99 918 148
169 1 2 591 1047 10882 1570
170 1 3 594 1 4 1
171 0 3 598 540 2406 810
172 0 2 602 702 7163 1053
173 0 4 605 21 70 31
174 1 1 609 1 10 1
175 1 3 611 340 3352 510
176 1 3 614 38966 228863 58449
177 1 2 618 1 10 1
178 1 1 621 6 48 9
179 1 1 623 34 298 51
180 0 4 625 244 1023 366
181 1 22 629 156 630 234
182 0 3 634 1 3 1
183 0 2 638 1 8 1
184 1 6 641 51707 308540 77560
185 1 4 645 1156 5443 1734
186 0 8 649 1 6 1
187 0 1 654 11 90 16
188 0 1 657 2 17 3
189 1 5 660 24 82 36
190 0 9 664 937655 6494748 1406482
191 0 2 669 3 25 4
192 1 3 672 1 4 1
193 1 2 676 1 9 1
194 0 2 679 1 9 1
195 0 5 682 126 500 189
196 1 2 686 32965 396429 49447
197 0 52 689 4 12 6
198 1 2 695 16 134 24
199 0 4 698 363504 2403789 545256
200 1 2 702 1 10 1
201 0 1 705 1 9 1
202 1 2 707 238 2306 357
203 0 2 710 3 25 4
204 1 1 713 34 297 51
205 0 47 716 98 381 147
206 0 2 722 5270 58805 7905
207 0 1 725 5288 59014 7932
208 1 1 726 2 17 3
209 1 5 729 4 12 6
210 0 2 733 5472 61156 8208
211 0 1 736 5 41 7
212 0 2 738 51 457 76
213 1 5 741 1 4 1
214 1 1 745 1 10 1
215 0 2 747 1 11 1
216 1 1 750 39 344 58
217 0 9 753 51 187 76
218 0 5 758 16 52 24
219 0 2 762 1 11 1
220 0 12 765 1 3 1
221 0 10 770 3 10 4
222 1 2 775 104 967 156
223 0 14 778 5 15 7
224 1 1 783 555 5601 832
225 0 4 785 86 330 129
226 0 5 789 1 3 1
227 0 3 793 4 12 6
228 0 5 797 1 5 1
229 1 3 801 1 9 1
230 1 2 805 94 869 141
231 1 1 808 1 9 1
232 0 1 811 1 9 1
233 1 8 812 35 124 52
234 1 2 817 1 8 1
235 1 4 820 12706 69913 19059
236 1 5 824 1 5 1
237 0 9 828 68 256 102
238 0 2 833 1367 14381 2050
239 1 1 836 1 11 1
240 0 5 839 1 4 1
241 1 2 843 2 17 3
242 0 1 846 1 9 1
243 1 2 849 165 1570 247
244 0 5 852 1 5 1
245 1 2 856 4 33 6
246 1 2 859 197 1891 295
247 1 18 862 6 18 9
248 1 2 867 1 9 1
249 0 3 870 16 52 24
250 0 3 874 4 12 6
251 0 1 878 56 504 84
252 0 2 880 121 1133 181
253 0 1 883 1 9 1
254 1 1 884 234 2266 351
255 0 2 887 1 9 1
256 1 7 890 1 4 1
257 0 6 895 19 63 28
258 0 2 899 7 56 10
259 0 2 902 11270 129808 16905
260 0 4 905 1 5 1
261 0 3 909 287 2807 430
262 0 9 913 5 15 7
263 1 1 918 261157 3396287 391735
264 1 1 921 1 10 1
265 0 1 923 20 170 30
266 0 2 926 2 17 3
267 1 3 929 1 5 1
268 1 6 933 1 5 1
269 1 4 937 3 10 4
270 0 6 941 5259 27400 7888
271 0 1 945 117 1094 175
272 1 2 948 4220 46645 6330
273 1 3 951 1 4 1
274 1 32 955 1 4 1
275 0 5 961 176 718 264
276 1 3 965 1 10 1
277 1 2 969 1 12 1
278 0 6 972 1 4 1
279 0 4 976 1 3 1
280 0 1 980 1 9 1
281 1 4 982 152 613 228
282 1 2 986 593 6003 889
283 0 1 989 1 10 1
284 0 2 991 9 73 13
285 1 2 994 39 344 58
286 1 15 997 70 264 105
287 0 4 1002 1 6 1
288 1 1 1006 249 2418 373
289 1 3 1009 1 4 1
290 1 1 1013 45 400 67
291 1 8 1015 3822 19509 5733
292 1 2 1020 1 9 1
293 0 6 1023 10 31 15
294 1 3 1027 58 215 87
295 0 4 1031 42 151 63
296 0 1 1035 242 2347 363
297 1 1 1038 1 10 1
298 1 24 1041 5 15 7
299 0 6 1046 1 4 1
300 1 3 1050 3 25 4
301 0 5 1054 1 3 1
302 1 11 1058 10991 59948 16486
303 0 4 1063 7082 37597 10623
304 1 1 1067 4 33 6
305 0 3 1069 24 82 36
306 1 1 1073 1 11 1
307 1 2 1076 2 17 3
308 1 13 1079 104 406 156
309 0 4 1084 1 3 1
310 1 4 1088 335 1439 502
311 0 3 1092 469 2068 703
312 0 2 1096 1 9 1
313 1 6 1099 1 5 1
314 0 8 1103 60 223 90
315 0 2 1108 323 3177 484
316 0 11 1111 26405 151685 39607
317 1 1 1116 1 8 1
318 0 17 1119 3 9 4
319 0 6 1124 612 2752 918
320 1 3 1128 18 59 27
321 1 2 1132 3 25 4
322 1 4 1135 1 5 1
323 1 2 1139 1 9 1
324 1 2 1142 1 9 1
325 0 4 1145 30 104 45
326 1 7 1149 183 749 274
327 1 4 1153 1 4 1
328 1 6 1157 1 4 1
329 0 2 1161 19 161 28
330 1 4 1164 1304 6192 1956
331 0 3 1168 397 1728 595
332 0 1 1172 707 7217 1060
333 0 1 1174 1 10 1
334 1 1 1177 91 840 136
335 1 3 1179 5 15 7
336 1 12 1183 221827 1430627 332740
337 1 2 1188 7358 83266 11037
338 1 4 1191 19 63 28
339 1 1 1195 39 344 58
340 0 6 1197 4 12 6
341 0 1 1201 5 40 7
342 0 1 1203 42 372 63
343 1 35 1205 5444 28427 8166
344 1 1 1211 40 353 60
345 0 6 1214 91 351 136
346 0 1 1218 31 270 46
347 1 5 1221 4 13 6
348 1 8 1225 1 4 1
349 0 2 1230 1 13 1
350 1 3 1233 70 264 105
351 0 2 1237 5 40 7
352 0 5 1240 16 52 24
353 1 2 1244 17 143 25
354 1 3 1247 1 4 1
355 0 2 1251 606 6141 909
356 1 6 1254 449178 3001812 673767
357 1 2 1258 7 56 10
358 1 3 1261 5755 30156 8632
359 0 4 1265 12362 67907 18543
360 0 6 1269 638 2878 957
361 1 3 1273 2 7 3
362 0 2 1277 2 17 3
363 0 2 1280 1 9 1
364 0 2 1283 4 33 6
365 1 4 1286 1 4 1
366 1 8 1290 1 6 1
367 0 44 1295 2 6 3
368 0 6 1301 52 191 78
369 1 1 1305 1 9 1
370 0 5 1307 106 414 159
371 0 2 1311 1261 13217 1891
372 0 3 1314 1 5 1
373 0 4 1318 7 21 10
374 1 7 1322 26256 150780 39384
375 1 5 1326 1 4 1
376 1 1 1330 8 64 12
377 0 13 1333 273 1154 409
378 0 1 1338 1 10 1
379 1 8 1340 1 3 1
380 0 5 1345 12674 69726 19011
381 1 1 1349 3 25 4
382 1 2 1352 2907 31619 4360
383 1 5 1355 1932 9425 2898
384 0 2 1359 31 270 46
385 1 1 1362 8 64 12
386 1 3 1364 23 197 34
387 1 4 1368 34 120 51
388 1 2 1372 1 9 1
389 0 5 1375 1 4 1
390 0 2 1379 10 81 15
391 1 2 1382 5316 59340 7974
392 1 1 1385 1 8 1
393 0 1 1386 14 116 21
394 0 17 1389 141 565 211
395 1 2 1394 2 17 3
396 1 1 1397 11 90 16
397 1 1 1400 42 372 63
398 0 2 1403 1737 18470 2605
399 1 5 1406 221 919 331
400 1 1 1410 4134 45654 6201
401 0 5 1412 21223 120381 31834
402 1 3 1416 1 3 1
403 0 11 1420 1 4 1
404 1 4 1425 2 7 3
405 1 12 1429 8 24 12
406 1 2 1434 16063 187707 24094
407 1 2 1437 1 12 1
408 1 5 1440 191 785 286
409 0 1 1444 55 494 82
410 0 5 1446 3 10 4
411 0 3 1450 1 3 1
412 1 1 1454 213 2053 319
413 0 1 1456 2 17 3
414 1 1 1459 133 1252 199
415 0 6 1462 2 6 3
416 1 2 1466 389 3861 583
417 0 2 1469 3379 36994 5068
418 0 4 1472 5 15 7
419 1 5 1476 13 41 19
420 1 2 1480 1 9 1
421 1 1 1483 1 11 1
422 1 2 1486 3 25 4
423 1 3 1489 1 6 1
424 1 3 1493 15020 83477 22530
425 1 1 1497 1 11 1
426 0 1 1499 65 589 97
427 0 7 1501 9 27 13
428 1 2 1505 1 11 1
429 0 1 1508 26 224 39
430 1 4 1509 7 21 10
431 1 3 1513 9 27 13
432 1 9 1517 1 5 1
433 0 2 1522 4 33 6
434 0 2 1525 186811 2399830 280216
435 1 5 1528 4 12 6
436 0 11 1532 1 4 1
437 1 2 1537 1 12 1
438 1 2 1540 5 41 7
439 1 2 1543 1 11 1
440 0 2 1546 63270 780383 94905
441 1 4 1549 1 4 1
442 0 1 1553 1 8 1
443 0 9 1556 1 3 1
444 1 1 1561 1 9 1
445 1 1 1563 17 143 25
446 0 1 1566 1 11 1
447 1 3 1568 2 7 3
448 1 3 1572 2 17 3
449 0 3 1575 3099 33801 4648
450 0 1 1579 1 10 1
451 0 6 1581 1 4 1
452 0 2 1585 1 9 1
453 0 1 1588 72 656 108
454 0 15 1590 5 15 7
455 1 5 1595 6 18 9
456 0 2 1599 24 206 36
457 0 2 1602 4 33 6
458 1 2 1605 1 10 1
459 0 1 1608 310 3043 465
460 1 1 1611 1 9 1
461 0 5 1613 34114 198863 51171
462 1 1 1617 3 25 4
463 1 1 1619 6 48 9
464 1 3 1621 1 3 1
465 1 3 1625 1 3 1
466 0 1 1629 228 2205 342
467 1 3 1631 1 4 1
468 1 1 1635 10 81 15
469 0 1 1638 3 25 4
470 0 4 1641 124 492 186
471 1 1 1645 1 9 1
472 0 18 1648 18 59 27
473 1 1 1653 59 532 88
474 0 2 1656 1 9 1
475 0 3 1659 2003 21433 3004
476 1 2 1663 18602 218668 27903
477 1 2 1666 4 33 6
478 1 23 1669 1 4 1
479 0 2 1674 16 134 24
480 0 1 1677 18260 214488 27390
481 1 4 1680 21 70 31
482 1 5 1684 3 9 4
483 0 8 1688 49 179 73
484 1 2 1693 1 9 1
485 1 1 1696 1 9 1
486 1 3 1698 23230 132460 34845
487 0 11 1702 43 155 64
488 0 3 1707 11745 64319 17617
489 0 3 1711 16 52 24
490 1 2 1715 1 9 1
491 1 7 1718 1 5 1
492 1 2 1723 1 9 1
493 1 1 1726 13 107 19
494 0 6 1729 10929 59590 16393
495 0 3 1733 1 3 1
496 1 1 1737 1 9 1
497 1 36 1739 195 803 292
498 0 2 1745 156 1480 234
499 1 3 1748 3298 16673 4947
500 0 3 1752 150 1421 225
501 0 1 1756 357502 4702334 536253
502 1 6 1758 12 38 18
503 1 5 1762 1 3 1
504 1 14 1766 1 5 1
505 0 5 1771 1 4 1
506 1 2 1775 34545 416195 51817
507 0 3 1778 23 78 34
508 1 2 1782 10 81 15
509 0 2 1785 778 7976 1167
510 1 12 1788 4 12 6
511 0 1 1793 1 9 1
512 0 1 1795 1 8 1
513 0 3 1797 1 9 1
514 0 1 1801 4 33 6
515 1 1 1804 2 17 3
516 1 6 1806 1 4 1
517 0 5 1810 1 5 1
518 1 3 1814 6025 67611 9037
519 1 1 1818 1 9 1
520 0 13 1821 78 297 117
521 1 2 1826 15 125 22
522 1 1 1829 786 8063 1179
523 1 4 1831 10 31 15
524 0 2 1835 3 25 4
525 0 1 1838 533 5369 799
526 1 2 1840 4 33 6
527 0 2 1843 5 40 7
528 1 1 1846 3 25 4
529 0 1 1848 18 152 27
530 1 7 1850 2 7 3
531 0 13 1855 1 5 1
532 1 1 1860 203 1952 304
533 1 1 1862 2 17 3
534 0 2 1865 92 850 138
535 1 2 1868 56 504 84
536 0 4 1871 221 919 331
537 1 7 1875 2 7 3
538 0 25 1880 85 326 127
539 1 3 1885 1 11 1
540 0 3 1889 1 10 1
541 0 3 1893 2 7 3
542 1 1 1897 1 10 1
543 0 2 1900 1 10 1
544 1 13 1903 13 41 19
545 0 1 1908 1 9 1
546 0 4 1911 1 4 1
547 0 11 1915 2 6 3
548 0 15 1920 19 63 28
549 1 2 1925 1312 13776 1968
550 0 46 1928 1 3 1
551 1 1 1934 1 9 1
552 1 1 1937 1 9 1
553 0 4 1939 7 21 10
554 1 1 1943 1 10 1
555 1 1 1946 1458 15382 2187
556 0 1 1947 1 13 1
557 0 2 1949 1 9 1
558 0 1 1952 3 25 4
559 1 4 1954 22011 125117 33016
560 1 1 1958 1 13 1
561 1 2 1960 18 152 27
562 0 2 1963 1 9 1
563 1 2 1966 2263 24346 3394
564 1 1 1969 1 9 1
565 1 9 1971 1 5 1
566 1 5 1976 2 6 3
567 1 1 1980 112 1045 168
568 1 3 1982 31 108 46
569 1 5 1986 10 31 15
570 1 3 1990 8 24 12
571 1 4 1994 1 4 1
572 0 9 1998 2 7 3
573 0 13 2003 12 38 18
574 0 2 2008 3 25 4
575 0 3 2011 1 4 1
576 1 14 2015 2 6 3
577 0 1 2020 1 12 1
578 0 1 2022 1 11 1
579 1 2 2024 46 409 69
580 1 6 2027 10 31 15
581 1 2 2031 1 9 1
582 0 3 2034 182143 2337683 273214
583 0 1 2038 3 25 4
584 1 6 2039 18 59 27
585 1 3 2043 1 4 1
586 0 2 2047 14286 166149 21429
587 0 3 2050 5 15 7
588 0 3 2054 4572 23609 6858
589 0 4 2058 1 6 1
590 0 3 2062 1 6 1
591 1 5 2066 372 1611 558
592 1 2 2070 30 261 45
593 0 3 2073 12258 67302 18387
594 1 5 2077 1 4 1
595 1 7 2081 1 3 1
596 0 1 2086 37 325 55
597 0 76 2088 1 3 1
598 0 1 2094 1 11 1
599 0 44 2097 154 622 231
600 1 10 2103 10 31 15
601 1 2 2108 1 9 1
602 0 5 2111 7 21 10
603 0 3 2115 14 45 21
604 0 3 2119 1141 5367 1711
605 1 1 2123 2 17 3
606 0 1 2126 1 11 1
607 1 9 2127 1 4 1
608 1 4 2132 1 4 1
609 1 5 2136 6 18 9
610 0 1 2140 2781 30190 4171
611 0 2 2141 1 11 1
612 1 7 2144 2 7 3
613 0 2 2148 2399 25876 3598
614 1 10 2151 12 38 18
615 0 7 2156 1 3 1
616 0 11 2161 1 4 1
617 1 6 2166 77 293 115
618 0 8 2170 13 41 19
619 1 1 2175 1 10 1
620 0 1 2176 1 9 1
621 0 5 2178 1 4 1
622 0 5 2182 1 4 1
623 1 2 2186 1 9 1
624 1 3 2189 1 3 1
625 0 2 2193 578 5844 867
626 0 6 2196 1 3 1
627 0 1 2200 2311 24886 3466
628 0 21 2202 1 4 1
629 0 4 2207 5 15 7
630 1 6 2211 223 928 334
631 1 6 2215 1 4 1
632 0 2 2219 2 17 3
633 0 5 2222 2039 9983 3058
634 1 2 2226 1 9 1
635 0 19 2229 11666 63860 17499
636 0 1 2234 4 33 6
637 1 6 2237 2997 15057 4495
638 0 2 2241 1 10 1
639 1 1 2244 5 40 7
640 0 4 2246 515 2286 772
641 1 2 2250 5 41 7
642 1 2 2253 1 11 1
643 0 3 2256 1 4 1
644 0 11 2260 1501 7197 2251
645 1 2 2265 1 9 1
646 1 2 2268 44 390 66
647 1 3 2271 4 33 6
648 1 4 2275 3 10 4
649 0 1 2279 32402 389395 48603
650 0 5 2281 3 9 4
651 0 7 2285 7 21 10
652 0 14 2289 1 4 1
653 0 8 2294 1 4 1
654 0 11 2299 4 13 6
655 0 6 2304 9 27 13
656 0 2 2308 1 11 1
657 0 3 2311 1 11 1
658 1 2 2315 2269 24414 3403
659 1 3 2318 1 9 1
660 0 3 2322 6 18 9
661 1 4 2326 2 7 3
662 0 14 2330 44 159 66
663 0 2 2335 1425 15019 2137
664 1 1 2338 1 9 1
665 0 9 2340 23 78 34
666 1 2 2345 13244 153556 19866
667 1 3 2348 1 5 1
668 1 5 2352 399 1738 598
669 1 2 2356 1 9 1
670 0 2 2359 2 17 3
671 0 2 2362 227 2195 340
672 0 1 2365 1 12 1
673 0 1 2367 2 17 3
674 1 1 2368 1 10 1
675 0 11 2370 1 5 1
676 0 3 2375 1 10 1
677 1 2 2379 32 279 48
678 1 9 2382 2 6 3
679 0 11 2387 18 59 27
680 0 1 2392 10750 123579 16125
681 0 1 2395 9 72 13
682 1 2 2397 1 12 1
683 1 14 2400 39 139 58
684 1 5 2405 12 38 18
685 0 3 2409 1 4 1
686 0 2 2413 1607 17028 2410
687 0 3 2416 417 4152 625
688 1 3 2420 1 11 1
689 1 1 2424 1 10 1
690 0 3 2427 46 167 69
691 0 12 2431 1 4 1
692 1 5 2436 75 284 112
693 0 8 2440 529 2353 793
694 0 4 2445 1 4 1
695 0 13 2449 4 12 6
696 0 3 2454 1 4 1
697 0 4 2458 1 4 1
698 1 2 2462 8 64 12
699 1 4 2465 1 3 1
700 0 1 2469 1 9 1
701 1 2 2471 1 10 1
702 1 1 2474 69 628 103
703 1 31 2477 23383 133384 35074
704 0 1 2483 11 90 16
705 1 1 2485 1623 17205 2434
706 1 1 2487 45 400 67
707 1 3 2490 13 108 19
708 0 3 2494 1 4 1
709 0 1 2498 3 25 4
710 1 13 2500 1 3 1
711 1 5 2505 1 4 1
712 0 8 2509 1 3 1
713 0 1 2514 1 10 1
714 1 2 2517 1 9 1
715 1 19 2520 193 794 289
716 0 10 2525 15 48 22
717 0 27 2530 1 3 1
718 0 3 2536 1 4 1
719 1 5 2540 821 3772 1231
720 0 6 2544 25 85 37
721 1 15 2548 2519 12510 3778
722 0 1 2553 1781 18959 2671
723 1 4 2556 979 4555 1468
724 1 1 2560 1 9 1
725 1 1 2563 1 9 1
726 1 1 2566 1 11 1
727 0 4 2569 1 3 1
728 1 2 2573 1 9 1
729 1 5 2576 1290094 9072250 1935141
730 0 1 2580 1 10 1
731 0 1 2581 564 5697 846
732 0 7 2584 6 18 9
733 1 4 2588 1 4 1
734 0 2 2592 1 9 1
735 0 1 2595 36 316 54
736 0 4 2597 7481 39850 11221
737 1 4 2601 1 3 1
738 1 2 2605 1 9 1
739 0 14 2608 20 67 30
740 0 8 2613 1825 8868 2737
741 1 4 2618 8 24 12
742 1 2 2622 1 9 1
743 0 1 2625 184 1761 276
744 0 5 2628 17 55 25
745 0 6 2632 13 41 19
746 0 40 2636 5 15 7
747 0 5 2642 12 38 18
748 0 4 2646 1 4 1
749 1 1 2650 1 9 1
750 0 1 2651 3 25 4
751 1 7 2653 683 3096 1024
752 1 10 2658 8 24 12
753 1 3 2663 75 285 112
754 0 4 2667 1 4 1
755 0 2 2671 2 17 3
756 1 3 2674 11 34 16
757 0 3 2678 8 24 12
758 0 3 2682 151 609 226
759 0 2 2686 151015 1924788 226522
760 0 3 2689 1 3 1
761 0 3 2693 33 288 49
762 1 4 2697 10 31 15
763 1 2 2701 18 152 27
764 1 4 2704 3 10 4
765 0 4 2708 518 2301 777
766 0 16 2712 1 4 1
767 1 1 2717 13899 161468 20848
768 1 1 2720 1 9 1
769 0 1 2723 9655 110500 14482
770 1 4 2725 23 78 34
771 0 1 2729 1404 14787 2106
772 1 1 2731 33 288 49
773 0 2 2733 2 17 3
774 0 3 2736 19 161 28
775 0 9 2740 2 7 3
776 1 1 2745 1 9 1
777 1 10 2748 1 5 1
778 0 1 2753 467 4675 700
779 0 6 2755 1 5 1
780 1 12 2759 1 5 1
781 1 10 2764 12 38 18
782 1 1 2769 147 1391 220
783 1 1 2771 1 11 1
784 1 1 2773 1 11 1
785 0 10 2775 3 10 4
786 1 15 2780 1 5 1
787 1 2 2785 20 169 30
788 0 3 2788 1 4 1
789 1 7 2792 7 21 10
790 1 8 2796 5 15 7
791 0 1 2801 3067 33437 4600
792 1 3 2803 1 3 1
793 0 4 2807 2 6 3
794 1 5 2811 2004 9800 3006
795 1 2 2815 3 25 4
796 1 2 2818 1 9 1
797 1 15 2821 1 5 1
798 0 2 2826 8 64 12
799 0 3 2829 1 4 1
800 1 2 2833 193 1851 289
801 1 6 2836 7 21 10
802 0 1 2840 20 169 30
803 0 5 2842 9 27 13
804 0 2 2846 1 11 1
805 1 3 2849 1 4 1
806 0 2 2853 9 72 13
807 1 3 2856 44 159 66
808 0 13 2860 7 21 10
809 0 6 2865 182 745 273
810 0 4 2869 1 4 1
811 1 3 2873 16 134 24
812 1 3 2876 29 252 43
813 0 2 2879 7 56 10
814 1 6 2882 1 5 1
815 0 4 2886 2495 12383 3742
816 0 2 2890 6 48 9
817 0 8 2893 2 7 3
818 1 4 2898 1 4 1
819 1 2 2902 1 8 1
820 0 3 2905 66 599 99
821 0 11 2908 60 223 90
822 0 3 2913 1 3 1
823 1 1 2917 1 9 1
824 1 1 2918 3 25 4
825 0 4 2921 13 41 19
826 1 4 2925 1224 5786 1836
827 1 3 2929 694 3150 1041
828 1 2 2933 148 1401 222
829 1 22 2936 26 89 39
830 0 8 2941 2061 10098 3091
831 0 3 2946 1 5 1
832 1 2 2950 85 782 127
833 1 4 2953 184 754 276
834 1 3 2957 8 24 12
835 0 1 2961 94 869 141
836 0 2 2964 228 2205 342
837 0 15 2967 2 6 3
838 0 7 2972 4 12 6
839 1 2 2976 2 17 3
840 1 1 2979 1 10 1
841 0 16 2982 4 12 6
842 1 1 2987 227 2195 340
843 1 9 2989 3614 18380 5421
844 1 4 2994 1 4 1
845 0 27 2998 3772 19237 5658
846 0 3 3004 2 17 3
847 1 7 3008 538985 3634511 808477
848 0 4 3012 165 670 247
849 0 5 3016 1 4 1
850 1 6 3020 5 15 7
851 1 4 3024 12 38 18
852 1 4 3028 67 252 100
853 0 1 3032 429538 5687143 644307
854 0 3 3035 49 179 73
855 0 1 3039 1 9 1
856 1 11 3042 6 18 9
857 1 3 3047 5 15 7
858 1 2 3051 102 947 153
859 0 26 3054 303 1292 454
860 0 2 3059 34 298 51
861 1 5 3062 6 18 9
862 0 7 3066 1 4 1
863 1 1 3071 1 10 1
864 0 3 3073 1 6 1
865 1 1 3077 2 17 3
866 1 3 3080 3 9 4
867 0 2 3084 1 9 1
868 1 3 3087 1 4 1
869 1 1 3091 1 12 1
870 0 9 3094 1 3 1
871 1 3 3099 172 701 258
872 0 1 3103 7 56 10
873 0 3 3105 3 10 4
874 1 4 3109 6 18 9
875 0 4 3113 18 59 27
876 1 1 3117 2 17 3
877 1 4 3120 946 4391 1419
878 1 1 3124 3 25 4
879 0 4 3126 1 4 1
880 1 2 3130 1 11 1
881 1 1 3133 1 9 1
882 0 3 3135 867 3999 1300
883 0 2 3139 1 9 1
884 1 38 3142 1571 7556 2356
885 1 3 3148 11 90 16
886 0 4 3152 1 3 1
887 0 5 3156 1 5 1
888 1 19 3160 1 4 1
889 0 2 3165 1 11 1
890 1 3 3168 1340 6374 2010
891 0 3 3172 5077 26393 7615
892 1 2 3176 329 3239 493
893 0 4 3179 3 10 4
894 0 3 3183 37 131 55
895 0 21 3187 1 4 1
896 1 2 3192 48 428 72
897 0 1 3195 97 898 145
898 1 4 3198 1 3 1
899 1 1 3202 232 2245 348
900 1 9 3203 5 15 7
901 0 2 3208 510 5127 765
902 0 1 3211 1 10 1
903 0 1 3213 1 10 1
904 1 2 3215 14 116 21
905 1 3 3218 5 15 7
906 1 1 3222 1 9 1
907 1 1 3224 3901 42974 5851
908 0 1 3226 1 10 1
909 1 19 3229 1 5 1
910 0 2 3234 1 9 1
911 0 5 3237 2 6 3
912 1 4 3241 7 21 10
913 0 1 3245 61 551 91
914 1 4 3248 9022 48619 13533
915 1 3 3252 8 24 12
916 1 4 3256 188 772 282
917 0 4 3260 1 5 1
918 1 7 3264 1 3 1
919 0 2 3269 2 17 3
920 1 9 3272 1 3 1
921 0 1 3277 2 17 3
922 0 2 3280 15 125 22
923 1 3 3283 4 33 6
924 1 16 3287 2 7 3
925 0 1 3292 282 2755 423
926 1 4 3294 3156 15909 4734
927 1 3 3298 23 197 34
928 0 1 3302 1 10 1
929 1 8 3304 1 4 1
930 0 3 3309 5 41 7
931 0 7 3313 1 3 1
932 1 24 3317 9 27 13
933 1 1 3322 1 11 1
934 0 2 3324 1 10 1
935 0 2 3327 8 64 12
936 1 2 3330 2404 25932 3606
937 0 32 3333 2 6 3
938 1 4 3339 21 70 31
939 0 4 3343 3260 16469 4890
940 0 44 3347 1909815 13678345 2864722
941 1 1 3353 31 270 46
942 1 2 3354 1 9 1
943 0 7 3357 6 18 9
944 0 2 3362 1 11 1
945 1 1 3365 5 41 7
946 1 9 3368 1 3 1
947 1 3 3373 149 600 223
948 1 4 3377 1 3 1
949 0 4 3381 1 4 1
950 1 1 3385 5 41 7
951 1 1 3387 1 10 1
952 1 3 3389 54774 671855 82161
953 1 20 3393 458 2016 687
954 1 1 3398 1 9 1
955 1 9 3400 1 5 1
956 0 1 3405 1 9 1
957 1 21 3407 4 12 6
958 1 1 3412 1 9 1
959 0 2 3414 72 657 108
960 1 4 3417 1 4 1
961 1 5 3421 1 4 1
962 0 2 3425 1 9 1
963 1 2 3428 6 48 9
964 0 7 3431 2 6 3
965 1 1 3435 5 40 7
966 0 3 3436 2 17 3
967 0 1 3440 6 48 9
968 1 1 3443 1 10 1
969 1 2 3445 93 859 139
970 1 9 3448 3 10 4
971 0 3 3453 1 4 1
972 0 4 3457 62 231 93
973 1 6 3461 10 31 15
974 0 4 3465 1 5 1
975 1 5 3469 216 896 324
976 0 5 3473 1 5 1
977 0 1 3477 1 10 1
978 0 2 3480 244 2367 366
979 1 13 3483 5 15 7
980 1 45 3488 1 4 1
981 0 13 3494 82 314 123
982 0 4 3499 1 4 1
983 1 1 3503 28 242 42
984 1 4 3505 14 45 21
985 0 2 3509 3 25 4
986 1 1 3512 3 25 4
987 1 15 3515 3104 15630 4656
988 0 2 3520 1 10 1
989 1 1 3523 17 143 25
990 0 2 3526 37 325 55
991 1 2 3529 46 409 69
992 1 1 3532 12 99 18
993 0 18 3535 25 85 37
994 0 6 3540 1 4 1
995 1 5 3544 47 171 70
996 1 4 3548 1 4 1
997 0 3 3552 1 3 1
998 0 3 3556 9 27 13
999 0 2 3560 196 1881 294
1000 1 5 3563 6 18 9
1001 1 2 3567 1 10 1
1002 1 3 3570 1 5 1
1003 1 13 3574 7 21 10
1004 0 5 3579 520 2310 780
1005 1 1 3583 1 9 1
1006 0 8 3584 22 74 33
1007 1 2 3589 31 270 46
1008 0 2 3592 8 64 12
1009 0 3 3595 1531 7351 2296
1010 0 11 3599 1 4 1
1011 1 2 3604 1 9 1
1012 1 62 3607 9 27 13
