0 0 6 5 3 25 4
1 0 1 13 36 316 54
2 1 2 19 25 215 37
3 1 1 26 335 3301 502
4 1 1 32 101 937 151
5 0 5 38 1 9 1
6 1 2 46 524 5274 786
7 1 5 53 1 10 1
8 1 4 61 860 8858 1290
9 0 30 69 14 45 21
10 0 1 78 21 179 31
11 1 2 84 1611 17073 2416
12 1 2 91 10 81 15
13 1 1 98 2 17 3
14 0 2 105 1 10 1
15 0 20 112 1 4 1
16 0 5 121 220 2123 330
17 1 4 129 79 724 118
18 0 1 137 2584 27962 3876
19 1 2 144 1 9 1
20 1 2 151 9 73 13
21 0 4 158 454 4539 681
22 1 1 166 46 409 69
23 1 9 171 228 950 342
24 1 3 180 1 10 1
25 1 1 187 1472 15537 2208
26 1 1 193 10139 116274 15208
27 0 4 198 2 17 3
28 1 7 206 1836 8926 2754
29 0 19 214 12 38 18
30 0 2 223 278 2714 417
31 0 1 230 2 17 3
32 0 4 236 523942 6986302 785913
33 0 2 244 6 48 9
34 0 2 251 23 197 34
35 1 3 258 2 17 3
36 1 1 266 24 206 36
37 1 3 273 80 733 120
38 1 1 280 2 17 3
39 1 4 285 1 10 1
40 1 1 293 9 73 13
41 1 1 299 1 11 1
42 0 1 305 39 344 58
43 0 4 311 773 7923 1159
44 1 2 319 1 9 1
45 1 3 326 3 25 4
46 0 1 334 230 2225 345
47 0 9 341 2 6 3
48 1 2 350 53 475 79
49 0 1 357 1 11 1
50 1 1 363 123 1153 184
51 1 8 368 3 10 4
52 1 3 376 9 72 13
53 1 6 384 789 8095 1183
54 0 3 392 499 5011 748
55 0 5 400 1 9 1
56 0 2 408 1 10 1
57 1 1 415 1 10 1
58 0 11 421 517 2296 775
59 0 4 430 1 10 1
60 1 1 438 1 11 1
61 1 7 443 2353 11632 3529
62 1 1 451 7 56 10
63 1 4 457 5 41 7
64 0 2 465 4 33 6
65 1 5 472 1123 11709 1684
66 1 1 480 22272 263707 33408
67 1 4 486 316 3105 474
68 1 3 494 43 381 64
69 0 1 501 11198 128945 16797
70 0 2 507 48 428 72
71 0 5 514 15093 175927 22639
72 1 5 522 1475 15570 2212
73 1 4 530 3 25 4
74 1 2 538 657 6683 985
75 0 5 545 1 12 1
76 1 4 553 268 2612 402
77 0 2 561 1 9 1
78 0 3 568 167 1590 250
79 1 68 576 50 183 75
80 1 3 586 18 152 27
81 0 1 594 303 2971 454
82 1 1 600 23 197 34
83 0 10 606 9 27 13
84 1 2 615 2 17 3
85 0 2 622 3 25 4
86 0 1 629 47 419 70
87 1 5 634 1 10 1
88 1 2 642 1070 11132 1605
89 0 2 649 120171 1518674 180256
90 0 2 656 2 17 3
91 0 2 663 1 9 1
92 1 7 670 1 5 1
93 0 1 678 433 4319 649
94 0 1 684 1 10 1
95 1 3 690 27 233 40
96 1 3 698 1 11 1
97 0 3 705 1 10 1
98 1 2 713 18 152 27
99 1 5 720 56 504 84
100 1 5 728 18123 212814 27184
101 0 15 736 386 1677 579
102 0 1 745 13404 155487 20106
103 1 2 751 2 17 3
104 0 2 758 24 206 36
105 0 1 765 2 17 3
106 0 1 771 236 2286 354
107 0 2 776 3 25 4
108 1 10 783 1 6 1
109 1 5 792 101 937 151
110 0 8 800 49 179 73
111 0 8 809 1 4 1
112 1 2 817 39 344 58
113 0 6 824 1 9 1
114 1 3 832 73947 917529 110920
115 0 2 839 1 9 1
116 0 5 846 1 9 1
117 1 9 854 8 24 12
118 0 4 863 5 40 7
119 0 2 871 3 25 4
120 1 6 878 1 4 1
121 0 2 886 3496 38331 5244
122 0 4 893 1 12 1
123 1 3 901 263 2561 394
124 1 2 909 4 33 6
125 1 1 916 130 1222 195
126 0 2 922 1060 11023 1590
127 1 2 929 1 10 1
128 1 2 936 45 400 67
129 1 3 943 1 9 1
130 0 1 951 1 9 1
131 1 8 958 11 34 16
132 1 1 967 7 56 10
133 0 5 972 506 5085 759
134 0 5 980 258 2510 387
135 0 66 988 1 3 1
136 1 1 998 247 2398 370
137 1 4 1004 2917 31732 4375
138 1 3 1012 23299 276363 34948
139 0 3 1020 386 3829 579
140 1 2 1027 3363 36811 5044
141 0 7 1034 24 82 36
142 0 2 1042 45 400 67
143 1 8 1049 8 24 12
144 0 2 1058 4 33 6
145 0 3 1065 77899 968483 116848
146 0 10 1073 15321 85251 22981
147 0 3 1082 2 17 3
148 1 4 1089 1 10 1
149 0 17 1097 1 4 1
150 0 1 1106 26 224 39
151 1 1 1112 4 33 6
152 0 1 1118 19 161 28
153 1 7 1123 2081 10203 3121
154 1 4 1131 1 12 1
155 0 2 1139 5 40 7
156 0 3 1146 25 215 37
157 1 3 1154 54 485 81
158 0 4 1161 372 3684 558
159 0 1 1169 4 33 6
160 0 1 1175 400 3975 600
161 0 2 1180 1 9 1
162 1 2 1187 48 428 72
163 0 4 1194 1147 11971 1720
164 1 2 1202 1 9 1
165 0 8 1209 1 3 1
166 0 9 1217 1 5 1
167 0 3 1226 71 647 106
168 1 3 1233 3 25 4
169 1 1 1241 1 11 1
170 1 1 1247 2 17 3
171 0 5 1254 2 17 3
172 1 2 1262 1 9 1
173 0 2 1269 1761 18736 2641
174 0 2 1276 310 3043 465
175 1 2 1283 160 1520 240
176 1 1 1290 2 17 3
177 0 2 1297 104869 1318537 157303
178 1 1 1304 158 1500 237
179 1 3 1309 7 56 10
180 1 3 1316 3 25 4
181 1 2 1324 1 9 1
182 1 2 1331 1 9 1
183 1 3 1338 7687 87148 11530
184 0 5 1346 1060 11023 1590
185 0 32 1354 1 4 1
186 1 5 1363 546 5506 819
187 1 4 1371 1 9 1
188 1 1 1379 1 10 1
189 0 5 1385 2 17 3
190 0 2 1393 18 152 27
191 1 1 1400 42065 510715 63097
192 1 4 1407 30 261 45
193 1 3 1415 5 40 7
194 0 6 1423 3 25 4
195 0 19 1431 1 4 1
196 1 2 1440 1 9 1
197 1 1 1447 9 73 13
198 0 13 1453 638 2878 957
199 0 16 1462 1 4 1
200 0 1 1471 57 513 85
201 1 3 1477 1 9 1
202 0 2 1485 1 10 1
203 0 5 1492 2 17 3
204 1 2 1500 1 10 1
205 1 1 1507 410 4079 615
206 1 6 1514 86 791 129
207 1 7 1522 1 4 1
208 1 5 1530 13 107 19
209 1 2 1538 30 261 45
210 1 25 1545 14 45 21
211 1 12 1554 1 4 1
212 1 3 1563 1 10 1
213 0 5 1571 269 2622 403
214 1 9 1579 5125 26658 7687
215 1 6 1588 28 242 42
216 0 4 1596 1 9 1
217 1 2 1604 32 279 48
218 0 1 1611 122364 1547435 183546
219 0 2 1618 76 695 114
220 0 3 1625 2 17 3
221 0 2 1633 1 9 1
222 0 1 1640 1 9 1
223 0 3 1646 1 9 1
224 1 4 1654 7 56 10
225 1 12 1662 6 18 9
226 0 22 1671 14 45 21
227 0 1 1680 11 90 16
228 1 1 1685 947238 12895905 1420857
229 1 1 1692 1 10 1
230 1 1 1698 1 9 1
231 0 9 1704 1 4 1
232 0 7 1713 1 5 1
233 1 12 1721 20 67 30
234 0 3 1730 6022 67576 9033
235 0 2 1738 7 56 10
236 0 2 1745 217 2093 325
237 1 4 1752 410 4079 615
238 1 1 1760 145 1371 217
239 1 4 1767 24 206 36
240 0 7 1775 1 5 1
241 1 4 1783 80 734 120
242 1 3 1791 44 391 66
243 0 2 1798 1 10 1
244 0 1 1805 132 1242 198
245 1 4 1810 3 25 4
246 0 3 1818 16460 192536 24690
247 0 7 1826 2 6 3
248 1 12 1834 3 9 4
249 0 3 1843 1 11 1
250 1 1 1850 1 9 1
251 1 1 1854 58993 725676 88489
252 1 1 1859 1125 11731 1687
253 1 1 1865 1 9 1
254 1 2 1872 18 152 27
255 1 5 1879 1 10 1
256 1 2 1887 1875 20005 2812
257 1 7 1894 1 4 1
258 0 7 1902 3239 16356 4858
259 0 3 1910 866 8923 1299
260 1 5 1918 25897 308475 38845
261 0 2 1926 1 10 1
262 0 2 1933 31 270 46
263 1 6 1940 8 24 12
264 1 2 1948 3391 37131 5086
265 1 1 1955 2 17 3
266 0 2 1961 4439 49172 6658
267 0 10 1968 5 15 7
268 0 5 1977 36479 440436 54718
269 0 2 1985 1 9 1
270 0 2 1992 3 25 4
271 1 2 1999 1 10 1
272 1 9 2006 1 5 1
273 1 2 2015 1 9 1
274 0 2 2022 1 12 1
275 0 3 2029 17 143 25
276 0 2 2036 1 9 1
277 1 23 2043 202 834 303
278 1 31 2052 19 63 28
279 0 2 2061 4 33 6
280 1 4 2068 19 161 28
281 0 9 2076 22 74 33
282 0 6 2085 1 10 1
283 0 6 2093 15149 176606 22723
284 1 4 2101 74543 925207 111814
285 0 29 2109 5672 29694 8508
286 0 1 2118 227 2195 340
287 1 1 2124 137 1291 205
288 1 2 2131 22 188 33
289 1 3 2138 44 391 66
290 0 5 2146 3 25 4
291 0 6 2154 2 17 3
292 0 5 2162 1 9 1
293 0 3 2170 210 2023 315
294 1 2 2177 1 11 1
295 1 3 2184 1 9 1
296 0 2 2192 1188 12418 1782
297 0 2 2199 1 9 1
298 0 1 2206 1 13 1
299 1 2 2211 1 9 1
300 1 1 2218 56 504 84
301 1 2 2224 1 9 1
302 1 5 2231 1 11 1
303 1 2 2239 1 9 1
304 1 2 2246 2 17 3
305 1 7 2253 1 3 1
306 0 1 2261 3 25 4
307 0 4 2267 1 9 1
308 0 2 2275 1 10 1
309 0 3 2282 10 81 15
310 1 3 2290 62430 769627 93645
311 0 5 2298 1 9 1
312 0 3 2306 26 224 39
313 0 2 2314 1590 16840 2385
314 1 1 2321 1 9 1
315 1 4 2328 57 513 85
316 0 2 2336 1 14 1
317 0 8 2343 47 171 70
318 1 2 2352 2 17 3
319 1 4 2359 8 64 12
320 1 2 2367 1 11 1
321 0 2 2374 1 11 1
322 1 2 2381 2 17 3
323 1 3 2388 24 206 36
324 1 5 2396 105 976 157
325 1 16 2404 1 6 1
326 0 1 2413 11 90 16
327 1 3 2418 9 72 13
328 1 1 2425 1 9 1
329 1 3 2432 1 9 1
330 0 1 2440 2 17 3
331 0 7 2446 1 4 1
332 0 1 2454 35375 426592 53062
333 1 3 2461 1852 19749 2778
334 1 2 2469 25 215 37
335 0 3 2476 5 40 7
336 0 3 2484 1 9 1
337 0 8 2492 19 63 28
338 1 4 2500 63 570 94
339 1 3 2508 4 33 6
340 1 1 2516 109 1015 163
341 1 13 2520 11 34 16
342 0 4 2529 1 9 1
343 1 3 2537 2 17 3
344 1 1 2544 1 11 1
345 1 1 2550 221 2134 331
346 1 5 2555 1 9 1
347 1 1 2563 1 9 1
348 1 1 2569 136 1281 204
349 1 8 2575 5892 30920 8838
350 1 2 2584 45 400 67
351 1 48 2591 190 780 285
352 1 1 2601 2 17 3
353 0 6 2607 1 11 1
354 1 1 2615 3 25 4
355 1 1 2622 1 11 1
356 1 3 2628 1 9 1
357 1 2 2636 30 261 45
358 1 2 2643 1 10 1
359 1 3 2650 26 224 39
360 0 1 2657 1 10 1
361 0 14 2663 1 4 1
362 1 1 2672 11 90 16
363 0 2 2679 1 11 1
364 1 9 2686 27 93 40
365 0 8 2695 135 539 202
366 0 2 2704 8 64 12
367 1 1 2711 350 3456 525
368 0 5 2717 1 10 1
369 1 10 2725 154 622 231
370 0 5 2734 1 10 1
371 1 1 2742 393 3902 589
372 0 5 2748 65394 807602 98091
373 0 3 2756 6 48 9
374 0 2 2764 1 9 1
375 1 4 2771 40 353 60
376 1 3 2779 1 10 1
377 1 3 2787 3 25 4
378 0 1 2795 41 363 61
379 0 2 2801 1 9 1
380 1 2 2808 1 10 1
381 0 7 2815 15 48 22
382 1 5 2823 18 152 27
383 0 4 2831 25761 306791 38641
384 0 5 2839 552 5569 828
385 0 8 2847 1271 6024 1906
386 0 3 2856 1 9 1
387 0 9 2864 1 4 1
388 0 16 2873 199469 1279417 299203
389 1 7 2882 366 1583 549
390 0 9 2890 7 21 10
391 0 3 2899 2 17 3
392 1 10 2906 13 41 19
393 0 17 2915 1 3 1
394 1 2 2924 147 1391 220
395 1 3 2931 1 9 1
396 0 1 2939 1 9 1
397 0 43 2945 2973 14928 4459
398 0 2 2955 1 9 1
399 1 15 2962 4 12 6
400 1 2 2971 15 125 22
401 0 1 2978 1 9 1
402 0 1 2985 51320 627907 76980
403 1 6 2989 3 25 4
404 1 7 2997 5 15 7
405 0 2 3005 52 466 78
406 0 3 3012 2 17 3
407 1 3 3020 1 10 1
408 1 23 3028 123 487 184
409 1 3 3037 10 81 15
410 1 3 3044 2 17 3
411 1 3 3052 1 9 1
412 0 9 3060 1 4 1
413 0 1 3069 29 251 43
414 0 13 3076 1 4 1
415 0 9 3085 3 10 4
416 0 3 3094 8658 98643 12987
417 1 4 3101 18 152 27
418 1 1 3109 353 3487 529
419 1 2 3114 1 9 1
420 0 5 3121 20 170 30
421 0 6 3129 25 85 37
422 0 3 3137 1 10 1
423 0 7 3145 1 3 1
424 0 2 3153 14 116 21
425 0 2 3160 1 9 1
426 0 1 3167 1 12 1
427 0 4 3172 1 11 1
428 0 11 3180 4 12 6
429 1 2 3189 1 10 1
430 0 1 3196 34 298 51
431 1 4 3202 1 9 1
432 0 1 3210 14 116 21
433 1 2 3216 1 11 1
434 1 9 3223 275 1163 412
435 0 4 3232 1 9 1
436 1 5 3240 386 3829 579
437 1 2 3248 838 8621 1257
438 1 6 3255 2 17 3
439 0 5 3263 1 9 1
440 0 2 3271 15 125 22
441 0 2 3278 1 9 1
442 1 2 3285 3 25 4
443 0 1 3292 1 9 1
444 1 3 3298 1 9 1
445 0 4 3306 1 13 1
446 1 3 3314 347 3425 520
447 1 6 3322 1331 13985 1996
448 0 9 3330 4 12 6
449 1 2 3339 7464 84516 11196
450 0 6 3346 1 9 1
451 0 2 3354 4 32 6
452 0 14 3361 99 385 148
453 1 1 3370 26 224 39
454 1 5 3375 17070 199965 25605
455 0 4 3383 146 1381 219
456 1 3 3391 11 90 16
457 0 6 3398 1276 13381 1914
458 1 2 3406 63 571 94
459 0 1 3413 1 9 1
460 1 3 3419 18473 217091 27709
461 0 1 3426 2 17 3
462 0 5 3432 37 325 55
463 1 2 3440 1815 19337 2722
464 0 5 3447 834 8578 1251
465 1 2 3455 49 438 73
466 0 2 3462 1 9 1
467 1 3 3469 86 792 129
468 0 8 3477 23 78 34
469 1 2 3486 1 12 1
470 1 8 3493 1 4 1
471 0 3 3502 220 2124 330
472 1 2 3510 1 9 1
473 0 8 3517 1 3 1
474 0 8 3525 2 6 3
475 1 2 3534 4 32 6
476 1 3 3541 55 494 82
477 1 2 3548 1 10 1
478 0 40 3555 18392 103451 27588
479 0 15 3565 133 530 199
480 0 1 3574 1049 10904 1573
481 0 2 3579 1 10 1
482 0 2 3586 1 10 1
483 0 2 3593 1 13 1
484 1 5 3600 42 372 63
485 0 7 3608 1 3 1
