0 1 1 5 10 81 15
1 1 2 11 23 197 34
2 1 2 18 1 12 1
3 1 1 25 1 10 1
4 1 3 30 1 5 1
5 1 3 38 69 260 103
6 1 1 46 261 2541 391
7 0 1 52 1 9 1
8 0 5 58 1 4 1
9 0 2 66 1 11 1
10 0 1 73 3 25 4
11 0 5 79 1 4 1
12 1 3 87 592 2656 888
13 0 4 95 6 18 9
14 1 4 103 509 2258 763
15 0 10 111 1 4 1
16 0 1 120 6 48 9
17 1 3 126 1 3 1
18 1 1 134 49 438 73
19 0 1 139 601 6088 901
20 1 2 145 3 25 4
21 0 5 152 12 38 18
22 0 3 160 1 3 1
23 0 13 168 5 15 7
24 0 30 177 32 112 48
25 0 1 186 283 2766 424
26 0 2 192 21 179 31
27 1 1 199 1 8 1
28 0 12 205 1 4 1
29 0 2 214 149241 1901344 223861
30 0 18 221 655 2960 982
31 0 3 230 2 6 3
32 1 2 238 18 152 27
33 1 1 245 2 17 3
34 0 2 251 183 1750 274
35 0 10 258 2 7 3
36 1 20 267 1 6 1
37 0 2 276 7472 84610 11208
38 1 15 283 1 3 1
39 0 5 292 1 5 1
40 1 3 300 34 120 51
41 0 2 308 453 4529 679
42 0 1 315 1 9 1
43 1 3 321 130 517 195
44 0 2 329 1 9 1
45 1 11 336 7 21 10
46 0 1 345 593 6003 889
47 1 5 351 3 9 4
48 0 3 359 296 1260 444
49 1 2 367 135 1272 202
50 1 3 374 52 191 78
51 0 5 382 9 27 13
52 1 2 390 1 9 1
53 1 1 397 1 10 1
54 1 5 403 1 4 1
55 1 1 411 253 2459 379
56 0 12 417 37449 219461 56173
57 0 3 426 107 996 160
58 1 1 434 1 9 1
59 0 3 440 2 6 3
60 0 1 448 1 8 1
61 0 2 455 3 25 4
62 0 1 462 6 48 9
63 0 1 468 271 2643 406
64 1 1 474 13 107 19
65 0 2 479 258605 3361897 387907
66 1 4 486 14 45 21
67 0 6 494 374 1621 561
68 1 5 502 178 727 267
69 1 2 510 1 10 1
70 0 2 517 5 41 7
71 0 2 524 3 25 4
72 0 8 531 1 3 1
73 0 12 540 21 70 31
74 1 10 549 1 4 1
75 1 4 558 20 67 30
76 0 1 566 105 976 157
77 0 1 571 5 40 7
78 0 11 578 1 5 1
79 1 5 587 3 9 4
80 0 3 595 1 3 1
81 0 1 603 589 5961 883
82 1 17 609 1756 8511 2634
83 1 2 618 2 17 3
84 1 3 625 1 9 1
85 1 2 633 1 10 1
86 0 2 640 319 3136 478
87 0 1 647 17 143 25
88 1 8 653 50 183 75
89 1 1 662 310 3043 465
90 0 8 668 30 104 45
91 1 11 677 1 4 1
92 1 2 686 1 9 1
93 1 5 693 1 3 1
94 0 5 701 1 5 1
95 1 12 709 7 21 10
96 0 2 718 1 11 1
97 0 50 725 49 179 73
98 1 10 735 69 260 103
99 1 2 744 3 25 4
100 0 7 751 16 52 24
101 1 2 759 1 9 1
102 0 1 766 3175 34666 4762
103 0 3 772 1 4 1
104 1 5 780 7 21 10
105 1 3 788 17 56 25
106 1 15 796 1 5 1
107 0 34 805 1 3 1
108 0 4 814 3 10 4
109 0 1 822 1 9 1
110 1 11 829 1 5 1
111 1 1 838 62417 769461 93625
112 0 1 844 1 10 1
113 0 3 851 65 243 97
114 1 4 859 1 3 1
115 0 6 867 1669 8061 2503
116 1 15 875 996 4640 1494
117 1 5 884 1 5 1
118 0 1 892 1097 11426 1645
119 0 2 898 1 10 1
120 1 2 905 9 73 13
121 0 1 912 5 40 7
122 1 2 918 139 1311 208
123 1 7 925 1 3 1
124 1 1 933 58298 716800 87447
125 1 12 938 1105 5186 1657
126 1 7 947 1 5 1
127 0 6 955 29477 170406 44215
128 1 4 963 1 4 1
129 1 3 971 1 5 1
130 1 1 979 1 9 1
131 1 1 984 1 9 1
132 0 21 991 53747391 444337328 80621086
133 1 6 1000 5 15 7
134 0 4 1008 10 31 15
135 1 2 1016 2 17 3
136 0 1 1023 1240 12987 1860
137 1 4 1029 1668 8056 2502
138 1 2 1037 4 32 6
139 1 11 1044 1 3 1
140 1 2 1053 1 9 1
141 1 4 1060 4 12 6
142 1 3 1068 95 368 142
143 1 1 1076 45 400 67
144 0 5 1080 2 7 3
145 0 3 1088 2 6 3
146 0 4 1096 1 4 1
147 1 10 1104 1 4 1
148 0 3 1113 7413 39466 11119
149 0 3 1121 2 17 3
150 0 6 1128 1 4 1
151 0 2 1136 1 10 1
152 1 17 1143 6873 36419 10309
153 1 8 1152 1 3 1
154 1 12 1161 25 85 37
155 0 1 1170 1 9 1
156 0 4 1177 24 82 36
157 1 1 1185 1 8 1
158 0 2 1192 38 335 57
159 1 4 1199 38 135 57
160 0 31 1207 28 97 42
161 1 1 1216 1 11 1
162 1 2 1222 50 447 75
163 0 4 1229 1 4 1
164 0 1 1237 70 637 105
165 1 8 1243 924 4282 1386
166 1 9 1251 2 7 3
167 0 1 1260 231 2235 346
168 1 1 1266 2654 28753 3981
169 1 5 1272 31840 184880 47760
170 1 2 1280 5 41 7
171 0 2 1287 1 10 1
172 1 6 1294 1 5 1
173 0 1 1302 356 3518 534
174 1 3 1308 16 52 24
175 1 2 1316 1 10 1
176 0 3 1323 1 4 1
177 0 5 1331 581 2603 871
178 1 6 1339 1 4 1
179 0 5 1347 513 2277 769
180 0 1 1355 17 143 25
181 0 1 1360 1 10 1
182 0 12 1367 1 4 1
183 1 1 1376 1 10 1
184 1 26 1383 641 2892 961
185 0 7 1392 44 159 66
186 0 3 1400 387 3840 580
187 1 3 1407 21 70 31
188 0 2 1415 1 9 1
189 1 19 1422 4 12 6
190 0 2 1431 1 9 1
191 1 2 1438 4 33 6
192 1 1 1445 80 733 120
193 0 1 1452 2 17 3
194 0 3 1457 37 131 55
195 1 15 1465 7 21 10
196 0 11 1474 61 227 91
197 1 3 1483 1 3 1
198 1 1 1491 213 2053 319
199 0 2 1497 1 12 1
200 0 8 1504 12 38 18
201 1 7 1512 1 4 1
202 1 4 1520 75 284 112
203 0 4 1528 1 4 1
204 1 37 1536 13 41 19
205 1 2 1545 63 570 94
206 0 2 1552 4 33 6
207 1 3 1559 662 2994 993
208 0 4 1567 27 93 40
209 0 5 1575 80 305 120
210 0 2 1583 1 9 1
211 0 3 1590 71 268 106
212 0 2 1598 49 438 73
213 0 10 1605 1 3 1
214 0 2 1614 1 9 1
215 1 10 1621 663 2999 994
216 0 1 1630 3 25 4
217 1 1 1637 1 12 1
218 1 1 1643 1 10 1
219 0 1 1649 1 10 1
220 0 3 1655 131484 1667239 197226
221 1 5 1662 2 6 3
222 1 2 1670 1 9 1
223 1 8 1677 31 108 46
224 1 2 1685 17382 203769 26073
225 1 1 1692 1 9 1
226 0 4 1699 23 78 34
227 1 1 1707 1 9 1
228 0 2 1713 1041 10817 1561
229 0 2 1720 23 197 34
230 0 3 1727 6 18 9
231 1 7 1735 221 919 331
232 0 4 1743 63 235 94
233 1 2 1751 78 714 117
234 0 3 1758 2 17 3
235 1 6 1765 1 4 1
236 1 5 1773 3 9 4
237 0 2 1781 163 1550 244
238 1 5 1788 343 1476 514
239 0 2 1796 467 4675 700
240 1 2 1803 2 17 3
241 0 7 1810 59 219 88
242 1 4 1818 1 3 1
243 1 4 1826 37 131 55
244 1 1 1834 200 1921 300
245 0 2 1840 822 8449 1233
246 0 1 1847 1 9 1
247 0 89 1854 565 2526 847
248 1 1 1864 5 40 7
249 1 2 1869 18 152 27
250 0 1 1876 174 1660 261
251 1 2 1882 318 3126 477
252 0 10 1889 1 3 1
253 1 3 1898 15832 88266 23748
254 0 11 1906 320534 2106284 480801
255 1 3 1915 41 147 61
256 0 1 1923 1 10 1
257 0 5 1929 1073 5025 1609
258 0 1 1937 1 9 1
259 0 3 1942 1 3 1
260 1 1 1950 18 152 27
261 1 7 1957 1 4 1
262 1 15 1965 55 203 82
263 0 1 1974 1 9 1
264 0 2 1980 28464 340324 42696
265 1 4 1987 1 4 1
266 0 2 1995 2 17 3
267 0 9 2002 1 4 1
268 0 2 2011 6 48 9
269 1 7 2018 5 15 7
270 1 1 2026 1 8 1
271 1 12 2032 20 67 30
272 1 2 2041 2567 27770 3850
273 1 1 2048 1 10 1
274 0 3 2054 1 3 1
275 0 1 2062 611 6194 916
276 1 2 2068 12 99 18
277 0 1 2075 20 170 30
278 0 2 2079 6 48 9
279 0 1 2086 579 5855 868
280 1 7 2092 9 27 13
281 0 2 2100 9 73 13
282 0 1 2107 1 10 1
283 1 7 2114 44 159 66
284 0 1 2122 1 11 1
285 0 12 2128 5 15 7
286 1 1 2137 2 17 3
287 0 1 2143 10 81 15
288 0 4 2149 1 3 1
289 0 1 2157 444281 5889434 666421
290 0 3 2164 127 504 190
291 1 4 2172 1 3 1
292 0 4 2180 1 4 1
293 0 4 2188 101 393 151
294 0 2 2196 346 3414 519
295 1 3 2203 16 52 24
296 0 8 2211 4 13 6
297 0 2 2219 138 1301 207
298 1 2 2226 6 48 9
299 0 3 2233 1 4 1
300 0 2 2241 1 10 1
301 0 10 2248 34 120 51
302 1 1 2257 3 25 4
303 1 2 2263 306 3002 459
304 0 3 2270 24 81 36
305 0 1 2278 2 17 3
306 0 1 2284 32260 387621 48390
307 0 1 2291 2 17 3
308 0 1 2298 5 40 7
309 1 11 2304 1 5 1
310 1 9 2313 1 3 1
311 0 1 2322 1818 19370 2727
312 0 3 2327 124 491 186
313 0 6 2335 4 12 6
314 1 4 2343 44 159 66
315 0 1 2351 2 17 3
316 1 2 2357 511 5137 766
317 0 2 2364 145 1371 217
318 0 33 2371 1 4 1
319 0 2 2380 4 33 6
320 0 6 2387 1 4 1
321 1 1 2395 1 10 1
322 1 8 2401 1 4 1
323 0 2 2410 15739 183769 23608
324 1 2 2417 542 5464 813
325 1 2 2424 1 8 1
326 0 4 2431 148 596 222
327 0 1 2439 8343 94908 12514
328 1 4 2446 1 5 1
329 0 1 2454 1 12 1
330 0 2 2459 1 9 1
331 1 1 2466 3 25 4
332 0 3 2473 1 4 1
333 0 2 2481 1 9 1
334 1 2 2488 3 25 4
335 0 3 2495 1 9 1
336 1 4 2502 1 4 1
337 1 2 2510 663 6747 994
338 0 6 2517 393 1709 589
339 0 6 2525 11 34 16
340 1 2 2533 1 9 1
341 1 9 2540 82 314 123
342 1 1 2549 1 9 1
343 0 7 2556 2 6 3
344 0 9 2564 62 231 93
345 0 1 2573 231 2235 346
346 1 9 2579 351 1514 526
347 0 7 2588 2 6 3
348 0 2 2596 7 56 10
349 1 3 2603 6 18 9
350 1 4 2611 264 1113 396
351 1 9 2619 2202 10838 3303
352 0 11 2628 16 52 24
353 1 1 2637 1 9 1
354 0 5 2643 1 5 1
355 1 12 2651 121 479 181
356 0 11 2660 55 203 82
357 0 2 2669 1 12 1
358 0 2 2676 3 25 4
359 1 4 2683 26 89 39
360 1 4 2691 6 18 9
361 0 1 2699 3 25 4
362 1 6 2706 1 4 1
363 0 1 2714 3 25 4
364 0 1 2720 35 307 52
365 0 1 2726 2 17 3
366 1 1 2732 1 9 1
367 1 1 2739 1 12 1
368 0 2 2745 45 400 67
369 1 1 2752 1 8 1
370 0 3 2758 6 18 9
371 0 1 2766 253 2459 379
372 1 1 2772 7 56 10
373 0 1 2778 2338 25189 3507
374 0 6 2784 4 12 6
375 0 2 2792 20 170 30
376 1 5 2799 19 63 28
377 0 3 2807 1 4 1
378 0 1 2815 54 485 81
379 1 7 2821 27 93 40
380 1 21 2829 3339 16894 5008
381 0 2 2838 158 1500 237
382 1 3 2845 2 6 3
383 1 2 2853 11 90 16
384 1 1 2860 1 10 1
385 1 5 2866 9 27 13
386 1 5 2874 62 231 93
387 1 2 2882 10 81 15
388 0 1 2889 96 889 144
389 0 2 2895 146 1381 219
390 0 4 2902 5 15 7
391 1 1 2910 28 242 42
392 0 3 2916 124 492 186
393 0 12 2924 2 6 3
394 0 7 2933 17 56 25
395 0 1 2941 174718 2238948 262077
396 1 1 2947 6 48 9
397 1 1 2953 1 10 1
398 1 7 2958 1 4 1
399 1 2 2966 1 9 1
400 0 1 2973 1 9 1
401 0 1 2979 1 9 1
402 0 1 2985 3607 39601 5410
403 0 38 2992 25 85 37
404 0 10 3002 20 67 30
405 1 8 3011 3 10 4
406 0 4 3019 1 5 1
407 0 1 3027 24 206 36
408 0 1 3033 1824 19437 2736
409 0 8 3040 134 535 201
410 1 2 3049 3 25 4
411 0 3 3056 2 6 3
412 1 59 3064 2 7 3
413 1 15 3074 1 4 1
414 0 3 3083 8 24 12
415 1 5 3091 2 7 3
416 0 4 3099 1 5 1
417 0 1 3107 95 879 142
418 0 1 3114 1 11 1
419 0 4 3117 78 297 117
420 1 1 3125 22 188 33
421 1 4 3131 55 203 82
422 0 19 3139 8 24 12
423 1 1 3148 1 9 1
424 1 1 3155 3 25 4
425 1 6 3161 1 3 1
426 0 1 3169 167 1590 250
427 1 2 3176 38 335 57
428 1 11 3183 1 4 1
429 0 3 3192 1 5 1
430 0 4 3200 10 31 15
431 1 4 3208 264 1113 396
432 1 3 3216 3 9 4
433 0 2 3224 65 589 97
434 1 1 3231 36 316 54
435 0 4 3237 5898 30953 8847
436 1 2 3245 43691 531240 65536
437 1 2 3252 19 161 28
438 1 1 3259 2 17 3
439 1 10 3266 17 56 25
440 1 11 3275 1 3 1
441 1 1 3284 1 10 1
442 0 3 3290 1 5 1
443 0 3 3298 5 15 7
444 1 9 3306 1 4 1
445 1 4 3315 1 4 1
446 0 1 3323 1 10 1
447 0 7 3329 99 385 148
448 1 5 3337 1 5 1
449 0 5 3345 193 794 289
450 1 4 3353 1 4 1
451 0 9 3361 64 239 96
452 0 4 3370 253 1063 379
453 1 1 3378 4 33 6
454 1 5 3385 1 3 1
455 1 16 3393 1 4 1
456 1 1 3402 99 918 148
457 1 6 3407 102 398 153
458 1 1 3415 1 9 1
459 0 3 3421 31 270 46
460 0 7 3428 24 82 36
461 1 2 3436 14 116 21
462 0 8 3443 42 151 63
463 0 4 3452 1 4 1
464 0 2 3460 1614 17106 2421
465 1 1 3467 27 233 40
466 1 1 3473 10 81 15
467 0 4 3479 33 116 49
468 1 5 3487 91 351 136
469 1 14 3495 136 543 204
470 0 2 3504 179 1710 268
471 0 2 3511 15 125 22
472 0 27 3518 1 3 1
473 0 1 3527 5 41 7
474 1 2 3531 82 753 123
475 0 11 3538 1 4 1
476 0 5 3547 1 4 1
477 1 2 3555 1 9 1
478 1 13 3562 61 227 91
479 1 1 3571 268398 3493927 402597
480 1 3 3576 39 344 58
481 0 4 3583 6 18 9
482 0 6 3591 1 3 1
483 1 1 3599 1 9 1
484 0 4 3605 11299 61732 16948
485 0 25 3613 2 6 3
