0 0 24 5 27 93 40
1 1 1 23 1 9 1
2 1 2 35 3 25 4
3 1 8 49 2 7 3
4 1 5 66 93 859 139
5 0 11 82 385 1672 577
6 0 2 99 25661 305553 38491
7 1 1 113 2 17 3
8 0 1 126 1 9 1
9 1 2 136 1 9 1
10 0 2 150 1 9 1
11 1 3 164 24 206 36
12 1 5 179 17 143 25
13 1 29 195 872 4024 1308
14 1 7 214 23865 136295 35797
15 0 4 231 22 188 33
16 1 10 247 1 5 1
17 0 2 264 1 10 1
18 1 2 278 1 10 1
19 1 1 293 1 10 1
20 1 2 306 83 763 124
21 0 3 320 1 11 1
22 0 4 335 27 233 40
23 1 3 351 22 188 33
24 0 5 366 6511 73304 9766
25 1 5 382 1 9 1
26 0 2 398 8 64 12
27 0 4 413 2 17 3
28 0 1 429 6746 76063 10119
29 0 1 440 1 10 1
30 0 1 452 1 11 1
31 1 1 465 43 381 64
32 0 2 478 7073 79908 10609
33 1 3 492 3 25 4
34 1 3 507 1 9 1
35 1 25 522 2 6 3
36 1 2 541 584 5908 876
37 1 4 555 1 9 1
38 1 28 571 1 4 1
39 1 7 590 1 3 1
40 1 5 607 427 4256 640
41 1 2 623 3 25 4
42 1 2 638 1 10 1
43 0 3 652 1 10 1
44 0 9 667 1 3 1
45 1 4 684 4239 46864 6358
46 0 1 700 531 5348 796
47 1 4 713 11 90 16
48 0 1 729 367 3632 550
49 1 18 742 304 1296 456
50 0 6 760 47 419 70
51 1 4 777 36 316 54
52 1 1 793 4 33 6
53 1 3 805 4213 46564 6319
54 0 4 821 54 485 81
55 1 4 837 8 64 12
56 1 3 853 132 1242 198
57 0 2 868 6 48 9
58 1 1 882 1 9 1
59 0 5 893 1 8 1
60 1 1 909 16 134 24
61 0 3 921 8 64 12
62 1 2 936 5 40 7
63 0 2 950 78578 977248 117867
64 1 1 964 1 10 1
65 0 1 977 31 270 46
66 0 3 990 270 2632 405
67 0 1 1005 1 12 1
68 1 1 1018 35 307 52
69 1 3 1028 442 4413 663
70 0 1 1043 148 1401 222
71 1 1 1056 620 6290 930
72 1 1 1068 1 9 1
73 0 3 1079 1 8 1
74 0 9 1094 1 3 1
75 0 1 1111 15 125 22
76 0 1 1122 1 9 1
77 1 1 1135 6 48 9
78 0 8 1147 5327 27777 7990
79 0 5 1164 100 928 150
80 0 1 1180 1 9 1
81 0 2 1190 1 10 1
82 1 3 1205 1 10 1
83 1 2 1220 291 2848 436
84 1 6 1234 5 40 7
85 1 2 1251 1 9 1
86 0 3 1266 44 391 66
87 0 4 1281 10 81 15
88 0 2 1297 1 12 1
89 1 32 1311 31038 179961 46557
90 0 2 1330 901412 12250876 1352118
91 1 1 1344 1 9 1
92 1 2 1357 1 10 1
93 0 1 1371 39 344 58
94 0 7 1384 27 93 40
95 1 5 1401 41 363 61
96 1 13 1417 326 1398 489
97 1 2 1435 607 6152 910
98 0 11 1449 1 5 1
99 0 3 1466 1 10 1
100 0 2 1481 2 17 3
101 0 2 1495 1 9 1
102 0 4 1510 4 33 6
103 1 7 1526 1 4 1
104 1 5 1543 1025 10643 1537
105 0 2 1559 13 107 19
106 0 1 1573 1 10 1
107 0 13 1586 1680 8118 2520
108 0 3 1604 1 10 1
109 0 17 1619 1 3 1
110 0 1 1637 4941 54983 7411
111 0 2 1647 1 9 1
112 0 3 1662 10 81 15
113 1 3 1677 6 48 9
114 1 2 1692 1 9 1
115 1 3 1707 94 869 141
116 1 7 1722 3 10 4
117 1 2 1739 162 1540 243
118 0 1 1753 1 8 1
119 0 1 1766 1 11 1
120 1 2 1778 1 9 1
121 1 2 1792 1 9 1
122 1 4 1806 2 17 3
123 1 4 1822 2 17 3
124 1 4 1838 36 316 54
125 0 9 1854 27 93 40
126 1 3 1871 1 10 1
127 1 11 1886 35 124 52
128 1 2 1903 2 17 3
129 0 28 1917 93 360 139
130 1 1 1936 10 81 15
131 0 10 1949 4 12 6
132 0 1 1966 24 206 36
133 1 3 1979 18616 218840 27924
134 1 4 1994 5 40 7
135 1 2 2010 11441 131859 17161
136 1 1 2024 2 17 3
137 1 9 2035 7 21 10
138 1 7 2052 31 108 46
139 1 4 2069 1 10 1
140 1 2 2085 1 9 1
141 1 3 2099 84 772 126
142 1 1 2114 2 17 3
143 0 4 2124 1 10 1
144 1 1 2140 1741 18514 2611
145 0 15 2153 1 4 1
146 0 6 2171 2 17 3
147 0 1 2187 200435 2581521 300652
148 0 4 2200 1 9 1
149 0 1 2216 1 13 1
150 1 3 2228 1 9 1
151 1 5 2243 1 11 1
152 1 11 2259 254 1068 381
153 1 1 2276 1 9 1
154 1 4 2288 90 830 135
155 0 7 2304 559 2497 838
156 0 6 2321 8683 98940 13024
157 1 8 2338 1 4 1
158 0 1 2355 16 134 24
159 0 1 2368 1 9 1
160 1 7 2381 1 6 1
161 0 2 2398 2 17 3
162 1 5 2412 771 7902 1156
163 1 1 2428 1 10 1
164 0 2 2440 39 344 58
165 1 15 2454 1 3 1
166 1 3 2472 1 9 1
167 1 2 2487 4 33 6
168 0 3 2501 15 125 22
169 1 2 2516 11 90 16
170 1 1 2530 189 1811 283
171 0 7 2542 138 552 207
172 1 22 2559 9 27 13
173 1 3 2577 1 12 1
174 0 2 2592 1142 11916 1713
175 1 7 2607 6 18 9
176 1 6 2624 1 4 1
177 0 2 2641 14 116 21
178 0 3 2654 18 152 27
179 0 7 2669 8 24 12
180 1 2 2686 1 9 1
181 1 4 2700 1 10 1
182 1 3 2716 4 33 6
183 0 2 2731 1 10 1
184 1 3 2745 599 6067 898
185 0 3 2760 1 9 1
186 1 3 2775 17 143 25
187 1 5 2790 2285 24594 3427
188 0 2 2806 16 134 24
189 0 5 2820 1 11 1
190 0 2 2836 3245 35464 4867
191 0 1 2850 1 8 1
192 0 2 2863 6354 71463 9531
193 1 4 2877 1 12 1
194 1 2 2893 12 99 18
195 1 11 2907 1 4 1
196 0 3 2925 2 17 3
197 1 3 2940 94 869 141
198 0 2 2955 1020 10589 1530
199 1 4 2969 20 170 30
200 1 2 2985 28 242 42
201 1 8 2999 182923 1168044 274384
202 1 11 3016 13 41 19
203 0 3 3033 1 10 1
204 0 1 3049 1 9 1
205 1 2 3061 1 9 1
206 0 1 3075 2 17 3
207 0 2 3088 1 10 1
208 0 3 3102 331 3259 496
209 1 4 3117 1 9 1
210 1 1 3133 1 9 1
211 1 3 3146 1 10 1
212 1 13 3161 1 3 1
213 1 1 3179 1 9 1
214 0 7 3191 42600 251465 63900
215 0 3 3208 19 161 28
216 0 1 3223 1 8 1
217 1 2 3232 5517 61680 8275
218 0 4 3247 160523 2050611 240784
219 0 5 3263 1 13 1
220 1 3 3279 514 5169 771
221 0 8 3294 56 207 84
222 1 1 3311 59 532 88
223 1 13 3323 25 85 37
224 0 2 3341 895 9236 1342
225 0 5 3355 119 1114 178
226 1 2 3371 1 14 1
227 0 1 3386 3791 41711 5686
228 1 3 3399 23 197 34
229 0 5 3414 817 8395 1225
230 0 5 3430 3 25 4
231 1 1 3446 1 9 1
232 0 2 3457 1 10 1
233 0 3 3470 1 9 1
234 1 3 3485 1 14 1
235 0 3 3500 17540 205697 26310
236 1 3 3515 1603 16984 2404
237 1 7 3530 25 85 37
238 1 5 3547 11 90 16
239 0 1 3563 227 2195 340
240 1 1 3576 3 25 4
241 0 2 3589 2 17 3
242 1 1 3604 1 11 1
243 1 10 3616 2 6 3
