0 1 1 5 1320 13864 1980
1 1 1 9 1 9 1
2 1 2 15 13 107 19
3 0 4 21 1 3 1
4 1 1 29 2 17 3
5 0 11 33 24 82 36
6 0 10 43 32 112 48
7 0 1 53 3 25 4
8 1 2 57 42 372 63
9 0 14 63 1005 4685 1507
10 0 8 73 13 41 19
11 0 1 82 37 325 55
12 0 1 87 54 485 81
13 1 5 91 1 4 1
14 1 2 99 489 4906 733
15 0 1 106 87 801 130
16 1 2 111 1 8 1
17 0 1 117 480152 6382578 720228
18 0 2 121 4 33 6
19 1 7 127 15 48 22
20 0 1 136 17258 202257 25887
21 1 2 142 95 879 142
22 1 3 148 4 12 6
23 1 2 155 1 9 1
24 1 6 162 720 3277 1080
25 0 1 171 54 485 81
26 0 2 176 11 90 16
27 0 2 182 639 6492 958
28 1 3 189 16 52 24
29 1 10 196 1 3 1
30 1 1 206 33 289 49
31 1 2 211 2 17 3
32 1 3 217 373 3694 559
33 1 1 224 4 33 6
34 1 2 229 42 372 63
35 0 12 236 1 3 1
36 1 1 246 3540 38834 5310
37 1 5 250 1 3 1
38 0 1 258 12 99 18
39 0 8 263 5484 28649 8226
40 1 1 272 36 316 54
41 0 3 277 1 4 1
42 1 1 285 2 17 3
43 0 7 291 29 100 43
44 0 2 300 125 1173 187
45 1 3 306 11 34 16
46 1 3 314 7 56 10
47 1 2 321 382 3788 573
48 0 2 327 235 2276 352
49 0 6 334 5 15 7
50 1 8 343 12 38 18
51 1 9 352 1 5 1
52 1 8 361 2 7 3
53 0 1 370 1 10 1
54 1 1 375 1 9 1
55 0 2 379 1 10 1
56 0 3 386 8 64 12
57 1 1 393 217 2093 325
58 0 1 398 53 476 79
59 1 3 402 1 4 1
60 1 3 409 17 143 25
61 0 4 416 2 6 3
62 1 4 424 57 211 85
63 0 7 432 8 24 12
64 1 1 441 1 8 1
65 1 1 445 2 17 3
66 1 4 448 118 466 177
67 1 6 456 1 5 1
68 1 3 465 19 161 28
69 1 1 472 5 41 7
70 0 1 476 246 2388 369
71 1 1 481 275 2684 412
72 1 2 485 5 41 7
73 0 6 492 288 1223 432
74 0 12 501 365 1579 547
75 0 10 511 1 4 1
76 1 2 521 3 25 4
77 1 10 527 525776 3541120 788664
78 0 1 537 153 1450 229
79 1 3 541 4 33 6
80 1 8 548 240 1004 360
81 0 6 557 1153 5427 1729
82 0 2 566 1 10 1
83 0 5 573 4 13 6
84 1 1 581 21 179 31
85 1 5 585 26 89 39
86 0 2 593 2 17 3
87 1 2 599 3 25 4
88 1 3 605 6 18 9
89 1 1 612 5932 66524 8898
90 0 2 617 1 9 1
91 0 5 623 1 5 1
92 1 3 631 6 18 9
93 1 2 638 1 11 1
94 1 1 645 14000 162689 21000
95 0 1 650 587 5940 880
96 1 1 654 1001 10383 1501
97 1 3 658 4 12 6
98 0 2 666 32 279 48
99 0 2 672 310 3043 465
100 0 17 678 1 3 1
101 0 2 688 13 107 19
102 0 8 694 1 4 1
103 1 3 703 1 3 1
104 0 1 710 1 10 1
105 1 1 714 1 10 1
106 1 1 718 1 11 1
107 1 1 723 2 17 3
108 1 4 728 16931 94769 25396
109 0 1 736 1 13 1
110 1 12 739 31 108 46
111 0 5 749 852 3925 1278
112 1 3 757 19 63 28
113 0 2 764 41 363 61
114 1 3 770 149 600 223
115 1 5 778 1 4 1
116 1 3 786 8 24 12
117 1 5 793 1743 8444 2614
118 0 2 801 1 10 1
119 0 2 807 1 9 1
120 1 28 814 1 4 1
121 0 1 825 5 41 7
122 0 1 830 3 25 4
123 1 3 835 2751 13743 4126
124 0 2 842 225 2174 337
125 0 1 848 2 17 3
126 0 13 853 151 608 226
127 0 2 863 751 7687 1126
128 1 6 870 1 3 1
129 1 4 879 1 3 1
130 1 5 887 1 4 1
131 0 4 895 5 15 7
132 0 5 903 1 4 1
133 1 3 911 3886 19857 5829
134 0 3 918 20 170 30
135 1 3 925 1 3 1
136 1 27 932 1 4 1
137 0 1 943 8577 97682 12865
138 1 2 949 57 513 85
139 0 1 956 203 1952 304
140 1 1 961 6938 78320 10407
141 1 7 965 104 406 156
142 1 2 974 4 32 6
143 1 1 980 1 9 1
144 1 2 985 77 705 115
145 0 5 992 1 3 1
146 0 3 1000 1 10 1
147 1 1 1007 20 170 30
148 0 6 1012 1 5 1
149 1 4 1021 9 27 13
150 0 7 1029 17956 100856 26934
151 0 3 1038 1 5 1
152 1 3 1045 12 38 18
153 0 1 1052 22 188 33
154 0 1 1058 46 409 69
155 0 4 1063 1 4 1
156 1 2 1071 1 9 1
157 0 1 1077 1 11 1
158 1 6 1083 1 4 1
159 1 6 1092 2461 12203 3691
160 0 7 1101 51 187 76
161 1 12 1110 1 4 1
162 0 1 1120 2512 27149 3768
163 1 14 1125 1 3 1
164 1 13 1135 10 31 15
165 0 3 1145 1868 9092 2802
166 0 4 1152 3 10 4
167 0 2 1160 6549 73750 9823
168 1 2 1166 1 8 1
169 1 11 1172 1 3 1
170 0 3 1182 46 167 69
171 0 2 1190 180 1720 270
172 1 19 1196 1 4 1
173 1 1 1207 2 17 3
174 1 2 1211 1 9 1
175 0 1 1217 1 10 1
176 0 15 1222 49 179 73
177 0 1 1232 2 17 3
178 1 2 1236 5 40 7
179 1 2 1242 7 56 10
180 1 3 1249 7922 42350 11883
181 0 11 1257 1 4 1
182 0 1 1267 9 73 13
183 1 6 1272 362 1565 543
184 0 8 1281 322 1379 483
185 0 2 1290 7 56 10
186 1 5 1297 1 4 1
187 0 3 1305 2 17 3
188 1 2 1312 36460 440197 54690
189 1 3 1319 1 3 1
190 1 34 1327 1 3 1
191 0 9 1338 6 18 9
192 1 2 1347 1 10 1
193 0 1 1353 1236 12943 1854
194 0 7 1357 12 38 18
195 1 1 1366 2 17 3
196 1 16 1370 1 4 1
197 1 16 1380 1 3 1
198 1 2 1390 1 10 1
199 0 8 1396 1 4 1
200 0 3 1405 11 34 16
201 0 5 1413 3352 16964 5028
202 1 4 1421 1 3 1
203 1 2 1429 19 161 28
204 0 2 1435 1 9 1
205 1 7 1441 131 522 196
206 0 15 1450 1 3 1
207 1 5 1460 1 5 1
208 1 1 1469 21 179 31
209 0 4 1475 1 4 1
210 1 1 1483 1 9 1
211 0 11 1488 7 21 10
212 1 3 1498 1 10 1
213 0 1 1505 26 224 39
214 1 3 1510 1 4 1
215 0 2 1517 1987 21255 2980
216 0 2 1523 1 10 1
217 0 1 1529 28378 339256 42567
218 1 7 1533 2 6 3
219 0 7 1542 2 7 3
220 0 2 1551 1 9 1
221 0 1 1557 2 17 3
222 0 6 1562 1125 5286 1687
223 0 3 1571 1 5 1
224 0 4 1579 57 211 85
225 1 6 1587 1 4 1
226 1 1 1596 12 99 18
227 0 6 1601 1 4 1
228 0 40 1610 4 12 6
229 1 3 1622 1 3 1
230 0 2 1630 1 10 1
231 1 4 1636 17 56 25
232 0 3 1644 1 11 1
233 0 1 1651 40 353 60
234 0 1 1656 2 17 3
235 1 3 1661 1 4 1
236 1 9 1668 1 3 1
237 1 4 1677 46 167 69
238 1 2 1685 7 56 10
239 0 3 1691 5 15 7
240 0 2 1698 1 9 1
241 1 78 1705 6 18 9
242 1 1 1717 7 56 10
243 0 1 1722 1036 10762 1554
244 1 19 1726 1 3 1
245 1 3 1737 390 1695 585
246 0 24 1744 2 6 3
247 1 10 1755 27274 156969 40911
248 1 4 1765 1278 6060 1917
249 0 2 1773 2 17 3
250 1 2 1779 9 73 13
251 1 15 1785 224 932 336
252 0 6 1795 1 4 1
253 1 4 1804 11 34 16
254 1 4 1812 1 8 1
255 1 4 1820 166 674 249
256 0 3 1828 12 98 18
257 1 1 1835 1 9 1
258 0 11 1841 1 4 1
259 1 2 1851 41 363 61
260 0 6 1857 3 10 4
261 0 1 1866 1 8 1
262 0 3 1872 30 104 45
263 1 4 1879 2 7 3
264 0 2 1887 2 17 3
265 1 10 1894 2 7 3
266 0 11 1904 6 18 9
267 1 1 1914 1 9 1
268 1 19 1919 1 3 1
269 0 3 1930 2725 13604 4087
270 0 7 1937 1 3 1
271 1 2 1946 48 428 72
272 0 1 1953 357 3528 535
273 1 15 1959 5 15 7
274 1 7 1969 34 120 51
275 0 11 1978 5 15 7
276 1 4 1988 6 18 9
277 1 2 1996 145 1371 217
278 1 3 2002 4 12 6
279 0 2 2010 36 316 54
280 1 6 2017 54 199 81
281 0 8 2026 21 70 31
282 0 8 2035 910 4212 1365
283 0 6 2044 12 38 18
284 1 2 2053 11847 136734 17770
285 0 4 2060 3 10 4
286 1 2 2068 5 41 7
287 0 7 2074 1 4 1
288 1 2 2083 1 10 1
289 0 8 2090 1 5 1
290 0 4 2099 2 7 3
291 0 13 2107 1 5 1
292 1 8 2117 325 1393 487
293 1 2 2126 553 5580 829
294 1 5 2133 1 5 1
295 1 2 2141 308 3022 462
296 0 4 2148 54203 324280 81304
297 1 9 2156 2 6 3
298 0 7 2165 5 15 7
299 1 1 2174 8 64 12
300 0 3 2180 12775 70315 19162
301 0 31 2188 106 415 159
302 0 10 2199 2 7 3
303 1 3 2209 745 3399 1117
304 0 3 2216 16 52 24
305 1 1 2223 51 457 76
306 1 4 2228 2 6 3
307 1 1 2236 234476 3037354 351714
308 1 3 2241 11 34 16
309 1 2 2248 1 14 1
310 0 1 2254 6 48 9
311 0 3 2259 185 758 277
312 1 3 2267 8 64 12
313 0 1 2274 56 504 84
314 1 7 2278 873 4029 1309
315 1 3 2287 109 1015 163
316 0 3 2294 152 613 228
317 1 3 2301 26001 309763 39001
318 0 2 2308 1 11 1
319 1 15 2315 13 41 19
320 0 8 2325 2755 13764 4132
321 1 2 2334 13 107 19
322 0 5 2340 4955 25719 7432
323 0 27 2348 1 4 1
324 1 5 2359 204 843 306
325 0 11 2367 38 135 57
326 0 1 2377 1 9 1
327 1 8 2383 9 27 13
328 0 8 2392 52 191 78
329 0 6 2401 1 4 1
330 0 3 2410 1 5 1
331 1 17 2417 3750 19118 5625
332 0 3 2427 1 3 1
333 1 2 2435 25 215 37
334 1 7 2441 45 163 67
335 0 1 2450 3 25 4
336 1 22 2455 7 21 10
337 1 8 2466 556 2483 834
338 0 1 2475 146649 1867106 219973
339 0 3 2480 3 10 4
340 0 1 2487 888 9160 1332
341 1 4 2491 1 6 1
342 1 1 2499 1 9 1
343 1 8 2504 3 10 4
344 0 3 2513 1 5 1
345 1 1 2520 8 64 12
346 1 4 2524 3035 15260 4552
347 1 1 2532 1 9 1
348 1 1 2536 78 714 117
349 0 2 2541 1 9 1
350 1 1 2547 21 179 31
351 1 3 2552 1 9 1
352 0 2 2559 12 99 18
353 0 3 2565 2 6 3
354 1 3 2572 52459 313278 78688
355 1 11 2579 1 5 1
356 1 4 2589 524 2329 786
357 1 4 2597 1 3 1
358 1 3 2605 1885 9180 2827
359 0 4 2612 1 4 1
360 0 2 2620 1 9 1
361 0 2 2626 14 116 21
362 0 4 2632 1 5 1
363 0 2 2640 423 4214 634
364 1 2 2647 1 9 1
365 1 3 2653 48 175 72
366 0 33 2660 1 5 1
367 0 2 2671 44 391 66
368 0 23 2678 17 56 25
369 0 1 2689 1 8 1
370 1 2 2695 1 9 1
371 0 2 2701 1446 15250 2169
372 0 4 2708 547 2440 820
373 0 1 2716 1 9 1
374 1 2 2721 1 11 1
375 1 1 2727 1 9 1
376 1 3 2731 2 6 3
377 0 2 2738 34 298 51
378 0 3 2745 4 33 6
379 0 3 2752 1 5 1
380 0 3 2759 42789 252643 64183
381 1 1 2766 16 134 24
382 0 3 2770 19 161 28
383 0 1 2777 1 11 1
384 1 1 2780 13 108 19
385 0 2 2786 256 2489 384
386 1 1 2792 21393144 322795504 32089716
387 0 15 2796 474 2091 711
388 0 1 2806 11325 130468 16987
389 0 7 2811 14 45 21
390 1 2 2820 1 11 1
391 0 2 2827 1 9 1
392 0 6 2833 1 3 1
393 1 3 2842 1 8 1
394 0 1 2849 20 170 30
395 1 3 2855 51862 634797 77793
396 1 2 2862 2 17 3
397 0 4 2868 778 3561 1167
398 0 1 2876 2 17 3
399 1 2 2881 1 9 1
400 0 1 2887 1 9 1
401 1 2 2890 1 10 1
402 0 11 2896 1691 8175 2536
403 1 3 2906 18 152 27
404 0 2 2913 1 9 1
405 1 7 2919 58 215 87
406 1 3 2928 1 4 1
407 1 2 2936 1 9 1
408 1 1 2943 11 90 16
409 0 4 2946 291 1237 436
410 0 6 2954 1 4 1
411 1 1 2963 1 10 1
412 0 10 2967 1 3 1
413 0 2 2977 839 8632 1258
414 0 1 2983 1 8 1
415 1 5 2987 10 31 15
416 1 3 2995 1 4 1
417 1 1 3002 1 9 1
418 0 2 3007 1 9 1
419 1 3 3014 32 112 48
420 1 2 3021 2 17 3
421 1 3 3028 1765 8558 2647
422 0 11 3036 2 7 3
423 0 4 3046 138 552 207
424 1 6 3054 272 1150 408
425 1 3 3063 1 9 1
426 1 2 3070 1 10 1
427 0 4 3076 97 376 145
428 0 1 3084 1 9 1
429 1 6 3090 4 12 6
430 1 1 3099 1 12 1
431 0 1 3104 3538 38811 5307
432 1 54 3109 1 4 1
433 1 1 3121 1 10 1
434 1 2 3125 766 7848 1149
435 1 11 3131 478 2110 717
436 0 9 3141 1 3 1
437 1 8 3150 10 31 15
438 0 2 3159 67 609 100
439 0 13 3165 14 45 21
440 1 22 3175 2 7 3
441 0 5 3186 170 692 255
442 1 2 3194 7 56 10
443 1 3 3201 1 3 1
444 0 1 3208 12531 144961 18796
445 0 4 3214 81 309 121
446 0 1 3222 7 56 10
447 1 15 3227 2 7 3
448 0 2 3237 1 10 1
449 1 4 3244 18 59 27
450 0 12 3252 310 1324 465
451 1 2 3262 47 419 70
452 1 4 3269 1 4 1
453 0 2 3277 5953 66769 8929
454 0 7 3284 1 4 1
455 1 2 3293 1 9 1
456 0 4 3299 23 78 34
457 1 3 3307 45 400 67
458 0 1 3314 1129 11774 1693
459 1 6 3318 4 13 6
460 1 2 3327 7 56 10
461 1 12 3333 8 24 12
462 0 4 3343 10 31 15
463 1 1 3351 5580 62415 8370
464 1 1 3357 493 4948 739
465 0 4 3363 12 38 18
466 1 5 3371 1066 4990 1599
467 0 4 3379 17 56 25
468 1 7 3387 47 171 70
469 1 1 3396 80 733 120
470 0 15 3401 1 6 1
471 0 5 3411 117 461 175
472 0 3 3420 1 4 1
473 1 5 3427 11589 63413 17383
474 0 1 3435 1 10 1
475 0 1 3439 3 25 4
476 1 1 3444 1266 13272 1899
477 0 21 3450 519 2305 778
478 0 23 3461 770 3521 1155
479 1 2 3472 1 11 1
480 1 2 3478 1948 20819 2922
481 1 3 3484 1 9 1
482 0 3 3491 1 12 1
483 0 6 3498 14 45 21
484 1 2 3507 1 8 1
485 0 1 3514 1 11 1
486 1 3 3519 16 134 24
487 0 3 3526 5 40 7
488 0 2 3533 1 9 1
489 0 3 3539 1 9 1
490 0 4 3546 20 67 30
491 0 3 3554 23 78 34
492 0 7 3562 3 9 4
493 0 6 3571 1 3 1
494 0 3 3580 1 9 1
495 1 2 3587 1210 12659 1815
496 0 1 3593 2 17 3
497 1 1 3597 511 5137 766
498 1 1 3602 1 9 1
499 1 11 3607 2 7 3
