0 0 14 5 836 3846 1254
1 0 1 14 1 9 1
2 1 1 21 4912 54647 7368
3 1 4 28 665 6769 997
4 1 2 36 3380 37005 5070
5 0 2 43 5696 63768 8544
6 0 2 50 1 8 1
7 1 2 57 4 33 6
8 1 16 64 2 6 3
9 1 4 73 79 724 118
10 1 5 81 382 3788 573
11 0 1 89 37 325 55
12 1 1 95 35 307 52
13 1 2 101 1 9 1
14 1 2 108 3 25 4
15 0 8 115 3 9 4
16 0 7 124 6 18 9
17 1 8 132 214 887 321
18 0 3 140 1133 11818 1699
19 1 1 148 35 307 52
20 0 1 154 538 5422 807
21 0 2 161 17 143 25
22 1 1 168 1 9 1
23 0 2 174 1 10 1
24 1 4 181 1 8 1
25 0 5 189 664 6758 996
26 1 4 197 1 9 1
27 0 1 205 42932 521655 64398
28 1 3 211 16 134 24
29 1 2 219 12737 147442 19105
30 0 3 226 3098 33790 4647
31 1 2 233 1 10 1
32 0 2 240 1 9 1
33 0 4 247 1012 10502 1518
34 0 4 255 1 9 1
35 0 1 263 1 10 1
36 0 4 270 30 261 45
37 1 7 278 4 12 6
38 1 1 286 598 6056 897
39 0 5 292 1 10 1
40 1 1 300 1 8 1
41 0 13 306 1 6 1
42 1 1 315 7 56 10
43 1 7 321 3 9 4
44 1 2 329 1 10 1
45 1 5 336 10 81 15
46 1 7 344 18 59 27
47 0 10 352 20 67 30
48 0 3 361 19 161 28
49 1 4 369 1 9 1
50 0 3 377 1 9 1
51 0 43 385 4 12 6
52 0 9 395 9148 49340 13722
53 1 3 404 1 9 1
54 1 1 411 2334 25144 3501
55 1 1 417 14 116 21
56 0 14 423 600 2694 900
57 0 1 432 17 143 25
58 1 2 437 4 33 6
59 0 10 444 52 191 78
60 1 13 453 584257 3955394 876385
61 0 4 462 1534 16221 2301
62 1 1 470 1 11 1
63 0 8 476 233 973 349
64 1 2 484 109 1016 163
65 1 3 491 11 90 16
66 0 1 499 1 12 1
67 1 3 506 2 17 3
68 0 49 513 7 21 10
69 0 1 523 101 937 151
70 1 1 529 1 10 1
71 1 2 535 65 590 97
72 0 4 542 198270 2552619 297405
73 1 1 550 1 10 1
74 0 2 556 1 13 1
75 1 3 563 40901 496039 61351
76 1 5 570 605 6131 907
77 0 2 578 1 9 1
78 0 9 585 13 41 19
79 1 17 594 850 3915 1275
80 1 1 603 161 1530 241
81 0 2 609 10 81 15
82 0 2 616 178 1700 267
83 1 14 623 1 4 1
84 1 4 632 1 11 1
85 0 3 640 4 33 6
86 0 3 648 2617 28335 3925
87 0 1 656 7 56 10
88 1 1 662 1 9 1
89 1 8 667 4 12 6
90 0 7 676 4 13 6
91 1 2 684 7122 80485 10683
92 0 2 691 84 772 126
93 1 3 698 1 9 1
94 0 3 706 1 9 1
95 0 3 714 1 10 1
96 0 19 721 74 281 111
97 1 7 730 7 21 10
98 0 1 738 2 17 3
99 0 4 744 75 685 112
100 1 2 752 629 6386 943
101 1 1 759 1 9 1
102 0 1 765 46 409 69
103 0 2 771 1 9 1
104 0 1 778 1 9 1
105 0 5 785 1 11 1
106 1 5 793 113 1055 169
107 1 3 801 6 48 9
108 1 1 809 267 2602 400
109 1 3 816 50 447 75
110 1 11 824 4 12 6
111 1 3 833 4 33 6
112 0 174 841 1 4 1
113 0 5 851 31 270 46
114 1 1 859 1 11 1
115 1 12 866 203 838 304
116 1 3 875 572 5781 858
117 1 2 883 7 56 10
118 0 1 890 1 10 1
119 0 6 897 1 13 1
120 0 4 905 4073 44952 6109
121 0 5 913 1 10 1
122 0 26 921 1 4 1
123 1 1 930 1 11 1
124 1 1 936 50 447 75
125 0 3 941 31 270 46
126 0 13 949 4 12 6
127 1 1 958 4 33 6
128 1 5 964 62960 776413 94440
129 1 1 972 1 10 1
130 0 1 978 1 10 1
131 0 7 984 49 179 73
132 1 1 992 3 25 4
133 0 4 999 20 170 30
134 1 1 1007 40 353 60
135 1 7 1014 4 12 6
136 0 3 1022 6 48 9
137 0 5 1030 4 33 6
138 1 1 1038 1 11 1
139 0 3 1044 1 10 1
140 1 1 1052 1 9 1
141 1 2 1058 4 33 6
142 1 12 1065 11 34 16
143 1 6 1074 1 11 1
144 0 7 1082 30 104 45
145 0 8 1090 1014 4730 1521
146 1 17 1098 2 6 3
147 1 2 1107 25500 303560 38250
148 1 6 1114 278 2715 417
149 1 2 1122 1 10 1
150 1 4 1129 5 40 7
151 1 2 1137 166 1580 249
152 0 1 1144 5 40 7
153 0 3 1150 141 1331 211
154 1 3 1158 497 4990 745
155 0 3 1166 22 188 33
156 0 2 1174 1 10 1
157 0 4 1181 3 25 4
158 0 3 1189 10 81 15
159 1 4 1197 1 10 1
160 1 1 1205 3 25 4
161 0 1 1211 15 125 22
162 1 9 1218 1946 9498 2919
163 1 7 1227 10 31 15
164 1 2 1235 2 17 3
165 1 3 1242 18 152 27
166 0 11 1250 247 1036 370
167 0 1 1259 4 33 6
168 0 6 1266 3506 38445 5259
169 0 2 1274 11923 137647 17884
170 0 20 1281 62451 376555 93676
171 1 1 1290 9 73 13
172 1 7 1296 22556 128397 33834
173 1 1 1304 1 12 1
174 1 1 1310 1 10 1
175 0 4 1316 1 10 1
176 1 4 1324 1 9 1
177 1 26 1332 188 772 282
178 0 4 1341 75 685 112
179 1 4 1349 12 99 18
180 0 13 1357 314 1342 471
181 1 3 1366 4 33 6
182 1 3 1374 83 762 124
183 0 6 1381 141 1331 211
184 1 2 1389 1 10 1
185 0 31 1396 16983 95078 25474
186 0 2 1405 24 206 36
187 1 1 1412 1634 17327 2451
188 0 3 1418 1 10 1
189 1 2 1426 1 8 1
190 1 2 1433 3804 41860 5706
191 0 5 1440 1 11 1
192 0 1 1448 1 10 1
193 0 2 1453 5 40 7
194 0 3 1460 12 99 18
195 1 1 1468 1 9 1
196 1 21 1474 1 5 1
197 0 1 1483 280 2735 420
198 0 3 1490 542 5464 813
199 1 1 1498 2 17 3
200 1 1 1504 1895 20228 2842
201 0 2 1510 1 9 1
202 1 7 1517 4 13 6
203 0 3 1525 1 12 1
204 1 3 1533 4 33 6
205 0 7 1540 746 3404 1119
206 1 9 1548 14 45 21
207 0 1 1557 1 10 1
208 1 1 1564 1 9 1
209 0 3 1571 7418 83973 11127
210 0 9 1578 3 9 4
211 1 1 1587 1 9 1
212 0 1 1594 2482 26811 3723
213 1 3 1600 1 10 1
214 0 2 1608 2 17 3
215 0 2 1615 28 242 42
216 1 2 1622 1 8 1
217 1 3 1629 1 9 1
218 1 3 1637 13607 157939 20410
219 1 3 1644 1 10 1
220 0 4 1652 324 3187 486
221 1 4 1660 21 179 31
222 0 5 1668 1 9 1
223 0 1 1676 6 48 9
224 0 1 1683 1 9 1
225 0 2 1689 1 9 1
226 0 5 1696 915 9452 1372
227 0 17 1704 1 4 1
228 1 9 1713 7 21 10
229 0 9 1722 1 4 1
230 0 1 1731 134 1262 201
231 0 3 1737 9 73 13
232 0 10 1745 23 78 34
233 0 14 1754 52 191 78
234 1 2 1763 44 391 66
235 1 1 1770 1 9 1
236 1 2 1777 2704 29319 4056
237 1 1 1784 12 99 18
238 0 3 1789 328 3229 492
239 0 2 1797 1 11 1
240 0 2 1804 1 10 1
241 0 1 1811 145 1371 217
242 0 6 1818 306 3002 459
243 0 4 1826 1 10 1
244 0 2 1834 1 9 1
245 0 4 1841 1 9 1
246 1 6 1849 212 878 318
247 0 3 1857 15 125 22
248 1 2 1865 84479 1053530 126718
249 0 13 1872 4 12 6
250 1 5 1881 1 12 1
251 0 2 1889 1 10 1
252 0 1 1896 28 242 42
253 0 4 1902 114 1065 171
254 1 2 1910 25 215 37
255 1 4 1917 1 11 1
256 0 3 1925 5 41 7
257 0 4 1933 12 99 18
258 1 3 1941 1 9 1
259 1 1 1949 1 10 1
260 1 3 1955 1 8 1
261 1 7 1962 1 5 1
262 0 3 1970 1 12 1
263 0 2 1978 1 10 1
264 1 3 1985 121 1134 181
265 1 9 1993 36 128 54
266 0 2 2002 1 13 1
267 0 4 2009 1417 14931 2125
268 1 7 2017 7 21 10
269 1 1 2025 38 335 57
270 0 6 2031 194 1861 291
271 1 7 2039 12 38 18
272 0 1 2047 1 9 1
273 1 2 2051 160 1520 240
274 0 2 2058 1 10 1
275 1 3 2065 2430 26225 3645
276 1 1 2073 785 8052 1177
277 1 2 2079 54336 666276 81504
278 0 11 2086 1 4 1
279 0 3 2095 5 41 7
280 1 5 2103 1 9 1
281 0 6 2111 1 9 1
282 1 1 2119 249 2418 373
283 0 4 2126 290 2838 435
284 0 3 2134 115 1074 172
285 0 9 2142 31 108 46
286 0 12 2151 1 4 1
287 1 15 2160 2 7 3
288 0 1 2169 56 504 84
289 1 1 2175 9 73 13
290 0 1 2181 33 288 49
291 1 3 2187 1 12 1
292 0 2 2194 15 125 22
293 0 1 2201 35 307 52
294 1 2 2207 8572 97623 12858
295 0 8 2214 519 2306 778
296 0 1 2222 183 1751 274
297 0 3 2229 126 1183 189
298 1 2 2236 1 11 1
299 1 4 2243 9 73 13
300 0 5 2251 40 353 60
301 0 2 2259 1 9 1
302 1 1 2266 1 9 1
303 1 1 2272 1 12 1
304 1 20 2277 1 4 1
305 1 5 2286 9 73 13
306 0 1 2294 51 456 76
307 0 1 2300 1 9 1
308 0 2 2305 2 17 3
309 0 5 2312 1146 11960 1719
310 0 1 2320 297 2909 445
311 1 2 2324 1 11 1
312 1 6 2331 1 10 1
313 1 5 2339 82 753 123
314 0 1 2347 15 125 22
315 1 2 2353 1 10 1
316 0 2 2360 15 125 22
317 0 3 2367 1 9 1
318 0 3 2375 1 11 1
319 1 3 2383 185 1771 277
320 1 2 2391 2 17 3
321 1 1 2398 14 116 21
322 1 3 2404 2 17 3
323 0 5 2411 494 4959 741
324 0 7 2419 2714 13546 4071
325 1 1 2427 5085 56655 7627
326 0 4 2433 1 9 1
327 0 5 2441 179 1710 268
328 1 1 2449 670 6822 1005
329 0 14 2455 18 59 27
330 0 7 2464 3 9 4
331 1 13 2472 3 10 4
332 0 3 2481 16 134 24
333 0 5 2489 932 9635 1398
334 1 4 2497 110 1025 165
335 0 3 2505 2 17 3
336 0 1 2513 1 8 1
337 0 2 2519 9358 106963 14037
338 1 3 2526 4 33 6
339 0 3 2534 11 90 16
340 0 3 2541 60 542 90
341 0 1 2549 256 2490 384
342 1 1 2554 12 99 18
343 0 2 2560 569 5749 853
344 0 86 2567 1 3 1
345 1 1 2577 1 9 1
346 1 5 2583 751 7687 1126
347 1 1 2591 3 25 4
348 1 4 2597 3249 35510 4873
349 0 2 2605 455 4549 682
350 0 2 2612 47 419 70
351 1 2 2619 2 17 3
352 0 5 2626 1 10 1
353 1 1 2634 1 9 1
354 0 1 2639 1 9 1
355 1 1 2643 1 13 1
356 0 1 2649 1 11 1
357 1 1 2654 1418 14942 2127
358 0 11 2660 314 1342 471
359 1 3 2669 1 10 1
360 0 5 2677 2 17 3
361 1 7 2685 20 67 30
362 0 2 2693 4 33 6
363 0 2 2700 4 33 6
364 1 5 2707 17569 206050 26353
365 1 14 2715 2 7 3
366 0 9 2724 1 3 1
367 0 48 2733 25 85 37
368 1 1 2743 15 125 22
369 0 2 2749 2 17 3
370 0 7 2756 15 48 22
371 1 3 2764 2 17 3
372 1 1 2772 5 40 7
373 1 2 2777 1 9 1
374 1 3 2784 6 48 9
375 1 4 2791 196 1881 294
376 0 2 2799 1 10 1
377 1 1 2806 3 25 4
378 1 2 2812 81 743 121
379 0 2 2819 14 116 21
380 1 1 2826 58 523 87
381 1 2 2833 1 9 1
382 0 13 2840 2 7 3
383 0 7 2849 15338 85351 23007
384 1 1 2857 1 9 1
385 0 1 2863 6900726 100430036 10351089
386 1 5 2869 22 188 33
387 0 3 2877 191 1831 286
388 0 2 2885 6 48 9
389 0 8 2892 15 49 22
390 1 3 2901 496 4979 744
391 0 4 2909 9 73 13
392 0 6 2917 1 12 1
393 0 14 2925 17 56 25
394 1 8 2934 16170 90264 24255
395 1 9 2943 258 1086 387
396 0 1 2952 20 170 30
397 1 13 2959 241 1009 361
398 1 8 2968 121 479 181
399 1 3 2976 121 1134 181
400 1 2 2983 56 504 84
401 1 7 2990 1 4 1
402 1 3 2998 32 279 48
403 0 1 3006 4 33 6
404 0 15 3012 21 70 31
405 1 17 3021 1039 4855 1558
406 0 1 3030 53 475 79
407 0 11 3036 137 548 205
408 1 2 3045 3 25 4
409 0 4 3052 7 56 10
410 0 5 3060 25 215 37
411 1 2 3068 838 8621 1257
412 0 3 3075 1 12 1
413 0 6 3082 7 56 10
414 1 2 3090 2 17 3
415 1 10 3097 17686 99251 26529
416 1 4 3106 158785 2027591 238177
417 0 2 3114 113 1055 169
418 1 13 3121 3 10 4
419 0 2 3130 616 6247 924
420 0 4 3137 9 73 13
421 0 1 3145 254 2469 381
422 1 2 3151 1 9 1
423 0 2 3158 22609 267857 33913
424 1 6 3165 2 17 3
425 1 2 3173 3 25 4
426 0 1 3180 9 72 13
427 1 2 3186 5 40 7
428 1 6 3193 1 9 1
429 1 10 3201 1 3 1
430 1 2 3210 35 307 52
431 1 1 3217 24 206 36
432 1 1 3223 137 1292 205
433 1 5 3229 36 316 54
434 1 5 3237 337 3321 505
435 0 1 3245 2199 23628 3298
436 1 41 3250 602 2704 903
437 1 21 3260 4 12 6
438 0 3 3269 1 12 1
439 1 2 3277 4019 44330 6028
440 0 11 3284 144 578 216
441 1 1 3293 14 116 21
442 0 2 3300 5 40 7
443 0 1 3307 3 25 4
444 0 2 3313 361 3570 541
445 1 1 3320 2 17 3
446 1 5 3326 7 56 10
447 1 7 3334 3 9 4
448 1 1 3342 269 2622 403
449 1 3 3348 12 98 18
450 1 2 3356 1 9 1
451 0 2 3363 20 170 30
452 0 1 3370 4 33 6
453 1 5 3376 2 17 3
454 0 5 3384 1 9 1
455 0 4 3392 4 33 6
456 0 3 3400 13 107 19
457 0 3 3408 1 8 1
458 0 4 3416 26809 319777 40213
459 1 2 3424 27 233 40
460 1 2 3431 39 344 58
461 1 5 3438 1 10 1
462 0 10 3446 1 3 1
463 0 2 3455 61 551 91
464 0 10 3462 1 4 1
465 0 6 3471 336 3311 504
466 0 2 3479 356 3518 534
467 1 3 3486 1 9 1
468 1 1 3494 9 73 13
469 1 7 3500 28 97 42
470 1 9 3508 1 4 1
471 0 2 3517 4 33 6
472 1 10 3524 1 4 1
473 1 1 3533 6 48 9
474 1 2 3539 1 9 1
475 0 13 3546 1 4 1
476 0 82 3555 3 9 4
477 1 1 3565 3215 35122 4822
478 1 2 3572 12 99 18
479 1 11 3579 262 1104 393
480 1 3 3588 1 11 1
481 1 15 3596 1 4 1
482 1 16 3605 1 7 1
483 0 2 3614 12 98 18
