0 0 5 5 1 9 1
1 1 6 9 1 9 1
2 0 3 13 1 11 1
3 1 2 17 18731 220246 28096
4 0 5 20 25 215 37
5 0 15 24 65 244 97
6 1 2 29 480 4811 720
7 0 1 32 3 25 4
8 0 7 34 1 3 1
9 0 1 38 7 56 10
10 0 1 40 287 2807 430
11 1 3 42 1 9 1
12 1 19 46 1 4 1
13 1 3 51 80 734 120
14 1 1 55 1 9 1
15 1 1 57 1 11 1
16 0 1 60 21 179 31
17 0 1 62 1047 10882 1570
18 1 2 65 1 9 1
19 0 5 68 1 9 1
20 1 7 72 3 9 4
21 1 2 76 1 9 1
22 0 3 79 169 1610 253
23 0 5 83 9 72 13
24 0 10 87 43 155 64
25 1 14 92 14655 81329 21982
26 0 2 97 2 17 3
27 0 1 100 1 11 1
28 1 6 103 24 82 36
29 1 6 107 11 90 16
30 1 4 111 32 279 48
31 1 10 115 24 82 36
32 1 1 120 1 10 1
33 1 3 122 1 10 1
34 1 6 126 1 10 1
35 1 28 130 30 104 45
36 1 2 136 1 10 1
37 1 2 139 22 188 33
38 0 3 142 58 523 87
39 0 5 146 3874 42663 5811
40 0 1 150 1 9 1
41 1 2 152 48 428 72
42 1 1 155 34 298 51
43 1 1 157 3 25 4
44 0 1 160 1 9 1
45 1 1 162 74 676 111
46 0 4 165 8 64 12
47 0 4 169 19 161 28
48 0 8 173 56 207 84
49 0 2 178 61 551 91
50 0 8 181 612 2752 918
51 1 2 186 1 11 1
52 1 2 189 1 9 1
53 1 2 192 1 10 1
54 1 7 195 1 4 1
55 1 1 200 1 10 1
56 0 1 203 2 17 3
57 0 5 205 2 17 3
58 0 18 209 3 9 4
59 0 5 214 1 9 1
60 0 6 218 5 41 7
61 0 1 222 1 9 1
62 0 2 225 1 11 1
63 0 1 228 20342 239983 30513
64 1 1 229 1 9 1
65 0 1 232 2464 26608 3696
66 1 11 235 1 3 1
67 0 1 240 9 73 13
68 0 2 243 1 8 1
69 1 4 246 1 9 1
70 0 4 250 1 8 1
71 0 6 254 718 7334 1077
72 1 4 258 21555 254883 32332
73 1 4 262 237 2296 355
74 1 8 266 10773 58688 16159
75 0 7 271 1 4 1
76 0 4 275 24 206 36
77 1 12 279 18 59 27
78 0 3 284 159 1510 238
79 0 14 288 1 5 1
80 1 17 293 251 1054 376
81 0 5 298 14 116 21
82 1 3 302 1 11 1
83 0 2 306 141807 1803206 212710
84 1 1 309 1 9 1
85 1 1 311 3 25 4
86 1 12 312 2 7 3
87 0 1 317 1 11 1
88 1 4 320 15 125 22
89 1 2 324 39 344 58
90 1 1 327 3988 43974 5982
91 0 24 328 7 21 10
92 0 19 333 51249 305656 76873
93 0 2 338 12 99 18
94 0 5 341 1563 16542 2344
95 0 7 345 36 128 54
96 0 1 350 93 859 139
97 1 13 353 1 6 1
98 1 4 358 1949 20830 2923
99 0 1 362 502 5042 753
100 0 2 365 1 9 1
101 1 2 368 8 64 12
102 1 2 371 1 9 1
103 0 3 374 2 17 3
104 1 1 378 1003 10404 1504
105 1 1 380 5 40 7
106 1 2 383 9 73 13
107 0 4 386 1 10 1
108 0 1 390 1 12 1
109 1 2 392 334 3291 501
110 1 3 395 1 9 1
111 1 2 399 1 10 1
112 1 9 402 11 34 16
113 0 3 407 12770 147840 19155
114 0 3 411 6770 76345 10155
115 1 5 415 115 1075 172
116 0 2 419 1 11 1
117 0 1 422 1 10 1
118 0 1 424 15105 176073 22657
119 1 3 427 5 40 7
120 0 1 431 2 17 3
121 0 13 433 465 2049 697
122 1 2 438 3 25 4
123 1 3 441 2 17 3
124 1 1 445 1 12 1
125 1 2 448 1 10 1
126 1 3 451 1 11 1
127 0 4 455 1 9 1
128 1 1 459 1 8 1
129 0 8 461 2 7 3
130 1 2 466 1 10 1
131 1 2 469 1 13 1
132 0 13 472 612 2752 918
133 0 3 477 378811 4992991 568216
134 1 1 481 2 17 3
135 1 7 483 6 18 9
136 1 9 488 117 461 175
137 0 4 493 1 10 1
138 0 1 497 1 9 1
139 0 3 500 1 9 1
140 0 3 504 1016 10545 1524
141 0 9 508 4 12 6
142 0 16 513 1 4 1
143 1 8 518 2 7 3
144 0 7 523 2 6 3
145 0 1 527 3 25 4
146 0 3 529 194 1861 291
147 1 3 533 592 5993 888
148 0 3 537 6 48 9
149 1 5 541 21105 249352 31657
150 0 1 545 200 1922 300
151 0 8 547 3 10 4
152 0 3 552 982023 13386227 1473034
153 1 2 556 357 3528 535
154 0 2 559 1 8 1
155 0 2 562 4874 54206 7311
156 0 4 565 1 10 1
157 0 4 569 169 1610 253
158 0 2 573 1 9 1
159 1 3 576 8 64 12
160 0 4 580 1 9 1
161 1 1 584 95 879 142
162 0 6 587 1 9 1
163 0 10 591 1 4 1
164 0 3 596 22 188 33
165 1 3 600 864 8901 1296
166 1 5 604 2196 23594 3294
167 1 4 608 22 188 33
168 1 7 612 1 4 1
169 0 6 617 1 4 1
170 1 3 621 2 17 3
171 1 3 625 11 90 16
172 0 8 629 190 780 285
173 1 18 634 56 207 84
174 1 1 639 260 2530 390
175 1 1 640 4 33 6
176 0 3 641 296 2899 444
177 0 2 645 396 3933 594
178 1 25 648 1 5 1
179 1 3 653 1 10 1
180 1 1 657 14 116 21
181 1 13 660 3 10 4
182 0 2 665 630 6396 945
183 0 6 668 3 25 4
184 0 5 672 28240 337541 42360
185 1 6 676 6 48 9
186 1 1 680 1 8 1
187 0 10 683 4490 23158 6735
188 0 1 688 5878 65893 8817
189 0 3 691 636 6460 954
190 0 8 695 1 4 1
191 1 4 700 1 9 1
192 1 2 704 2 17 3
193 0 16 707 1 5 1
194 0 10 712 14360 79595 21540
195 1 5 717 29 251 43
196 0 2 721 1 10 1
197 0 2 724 8204 93261 12306
198 1 3 727 1114 11611 1671
199 1 2 731 3 25 4
200 1 5 734 346 3414 519
201 1 1 738 92 850 138
202 1 14 740 712 3238 1068
203 0 1 745 693 7067 1039
204 1 1 747 1 11 1
205 1 4 749 1 9 1
206 0 2 753 488 4895 732
207 0 3 756 1 10 1
208 1 3 760 1217 12735 1825
209 1 2 764 11 90 16
210 1 5 767 1 9 1
211 1 2 771 35 307 52
212 1 13 774 166 674 249
213 1 3 779 4177 46149 6265
214 0 6 783 4 33 6
215 0 1 787 94 869 141
216 1 5 790 1 9 1
217 1 5 794 37 325 55
218 1 2 798 11 90 16
219 1 1 801 1 9 1
220 0 7 804 1 5 1
221 0 17 808 1 4 1
222 1 1 813 82 753 123
223 1 2 816 8 64 12
224 0 6 819 1 10 1
225 1 5 823 2 17 3
226 0 18 827 1 3 1
227 1 2 832 4 33 6
228 0 1 835 33 288 49
229 1 27 837 288 1223 432
230 0 1 843 1 10 1
231 0 2 846 3 25 4
232 1 1 849 3 25 4
233 0 3 851 1 11 1
234 1 2 855 1 9 1
235 1 2 858 350764 4610550 526146
236 1 4 861 1 9 1
237 0 3 865 717 7323 1075
238 0 2 869 3 25 4
239 0 11 872 49 179 73
240 1 1 877 1 9 1
241 1 1 879 86 792 129
242 0 1 882 4 33 6
243 1 3 885 2989 32550 4483
244 1 2 889 1 9 1
245 0 3 892 1 8 1
246 1 3 896 1 11 1
247 1 2 900 7 56 10
248 1 1 903 3 25 4
249 0 1 906 606 6141 909
250 1 2 908 1 10 1
251 1 2 911 4 33 6
252 1 5 914 226 2185 339
253 1 4 918 1 10 1
254 0 3 922 236 2286 354
255 0 6 926 1 9 1
256 1 2 930 1 9 1
257 1 3 933 57 513 85
258 0 4 937 471 4717 706
259 0 2 941 290 2837 435
260 1 1 944 6 48 9
261 1 3 947 13 107 19
262 1 1 951 2 17 3
263 1 2 954 1408 14831 2112
264 0 2 957 95 879 142
265 0 2 960 1 11 1
266 1 1 963 144501 1838749 216751
267 0 26 965 16320 91151 24480
268 1 5 970 376 3725 564
269 0 3 974 1 9 1
270 0 10 978 1 4 1
271 1 1 983 27 233 40
272 0 2 985 2 17 3
273 1 5 988 5 40 7
274 0 1 992 1 12 1
275 0 3 995 1 9 1
276 1 9 999 4 12 6
277 0 2 1004 43 381 64
278 0 2 1007 2 17 3
279 1 2 1010 2 17 3
280 1 4 1013 35 307 52
281 0 1 1017 1918 20484 2877
282 0 8 1019 418 1827 627
283 1 2 1024 12 99 18
284 0 12 1027 1 3 1
285 1 1 1032 474 4749 711
286 0 1 1034 495 4969 742
287 0 11 1037 1 4 1
288 0 2 1042 1 10 1
289 1 11 1045 5 15 7
290 1 4 1050 1 10 1
291 1 3 1054 1 11 1
292 0 1 1058 1 9 1
293 0 3 1060 128 1202 192
294 1 6 1064 4 33 6
295 1 3 1068 14 116 21
296 0 13 1072 1 4 1
297 0 4 1077 1 9 1
298 0 2 1081 8 64 12
299 1 1 1084 1 8 1
300 1 6 1086 162 1540 243
301 1 3 1090 1148 11982 1722
302 0 3 1094 14 116 21
303 1 4 1098 44465 541020 66697
304 1 3 1102 19 160 28
305 1 2 1106 58 523 87
306 1 4 1109 1 9 1
307 0 2 1113 3 25 4
308 1 4 1116 2 17 3
309 1 1 1120 1 13 1
310 1 6 1122 4 33 6
311 1 1 1126 3 25 4
312 0 3 1129 2 17 3
313 0 1 1133 1 10 1
314 0 7 1136 133 530 199
315 1 4 1141 1 12 1
316 1 12 1145 1 3 1
317 1 1 1150 4 33 6
318 0 6 1152 3 25 4
319 0 3 1156 1 9 1
320 0 3 1160 1 9 1
321 1 1 1164 221 2134 331
322 1 7 1167 1 5 1
323 0 3 1172 842 8664 1263
324 0 1 1176 31 270 46
325 0 1 1179 6 48 9
326 0 2 1181 15 125 22
327 1 5 1184 86 791 129
328 0 1 1188 1 9 1
329 0 5 1191 351 3466 526
330 0 7 1195 5 15 7
331 0 1 1199 3 25 4
332 0 2 1202 1 9 1
333 1 2 1205 1 10 1
334 0 4 1208 3 25 4
335 0 1 1212 1 12 1
336 0 3 1214 7 56 10
337 0 1 1218 1 9 1
338 0 2 1221 2 17 3
339 0 4 1224 26433 315116 39649
340 0 3 1228 1 12 1
341 0 3 1232 1 9 1
342 0 1 1236 410 4079 615
343 1 5 1239 12 98 18
344 0 9 1243 7022 37258 10533
345 1 2 1248 1 9 1
346 0 1 1251 15 125 22
347 1 1 1254 13 107 19
348 1 20 1256 5 15 7
349 0 4 1261 1 9 1
350 1 4 1265 10 81 15
351 0 3 1269 1 9 1
352 1 4 1273 101 937 151
353 0 1 1277 2 17 3
354 1 6 1279 23 78 34
355 0 8 1283 532 2368 798
356 0 2 1288 1 10 1
357 0 1 1291 1 9 1
358 0 1 1294 448 4476 672
359 1 2 1296 376 3725 564
360 1 10 1299 2 7 3
361 1 8 1304 1 6 1
362 0 13 1309 1 5 1
363 0 8 1314 11 34 16
364 1 2 1319 1 9 1
365 1 1 1322 1 10 1
366 0 1 1324 500 5021 750
367 0 2 1325 1 10 1
368 0 1 1328 1 10 1
369 0 1 1331 1 11 1
370 0 4 1333 506 5085 759
371 0 1 1337 223 2154 334
372 1 2 1340 9 73 13
373 0 5 1343 125 1173 187
374 0 7 1347 6 18 9
375 0 3 1352 824 8470 1236
376 1 4 1356 1 9 1
377 0 4 1360 3693 40587 5539
378 0 6 1364 33 288 49
379 1 1 1368 1 11 1
380 0 1 1371 1 12 1
381 0 9 1373 2563 12743 3844
382 0 7 1378 60 223 90
383 0 1 1383 337 3322 505
384 1 6 1386 1 11 1
385 1 5 1390 1737 18470 2605
386 0 3 1394 18 152 27
387 1 19 1398 1 5 1
388 0 2 1403 3 25 4
389 1 2 1406 1 9 1
390 0 1 1409 1951 20853 2926
391 1 7 1411 425647 2836973 638470
392 1 3 1415 1 11 1
393 1 2 1419 3 25 4
394 1 2 1422 24 206 36
395 1 1 1425 577 5834 865
396 0 11 1427 18 59 27
397 0 4 1432 24 206 36
398 1 3 1436 13 108 19
399 1 3 1440 489 4906 733
400 0 6 1444 1 11 1
401 1 9 1448 47 171 70
402 1 3 1453 1 8 1
403 0 7 1457 3 10 4
404 0 3 1462 1 10 1
405 1 4 1466 1 8 1
406 1 1 1470 1606 17017 2409
407 0 20 1472 1057 4945 1585
408 1 12 1477 815 3743 1222
409 1 4 1482 1652 17527 2478
410 0 33 1486 1 3 1
411 1 1 1492 2 17 3
412 1 18 1495 22 74 33
413 1 1 1500 6 48 9
414 1 4 1502 1 9 1
415 1 10 1506 50 183 75
416 0 5 1511 1 9 1
417 0 2 1515 64 580 96
418 1 4 1518 1 11 1
419 0 2 1522 8921 101766 13381
420 0 1 1525 1 9 1
421 1 26 1528 73 276 109
422 1 1 1533 11748 135545 17622
423 0 3 1535 1 10 1
424 0 2 1539 3 25 4
425 1 1 1542 9067 103501 13600
426 1 5 1544 2 17 3
427 0 1 1548 1265 13261 1897
428 0 5 1551 1 10 1
429 1 13 1555 4 12 6
430 1 4 1560 22 188 33
431 0 7 1564 2 6 3
432 0 3 1568 144 1361 216
433 0 4 1572 11 90 16
434 0 3 1576 1 13 1
435 0 12 1580 1 4 1
436 1 3 1585 21473 253875 32209
437 1 2 1589 1 9 1
438 1 4 1592 1 12 1
439 0 3 1596 28 242 42
440 0 1 1600 54 485 81
441 0 2 1602 6 48 9
442 0 1 1605 1 8 1
443 1 1 1608 2125 22798 3187
444 1 2 1609 222 2144 333
445 0 3 1612 1 9 1
446 1 1 1616 1 10 1
447 1 1 1618 42 372 63
448 0 1 1621 3 25 4
449 1 9 1623 2 6 3
450 0 3 1628 11 90 16
451 1 14 1632 2 7 3
452 0 2 1637 1 9 1
453 0 17 1640 506 2244 759
454 1 1 1645 25153 299266 37729
455 0 5 1648 114 1065 171
456 1 2 1652 115 1074 172
457 1 1 1655 9 73 13
458 0 6 1658 1 10 1
459 1 4 1662 51 457 76
460 1 2 1666 1 10 1
461 1 52 1669 10 31 15
462 1 2 1675 267 2602 400
463 0 2 1678 14495 168680 21742
464 1 3 1681 12350 142782 18525
465 1 3 1685 9 72 13
466 0 6 1689 556 5612 834
467 0 3 1693 64 580 96
468 1 5 1697 1 8 1
469 1 5 1701 15027 175127 22540
470 1 1 1705 1 9 1
471 0 1 1707 1 9 1
472 0 2 1710 198 1901 297
473 1 5 1713 1184 12375 1776
474 0 4 1717 4 33 6
475 1 4 1721 1 9 1
476 1 2 1725 21 179 31
477 0 2 1728 1 9 1
478 0 3 1731 1 8 1
479 1 1 1735 1 10 1
480 1 21 1737 452 1987 678
481 1 13 1742 9 27 13
482 1 3 1747 1 10 1
483 1 1 1751 23 197 34
484 1 4 1754 5 40 7
485 0 2 1758 6 48 9
486 0 3 1761 4 33 6
487 0 5 1765 1 10 1
488 1 9 1769 12 38 18
489 0 14 1774 157 635 235
490 0 3 1779 185 1771 277
491 0 3 1783 296 2899 444
492 0 1 1786 1 10 1
493 0 1 1788 8 64 12
494 1 1 1791 38 335 57
495 0 32 1793 132 526 198
496 1 2 1799 1 10 1
497 1 1 1802 62 561 93
498 1 4 1805 680 6928 1020
499 0 2 1809 549 5538 823
500 1 3 1812 1 11 1
501 0 6 1816 27 233 40
502 1 1 1820 2 17 3
503 0 2 1821 1 9 1
504 0 23 1824 2 7 3
505 1 8 1829 7681 40983 11521
506 0 4 1834 64 580 96
507 0 11 1838 69 260 103
508 0 3 1843 2 17 3
509 1 2 1847 1 12 1
510 0 6 1850 1 9 1
511 0 19 1854 3 9 4
512 1 6 1859 2 17 3
513 0 3 1863 891 9192 1336
514 1 2 1867 6628 74677 9942
515 1 1 1870 23 197 34
516 0 1 1873 10 81 15
517 1 1 1876 1 11 1
518 1 12 1878 14 45 21
519 1 1 1883 1 9 1
520 1 2 1886 55 494 82
521 1 1 1889 96 889 144
522 0 5 1891 28 242 42
523 0 2 1895 975 10101 1462
524 1 11 1898 47 171 70
525 1 28 1903 5 15 7
526 1 11 1909 1 5 1
527 1 5 1914 184 1760 276
528 1 7 1918 3031 15239 4546
529 0 4 1922 23 197 34
530 1 2 1926 1 9 1
531 1 2 1929 1 9 1
532 1 2 1932 210 2022 315
533 0 2 1935 71 647 106
534 0 10 1938 1 3 1
535 0 4 1943 22717 269188 34075
536 0 1 1947 4 33 6
537 0 4 1949 1 11 1
538 0 1 1953 1 10 1
539 0 1 1955 1 9 1
540 0 8 1958 8 24 12
541 0 2 1963 50 447 75
542 1 7 1966 24 82 36
543 1 1 1970 4 33 6
544 1 3 1973 406 4038 609
545 1 2 1977 231833 3001874 347749
546 0 13 1980 1 5 1
547 0 9 1985 1 4 1
548 1 7 1990 262 1104 393
549 0 2 1994 1 10 1
550 1 2 1997 4 33 6
551 1 3 2000 25 215 37
552 0 3 2004 345007 4532177 517510
553 1 2 2008 1 9 1
554 1 3 2011 2 17 3
555 0 1 2015 1 9 1
556 1 7 2018 1 4 1
557 1 3 2022 1 9 1
558 1 1 2026 15 125 22
559 1 7 2029 15 48 22
560 0 1 2034 1 9 1
561 0 2 2036 208 2002 312
562 1 3 2039 2 17 3
563 0 3 2043 135 1272 202
564 0 1 2047 1 9 1
565 1 17 2050 135 539 202
566 1 2 2055 2 17 3
567 0 3 2058 40 353 60
568 0 6 2062 717 3262 1075
569 1 1 2066 33 288 49
570 1 4 2068 2 17 3
571 1 3 2072 271 2643 406
572 1 1 2076 1 9 1
573 0 3 2078 104 967 156
574 0 4 2082 1 9 1
575 0 1 2086 401 3985 601
576 1 1 2089 3353 36697 5029
577 1 5 2092 38840 470094 58260
578 0 1 2096 47541 579951 71311
579 0 1 2098 3 25 4
580 0 8 2101 1 4 1
581 1 32 2106 13 41 19
582 0 1 2112 6035 67728 9052
583 0 11 2115 227 946 340
584 1 7 2120 19 63 28
585 0 2 2125 12 98 18
586 1 6 2128 1 10 1
587 0 10 2132 95 368 142
588 0 2 2137 1 11 1
589 1 18 2140 1 3 1
590 0 2 2145 49 437 73
591 0 25 2148 178 727 267
592 0 5 2153 15530 181231 23295
593 0 2 2157 6575 74055 9862
594 0 2 2160 18 152 27
595 1 1 2163 11 90 16
596 1 2 2164 1 11 1
597 0 2 2167 4 33 6
598 1 1 2170 94 869 141
599 1 3 2172 92 850 138
600 0 7 2176 1 3 1
601 1 2 2180 56 504 84
602 0 1 2183 10 81 15
603 0 15 2184 4 12 6
604 0 6 2189 119 1114 178
605 1 3 2193 1 11 1
606 0 2 2197 1 12 1
607 1 2 2200 2 17 3
608 0 2 2203 3 25 4
609 0 3 2206 622 6311 933
610 1 1 2210 1 9 1
611 0 2 2213 320 3146 480
612 0 13 2216 719 3272 1078
613 0 1 2221 838 8621 1257
614 1 3 2223 1 12 1
615 0 2 2227 1 9 1
616 0 2 2230 3 25 4
617 1 16 2233 1 4 1
618 1 6 2238 1 10 1
619 1 5 2242 2 17 3
620 0 1 2246 3 25 4
621 0 1 2248 12 99 18
622 1 2 2251 1 9 1
623 0 2 2254 2 17 3
624 0 2 2257 1 9 1
625 0 17 2260 1 4 1
626 1 4 2265 7 56 10
627 0 12 2269 6 18 9
628 0 2 2274 1 10 1
629 0 11 2277 4 12 6
630 0 4 2282 345 3404 517
631 1 7 2286 1 4 1
632 0 1 2290 193 1851 289
633 0 3 2292 15 125 22
634 1 7 2296 4 12 6
635 0 2 2300 4797 53314 7195
636 0 1 2303 3191 34849 4786
637 0 8 2305 9368 50600 14052
638 1 16 2310 1 3 1
639 0 5 2315 7 56 10
640 0 3 2319 362 3580 543
641 1 8 2323 1 3 1
642 1 2 2328 1 9 1
643 1 1 2331 1 11 1
644 0 2 2333 7661 86841 11491
645 0 2 2336 1 10 1
646 0 8 2339 17 56 25
647 0 3 2344 3 25 4
648 1 7 2348 1 4 1
649 1 1 2353 1 10 1
650 1 2 2355 1 10 1
651 0 1 2358 1 10 1
652 1 12 2360 7 21 10
653 1 11 2365 431 1888 646
654 0 6 2370 5 40 7
655 0 2 2374 55 494 82
656 1 2 2377 2 17 3
657 0 2 2380 1 9 1
658 0 5 2383 69 628 103
659 1 2 2387 10416 119584 15624
660 0 4 2390 1 9 1
661 0 8 2394 1 4 1
662 1 1 2399 1 9 1
663 1 14 2401 1 4 1
664 1 3 2406 1 9 1
665 1 2 2410 1 10 1
666 1 1 2413 512 5148 768
667 0 1 2416 1 13 1
668 0 3 2419 1386 14590 2079
669 0 4 2423 1 9 1
670 1 11 2427 82 313 123
671 0 4 2432 1 11 1
672 0 4 2436 68 618 102
673 0 1 2440 1 9 1
674 1 2 2443 13491 156538 20236
675 1 3 2446 1 9 1
676 1 3 2449 45 400 67
677 0 4 2453 2 17 3
678 0 2 2457 3 25 4
679 0 13 2460 1 6 1
680 1 2 2465 68580 848491 102870
681 1 1 2468 1 9 1
682 1 29 2471 9 27 13
683 0 6 2477 1 5 1
684 1 2 2481 1 8 1
685 0 1 2484 1 9 1
686 0 1 2487 280 2735 420
687 1 3 2489 1 10 1
688 0 8 2493 566 2531 849
689 0 1 2498 10 81 15
690 1 5 2501 1 12 1
691 0 2 2505 6 48 9
692 1 1 2508 16 134 24
693 0 8 2510 14727 81753 22090
694 1 1 2515 1 9 1
695 0 2 2518 55 494 82
696 0 5 2521 1 9 1
697 1 6 2525 1 10 1
698 0 1 2529 2 17 3
699 0 2 2532 4736 52607 7104
700 0 3 2535 312 3064 468
701 1 2 2539 1 11 1
702 0 3 2542 33 289 49
703 1 6 2546 582 5887 873
704 0 6 2550 11 90 16
705 0 4 2554 1 8 1
706 1 1 2558 3 25 4
707 0 1 2560 1 9 1
708 0 3 2563 37 325 55
709 1 1 2567 1 10 1
710 0 1 2569 919777 12509245 1379665
711 1 5 2571 49 438 73
712 1 1 2575 1 8 1
713 1 40 2577 58 215 87
714 1 3 2583 1 11 1
715 1 2 2587 1 10 1
716 1 4 2590 230 2225 345
717 1 3 2594 1 10 1
718 1 4 2598 1 11 1
719 1 27 2602 1 4 1
720 0 2 2608 470 4707 705
721 1 5 2611 1 10 1
722 0 1 2615 1 8 1
723 1 4 2616 19 161 28
724 0 5 2620 1 13 1
725 1 1 2624 261 2541 391
726 0 2 2626 55 494 82
727 0 3 2629 3 25 4
728 1 4 2633 1 10 1
729 0 9 2637 1 4 1
730 1 6 2642 39 344 58
731 0 4 2646 1 9 1
732 1 1 2650 11 90 16
733 0 1 2653 5 40 7
734 1 5 2656 1 10 1
735 0 1 2660 141 1331 211
736 1 1 2663 6 48 9
737 1 18 2666 5 15 7
738 1 4 2671 1496 15801 2244
739 0 1 2675 1 9 1
740 0 6 2677 74 676 111
741 1 1 2681 244 2367 366
742 1 7 2684 211 874 316
743 0 1 2688 2 17 3
744 1 1 2691 899 9279 1348
745 0 2 2694 1022 10610 1533
746 0 4 2697 1 10 1
747 1 1 2701 177 1690 265
748 0 5 2703 46 409 69
749 1 1 2707 1 10 1
750 0 4 2710 2 17 3
751 1 1 2714 1 10 1
752 0 2 2717 237 2296 355
753 1 2 2720 1 9 1
754 0 2 2723 9 72 13
755 1 3 2726 90 830 135
756 0 11 2730 2 7 3
757 1 2 2735 1 9 1
758 1 4 2738 2333 25133 3499
759 0 52 2742 7 21 10
760 1 1 2748 1 10 1
761 0 24 2751 1 5 1
762 0 8 2756 1 3 1
763 0 11 2761 1 4 1
764 0 1 2766 2 17 3
765 1 33 2768 4183 21477 6274
766 1 1 2774 120 1123 180
767 1 55 2777 9007 48533 13510
768 0 2 2783 1 9 1
769 0 2 2786 313 3074 469
770 0 1 2789 9604 109892 14406
771 1 2 2791 1 9 1
772 1 9 2794 2 6 3
773 0 1 2799 65 589 97
774 0 6 2801 1 9 1
775 0 2 2805 1 10 1
776 1 1 2808 4 33 6
777 0 10 2809 2 6 3
778 1 1 2814 300 2940 450
779 1 6 2816 2 7 3
780 1 5 2820 1 9 1
781 0 3 2824 1097 11426 1645
782 0 2 2828 54 485 81
783 0 1 2831 1 11 1
784 1 2 2834 1 9 1
785 0 2 2837 1 11 1
786 1 1 2840 3 25 4
787 1 2 2842 7 56 10
788 1 5 2845 20 170 30
789 0 3 2849 1 11 1
790 1 16 2853 1 6 1
791 0 1 2858 870 8966 1305
792 0 1 2860 92 850 138
793 0 1 2863 208 2002 312
794 0 7 2866 82 314 123
795 0 1 2870 1815 19337 2722
796 0 7 2873 17 56 25
797 1 47 2878 1 4 1
798 0 13 2884 2 6 3
799 0 5 2889 28 242 42
800 0 2 2893 137 1292 205
801 0 12 2896 3 10 4
802 0 2 2901 1 10 1
803 1 5 2904 5 40 7
804 0 1 2908 1 11 1
805 0 9 2911 1 3 1
806 0 1 2916 1 9 1
807 1 15 2919 346 1490 519
808 1 4 2924 17 143 25
809 0 3 2928 1 10 1
810 0 6 2932 1 8 1
811 0 1 2936 1 9 1
812 1 1 2937 4 33 6
813 1 1 2939 36 316 54
814 0 3 2941 3 25 4
815 1 1 2945 4345 48086 6517
816 0 4 2947 82 753 123
817 0 1 2951 113 1055 169
818 0 2 2954 1 11 1
819 0 2 2957 9 72 13
820 0 3 2960 289 2827 433
821 1 3 2964 1 9 1
822 1 4 2968 484 4853 726
823 0 10 2972 1 5 1
824 0 6 2977 116 1084 174
825 1 3 2981 25 215 37
826 1 10 2985 2067 10130 3100
827 0 1 2990 1 11 1
828 0 9 2993 14 45 21
829 1 1 2998 1 9 1
830 0 9 3000 1 3 1
831 0 5 3005 1410 14853 2115
832 0 1 3009 113 1055 169
833 1 13 3011 6 18 9
834 1 4 3016 1 10 1
835 1 5 3020 94 869 141
836 0 4 3024 8 64 12
837 0 20 3028 1057 4945 1585
838 1 7 3033 1 6 1
839 0 3 3037 39 344 58
840 1 19 3041 3 9 4
841 1 2 3046 1 10 1
842 0 1 3049 39 344 58
843 0 5 3052 1 8 1
844 1 1 3056 1 9 1
845 0 2 3058 1 9 1
846 0 3 3061 1 12 1
847 0 1 3065 1554 16442 2331
848 1 2 3068 129 1212 193
849 1 2 3071 260 2531 390
850 1 1 3074 1144 11938 1716
851 0 1 3076 23 197 34
852 0 21 3078 15 48 22
853 1 3 3083 1 10 1
854 1 1 3087 1 9 1
855 0 5 3090 59 532 88
856 0 4 3094 24796297 375876264 37194445
857 1 5 3098 1 11 1
858 0 2 3102 13 107 19
859 0 4 3105 45 400 67
860 0 1 3109 1 8 1
861 1 8 3112 113 444 169
862 0 1 3117 748 7655 1122
863 1 15 3119 584 2617 876
864 0 4 3124 1 11 1
865 1 5 3128 2 17 3
866 0 4 3132 3 25 4
867 1 4 3136 19 161 28
868 1 3 3140 22 188 33
869 1 1 3144 1 10 1
870 0 7 3146 4 13 6
871 1 11 3150 2 6 3
872 0 3 3155 1 9 1
873 0 1 3159 44 391 66
874 1 4 3161 4 33 6
875 1 8 3165 695 3155 1042
876 0 2 3170 1 10 1
877 1 2 3173 6 48 9
878 0 4 3176 1 10 1
879 0 5 3180 1 9 1
880 1 5 3184 3 25 4
881 1 1 3188 3 25 4
882 1 4 3190 1 10 1
883 0 6 3194 1 9 1
884 1 4 3198 2 17 3
885 0 5 3202 1 10 1
886 1 3 3206 1 9 1
887 0 57 3210 12073 66225 18109
888 1 3 3216 8 64 12
889 1 3 3220 3 25 4
890 0 1 3224 66 599 99
891 1 4 3227 1 11 1
892 1 1 3231 505 5074 757
893 1 18 3234 9 27 13
894 1 2 3239 2 17 3
895 0 5 3242 2507 27093 3760
896 1 1 3246 39 344 58
897 0 6 3249 16038 187403 24057
898 0 2 3253 509 5116 763
899 0 3 3256 2 17 3
900 0 1 3260 2 17 3
901 0 6 3263 1 12 1
902 0 3 3267 6 48 9
903 0 4 3271 4 33 6
904 1 9 3275 4 12 6
905 0 1 3280 3 25 4
906 0 2 3281 1 10 1
907 0 3 3284 1541 16298 2311
908 1 3 3288 791 8116 1186
909 0 5 3292 1 9 1
910 0 1 3296 9 73 13
911 0 1 3299 3 25 4
912 1 5 3301 2 17 3
913 0 8 3305 1 4 1
914 1 2 3310 1156 12069 1734
915 1 5 3313 75 685 112
916 0 1 3317 5 40 7
917 1 3 3319 10 81 15
918 0 28 3323 3 10 4
919 0 1 3329 1 9 1
920 1 4 3332 1 9 1
921 0 3 3336 162 1540 243
922 0 1 3340 96 888 144
923 0 11 3342 1 3 1
924 1 3 3347 45 400 67
925 1 2 3351 10 81 15
926 1 7 3354 1 6 1
927 1 2 3359 12 99 18
928 0 4 3362 1 9 1
929 0 6 3366 1105 11513 1657
930 0 3 3370 1 10 1
931 1 2 3374 1 10 1
932 0 2 3377 18 152 27
933 0 4 3380 11 90 16
934 1 2 3384 207 1992 310
935 1 1 3387 1 9 1
936 0 2 3390 9 73 13
937 1 17 3393 1 5 1
938 0 6 3398 1 10 1
939 0 18 3402 1 3 1
940 1 4 3407 1 9 1
941 0 9 3411 2637 13136 3955
942 1 2 3416 1 9 1
943 1 1 3419 2 17 3
944 1 2 3420 1 9 1
945 1 7 3423 1 5 1
946 0 2 3428 901 9300 1351
947 1 3 3431 1037 10773 1555
948 0 9 3435 1 4 1
949 1 1 3440 1 10 1
950 0 6 3442 8 24 12
951 0 1 3446 1 8 1
952 1 4 3449 1 9 1
953 0 4 3453 7 56 10
954 1 2 3457 43 381 64
955 0 5 3460 11 90 16
956 1 4 3464 79 724 118
957 0 4 3468 1 9 1
958 1 2 3472 1 11 1
959 1 5 3475 24 206 36
960 0 11 3479 5 15 7
961 0 2 3484 1 10 1
962 0 3 3487 5 41 7
963 0 3 3491 1 9 1
964 0 1 3495 110 1026 165
965 1 4 3497 1 9 1
966 1 5 3501 1 11 1
967 0 4 3505 1 9 1
968 0 2 3509 12 99 18
969 0 8 3512 1 6 1
970 1 1 3517 6 48 9
971 0 2 3519 1 9 1
972 1 13 3522 37 131 55
973 1 1 3527 831 8546 1246
974 0 1 3530 10 81 15
975 1 5 3532 1 10 1
976 0 6 3536 39 344 58
977 1 2 3540 831755 11272543 1247632
978 0 1 3543 1 8 1
979 0 1 3546 2 17 3
980 0 5 3548 15 125 22
981 1 14 3552 1 4 1
982 1 2 3557 102 947 153
983 0 4 3560 1 9 1
984 1 1 3564 1 9 1
985 0 2 3566 23 197 34
986 1 2 3569 1 9 1
987 1 1 3572 1 10 1
988 1 1 3575 34 297 51
989 0 4 3578 3 25 4
990 0 2 3582 1 9 1
991 1 2 3585 11 90 16
992 1 5 3588 31 270 46
993 1 2 3592 1 9 1
994 1 2 3595 2 17 3
995 1 7 3598 73 276 109
996 0 3 3602 108891 1371045 163336
997 1 7 3606 1 3 1
