0 0 19 5 12 38 18
1 1 1 23 2 17 3
2 1 2 36 19000 223537 28500
3 0 15 50 24 82 36
4 1 2 68 16 134 24
5 0 3 82 1 10 1
6 0 2 97 1 10 1
7 1 7 112 1 4 1
8 1 4 129 1 11 1
9 1 4 145 1 9 1
10 1 4 161 1 11 1
11 1 3 177 1 9 1
12 1 5 192 2 17 3
13 0 4 208 237 2296 355
14 0 4 224 1 9 1
15 0 1 240 1 9 1
16 0 6 252 1 9 1
17 0 7 268 1 3 1
18 0 6 285 3286 16609 4929
19 1 6 302 1 9 1
20 0 2 318 63 570 94
21 1 4 332 1 10 1
22 0 2 348 237 2296 355
23 0 6 363 1 10 1
24 0 2 379 25 215 37
25 1 5 393 13 107 19
26 0 1 409 6 48 9
27 0 2 420 7 56 10
28 0 42 434 1 3 1
29 0 2 453 1 9 1
30 1 5 468 22 188 33
31 1 7 484 43 155 64
32 0 2 501 8 64 12
33 1 1 515 2 17 3
34 0 1 527 1 9 1
35 0 1 534 2 17 3
36 0 3 546 267 2602 400
37 0 23 561 3 10 4
38 0 10 579 1 5 1
39 1 5 596 1 9 1
40 1 1 612 107 996 160
41 1 4 624 22 188 33
42 0 4 640 17 143 25
43 1 3 656 438 4371 657
44 1 1 671 9500 108654 14250
45 1 2 683 5 40 7
46 0 8 697 288 1223 432
47 0 1 714 229 2215 343
48 1 2 724 25 215 37
49 0 1 739 42012 510046 63018
50 0 27 751 1 4 1
51 0 1 770 251 2439 376
52 1 2 783 1184 12375 1776
53 0 3 797 6702 75546 10053
54 1 2 812 3 25 4
55 1 2 826 4 33 6
56 0 3 840 15 125 22
57 0 2 855 21 179 31
58 1 5 869 34 297 51
59 1 2 885 1 10 1
60 0 2 899 3 25 4
61 1 2 913 1 9 1
62 0 13 927 10243 55629 15364
63 0 5 945 30 261 45
64 1 1 961 398 3954 597
65 0 1 974 2 17 3
66 1 2 986 19470 229292 29205
67 0 7 1000 1 4 1
68 1 4 1017 3 25 4
69 1 10 1033 1 3 1
70 1 2 1050 6485 72999 9727
71 0 3 1064 196 1881 294
72 1 1 1079 1 9 1
73 1 8 1091 23 78 34
74 0 1 1108 8 64 12
75 0 4 1121 7 56 10
76 0 7 1137 22 74 33
77 0 10 1154 121 479 181
78 0 7 1171 1 4 1
79 1 14 1188 72 272 108
80 1 2 1206 85 782 127
81 0 3 1220 1 12 1
82 0 4 1235 141 1331 211
83 0 11 1251 1 4 1
84 0 15 1269 3 10 4
85 0 7 1287 23 78 34
86 0 1 1304 3 25 4
87 0 2 1315 3 25 4
88 1 2 1329 1 9 1
89 1 2 1343 1 10 1
90 1 10 1358 1 3 1
91 1 2 1375 34 297 51
92 0 6 1389 37 326 55
93 1 1 1405 1 10 1
94 1 24 1416 246 1031 369
95 0 1 1434 10 81 15
96 1 1 1444 148348 1889545 222522
97 1 6 1456 1 11 1
98 1 2 1473 1 11 1
99 0 1 1487 1 9 1
100 0 6 1499 1 4 1
101 1 2 1516 1 10 1
102 1 3 1530 1 15 1
103 0 4 1545 1 10 1
104 1 2 1561 1771 18848 2656
105 0 6 1575 1 9 1
106 0 7 1591 1 4 1
107 1 1 1608 1 9 1
108 1 8 1621 12 38 18
109 1 7 1638 35 124 52
110 1 19 1655 10 31 15
111 0 1 1673 1 9 1
112 1 4 1686 1529 16166 2293
113 0 6 1702 1133 11818 1699
114 1 8 1718 1 4 1
115 0 2 1735 1 11 1
116 0 2 1749 1 9 1
117 1 6 1764 1 9 1
118 1 1 1781 12 99 18
119 0 3 1793 324 3187 486
120 1 4 1808 2 17 3
121 1 1 1824 728 7441 1092
122 1 2 1834 329 3239 493
123 1 3 1849 6 48 9
124 0 4 1864 1 10 1
125 1 3 1880 1 9 1
126 0 5 1895 7 56 10
127 1 5 1911 1 9 1
128 1 3 1927 158 1500 237
129 1 3 1942 106 986 159
130 1 2 1957 2 17 3
131 0 4 1971 1 9 1
132 1 7 1987 1 5 1
133 0 4 2004 17911 210225 26866
134 0 1 2020 44 390 66
135 0 1 2030 1 10 1
136 0 2 2041 334 3290 501
137 1 1 2055 137105 1741229 205657
138 0 2 2066 1 10 1
139 0 16 2081 1 3 1
140 1 2 2099 2 17 3
141 1 2 2113 5141 57305 7711
142 1 3 2127 1 9 1
143 0 4 2143 6 48 9
144 1 5 2159 48 428 72
145 0 7 2175 1 4 1
146 0 2 2192 1918 20484 2877
147 0 1 2207 2642 28617 3963
148 1 3 2219 1 10 1
149 0 1 2235 533690 7120936 800535
150 0 1 2248 1 9 1
151 0 3 2260 37 325 55
152 0 5 2275 152 1441 228
153 0 4 2291 1 10 1
154 0 3 2307 2 17 3
155 1 15 2322 3 10 4
156 0 1 2340 1 9 1
157 0 2 2353 7 56 10
158 0 4 2367 36000 434428 54000
159 1 8 2383 334 1435 501
160 1 3 2400 1 9 1
161 1 2 2415 2 17 3
162 0 2 2430 8 64 12
163 0 7 2444 1 5 1
164 0 3 2461 1 11 1
165 0 2 2476 320 3146 480
166 0 7 2491 15 48 22
167 0 4 2508 1 9 1
168 0 3 2524 1117 11644 1675
169 0 2 2539 1 9 1
170 0 13 2553 16 52 24
171 0 3 2571 99 918 148
172 1 2 2586 2 17 3
173 1 8 2600 33 116 49
174 1 2 2617 88 811 132
175 1 2 2631 1 10 1
176 1 3 2645 2 17 3
177 1 2 2660 1 10 1
178 1 8 2675 2 7 3
179 1 2 2692 109 1016 163
180 0 2 2706 95 879 142
181 1 6 2720 4 33 6
182 1 9 2736 11 34 16
183 1 6 2753 1 11 1
184 0 17 2770 5 15 7
185 0 3 2788 3 25 4
186 1 2 2803 937 9689 1405
187 0 2 2817 251 2438 376
188 0 9 2832 245 1027 367
189 0 5 2849 1 9 1
190 1 3 2865 175 1670 262
191 0 5 2880 1689 17937 2533
192 1 4 2896 1 9 1
193 1 2 2912 2 17 3
194 0 2 2927 1 14 1
195 1 13 2941 1 4 1
196 1 2 2959 455 4549 682
197 1 4 2973 1 9 1
198 1 2 2989 1 10 1
199 0 1 3003 2 17 3
200 0 7 3015 1 3 1
201 0 1 3032 51 456 76
202 1 2 3045 5 41 7
203 1 5 3059 1 9 1
204 1 4 3075 139 1311 208
205 1 7 3091 211 874 316
206 0 5 3108 1900 20283 2850
207 0 1 3124 176 1680 264
208 1 1 3136 2 17 3
209 0 4 3147 1 8 1
210 0 1 3163 1 9 1
211 1 1 3175 9 72 13
212 0 11 3188 5 15 7
213 0 1 3205 2 17 3
214 1 3 3218 1 9 1
215 0 5 3233 1 9 1
216 0 4 3249 1 11 1
217 0 18 3265 346 1490 519
218 0 2 3283 2 17 3
219 0 2 3297 1 10 1
220 0 1 3311 1 9 1
221 0 1 3324 22498 266490 33747
222 1 1 3335 14 116 21
223 1 5 3348 4367 48341 6550
224 0 1 3364 1 10 1
225 0 6 3371 23249 275747 34873
226 0 2 3387 1 9 1
227 1 2 3401 1 11 1
228 0 10 3415 474 2091 711
229 0 5 3432 53 475 79
230 1 1 3448 94184 1179405 141276
231 0 12 3457 1 4 1
232 1 1 3475 1 11 1
233 0 11 3488 30 104 45
234 0 3 3506 1 9 1
235 0 3 3521 9 73 13
236 1 2 3536 5 40 7
237 0 5 3550 325 3198 487
238 1 7 3566 17107 95813 25660
239 1 4 3583 37 325 55
240 0 7 3599 1466 7017 2199
241 1 1 3616 2 17 3
