0 1 1 5 68 618 102
1 0 2 9 10 81 15
2 1 1 16 42 372 63
3 0 4 18 143 574 214
4 1 1 26 34 298 51
5 1 17 29 58 215 87
6 0 2 39 26 224 39
7 0 1 45 44 391 66
8 1 1 50 24012 285163 36018
9 0 1 56 4 33 6
10 0 1 61 12 99 18
11 1 1 67 14 116 21
12 1 2 72 1 10 1
13 0 3 78 1 3 1
14 1 1 85 1 9 1
15 0 1 91 1 9 1
16 1 6 96 3 9 4
17 0 4 105 142 569 213
18 1 8 113 11 34 16
19 1 1 122 11 90 16
20 1 6 127 85 326 127
21 1 4 136 1 4 1
22 1 4 144 242 1014 363
23 0 1 152 65 589 97
24 1 1 156 6 48 9
25 1 1 161 291 2848 436
26 0 2 166 1 9 1
27 1 5 173 40 143 60
28 1 1 182 18 152 27
29 0 2 187 11455 132027 17182
30 1 3 193 1 5 1
31 1 1 200 272507 3549375 408760
32 0 8 205 1 4 1
33 1 2 214 2777 30145 4165
34 0 3 220 1 9 1
35 0 2 227 3 25 4
36 0 3 233 51 187 76
37 1 3 240 17921 210347 26881
38 1 4 247 13 41 19
39 1 2 255 123 1153 184
40 0 12 262 4 12 6
41 0 4 272 80 305 120
42 0 2 280 9207 105166 13810
43 1 2 287 1 10 1
44 0 1 293 3 25 4
45 0 5 295 8 24 12
46 1 2 304 5 41 7
47 1 1 311 2 17 3
48 1 4 315 112 440 168
49 1 1 323 1 10 1
50 1 2 327 1 11 1
51 0 3 333 2 6 3
52 1 35 341 1 4 1
53 0 3 352 296 2899 444
54 0 1 359 1 9 1
55 0 5 361 8110 43418 12165
56 1 4 370 88 339 132
57 0 17 378 16 52 24
58 1 2 388 31 270 46
59 1 6 394 2 7 3
60 0 1 403 2 17 3
61 1 6 406 11 34 16
62 1 6 415 1 4 1
63 0 3 424 37 131 55
64 0 5 431 1 4 1
65 0 2 439 1 9 1
66 1 3 445 3 9 4
67 1 2 453 1 9 1
68 1 1 459 1 9 1
69 1 2 463 1 10 1
70 1 1 470 968 10025 1452
71 1 7 475 1 4 1
72 0 16 484 1 4 1
73 0 2 494 32 279 48
74 1 7 500 2 7 3
75 0 2 509 1 9 1
76 0 6 516 1 3 1
77 1 5 525 1 4 1
78 1 3 533 558 2492 837
79 1 10 541 1666 8046 2499
80 0 4 551 243 1018 364
81 1 5 559 1 4 1
82 0 2 568 3 25 4
83 1 4 574 5884 30876 8826
84 1 6 582 87 335 130
85 0 2 591 1 9 1
86 1 13 598 1 3 1
87 1 1 608 92711 1160268 139066
88 1 4 611 55 203 82
89 1 8 619 23909 136560 35863
90 0 4 628 147 591 220
91 1 6 636 1 4 1
92 1 2 645 6173 69343 9259
93 1 2 651 39 344 58
94 1 2 657 5 41 7
95 1 5 663 1 4 1
96 0 3 671 239 1000 358
97 0 2 678 2 17 3
98 1 2 684 1 10 1
99 1 7 690 2681 13370 4021
100 1 3 699 4 13 6
101 1 2 706 1 10 1
102 0 3 713 11523 132843 17284
103 0 2 720 4 33 6
104 0 2 726 155 1470 232
105 0 6 732 118 466 177
106 1 1 741 27 233 40
107 1 5 745 6564 34682 9846
108 1 2 754 1 10 1
109 1 2 760 15493 180781 23239
110 0 3 767 1 4 1
111 0 13 775 2 7 3
112 0 1 785 1 10 1
113 0 4 790 6 18 9
114 0 4 798 41 147 61
115 1 2 806 2 17 3
116 1 3 812 1 5 1
117 0 8 820 56 207 84
118 0 2 829 9 73 13
119 1 3 835 1 5 1
120 1 1 842 1 9 1
121 1 2 848 1 13 1
122 0 2 854 155 1470 232
123 0 2 861 7 56 10
124 0 5 867 2 7 3
125 1 1 876 634 6439 951
126 0 1 880 1 9 1
127 1 7 884 3 10 4
128 0 3 893 33 116 49
129 0 2 901 1 8 1
130 1 8 908 1 5 1
131 1 5 917 1 4 1
132 0 7 925 315 1347 472
133 1 3 934 111 436 166
134 1 6 941 1079 5056 1618
135 1 1 950 13 107 19
136 1 1 954 2 17 3
137 1 7 959 411 1794 616
138 1 12 968 1 3 1
139 0 1 978 40 353 60
140 1 6 982 38 135 57
141 1 2 991 4 33 6
142 0 3 998 1 11 1
143 1 5 1005 500 2215 750
144 0 3 1013 6 18 9
145 0 3 1020 2 6 3
146 1 7 1028 81 310 121
147 1 11 1037 32919 191509 49378
148 0 1 1047 1 10 1
149 1 3 1051 51 187 76
150 1 4 1058 1 5 1
151 1 1 1066 2471 26687 3706
152 0 7 1071 5974 31378 8961
153 0 1 1080 1 12 1
154 0 10 1085 68 256 102
155 1 4 1095 2 7 3
156 0 1 1103 1 9 1
157 1 8 1109 222 923 333
158 0 4 1118 1 3 1
159 1 3 1126 679112 4631388 1018668
160 0 1 1134 240 2327 360
161 1 2 1140 67 609 100
162 0 1 1146 40 353 60
163 1 3 1151 19248 226573 28872
164 1 1 1158 44 390 66
165 0 1 1163 1 9 1
166 0 4 1168 54 199 81
167 0 1 1176 15 125 22
168 0 8 1181 91 351 136
169 0 2 1190 16 134 24
170 1 1 1196 2 17 3
171 0 4 1200 5 15 7
172 0 1 1208 1 11 1
173 1 7 1212 1 3 1
174 1 4 1221 1 3 1
175 0 2 1229 1 10 1
176 0 3 1236 3 10 4
177 0 28 1243 2 6 3
178 0 2 1254 368 3642 552
179 1 2 1261 1 9 1
180 0 6 1267 1 4 1
181 0 2 1276 9 73 13
182 0 3 1283 287 1218 430
183 1 2 1291 1235 12933 1852
184 1 2 1298 3 25 4
185 0 3 1305 26 89 39
186 1 1 1313 193 1851 289
187 0 5 1318 3 10 4
188 1 5 1326 70 264 105
189 1 1 1334 1 11 1
190 0 3 1340 1 4 1
191 0 2 1347 2 17 3
192 0 1 1354 1 9 1
193 1 2 1359 2813511 39752548 4220266
194 1 3 1365 9 73 13
195 1 2 1372 1 10 1
196 1 2 1378 1 10 1
197 0 8 1384 19 63 28
198 0 4 1393 92 355 138
199 1 23 1401 30 104 45
200 0 7 1412 58 215 87
201 0 1 1421 21654 256101 32481
202 1 39 1425 606 2723 909
203 0 7 1436 146 587 219
204 1 1 1445 9 72 13
205 0 2 1449 3340 36548 5010
206 1 1 1455 1 11 1
207 1 1 1459 6319 71053 9478
208 1 1 1463 2 17 3
209 1 1 1468 1 9 1
210 0 1 1472 122 1143 183
211 0 2 1476 168 1600 252
212 1 19 1483 18 59 27
213 0 4 1494 1 3 1
214 0 4 1502 1 5 1
215 0 3 1510 9 27 13
216 1 1 1517 1 9 1
217 1 1 1522 3 25 4
218 1 4 1526 728 3316 1092
219 0 6 1534 136270 856860 204405
220 0 6 1543 1 4 1
221 1 8 1552 25 85 37
222 0 2 1561 953 9862 1429
223 0 5 1567 2 7 3
224 1 7 1575 1 5 1
225 1 3 1584 1 10 1
226 0 1 1591 2486 26856 3729
227 0 2 1595 1 12 1
228 0 2 1601 2376 25617 3564
229 0 2 1607 1 12 1
230 1 5 1613 100 389 150
231 1 1 1622 14806 172448 22209
232 0 1 1627 7 56 10
233 1 4 1632 1 4 1
234 0 2 1640 15 125 22
235 0 5 1647 1 3 1
236 1 7 1655 1 4 1
237 0 4 1664 206 852 309
238 0 3 1672 5 15 7
239 0 3 1679 4 33 6
240 1 3 1686 5 40 7
241 1 6 1693 1 5 1
242 1 6 1702 1 3 1
243 1 2 1711 23 197 34
244 1 1 1718 1 9 1
245 0 1 1723 1 9 1
246 1 1 1727 5 40 7
247 0 2 1732 329 3239 493
248 0 2 1738 7 56 10
249 1 2 1745 1 13 1
250 1 1 1751 6 48 9
251 0 2 1757 3262 35658 4893
252 1 3 1763 5 41 7
253 1 1 1770 1 10 1
254 0 4 1776 1 4 1
255 0 2 1784 856 8815 1284
256 0 14 1791 57 211 85
257 1 5 1801 102 398 153
258 1 4 1809 1 3 1
259 1 10 1817 1 4 1
260 0 2 1827 1 9 1
261 0 1 1833 6 48 9
262 0 2 1839 14 116 21
263 1 11 1845 6 18 9
264 0 5 1855 20 67 30
265 1 3 1863 1 10 1
266 0 11 1870 13 41 19
267 1 1 1880 32 279 48
268 0 10 1884 197 812 295
269 1 4 1894 29 100 43
270 1 12 1902 4 12 6
271 1 8 1912 506 2244 759
272 1 10 1921 1 5 1
273 1 7 1930 832 3826 1248
274 0 3 1939 71 647 106
275 0 2 1946 1 9 1
276 0 9 1953 1 5 1
277 0 2 1962 49 438 73
278 1 1 1968 2 17 3
279 0 4 1973 1 3 1
280 0 9 1981 3 9 4
281 0 1 1990 2043 21881 3064
282 1 4 1994 29 100 43
283 1 4 2002 1 4 1
284 1 2 2010 1 11 1
285 1 3 2017 5 15 7
286 0 3 2025 2 17 3
287 1 3 2032 1 3 1
288 0 2 2040 3 25 4
289 0 2 2047 94 869 141
290 0 3 2053 2 6 3
291 0 8 2060 300 1278 450
292 0 2 2069 127 1192 190
293 0 13 2075 1 3 1
294 0 5 2085 1362 6486 2043
295 1 2 2093 3 25 4
296 1 4 2099 124 492 186
297 1 16 2107 2 6 3
298 0 3 2117 462 2034 693
299 0 4 2124 1 7 1
300 0 22 2132 42 151 63
301 1 7 2143 1 3 1
302 1 10 2152 79 301 118
303 0 2 2162 1 9 1
304 0 1 2168 1 10 1
305 0 12 2174 3022246 22105036 4533369
306 1 4 2184 72 272 108
307 0 7 2192 11 34 16
308 0 6 2201 30 104 45
309 1 1 2210 1 9 1
310 0 3 2214 56 207 84
311 1 1 2221 43 381 64
312 1 3 2226 1 4 1
313 1 4 2233 23 78 34
314 0 1 2241 3 25 4
315 1 2 2245 967 10014 1450
316 0 3 2251 13 41 19
317 1 1 2258 5 40 7
318 0 3 2264 1 4 1
319 0 8 2271 1 3 1
320 1 4 2280 1 4 1
321 1 2 2288 485 4864 727
322 1 2 2294 11 90 16
323 0 1 2300 142 1341 213
324 1 2 2305 1 11 1
325 1 51 2312 279 1182 418
326 1 5 2324 169 688 253
327 1 6 2332 251 1054 376
328 1 11 2341 1 3 1
329 0 3 2351 201 829 301
330 1 1 2358 1 9 1
331 0 3 2361 1 4 1
332 0 2 2369 112 1045 168
333 0 7 2376 3 10 4
334 1 2 2385 112 1045 168
335 0 1 2391 1 9 1
336 0 1 2395 21 179 31
337 0 2 2400 1 13 1
338 1 3 2406 1 4 1
339 0 1 2413 11678 134704 17517
340 1 4 2418 27198 156507 40797
341 1 2 2426 2 17 3
342 0 1 2433 17 143 25
343 0 15 2438 4 12 6
344 1 10 2448 994 4630 1491
345 0 8 2457 3 9 4
346 0 1 2466 5163 57561 7744
347 0 1 2471 11811 136302 17716
348 0 1 2475 26 224 39
349 1 6 2481 1 5 1
350 1 5 2490 26 89 39
351 0 2 2498 1 10 1
352 0 4 2505 2 7 3
353 0 10 2513 69 260 103
354 0 3 2523 6515 34406 9772
355 1 1 2530 2 17 3
356 1 2 2535 1 10 1
357 0 9 2541 1 5 1
358 1 5 2550 12 38 18
359 1 3 2558 30 104 45
360 0 5 2565 1 3 1
361 0 9 2573 1 4 1
362 1 1 2582 2 17 3
363 0 1 2586 2 17 3
364 0 4 2589 8 24 12
365 1 1 2597 3 25 4
366 1 4 2602 51 187 76
367 1 1 2610 156 1480 234
368 1 1 2615 3 25 4
369 0 5 2620 1 5 1
370 0 1 2629 1 9 1
371 1 3 2634 1 5 1
372 1 1 2642 2737 29692 4105
373 0 4 2647 1 4 1
374 0 1 2655 25 215 37
375 0 13 2658 1 3 1
376 0 3 2668 5768 64608 8652
377 0 3 2675 1761 8537 2641
378 1 1 2682 178 1700 267
379 1 7 2688 3 9 4
380 0 7 2697 1 6 1
381 1 1 2706 1 9 1
382 1 2 2711 122 1143 183
383 0 7 2717 1 4 1
384 1 26 2726 23 78 34
385 0 1 2737 418 4163 627
386 1 3 2739 159 644 238
387 0 3 2746 1 10 1
388 1 1 2753 49 438 73
389 0 2 2757 2 17 3
390 1 9 2764 1 5 1
391 1 1 2773 6 48 9
392 1 2 2775 2 17 3
393 1 9 2781 2 6 3
394 0 17 2790 6216 32731 9324
395 0 2 2800 1 10 1
396 0 1 2806 1 9 1
397 0 1 2811 1 10 1
398 0 10 2817 1 4 1
399 0 2 2827 606 6141 909
400 0 3 2833 1295 6146 1942
401 1 1 2841 335 3300 502
402 1 10 2846 19 63 28
403 0 8 2856 13 41 19
404 0 1 2865 1 8 1
405 1 5 2869 3 9 4
406 0 4 2878 1 4 1
407 0 34 2886 7 21 10
408 1 7 2897 121 479 181
409 1 5 2906 1751 8485 2626
410 1 5 2914 919 4257 1378
411 1 2 2922 11 90 16
412 1 2 2928 12 98 18
413 1 1 2935 48 428 72
414 1 4 2939 1 5 1
415 1 2 2947 2 17 3
416 1 2 2954 5 40 7
417 1 1 2960 22 188 33
418 1 5 2966 275598 1797219 413397
419 1 1 2974 3 25 4
420 1 4 2980 138 552 207
421 0 7 2988 1 3 1
422 1 1 2997 47 419 70
423 0 4 3002 6 18 9
424 0 2 3010 8 64 12
425 0 37 3017 4471 23054 6706
426 0 1 3028 476 4769 714
427 1 6 3034 4 12 6
428 0 1 3043 3 25 4
429 0 11 3048 1 4 1
430 0 3 3058 63 570 94
431 0 3 3065 1471 7043 2206
432 1 3 3073 1 3 1
433 0 2 3081 14 116 21
434 1 2 3087 2293 24683 3439
435 1 3 3093 1059 4955 1588
436 0 1 3100 28 243 42
437 1 6 3105 3419 17326 5128
438 0 1 3114 330 3249 495
439 0 3 3119 266302 1733572 399453
440 0 2 3127 241053 3125705 361579
441 0 2 3134 1 9 1
442 0 6 3141 1 3 1
443 1 18 3150 361 1560 541
444 1 3 3160 8574 97647 12861
445 0 5 3167 1 4 1
446 0 2 3175 9 73 13
447 0 6 3182 1 3 1
448 0 5 3191 13 41 19
449 1 1 3199 3693 40587 5539
450 1 2 3204 2 17 3
451 1 3 3210 1 4 1
452 1 4 3217 9 27 13
453 0 4 3225 11 34 16
454 1 2 3233 1 9 1
455 0 1 3239 11 90 16
456 1 5 3243 125 496 187
457 0 6 3251 9 27 13
458 1 7 3260 1 5 1
459 1 7 3269 1 3 1
460 0 2 3278 307 3012 460
461 0 28 3285 61 227 91
462 1 5 3296 23232 132473 34848
463 0 15 3304 147 591 220
464 1 10 3314 2 7 3
465 1 1 3324 1 10 1
466 0 1 3329 33 288 49
467 1 1 3332 46 409 69
468 1 2 3337 1 9 1
469 1 1 3343 71 647 106
470 0 3 3348 1 5 1
471 0 5 3355 1 4 1
472 0 4 3364 451 1982 676
473 0 5 3372 1 4 1
474 0 2 3380 65 590 97
475 1 4 3386 4430 22829 6645
476 0 1 3394 7617 86321 11425
477 0 10 3399 6398 33750 9597
478 1 2 3409 2 17 3
479 0 9 3415 1 6 1
480 1 2 3424 52 466 78
481 0 2 3431 139 1311 208
482 0 1 3438 2 17 3
483 0 4 3442 3287 16614 4930
484 0 3 3450 71 268 106
485 1 3 3458 1 3 1
486 1 2 3465 10 81 15
487 1 6 3471 52 191 78
488 1 1 3480 2 17 3
489 0 22 3485 3884 19846 5826
490 1 2 3496 597 6046 895
491 1 1 3503 2 17 3
492 1 2 3508 10 81 15
493 0 6 3514 1 4 1
494 1 1 3523 1 8 1
495 1 6 3528 4 12 6
496 1 4 3537 805 3693 1207
497 0 3 3545 74 280 111
498 1 1 3552 4 33 6
499 0 16 3557 1 3 1
500 1 19 3567 1 4 1
501 0 10 3578 1 4 1
502 1 1 3588 1 9 1
503 0 1 3591 3 25 4
504 1 8 3596 1 3 1
505 1 15 3605 1 3 1
506 1 1 3615 1 10 1
