0 0 6 5 2 6 3
1 0 8 23 2 7 3
2 0 1 41 1342 14106 2013
3 0 4 53 1 9 1
4 1 8 69 1 3 1
5 1 5 87 2 17 3
6 0 1 104 1 9 1
7 1 5 112 4 33 6
8 0 9 129 1 4 1
9 0 3 148 2 17 3
10 0 7 163 6 18 9
11 1 3 181 58 523 87
12 1 3 196 1 12 1
13 1 1 211 24 206 36
14 0 4 218 76 695 114
15 1 3 234 90 830 135
16 0 1 248 1 12 1
17 0 1 259 1 11 1
18 0 3 270 21 179 31
19 1 3 285 250 2428 375
20 0 2 300 1 9 1
21 1 1 313 8 64 12
22 0 18 322 149 600 223
23 1 3 343 248 2408 372
24 0 2 357 2 17 3
25 0 1 369 3 25 4
26 1 1 380 1 12 1
27 1 1 388 1 10 1
28 0 9 398 4781 24759 7171
29 0 6 417 45 400 67
30 1 13 434 2598 12929 3897
31 1 11 454 7 21 10
32 1 4 474 1 9 1
33 0 3 489 1 10 1
34 1 2 504 11 90 16
35 1 2 516 35 307 52
36 0 1 530 9 72 13
37 0 3 541 1 9 1
38 0 9 555 3 9 4
39 1 9 574 1 4 1
40 1 4 593 26 224 39
41 1 6 609 1840 19615 2760
42 1 1 627 1 9 1
43 0 13 632 1 3 1
44 0 2 652 11 90 16
45 0 1 665 2 17 3
46 1 3 672 1041 10817 1561
47 1 18 686 3 9 4
48 1 3 707 21206 250593 31809
49 0 8 722 85 326 127
50 1 1 740 921 9517 1381
51 1 1 749 238 2306 357
52 1 2 756 1 11 1
53 0 1 770 1037 10773 1555
54 1 7 781 23 78 34
55 1 5 799 2 17 3
56 0 2 815 57818 710672 86727
57 0 18 828 26 89 39
58 0 1 849 2 17 3
59 1 11 860 14 45 21
60 0 1 879 1 9 1
61 1 3 889 311 3053 466
62 0 18 904 34316 200108 51474
63 1 5 925 1129 11775 1693
64 0 2 942 8 64 12
65 1 2 955 962 9960 1443
66 0 2 969 121 1133 181
67 1 2 981 9 73 13
68 1 4 994 219153 2831857 328729
69 0 2 1010 15 125 22
70 1 1 1023 9402 107487 14103
71 0 1 1033 1 9 1
72 1 2 1041 1 11 1
73 1 9 1053 3 9 4
74 0 2 1072 1 8 1
75 0 3 1085 3 25 4
76 0 12 1099 6 18 9
77 1 2 1119 13 107 19
78 0 5 1131 66 599 99
79 0 1 1148 5 41 7
80 0 2 1159 3 25 4
81 0 2 1172 2 17 3
82 0 1 1186 1 10 1
83 0 1 1195 42 372 63
84 1 3 1204 1 10 1
85 0 1 1218 9 73 13
86 0 1 1228 22 187 33
87 1 1 1239 63 570 94
88 1 1 1245 340 3352 510
89 0 3 1253 1 9 1
90 1 2 1267 487 4885 730
91 1 3 1280 1 11 1
92 1 2 1294 1 9 1
93 0 3 1307 1 9 1
94 0 5 1322 1994 21333 2991
95 0 3 1339 456 4560 684
96 0 10 1354 28 97 42
97 0 5 1373 29 251 43
98 0 4 1390 1 9 1
99 1 1 1406 19 161 28
100 1 9 1412 76 289 114
101 0 8 1431 1 3 1
102 1 1 1449 4 33 6
103 1 4 1457 2 17 3
104 1 5 1472 21873 258795 32809
105 0 11 1489 1 4 1
106 1 6 1509 58 215 87
107 0 2 1527 24958 296854 37437
108 0 12 1540 176 718 264
109 0 6 1560 11 34 16
110 0 9 1578 1 5 1
111 0 3 1597 3 25 4
112 1 2 1611 1 10 1
113 0 1 1623 1 9 1
114 0 2 1632 2162 23213 3243
115 1 5 1644 1 9 1
116 1 2 1661 799 8202 1198
117 0 4 1675 1 12 1
118 0 7 1691 1 3 1
119 1 4 1709 525 5285 787
120 1 2 1725 11 90 16
121 0 2 1737 11664 134536 17496
122 0 1 1750 1213 12692 1819
123 1 1 1761 119 1114 178
124 0 9 1771 1 5 1
125 1 2 1790 3 25 4
126 0 2 1804 2238 24066 3357
127 1 7 1816 1 3 1
128 1 4 1834 1 11 1
129 1 14 1850 82 314 123
130 1 2 1870 1 9 1
131 0 3 1883 6 48 9
132 1 3 1898 784 8041 1176
133 0 2 1912 108 1006 162
134 1 1 1925 1 11 1
135 1 2 1934 1 10 1
136 0 4 1948 903 9322 1354
137 0 3 1964 1008 10458 1512
138 1 6 1979 1 9 1
139 1 4 1996 77 704 115
140 1 1 2012 1 10 1
141 1 4 2024 1 9 1
142 1 2 2040 86 791 129
143 1 4 2054 1 11 1
144 1 4 2070 1 9 1
145 0 1 2086 2 17 3
146 0 3 2097 1 9 1
147 1 2 2111 269 2622 403
148 1 1 2123 1 9 1
149 0 2 2135 1 10 1
150 1 6 2148 39 344 58
151 0 3 2165 2 17 3
152 0 2 2180 1 9 1
153 0 4 2192 52 466 78
154 1 4 2208 64 580 96
155 1 2 2224 3 25 4
156 0 17 2238 1 6 1
157 0 3 2259 2616 28323 3924
158 1 1 2274 512 5148 768
159 1 2 2285 1 12 1
160 1 4 2298 42 372 63
161 1 4 2314 1 9 1
162 1 2 2329 3075 33528 4612
163 1 2 2342 165 1570 247
164 1 6 2355 1 4 1
165 1 1 2373 23 197 34
166 1 2 2384 4247 46956 6370
167 1 1 2398 1 11 1
168 1 1 2402 333 3280 499
169 0 2 2404 57 513 85
170 1 5 2417 68 618 102
171 0 4 2434 304272 3978979 456408
172 1 2 2450 35 307 52
173 1 5 2464 10 81 15
174 1 9 2480 75 284 112
175 0 1 2499 1 9 1
176 1 8 2509 25 85 37
177 1 4 2527 3323 36354 4984
178 1 5 2543 1 9 1
179 0 2 2560 3 25 4
180 1 38 2572 16 52 24
181 1 9 2595 1 4 1
182 1 5 2614 1 11 1
183 0 6 2630 1 10 1
184 1 7 2647 148 596 222
185 1 12 2665 229 955 343
186 0 1 2685 26 224 39
187 0 7 2696 67956 411648 101934
188 0 7 2714 3 10 4
189 0 2 2732 47 419 70
190 0 1 2745 322 3167 483
191 0 5 2754 5 41 7
192 0 3 2770 22 188 33
193 0 3 2785 292 2858 438
194 0 2 2799 35 307 52
195 0 4 2813 1 11 1
196 0 1 2829 1 11 1
197 1 5 2837 1 9 1
198 1 2 2854 4 33 6
199 1 8 2866 296 1260 444
200 0 2 2884 1 10 1
201 1 2 2896 2 17 3
202 0 8 2909 1 5 1
203 1 2 2928 1318 13842 1977
204 1 17 2941 1 4 1
205 1 5 2962 66 599 99
206 0 2 2979 10 81 15
207 0 3 2993 226 2185 339
208 0 1 3008 206 1982 309
209 1 2 3019 2591 28041 3886
210 0 1 3032 49 437 73
211 1 13 3043 47 171 70
212 0 3 3063 1 12 1
213 1 2 3077 188 1801 282
214 1 1 3091 1 9 1
215 0 2 3098 71 647 106
216 0 1 3111 1 11 1
217 0 6 3122 5 40 7
218 0 2 3139 1 10 1
219 0 1 3153 1904 20328 2856
220 0 9 3164 817 3752 1225
221 1 4 3183 4106 45332 6159
222 1 2 3199 7 56 10
223 0 8 3213 1 3 1
224 1 4 3231 2910 31653 4365
225 1 3 3247 1 11 1
226 1 2 3262 308 3023 462
227 1 1 3274 1040 10806 1560
228 1 3 3285 24 206 36
229 0 2 3299 1 10 1
230 0 5 3312 1 10 1
231 0 1 3329 1186 12397 1779
232 1 1 3338 41 363 61
233 0 8 3348 22 74 33
234 0 1 3367 42 372 63
235 0 1 3375 3519 38594 5278
236 0 1 3385 6 48 9
237 0 3 3394 2 17 3
238 0 2 3409 1 9 1
239 0 1 3422 36 316 54
240 1 2 3432 21 179 31
241 1 5 3446 39 344 58
242 1 5 3463 52937 648469 79405
243 1 4 3479 44 390 66
244 1 3 3494 6 48 9
245 0 1 3509 278 2714 417
246 1 7 3518 115 453 172
247 1 4 3536 3 25 4
248 0 4 3552 87 801 130
249 1 2 3568 1 10 1
250 1 7 3582 446 1959 669
251 0 2 3600 617 6258 925
252 1 3 3612 25 215 37
