0 0 5 5 1 9 1
1 1 1 9 178 1700 267
2 1 1 12 1630 17283 2445
3 0 3 15 2 17 3
4 1 1 19 925 9560 1387
5 0 2 22 38 335 57
6 0 2 25 48 428 72
7 0 6 28 1 10 1
8 1 1 32 305 2991 457
9 1 2 35 34 298 51
10 1 19 38 553 2468 829
11 0 1 43 2 17 3
12 1 1 45 5877 65881 8815
13 1 4 48 3 25 4
14 0 1 52 113 1055 169
15 1 1 54 56 504 84
16 1 2 56 1 11 1
17 0 3 59 1 9 1
18 1 1 63 1 9 1
19 1 2 66 5 41 7
20 0 5 69 74 676 111
21 0 4 73 1 9 1
22 1 10 77 29 100 43
23 1 3 82 3 25 4
24 1 1 86 1 10 1
25 0 6 89 6338 71275 9507
26 0 1 93 14 116 21
27 1 1 95 116 1084 174
28 1 1 97 515 5179 772
29 1 5 99 2 17 3
30 1 4 103 2 17 3
31 1 2 107 1 10 1
32 1 1 110 88 811 132
33 1 1 113 4 33 6
34 0 2 115 29 251 43
35 0 1 118 2 17 3
36 1 1 120 148 1401 222
37 1 4 123 1 9 1
38 1 4 127 1016 10545 1524
39 1 7 131 2 7 3
40 0 1 136 34 298 51
41 0 4 138 1 10 1
42 0 7 142 14 45 21
43 0 17 146 218 905 327
44 0 1 151 67 609 100
45 1 6 154 3989 20418 5983
46 0 1 158 2 17 3
47 0 5 161 3 25 4
48 1 1 165 1 9 1
49 0 1 167 261 2540 391
50 0 1 170 20 170 30
51 1 4 173 1 9 1
52 1 2 177 3424 37508 5136
53 1 7 180 72 272 108
54 1 2 185 7 56 10
55 1 1 188 1 9 1
56 1 2 190 38 335 57
57 1 2 193 570637 7631982 855955
58 0 1 196 27 233 40
59 1 1 198 1 10 1
60 0 11 200 360 1555 540
61 1 5 205 1 9 1
62 1 2 209 1 11 1
63 1 21 212 15 48 22
64 1 5 217 4 33 6
65 1 1 221 1951 20852 2926
66 1 2 224 2 17 3
67 1 11 227 1 4 1
68 1 2 232 1 9 1
69 0 2 235 2 17 3
70 1 3 238 810 8320 1215
71 0 13 242 60 223 90
72 1 12 247 1 3 1
73 1 1 252 1 10 1
74 0 3 253 39 344 58
75 0 2 257 45 400 67
76 0 1 260 8 64 12
77 0 39 262 1 3 1
78 0 2 268 37 325 55
79 1 7 271 7 21 10
80 1 2 275 1 11 1
81 1 5 278 47 419 70
82 0 1 282 128 1202 192
83 0 11 285 22 74 33
84 0 5 290 37 325 55
85 1 3 294 1 9 1
86 0 3 298 29 252 43
87 1 1 302 1 10 1
88 1 4 305 2605 28199 3907
89 0 8 309 4 13 6
90 0 8 314 3 9 4
91 1 4 319 56 504 84
92 1 1 323 7 56 10
93 1 2 326 1 9 1
94 0 4 329 1339 14073 2008
95 0 5 333 1 11 1
96 1 1 337 293 2868 439
97 1 1 340 136 1282 204
98 1 3 343 42643 518007 63964
99 0 16 347 1 5 1
100 1 1 352 1 10 1
101 1 3 354 5 40 7
102 0 5 358 120 1124 180
103 0 2 362 23 197 34
104 1 1 365 1 10 1
105 1 2 367 1028 10675 1542
106 0 1 370 1 9 1
107 1 8 373 20 67 30
108 1 2 378 2 17 3
109 1 1 381 6 48 9
110 1 2 383 2 17 3
111 1 8 386 2 6 3
112 1 1 391 1 12 1
113 1 3 394 61 551 91
114 1 5 398 1 10 1
115 0 1 402 8 64 12
116 1 3 404 2 17 3
117 1 10 408 1 4 1
118 1 2 413 2 17 3
119 0 4 416 3 25 4
120 0 1 420 12 99 18
121 1 2 423 1 9 1
122 0 2 426 6 48 9
123 1 3 429 12 99 18
124 1 1 433 1 9 1
125 1 32 434 2 6 3
126 0 9 440 6190 32585 9285
127 1 3 445 1 9 1
128 0 1 449 1480 15625 2220
129 0 1 451 5 41 7
130 1 1 454 1 10 1
131 0 2 456 1 12 1
132 1 4 459 1 8 1
133 0 2 463 484 4853 726
134 0 11 466 21 70 31
135 0 2 471 56 504 84
136 1 22 474 7 21 10
137 0 4 479 12 99 18
138 1 8 483 1 5 1
139 0 7 488 1 3 1
140 0 1 492 1 9 1
141 1 1 495 1 9 1
142 0 4 496 1 9 1
143 1 3 500 1 11 1
144 0 8 504 11 34 16
145 1 3 509 1 10 1
146 1 5 513 4 33 6
147 1 8 517 1 3 1
148 1 10 522 7 21 10
149 1 5 527 261 2540 391
150 1 2 531 5 40 7
151 0 10 534 1 4 1
152 1 5 539 1729 18381 2593
153 1 1 543 1 9 1
154 0 10 545 2 7 3
155 1 5 550 2 17 3
156 1 2 554 13 107 19
157 1 3 557 752 7698 1128
158 0 1 561 121 1134 181
159 1 3 564 1 9 1
160 1 3 568 2 17 3
161 1 4 572 1 12 1
162 0 4 576 34 298 51
163 1 1 580 1 10 1
164 1 1 583 21 179 31
165 1 6 585 105 410 157
166 0 2 589 5 41 7
167 0 1 592 1 9 1
168 0 3 594 261 2541 391
169 1 1 598 8 64 12
170 1 5 599 99 918 148
171 1 3 603 1 8 1
172 0 6 607 3 25 4
173 1 5 611 26 224 39
174 1 4 615 1 9 1
175 0 5 619 2 17 3
176 0 3 623 1 10 1
177 1 6 627 1 9 1
178 0 4 631 2 17 3
179 1 13 635 9 27 13
180 0 73 640 1 4 1
181 1 1 646 1 10 1
182 0 3 648 3 25 4
183 1 1 652 1 9 1
184 1 6 654 1 11 1
185 1 1 658 1 9 1
186 1 3 660 1 9 1
187 1 11 664 2 7 3
188 0 2 669 11 90 16
189 1 4 672 12 99 18
190 0 7 676 2 6 3
191 0 1 680 28 242 42
192 1 7 682 1 4 1
193 0 7 686 6 18 9
194 1 2 690 3 25 4
195 0 1 693 1 10 1
196 1 1 696 1 9 1
197 1 6 699 1 9 1
198 0 3 703 2 17 3
199 1 4 707 15212 177371 22818
200 1 2 711 1534 16221 2301
201 0 7 714 6923667 52540810 10385500
202 0 2 718 58 523 87
203 1 1 721 1 9 1
204 0 1 723 14 116 21
205 0 1 726 12 99 18
206 1 4 728 1 9 1
207 1 15 732 1 4 1
208 1 1 737 1276 13382 1914
209 0 3 739 5 40 7
210 1 1 743 72 657 108
211 1 5 746 4 33 6
212 1 7 750 1 5 1
213 0 1 754 37 325 55
214 0 9 756 11 34 16
215 1 4 761 1 10 1
216 1 5 765 8 64 12
217 0 4 769 456 4560 684
218 1 22 773 1 3 1
219 1 2 778 1 9 1
220 1 4 781 2 17 3
221 0 4 785 284 2776 426
222 0 4 789 1 9 1
223 1 9 793 15 48 22
224 1 5 798 18 152 27
225 1 3 802 10 81 15
226 0 8 806 9 27 13
227 0 4 811 59 532 88
228 0 36 815 74 280 111
229 1 2 821 5 41 7
230 1 17 824 401 1747 601
231 0 6 829 4 33 6
232 0 1 833 1 9 1
233 0 1 836 1 9 1
234 0 7 838 4 12 6
235 1 1 843 71 647 106
236 1 13 846 449 1973 673
237 1 3 851 155 1470 232
238 0 1 855 12 99 18
239 1 7 857 1 4 1
240 1 3 861 1 9 1
241 1 8 865 1 5 1
242 1 1 870 1 8 1
243 1 1 872 87122 1087760 130683
244 1 1 875 341 3363 511
245 1 2 876 10 81 15
246 0 17 879 7 21 10
247 1 6 884 109623 681406 164434
248 1 15 888 7 21 10
249 1 8 893 1 3 1
250 0 11 898 9 27 13
251 0 1 903 11 90 16
252 0 5 906 2 17 3
253 1 5 910 1338 14062 2007
254 0 3 914 126 1183 189
255 1 2 918 13 107 19
256 1 3 921 4 33 6
257 1 3 925 90 830 135
258 1 2 929 6 48 9
259 1 7 932 1 5 1
260 1 1 937 5 40 7
261 1 1 939 3 25 4
262 1 5 942 2 17 3
263 1 6 946 85 782 127
264 0 15 950 266 1122 399
265 1 1 955 95 879 142
266 1 1 957 1724 18325 2586
267 0 220 960 1 3 1
268 0 1 967 5 40 7
269 0 3 970 453 4528 679
270 1 1 974 400 3975 600
271 1 4 976 7 56 10
272 0 6 980 1 12 1
273 0 2 984 1 9 1
274 0 3 987 7 56 10
275 0 6 991 345 3404 517
276 0 3 995 786 8062 1179
277 1 1 999 74 676 111
278 0 5 1001 2 17 3
279 0 6 1005 6 18 9
280 1 1 1009 48 428 72
281 0 1 1011 1 9 1
282 1 5 1012 1 13 1
283 0 13 1016 8 24 12
284 0 1 1021 333 3280 499
285 1 1 1022 4 33 6
286 1 4 1025 5833 65367 8749
287 0 1 1029 1 11 1
288 0 10 1031 50631 301767 75946
289 1 2 1036 7 56 10
290 1 1 1039 1 9 1
291 0 2 1041 75 685 112
292 0 21 1044 84 322 126
293 0 6 1049 1 10 1
294 0 2 1053 31 270 46
295 1 1 1056 9 73 13
296 0 10 1058 3 10 4
297 0 14 1063 27 93 40
298 0 1 1068 6 48 9
299 0 3 1070 1 9 1
300 1 79 1074 50 183 75
301 0 3 1080 1 9 1
302 0 1 1083 20 170 30
303 0 3 1085 6 48 9
304 0 25 1089 1 5 1
305 0 6 1094 2203 23673 3304
306 1 8 1098 10 31 15
307 1 1 1103 1 10 1
308 0 5 1105 4 33 6
309 1 7 1109 1 3 1
310 0 1 1114 2 17 3
311 0 7 1116 1 4 1
312 1 1 1121 1 9 1
313 1 2 1122 19 161 28
314 0 8 1125 1 4 1
315 1 1 1130 5 41 7
316 1 4 1132 1 11 1
317 0 1 1136 40 353 60
318 0 1 1138 1 9 1
319 0 2 1141 118 1104 177
320 0 3 1144 56 504 84
321 1 7 1148 1 3 1
322 0 3 1153 425 4235 637
323 0 5 1157 1 10 1
324 0 3 1161 378 3746 567
325 1 2 1165 1 12 1
326 1 1 1168 105 977 157
327 0 3 1170 29 252 43
328 1 3 1174 1 9 1
329 0 2 1178 2 17 3
330 0 3 1181 110 1025 165
331 1 16 1185 1 3 1
332 1 2 1190 1 11 1
333 0 1 1193 20 170 30
334 1 1 1195 18752 220503 28128
335 0 9 1198 1 4 1
336 1 4 1203 1 9 1
337 0 1 1207 26257 312934 39385
338 1 1 1210 1 8 1
339 1 2 1212 6 48 9
340 0 4 1215 29 251 43
341 1 1 1219 14 116 21
342 0 3 1221 9 73 13
343 0 6 1225 11 90 16
344 0 1 1229 94 869 141
345 1 10 1231 1 3 1
346 0 4 1236 10 81 15
347 0 18 1240 4 12 6
348 0 5 1245 1 10 1
349 0 1 1249 1 10 1
350 0 1 1251 4404 48768 6606
351 1 2 1254 1 8 1
352 1 1 1257 1 9 1
353 1 4 1260 1 9 1
354 0 1 1264 1 11 1
355 1 5 1266 3 25 4
356 0 3 1270 357 3528 535
357 0 1 1274 12 98 18
358 0 1 1276 444 4434 666
359 0 3 1278 1 9 1
360 0 4 1282 1 9 1
361 1 3 1286 1 9 1
362 1 3 1290 15 125 22
363 0 1 1294 2073 22216 3109
364 0 1 1296 1 10 1
365 0 2 1299 1 9 1
366 1 22 1302 14207 78697 21310
367 0 3 1307 269694 3511412 404541
368 0 1 1311 1 9 1
369 1 7 1314 18 59 27
370 1 13 1319 45 163 67
371 1 1 1324 5349 59724 8023
372 0 4 1327 1 11 1
373 0 3 1331 115 1075 172
374 0 1 1335 1 12 1
375 1 3 1337 1524 16111 2286
376 1 1 1341 68 618 102
377 1 1 1343 4 33 6
378 0 2 1346 22 188 33
379 1 3 1349 1 12 1
380 0 2 1353 130683 1656704 196024
381 0 3 1356 96 889 144
382 1 6 1360 20 170 30
383 1 1 1364 208 2002 312
384 0 2 1367 1 10 1
385 0 6 1370 933 9646 1399
386 0 1 1374 24 206 36
387 0 2 1376 1148 11982 1722
388 1 7 1379 563 2516 844
389 0 1 1383 12 98 18
390 1 3 1386 1 9 1
391 0 16 1390 1 5 1
392 1 2 1395 380 3767 570
393 0 7 1398 1 4 1
394 0 1 1403 1 10 1
395 1 3 1404 286 2796 429
396 0 4 1408 6 48 9
397 1 2 1412 1 11 1
398 0 3 1415 82 753 123
399 0 7 1419 1 4 1
400 1 4 1423 1307 13721 1960
401 0 15 1427 1 5 1
402 0 3 1432 219 2113 328
403 0 7 1436 1 4 1
404 1 10 1440 21 70 31
405 0 2 1445 691 7046 1036
406 1 10 1448 25 85 37
407 1 3 1453 16 134 24
408 1 5 1457 1 10 1
409 1 2 1461 7 56 10
410 1 6 1464 2 17 3
411 1 2 1468 2 17 3
412 0 2 1471 4022 44365 6033
413 0 7 1474 5376 28049 8064
414 0 2 1479 3 25 4
415 0 5 1482 600 6078 900
416 1 2 1486 14293 166234 21439
417 1 27 1489 2 7 3
418 1 2 1495 35 307 52
419 0 4 1498 25 215 37
420 1 1 1502 199 1911 298
421 1 2 1504 1 10 1
422 0 9 1507 77 293 115
423 0 4 1512 16 134 24
424 0 11 1516 15 48 22
425 0 10 1521 1055 4935 1582
426 1 22 1526 3 10 4
427 1 1 1531 6480 72940 9720
428 0 1 1533 16 134 24
429 0 6 1536 1 9 1
430 0 5 1540 14 116 21
431 1 3 1544 1 9 1
432 0 2 1548 41 362 61
433 0 3 1551 1 9 1
434 0 3 1555 1 9 1
435 0 2 1559 8 64 12
436 0 20 1562 20 67 30
437 1 3 1567 1595 16895 2392
438 1 1 1571 7 56 10
439 1 2 1573 9 72 13
440 0 2 1576 2 17 3
441 0 1 1579 2 17 3
442 0 1 1581 1 9 1
443 1 5 1584 1 8 1
444 0 2 1588 35 307 52
445 1 12 1591 1 3 1
446 0 4 1596 16 134 24
447 0 4 1600 1 9 1
448 0 2 1604 1 10 1
449 0 3 1607 1 10 1
450 0 34 1611 43 155 64
451 0 4 1617 1 10 1
452 0 7 1621 54 199 81
453 0 5 1626 4162 45977 6243
454 0 5 1630 1 11 1
455 1 3 1634 1220 12768 1830
456 0 1 1638 1 10 1
457 0 2 1640 30 261 45
458 1 20 1643 2 7 3
459 0 2 1648 1 10 1
460 0 2 1651 3 25 4
461 1 5 1654 1 8 1
462 0 6 1658 1 14 1
463 1 6 1662 1 11 1
464 1 3 1666 2 17 3
465 1 1 1670 2 17 3
466 1 6 1673 1 10 1
467 1 4 1677 77 705 115
468 0 3 1681 50 447 75
469 1 3 1685 927 9581 1390
470 1 12 1689 347 1495 520
471 1 2 1694 120 1124 180
472 0 2 1697 34 298 51
473 0 2 1700 916 9462 1374
474 0 4 1703 168209 2152517 252313
475 0 2 1707 1 11 1
476 1 3 1710 1 11 1
477 1 3 1714 8 64 12
478 0 1 1718 8 64 12
479 0 4 1720 55 495 82
480 0 3 1724 1 9 1
481 1 4 1728 79 724 118
482 0 2 1732 1 11 1
483 0 3 1735 299 2930 448
484 1 2 1739 230 2225 345
485 0 1 1742 7 56 10
486 1 1 1744 1 9 1
487 0 1 1746 1 9 1
488 1 1 1749 1759 18714 2638
489 1 1 1752 2 17 3
490 1 4 1753 15 125 22
491 1 2 1757 5385 60143 8077
492 0 2 1760 232 2245 348
493 0 1 1763 3 25 4
494 0 1 1766 15413 179810 23119
495 1 3 1768 52157 638548 78235
496 0 2 1771 428 4267 642
497 1 19 1774 11 34 16
498 0 1 1779 9 73 13
499 1 5 1781 3 25 4
500 0 1 1785 137 1292 205
501 1 7 1787 15071 83777 22606
502 1 4 1792 6 48 9
503 0 5 1796 3 25 4
504 0 2 1800 3 25 4
505 0 5 1803 1 8 1
506 0 1 1807 1 10 1
507 0 46 1809 13 41 19
508 0 5 1815 2 17 3
509 0 2 1819 46631 568423 69946
510 1 3 1822 99 918 148
511 0 5 1826 1423 14996 2134
512 1 2 1830 1 12 1
513 0 7 1833 1 3 1
514 1 2 1837 1 9 1
515 0 4 1840 92 850 138
516 1 2 1844 303 2971 454
517 0 5 1847 101 937 151
518 0 2 1851 1 9 1
519 0 1 1854 1 9 1
520 1 1 1857 5 41 7
521 0 2 1859 682 6950 1023
522 1 21 1862 274 1159 411
523 0 25 1867 1 4 1
524 0 7 1872 1 4 1
525 0 3 1876 2972 32357 4458
526 0 16 1880 236 986 354
527 1 15 1885 19 63 28
528 0 6 1890 9911 113553 14866
529 1 9 1894 10 31 15
530 1 2 1899 11614 133936 17421
531 0 2 1902 24 206 36
532 1 1 1905 5 41 7
533 1 32 1908 1 5 1
534 0 3 1914 4671 51854 7006
535 1 1 1918 6 48 9
536 1 2 1921 16 134 24
537 1 3 1924 4 33 6
538 0 1 1928 133 1252 199
539 0 1 1930 38 334 57
540 1 2 1933 196838 2533508 295257
541 1 5 1936 248 2408 372
542 0 1 1940 1 9 1
543 0 6 1942 1 9 1
544 0 1 1946 27 233 40
545 0 2 1948 4 33 6
546 1 2 1951 1 10 1
547 1 1 1954 567 5728 850
548 1 3 1957 3 25 4
549 0 2 1961 4 33 6
550 0 2 1964 498 5001 747
551 0 9 1967 1420 6782 2130
552 1 1 1972 13315 154413 19972
553 1 1 1974 2 17 3
554 1 1 1976 3204 34997 4806
555 1 1 1978 131 1232 196
556 0 2 1981 1 14 1
557 0 12 1984 1 4 1
558 0 2 1989 91 840 136
559 1 8 1992 29 100 43
560 1 17 1997 6 18 9
561 1 3 2002 268 2612 402
562 1 2 2006 11 90 16
563 1 1 2009 9 73 13
564 0 5 2012 9 73 13
565 0 1 2016 1 11 1
566 0 7 2018 1 3 1
567 0 7 2023 1 4 1
568 1 8 2027 19 63 28
569 1 4 2032 60 542 90
570 1 2 2036 1 10 1
571 0 8 2039 262 1104 393
572 0 3 2044 1 9 1
573 0 38 2048 1 3 1
574 1 2 2054 64 580 96
575 1 12 2057 65504 395998 98256
576 0 4 2062 47 419 70
577 0 4 2066 1 9 1
578 1 2 2070 1 9 1
579 0 7 2073 20 67 30
580 1 2 2077 13 107 19
581 1 2 2080 128 1202 192
582 1 6 2083 131 1232 196
583 0 13 2087 757 3458 1135
584 0 4 2092 1 10 1
585 1 2 2096 153 1450 229
586 0 7 2099 251 1054 376
587 0 2 2103 1 9 1
588 1 3 2106 1 9 1
589 0 6 2110 2725 29556 4087
590 1 5 2114 1 9 1
591 1 11 2118 1163 5478 1744
592 0 3 2123 97 898 145
593 1 3 2127 6 48 9
594 0 17 2131 3238 16350 4857
595 0 2 2136 9 73 13
596 1 7 2139 21 70 31
597 1 7 2143 52818 315541 79227
598 0 6 2148 2 7 3
599 0 2 2152 3 25 4
600 0 2 2155 109 1015 163
601 1 1 2158 1 11 1
602 1 1 2161 14 116 21
603 1 2 2164 3 25 4
604 1 2 2167 122 1144 183
605 1 1 2170 578 5844 867
606 0 5 2173 17 143 25
607 0 18 2177 1 3 1
608 0 10 2182 62 231 93
609 1 1 2187 28 242 42
610 0 3 2190 1 10 1
611 0 3 2193 46 409 69
612 0 5 2197 1 10 1
613 1 3 2201 69 628 103
614 1 3 2205 827 8503 1240
615 1 1 2209 228 2205 342
616 0 7 2211 5438 28393 8157
617 0 2 2215 3 25 4
618 0 4 2218 11 90 16
619 1 2 2222 9 73 13
620 1 1 2225 7 56 10
621 1 3 2227 4 33 6
622 0 6 2231 40 353 60
623 0 5 2235 69 628 103
624 1 11 2239 1 4 1
625 1 1 2244 33 288 49
626 1 5 2247 11 90 16
627 0 1 2251 6334 71229 9501
628 0 1 2253 981 10166 1471
629 1 3 2256 63 570 94
630 1 1 2260 2 17 3
631 1 1 2263 18 152 27
632 0 3 2265 124 1163 186
633 0 2 2269 1 10 1
634 1 1 2272 1 10 1
635 0 4 2274 1 9 1
636 1 3 2278 1 9 1
637 1 2 2281 1 9 1
638 1 1 2284 90 830 135
639 0 3 2286 12 99 18
640 1 2 2290 43 381 64
641 1 19 2293 29 100 43
642 0 2 2298 1 9 1
643 1 2 2301 36 316 54
644 0 3 2304 1071 11143 1606
645 1 26 2308 1 4 1
646 0 4 2313 25 215 37
647 1 12 2317 368 1593 552
648 0 8 2322 1 4 1
649 0 3 2327 1399 14732 2098
650 1 2 2331 26 224 39
651 1 1 2334 1 10 1
652 1 1 2335 64 580 96
653 1 2 2337 1 8 1
654 1 3 2340 3 25 4
655 0 2 2344 1 10 1
656 0 2 2347 3336 36503 5004
657 1 1 2350 1 12 1
658 1 4 2353 38 334 57
659 1 3 2357 2565 27747 3847
660 0 6 2361 3 9 4
661 0 2 2365 52679 645187 79018
662 0 1 2368 136572 1734208 204858
663 1 2 2371 145 1371 217
664 1 1 2374 3 25 4
665 0 8 2376 1 3 1
666 1 11 2381 18 59 27
667 1 9 2386 1 3 1
668 1 16 2391 985 4585 1477
669 1 1 2396 449 4487 673
670 0 6 2399 2 7 3
671 0 5 2403 169 1610 253
672 0 3 2407 6 48 9
673 0 1 2411 57 513 85
674 1 2 2413 1 9 1
675 0 1 2416 1 9 1
676 1 2 2417 295 2889 442
677 0 5 2420 2 17 3
678 1 10 2424 4 12 6
679 0 34 2429 1 3 1
680 0 4 2435 307 3012 460
681 1 2 2439 43 381 64
682 1 1 2442 483 4843 724
683 0 2 2444 1 9 1
684 0 2 2447 1 10 1
685 1 3 2450 27 233 40
686 0 2 2454 1526 16133 2289
687 0 3 2457 1 9 1
688 1 3 2461 1 11 1
689 0 6 2465 192 1841 288
690 0 1 2469 1851 19738 2776
691 1 3 2472 1 10 1
692 0 1 2476 52 466 78
693 0 7 2478 19 63 28
694 0 1 2482 1 10 1
695 0 2 2484 94 869 141
696 0 2 2487 1 10 1
697 0 3 2490 28889 345609 43333
698 1 6 2494 269 2622 403
699 0 6 2498 6 48 9
700 1 1 2502 244 2367 366
701 0 5 2504 608 6163 912
702 1 4 2508 1 10 1
703 0 2 2512 11231 129341 16846
704 1 1 2515 3343 36583 5014
705 1 1 2517 362 3580 543
706 0 13 2520 1 4 1
707 1 5 2525 112 1045 168
708 1 2 2529 39 344 58
709 1 2 2532 6960 78579 10440
710 0 2 2535 1 9 1
711 0 3 2538 33 288 49
712 0 1 2542 11 90 16
713 1 1 2544 3 25 4
714 1 2 2547 13353 154872 20029
715 0 2 2550 48 428 72
716 1 1 2553 907 9365 1360
717 1 1 2555 1 10 1
718 1 3 2558 3 25 4
719 1 3 2562 1 10 1
720 0 16 2566 1 4 1
721 1 10 2571 6 18 9
722 0 1 2576 49 438 73
723 1 2 2578 1 9 1
724 0 1 2581 845 8697 1267
725 1 26 2584 6 18 9
726 1 25 2589 332526 2189130 498789
727 1 14 2594 18 59 27
728 1 3 2599 1 11 1
729 1 1 2603 1 8 1
730 1 1 2605 22 188 33
731 1 2 2607 1 10 1
732 0 1 2610 1 9 1
733 0 1 2612 1 9 1
734 0 3 2614 242 2347 363
735 0 6 2618 119 1114 178
736 1 4 2622 45606 555449 68409
737 1 5 2626 84 772 126
738 0 26 2630 979 4555 1468
739 1 1 2635 1066 11088 1599
740 0 2 2638 39 344 58
741 1 1 2641 2 17 3
742 1 1 2643 242 2347 363
743 1 9 2646 1 5 1
744 0 13 2651 5 15 7
745 1 1 2656 1 10 1
746 1 5 2659 96 889 144
747 1 2 2663 39928 483784 59892
748 1 7 2666 1 4 1
749 1 5 2671 33 288 49
750 0 3 2675 11 90 16
751 0 2 2679 50 447 75
752 1 2 2682 1 9 1
753 1 8 2685 327 1402 490
754 1 9 2690 34 120 51
755 1 2 2695 1 9 1
756 1 2 2698 1 9 1
757 1 1 2701 1 11 1
758 0 2 2703 1 9 1
759 0 1 2706 80 733 120
760 1 5 2709 627 6365 940
761 0 2 2713 1 9 1
762 0 1 2716 6089 68360 9133
763 1 5 2719 4140 45723 6210
764 0 4 2723 182 1740 273
765 1 2 2727 2652 28730 3978
766 1 4 2730 1194 12484 1791
767 0 2 2734 2420 26112 3630
768 1 1 2737 126 1183 189
769 1 3 2739 1 9 1
770 0 1 2743 1 10 1
771 1 3 2746 251 2439 376
772 1 3 2750 35 307 52
773 1 2 2754 1 9 1
774 1 15 2757 2294 11322 3441
775 1 1 2762 4 33 6
776 0 11 2765 1 4 1
777 1 5 2770 10 81 15
778 1 1 2774 1451 15305 2176
779 1 12 2776 226 941 339
780 0 2 2781 14832 172763 22248
781 1 5 2784 7 56 10
782 0 1 2788 1 9 1
783 0 10 2791 1 4 1
784 1 2 2796 11 90 16
785 1 1 2799 1 10 1
786 0 2 2802 10 81 15
787 1 12 2805 1 3 1
788 1 1 2810 15 125 22
789 0 2 2812 1 8 1
790 0 6 2815 51 457 76
791 1 2 2819 1 9 1
792 0 6 2822 1 9 1
793 1 2 2826 1 9 1
794 1 2 2829 18 152 27
795 0 2 2832 17 143 25
796 1 1 2835 1 10 1
797 1 2 2836 1 10 1
798 0 1 2839 2 17 3
799 1 7 2840 96 372 144
800 0 2 2844 292 2858 438
801 1 3 2847 1 9 1
802 0 1 2851 182 1741 273
803 0 2 2853 9 72 13
804 0 3 2856 302 2961 453
805 1 35 2860 3 9 4
806 0 1 2866 1 9 1
807 1 1 2869 2 17 3
808 0 6 2872 2 6 3
809 0 2 2876 24 206 36
810 1 3 2879 1 11 1
811 1 2 2883 1 10 1
812 0 1 2886 15 125 22
813 0 2 2889 3 25 4
814 0 11 2892 122 483 183
815 1 2 2897 4 33 6
816 0 2 2900 531 5348 796
817 1 5 2903 1 9 1
818 1 5 2907 1 11 1
819 0 4 2911 3 25 4
820 0 7 2915 36 128 54
821 0 7 2919 40 143 60
822 1 1 2923 19 161 28
823 1 1 2925 2 17 3
824 1 5 2927 40 353 60
825 0 16 2931 1350 6425 2025
826 0 1 2936 1 9 1
827 1 2 2938 1 11 1
828 1 1 2941 1 9 1
829 1 1 2943 1 9 1
830 0 1 2946 21 179 31
831 1 13 2949 22 74 33
832 1 8 2954 554 2473 831
833 0 2 2959 4 33 6
834 0 2 2962 1 9 1
835 1 4 2965 1 10 1
836 1 2 2969 1 9 1
837 1 1 2972 745 7623 1117
838 0 1 2974 41 363 61
839 1 1 2976 59 532 88
840 1 16 2978 1 4 1
841 1 36 2983 1 4 1
842 1 4 2989 223 2154 334
843 0 2 2993 14 116 21
844 0 20 2996 12 38 18
845 0 7 3001 23 78 34
846 0 2 3005 1 8 1
847 0 7 3008 2 7 3
848 0 1 3013 1 9 1
849 0 6 3016 7 56 10
850 0 3 3020 1 10 1
851 1 6 3024 2 7 3
852 0 1 3028 1 9 1
853 1 26 3031 1 4 1
854 1 2 3036 7 56 10
855 0 3 3039 163 1550 244
856 1 2 3043 954 9873 1431
857 0 1 3046 281 2745 421
858 0 3 3049 1545 16342 2317
859 1 2 3053 65 590 97
860 0 2 3056 1 9 1
861 0 3 3059 13667 158664 20500
862 1 4 3063 2 17 3
863 0 11 3067 62026 373851 93039
864 1 2 3072 18 152 27
865 1 11 3075 1 5 1
866 0 11 3080 1 4 1
867 0 28 3085 1 4 1
868 0 2 3091 1 12 1
869 1 2 3094 1 9 1
870 1 4 3097 54 485 81
871 0 1 3101 3 25 4
872 0 2 3103 1 10 1
873 1 1 3106 1 10 1
874 0 11 3108 3 9 4
875 0 1 3113 1 8 1
876 1 3 3115 405 4027 607
877 1 1 3119 72 657 108
878 1 8 3121 1 4 1
879 0 1 3126 1 9 1
880 1 4 3128 6 48 9
881 1 7 3132 74 280 111
882 1 1 3136 1 9 1
883 0 10 3138 1 3 1
884 1 1 3143 79 724 118
885 0 4 3146 235 2276 352
886 0 4 3150 1026 10654 1539
887 1 14 3154 3 10 4
888 1 1 3159 2 17 3
889 0 2 3162 1 8 1
890 0 2 3165 1 10 1
891 0 5 3168 1 10 1
892 0 7 3172 32 112 48
893 0 2 3176 1 9 1
894 0 6 3179 15 125 22
895 0 39 3183 1 4 1
896 1 1 3189 109784 1382713 164676
897 0 4 3192 1 9 1
898 0 4 3196 1 9 1
899 1 2 3200 7 56 10
900 0 2 3203 112173 1413944 168259
901 1 4 3206 295 2889 442
902 0 1 3210 9 72 13
903 0 2 3212 65 589 97
904 0 6 3215 22 188 33
905 0 2 3219 1 8 1
906 0 3 3222 1 10 1
907 1 2 3226 565 5707 847
908 0 1 3229 11075 127471 16612
909 0 3 3231 13 107 19
910 0 1 3235 10 81 15
911 0 1 3236 23 197 34
912 1 2 3238 26 224 39
913 0 2 3241 1 11 1
914 1 9 3244 85 326 127
915 1 7 3249 427 1869 640
916 0 11 3254 61 227 91
917 0 7 3259 3 9 4
918 1 35 3263 5 15 7
919 0 4 3269 3 25 4
920 1 3 3273 1 11 1
921 1 2 3277 5 40 7
922 0 2 3280 23 197 34
923 0 2 3283 66 599 99
924 0 5 3286 10 81 15
925 1 2 3290 29 251 43
926 0 2 3293 35163 423935 52744
927 0 2 3296 9337 106713 14005
928 1 8 3299 1 5 1
929 0 2 3304 2 17 3
930 1 2 3307 1 9 1
931 0 15 3310 15 48 22
932 0 2 3315 1 8 1
933 0 2 3318 18 152 27
934 0 2 3321 5535 61890 8302
935 1 4 3324 12 99 18
936 1 3 3328 2 17 3
937 0 7 3332 2 7 3
938 1 7 3337 22726 129422 34089
939 0 3 3341 22 188 33
940 0 2 3345 1 10 1
941 0 7 3348 12372 67966 18558
942 1 1 3353 53 475 79
943 1 3 3356 13130 152181 19695
944 1 2 3360 124 1163 186
945 1 3 3363 1 9 1
946 1 12 3367 7 21 10
947 0 1 3372 1 9 1
948 0 5 3375 381 3777 571
949 1 3 3379 1 8 1
950 1 2 3383 1630 17283 2445
951 1 7 3386 2 7 3
952 0 5 3391 2 17 3
953 1 6 3395 42 372 63
954 1 1 3399 124 1163 186
955 0 2 3402 1 9 1
956 1 2 3405 1 11 1
957 0 3 3408 153 1450 229
958 0 2 3412 1 10 1
959 1 2 3415 73 666 109
960 1 1 3418 1 10 1
961 0 6 3420 1588 16818 2382
962 0 2 3424 7 56 10
963 0 5 3427 2 17 3
964 1 1 3431 250 2428 375
965 0 11 3433 1 5 1
966 1 12 3438 5239 27289 7858
967 1 1 3443 1777 18914 2665
968 1 3 3445 12325 142481 18487
969 1 7 3449 330 1416 495
970 1 3 3454 1 9 1
971 0 2 3457 5 41 7
972 1 26 3460 42 151 63
973 1 7 3465 23 78 34
974 1 12 3469 1 3 1
975 0 1 3474 356364 4686828 534546
976 1 9 3477 963 4476 1444
977 1 2 3482 1 9 1
978 1 2 3485 12 98 18
979 0 1 3488 7 56 10
980 0 5 3490 1 9 1
981 1 1 3494 30 261 45
982 1 2 3497 3264 35681 4896
983 0 8 3500 1 5 1
984 1 3 3505 1 9 1
985 0 5 3509 3 25 4
986 1 2 3513 101 937 151
987 1 16 3516 1135 5337 1702
988 1 6 3521 235 2276 352
989 0 1 3525 35 307 52
990 1 1 3528 1 11 1
991 0 4 3531 1 9 1
992 1 2 3535 25 215 37
993 0 2 3538 1 9 1
994 0 2 3541 1 9 1
995 1 2 3544 1 13 1
996 1 2 3547 2 17 3
997 0 2 3550 1 10 1
998 0 1 3553 11 90 16
999 1 5 3556 1 9 1
1000 1 5 3560 1 9 1
1001 1 2 3564 1 9 1
1002 0 1 3567 17 143 25
1003 1 8 3570 1 4 1
1004 0 1 3575 1 10 1
1005 0 3 3578 162 1540 243
1006 0 12 3582 105 410 157
1007 0 3 3587 6683 75323 10024
1008 1 2 3590 1 10 1
1009 1 2 3593 2 17 3
1010 0 2 3596 109 1015 163
1011 0 3 3599 4 33 6
1012 1 4 3603 5 40 7
1013 0 7 3607 6 18 9
