0 1 1 5 17 143 25
1 1 2 9 10 81 15
2 1 6 15 1 3 1
3 0 6 24 1 3 1
4 0 2 33 27 233 40
5 1 1 40 464 4643 696
6 0 5 45 1 5 1
7 1 2 53 31 270 46
8 1 6 60 1 3 1
9 1 6 69 1 3 1
10 1 2 78 24 206 36
11 0 1 84 535 5390 802
12 0 2 88 2 17 3
13 0 1 95 20 170 30
14 1 9 100 79 301 118
15 1 1 109 483 4843 724
16 0 2 115 2 17 3
17 0 1 121 1 11 1
18 0 1 126 3 25 4
19 0 10 131 3 10 4
20 1 3 141 1 4 1
21 0 6 148 1 4 1
22 1 7 157 5 15 7
23 0 8 166 15352 85433 23028
24 1 1 175 27 233 40
25 0 1 180 3 25 4
26 1 5 182 26 89 39
27 0 4 190 18 59 27
28 0 3 198 7 21 10
29 1 2 205 34 298 51
30 1 2 211 194 1861 291
31 0 1 218 1 9 1
32 1 1 220 1 9 1
33 0 6 225 1 4 1
34 1 1 234 105 976 157
35 0 1 239 1 9 1
36 1 3 245 1 5 1
37 1 1 252 73 666 109
38 0 1 255 20 170 30
39 1 5 261 1 4 1
40 0 4 269 217 901 325
41 1 6 277 4 12 6
42 0 1 286 1 10 1
43 0 6 291 112 440 168
44 0 5 300 1 4 1
45 1 2 308 2 17 3
46 0 2 315 4 33 6
47 1 6 322 327 1402 490
48 1 1 331 962 9960 1443
49 0 3 335 1 4 1
50 1 5 343 85 326 127
51 1 2 351 7 56 10
52 0 7 358 1 5 1
53 1 4 367 1 4 1
54 0 1 375 1 9 1
55 1 4 378 1 4 1
56 0 10 386 1 3 1
57 1 1 395 4 33 6
58 1 3 399 2 6 3
59 0 1 407 1 11 1
60 1 2 412 1 9 1
61 0 4 418 4090 20969 6135
62 1 1 426 1 10 1
63 0 3 430 29694 171733 44541
64 1 5 437 1 3 1
65 0 4 445 38 135 57
66 0 4 453 1 4 1
67 0 5 461 1 3 1
68 1 12 469 2 7 3
69 0 3 479 6 18 9
70 1 3 487 1 3 1
71 0 5 494 42 151 63
72 0 30 502 84 322 126
73 0 5 513 1 4 1
74 1 4 521 1 3 1
75 0 2 529 221 2134 331
76 1 3 535 68 256 102
77 1 2 543 134 1262 201
78 0 8 550 7945 42480 11917
79 1 1 559 4 33 6
80 0 1 565 2397 25853 3595
81 1 16 569 3692 18803 5538
82 0 1 579 4 33 6
83 1 1 583 4 33 6
84 1 6 586 1 5 1
85 0 4 595 118 466 177
86 0 34 603 1 5 1
87 0 4 614 1 4 1
88 0 23 622 19 63 28
89 0 3 633 7 21 10
90 1 7 640 447 1964 670
91 0 1 649 12 99 18
92 1 2 654 5 41 7
93 0 7 660 10 31 15
94 0 1 669 2521 27251 3781
95 0 4 672 16 52 24
96 1 6 680 94 364 141
97 0 1 689 1 9 1
98 0 5 691 120 474 180
99 1 1 699 1 10 1
100 0 2 704 85 782 127
101 1 1 710 44 391 66
102 1 2 715 3 25 4
103 1 3 721 155 626 232
104 0 2 728 1 9 1
105 0 2 735 1 10 1
106 0 9 742 2 6 3
107 0 7 751 8 24 12
108 1 1 760 1 9 1
109 1 2 763 1 10 1
110 0 4 769 200 825 300
111 0 3 777 880 9074 1320
112 0 4 784 17 56 25
113 1 4 792 1 4 1
114 1 1 800 1 10 1
115 1 3 803 4 33 6
116 0 1 810 2 17 3
117 1 2 815 1 9 1
118 1 10 822 461 2030 691
119 0 1 832 1 9 1
120 1 1 838 184 1761 276
121 0 3 844 120 1124 180
122 0 1 851 2966 32289 4449
123 1 6 856 332833 2191252 499249
124 1 2 865 2316 24942 3474
125 1 5 872 9 27 13
126 0 1 880 410 4079 615
127 0 2 885 446 4455 669
128 0 4 891 5 15 7
129 0 1 899 88 811 132
130 0 1 904 2 17 3
131 1 7 908 89 343 133
132 0 4 917 471 2077 706
133 1 5 925 1 3 1
134 0 27 933 1 3 1
135 0 3 944 1 11 1
136 0 4 951 754 3443 1131
137 1 5 959 13 41 19
138 0 2 967 371 3673 556
139 0 2 973 51 457 76
140 0 1 979 1 13 1
141 0 1 985 640 6503 960
142 0 2 989 95 879 142
143 1 7 996 85 326 127
144 0 2 1005 1 10 1
145 0 1 1011 1 9 1
146 0 9 1014 1 3 1
147 1 3 1023 241 1009 361
148 0 4 1030 1 3 1
149 1 9 1038 1 4 1
150 1 1 1047 7686 87136 11529
151 1 4 1052 51 187 76
152 0 1 1060 6 48 9
153 0 2 1066 17 143 25
154 1 3 1072 2 17 3
155 0 2 1079 6 48 9
156 0 1 1086 1 9 1
157 0 3 1091 5 40 7
158 1 12 1098 1 5 1
159 0 1 1108 16 134 24
160 1 1 1114 1 10 1
161 1 7 1119 1 3 1
162 0 2 1128 10 81 15
163 1 2 1134 1 9 1
164 1 3 1140 824 3787 1236
165 0 1 1148 2 17 3
166 1 5 1152 1 4 1
167 0 1 1161 4 33 6
168 0 1 1166 1 9 1
169 0 4 1171 1 4 1
170 0 3 1179 1 4 1
171 0 5 1187 49 179 73
172 0 1 1195 21 179 31
173 1 3 1200 461 4612 691
174 0 1 1207 5 40 7
175 1 2 1212 2 17 3
176 0 3 1218 1 6 1
177 1 3 1226 4 33 6
178 0 1 1233 43004 522564 64506
179 1 1 1239 2 17 3
180 0 6 1245 1 4 1
181 0 4 1254 8 24 12
182 1 5 1262 443 1945 664
183 1 1 1270 17 143 25
184 1 5 1275 1 5 1
185 1 7 1283 2 7 3
186 0 6 1292 173 705 259
187 1 33 1301 8 24 12
188 1 2 1312 40 353 60
189 1 2 1318 5 40 7
190 0 4 1325 47 171 70
191 1 1 1333 3 25 4
192 0 24 1336 1 4 1
193 1 3 1347 1 3 1
194 1 11 1355 1 3 1
195 1 3 1365 1109 5206 1663
196 0 5 1372 3202 16157 4803
197 0 3 1380 1 11 1
198 1 16 1387 1 5 1
199 0 6 1397 1 3 1
200 1 6 1406 1 4 1
201 1 4 1415 1211 5720 1816
202 1 2 1423 4 33 6
203 1 14 1430 1005 4685 1507
204 1 1 1440 4 33 6
205 0 4 1445 2 7 3
206 0 11 1453 1 4 1
207 0 3 1463 1 3 1
208 1 4 1471 162 657 243
209 0 6 1479 1 4 1
210 1 7 1488 1 4 1
211 0 2 1497 10 81 15
212 0 2 1503 16 134 24
213 0 1 1510 174 1660 261
214 0 3 1515 15 48 22
215 1 20 1523 1 3 1
216 1 3 1534 121 479 181
217 0 3 1542 6 18 9
218 1 2 1549 7040 79520 10560
219 0 3 1555 86 330 129
220 0 8 1562 3 10 4
221 1 3 1571 77 704 115
222 1 1 1578 24 206 36
223 0 2 1583 25 215 37
224 0 5 1590 1 4 1
225 1 3 1599 101 394 151
226 0 1 1607 128 1203 192
227 1 3 1611 3847 42353 5770
228 1 1 1618 190049 2442971 285073
229 0 3 1621 1 3 1
230 1 1 1629 8 64 12
231 0 5 1634 29 100 43
232 1 6 1642 1 4 1
233 1 4 1651 658 2975 987
234 1 4 1659 1 4 1
235 0 1 1667 1 10 1
236 0 2 1672 14 116 21
237 0 4 1679 404 1761 606
238 1 5 1687 1068 5000 1602
239 1 3 1695 93 360 139
240 1 4 1703 1 4 1
241 1 2 1711 1 11 1
242 1 3 1717 23258 132629 34887
243 1 1 1724 431 4298 646
244 1 4 1729 22 74 33
245 0 13 1737 6506 34356 9759
246 0 7 1747 3005 15099 4507
247 0 4 1756 12 38 18
248 1 2 1764 1 11 1
249 0 6 1770 43 155 64
250 0 13 1779 1 4 1
251 0 2 1789 780 7998 1170
252 1 11 1796 4 12 6
253 0 61 1806 104 406 156
254 1 2 1818 1 10 1
255 1 1 1825 1 9 1
256 0 2 1829 1 9 1
257 1 13 1836 1 3 1
258 1 32 1846 1 3 1
259 1 2 1857 124 1163 186
260 1 1 1863 1 9 1
261 1 3 1867 10 31 15
262 0 2 1874 29 251 43
263 1 2 1880 1 10 1
264 0 4 1887 16 52 24
265 0 1 1895 17 143 25
266 0 1 1900 192 1841 288
267 0 1 1905 1 10 1
268 0 5 1910 1684 8139 2526
269 1 16 1919 35 124 52
270 1 6 1929 26 89 39
271 0 2 1938 944 9765 1416
272 0 2 1944 5 40 7
273 1 2 1951 2 17 3
274 0 2 1957 7 56 10
275 1 3 1964 1 4 1
276 1 2 1971 1 9 1
277 1 1 1978 3 25 4
278 1 5 1981 1 5 1
279 1 2 1989 1 11 1
280 1 4 1995 25 85 37
281 0 4 2003 4880 25305 7320
282 1 2 2011 77 705 115
283 1 1 2018 3 25 4
284 1 1 2023 132 1242 198
285 0 2 2029 253 2459 379
286 0 8 2035 1 4 1
287 0 1 2044 1 8 1
288 1 3 2048 9 27 13
289 0 4 2056 5 15 7
290 1 2 2064 7 56 10
291 0 2 2071 1 9 1
292 0 6 2078 1 4 1
293 0 1 2087 3 25 4
294 0 3 2091 2 17 3
295 0 2 2098 2614 28301 3921
296 0 1 2104 1 9 1
297 0 3 2110 1 9 1
298 0 5 2117 1 5 1
299 1 2 2125 9 73 13
300 1 4 2132 623 2805 934
301 0 2 2140 1 11 1
302 0 1 2146 1 10 1
303 1 7 2149 1 4 1
304 1 4 2158 1 4 1
305 0 1 2166 1 10 1
306 1 13 2170 18 59 27
307 1 9 2180 935 4336 1402
308 1 5 2189 1 3 1
309 0 4 2198 687 3116 1030
310 1 7 2206 23 78 34
311 1 6 2215 5 15 7
312 1 18 2224 1 5 1
313 1 9 2234 39 139 58
314 1 6 2243 485 2143 727
315 1 1 2252 24 206 36
316 0 10 2258 2 6 3
317 0 3 2268 1 9 1
318 1 2 2275 1418 14942 2127
319 0 6 2282 1 5 1
320 1 1 2291 31 270 46
321 0 1 2296 12682 146780 19023
322 0 2 2301 1 9 1
323 0 5 2307 7 21 10
324 1 1 2316 1 13 1
325 0 2 2322 2 17 3
326 1 2 2329 65 589 97
327 1 1 2336 4 33 6
328 0 4 2341 2 7 3
329 1 18 2349 1 5 1
330 1 3 2359 714 7291 1071
331 0 9 2366 30 104 45
332 0 10 2375 49 179 73
333 1 4 2385 327 1402 490
334 1 3 2393 3 10 4
335 1 3 2401 25 85 37
336 1 1 2409 679 6918 1018
337 1 1 2413 3 25 4
338 0 1 2418 1 8 1
339 0 1 2422 816 8385 1224
340 0 2 2425 1 9 1
341 1 2 2432 321 3156 481
342 0 1 2438 152 1440 228
343 1 4 2442 5 15 7
344 1 74 2450 1 3 1
345 1 17 2462 59 219 88
346 1 6 2472 5 15 7
347 0 19 2481 376 1630 564
348 1 1 2492 1 9 1
349 0 8 2495 1229 5811 1843
350 1 2 2504 134 1262 201
351 1 1 2510 331 3259 496
352 0 6 2516 563 2516 844
353 1 4 2525 1 4 1
354 1 1 2533 43213 525203 64819
355 1 9 2538 28 97 42
356 1 7 2547 4148 21286 6222
357 0 17 2556 15 48 22
358 1 3 2566 1 9 1
359 0 19 2573 1 7 1
360 0 4 2584 12656 69621 18984
361 0 1 2592 12 99 18
362 0 9 2594 20 67 30
363 0 3 2603 148 595 222
364 0 3 2611 46 167 69
365 0 1 2619 172 1640 258
366 1 6 2625 1 4 1
367 0 6 2634 4 12 6
368 0 1 2643 7 56 10
369 1 1 2649 33 288 49
370 0 4 2653 3 9 4
371 0 3 2661 1 9 1
372 0 2 2668 1 10 1
373 1 4 2675 1 4 1
374 0 1 2683 1 9 1
375 0 56 2688 14246 78926 21369
376 1 4 2700 330 1416 495
377 0 4 2708 16016 89353 24024
378 1 8 2716 1 3 1
379 0 1 2725 66 599 99
380 0 4 2730 104 406 156
381 0 4 2738 1 4 1
382 1 2 2746 1 10 1
383 1 1 2753 1 10 1
384 0 4 2758 5 15 7
385 1 1 2766 7 56 10
386 0 1 2772 107 996 160
387 0 4 2775 1 5 1
388 0 5 2783 13942 77142 20913
389 0 3 2791 1 9 1
390 0 1 2798 1 9 1
391 1 2 2803 399 3964 598
392 0 5 2810 3 9 4
393 0 10 2818 3749 19112 5623
394 1 202 2828 4 12 6
395 0 5 2841 1 3 1
396 0 2 2849 3 25 4
397 0 4 2856 1539 7392 2308
398 0 3 2864 1 10 1
399 1 2 2871 3 25 4
400 0 13 2877 589 2641 883
401 1 3 2887 11 34 16
402 0 1 2894 29 251 43
403 0 14 2899 131 522 196
404 1 3 2909 11694 64023 17541
405 1 3 2917 1 5 1
406 0 1 2924 1 9 1
407 1 4 2928 51 187 76
408 1 3 2936 1 4 1
409 0 4 2943 1185 5589 1777
410 0 1 2951 1 9 1
411 0 2 2956 2 17 3
412 0 8 2963 1 3 1
413 0 1 2972 609 6173 913
414 0 1 2977 1 10 1
415 1 9 2982 1 5 1
416 0 1 2991 14 116 21
417 1 14 2995 1360 6476 2040
418 0 18 3005 3322 16803 4983
419 0 1 3015 3 25 4
420 0 2 3020 1 9 1
421 1 1 3026 3 25 4
422 1 1 3031 21 179 31
423 0 14 3035 83 318 124
424 1 7 3045 642 2897 963
425 0 1 3054 1 11 1
426 1 10 3059 5 15 7
427 0 1 3069 83 762 124
428 0 4 3074 1 4 1
429 1 25 3082 2 6 3
430 0 1 3093 1 9 1
431 1 3 3098 2 7 3
432 0 4 3106 1 5 1
433 1 1 3114 1 9 1
434 0 1 3119 1 9 1
435 1 1 3125 5 41 7
436 1 5 3128 43 155 64
437 1 1 3136 5 40 7
438 0 1 3142 42 372 63
439 1 4 3145 1557 7484 2335
440 0 1 3153 2 17 3
441 1 3 3157 1288 6110 1932
442 1 7 3164 846 3895 1269
443 0 1 3173 1 9 1
444 1 3 3179 246 1032 369
445 1 1 3186 65 590 97
446 1 4 3191 1 4 1
447 1 1 3199 1 13 1
448 0 2 3205 2 17 3
449 1 1 3211 1 9 1
450 0 1 3217 510 5127 765
451 1 8 3222 2 7 3
452 1 2 3231 1 9 1
453 0 5 3237 410 1789 615
454 1 2 3245 2000 21400 3000
455 0 3 3251 1 11 1
456 1 1 3258 136 1282 204
457 1 3 3264 6 48 9
458 0 3 3271 6984 37044 10476
459 0 3 3278 1 3 1
460 1 2 3285 1 10 1
461 0 3 3291 1 12 1
462 0 1 3298 41 362 61
463 1 14 3300 1692 8180 2538
464 0 2 3310 1 10 1
465 1 1 3316 4 33 6
466 0 2 3321 15 125 22
467 0 1 3327 133481 1693513 200221
468 0 7 3332 1 4 1
469 0 3 3341 6 18 9
470 1 3 3348 99125 1243675 148687
471 0 1 3355 204 1962 306
472 1 3 3358 1 4 1
473 0 9 3366 1 6 1
474 0 5 3375 3 10 4
475 0 4 3383 1 5 1
476 0 3 3391 23 78 34
477 1 2 3399 6 48 9
478 0 2 3405 5 40 7
479 1 2 3412 47 419 70
480 0 7 3418 1 4 1
481 1 2 3427 1 10 1
482 1 2 3433 1324898 18247732 1987347
483 1 6 3439 635 2863 952
484 0 4 3448 153 617 229
485 1 4 3456 45 163 67
486 1 66 3464 4 12 6
487 0 3 3476 3 25 4
488 0 2 3483 242 2347 363
489 1 4 3490 1 3 1
490 0 2 3498 79 724 118
491 1 3 3504 1 5 1
492 0 5 3512 222 924 333
493 0 2 3520 1 10 1
494 0 3 3526 3 9 4
495 0 1 3533 16 134 24
496 1 3 3539 4 12 6
497 0 13 3547 9 27 13
498 0 6 3557 1 4 1
499 1 18 3566 1764 8552 2646
500 0 3 3576 1 4 1
501 0 1 3584 1 10 1
502 1 7 3589 1 4 1
503 0 3 3598 1 5 1
504 0 27 3606 1 5 1
