0 0 48 5 6 18 9
1 0 2 24 2 17 3
2 1 3 39 2 17 3
3 0 19 54 14 45 21
4 0 14 72 1 3 1
5 1 1 90 11 90 16
6 0 1 103 1658 17593 2487
7 0 1 114 1 9 1
8 0 1 126 1 10 1
9 0 1 138 575 5813 862
10 1 12 145 720 3277 1080
11 0 2 163 4 33 6
12 1 15 177 1088 5101 1632
13 1 2 195 2826 30700 4239
14 1 1 210 1 9 1
15 0 4 223 1 12 1
16 1 5 239 186 1781 279
17 1 2 255 1 10 1
18 1 1 269 6 48 9
19 0 3 282 1 10 1
20 0 1 297 378 3746 567
21 0 7 309 605 2718 907
22 1 2 326 1 11 1
23 0 2 340 237882 3083097 356823
24 0 3 354 89 821 133
25 0 4 369 458 4580 687
26 1 2 385 748 7655 1122
27 0 5 399 1 11 1
28 1 3 415 38 335 57
29 0 6 430 66 247 99
30 0 2 447 1 8 1
31 0 2 461 151 1431 226
32 0 3 475 14263 165871 21394
33 1 2 490 5 40 7
34 1 2 505 1 9 1
35 0 1 519 3 25 4
36 1 2 532 1 9 1
37 0 4 547 7 56 10
38 0 1 563 1534 16221 2301
39 1 1 576 3 25 4
40 1 1 589 1741 18514 2611
41 0 1 602 5 41 7
42 0 5 615 66 599 99
43 0 1 631 2777 30145 4165
44 1 2 644 1 11 1
45 0 3 658 4 33 6
46 1 12 673 50 183 75
47 0 4 691 12972 150275 19458
48 0 10 707 2761 13796 4141
49 1 3 724 1 9 1
50 0 1 739 2 17 3
51 1 3 752 1 9 1
52 1 1 767 1 9 1
53 0 3 780 1 9 1
54 0 2 795 1 11 1
55 0 2 810 1 10 1
56 0 7 823 2 6 3
57 1 12 840 7 21 10
58 0 5 858 4 33 6
59 0 3 874 103 957 154
60 1 2 889 1 10 1
61 1 2 904 12588 145647 18882
62 1 2 918 348 3435 522
63 1 4 932 6 48 9
64 0 5 948 1102 11480 1653
65 1 8 964 1 4 1
66 1 5 981 2906 31608 4359
67 0 7 997 1 4 1
68 1 5 1014 283718 3700807 425577
69 0 24 1030 10 31 15
70 1 4 1049 81 743 121
71 0 3 1065 1 9 1
72 1 26 1080 1 4 1
73 0 3 1099 1 9 1
74 0 1 1114 740 7569 1110
75 1 1 1127 2 17 3
76 1 4 1139 1 9 1
77 1 1 1155 39 344 58
78 1 1 1167 6 48 9
79 0 8 1178 1 4 1
80 1 3 1195 8 64 12
81 0 2 1210 2 17 3
82 1 1 1224 1 9 1
83 0 1 1237 147 1391 220
84 0 34 1249 5 15 7
85 1 1 1268 1 12 1
86 1 1 1277 75 685 112
87 0 3 1289 7 56 10
88 1 2 1304 1 9 1
89 0 4 1318 156 1480 234
90 0 16 1334 83506 511541 125259
91 0 1 1352 2 17 3
92 0 2 1362 1 10 1
93 0 4 1376 1 9 1
94 0 2 1392 16 134 24
95 0 3 1407 71 647 106
96 0 1 1422 3 25 4
97 1 6 1435 1 9 1
98 0 7 1452 34 120 51
99 1 4 1469 1 8 1
100 1 2 1485 30 260 45
101 0 45 1500 34 120 51
102 0 1 1519 3965 43709 5947
103 0 4 1532 125994 1595083 188991
104 1 8 1548 23 78 34
105 1 1 1565 7860 89192 11790
106 0 3 1578 6 48 9
107 1 7 1593 9 27 13
108 1 3 1610 6 48 9
109 0 22 1625 1 5 1
110 1 6 1643 3 25 4
111 0 2 1659 142 1341 213
112 0 3 1672 1025 10643 1537
113 1 4 1687 26 224 39
114 0 1 1703 68830 851703 103245
115 0 3 1714 141 1331 211
116 0 20 1729 57 211 85
117 0 7 1747 3 9 4
118 0 6 1764 7 56 10
119 1 2 1780 290 2837 435
120 1 1 1794 10 81 15
121 1 27 1803 1 5 1
122 1 2 1822 1 11 1
123 0 3 1836 34 298 51
124 1 5 1851 3 25 4
125 0 4 1867 4 33 6
126 0 2 1883 3 25 4
127 1 1 1897 1 9 1
128 0 2 1908 28267 337876 42400
129 1 1 1922 174494 2235972 261741
130 0 4 1933 35 307 52
131 1 12 1949 1 4 1
132 0 1 1967 90 830 135
133 1 8 1979 1 4 1
134 0 1 1996 76 695 114
135 0 8 2009 30729 178067 46093
136 0 1 2026 17 143 25
137 0 1 2039 1 12 1
138 0 13 2052 3 10 4
139 0 1 2070 1065 11078 1597
140 0 3 2083 2 17 3
141 1 2 2098 617 6258 925
142 0 3 2113 1 9 1
143 1 2 2128 1 10 1
144 0 6 2142 4 33 6
145 0 1 2159 2 17 3
146 1 3 2171 2 17 3
147 0 5 2186 1 8 1
148 1 12 2202 7 21 10
149 0 1 2220 3346 36617 5019
150 1 4 2230 3068 33449 4602
151 0 1 2246 1 10 1
152 0 1 2258 1 11 1
153 1 2 2271 28 242 42
154 1 2 2286 15 125 22
155 0 3 2300 1 8 1
156 1 1 2315 1 9 1
157 0 4 2327 23 197 34
158 0 3 2343 4 33 6
159 0 1 2358 28 242 42
160 0 3 2370 38369 464172 57553
161 1 6 2385 8 64 12
162 1 4 2402 16 134 24
163 1 1 2418 88 811 132
164 1 1 2427 1 9 1
165 0 8 2439 1 4 1
166 1 5 2456 12 99 18
167 1 2 2472 34 298 51
168 0 1 2487 1 9 1
169 1 1 2499 3 25 4
170 1 11 2510 1 3 1
171 0 54 2527 6064 31881 9096
172 1 32 2546 11 34 16
173 0 2 2565 1098 11437 1647
174 0 10 2579 25 85 37
175 0 6 2596 1 9 1
176 1 4 2612 9 73 13
177 1 9 2628 37 131 55
178 0 3 2645 101 937 151
179 1 3 2660 1 9 1
180 0 6 2675 2 17 3
181 0 12 2692 1 5 1
182 1 2 2710 14 116 21
183 1 8 2724 2 7 3
184 1 2 2741 13 108 19
185 1 6 2755 1 12 1
186 0 2 2772 17 143 25
187 0 2 2787 3 25 4
188 1 3 2801 2 17 3
189 0 4 2816 7 56 10
190 1 3 2832 3 25 4
191 1 1 2847 10 81 15
192 1 3 2860 9 73 13
193 0 1 2876 9 73 13
194 0 19 2889 6 18 9
195 0 1 2907 3 25 4
196 0 5 2920 1 9 1
197 0 5 2936 1 9 1
198 0 1 2952 1 9 1
199 1 12 2963 3 9 4
200 1 5 2981 65 590 97
201 1 12 2997 2 7 3
202 0 6 3015 210 2023 315
203 1 8 3032 1 3 1
204 1 3 3049 60 542 90
205 0 1 3064 3 25 4
206 0 2 3077 3 25 4
207 0 4 3091 1 8 1
208 0 5 3107 22 188 33
209 1 3 3123 6 48 9
210 1 2 3138 2 17 3
211 1 13 3152 1 3 1
212 0 1 3170 30 261 45
213 0 1 3182 2803 30440 4204
214 0 16 3195 35 124 52
215 1 7 3213 45 163 67
216 1 12 3230 4 12 6
217 0 9 3248 42 151 63
218 0 9 3265 3 9 4
219 1 2 3282 1 11 1
220 0 5 3296 37 325 55
221 1 1 3312 2772 30088 4158
222 1 1 3324 30614 367085 45921
223 0 5 3333 66 599 99
224 0 2 3349 12 99 18
225 1 3 3363 1 11 1
226 0 2 3378 141 1331 211
227 0 1 3392 3 25 4
228 1 4 3404 1553 16431 2329
229 1 5 3420 19 161 28
230 1 2 3436 82 753 123
231 0 1 3450 1291 13546 1936
232 0 1 3461 572 5781 858
233 0 1 3473 6 48 9
234 0 11 3486 1 4 1
235 1 4 3503 855 8804 1282
236 0 3 3519 1 10 1
237 0 2 3535 27 233 40
238 1 1 3549 163 1550 244
239 0 1 3562 205 1972 307
240 1 3 3573 3 25 4
241 1 1 3588 6 48 9
242 0 2 3601 1 10 1
243 1 8 3615 378 1639 567
