0 0 25 5 1 6 1
1 1 4 24 1 11 1
2 0 3 40 318 3125 477
3 1 3 55 15 125 22
4 0 1 70 2096 22474 3144
5 0 2 82 166 1580 249
6 0 2 97 2418 26089 3627
7 1 2 111 115 1075 172
8 1 2 125 1 9 1
9 1 2 139 13 107 19
10 1 1 153 806037 10912019 1209055
11 0 8 166 1 4 1
12 1 12 183 576 2579 864
13 0 2 201 1 9 1
14 1 1 216 2 17 3
15 0 5 226 1 10 1
16 1 3 242 3 25 4
17 0 3 257 1 9 1
18 1 2 272 6 48 9
19 1 5 286 1 9 1
20 1 1 302 39 344 58
21 1 1 308 667 6790 1000
22 0 12 321 3 9 4
23 0 1 339 332 3270 498
24 0 4 350 1 9 1
25 0 7 366 35 123 52
26 1 4 383 1 13 1
27 0 10 399 1 5 1
28 1 3 416 2 17 3
29 0 16 431 1 3 1
30 0 2 449 21 179 31
31 0 1 463 3 25 4
32 1 3 476 406 4037 609
33 0 1 491 1 10 1
34 0 8 503 2 6 3
35 0 1 520 283 2766 424
36 1 9 531 6 18 9
37 1 2 548 1 9 1
38 0 3 562 50 447 75
39 0 3 577 9 73 13
40 1 5 592 2 17 3
41 1 9 608 2 7 3
42 1 1 625 1 11 1
43 1 1 636 816 8385 1224
44 0 1 649 1 10 1
45 0 7 661 49 179 73
46 1 2 678 53 475 79
47 1 5 692 81 743 121
48 0 4 708 208 2002 312
49 1 1 724 1 9 1
50 0 3 736 20 170 30
51 0 12 751 1 4 1
52 0 1 769 4 33 6
53 0 2 779 962 9960 1443
54 0 6 794 12 98 18
55 1 9 811 21 70 31
56 0 4 828 1 9 1
57 1 2 844 1 10 1
58 0 7 859 1 3 1
59 0 2 876 1 10 1
60 1 28 890 30 104 45
61 0 2 909 1 11 1
62 1 1 923 2 17 3
63 1 1 936 1 9 1
64 0 1 949 10 81 15
65 0 5 962 19 161 28
66 1 2 978 1309 13743 1963
67 0 7 993 357 1541 535
68 0 3 1010 3 25 4
69 0 1 1025 19 161 28
70 1 1 1038 11 90 16
71 1 1 1051 7 56 10
72 0 2 1061 4 33 6
73 1 1 1075 4 33 6
74 1 4 1086 21 179 31
75 1 6 1102 25 215 37
76 0 22 1118 543 2420 814
77 0 2 1136 4 33 6
78 0 4 1150 26 224 39
79 1 6 1166 62 561 93
80 0 7 1182 17 56 25
81 1 1 1199 61 551 91
82 0 2 1210 1 10 1
83 0 5 1225 1284 13469 1926
84 1 4 1241 2 17 3
85 1 8 1257 68801 417049 103201
86 1 2 1274 2 17 3
87 0 1 1288 1 10 1
88 1 2 1299 3148 34359 4722
89 1 2 1313 21 178 31
90 0 7 1327 1 5 1
91 0 1 1344 1 9 1
92 1 1 1357 24146 286818 36219
93 0 3 1365 29 251 43
94 0 9 1380 102 398 153
95 0 7 1397 1 3 1
96 0 1 1414 1 9 1
97 1 9 1424 43 155 64
98 1 1 1441 19692 232012 29538
99 1 1 1454 6 48 9
100 0 1 1466 9 72 13
101 0 3 1478 9 73 13
102 0 2 1493 14 116 21
103 0 1 1507 1 8 1
104 1 7 1519 8 24 12
105 0 21 1536 4330 22281 6495
106 1 24 1554 11081 60469 16621
107 0 13 1572 1 5 1
108 0 2 1590 2675 28991 4012
109 1 1 1604 5 40 7
110 0 16 1616 22943 130730 34414
111 0 5 1634 1 12 1
112 0 4 1650 4784 53163 7176
113 1 2 1666 1 9 1
114 1 3 1680 1 10 1
115 0 2 1695 1 10 1
116 0 3 1709 1 9 1
117 0 6 1724 1 9 1
118 1 1 1741 23 197 34
119 1 2 1754 119 1114 178
120 0 4 1769 167 1590 250
121 1 3 1785 110 1026 165
122 1 2 1800 126 1183 189
123 1 3 1814 1 8 1
124 1 1 1829 47 419 70
125 1 6 1842 4 33 6
126 1 1 1858 1 9 1
127 0 6 1869 51 187 76
128 1 8 1886 6 18 9
129 0 2 1903 1 9 1
130 0 2 1917 1 10 1
131 0 3 1931 88 811 132
132 1 1 1946 19 161 28
133 1 1 1959 2 17 3
134 0 2 1971 13962 162230 20943
135 0 14 1985 31 108 46
136 0 3 2003 1 9 1
137 0 1 2018 1 10 1
138 1 2 2031 6 48 9
139 1 3 2046 1 10 1
140 1 1 2061 218 2103 327
141 0 3 2074 366 3621 549
142 1 2 2089 2 17 3
143 0 3 2104 9 73 13
144 1 2 2119 1 9 1
145 0 3 2133 7588 85979 11382
146 1 4 2149 4 33 6
147 1 4 2165 1 11 1
148 0 5 2181 594 6014 891
149 0 7 2197 2 7 3
150 0 1 2214 28 242 42
151 1 7 2225 8 24 12
152 0 2 2242 1346 14150 2019
153 1 1 2256 306 3002 459
154 1 1 2268 1 9 1
155 1 2 2281 99281 1245706 148921
156 0 1 2295 98 908 147
157 0 5 2308 20 170 30
158 0 1 2324 4 33 6
159 1 4 2335 1 11 1
160 0 7 2351 1 5 1
161 1 2 2368 1 9 1
162 1 3 2381 1 10 1
163 1 12 2396 1 4 1
164 1 6 2414 1 9 1
165 0 2 2430 1 9 1
166 0 1 2444 1 8 1
167 1 9 2457 971 4515 1456
168 0 2 2474 494 4959 741
169 0 3 2488 73 666 109
170 0 4 2503 1 9 1
171 0 5 2519 1 9 1
172 1 3 2535 1 9 1
173 0 9 2550 60 223 90
174 1 2 2567 1 9 1
175 1 2 2581 1 10 1
176 1 20 2595 1 3 1
177 0 2 2613 1 11 1
178 1 3 2628 1 13 1
179 1 2 2643 99 918 148
180 0 3 2657 1 10 1
181 0 5 2672 60 542 90
182 1 1 2688 1 9 1
183 1 13 2697 12 38 18
184 1 1 2715 1 10 1
185 1 4 2728 1247 13064 1870
186 0 1 2744 1 9 1
187 0 2 2754 108 1006 162
188 0 2 2769 9 72 13
189 1 2 2783 140 1321 210
190 0 3 2797 4 33 6
191 0 2 2812 11 90 16
192 1 1 2826 9 73 13
193 1 2 2838 1 9 1
194 0 3 2852 1 10 1
195 1 5 2867 100231 1258078 150346
196 1 4 2883 2 17 3
197 1 3 2899 1 9 1
198 1 4 2914 2 17 3
199 1 4 2930 1 9 1
200 1 5 2946 2 17 3
201 0 6 2962 7 56 10
202 0 13 2979 1 5 1
203 0 6 2997 1 4 1
204 1 4 3014 64 580 96
205 0 1 3030 1 10 1
206 1 1 3043 1 9 1
207 1 2 3056 47 419 70
208 0 5 3070 35 307 52
209 0 7 3086 1 3 1
210 0 7 3103 35994 210462 53991
211 0 1 3120 1 9 1
212 0 4 3133 1 8 1
213 0 6 3149 6 48 9
214 0 3 3165 1 10 1
215 0 5 3180 1071 11143 1606
216 1 3 3196 1 10 1
217 1 3 3211 104 967 156
218 1 6 3226 61 227 91
219 0 2 3243 62 561 93
220 0 11 3257 56 207 84
221 1 2 3274 1 10 1
222 0 14 3289 1 5 1
223 0 1 3307 167 1590 250
224 0 1 3319 1 10 1
225 1 2 3328 2371 25560 3556
226 1 4 3343 1 11 1
227 0 2 3359 41 363 61
228 0 1 3373 3 25 4
229 0 18 3384 7 21 10
230 1 6 3402 180403 2314532 270604
231 1 2 3419 357 3528 535
232 0 13 3433 6177 32512 9265
233 0 9 3451 11 34 16
234 0 1 3468 1 9 1
235 1 13 3480 2 7 3
236 1 3 3498 1 9 1
237 1 1 3513 1 12 1
238 1 9 3524 81 309 121
239 1 1 3541 3 25 4
240 0 2 3554 1533 16210 2299
241 1 16 3569 14 45 21
242 0 3 3587 13 107 19
243 1 2 3602 172 1640 258
244 1 8 3617 2 7 3
