0 0 36 5 64 239 96
1 0 2 10 2 17 3
2 1 15 14 1 3 1
3 0 1 18 118 1104 177
4 0 1 21 1 9 1
5 1 5 24 1 11 1
6 1 6 28 9 73 13
7 0 1 32 414 4121 621
8 1 10 35 1 4 1
9 0 7 39 18 59 27
10 0 13 43 5 15 7
11 0 2 47 233 2255 349
12 0 49 50 12 38 18
13 0 1 55 3283 35898 4924
14 1 3 58 1 9 1
15 1 4 62 1 10 1
16 0 3 66 1 9 1
17 0 1 70 263 2561 394
18 0 6 73 1 3 1
19 1 2 77 619 6279 928
20 0 14 81 2 7 3
21 1 8 85 638 2878 957
22 1 21 89 4179 21455 6268
23 1 5 94 13787 160114 20680
24 0 3 98 6 48 9
25 1 1 102 1 10 1
26 1 3 105 172 1640 258
27 1 1 109 17 143 25
28 0 4 112 1 10 1
29 0 6 116 1917 20473 2875
30 0 5 120 8 64 12
31 0 1 124 17 143 25
32 1 4 127 1 9 1
33 1 1 131 1 10 1
34 1 4 134 1 10 1
35 1 1 138 11 90 16
36 0 2 141 788311 10663755 1182466
37 1 2 145 56 504 84
38 1 3 149 505 5074 757
39 1 7 153 1 4 1
40 0 1 157 2 17 3
41 0 1 160 3102 33835 4653
42 0 1 163 1182 12353 1773
43 1 2 166 2 17 3
44 0 4 170 7 56 10
45 0 2 174 2058 22048 3087
46 0 2 178 1 10 1
47 1 1 182 1 12 1
48 0 4 184 1808 19259 2712
49 0 6 188 5 40 7
50 1 9 192 11033 60191 16549
51 0 3 196 9 73 13
52 1 1 200 1 9 1
53 1 1 203 1 10 1
54 1 10 206 9 27 13
55 1 1 210 426 4246 639
56 0 2 213 26 224 39
57 0 3 217 4 33 6
58 0 2 221 1 10 1
59 1 4 225 54 485 81
60 0 3 229 1 9 1
61 0 1 233 1 9 1
62 1 11 236 23 78 34
63 0 1 240 10 81 15
64 0 1 243 24 206 36
65 0 29 246 1 3 1
66 1 2 251 4195 46357 6292
67 0 1 254 809 8309 1213
68 0 1 257 1 10 1
69 0 4 260 8 64 12
70 1 6 264 39 139 58
71 0 1 268 103 957 154
72 1 3 270 1 10 1
73 0 1 274 1 9 1
74 1 3 277 4 33 6
75 1 3 281 200 1921 300
76 0 1 285 125 1173 187
77 0 10 287 1 3 1
78 0 1 291 123 1153 184
79 1 3 294 4413 48872 6619
80 1 2 298 21 179 31
81 1 3 301 1 9 1
82 1 4 305 1644006 22810601 2466009
83 1 5 309 12943 149925 19414
84 1 3 313 534 5380 801
85 1 1 317 1 12 1
86 1 1 320 1 10 1
87 0 7 323 2777 13881 4165
88 0 27 327 1 3 1
89 1 1 332 1 10 1
90 1 1 334 1 8 1
91 0 5 337 16 134 24
92 1 6 341 1 9 1
93 1 2 345 1 10 1
94 1 1 349 1 10 1
95 0 21 352 1 6 1
96 0 7 357 84 322 126
97 0 4 361 90 830 135
98 0 1 365 1 9 1
99 0 2 368 16 134 24
100 0 2 372 11 90 16
101 0 10 375 5 15 7
102 1 1 379 6 48 9
103 0 1 382 3 25 4
104 1 9 385 1 5 1
105 0 1 389 513 5158 769
106 1 13 392 1 3 1
107 0 8 396 5 15 7
108 0 2 400 2 17 3
109 1 2 404 2 17 3
110 1 7 408 1 4 1
111 0 3 412 17 143 25
112 1 2 416 1 9 1
113 1 1 419 172 1640 258
114 1 1 422 1 12 1
115 1 1 425 2 17 3
116 1 5 428 1 9 1
117 0 4 432 1 10 1
118 0 3 436 1 10 1
119 1 1 440 2 17 3
120 0 1 443 125 1173 187
121 1 3 445 1 10 1
122 1 1 449 19 161 28
123 1 6 452 461091 6120369 691636
124 0 1 456 1 9 1
125 1 18 459 1 4 1
126 1 2 464 5 41 7
127 1 2 468 2 17 3
128 1 2 471 760 7783 1140
129 0 11 474 79 301 118
130 0 1 478 10 81 15
131 1 25 481 37 132 55
132 1 3 486 1 8 1
133 0 3 490 1 9 1
134 1 7 494 66 248 99
135 1 1 498 71 647 106
136 1 2 501 7 56 10
137 0 4 505 1 9 1
138 0 4 509 27 233 40
139 1 2 513 1 9 1
140 0 4 517 32 279 48
141 1 6 521 28918 345969 43377
142 1 13 525 3 9 4
143 1 2 529 2 17 3
144 1 4 533 78751 979481 118126
145 1 6 537 1 4 1
146 1 3 541 2 17 3
147 1 3 545 138 1301 207
148 0 1 549 172 1640 258
149 1 1 552 156 1480 234
150 0 12 555 2551 12680 3826
151 1 2 559 97 898 145
152 1 2 563 1 9 1
153 1 25 567 5 15 7
154 0 1 572 3 25 4
155 0 8 575 18 59 27
156 1 3 579 6 48 9
157 1 32 583 1 4 1
158 0 4 588 6 48 9
159 0 2 592 1 10 1
160 1 13 596 1 3 1
161 0 3 600 28 242 42
162 1 1 604 5 40 7
163 0 11 607 1 4 1
164 0 7 611 129 513 193
165 0 7 615 226 941 339
166 0 7 619 210 870 315
167 0 2 623 7 56 10
168 1 6 627 1 9 1
169 0 2 631 9 72 13
170 1 4 634 2820 30632 4230
171 1 3 638 4 33 6
172 1 1 642 2 17 3
173 0 4 644 1 12 1
174 0 4 648 1 11 1
175 0 5 652 1 9 1
176 0 1 656 1 12 1
177 1 1 659 8 64 12
178 1 8 662 9 27 13
179 0 10 666 1 3 1
180 1 6 670 766 7848 1149
181 0 3 674 53 476 79
182 0 2 678 3 25 4
183 0 5 682 11 90 16
184 0 3 686 2591 28041 3886
185 0 2 690 4 33 6
186 1 6 694 8 64 12
187 1 16 698 9 27 13
188 1 5 703 1415 14909 2122
189 1 5 707 11 90 16
190 0 4 711 1043 10838 1564
191 0 17 715 36 127 54
192 0 62 720 185 758 277
193 1 6 725 51548 630805 77322
194 0 1 729 1 9 1
195 0 2 732 4 33 6
196 1 2 736 471 4717 706
197 1 1 740 1 9 1
198 1 4 743 2 17 3
199 0 7 747 10 31 15
200 1 1 751 1 9 1
201 1 1 754 12837 148648 19255
202 0 3 757 1 9 1
203 1 10 761 1 4 1
204 1 1 765 3 25 4
205 1 8 768 26 89 39
206 1 2 772 1 10 1
207 0 9 775 1 4 1
208 0 3 779 79 724 118
209 1 2 783 245 2378 367
210 1 5 787 10 81 15
211 0 12 791 1 4 1
212 0 7 795 4793 24825 7189
213 0 11 799 48 175 72
214 0 2 803 1 9 1
215 0 3 807 6 48 9
216 1 4 811 1 9 1
217 1 1 815 3342 36571 5013
218 1 1 818 5237703 75543996 7856554
219 0 2 821 2 17 3
220 0 2 824 522 5253 783
221 1 2 827 1376336 18980982 2064504
222 1 14 831 1 4 1
223 1 3 835 82 753 123
224 1 6 839 5 41 7
225 1 1 843 1 9 1
226 1 8 846 64 239 96
227 0 1 850 15 125 22
228 1 16 853 163 661 244
229 1 11 857 1 5 1
230 1 3 861 2 17 3
231 1 8 865 20 67 30
232 0 14 869 11 34 16
233 0 1 873 114 1065 171
234 0 3 876 1 12 1
235 1 8 880 321 1375 481
236 0 9 884 308 1315 462
237 0 2 888 1 9 1
238 1 7 891 1 4 1
239 1 1 895 413 4110 619
240 1 3 898 2 17 3
241 1 13 902 9 27 13
242 0 2 906 1 10 1
243 1 1 909 12 99 18
244 1 4 912 167 1590 250
245 0 17 916 158 639 237
246 0 1 921 1 10 1
247 1 3 924 1 11 1
248 1 18 928 13 41 19
249 0 2 933 3 25 4
250 0 1 937 3 25 4
251 1 1 940 8 64 12
252 1 1 942 1 9 1
253 1 3 945 12 99 18
254 1 3 949 2 17 3
255 1 4 953 12 99 18
256 1 5 957 1154 12047 1731
257 1 4 961 1 9 1
258 0 4 965 1008 10458 1512
259 1 3 969 11 90 16
260 1 2 973 1 11 1
261 0 16 977 1 3 1
262 0 1 982 8 64 12
263 1 2 985 5 40 7
264 1 12 989 15506 86342 23259
265 0 2 993 136 1281 204
266 1 1 996 93 859 139
267 1 3 999 17 143 25
268 0 2 1003 1 9 1
269 1 1 1006 11 90 16
270 1 1 1009 7 56 10
271 0 3 1012 48 428 72
272 1 1 1016 4636 51449 6954
273 1 2 1019 14 116 21
274 0 2 1023 469 4696 703
275 1 2 1027 14 116 21
276 0 13 1031 1 4 1
277 0 4 1035 33 288 49
278 1 2 1039 1 9 1
279 1 5 1042 12 99 18
280 0 1 1046 1 9 1
281 1 1 1049 26 224 39
282 0 19 1051 2045 10015 3067
283 0 2 1056 7 56 10
284 0 3 1060 1 9 1
285 1 2 1064 244 2367 366
286 1 5 1068 379 3756 568
287 0 7 1072 1 4 1
288 0 7 1076 58 215 87
289 1 1 1080 1 10 1
290 0 4 1083 1 8 1
291 0 4 1087 674 6864 1011
292 0 1 1091 1 9 1
293 1 9 1094 155 626 232
294 0 2 1098 936106 12739117 1404159
295 0 1 1101 1 10 1
296 1 3 1104 5 40 7
297 0 11 1108 443 1945 664
298 1 2 1112 299 2930 448
299 1 2 1115 31136 373593 46704
300 0 10 1119 1 5 1
301 1 3 1123 2 17 3
302 1 1 1127 24 206 36
303 1 1 1130 106 986 159
304 1 4 1133 58 523 87
305 0 2 1137 1 9 1
306 0 17 1140 18 59 27
307 0 29 1145 1 4 1
308 1 3 1150 2 17 3
309 0 3 1154 250 2429 375
310 0 3 1158 1 10 1
311 1 3 1162 166 1580 249
312 0 7 1166 120 474 180
313 0 2 1170 1 9 1
314 0 3 1173 1 8 1
315 1 11 1177 52 191 78
316 0 1 1181 61 551 91
317 0 2 1184 1749 18603 2623
318 1 1 1188 38406 464637 57609
319 1 27 1191 15 48 22
320 0 2 1196 11 90 16
321 0 4 1200 47893 584412 71839
322 0 9 1204 43 155 64
323 0 1 1208 9 73 13
324 1 2 1211 5 41 7
325 0 1 1215 2 17 3
326 0 13 1218 98 381 147
327 1 8 1222 14 45 21
328 0 4 1226 12 98 18
329 1 3 1230 4 33 6
330 0 1 1234 24 206 36
331 1 5 1237 772 7912 1158
332 0 13 1241 20 67 30
333 1 2 1245 175 1670 262
334 1 5 1248 11 90 16
335 0 2 1252 1547 16364 2320
336 0 23 1255 1256 5948 1884
337 1 2 1260 65 589 97
338 1 9 1264 2 7 3
339 1 2 1268 1 11 1
340 0 1 1272 2 17 3
341 1 2 1275 1 10 1
342 0 4 1278 1 9 1
343 1 4 1282 1 9 1
344 1 2 1286 1 11 1
345 0 12 1289 8 24 12
346 0 28 1293 863 3979 1294
347 0 2 1298 2 17 3
348 0 9 1302 4 12 6
349 1 2 1306 258 2510 387
350 0 15 1310 106 415 159
351 1 2 1314 1 9 1
352 1 1 1318 1 13 1
353 1 4 1321 1 10 1
354 1 1 1325 1 9 1
355 0 3 1328 3 25 4
356 0 5 1332 1 9 1
357 0 3 1336 1 10 1
358 0 2 1340 3 25 4
359 1 18 1344 8 24 12
360 0 2 1349 916 9462 1374
361 0 2 1353 8 64 12
362 0 1 1357 1 10 1
363 1 2 1360 221 2134 331
364 1 15 1364 16 52 24
365 1 2 1368 59 532 88
366 0 3 1372 1 10 1
367 1 1 1376 625 6343 937
368 1 1 1379 148077 1885966 222115
369 0 3 1382 1 8 1
370 1 1 1386 45 400 67
371 1 2 1389 1 11 1
372 0 7 1393 123 487 184
373 0 2 1397 388 3850 582
374 0 1 1401 12759 147708 19138
375 0 14 1404 1 3 1
376 0 14 1408 2 7 3
377 1 2 1412 1 9 1
378 0 10 1416 3 9 4
379 0 2 1420 6790 76580 10185
380 0 1 1423 156 1480 234
381 1 1 1426 252 2449 378
382 0 11 1429 1 3 1
383 1 1 1433 1 10 1
384 0 1 1436 1 9 1
385 0 3 1439 4 33 6
386 0 14 1443 2 7 3
387 1 1 1447 1 10 1
388 1 5 1450 20 170 30
389 0 1 1454 50 447 75
390 1 13 1457 223 928 334
391 0 1 1461 2 17 3
392 1 2 1464 71 647 106
393 1 5 1468 156 1480 234
394 1 2 1472 3 25 4
395 0 7 1476 1 3 1
396 0 1 1480 2 17 3
397 0 2 1483 2 17 3
398 0 23 1486 23 78 34
399 0 10 1491 1 4 1
400 1 1 1495 1 12 1
401 0 5 1498 4 33 6
402 1 4 1502 1 9 1
403 0 1 1506 49 438 73
404 0 6 1509 1362 14325 2043
405 1 2 1513 3 25 4
406 0 4 1516 3 25 4
407 1 1 1520 523 5264 784
408 1 3 1523 1050 10915 1575
409 0 3 1527 8738 99593 13107
410 0 3 1531 6721 75769 10081
411 1 1 1535 1 11 1
412 1 2 1538 10024 114901 15036
413 1 2 1542 1 10 1
414 0 5 1546 111 1035 166
415 0 3 1550 6 48 9
416 1 2 1554 245 2377 367
417 1 1 1558 1444 15228 2166
418 1 1 1561 9 73 13
419 0 7 1564 559 2497 838
420 0 2 1568 468 4686 702
421 1 7 1572 1 3 1
422 0 4 1576 1 9 1
423 1 1 1580 14270 165955 21405
424 0 5 1583 7 56 10
425 1 2 1587 1 11 1
426 0 1 1591 5 40 7
427 1 6 1594 1753 18648 2629
428 1 1 1598 3 25 4
429 0 18 1601 33 116 49
430 0 6 1606 316 1352 474
431 1 1 1610 2 17 3
432 0 2 1613 6678 75264 10017
433 0 1 1617 3 25 4
434 1 2 1620 2 17 3
435 0 3 1624 12 99 18
436 1 3 1628 8 64 12
437 0 2 1632 3 25 4
438 1 2 1636 4 33 6
439 1 78 1639 1 3 1
440 1 1 1644 46316 564435 69474
441 0 2 1647 1 8 1
442 1 4 1651 27 233 40
443 0 16 1655 933 4326 1399
444 0 1 1660 1 9 1
445 0 2 1663 69 628 103
446 0 1 1667 161 1530 241
447 0 10 1670 1 3 1
448 0 1 1674 910 9397 1365
449 0 9 1677 1 3 1
450 1 1 1681 3 25 4
451 1 14 1684 1 4 1
452 0 2 1688 39 344 58
453 0 1 1692 1 11 1
454 1 2 1695 464297 6164446 696445
455 0 1 1699 1 11 1
456 0 3 1702 28608 342114 42912
457 0 1 1706 1 9 1
458 0 1 1709 3 25 4
459 1 2 1712 92 849 138
460 0 3 1716 2 17 3
461 0 5 1720 234 2266 351
462 0 4 1724 3 25 4
463 0 8 1728 1406 6711 2109
464 0 6 1732 19797 233299 29695
465 1 5 1736 1 11 1
466 1 4 1740 1 9 1
467 1 3 1744 3 25 4
468 0 1 1748 46 409 69
469 0 4 1751 11 90 16
470 0 3 1755 39 344 58
471 1 1 1759 1738 18481 2607
472 0 6 1762 1 11 1
473 0 14 1766 2 7 3
474 1 1 1770 18 152 27
475 0 6 1773 102 947 153
476 0 3 1777 496 4979 744
477 1 3 1781 1 10 1
478 1 10 1785 6 18 9
479 0 4 1789 9 73 13
480 0 4 1793 3862032 55145927 5793048
481 0 5 1797 1 9 1
482 0 30 1801 4 12 6
483 1 2 1806 25 215 37
484 1 1 1810 320 3146 480
485 1 3 1813 1 9 1
486 1 5 1817 200 1921 300
487 1 2 1821 1 9 1
488 0 2 1825 47 419 70
489 0 1 1829 27 233 40
490 0 5 1832 2 17 3
491 0 2 1836 17372 203647 26058
492 1 9 1839 13 41 19
493 0 1 1843 1 10 1
494 1 2 1845 337 3321 505
495 1 3 1849 285 2786 427
496 0 2 1853 1 11 1
497 1 5 1857 13784 160078 20676
498 1 2 1861 1 10 1
499 1 1 1864 8 64 12
500 1 2 1867 1 10 1
501 1 3 1870 6808 76791 10212
502 1 22 1874 157 635 235
503 1 6 1879 130 517 195
504 1 5 1883 41 363 61
505 1 8 1887 1 6 1
506 0 3 1891 2898 31517 4347
507 0 2 1895 1735 18447 2602
508 0 4 1898 1 9 1
509 1 1 1902 2 17 3
510 0 2 1904 1 10 1
511 0 1 1907 2 17 3
512 0 4 1910 2116 22698 3174
513 0 6 1914 1 9 1
514 0 14 1918 2 6 3
515 1 4 1922 6 48 9
516 0 4 1926 27 233 40
517 1 7 1930 21 70 31
518 1 2 1934 994 10307 1491
519 0 1 1937 7 56 10
520 1 15 1940 48 175 72
521 1 1 1944 1 10 1
522 0 1 1947 1 9 1
523 1 4 1950 17 143 25
524 1 2 1954 134 1262 201
525 1 1 1957 12363 142939 18544
526 1 4 1960 1 9 1
527 1 11 1964 2 6 3
528 0 57 1968 4898 25404 7347
529 1 5 1973 1 10 1
530 1 13 1977 1 3 1
531 0 5 1981 1533 16210 2299
532 1 8 1985 1 4 1
533 0 6 1989 5 40 7
534 0 9 1993 4 12 6
535 1 10 1997 1 5 1
536 1 2 2001 50 447 75
537 0 7 2005 1 5 1
538 1 4 2009 102 947 153
539 1 3 2013 1 10 1
540 1 7 2017 15 48 22
541 0 1 2021 6229 69999 9343
542 1 9 2024 3 9 4
543 0 11 2028 15 48 22
544 1 1 2032 2994 32607 4491
545 1 3 2035 5 40 7
546 1 3 2039 20 169 30
547 0 1 2043 1 9 1
548 1 2 2046 6 48 9
549 1 2 2050 14 116 21
550 1 2 2054 2 17 3
551 1 3 2058 285 2786 427
552 0 2 2062 4 33 6
553 1 3 2066 1 10 1
554 0 1 2070 38 335 57
555 0 3 2073 7 56 10
556 1 2 2077 2381 25673 3571
557 1 2 2081 4294 47498 6441
558 0 3 2084 1 9 1
559 0 1 2088 114 1065 171
560 1 1 2091 107 996 160
561 0 4 2094 1 9 1
562 1 3 2098 3 25 4
563 0 2 2102 18132 212924 27198
564 0 3 2106 10 81 15
565 0 5 2110 13 108 19
566 1 3 2114 14 116 21
567 1 1 2118 64 580 96
568 0 6 2121 4 32 6
569 0 1 2125 338 3332 507
570 1 1 2128 14 116 21
571 0 4 2131 47 419 70
572 0 1 2135 6 48 9
573 0 2 2137 1 9 1
574 0 2 2141 1 9 1
575 0 3 2144 1 10 1
576 0 15 2148 21 70 31
577 1 2 2152 32 279 48
578 1 2 2156 1 9 1
579 0 30 2160 1 4 1
580 0 4 2165 22 188 33
581 1 15 2169 1 5 1
582 0 2 2173 16 134 24
583 1 3 2177 9 72 13
584 1 2 2181 161536 2064032 242304
585 0 1 2185 1 10 1
586 0 6 2188 68 256 102
587 1 1 2192 2 17 3
588 1 2 2195 1 11 1
589 1 30 2199 233 973 349
590 1 1 2204 1152 12025 1728
591 0 5 2207 1 12 1
592 1 1 2211 1 10 1
593 1 14 2214 21 71 31
594 0 1 2218 1290 13535 1935
595 1 1 2220 14 116 21
596 1 1 2223 1 11 1
597 1 4 2226 5649 63220 8473
598 1 3 2230 1 10 1
599 0 10 2234 1 7 1
600 0 11 2238 7 21 10
601 0 1 2242 27 233 40
602 0 2 2245 179 1710 268
603 0 5 2249 41 363 61
604 1 3 2253 4 32 6
605 0 3 2257 1 10 1
606 1 2 2261 39 344 58
607 1 3 2265 94 869 141
608 0 4 2269 1028 10676 1542
609 0 1 2273 1 9 1
610 1 4 2276 3 25 4
611 0 1 2280 1 9 1
612 0 3 2283 1126 11742 1689
613 1 1 2287 1 10 1
614 0 2 2290 6 48 9
615 0 3 2294 1 8 1
616 1 10 2298 2 7 3
617 1 4 2302 53 475 79
618 0 1 2306 1 10 1
619 0 2 2309 150694 1920546 226041
620 1 2 2313 178 1700 267
621 0 1 2317 1 8 1
622 1 5 2320 1 9 1
623 0 3 2324 7 56 10
624 0 2 2328 275 2684 412
625 0 1 2332 358 3538 537
626 1 2 2335 3671 40335 5506
627 1 5 2338 22354 264716 33531
628 0 17 2342 3919 20037 5878
629 1 11 2347 7 21 10
630 0 5 2351 1 10 1
631 1 1 2355 10 81 15
632 1 3 2358 3302 36115 4953
633 1 3 2362 20 170 30
634 1 4 2366 1 11 1
635 0 1 2370 1 11 1
636 1 1 2373 3272 35772 4908
637 1 5 2376 547 5517 820
638 0 18 2380 7 21 10
639 1 6 2385 4 33 6
640 1 10 2389 2 7 3
641 1 9 2393 528 2349 792
642 0 2 2397 4787 53197 7180
643 1 5 2400 21 179 31
644 0 1 2404 55 494 82
645 0 1 2407 1 12 1
646 1 3 2410 260 2531 390
647 0 2 2414 13 108 19
648 1 3 2417 199 1911 298
649 0 7 2421 1 4 1
650 1 19 2425 1 3 1
651 1 1 2430 91 840 136
652 0 2 2433 1 9 1
653 0 2 2436 1 9 1
654 0 1 2439 2 17 3
655 1 1 2442 9756 111704 14634
656 0 3 2445 3 25 4
657 0 2 2449 12 99 18
658 1 20 2453 8 24 12
659 0 2 2458 1 9 1
660 1 9 2461 1 5 1
661 0 3 2465 1070 11132 1605
662 0 4 2469 12438 143841 18657
663 0 2 2473 37 326 55
664 0 1 2477 1763 18759 2644
665 0 2 2480 1 8 1
666 1 3 2483 44 391 66
667 0 3 2487 21692499 327454978 32538748
668 0 2 2491 28 242 42
669 1 2 2495 1 10 1
670 1 8 2499 1221 5771 1831
671 0 5 2503 267311 3479263 400966
672 0 6 2507 6 48 9
673 0 3 2511 3 25 4
674 1 2 2515 14 116 21
675 0 4 2518 6 48 9
676 0 23 2522 79 301 118
677 0 3 2527 1 10 1
678 1 1 2531 44 391 66
679 1 1 2534 1 9 1
680 1 1 2537 4 33 6
681 0 3 2540 83 763 124
682 1 2 2544 7183 81204 10774
683 1 7 2548 8410 45125 12615
684 0 1 2552 40 353 60
685 0 1 2555 184 1760 276
686 0 9 2558 70 264 105
687 0 2 2562 1 11 1
688 1 2 2566 2 17 3
689 0 2 2570 424 4225 636
690 0 9 2574 1 4 1
691 1 5 2578 1 9 1
692 0 2 2582 1 10 1
693 0 4 2586 1 11 1
694 1 7 2590 71 268 106
695 1 14 2594 3 10 4
696 0 4 2598 1 10 1
697 1 2 2602 1 12 1
698 1 9 2605 3 9 4
699 1 3 2609 25 215 37
700 0 7 2613 4 13 6
701 0 1 2617 1 9 1
702 1 3 2620 14 116 21
703 0 6 2624 66 599 99
704 1 2 2628 26 224 39
705 0 5 2632 2 17 3
706 0 2 2636 3942 43445 5913
707 1 6 2640 6044 67833 9066
708 1 3 2644 25 215 37
709 1 2 2648 16 134 24
710 1 9 2651 2 7 3
711 0 1 2655 1 9 1
712 0 9 2658 1 4 1
713 0 10 2662 7 21 10
714 0 1 2666 135 1272 202
715 1 3 2669 1 10 1
716 1 2 2673 1089 11339 1633
717 1 11 2676 87 335 130
718 0 4 2680 2 17 3
719 1 1 2684 4 33 6
720 1 4 2686 2 17 3
721 1 1 2690 1 9 1
722 1 41 2693 659 2980 988
723 0 2 2698 6 48 9
724 1 10 2702 3 10 4
725 1 17 2706 11 34 16
726 1 3 2711 1 8 1
727 0 9 2715 1071 5015 1606
728 0 1 2719 24 206 36
729 1 10 2722 1 4 1
730 1 1 2726 111 1035 166
731 1 3 2729 20 170 30
732 0 2 2733 7 56 10
733 1 2 2737 1 11 1
734 1 6 2741 1 9 1
735 0 1 2745 28 242 42
736 1 1 2748 23 197 34
737 0 6 2751 4 33 6
738 1 3 2755 26 224 39
739 1 2 2759 37050 447602 55575
740 1 2 2762 1 10 1
741 0 1 2765 12 99 18
742 1 2 2768 1 11 1
743 1 1 2772 1 9 1
744 0 3 2775 9 73 13
745 1 1 2779 1 9 1
746 1 2 2782 1 9 1
747 0 1 2786 4 33 6
748 1 3 2789 6 48 9
749 0 12 2793 1 3 1
750 0 4 2797 1 10 1
751 0 6 2801 3 25 4
752 0 1 2805 9 73 13
753 0 1 2808 122 1144 183
754 1 5 2811 135 1272 202
755 1 6 2815 2 17 3
756 0 3 2819 19 161 28
757 1 4 2823 164 1560 246
758 1 1 2827 62 561 93
759 0 2 2829 1 9 1
760 1 19 2833 111175 691571 166762
761 0 2 2838 2356 25392 3534
762 1 2 2841 528 5317 792
763 1 3 2845 1 9 1
764 0 9 2849 8451 45359 12676
765 1 1 2853 19 161 28
766 1 1 2856 1 10 1
767 1 5 2859 14 116 21
768 1 4 2863 2 17 3
769 1 2 2867 362 3580 543
770 0 2 2871 29 251 43
771 1 4 2875 9 73 13
772 0 8 2879 86 330 129
773 1 2 2883 18 152 27
774 1 1 2887 12 99 18
775 0 3 2890 8838 100780 13257
776 0 9 2894 4 12 6
777 1 1 2898 87 801 130
778 1 3 2901 10 81 15
779 1 2 2905 23459 278337 35188
780 0 3 2909 20 170 30
781 0 3 2913 1 9 1
782 1 3 2917 24 206 36
783 0 1 2921 255 2479 382
784 1 1 2923 724 7398 1086
785 0 7 2926 4 12 6
786 0 1 2930 1 11 1
787 0 2 2933 3506 38445 5259
788 1 1 2936 9 73 13
789 1 1 2938 3 25 4
790 0 3 2941 1 9 1
791 0 7 2945 23 78 34
792 1 2 2949 1 9 1
793 0 1 2952 4 33 6
794 1 1 2955 81 743 121
795 0 4 2958 232 2245 348
796 0 4 2962 1194 12484 1791
797 0 9 2966 83508 511554 125262
798 0 5 2970 2810 30519 4215
799 1 14 2974 1 5 1
800 1 1 2978 2 17 3
801 0 1 2981 3 25 4
802 0 2 2984 1 9 1
803 1 4 2988 75 685 112
804 0 3 2992 2 17 3
805 0 21 2996 1 3 1
806 1 1 3001 6582 74137 9873
807 0 8 3004 158 639 237
808 0 1 3008 1 9 1
809 1 9 3011 1 3 1
810 1 6 3015 1 9 1
811 0 1 3019 4 33 6
812 0 3 3022 1 9 1
813 1 2 3026 529 5327 793
814 1 1 3030 2 17 3
815 0 5 3033 7 56 10
816 1 12 3037 156 630 234
817 1 3 3041 128 1203 192
818 0 13 3045 1 5 1
819 1 8 3049 9 27 13
820 0 2 3053 1009 10469 1513
821 0 2 3056 2 17 3
822 1 2 3059 7202 81427 10803
823 0 2 3063 29 251 43
824 1 1 3067 8 64 12
825 0 3 3070 2 17 3
826 1 9 3074 30 104 45
827 1 3 3078 9 73 13
828 0 1 3082 1 10 1
829 1 2 3085 1 10 1
830 0 4 3089 26 224 39
831 1 4 3093 16 134 24
832 1 2 3097 1 12 1
833 1 2 3101 1 10 1
834 1 1 3105 1 10 1
835 1 8 3108 239 1000 358
836 1 3 3112 3129 34143 4693
837 1 48 3116 65 243 97
838 0 4 3121 3 25 4
839 0 1 3125 31 270 46
840 1 2 3128 16 134 24
841 1 3 3131 117 1094 175
842 0 3 3135 1076 11197 1614
843 0 4 3139 5 41 7
844 0 1 3143 92 849 138
845 0 2 3146 1429 15063 2143
846 1 2 3150 1029 10687 1543
847 1 5 3153 3 25 4
848 0 1 3157 1 9 1
849 1 1 3160 3 25 4
850 1 1 3163 27314 326042 40971
851 1 2 3166 63566 784174 95349
852 1 6 3169 1 10 1
853 0 1 3173 2 17 3
854 0 5 3176 35 307 52
855 0 6 3180 3 25 4
856 1 3 3184 14 116 21
857 0 2 3188 380 3767 570
858 0 14 3191 5 15 7
859 0 2 3195 16465 192597 24697
860 0 3 3198 1 10 1
861 1 14 3202 1 4 1
862 1 4 3206 3 25 4
863 1 2 3210 3825 42101 5737
864 1 2 3214 517 5201 775
865 0 2 3217 1 12 1
866 1 1 3221 308 3022 462
867 0 4 3224 2 17 3
868 1 3 3228 1 9 1
869 0 3 3232 22 188 33
870 1 15 3236 3 9 4
871 1 15 3240 1 4 1
872 1 2 3244 19 161 28
873 0 6 3248 313612 2058532 470418
874 1 3 3252 28 242 42
875 0 2 3256 1725 18337 2587
876 1 3 3260 6 48 9
877 1 33 3264 1 5 1
878 0 1 3269 3 25 4
879 1 4 3271 1 12 1
880 1 2 3275 1 11 1
881 0 6 3279 1 4 1
882 1 1 3283 12 99 18
883 1 11 3286 3 10 4
884 0 2 3290 266 2592 399
885 1 8 3293 8 24 12
886 0 4 3297 522 5253 783
887 1 1 3301 1 10 1
888 1 2 3304 1 9 1
889 1 2 3308 5 40 7
890 1 2 3312 1 9 1
891 0 1 3315 1 12 1
892 1 5 3318 1479 15614 2218
893 1 1 3322 31 270 46
894 0 2 3325 59985 738352 89977
895 0 5 3329 12 99 18
896 1 4 3333 1704 18104 2556
897 0 1 3337 1 9 1
898 0 15 3340 67 252 100
899 1 6 3344 5 40 7
900 1 1 3348 5 41 7
901 0 1 3351 113 1055 169
902 0 5 3354 11 90 16
903 0 5 3358 4 33 6
904 1 3 3362 1 9 1
905 0 4 3366 129 1212 193
906 1 1 3370 35604 429462 53406
907 1 5 3373 1524 16111 2286
908 1 3 3377 119 1114 178
909 0 3 3381 60 542 90
910 1 1 3385 129 1212 193
911 0 18 3388 132 526 198
912 1 6 3393 4 33 6
913 0 1 3397 120 1124 180
914 1 4 3400 2 17 3
915 1 13 3404 838 3856 1257
916 1 13 3408 1 4 1
917 0 10 3412 233 973 349
918 1 2 3416 542 5464 813
919 0 1 3420 9 73 13
920 0 1 3423 1 8 1
921 1 9 3426 1 4 1
922 0 2 3430 1 9 1
923 0 2 3434 103 957 154
924 0 1 3438 23 197 34
925 0 2 3441 1 9 1
926 0 1 3444 1 9 1
927 1 1 3447 1 11 1
928 0 1 3450 8 64 12
929 0 1 3453 257 2500 385
930 0 5 3456 1 8 1
931 0 8 3460 3 9 4
932 0 7 3464 21 70 31
933 0 3 3468 2 17 3
934 1 2 3472 540 5443 810
935 1 5 3476 780 7998 1170
936 1 1 3480 13 107 19
937 1 2 3483 1 9 1
938 0 1 3487 1 12 1
939 1 1 3490 9 73 13
940 0 16 3493 8 24 12
941 1 4 3497 2656 28776 3984
942 1 5 3501 1 9 1
943 0 9 3505 20 67 30
944 0 1 3509 174 1660 261
945 1 3 3512 4 33 6
946 0 15 3516 2 7 3
947 0 2 3520 1 9 1
948 1 4 3523 1 9 1
949 0 1 3527 2 17 3
950 0 2 3530 120 1124 180
951 0 7 3534 18 59 27
952 0 1 3538 12668 146611 19002
953 0 2 3541 3 25 4
954 0 1 3545 6 48 9
955 0 2 3547 106 986 159
956 0 3 3550 1 11 1
957 0 5 3554 2 17 3
958 0 1 3558 1 11 1
959 0 1 3561 33 288 49
960 0 9 3564 42 151 63
961 1 2 3568 1290 13535 1935
962 0 1 3571 309 3032 463
963 1 5 3574 31 270 46
964 0 3 3578 1 11 1
965 1 2 3582 1 10 1
966 1 7 3586 2 6 3
967 0 3 3590 2 17 3
968 1 4 3594 1 9 1
969 1 3 3598 1 11 1
970 1 2 3602 1 10 1
971 0 16 3606 1 4 1
