0 0 5 5 1 5 1
1 1 3 13 3 10 4
2 0 3 21 1 6 1
3 1 3 29 1 4 1
4 0 2 37 16 134 24
5 0 1 44 51 457 76
6 0 7 50 1 4 1
7 0 4 58 2 7 3
8 1 2 66 23314 276548 34971
9 0 3 73 23 197 34
10 1 1 80 17 143 25
11 1 1 86 14 116 21
12 0 17 93 1 3 1
13 0 3 102 5 15 7
14 0 2 110 7 56 10
15 1 14 117 7672 40932 11508
16 1 3 126 1 9 1
17 1 2 134 1 10 1
18 1 15 141 38 135 57
19 0 1 150 2818 30610 4227
20 1 4 157 1 5 1
21 0 5 165 156 631 234
22 1 2 173 1907 20362 2860
23 1 1 180 1 11 1
24 0 4 187 1 3 1
25 0 2 195 1 10 1
26 0 9 202 718 3267 1077
27 1 1 211 1 9 1
28 1 5 217 15 48 22
29 1 18 225 428088 2854053 642132
30 0 2 234 158 1500 237
31 1 4 241 1 4 1
32 1 4 249 1 5 1
33 1 6 257 15 49 22
34 1 30 265 13866 76696 20799
35 1 1 274 2 17 3
36 0 1 280 43 381 64
37 0 4 287 1 4 1
38 1 3 295 1 14 1
39 0 2 303 3 25 4
40 0 2 310 6 48 9
41 1 6 317 2 6 3
42 0 1 325 44 390 66
43 1 13 331 2 7 3
44 1 2 340 1 9 1
45 0 1 347 2 17 3
46 1 5 351 1 3 1
47 1 3 359 24 206 36
48 0 2 366 2 17 3
49 0 3 373 1 5 1
50 1 2 381 658 6694 987
51 0 7 388 15 48 22
52 0 3 396 8 24 12
53 1 3 404 1 3 1
54 1 3 412 2363 11685 3544
55 0 23 420 1 4 1
56 0 1 429 258 2510 387
57 1 7 435 1 5 1
58 0 10 443 3 9 4
59 1 1 452 1 10 1
60 1 8 458 6654 35187 9981
61 0 4 466 1 3 1
62 0 8 474 47 171 70
63 0 8 483 4 12 6
64 0 25 492 18 59 27
65 0 21 501 1 4 1
66 0 9 510 3 9 4
67 1 2 519 1494 15779 2241
68 0 3 526 9181 49529 13771
69 0 5 534 1171 5518 1756
70 1 5 542 3 9 4
71 1 1 550 1 12 1
72 1 1 555 2 17 3
73 1 2 561 2 17 3
74 0 3 568 7 56 10
75 1 19 575 6549943 49584433 9824914
76 1 2 584 2 17 3
77 1 4 591 1 4 1
78 1 32 599 14217 78756 21325
79 0 6 608 1 4 1
80 1 2 616 12838 148660 19257
81 1 5 623 1 4 1
82 0 3 631 1 3 1
83 0 8 639 1 5 1
84 1 2 648 78 714 117
85 1 3 655 24 81 36
86 0 1 663 1 10 1
87 0 4 669 1 6 1
88 1 2 677 6 48 9
89 1 8 684 14 45 21
90 1 3 693 38 135 57
91 0 1 701 1 10 1
92 0 2 707 2 17 3
93 1 2 714 75 685 112
94 1 1 721 96 888 144
95 1 1 728 79 724 118
96 1 3 733 2 7 3
97 0 4 741 7 21 10
98 0 7 749 1 3 1
99 0 7 757 2 6 3
100 1 1 765 1 11 1
101 0 1 771 4143 45758 6214
102 0 3 777 78 297 117
103 0 3 785 3090 33699 4635
104 0 4 792 1 4 1
105 1 9 800 3 9 4
106 0 2 809 1 11 1
107 1 3 816 526 2339 789
108 0 2 824 8 64 12
109 1 3 831 23 78 34
110 0 4 839 12 38 18
111 0 5 847 1 3 1
112 1 1 855 1 9 1
113 1 2 861 6923 78143 10384
114 0 3 868 130 517 195
115 1 3 876 1 3 1
116 0 3 884 13 41 19
117 1 1 892 3 25 4
118 1 2 897 1 11 1
119 1 7 904 1958 9561 2937
120 0 5 912 18 59 27
121 0 35 920 1 4 1
122 0 5 929 2894 14506 4341
123 0 1 937 180 1720 270
124 0 1 943 1 10 1
125 0 1 950 3 25 4
126 0 25 957 2 7 3
127 0 3 966 4 13 6
128 0 10 974 1098 5151 1647
129 0 5 983 5 15 7
130 0 4 991 9 27 13
131 1 2 999 15 125 22
132 0 10 1006 35 124 52
133 0 11 1015 3 10 4
134 1 52 1024 8 24 12
135 1 14 1034 1 4 1
136 0 2 1043 848 8729 1272
137 1 2 1050 670 6822 1005
138 0 7 1057 360 1555 540
139 0 3 1065 2247 11074 3370
140 0 4 1073 1 4 1
141 0 2 1081 1 8 1
142 1 3 1088 4 33 6
143 1 1 1095 248 2408 372
144 1 2 1100 265486 3454649 398229
145 0 15 1107 320 1370 480
146 1 1 1116 37 325 55
147 0 1 1122 7 56 10
148 1 3 1128 1 4 1
149 0 2 1136 25 215 37
150 0 1 1143 18 152 27
151 0 6 1150 13 41 19
152 1 1 1158 9 73 13
153 1 9 1164 1 5 1
154 0 7 1173 16 52 24
155 1 1 1181 6 48 9
156 0 1 1185 2 17 3
157 0 10 1192 1 5 1
158 0 4 1201 1 4 1
159 1 2 1209 1 11 1
160 1 2 1216 41 362 61
161 1 6 1223 12784 70368 19176
162 0 2 1231 47 419 70
163 1 2 1238 67 608 100
164 0 8 1245 1 5 1
165 1 4 1254 393 1709 589
166 0 13 1262 53 195 79
167 1 4 1271 2 7 3
168 1 1 1279 1 9 1
169 1 3 1285 342 1472 513
170 0 2 1293 175674 2251653 263511
171 1 1 1300 20 170 30
172 1 1 1305 1 11 1
173 0 6 1311 91 351 136
174 0 3 1319 1 10 1
175 0 8 1326 2 7 3
176 1 2 1334 1 9 1
177 1 2 1341 1 12 1
178 0 2 1348 4 33 6
179 1 2 1355 1 10 1
180 0 7 1362 259 1090 388
181 0 4 1370 3 9 4
182 1 3 1378 6937 36779 10405
183 1 1 1386 1 10 1
184 1 2 1392 8 64 12
185 0 3 1399 1 9 1
186 1 1 1406 95 879 142
187 1 3 1411 56 207 84
188 1 8 1419 13471 74382 20206
189 1 2 1428 2 17 3
190 1 1 1435 71646 887907 107469
191 1 2 1441 3832 42181 5748
192 0 3 1448 6 48 9
193 1 5 1456 69 260 103
194 0 1 1464 1 10 1
195 0 4 1469 6 18 9
196 0 3 1477 9 27 13
197 0 5 1485 3 9 4
198 0 3 1493 1 4 1
199 0 4 1501 1 5 1
200 1 2 1509 3760 41355 5640
201 1 2 1516 50 447 75
202 1 1 1523 10 81 15
203 1 1 1530 1 10 1
204 0 4 1536 1 4 1
205 0 2 1544 1 9 1
206 1 16 1551 39 139 58
207 1 5 1560 975 4535 1462
208 0 1 1568 622 6311 933
209 0 6 1574 1 4 1
210 0 5 1582 69 260 103
211 1 1 1590 5 40 7
212 1 2 1597 1 10 1
213 0 3 1604 51 457 76
214 0 4 1611 1 5 1
215 0 2 1619 10 81 15
216 1 7 1626 3 9 4
217 1 4 1634 10 31 15
218 0 3 1642 1 4 1
219 0 4 1650 1 3 1
220 0 3 1658 10 31 15
221 1 9 1666 66 248 99
222 0 1 1675 1 9 1
223 0 4 1681 250 1050 375
224 1 2 1689 39215 474811 58822
225 0 4 1696 1 6 1
226 1 4 1704 154 622 231
227 0 1 1712 660 6715 990
228 0 1 1717 1 8 1
229 0 9 1723 225 937 337
230 0 3 1732 16 134 24
231 1 12 1740 1 4 1
232 0 1 1749 3 25 4
233 1 1 1755 3 25 4
234 1 2 1762 1 9 1
235 1 3 1769 8 24 12
236 1 2 1777 14 116 21
237 1 2 1784 6 48 9
238 0 9 1791 632 2849 948
239 1 7 1800 1 5 1
240 0 3 1808 5 15 7
241 1 1 1816 407 4048 610
242 0 8 1821 64339 388573 96508
243 1 3 1830 290 1232 435
244 0 2 1838 1 10 1
245 1 20 1845 12 38 18
246 1 4 1854 4858 25183 7287
247 0 5 1862 2 7 3
248 1 2 1870 1 11 1
249 1 2 1877 197 1891 295
250 1 3 1884 2 17 3
251 0 9 1891 4 12 6
252 0 5 1900 1 3 1
253 1 5 1908 127 504 190
254 0 2 1916 7 56 10
255 1 1 1923 109 1015 163
256 0 2 1930 16267 190188 24400
257 0 4 1937 616 2771 924
258 0 1 1945 39 344 58
259 0 3 1950 6 18 9
260 0 6 1958 2 7 3
261 1 2 1966 1968 21043 2952
262 1 1 1973 79 724 118
263 1 1 1979 2 17 3
264 0 6 1984 22809 129922 34213
265 1 3 1992 1 9 1
266 0 17 1999 1 3 1
267 0 2 2008 7 56 10
268 0 8 2015 1 7 1
269 1 13 2024 16 52 24
270 0 8 2033 1 3 1
271 1 13 2042 1 6 1
272 1 13 2051 1 4 1
273 0 1 2060 32 279 48
274 1 6 2066 2 6 3
275 1 4 2074 1 4 1
276 0 2 2082 1 9 1
277 0 1 2089 31 270 46
278 0 5 2094 103 402 154
279 0 1 2102 2 17 3
280 0 3 2108 154008 1964366 231012
281 1 3 2115 1 3 1
282 1 2 2123 19 161 28
283 1 1 2130 907 9365 1360
284 1 5 2137 1 5 1
285 0 1 2145 21 179 31
286 1 2 2151 1 8 1
287 0 10 2158 1 3 1
288 1 8 2167 1 4 1
289 0 7 2175 1 5 1
290 0 18 2183 6 18 9
291 0 3 2192 4 33 6
292 1 1 2199 1 9 1
293 0 1 2205 1 11 1
294 1 1 2211 2 17 3
295 0 4 2216 1 5 1
296 0 2 2224 5 41 7
297 1 4 2231 37 131 55
298 1 3 2239 2 6 3
299 1 1 2247 4 33 6
300 1 2 2253 89 820 133
301 1 2 2260 1 9 1
302 0 9 2267 95 368 142
303 1 2 2276 9 72 13
304 1 2 2283 6 48 9
305 0 3 2290 6587 34811 9880
306 0 5 2298 639 2883 958
307 0 2 2306 276 2694 414
308 0 13 2313 1336 6354 2004
309 0 5 2322 3624 18434 5436
310 1 6 2330 2 7 3
311 0 1 2338 819 8417 1228
312 1 1 2345 32 279 48
313 1 15 2351 8 24 12
314 0 3 2360 36 127 54
315 0 1 2368 157 1490 235
316 0 2 2374 68 618 102
317 0 2 2381 213 2053 319
318 1 1 2388 79 724 118
319 1 3 2393 14 45 21
320 1 3 2401 4 12 6
321 1 1 2409 18214 213926 27321
322 0 1 2416 1 9 1
323 1 5 2422 67 252 100
324 1 2 2430 352 3476 528
325 0 3 2437 1 4 1
326 1 15 2445 52 191 78
327 1 3 2454 24 81 36
328 0 3 2462 4 12 6
329 1 3 2470 16 134 24
330 0 3 2478 9090 49008 13635
331 0 4 2486 1 4 1
332 0 8 2494 6 18 9
333 1 2 2503 3 25 4
334 0 5 2510 1 4 1
335 1 1 2518 1 10 1
336 1 24 2523 9 27 13
337 1 1 2532 338 3332 507
338 0 4 2538 2 7 3
339 1 8 2546 83 318 124
340 1 9 2555 9 27 13
341 1 2 2564 1 11 1
342 1 11 2571 1 5 1
343 1 9 2580 10 31 15
344 1 1 2589 4 33 6
345 0 5 2595 4 12 6
346 0 2 2603 700 7142 1050
347 1 3 2610 1 3 1
348 1 2 2618 9 73 13
349 1 1 2625 168 1600 252
350 0 6 2631 108 423 162
351 1 2 2639 1 9 1
352 1 5 2646 1322 6283 1983
353 1 8 2654 1 4 1
354 1 4 2662 13 41 19
355 0 5 2670 1429 6828 2143
356 1 4 2678 2 6 3
357 0 28 2686 36 127 54
358 1 3 2695 1 4 1
359 1 4 2703 6770 35839 10155
360 0 3 2711 1 4 1
361 0 5 2719 1 4 1
362 0 4 2727 121 479 181
363 1 1 2735 2 17 3
364 0 11 2740 89 343 133
365 0 5 2749 7688 41023 11532
366 1 2 2757 683 6960 1024
367 1 6 2764 1849 8993 2773
368 1 1 2772 5394 60248 8091
369 0 10 2778 13 41 19
370 1 1 2787 76 695 114
371 1 3 2793 2 17 3
372 1 3 2800 12 38 18
373 1 2 2808 2 17 3
374 0 2 2815 1 9 1
375 0 2 2822 1 9 1
376 0 2 2829 1 9 1
377 1 2 2836 250 2429 375
378 1 1 2843 47 419 70
379 1 16 2850 1 5 1
380 1 4 2859 1 3 1
381 1 1 2867 126 1183 189
382 1 1 2873 1 12 1
383 0 3 2878 15 125 22
384 1 2 2885 21 179 31
385 1 1 2892 38 335 57
386 0 2 2898 1 10 1
387 0 1 2905 210 2023 315
388 1 1 2911 382 3788 573
389 1 2 2917 354 3497 531
390 0 1 2924 1 9 1
391 0 4 2929 1 4 1
392 0 15 2937 1 4 1
393 0 18 2946 4327 22265 6490
394 0 3 2955 4 12 6
395 1 2 2963 1 9 1
396 0 7 2970 478 2110 717
397 1 2 2978 85 782 127
398 0 2 2985 1520 16066 2280
399 0 5 2992 1 4 1
400 1 1 3000 2 17 3
401 1 2 3006 825 8482 1237
402 1 10 3013 2206 10859 3309
403 1 1 3022 1 10 1
404 1 7 3028 1 4 1
405 1 1 3036 1 9 1
406 1 2 3042 1 8 1
407 1 3 3049 32690 190101 49035
408 0 4 3057 55 203 82
409 0 25 3065 1 4 1
410 1 4 3074 1060 4960 1590
411 0 6 3082 98 381 147
412 0 3 3090 105623 1328375 158434
413 1 1 3097 3 25 4
414 0 5 3103 13 41 19
415 0 1 3111 2 17 3
416 1 3 3117 3195 34895 4792
417 1 6 3125 4046 20729 6069
418 0 4 3133 1 5 1
419 0 3 3141 3677 40403 5515
420 0 9 3149 1 4 1
421 0 7 3158 3 9 4
422 1 1 3166 95 879 142
423 1 4 3173 1 4 1
424 1 3 3181 1 9 1
425 1 1 3188 2 17 3
426 1 2 3194 1 10 1
427 1 6 3201 505 2239 757
428 0 2 3209 56 504 84
429 0 4 3216 1 4 1
430 1 3 3224 1 9 1
431 1 1 3231 1232 12900 1848
432 0 6 3237 1 5 1
433 0 1 3245 4 33 6
434 0 4 3251 3 9 4
435 0 2 3259 7709 87408 11563
436 0 4 3266 222 924 333
437 1 5 3274 1103 5176 1654
438 0 1 3282 21 179 31
439 0 5 3288 1 4 1
440 0 2 3296 1 10 1
441 0 2 3303 1 9 1
442 0 2 3310 1 12 1
443 0 2 3317 19116 224957 28674
444 1 1 3324 7 56 10
445 1 5 3328 1 4 1
446 0 1 3336 1 11 1
447 1 3 3343 3 25 4
448 1 1 3350 12 99 18
449 0 5 3356 433849 2894382 650773
450 0 1 3364 1 9 1
451 1 1 3369 49 438 73
452 0 2 3375 34445 414943 51667
453 0 15 3382 101 393 151
454 1 8 3391 1 4 1
455 0 13 3399 1 4 1
456 1 5 3408 1 5 1
457 1 5 3416 5 15 7
458 0 5 3424 6 18 9
459 0 1 3432 1873 19983 2809
460 1 21 3438 1 4 1
461 0 8 3447 12 38 18
462 0 2 3456 2 17 3
463 1 6 3463 13 41 19
464 1 1 3471 1 13 1
465 0 1 3477 208 2002 312
466 1 5 3483 1 4 1
467 0 1 3491 4 33 6
468 1 4 3498 1120 5261 1680
469 1 3 3506 1 9 1
470 0 2 3513 149 1411 223
471 1 1 3520 54 485 81
472 1 10 3526 6 18 9
473 1 1 3535 1 9 1
474 1 5 3541 2 6 3
475 1 2 3549 1 9 1
476 0 1 3556 3472 38056 5208
477 1 2 3561 7371 83419 11056
478 0 2 3568 7 56 10
479 0 2 3575 1 9 1
480 0 4 3582 1 4 1
481 0 6 3590 6071 31920 9106
482 1 4 3598 1 3 1
483 0 2 3606 1 12 1
