0 1 1 5 28 243 42
1 1 4 9 5 15 7
2 0 7 17 1 4 1
3 1 3 26 5 15 7
4 0 1 33 465 4654 697
5 1 5 37 384 1667 576
6 0 2 45 6 48 9
7 0 2 51 135 1272 202
8 1 3 57 2 7 3
9 0 1 64 9659 110548 14488
10 0 3 68 103 402 154
11 1 2 75 2 17 3
12 1 1 81 21 179 31
13 1 5 86 8 24 12
14 1 1 94 514 5169 771
15 1 2 97 1 10 1
16 0 2 104 186 1780 279
17 0 5 110 1 3 1
18 1 2 118 6 48 9
19 0 1 124 274 2673 411
20 0 1 126 3 25 4
21 0 5 131 2 6 3
22 1 3 139 6 18 9
23 0 1 146 32 279 48
24 1 5 150 1 5 1
25 0 10 159 1 5 1
26 0 3 169 2 6 3
27 0 1 176 2 17 3
28 1 3 179 27 93 40
29 0 4 187 1 6 1
30 1 6 195 118 466 177
31 0 9 204 9 27 13
32 1 3 213 1 12 1
33 1 4 220 5 15 7
34 0 1 228 1 9 1
35 0 3 232 317 3115 475
36 1 4 239 1 4 1
37 0 3 247 1 4 1
38 1 4 254 1 4 1
39 1 1 262 1 9 1
40 1 4 267 6 18 9
41 1 4 275 27756 159904 41634
42 0 5 283 1 5 1
43 0 4 291 90 347 135
44 0 1 299 749911 10126591 1124866
45 0 19 304 1 4 1
46 1 3 315 4995 25939 7492
47 0 2 322 1 10 1
48 0 4 328 315 1347 472
49 1 2 336 6 48 9
50 0 3 343 1 10 1
51 0 3 350 383 1663 574
52 0 2 357 27 233 40
53 1 4 364 2 7 3
54 1 1 372 1 10 1
55 0 3 377 1 6 1
56 0 5 384 53 195 79
57 1 2 392 1 9 1
58 0 1 399 1 10 1
59 1 9 405 57 211 85
60 0 9 414 13 41 19
61 1 10 423 1 3 1
62 0 3 433 1 3 1
63 1 3 440 1 3 1
64 1 2 448 6905 77931 10357
65 0 7 454 1 5 1
66 0 7 463 1 4 1
67 0 2 472 3 25 4
68 1 2 478 26 224 39
69 1 14 485 26 89 39
70 1 5 495 87 334 130
71 0 7 503 95 368 142
72 0 2 512 1 14 1
73 1 3 519 1 5 1
74 0 11 527 29 100 43
75 1 4 537 1 5 1
76 0 2 545 1 9 1
77 0 1 551 384 3809 576
78 1 1 555 3 25 4
79 1 1 560 2 17 3
80 0 24 565 12 38 18
81 1 4 576 1 4 1
82 0 1 584 23 197 34
83 1 1 590 11 90 16
84 0 3 596 10 31 15
85 1 3 603 1 6 1
86 0 3 610 1 9 1
87 1 5 617 24348 139214 36522
88 1 5 625 2 7 3
89 0 2 633 2 17 3
90 0 6 639 16 52 24
91 0 8 648 1 4 1
92 0 3 657 17 143 25
93 1 9 664 1 4 1
94 1 31 673 1 4 1
95 0 4 684 11 34 16
96 0 6 692 6 18 9
97 1 1 701 214398 2768189 321597
98 1 1 705 1 10 1
99 1 2 709 573 5792 859
100 1 3 715 3 25 4
101 1 4 722 859 3960 1288
102 0 3 730 1 5 1
103 1 2 737 2258 24290 3387
104 1 7 743 1 4 1
105 0 7 752 1 3 1
106 0 2 761 1 9 1
107 1 8 768 1870 9102 2805
108 1 13 777 170 692 255
109 1 1 787 73 666 109
110 0 2 791 25 215 37
111 1 10 798 1 3 1
112 0 10 808 15 48 22
113 1 2 818 67 608 100
114 1 3 825 1 5 1
115 0 2 832 1 9 1
116 1 6 839 12 38 18
117 0 14 848 371 1607 556
118 0 5 858 17 56 25
119 0 2 866 17 143 25
120 0 3 872 1 6 1
121 0 1 880 1 9 1
122 0 4 885 38 135 57
123 0 2 893 15572 181741 23358
124 0 7 900 351 1514 526
125 1 4 909 90226 555019 135339
126 0 1 917 56 504 84
127 1 1 920 216 2083 324
128 1 4 923 32208 187139 48312
129 1 2 931 1 9 1
130 0 1 937 260 2531 390
131 0 2 942 67 608 100
132 0 2 948 1 9 1
133 1 10 954 643 2902 964
134 1 2 963 7 56 10
135 0 1 969 9 73 13
136 1 5 973 320 1370 480
137 1 3 981 12 38 18
138 0 2 989 652 6630 978
139 0 1 996 1 9 1
140 0 1 1001 1 11 1
141 0 1 1006 11 90 16
142 0 4 1011 1 3 1
143 0 3 1019 4 12 6
144 1 3 1026 1 8 1
145 0 2 1033 1 10 1
146 0 3 1039 102 947 153
147 1 2 1046 908 9376 1362
148 0 1 1053 11 90 16
149 1 1 1058 39 344 58
150 0 2 1061 1 11 1
151 0 1 1067 20 170 30
152 1 1 1072 1 11 1
153 1 12 1076 1 4 1
154 1 2 1086 1 9 1
155 1 3 1093 2 6 3
156 1 1 1101 1 9 1
157 1 2 1106 164 1560 246
158 1 4 1112 563 2516 844
159 0 2 1120 1 12 1
160 0 3 1126 1 4 1
161 0 1 1134 3 25 4
162 0 1 1137 5 41 7
163 0 2 1142 1 9 1
164 1 1 1149 1 10 1
165 1 4 1155 1 7 1
166 1 6 1163 67 252 100
167 0 3 1172 160 1520 240
168 0 13 1179 1 4 1
169 1 4 1189 1 3 1
170 0 4 1197 1 3 1
171 1 6 1205 5 15 7
172 1 2 1214 59 532 88
173 1 1 1220 1 9 1
174 0 2 1226 1 8 1
175 1 1 1233 139 1311 208
176 0 5 1237 272139 1773524 408208
177 0 3 1245 166 1580 249
178 1 4 1252 1 5 1
179 0 3 1260 14 45 21
180 0 9 1268 5 15 7
181 1 4 1277 1 3 1
182 0 6 1285 64 239 96
183 1 1 1294 1 8 1
184 1 2 1300 6 48 9
185 1 4 1307 1 3 1
186 0 11 1315 1 3 1
187 1 4 1325 1 4 1
188 0 3 1333 1 8 1
189 0 11 1340 107 419 160
190 0 3 1350 9 27 13
191 1 3 1357 1 4 1
192 0 2 1364 1 11 1
193 0 1 1370 12 98 18
194 1 5 1375 1 3 1
195 1 20 1383 1 3 1
196 1 9 1394 2 7 3
197 1 1 1403 21 179 31
198 1 7 1407 15039 83589 22558
199 0 4 1416 2 7 3
200 1 18 1424 36 127 54
201 0 3 1434 1 5 1
202 0 2 1442 26294 313393 39441
203 0 7 1448 1 4 1
204 0 12 1457 1 4 1
205 0 1 1467 1 9 1
206 1 5 1469 16 52 24
207 0 1 1477 126 1183 189
208 0 2 1482 2 17 3
209 0 3 1489 1 9 1
210 0 8 1496 82 314 123
211 0 1 1505 24 206 36
212 1 6 1509 260 1095 390
213 1 3 1518 3 25 4
214 0 55 1525 172 701 258
215 1 5 1537 595 2670 892
216 0 3 1545 7 21 10
217 1 14 1552 1 4 1
218 1 1 1562 1 12 1
219 1 6 1567 3 9 4
220 1 9 1576 2 6 3
221 1 1 1585 1 9 1
222 0 3 1590 20 67 30
223 1 14 1597 17 56 25
224 0 1 1607 49 438 73
225 0 12 1612 23 78 34
226 1 2 1622 9 72 13
227 0 72 1629 5 15 7
228 0 5 1641 1 3 1
229 0 7 1649 1214 5735 1821
230 1 3 1658 1 4 1
231 1 3 1665 1 9 1
232 0 3 1672 8 64 12
233 0 11 1679 1 3 1
234 0 5 1689 54 199 81
235 1 24 1697 1 4 1
236 0 5 1708 56 207 84
237 1 3 1716 1 10 1
238 1 7 1723 5 15 7
239 1 6 1732 221 919 331
240 0 10 1741 608 2733 912
241 0 2 1751 1 10 1
242 1 2 1757 1 8 1
243 1 3 1763 1 4 1
244 0 2 1770 319 3136 478
245 0 6 1777 4 12 6
246 1 2 1786 1 9 1
247 1 3 1792 870 4014 1305
248 0 5 1800 367 1588 550
249 1 5 1808 37 131 55
250 0 2 1816 9 73 13
251 1 1 1823 27 233 40
252 1 4 1827 1 4 1
253 0 10 1835 145 582 217
254 1 1 1844 11 90 16
255 0 2 1849 9 73 13
256 0 1 1855 234 2266 351
257 0 1 1859 1 9 1
258 1 1 1864 9 72 13
259 0 4 1869 837 3851 1255
260 1 2 1877 2 17 3
261 0 2 1883 3 25 4
262 1 3 1889 1 3 1
263 0 9 1896 10 31 15
264 1 4 1905 5 15 7
265 1 3 1913 2 6 3
266 0 5 1920 1 4 1
267 1 9 1928 1 5 1
268 1 1 1937 8 64 12
269 0 1 1942 40 353 60
270 1 1 1947 1 8 1
271 1 2 1952 1 10 1
272 0 2 1958 197 1891 295
273 1 16 1964 2 6 3
274 0 4 1974 1 4 1
275 0 1 1982 1 9 1
276 1 6 1988 18 59 27
277 0 5 1997 4 12 6
278 1 3 2005 1 9 1
279 1 16 2012 1 5 1
280 1 2 2022 6 48 9
281 0 6 2029 1 4 1
282 1 2 2038 295 2889 442
283 0 6 2045 1391 6634 2086
284 0 3 2054 65 243 97
285 0 1 2061 1214 12703 1821
286 0 2 2065 5 41 7
287 0 4 2072 6 18 9
288 1 3 2080 12 38 18
289 1 6 2088 1 3 1
290 1 1 2097 3 25 4
291 1 3 2102 5 15 7
292 1 4 2110 1 3 1
293 1 1 2118 1 10 1
294 1 1 2124 1 9 1
295 1 2 2129 4 33 6
296 1 1 2135 5 41 7
297 1 1 2137 354 3497 531
298 1 2 2142 1 11 1
299 0 1 2149 1 9 1
300 1 6 2152 43 155 64
301 0 2 2161 206 1982 309
302 1 1 2167 1 12 1
303 0 2 2171 14 116 21
304 1 1 2177 1 9 1
305 1 5 2182 13 41 19
306 0 3 2190 12 98 18
307 0 1 2197 2 17 3
308 1 8 2202 1 4 1
309 1 7 2211 1 3 1
310 0 16 2220 1 4 1
311 0 2 2230 401 3985 601
312 1 3 2237 1 4 1
313 1 21 2245 7 21 10
314 1 3 2256 3160 15931 4740
315 0 4 2264 1 5 1
316 0 3 2272 44 390 66
317 0 1 2279 14 116 21
318 1 4 2282 1 4 1
319 1 7 2290 93587 576827 140380
320 0 1 2299 1 9 1
321 0 4 2304 1 3 1
322 1 7 2312 1 5 1
323 1 4 2321 1 4 1
324 1 1 2329 3 25 4
325 0 6 2334 1 3 1
326 1 3 2343 31 108 46
327 1 4 2350 1 6 1
328 1 3 2358 15 48 22
329 1 11 2365 774 3541 1161
330 0 2 2375 1 10 1
331 0 2 2381 1 9 1
332 0 2 2387 43 381 64
333 0 1 2394 1074 11175 1611
334 1 25 2400 549 2449 823
335 1 4 2411 1 4 1
336 0 12 2419 1 4 1
337 1 10 2429 26448 151946 39672
338 0 2 2439 30 261 45
339 0 15 2446 3 10 4
340 0 19 2456 317 1356 475
341 1 4 2467 40 143 60
342 0 4 2475 3353 16970 5029
343 1 5 2483 1 4 1
344 1 14 2492 152 613 228
345 1 4 2502 26 89 39
346 1 3 2510 7 21 10
347 0 1 2517 34 297 51
348 1 4 2522 178 727 267
349 1 3 2530 1 6 1
350 1 2 2538 1 9 1
351 0 1 2544 627 6364 940
352 0 4 2549 1 4 1
353 1 3 2557 2 17 3
354 1 1 2564 39 344 58
355 1 15 2569 20 67 30
356 0 13 2579 8 24 12
357 0 2 2589 13 107 19
358 0 2 2596 7811 88612 11716
359 1 15 2602 134 535 201
360 0 7 2612 7 21 10
361 0 5 2621 14 45 21
362 0 5 2629 27 93 40
363 1 2 2637 25 215 37
364 0 13 2643 6896 36548 10344
365 1 3 2653 1 4 1
366 1 2 2660 8129 92374 12193
367 1 4 2667 41 147 61
368 1 1 2675 493 4948 739
369 1 2 2679 3848 42365 5772
370 0 3 2685 6 18 9
371 1 2 2692 1 10 1
372 0 6 2699 3236 16339 4854
373 0 7 2708 100 389 150
374 0 4 2717 1106 5191 1659
375 0 4 2725 11723 64191 17584
376 0 4 2733 237 991 355
377 1 13 2741 4179 21455 6268
378 0 3 2751 275 2684 412
379 1 4 2758 6 18 9
380 0 2 2766 253 2459 379
381 1 1 2773 1 9 1
382 0 6 2778 837 3851 1255
383 1 4 2787 470 2072 705
384 1 2 2795 692 7057 1038
385 1 1 2802 1 13 1
386 1 2 2807 61 551 91
387 1 4 2813 1 5 1
388 0 10 2821 30607 177320 45910
389 0 1 2831 6 48 9
390 0 11 2836 85 326 127
391 1 1 2846 3 25 4
392 0 3 2850 182 745 273
393 0 2 2858 3 25 4
394 1 1 2865 41 363 61
395 0 6 2870 8 24 12
396 0 13 2879 1 4 1
397 0 8 2889 1 6 1
398 0 1 2898 10804 124225 16206
399 1 2 2903 1 9 1
400 0 1 2909 2075 22239 3112
401 1 1 2913 56 504 84
402 0 2 2918 5 40 7
403 1 4 2924 221 919 331
404 1 1 2932 1 9 1
405 0 2 2937 2 17 3
406 0 3 2943 10 81 15
407 0 1 2950 1 9 1
408 0 1 2953 14082 163681 21123
409 0 11 2958 3 9 4
410 1 3 2968 2 17 3
411 1 3 2975 9 27 13
412 0 4 2983 1 3 1
413 1 1 2991 1 8 1
414 1 7 2997 3 10 4
415 0 3 3006 163 661 244
416 1 1 3014 22767 269804 34150
417 1 2 3019 1 10 1
418 1 2 3025 86735 1082746 130102
419 0 1 3032 1423 14997 2134
420 0 2 3034 1 10 1
421 1 2 3040 1 10 1
422 1 1 3047 11537 133011 17305
423 1 23 3051 1 5 1
424 0 3 3062 3 9 4
425 0 1 3069 1 10 1
426 1 1 3071 1 9 1
427 1 21 3075 98 381 147
428 0 1 3086 452 4518 678
429 0 1 3091 48 428 72
430 0 2 3096 423 4214 634
431 1 4 3103 1 3 1
432 0 2 3111 11 90 16
433 1 2 3117 2 17 3
434 0 2 3124 1 9 1
435 0 2 3131 8 64 12
436 1 3 3137 447 1963 670
437 1 7 3144 3 9 4
438 0 2 3153 418 4162 627
439 0 2 3159 178 1700 267
440 0 2 3166 1 10 1
441 0 2 3173 5 40 7
442 1 2 3180 905 9343 1357
443 0 2 3187 1 12 1
444 0 19 3193 138 552 207
445 1 8 3204 6 18 9
446 0 1 3213 1 9 1
447 0 3 3217 176 718 264
448 1 1 3224 6 48 9
449 1 5 3229 1 3 1
450 0 2 3237 389 3861 583
451 1 2 3243 1 9 1
452 1 25 3249 1 4 1
453 0 9 3260 239 1000 358
454 0 3 3269 821 8438 1231
455 1 3 3276 1 3 1
456 0 2 3284 2 17 3
457 1 17 3290 8830 47521 13245
458 0 2 3300 47 419 70
459 1 5 3307 1 3 1
460 0 2 3315 12 99 18
461 1 3 3321 16 52 24
462 1 1 3328 72 657 108
463 0 4 3332 527 2344 790
464 1 1 3340 39 344 58
465 0 4 3345 1 5 1
466 0 1 3353 5 41 7
467 0 3 3356 1 10 1
468 0 3 3363 70 264 105
469 1 4 3370 1 5 1
470 0 2 3378 56 504 84
471 0 3 3384 310 1324 465
472 0 1 3392 1 9 1
473 0 2 3398 294 2878 441
474 1 3 3405 1 3 1
475 0 1 3412 66856 826356 100284
476 0 5 3416 8 24 12
477 0 15 3424 1 4 1
478 0 10 3434 1 4 1
479 0 4 3444 4 13 6
480 0 3 3452 1 9 1
481 1 10 3459 157 635 235
482 1 2 3469 1 9 1
483 1 3 3475 1 4 1
484 1 22 3482 138 552 207
485 0 2 3493 40 353 60
486 0 8 3500 1 4 1
487 1 5 3509 11 34 16
488 1 4 3517 22991 131019 34486
489 0 1 3525 1 9 1
490 0 2 3530 8835 100744 13252
491 1 3 3537 1 4 1
492 1 2 3545 176 1680 264
493 1 2 3552 99 918 148
494 0 4 3559 10 31 15
495 0 4 3567 69 260 103
496 0 2 3575 1 12 1
497 0 3 3582 1 4 1
498 0 3 3590 68 256 102
499 1 9 3598 7 21 10
500 1 6 3607 565 2526 847
