0 0 6 5 1 4 1
1 1 2 22 104 967 156
2 1 11 36 1 3 1
3 0 2 53 18 152 27
4 0 5 67 1 4 1
5 0 21 83 2726 13609 4089
6 1 4 101 2 6 3
7 0 2 117 3 25 4
8 0 10 131 1 3 1
9 0 6 148 2 7 3
10 0 9 164 1029 4805 1543
11 1 16 181 1 3 1
12 0 8 199 1 4 1
13 1 6 216 32 112 48
14 1 1 232 62 561 93
15 1 4 245 1 4 1
16 0 1 261 39 344 58
17 0 8 271 3 9 4
18 0 9 288 1 3 1
19 1 2 305 1409 14843 2113
20 0 2 319 1 9 1
21 1 7 333 97 377 145
22 0 1 350 1 10 1
23 1 5 362 817 3753 1225
24 0 1 378 1 9 1
25 0 5 387 23 78 34
26 0 4 403 1 4 1
27 1 1 419 39 344 58
28 1 97 432 1 3 1
29 0 14 452 14936 82982 22404
30 0 6 470 1571 7556 2356
31 0 2 487 1 9 1
32 1 40 501 587 2632 880
33 1 18 520 38 135 57
34 0 4 538 23 78 34
35 0 2 554 3 25 4
36 0 10 568 21 70 31
37 0 2 585 1 11 1
38 1 7 599 3 10 4
39 1 2 616 6 48 9
40 1 26 630 118332 738536 177498
41 1 4 649 1 4 1
42 0 3 665 844 3886 1266
43 0 2 680 3 25 4
44 1 1 694 4 33 6
45 0 4 707 1315 6247 1972
46 0 1 723 1 9 1
47 0 2 736 1 9 1
48 1 1 750 278 2715 417
49 0 7 763 1987517 14261102 2981275
50 0 3 780 9171 104738 13756
51 1 5 795 1 4 1
52 0 30 811 1 3 1
53 0 3 830 1 4 1
54 1 1 845 113 1055 169
55 1 1 857 1 10 1
56 0 6 869 25 85 37
57 0 14 885 4 12 6
58 0 2 903 3 25 4
59 0 3 917 251 1054 376
60 0 1 932 1 9 1
61 0 3 945 55 203 82
62 1 9 960 23 78 34
63 1 15 977 9 27 13
64 0 3 995 7 21 10
65 1 1 1010 1 11 1
66 0 1 1023 765 7837 1147
67 1 5 1033 411712 2739557 617568
68 0 6 1049 1 5 1
69 0 5 1066 1 4 1
70 1 3 1082 5 40 7
71 1 3 1097 5 40 7
72 0 2 1112 1 10 1
73 0 3 1126 1 3 1
74 1 5 1142 63464 383001 95196
75 0 7 1158 24 82 36
76 0 2 1175 2 17 3
77 1 5 1189 1 4 1
78 1 1 1205 10 81 15
79 0 4 1216 1 5 1
80 0 4 1232 21 70 31
81 1 1 1248 2208 23729 3312
82 0 7 1260 1 5 1
83 0 2 1277 1 9 1
84 0 1 1291 149 1411 223
85 1 2 1301 1 9 1
86 1 3 1316 2059 10088 3088
87 0 6 1331 2 7 3
88 1 3 1347 1 9 1
89 1 2 1362 49 438 73
90 0 5 1377 1 7 1
91 0 4 1393 2 7 3
92 1 9 1409 3 10 4
93 1 7 1426 1 3 1
94 1 1 1443 1 8 1
95 1 1 1455 3 25 4
96 1 5 1467 1 5 1
97 1 3 1483 1 4 1
98 0 2 1499 100 928 150
99 0 3 1513 2 17 3
100 1 3 1528 3 10 4
101 1 7 1544 2 7 3
102 0 3 1561 22 188 33
103 1 4 1576 36 127 54
104 0 2 1592 3 25 4
105 0 1 1607 9 72 13
106 0 4 1620 539 2401 808
107 1 3 1636 867 3999 1300
108 1 2 1651 1 9 1
109 0 6 1665 6 18 9
110 1 1 1681 203 1952 304
111 1 3 1694 354 1527 531
112 0 8 1710 16 52 24
113 0 2 1727 30 261 45
114 0 3 1741 903 4177 1354
115 0 3 1756 1 3 1
116 1 1 1771 48 428 72
117 1 1 1784 56 504 84
118 0 4 1796 1 4 1
119 1 11 1812 57 211 85
120 1 13 1830 117 461 175
121 1 4 1848 89 343 133
122 0 4 1864 2 7 3
123 0 4 1880 1 3 1
124 0 1 1896 1 12 1
125 1 4 1908 93 360 139
126 0 1 1924 1 10 1
127 0 1 1936 1 10 1
128 0 5 1949 1 3 1
129 1 11 1965 79 301 118
130 1 7 1982 1 4 1
131 0 1 1999 7 56 10
132 1 1 2010 1 9 1
133 1 1 2023 2 17 3
134 0 1 2034 1 9 1
135 0 1 2047 1 10 1
136 0 24 2059 139 556 208
137 0 2 2078 206 1982 309
138 0 2 2092 30 261 45
139 0 2 2106 918 9484 1377
140 1 16 2120 53 195 79
141 0 3 2138 1 4 1
142 1 2 2153 21 179 31
143 0 2 2167 1 9 1
144 1 2 2181 1 9 1
145 0 1 2195 1 9 1
146 0 1 2207 1 9 1
147 0 4 2220 1 4 1
148 0 1 2236 317 3115 475
149 0 1 2249 68 618 102
150 0 7 2262 2042 9999 3063
151 1 2 2279 60 542 90
152 1 1 2293 1 11 1
153 1 1 2306 3 25 4
154 0 5 2319 27353 157450 41029
155 1 8 2335 11 34 16
156 1 18 2352 59 219 88
157 0 1 2370 1 9 1
158 0 4 2380 9 27 13
159 0 3 2396 1 12 1
160 0 4 2411 1 4 1
161 0 4 2427 1 3 1
162 1 6 2443 2 7 3
163 0 1 2460 4 33 6
164 0 1 2473 142 1341 213
165 1 1 2484 3 25 4
166 1 1 2495 24 206 36
167 1 1 2507 1213 12692 1819
168 1 10 2519 310 1324 465
169 0 3 2536 1 4 1
170 1 16 2551 8 24 12
171 1 9 2569 7940 42452 11910
172 0 8 2586 1 3 1
173 0 4 2603 1 6 1
174 0 4 2619 1 3 1
175 1 5 2635 14 45 21
176 1 2 2651 9321 106522 13981
177 1 1 2665 7 56 10
178 1 5 2678 266 1122 399
179 1 1 2694 2 17 3
180 0 4 2705 2 6 3
181 1 1 2721 8 64 12
182 0 2 2731 813 8352 1219
183 0 1 2746 19 161 28
184 0 3 2759 7 21 10
185 0 1 2774 74 676 111
186 0 2 2783 6 48 9
187 0 7 2797 2 7 3
188 1 2 2814 11 90 16
189 0 8 2829 522 2320 783
190 1 5 2846 4 12 6
191 0 7 2862 1 4 1
192 0 4 2879 5 15 7
193 1 5 2895 10 31 15
194 0 1 2911 52907 648087 79360
195 0 2 2924 66643 823623 99964
196 1 1 2938 5 41 7
197 1 2 2951 6 48 9
198 1 6 2965 45 163 67
199 1 3 2981 112 440 168
200 0 2 2996 2 17 3
201 1 3 3010 421866 5581968 632799
202 0 1 3025 20 170 30
203 0 7 3038 199 821 298
204 1 2 3055 4 33 6
205 0 1 3070 3 25 4
206 0 3 3077 43 381 64
207 1 4 3092 1214 5735 1821
208 1 1 3108 1 9 1
209 1 9 3120 10 31 15
210 1 7 3137 4581 23658 6871
211 1 4 3154 1 4 1
212 0 15 3170 34 120 51
213 0 4 3188 1 4 1
214 0 1 3204 1 9 1
215 1 4 3216 1 6 1
216 1 2 3232 1 9 1
217 0 1 3247 1 10 1
218 0 1 3260 1 10 1
219 1 5 3270 43 155 64
220 1 2 3286 10 81 15
221 1 5 3300 1 3 1
222 0 10 3316 1 4 1
223 0 15 3333 1 4 1
224 0 3 3351 1 10 1
225 0 2 3366 64 580 96
226 1 3 3380 1 5 1
227 0 4 3395 5 15 7
228 0 14 3411 3 9 4
229 0 2 3429 21 179 31
230 0 2 3443 1 9 1
231 1 3 3457 11681 134740 17521
232 1 1 3472 1 10 1
233 1 4 3485 28 97 42
234 1 2 3501 2 17 3
235 0 1 3515 8508 96864 12762
236 0 26 3526 9 27 13
237 1 2 3545 1 9 1
238 0 1 3560 1 10 1
239 1 2 3573 1 14 1
240 0 3 3588 133 530 199
241 1 1 3603 3 25 4
242 0 3 3614 171 696 256
