0 0 16 5 2334 11532 3501
1 0 9 15 12 38 18
2 0 1 24 207 1992 310
3 0 3 29 2 17 3
4 1 1 36 1146261 15708850 1719391
5 0 4 41 1 4 1
6 1 2 49 1 9 1
7 1 3 56 87 334 130
8 1 1 63 232 2245 348
9 1 1 69 1197 12517 1795
10 0 6 74 8 24 12
11 1 1 83 4 33 6
12 1 2 88 4 33 6
13 1 2 94 7816 88672 11724
14 0 2 100 1375 14469 2062
15 0 21 106 1 3 1
16 1 3 117 1 4 1
17 1 2 124 2815 30576 4222
18 1 2 130 1 10 1
19 0 4 136 1 3 1
20 0 10 144 70 264 105
21 1 1 154 8 64 12
22 1 4 159 1 3 1
23 1 2 167 5 40 7
24 1 1 174 1 11 1
25 1 1 178 1 10 1
26 1 6 183 1 4 1
27 1 4 192 2 6 3
28 1 1 200 2 17 3
29 1 3 204 1 9 1
30 0 19 211 5 15 7
31 1 3 222 87 334 130
32 0 4 230 12 38 18
33 0 4 238 1 4 1
34 1 1 246 1 11 1
35 1 1 251 18679 219610 28018
36 1 6 256 8431 45245 12646
37 0 3 265 37 131 55
38 0 5 273 423 1850 634
39 0 8 281 192 789 288
40 0 3 290 1 4 1
41 0 1 298 14 116 21
42 1 3 302 1 11 1
43 1 8 309 1 4 1
44 0 3 318 1 5 1
45 1 2 326 1 10 1
46 1 2 333 1 11 1
47 0 2 339 1 9 1
48 1 2 346 252 2449 378
49 0 2 352 66 599 99
50 1 8 358 3 10 4
51 1 2 367 40 353 60
52 0 4 374 4 12 6
53 0 3 382 1 4 1
54 0 4 390 1 5 1
55 0 3 398 1 3 1
56 1 4 406 1 4 1
57 1 3 414 45 163 67
58 1 1 422 45 400 67
59 0 2 427 3 25 4
60 0 5 433 1 5 1
61 1 1 441 12 98 18
62 0 3 446 1 4 1
63 1 7 453 1 4 1
64 0 5 462 1 4 1
65 1 3 470 4 12 6
66 0 7 478 2016 9863 3024
67 0 2 487 64276 793270 96414
68 1 1 493 74 675 111
69 1 4 497 320 1370 480
70 1 5 505 17 56 25
71 1 3 513 1 11 1
72 0 5 520 12 38 18
73 1 4 528 1 3 1
74 0 13 536 15 48 22
75 0 1 546 1 9 1
76 0 8 552 1 5 1
77 1 3 561 73 276 109
78 0 2 568 2 17 3
79 1 2 575 1 10 1
80 0 2 582 2 17 3
81 0 1 588 64 580 96
82 1 3 593 1 9 1
83 0 5 600 209 865 313
84 1 2 608 8 64 12
85 0 15 615 74 280 111
86 0 2 625 1 11 1
87 1 13 631 1 4 1
88 0 4 641 1 4 1
89 1 3 649 1 10 1
90 1 4 656 113 444 169
91 0 8 664 122370 765098 183555
92 1 5 673 3336 16878 5004
93 1 1 682 30 261 45
94 1 5 687 36 128 54
95 0 1 695 1 10 1
96 1 3 701 654 6652 981
97 1 1 708 2 17 3
98 1 4 712 65 243 97
99 1 3 720 1 3 1
100 0 5 728 5 15 7
101 1 4 736 2 6 3
102 1 3 744 13 107 19
103 0 2 751 6102 68512 9153
104 0 1 758 1 9 1
105 0 2 764 14 116 21
106 0 2 771 1 11 1
107 1 7 778 1 5 1
108 0 1 787 759 7773 1138
109 1 4 792 1 5 1
110 0 21 800 279 1182 418
111 0 5 811 13 41 19
112 0 2 819 41 362 61
113 1 7 825 75995 463159 113992
114 0 41 834 1 4 1
115 1 4 846 1 3 1
116 1 1 854 147 1391 220
117 1 7 859 189 776 283
118 1 4 868 4 13 6
119 0 18 876 10 31 15
120 0 3 886 2 17 3
121 0 2 893 1 8 1
122 1 10 899 4808 24908 7212
123 1 2 908 5 41 7
124 0 3 915 6231 32815 9346
125 1 3 923 31 108 46
126 0 1 931 956 9895 1434
127 1 1 936 23 197 34
128 0 2 937 1 12 1
129 0 4 944 109 427 163
130 0 1 952 1 11 1
131 1 2 957 2 17 3
132 0 3 964 1525 16122 2287
133 0 2 971 4 33 6
134 1 6 978 246 1031 369
135 1 4 987 101 394 151
136 1 2 995 171 1630 256
137 1 1 1001 316 3105 474
138 0 14 1007 1 5 1
139 1 2 1017 544 5485 816
140 0 6 1023 78 297 117
141 1 8 1032 1 4 1
142 1 1 1041 1 9 1
143 0 6 1045 1 3 1
144 0 1 1054 9 72 13
145 1 3 1060 521 2315 781
146 0 2 1067 1 9 1
147 1 2 1073 272 2653 408
148 0 1 1080 7 56 10
149 0 2 1085 715 7302 1072
150 1 4 1092 8 24 12
151 1 2 1100 20 170 30
152 0 5 1107 413 1803 619
153 1 3 1115 1 4 1
154 0 5 1122 3 9 4
155 1 1 1130 1 9 1
156 1 3 1134 1 4 1
157 0 42 1142 473 2086 709
158 1 1 1154 35 307 52
159 0 3 1159 147 591 220
160 1 8 1166 8 24 12
161 0 9 1175 1 3 1
162 1 1 1184 4 33 6
163 1 12 1190 1 4 1
164 1 1 1200 897 9257 1345
165 0 2 1206 279 2725 418
166 0 67 1212 254 1068 381
167 1 1 1224 5 41 7
168 1 2 1229 40 353 60
169 0 1 1235 1 9 1
170 0 4 1241 1 4 1
171 1 2 1249 2 17 3
172 1 2 1256 7 56 10
173 1 7 1262 1 3 1
174 0 6 1271 16 52 24
175 1 6 1280 3 9 4
176 0 3 1289 1253 13129 1879
177 0 1 1296 3 25 4
178 1 5 1301 1 5 1
179 0 2 1309 2972 32357 4458
180 0 3 1315 1 9 1
181 0 1 1322 284 2776 426
182 0 2 1327 3046 33198 4569
183 1 1 1334 1 9 1
184 0 2 1337 170 1620 255
185 0 5 1343 1 3 1
186 1 4 1351 28358 163574 42537
187 1 12 1359 1 5 1
188 0 5 1369 1 4 1
189 0 1 1377 1 11 1
190 1 2 1383 5 40 7
191 0 1 1389 568 5739 852
192 1 3 1394 1 9 1
193 1 20 1401 1056 4940 1584
194 1 9 1412 1 4 1
195 0 1 1421 1 11 1
196 0 3 1425 1 4 1
197 1 10 1432 1 4 1
198 0 6 1442 1 6 1
199 1 1 1451 15 125 22
200 0 2 1455 3 25 4
201 0 2 1461 8 64 12
202 0 1 1467 1 10 1
203 1 3 1472 50 183 75
204 1 2 1479 15 125 22
205 0 8 1485 1 4 1
206 1 7 1494 1 4 1
207 1 4 1503 2 7 3
208 1 3 1511 1 3 1
209 1 14 1518 1 3 1
210 1 1 1528 96 888 144
211 0 8 1533 6 18 9
212 1 1 1542 137 1291 205
213 0 3 1547 398 1733 597
214 0 3 1554 1 3 1
215 0 2 1562 1 8 1
216 1 5 1569 23 78 34
217 0 1 1577 4 33 6
218 0 2 1583 16033 187342 24049
219 1 4 1589 8 24 12
220 0 1 1597 100 928 150
221 0 1 1603 1 9 1
222 0 1 1607 8 64 12
223 0 8 1610 1 5 1
224 1 1 1619 6 48 9
225 1 5 1624 1 5 1
226 0 2 1632 1 11 1
227 1 3 1639 136 543 204
228 0 4 1646 1 5 1
229 0 4 1654 1 5 1
230 0 3 1662 37 131 55
231 0 1 1669 1 10 1
232 1 4 1674 4 12 6
233 1 2 1682 28 242 42
234 0 3 1688 1796 8718 2694
235 1 4 1696 11 34 16
236 0 5 1704 1 4 1
237 1 5 1713 1 5 1
238 0 4 1722 1 4 1
239 1 3 1730 1 10 1
240 1 30 1737 18 59 27
241 1 2 1748 13076 151529 19614
242 1 5 1755 142 569 213
243 1 1 1764 39 344 58
244 0 6 1768 23 78 34
245 1 2 1777 4422 48975 6633
246 1 2 1784 1340 14084 2010
247 1 8 1791 2615 13019 3922
248 0 7 1800 1 3 1
249 0 4 1809 4 12 6
250 0 6 1817 23 78 34
251 0 6 1826 86 330 129
252 1 1 1835 35 307 52
253 1 3 1839 5 15 7
254 1 2 1846 668 6800 1002
255 0 1 1852 52 466 78
256 1 7 1858 19 63 28
257 0 1 1867 36 316 54
258 0 7 1871 10 31 15
259 1 7 1880 51515 307331 77272
260 1 1 1889 3847 42353 5770
261 0 5 1893 13 41 19
262 1 2 1901 4 33 6
263 1 3 1907 2 17 3
264 1 1 1914 1 10 1
265 0 6 1920 1 5 1
266 1 3 1929 2 17 3
267 1 6 1936 295 1255 442
268 0 3 1945 146 587 219
269 1 6 1952 80571 492607 120856
270 0 5 1961 1 4 1
271 0 2 1969 1 10 1
272 1 3 1976 122 483 183
273 1 3 1983 1 6 1
274 1 2 1991 1 9 1
275 1 7 1998 1 3 1
276 0 5 2007 1 3 1
277 0 1 2015 10 81 15
278 1 1 2019 2 17 3
279 0 3 2024 265 2582 397
280 0 3 2031 17 56 25
281 1 4 2038 2 7 3
282 0 5 2046 1 7 1
283 1 6 2054 16 52 24
284 1 6 2063 1 5 1
285 0 12 2072 335 1439 502
286 0 3 2082 1719 18270 2578
287 0 2 2089 2 17 3
288 1 1 2095 1 11 1
289 1 2 2100 198 1901 297
290 0 2 2106 212 2043 318
291 0 1 2113 1 10 1
292 1 2 2119 1 9 1
293 0 2 2126 3 25 4
294 1 14 2132 2 7 3
295 1 4 2142 8 24 12
296 1 2 2150 1 11 1
297 0 1 2156 1 9 1
298 1 1 2161 6 48 9
299 1 4 2164 1 3 1
300 0 18 2172 61 227 91
301 1 4 2182 1 3 1
302 1 1 2190 51795 633945 77692
303 0 2 2195 57 513 85
304 0 1 2201 3512 38514 5268
305 1 26 2206 24 82 36
306 0 2 2217 20 170 30
307 0 1 2223 149 1411 223
308 0 13 2228 1 4 1
309 1 1 2238 1 10 1
310 1 3 2243 13 107 19
311 0 2 2250 6 48 9
312 0 1 2256 8751 99747 13126
313 1 3 2262 1 12 1
314 0 5 2269 1144 5382 1716
315 1 12 2277 1 4 1
316 1 4 2287 1 4 1
317 1 4 2295 1 4 1
318 0 1 2303 5 41 7
319 1 7 2305 338 1453 507
320 0 4 2314 1 4 1
321 1 1 2322 4 33 6
322 0 49 2327 1 3 1
323 1 6 2339 220 914 330
324 1 3 2348 525 5285 787
325 0 2 2355 1 9 1
326 0 5 2362 458 2016 687
327 1 5 2370 914 4232 1371
328 1 3 2379 1 9 1
329 1 3 2386 1 3 1
330 1 7 2394 4 12 6
331 0 5 2403 184 754 276
332 0 17 2411 16668 93211 25002
333 0 2 2421 1 9 1
334 1 4 2428 20 67 30
335 1 1 2436 2 17 3
336 1 2 2441 995 10318 1492
337 1 11 2447 1 4 1
338 1 3 2457 1 5 1
339 0 3 2464 9 73 13
340 0 5 2471 1 4 1
341 0 2 2479 1 9 1
342 1 1 2486 50760 620793 76140
343 0 3 2491 157230 996104 235845
344 1 5 2499 1366 6507 2049
345 0 2 2507 3 25 4
346 0 2 2514 1 9 1
347 1 5 2520 1 5 1
348 0 10 2529 1 4 1
349 0 4 2539 2222 10943 3333
350 0 10 2547 1 5 1
351 1 1 2557 6 48 9
352 1 25 2562 1 4 1
353 0 3 2573 6 48 9
354 1 5 2580 1 5 1
355 0 3 2588 2 6 3
356 0 2 2596 1 9 1
357 1 1 2602 46 409 69
358 1 3 2605 2 6 3
359 1 14 2612 11 34 16
360 1 1 2622 336 3311 504
361 0 7 2628 4761 24649 7141
362 1 2 2637 2 17 3
363 1 3 2643 1 11 1
364 1 1 2650 1 9 1
365 0 2 2656 8 64 12
366 1 2 2663 3 25 4
367 1 1 2670 2291 24661 3436
368 1 9 2675 15 48 22
369 1 7 2684 567 2535 850
370 0 4 2693 1 5 1
371 0 5 2701 3 9 4
372 0 1 2709 4 33 6
373 0 4 2712 246 1032 369
374 0 2 2720 21 179 31
375 0 3 2727 4 12 6
376 0 2 2735 24 206 36
377 1 4 2741 7 21 10
378 1 5 2749 1 4 1
379 0 4 2757 3 10 4
380 1 3 2765 119979 749364 179968
381 0 1 2772 1 9 1
382 1 11 2777 87 334 130
383 0 3 2787 4 12 6
384 1 4 2795 1 4 1
385 0 42 2803 1 4 1
386 0 5 2815 1704 8242 2556
387 1 1 2823 419 4173 628
388 0 1 2828 8 64 12
389 1 5 2834 384 1667 576
390 1 2 2842 13959 162193 20938
391 0 2 2848 150 1421 225
392 0 7 2854 29 101 43
393 1 5 2863 38 135 57
394 0 1 2872 1 9 1
395 1 5 2874 65 244 97
396 0 3 2882 3 9 4
397 1 1 2890 2 17 3
398 1 2 2894 168 1600 252
399 1 3 2900 1355 6451 2032
400 1 1 2908 1 9 1
401 0 8 2913 1 3 1
402 1 2 2922 121 1133 181
403 0 4 2928 1 3 1
404 1 5 2936 1 4 1
405 0 3 2944 1 10 1
406 0 6 2951 501 2220 751
407 1 5 2960 1 3 1
408 1 3 2969 60 542 90
409 0 3 2976 131 1232 196
410 0 1 2983 1 11 1
411 0 3 2988 1 5 1
412 0 1 2995 4 33 6
413 0 16 2999 1 6 1
414 0 3 3009 2 6 3
415 1 5 3017 1 5 1
416 0 4 3025 3669 18679 5503
417 0 2 3033 8 64 12
418 0 5 3039 18 59 27
419 0 3 3047 104 406 156
420 1 8 3054 21 70 31
421 1 3 3063 28564 164831 42846
422 0 5 3070 238 995 357
423 0 3 3078 1 4 1
424 1 7 3085 48 175 72
425 0 1 3094 10 81 15
426 0 43 3100 1 3 1
427 1 2 3112 14 116 21
428 0 16 3118 775 3546 1162
429 0 2 3128 1 9 1
430 1 1 3134 6782 76486 10173
431 0 1 3140 9 72 13
432 0 13 3143 49 179 73
433 1 12 3153 6784 35918 10176
434 1 2 3163 7 56 10
435 1 2 3170 1 10 1
436 1 3 3176 9 27 13
437 1 4 3183 1196 5644 1794
438 0 17 3191 1 5 1
439 1 2 3201 17 143 25
440 1 17 3207 7 21 10
441 1 3 3217 26 224 39
442 1 3 3224 1 4 1
443 0 1 3231 15 125 22
444 1 2 3237 2 17 3
445 1 1 3244 225 2174 337
446 0 6 3249 10 31 15
447 0 3 3258 1 4 1
448 1 3 3265 16 52 24
449 0 1 3273 11 90 16
450 0 1 3278 1 10 1
451 0 6 3283 61446 370165 92169
452 1 1 3292 5 41 7
453 1 3 3295 1 5 1
454 0 8 3302 23 78 34
455 1 3 3311 39 139 58
456 0 2 3319 150 1421 225
457 1 3 3326 1921 9368 2881
458 0 14 3333 1 4 1
459 0 1 3343 1 9 1
460 0 1 3347 6 48 9
461 0 4 3351 5894 30931 8841
462 1 8 3359 1 4 1
463 0 14 3368 1 5 1
464 0 5 3378 489 2163 733
465 0 4 3386 1 3 1
466 1 2 3394 1 9 1
467 0 2 3400 1 9 1
468 0 3 3406 1 9 1
469 0 1 3413 1 9 1
470 0 2 3418 2 17 3
471 1 2 3424 7 56 10
472 0 1 3431 1606 17017 2409
473 1 1 3437 791 8116 1186
474 0 7 3442 14 45 21
475 0 2 3451 1 10 1
476 0 5 3457 2050 10041 3075
477 0 11 3465 7 21 10
478 1 2 3475 2 17 3
479 0 2 3481 1 9 1
480 0 36 3487 23 78 34
481 0 8 3498 2 7 3
482 1 6 3507 47 171 70
483 1 6 3516 174 709 261
484 0 1 3525 38 335 57
485 1 6 3530 1 3 1
486 1 4 3539 1 4 1
487 1 5 3547 23 78 34
488 0 1 3555 11 90 16
489 0 4 3560 1 4 1
490 1 2 3568 12 99 18
491 0 1 3574 1 9 1
492 1 11 3579 1 3 1
493 0 1 3589 1 9 1
494 0 3 3594 12 38 18
495 1 3 3602 6 18 9
496 0 49 3610 694 3150 1041
