0 0 6 5 2 17 3
1 1 9 13 1 3 1
2 0 6 22 1 9 1
3 0 5 30 1 9 1
4 0 5 38 1 10 1
5 0 4 46 1 9 1
6 0 26 54 31 108 46
7 0 1 63 1 9 1
8 0 22 69 383 1663 574
9 0 8 78 1 6 1
10 0 2 86 1 10 1
11 0 9 93 145 582 217
12 0 2 102 1 9 1
13 0 4 109 1 10 1
14 1 5 117 105 976 157
15 0 2 125 3 25 4
16 0 3 132 3441 37702 5161
17 1 5 140 25 215 37
18 0 1 148 1 9 1
19 0 4 154 1 8 1
20 1 1 162 3 25 4
21 1 2 169 8 64 12
22 0 8 176 14 45 21
23 1 5 184 1 13 1
24 1 27 192 30 104 45
25 0 2 201 1 8 1
26 0 3 208 3 25 4
27 0 3 216 1 8 1
28 0 10 224 1 3 1
29 0 1 233 1 10 1
30 1 1 239 1 10 1
31 0 8 246 4 12 6
32 0 5 255 4 33 6
33 0 11 263 1 4 1
34 0 3 272 161 1530 241
35 0 5 280 1 8 1
36 1 8 288 1 3 1
37 1 18 297 6 18 9
38 0 11 306 5 15 7
39 0 7 315 1 4 1
40 1 7 323 6 18 9
41 1 3 331 2 17 3
42 1 3 339 1 10 1
43 1 7 347 80 305 120
44 0 1 355 850 8750 1275
45 0 5 361 1 9 1
46 0 16 369 83 318 124
47 1 3 378 20 170 30
48 0 3 386 1013 10513 1519
49 1 10 394 4 12 6
50 1 3 403 1 9 1
51 1 22 411 3 10 4
52 1 6 420 8 64 12
53 1 2 428 26 224 39
54 0 1 435 5 40 7
55 0 4 442 1 9 1
56 0 1 450 1 11 1
57 1 2 456 13 107 19
58 1 1 463 6 48 9
59 0 3 469 242 2347 363
60 1 11 477 312 1333 468
61 1 4 486 1 10 1
62 0 3 494 121 1133 181
63 1 1 501 1 10 1
64 0 3 506 1875649 26141601 2813473
65 1 10 514 395 1719 592
66 0 5 523 17 143 25
67 0 3 531 103 957 154
68 0 5 538 21 179 31
69 0 1 546 1289 13524 1933
70 0 59 551 901 4167 1351
71 0 1 561 51 456 76
72 0 13 567 26 89 39
73 1 1 576 4 33 6
74 0 3 582 6 48 9
75 1 1 590 13 107 19
76 0 2 596 26 224 39
77 0 5 603 1 10 1
78 0 1 611 1 9 1
79 1 27 616 1 6 1
80 0 2 625 68 618 102
81 0 6 632 2107 22597 3160
82 0 3 640 1 9 1
83 0 3 647 156 1480 234
84 0 2 654 35 307 52
85 1 1 661 5 41 7
86 0 2 667 1 12 1
87 0 1 674 1 10 1
88 1 1 680 1 11 1
89 1 2 687 803 8245 1204
90 0 1 694 3 25 4
91 0 1 701 1 10 1
92 0 1 707 10 81 15
93 1 5 713 1653 17538 2479
94 0 4 721 1 9 1
95 0 1 729 17 143 25
96 0 2 734 6 48 9
97 1 7 741 4432 22840 6648
98 0 3 749 95 879 142
99 0 3 757 1 10 1
100 0 2 765 1 9 1
101 0 1 772 1 9 1
102 0 5 779 1 9 1
103 0 1 787 2 17 3
104 0 1 794 15 125 22
105 0 4 799 26 224 39
106 1 4 807 2 17 3
107 1 3 815 12 98 18
108 1 1 823 3 25 4
109 0 11 830 1 4 1
110 0 4 839 42 372 63
111 0 2 847 525 5285 787
112 1 1 854 54827 672531 82240
113 1 11 860 1 4 1
114 1 3 869 756 7741 1134
115 0 8 877 1 5 1
116 1 3 886 2505 27070 3757
117 0 1 893 1 9 1
118 0 12 899 62 231 93
119 0 2 908 9268 105892 13902
120 0 3 915 305 2992 457
121 0 1 923 22 188 33
122 0 2 930 1 9 1
123 1 6 937 78694 978745 118041
124 1 1 945 1 9 1
125 1 25 952 31 108 46
126 1 7 961 13 41 19
127 1 5 969 90 830 135
128 0 9 977 15 49 22
129 1 4 986 226 2184 339
130 0 2 994 1 11 1
131 1 1 1001 5 40 7
132 0 16 1007 1 4 1
133 1 2 1016 3 25 4
134 1 3 1023 1 11 1
135 1 7 1031 1610 7757 2415
136 0 2 1039 4 33 6
137 1 1 1046 1 11 1
138 1 2 1052 1 10 1
139 1 3 1059 29 252 43
140 0 10 1067 25 85 37
141 1 7 1076 14 45 21
142 1 2 1084 781 8009 1171
143 0 4 1091 72 656 108
144 0 2 1099 1 11 1
145 0 4 1106 19 161 28
146 1 2 1114 107 996 160
147 1 2 1121 18 152 27
148 0 1 1128 1 10 1
149 1 2 1134 1 12 1
150 1 3 1141 1 9 1
151 1 2 1149 45 400 67
152 1 9 1156 9 27 13
153 0 2 1165 1 11 1
154 0 2 1172 18 152 27
155 1 1 1179 1 8 1
156 1 2 1185 1 9 1
157 1 1 1192 470 4706 705
158 0 5 1198 1 9 1
159 1 3 1206 1 9 1
160 1 9 1214 6695 35418 10042
161 0 4 1223 1 11 1
162 0 4 1231 1 9 1
163 0 2 1239 1 10 1
164 1 3 1246 11 90 16
165 1 6 1254 7 56 10
166 1 7 1262 152 613 228
167 0 2 1270 53 476 79
168 1 1 1277 23545 279399 35317
169 0 8 1282 351 1514 526
170 1 1 1291 112 1045 168
171 0 2 1297 1946 20797 2919
172 1 1 1304 1 10 1
173 1 2 1311 71 647 106
174 1 4 1318 20 170 30
175 0 3 1326 1 9 1
176 1 1 1333 33091 398004 49636
177 1 2 1339 583 5897 874
178 1 3 1346 328 3229 492
179 1 4 1354 1 9 1
180 1 8 1362 559 2497 838
181 0 2 1370 1 14 1
182 1 1 1377 130 1222 195
183 1 5 1382 1 8 1
184 1 3 1390 756 7741 1134
185 0 5 1398 2 17 3
186 0 2 1406 6 48 9
187 0 11 1413 26 89 39
188 0 1 1422 113 1055 169
189 0 1 1428 21 179 31
190 1 5 1434 1 11 1
191 1 2 1442 3 25 4
192 1 7 1449 6 18 9
193 0 6 1457 1 11 1
194 0 2 1465 14 116 21
195 1 3 1472 21 179 31
196 0 4 1480 1 10 1
197 1 5 1488 7369 83395 11053
198 0 1 1496 360 3559 540
199 1 3 1500 1119 11665 1678
200 1 1 1508 2 17 3
201 1 2 1514 1 8 1
202 1 2 1521 1 10 1
203 1 25 1528 1 5 1
204 0 2 1537 1 9 1
205 1 2 1544 7 56 10
206 1 2 1551 1 9 1
207 1 2 1558 5 40 7
208 1 99 1565 1 3 1
209 0 12 1575 1 4 1
210 0 7 1584 1 4 1
211 1 2 1592 27 233 40
212 0 5 1599 1116 11633 1674
213 1 19 1607 260 1095 390
214 0 2 1616 1151 12015 1726
215 0 10 1623 33 116 49
216 1 2 1632 470 4707 705
217 1 2 1639 1305 13700 1957
218 0 1 1646 1 10 1
219 0 5 1653 40 353 60
220 0 3 1661 61 551 91
221 1 3 1669 1 11 1
222 1 1 1677 12 99 18
223 0 5 1683 15 125 22
224 1 1 1691 210 2022 315
225 0 4 1697 2 17 3
226 0 1 1705 1 11 1
227 0 17 1711 200 825 300
228 0 3 1720 15 125 22
229 1 1 1728 39 344 58
230 0 1 1733 14 116 21
231 0 2 1739 796 8170 1194
232 1 5 1746 2 17 3
233 0 3 1754 8 64 12
234 1 1 1762 8180 92978 12270
235 0 1 1768 6701 75534 10051
236 0 3 1775 20 170 30
237 0 6 1783 705 7195 1057
238 1 2 1791 4 33 6
239 1 1 1798 9 72 13
240 0 4 1804 3 25 4
241 0 2 1812 54 485 81
242 1 2 1819 1 8 1
243 0 2 1826 287 2807 430
244 1 13 1833 3 9 4
245 0 37 1842 93 360 139
246 0 6 1851 1 9 1
247 1 7 1859 1 5 1
248 1 4 1867 1 9 1
249 0 4 1875 8 64 12
250 0 10 1883 170 692 255
251 1 3 1892 1442 15206 2163
252 0 16 1900 59 219 88
253 1 3 1909 219 2114 328
254 0 5 1917 913 9430 1369
255 0 6 1925 13 107 19
256 0 7 1933 130 517 195
257 0 2 1941 16 134 24
258 0 1 1948 29 251 43
259 0 1 1954 319 3136 478
260 1 1 1959 1978 21154 2967
261 1 8 1965 121 479 181
262 1 2 1974 1 11 1
263 1 2 1981 31 270 46
264 0 1 1988 3 25 4
265 1 2 1995 468 4685 702
266 1 2 2002 157 1490 235
267 0 2 2009 1420 14964 2130
268 0 8 2016 1 3 1
269 0 1 2025 8 64 12
270 0 7 2031 2 7 3
271 1 2 2039 2078 22272 3117
272 1 2 2046 20 170 30
273 0 4 2053 12 99 18
274 1 1 2061 1307 13721 1960
275 1 1 2068 1 9 1
276 1 1 2074 1 12 1
277 0 4 2080 171 1630 256
278 0 4 2088 1 8 1
279 0 2 2096 24 206 36
280 0 2 2103 13 107 19
281 0 1 2110 3 25 4
282 0 2 2116 2 17 3
283 1 1 2123 8 64 12
284 1 24 2129 10 31 15
285 0 2 2138 326 3208 489
286 0 2 2145 181 1730 271
287 1 2 2152 1 9 1
288 1 2 2159 24190 287361 36285
289 1 1 2166 1 8 1
290 0 21 2172 66 248 99
291 1 2 2181 105 977 157
292 1 11 2188 1 3 1
293 0 1 2197 1 10 1
294 1 14 2203 12 38 18
295 1 1 2212 1 9 1
296 1 5 2217 1 10 1
297 0 20 2225 36 127 54
298 1 1 2234 18 152 27
299 0 1 2239 1 9 1
300 0 4 2245 346 3414 519
301 0 1 2253 159520 2037325 239280
302 1 4 2259 1 10 1
303 0 1 2267 1 9 1
304 0 4 2273 2 17 3
305 1 1 2281 558 5633 837
306 1 65 2287 3 10 4
307 0 2 2297 14365 167106 21547
308 1 4 2304 180 1720 270
309 0 4 2312 1 9 1
310 1 17 2320 17 56 25
311 0 3 2329 1 9 1
312 1 2 2336 3 25 4
313 1 2 2343 237 2296 355
314 1 1 2350 1 9 1
315 0 2 2354 46 409 69
316 0 2 2361 1 8 1
317 1 1 2368 1 8 1
318 0 1 2374 25 215 37
319 0 3 2380 1 11 1
320 0 1 2387 2551 27589 3826
321 1 2 2393 15 125 22
322 0 2 2400 53 476 79
323 0 1 2407 2 17 3
324 0 2 2413 1 9 1
325 1 2 2420 1 9 1
326 1 6 2427 13 107 19
327 1 2 2435 1 9 1
328 0 3 2442 2339 25201 3508
329 1 1 2450 1 9 1
330 0 2 2456 1 9 1
331 1 2 2463 1821 19404 2731
332 0 15 2470 20221 114374 30331
333 0 3 2479 70 637 105
334 1 3 2486 2 17 3
335 1 1 2494 1 9 1
336 1 1 2501 21 179 31
337 0 2 2507 138 1302 207
338 0 10 2514 1 4 1
339 1 8 2523 2 6 3
340 1 1 2532 55984 687276 83976
341 1 4 2539 2 17 3
342 1 4 2547 1 9 1
343 1 3 2555 1 10 1
344 1 9 2562 1 3 1
345 1 2 2571 35 307 52
346 1 1 2578 228 2205 342
347 1 9 2585 1 3 1
348 0 23 2594 158 639 237
349 1 3 2603 1 8 1
350 1 3 2610 1 8 1
351 1 1 2617 9129 104238 13693
352 1 1 2623 1 9 1
353 1 5 2630 62 561 93
354 1 2 2638 21158 250003 31737
355 0 3 2645 385 3819 577
356 0 6 2653 1 9 1
357 0 1 2661 10 81 15
358 0 1 2666 1 9 1
359 0 1 2673 10596 121736 15894
360 0 4 2679 7 56 10
361 0 5 2687 21 179 31
362 1 2 2695 39 344 58
363 0 15 2702 7 21 10
364 1 7 2711 2 6 3
365 0 2 2719 2 17 3
366 0 2 2726 56 504 84
367 0 11 2733 51 187 76
368 1 3 2742 11 90 16
369 1 2 2749 5 40 7
370 0 5 2756 1 9 1
371 1 4 2764 41 363 61
372 1 15 2772 23 78 34
373 0 2 2781 12922 149672 19383
374 0 4 2788 12 99 18
375 0 1 2796 292 2858 438
376 1 3 2802 1 11 1
377 1 2 2810 11655 134428 17482
378 1 1 2817 1 9 1
379 1 5 2824 399 3965 598
380 0 2 2832 1 9 1
381 1 12 2839 38 135 57
382 1 4 2848 2 17 3
383 0 1 2856 467 4675 700
384 0 8 2862 6 18 9
385 0 1 2870 1 10 1
386 0 7 2877 35 124 52
387 1 7 2885 806 3698 1209
388 1 3 2893 431623 5715737 647434
389 0 5 2900 390 3871 585
390 0 1 2908 65 590 97
391 1 3 2915 1 9 1
392 0 1 2922 1 11 1
393 0 5 2928 6 48 9
394 0 4 2936 1 10 1
395 0 1 2944 1 11 1
396 1 7 2949 1 3 1
397 0 5 2957 1 8 1
398 0 2 2965 1 11 1
399 1 12 2972 18 59 27
400 1 1 2981 8 64 12
401 0 4 2988 2624 28414 3936
402 1 4 2996 246470 3198537 369705
403 1 2 3004 1 8 1
404 1 2 3011 1 10 1
405 0 2 3018 92 850 138
406 0 4 3025 2 17 3
407 1 8 3033 1301 6176 1951
408 1 2 3042 1 10 1
409 0 1 3049 27 233 40
410 1 7 3055 24 82 36
411 1 3 3063 1 9 1
412 1 2 3071 2 17 3
413 1 3 3078 2 17 3
414 1 4 3086 7 56 10
415 0 7 3094 39 139 58
416 0 8 3102 1 4 1
417 1 1 3111 3250 35521 4875
418 0 7 3118 146 587 219
419 1 1 3126 1 9 1
420 0 1 3131 1 10 1
421 1 5 3138 2 17 3
422 1 1 3146 3 25 4
423 0 5 3151 1 9 1
424 0 1 3159 1 9 1
425 0 5 3165 545 5496 817
426 0 3 3173 1813 19315 2719
427 1 2 3181 1 10 1
428 1 6 3188 339 1458 508
429 1 1 3196 1 10 1
430 0 2 3203 19834 233752 29751
431 0 2 3210 116 1084 174
432 1 13 3217 199 820 298
433 0 2 3226 1 9 1
434 1 3 3233 7 56 10
435 1 2 3241 191 1831 286
436 1 3 3248 2 17 3
437 0 1 3256 2 17 3
438 0 1 3261 2769514 39110260 4154271
439 0 3 3266 109 1016 163
440 1 4 3274 273 2663 409
441 0 1 3282 1 10 1
442 0 7 3286 1 3 1
443 0 7 3294 1 4 1
444 1 1 3302 168 1600 252
445 0 1 3308 297 2909 445
446 0 1 3315 1 12 1
447 1 7 3321 13 41 19
448 1 8 3329 1 3 1
449 0 2 3337 44 390 66
450 0 1 3344 1 8 1
451 0 6 3350 211 874 316
452 1 3 3358 1 12 1
453 1 2 3365 4 33 6
454 0 2 3372 14 116 21
455 0 1 3379 1 10 1
456 0 3 3385 11791 136061 17686
457 1 2 3393 1 10 1
458 1 1 3400 10 81 15
459 0 7 3406 1400 6680 2100
460 1 4 3414 34 298 51
461 0 1 3422 1 11 1
462 1 8 3429 1500 7192 2250
463 0 2 3437 1 10 1
464 0 4 3444 2 17 3
465 0 1 3452 1 10 1
466 0 3 3458 4 33 6
467 0 7 3466 1832 8905 2748
468 1 2 3474 4123 45528 6184
469 1 1 3481 33 288 49
470 1 2 3487 7 56 10
471 0 3 3494 2 17 3
472 0 1 3501 1 9 1
473 1 7 3508 1 4 1
474 0 5 3516 1 10 1
475 1 3 3524 1 10 1
476 1 1 3532 1 10 1
477 0 12 3538 292 1241 438
478 1 3 3547 293 2868 439
479 1 4 3555 27 233 40
480 0 7 3563 76 289 114
481 1 6 3571 8 64 12
482 1 5 3579 5 41 7
483 1 3 3587 1 9 1
484 1 3 3594 426 4246 639
485 1 1 3602 78 714 117
486 1 2 3609 9 73 13
