0 0 64 5 1 6 1
1 1 8 25 1 4 1
2 0 3 42 3 25 4
3 1 3 58 74 676 111
4 0 1 73 571 5771 856
5 1 1 86 1 10 1
6 0 11 96 1 3 1
7 1 1 113 45 400 67
8 1 4 122 789 8095 1183
9 1 1 138 1 9 1
10 1 2 150 45 400 67
11 0 4 164 145 1371 217
12 0 8 180 5 15 7
13 0 2 197 6 48 9
14 1 2 211 44 391 66
15 0 4 225 18 152 27
16 0 1 241 112 1045 168
17 0 1 252 216 2083 324
18 1 7 265 160 648 240
19 1 11 282 107 419 160
20 1 2 299 1 11 1
21 1 1 313 2 17 3
22 0 12 326 18 59 27
23 1 5 344 69 627 103
24 0 1 360 12 99 18
25 0 2 372 2 17 3
26 1 2 386 12 98 18
27 0 1 400 1 10 1
28 1 1 413 76 695 114
29 0 2 426 4 33 6
30 0 5 440 354 3497 531
31 1 3 456 374661 4936339 561991
32 1 2 471 175 1670 262
33 0 1 485 1 11 1
34 1 2 497 1 12 1
35 0 14 511 49 179 73
36 0 3 529 18 152 27
37 0 6 544 555 5601 832
38 0 1 561 1 9 1
39 1 4 572 228 2205 342
40 1 3 588 43 381 64
41 0 2 603 7 56 10
42 1 10 618 63 235 94
43 0 1 635 3 25 4
44 0 2 647 1 9 1
45 0 5 662 1 10 1
46 0 4 678 5 40 7
47 1 3 694 26 224 39
48 1 2 709 93 860 139
49 0 1 724 11557 133252 17335
50 1 5 737 4 33 6
51 1 2 753 1 9 1
52 1 1 767 55 494 82
53 0 3 777 3 25 4
54 1 1 792 173 1650 259
55 0 1 804 1 9 1
56 1 1 817 183 1751 274
57 0 4 829 1925 20563 2887
58 1 4 845 68 618 102
59 0 6 861 2 17 3
60 0 4 878 3 25 4
61 0 1 894 1 10 1
62 0 2 905 3 25 4
63 1 2 920 1 12 1
64 1 4 934 22 188 33
65 1 13 950 3 10 4
66 1 1 968 1 10 1
67 0 5 980 1 11 1
68 1 2 996 39 344 58
69 1 6 1009 1 9 1
70 0 2 1025 4 33 6
71 1 2 1039 1 9 1
72 1 1 1053 1 10 1
73 0 5 1066 214 2063 321
74 0 3 1082 122451 1548576 183676
75 1 9 1097 83 318 124
76 1 3 1114 60 542 90
77 1 4 1129 1 8 1
78 0 1 1145 2 17 3
79 0 7 1158 29 100 43
80 1 10 1175 7845 41913 11767
81 1 15 1192 2 6 3
82 1 15 1210 1 5 1
83 0 6 1228 602 6099 903
84 0 3 1245 1 9 1
85 1 4 1260 166 1580 249
86 1 2 1276 4879 54264 7318
87 1 8 1290 1 3 1
88 1 3 1307 1 9 1
89 0 11 1322 32 112 48
90 0 15 1339 38 135 57
91 0 2 1357 5 41 7
92 0 5 1371 702 7163 1053
93 1 2 1387 4 33 6
94 1 2 1401 1 10 1
95 0 3 1415 31 270 46
96 1 1 1430 1 8 1
97 0 6 1443 5842 30641 8763
98 1 11 1460 1 4 1
99 1 1 1477 2316 24942 3474
100 0 7 1488 18 59 27
101 1 1 1505 9 72 13
102 1 2 1518 3 25 4
103 0 3 1532 1 9 1
104 1 4 1547 2013 21545 3019
105 1 2 1563 26 224 39
106 0 1 1577 76 695 114
107 1 1 1588 378 3746 567
108 1 6 1601 122260 1546071 183390
109 0 2 1617 5725 64106 8587
110 1 1 1631 2326 25054 3489
111 0 1 1641 8 64 12
112 1 2 1652 2 17 3
113 0 3 1666 26 224 39
114 0 8 1681 40 143 60
115 1 1 1698 1 11 1
116 0 8 1710 50903 303479 76354
117 1 2 1727 9 73 13
118 0 1 1741 97 899 145
119 0 4 1752 4 33 6
120 0 1 1768 27232 325025 40848
121 0 3 1781 6133 68875 9199
122 1 7 1796 1 6 1
123 1 2 1813 3 25 4
124 1 3 1827 1 9 1
125 1 2 1842 14 116 21
126 1 4 1856 1 9 1
127 0 2 1872 1 10 1
128 0 12 1886 37 131 55
129 1 6 1904 2527 27318 3790
130 0 1 1920 1 10 1
131 1 2 1930 1 10 1
132 1 4 1945 24592 292329 36888
133 1 11 1961 1 4 1
134 0 1 1979 2 17 3
135 0 5 1988 1 9 1
136 1 1 2004 1 9 1
137 0 2 2017 4 33 6
138 0 2 2032 27 233 40
139 0 1 2046 1 9 1
140 1 2 2059 60 542 90
141 1 3 2074 42 372 63
142 1 1 2089 1 9 1
143 0 3 2102 10 81 15
144 1 8 2117 471 2077 706
145 1 1 2134 1 9 1
146 0 1 2147 1 11 1
147 0 5 2158 1 9 1
148 0 2 2174 31 270 46
149 1 5 2189 1 9 1
150 0 1 2205 18 152 27
151 1 2 2215 7299 82570 10948
152 0 1 2229 1 11 1
153 1 20 2241 12 38 18
154 0 2 2259 53 475 79
155 0 3 2273 169 1610 253
156 1 1 2288 2414 26044 3621
157 0 4 2299 299 2930 448
158 0 2 2315 1 9 1
159 0 2 2330 544 5485 816
160 0 4 2345 1 10 1
161 0 3 2361 1 11 1
162 0 12 2376 1 3 1
163 1 2 2394 3 25 4
164 0 4 2408 4 33 6
165 0 5 2424 16 134 24
166 0 2 2440 100 927 150
167 0 1 2455 4 33 6
168 0 5 2468 9 72 13
169 0 4 2484 1 9 1
170 0 2 2500 9 73 13
171 1 1 2514 1 9 1
172 1 2 2524 738 7548 1107
173 1 3 2538 3 25 4
174 0 4 2553 7 56 10
175 1 1 2569 1373 14447 2059
176 0 4 2578 31 270 46
177 0 9 2594 1 4 1
178 0 13 2611 1 6 1
179 0 3 2629 1 10 1
180 0 7 2644 15517 86406 23275
181 0 12 2661 1 4 1
182 1 2 2679 3 25 4
183 1 9 2693 311 1329 466
184 0 2 2710 4 33 6
185 0 1 2724 537 5411 805
186 1 1 2735 1456 15360 2184
187 1 1 2748 1 10 1
188 1 11 2761 532 2368 798
189 1 3 2778 1460 15404 2190
190 1 1 2793 97 898 145
191 0 77 2806 1 5 1
192 1 1 2826 10 81 15
193 1 1 2836 29 252 43
194 0 2 2845 12 98 18
195 0 5 2859 964 9982 1446
196 0 5 2875 34593 416796 51889
197 0 3 2891 1 9 1
198 1 2 2906 5 40 7
199 0 9 2920 1 4 1
200 0 3 2937 2 17 3
201 0 2 2952 133 1252 199
202 1 5 2966 11 90 16
203 0 3 2982 4 33 6
204 1 5 2997 4 33 6
205 0 1 3013 231 2235 346
206 0 2 3021 24879 295877 37318
207 0 1 3035 1 11 1
208 0 2 3048 1001 10383 1501
209 1 2 3062 24 206 36
210 1 4 3076 1 9 1
211 0 1 3092 4 33 6
212 1 3 3105 1707 18137 2560
213 0 4 3120 225 2175 337
214 1 1 3136 230 2225 345
215 1 1 3148 1 9 1
216 0 11 3160 9714 52586 14571
217 1 5 3178 111735 1408216 167602
218 1 7 3194 34200 199393 51300
219 0 1 3211 1 10 1
220 1 1 3223 14 116 21
221 1 4 3235 13 107 19
222 1 3 3251 1 10 1
223 0 10 3266 11 34 16
224 1 2 3283 678 6907 1017
225 0 15 3298 7171 38099 10756
226 0 1 3316 1 9 1
227 1 3 3329 976 10112 1464
228 0 3 3344 1 10 1
229 1 1 3359 3 25 4
230 1 7 3372 1 3 1
231 1 18 3389 36 127 54
232 0 2 3407 191 1831 286
233 1 9 3421 1 4 1
234 1 4 3438 1 10 1
235 1 3 3454 1693 17981 2539
236 1 2 3469 1 9 1
237 1 3 3483 1 10 1
238 0 4 3498 73 666 109
239 0 1 3514 62 561 93
240 1 3 3526 4 33 6
241 0 1 3541 1 11 1
242 0 2 3553 583 5898 874
243 0 4 3567 133 1252 199
244 0 2 3583 701 7153 1051
245 0 2 3597 480 4811 720
246 1 2 3611 10 81 15
