0 1 1 5 2 17 3
1 0 15 14 250 1050 375
2 0 1 34 51 456 76
3 1 2 41 2 17 3
4 1 4 53 3 9 4
5 1 1 69 349 3445 523
6 1 1 79 2 17 3
7 1 1 86 932 9635 1398
8 0 1 93 1 9 1
9 1 6 103 1947 9503 2920
10 1 3 121 1 4 1
11 1 1 136 16 134 24
12 1 4 146 6 18 9
13 1 1 162 672 6843 1008
14 1 4 173 1 4 1
15 1 2 189 1 11 1
16 1 5 201 41519 244730 62278
17 1 1 218 7 56 10
18 0 7 225 1 3 1
19 1 2 243 1 9 1
20 0 3 257 90 347 135
21 1 1 272 73 666 109
22 1 4 282 87152 535109 130728
23 0 4 298 396 1724 594
24 0 2 314 24 206 36
25 1 3 327 1 5 1
26 1 2 341 1 11 1
27 0 17 353 159 644 238
28 0 6 374 39 139 58
29 0 6 392 16 52 24
30 1 10 410 4 12 6
31 1 1 429 1 9 1
32 0 1 438 1 10 1
33 0 1 449 19 161 28
34 1 8 460 43 155 64
35 0 25 478 1 4 1
36 0 2 500 26 224 39
37 0 3 513 1 11 1
38 1 2 527 1 10 1
39 1 6 541 8458 45399 12687
40 0 4 558 8844 47601 13266
41 0 2 574 27 233 40
42 1 1 588 1 9 1
43 0 2 597 2 17 3
44 0 7 609 63 235 94
45 1 1 627 6 48 9
46 0 3 636 6 18 9
47 0 11 651 2 7 3
48 1 7 670 6 18 9
49 0 2 688 3059 33346 4588
50 0 2 702 1 9 1
51 1 8 714 6157 32401 9235
52 1 3 732 26 224 39
53 1 5 746 1 3 1
54 0 2 763 54 485 81
55 0 20 775 108 423 162
56 0 4 796 694 3150 1041
57 0 2 811 88 811 132
58 0 6 824 1 4 1
59 1 14 841 1 5 1
60 0 2 861 1143 11927 1714
61 0 3 873 1 9 1
62 1 8 887 24 81 36
63 1 4 905 1 4 1
64 1 1 921 1 9 1
65 1 3 928 212 879 318
66 1 3 943 88 339 132
67 0 22 958 1 4 1
68 0 11 980 1 5 1
69 1 1 999 1 9 1
70 0 3 1006 1 4 1
71 1 1 1021 4 33 6
72 1 1 1032 2050 21959 3075
73 1 2 1037 1 9 1
74 1 6 1050 804 3688 1206
75 0 14 1067 5 15 7
76 1 4 1087 399 1737 598
77 1 2 1102 1 11 1
78 0 1 1115 2 17 3
79 0 9 1127 1 4 1
80 0 2 1146 1 10 1
81 0 1 1158 1 8 1
82 1 1 1168 26 224 39
83 0 2 1179 34 297 51
84 1 1 1192 1 10 1
85 1 1 1204 1 11 1
86 1 3 1211 23 78 34
87 1 4 1226 6 18 9
88 0 1 1242 163 1550 244
89 1 4 1253 1331 6329 1996
90 1 2 1269 1 9 1
91 0 10 1282 1 3 1
92 0 5 1301 453 1992 679
93 0 2 1318 1 9 1
94 0 2 1330 1 8 1
95 1 6 1342 1 4 1
96 0 5 1360 1 4 1
97 1 3 1377 1 4 1
98 1 9 1392 1 5 1
99 1 3 1411 1874 9123 2811
100 1 5 1426 2 6 3
101 0 1 1443 776 7955 1164
102 0 2 1450 6130 68840 9195
103 0 4 1462 29 101 43
104 1 1 1478 90 830 135
105 0 3 1488 1 6 1
106 0 2 1503 1 10 1
107 0 4 1517 8 24 12
108 1 4 1533 1 3 1
109 0 7 1548 90 347 135
110 0 5 1566 1 3 1
111 0 3 1583 191297 1224352 286945
112 0 1 1598 1 10 1
113 1 1 1609 1 11 1
114 1 3 1619 9 27 13
115 0 4 1634 1 4 1
116 0 1 1650 1 12 1
117 0 3 1656 34 120 51
118 0 26 1671 14 45 21
119 0 1 1693 14 116 21
120 1 2 1700 12 99 18
121 1 2 1713 1 9 1
122 1 6 1725 23 78 34
123 1 5 1743 34 120 51
124 0 2 1760 4 33 6
125 0 5 1772 1 3 1
126 0 18 1789 31 108 46
127 0 1 1810 81 743 121
128 1 11 1816 113 444 169
129 1 8 1835 7 21 10
130 0 4 1853 128 509 192
131 0 7 1869 707593 4835247 1061389
132 0 6 1887 746 3404 1119
133 0 5 1904 1 3 1
134 0 3 1921 3 10 4
135 1 2 1936 2 17 3
136 0 1 1950 1 12 1
137 0 22 1961 561 2507 841
138 1 3 1983 1 3 1
139 1 1 1998 195 1871 292
140 0 2 2008 24 206 36
141 1 2 2020 3 25 4
142 1 3 2034 25 215 37
143 0 4 2048 10 31 15
144 1 8 2064 1 4 1
145 1 3 2083 55 494 82
146 1 6 2097 3 10 4
147 0 1 2115 6384 71814 9576
148 0 3 2126 2 7 3
149 1 2 2141 22 188 33
150 0 3 2154 1 4 1
151 1 4 2169 35 124 52
152 0 6 2185 33304 193877 49956
153 0 1 2203 6 48 9
154 1 3 2211 1 9 1
155 0 8 2225 135 539 202
156 1 4 2243 28504 164465 42756
157 1 3 2259 4 33 6
158 0 1 2273 28 243 42
159 0 1 2283 1 12 1
160 1 2 2293 332 3270 498
161 1 10 2307 9 27 13
162 1 1 2326 6 48 9
163 1 1 2337 22 188 33
164 1 4 2347 426 1864 639
165 1 13 2363 1 3 1
166 1 1 2383 149 1411 223
167 1 2 2387 1 10 1
168 1 2 2400 40 353 60
169 1 1 2412 1 9 1
170 1 1 2422 12 99 18
171 1 3 2430 1 5 1
172 0 10 2444 3 9 4
173 0 8 2463 1 4 1
174 0 3 2481 9 72 13
175 0 2 2495 8 64 12
176 1 49 2509 1 4 1
177 1 5 2533 3169 15979 4753
178 0 1 2550 1 11 1
179 0 10 2556 1 3 1
180 1 1 2575 12837 148648 19255
181 1 4 2586 1 4 1
182 0 7 2602 1 5 1
183 0 8 2620 43 155 64
184 0 3 2639 5 15 7
185 1 3 2654 1 12 1
186 1 6 2668 24 82 36
187 1 1 2685 1 10 1
188 1 5 2691 38 135 57
189 1 1 2708 2 17 3
190 0 1 2719 3 25 4
191 0 7 2729 4 12 6
192 0 1 2747 1 10 1
193 0 2 2754 202 1942 303
194 0 7 2767 1 4 1
195 0 2 2785 1 9 1
196 0 3 2797 33 116 49
197 1 2 2812 91 840 136
198 0 9 2824 1 3 1
199 1 1 2843 1 12 1
200 0 7 2854 1 5 1
201 0 2 2872 1 10 1
202 1 2 2885 1 10 1
203 0 3 2898 190 780 285
204 1 6 2912 3 9 4
205 1 1 2929 290 2838 435
206 0 1 2940 1 9 1
207 1 5 2944 27 93 40
208 1 2 2961 123 1153 184
209 0 3 2973 31 108 46
210 0 3 2988 172 1640 258
211 1 4 3002 1 4 1
212 1 1 3018 76 695 114
213 1 3 3027 1 10 1
214 0 3 3041 34 120 51
215 0 1 3056 1 9 1
216 0 1 3062 264 2571 396
217 1 5 3073 32 112 48
218 0 2 3089 1 11 1
219 1 6 3102 1 3 1
220 0 1 3119 339 3342 508
221 0 8 3128 5 15 7
222 0 2 3146 2 17 3
223 1 8 3159 10223 55514 15334
224 1 3 3177 17 143 25
225 0 4 3191 6811 36070 10216
226 1 15 3207 1 5 1
227 1 5 3227 1 4 1
228 0 1 3244 1 11 1
229 1 1 3255 1 9 1
230 0 4 3262 16 52 24
231 1 10 3278 1 5 1
232 1 1 3297 252 2449 378
233 1 2 3305 865 8912 1297
234 0 4 3317 80 305 120
235 0 2 3333 120 1124 180
236 0 5 3345 6 18 9
237 0 4 3362 170 692 255
238 1 2 3377 11 90 16
239 1 3 3390 194 798 291
240 1 5 3405 809 3713 1213
241 0 2 3421 1711 18181 2566
242 1 3 3435 92 355 138
243 1 4 3449 1 4 1
244 0 2 3465 27 233 40
245 1 7 3479 182 745 273
246 0 1 3497 3 25 4
247 1 7 3508 1 3 1
248 1 9 3526 338 1453 507
249 0 9 3545 14 45 21
250 0 10 3564 1 4 1
251 1 6 3583 2979 14960 4468
252 0 5 3600 218810 1410178 328215
253 0 2 3617 71 647 106
