0 1 1 5 60 542 90
1 0 4 14 3 9 4
2 0 3 30 1 6 1
3 0 3 45 1 4 1
4 0 7 60 1 4 1
5 1 15 78 1 4 1
6 0 6 98 16 52 24
7 0 1 115 2 17 3
8 0 4 123 2 6 3
9 0 5 139 3 10 4
10 0 2 155 6 48 9
11 0 12 167 6 18 9
12 0 8 187 421 1841 631
13 1 7 205 13 41 19
14 1 1 223 10 81 15
15 0 1 234 17 143 25
16 0 15 241 1 3 1
17 1 5 261 210 870 315
18 0 1 278 51 457 76
19 1 2 288 210 2023 315
20 1 1 302 1 13 1
21 1 1 308 2939 31982 4408
22 0 2 318 21 179 31
23 1 1 330 14 116 21
24 0 5 338 1 5 1
25 0 1 355 1 9 1
26 0 2 366 1 8 1
27 0 1 378 1 10 1
28 1 3 388 83 318 124
29 0 3 403 149 1410 223
30 1 1 417 1 10 1
31 0 2 426 1 10 1
32 0 5 438 1 5 1
33 1 4 454 5 15 7
34 0 3 469 57 211 85
35 1 6 484 49 179 73
36 1 2 501 48 428 72
37 1 1 513 3 25 4
38 1 4 524 3 10 4
39 0 4 540 18314 102987 27471
40 1 6 556 1 3 1
41 1 3 574 370 1602 555
42 1 1 589 1691 17959 2536
43 0 1 600 7 56 10
44 1 1 611 7 56 10
45 1 5 620 26 89 39
46 1 30 636 2 6 3
47 0 1 658 17508 205306 26262
48 0 3 665 2 7 3
49 0 2 680 104 967 156
50 1 10 692 3 9 4
51 1 7 711 15 48 22
52 1 130 729 189 776 283
53 1 1 755 2 17 3
54 1 4 766 5 15 7
55 1 1 782 1 10 1
56 0 1 793 1 9 1
57 0 3 804 115 453 172
58 1 3 818 1 5 1
59 1 1 833 1526 16132 2289
60 1 3 839 1 6 1
61 1 2 854 26 224 39
62 1 5 866 25 85 37
63 0 1 883 15 125 22
64 0 13 893 1 4 1
65 0 1 913 2 17 3
66 0 8 924 10231 55560 15346
67 0 1 942 5 41 7
68 0 1 952 274 2674 411
69 1 1 958 12 99 18
70 0 1 967 7 56 10
71 1 4 977 368291 2437040 552436
72 1 1 993 239 2317 358
73 0 6 1001 2 7 3
74 1 1 1018 181 1730 271
75 1 1 1027 1 10 1
76 0 3 1038 1 4 1
77 0 7 1053 1 5 1
78 0 6 1071 1 4 1
79 1 2 1088 1159 12102 1738
80 0 4 1100 5688 29783 8532
81 1 2 1116 1 12 1
82 0 4 1129 1 4 1
83 1 3 1145 2 17 3
84 1 1 1159 41 363 61
85 0 1 1163 2 17 3
86 1 1 1170 2 17 3
87 1 2 1179 8079 91782 12118
88 1 6 1191 15 49 22
89 1 3 1209 100 389 150
90 0 2 1224 9 72 13
91 1 3 1236 1 4 1
92 0 1 1251 14 116 21
93 0 2 1260 437929 5802248 656893
94 1 3 1274 2 6 3
95 0 2 1288 3 25 4
96 0 1 1301 2 17 3
97 0 4 1311 14 45 21
98 1 2 1327 1 10 1
99 0 5 1340 1 5 1
100 0 4 1357 1 3 1
101 0 4 1373 2 6 3
102 0 1 1389 1 9 1
103 1 1 1397 132 1242 198
104 0 4 1408 2 7 3
105 1 2 1424 1 8 1
106 1 3 1436 1 10 1
107 1 3 1450 9 27 13
108 0 7 1465 2054 10062 3081
109 1 3 1483 2 6 3
110 1 21 1498 3 10 4
111 1 8 1519 59 219 88
112 1 1 1538 12 98 18
113 0 7 1549 4 12 6
114 0 10 1567 1 3 1
115 1 1 1586 1 9 1
116 0 3 1596 1 4 1
117 1 2 1611 68 618 102
118 1 2 1623 474 4748 711
119 1 1 1636 42 372 63
120 0 23 1645 143 574 214
121 1 14 1667 1 4 1
122 1 3 1687 7 56 10
123 1 8 1701 1 3 1
124 0 3 1719 2109 22619 3163
125 1 2 1733 401 3985 601
126 1 1 1747 20 170 30
127 0 1 1754 1 8 1
128 0 9 1761 1 3 1
129 1 6 1780 1 4 1
130 1 14 1798 5 15 7
131 1 2 1818 1 11 1
132 0 5 1831 30150 174523 45225
133 1 18 1848 19 63 28
134 1 4 1869 25 85 37
135 0 4 1885 47 171 70
136 1 10 1901 4 12 6
137 0 4 1920 2 6 3
138 1 6 1936 130 518 195
139 1 1 1953 1 10 1
140 1 1 1964 1179 12320 1768
141 0 1 1973 2 17 3
142 0 6 1981 3092 15566 4638
143 1 8 1999 4 12 6
144 1 6 2017 28 97 42
145 0 3 2035 232 2245 348
146 0 1 2049 1 9 1
147 1 3 2060 1 3 1
148 1 5 2075 1 4 1
149 0 1 2091 992 10285 1488
150 1 1 2100 78936 981870 118404
151 1 10 2111 294 1251 441
152 0 6 2130 1 5 1
153 1 7 2147 2 6 3
154 0 6 2165 14 45 21
155 0 2 2183 2291 24661 3436
156 0 1 2196 23 197 34
157 0 2 2206 1 8 1
158 1 2 2219 1 11 1
159 1 6 2231 1 3 1
160 0 3 2248 7 21 10
161 1 14 2263 57 211 85
162 1 7 2283 392 1705 588
163 1 1 2301 2 17 3
164 0 2 2309 4 32 6
165 1 2 2321 1 9 1
166 1 11 2334 2 6 3
167 0 1 2353 8 64 12
168 1 7 2355 1 3 1
169 1 17 2373 1 4 1
170 1 2 2394 526 5295 789
171 1 10 2406 1 3 1
172 1 4 2425 12 38 18
173 0 6 2441 9 27 13
174 1 3 2458 6 18 9
175 1 5 2473 81 310 121
176 0 2 2490 59 532 88
177 0 3 2503 3 25 4
178 0 2 2517 1 10 1
179 0 1 2529 2354 25369 3531
180 1 1 2539 73 666 109
181 0 1 2549 1 10 1
182 0 5 2557 12 38 18
183 1 14 2573 117 462 175
184 1 5 2593 1 4 1
185 1 1 2610 93 859 139
186 1 2 2618 3 25 4
187 0 6 2631 195 803 292
188 0 1 2648 3365 36834 5047
189 1 3 2659 1 3 1
190 1 1 2674 560 5654 840
191 1 3 2685 1875 9128 2812
192 1 2 2700 3940 43422 5910
193 1 1 2713 6 48 9
194 0 6 2723 1 3 1
195 0 5 2740 2804 14025 4206
196 1 4 2757 16 52 24
197 1 2 2773 1 9 1
198 0 2 2786 1 8 1
199 0 3 2799 1 9 1
200 0 1 2813 5 41 7
201 0 1 2824 145 1371 217
202 0 5 2834 1 4 1
203 1 3 2851 1 3 1
204 1 3 2866 323 3177 484
205 0 1 2880 2 17 3
206 1 2 2891 1 12 1
207 1 10 2903 2 7 3
208 0 6 2922 1 3 1
209 0 15 2940 2 6 3
210 1 1 2960 764 7827 1146
211 0 11 2969 509 2258 763
212 1 44 2988 1 5 1
213 1 2 3011 43 381 64
214 0 4 3024 44409 262755 66613
215 1 3 3040 1 3 1
216 0 3 3055 2 6 3
217 1 1 3069 16 134 24
218 0 1 3076 1 10 1
219 1 4 3086 100 389 150
220 0 3 3102 1 3 1
221 1 10 3117 3151 15883 4726
222 0 29 3136 1155 5437 1732
223 0 3 3158 1 11 1
224 1 4 3172 9 27 13
225 1 6 3188 72 272 108
226 0 1 3205 4 32 6
227 0 1 3214 336 3311 504
228 0 1 3224 703 7174 1054
229 1 4 3235 1 5 1
230 1 1 3251 3762 41378 5643
231 0 2 3258 2 17 3
232 0 3 3271 228631 1476795 342946
233 0 1 3286 17334 203184 26001
234 1 13 3294 336 1444 504
235 1 2 3314 1313 13787 1969
236 1 1 3326 27 233 40
237 1 5 3335 258 1086 387
238 1 4 3352 1 4 1
239 1 2 3368 19863 234108 29794
240 0 2 3381 22 188 33
241 1 6 3394 20 67 30
242 0 9 3411 62 231 93
243 0 10 3430 2463 12214 3694
244 1 2 3449 1 9 1
245 0 1 3463 15 125 22
246 0 6 3471 1 3 1
247 1 2 3489 2 17 3
248 1 1 3501 1 10 1
249 0 1 3508 123 1153 184
250 1 4 3519 1 3 1
251 1 1 3534 1 9 1
252 1 2 3543 1 10 1
253 1 3 3555 9 27 13
254 1 1 3570 4 33 6
255 1 1 3579 4 33 6
256 0 2 3584 16 134 24
257 1 2 3597 29 251 43
258 0 1 3609 15 125 22
