0 1 1 5 3932 43330 5898
1 0 16 13 1 4 1
2 0 2 34 46818 570792 70227
3 0 4 47 1 4 1
4 1 2 63 300 2940 450
5 0 3 76 1 4 1
6 0 2 91 347 3425 520
7 0 5 103 76 289 114
8 1 1 120 1 10 1
9 0 2 131 29 251 43
10 0 1 143 222 2144 333
11 1 11 148 1 4 1
12 1 1 167 1 10 1
13 0 1 173 1 11 1
14 0 7 184 1 4 1
15 0 2 202 926 9570 1389
16 1 2 216 64 580 96
17 1 5 228 18 59 27
18 1 26 245 133 530 199
19 0 2 267 174 1660 261
20 1 4 280 1 4 1
21 1 4 296 35 123 52
22 0 1 312 1 9 1
23 1 9 322 1 3 1
24 1 4 341 109 427 163
25 0 2 357 5 40 7
26 1 23 369 2 6 3
27 0 1 391 2860 31086 4290
28 0 1 400 3 25 4
29 1 1 409 413 4110 619
30 1 25 420 1590 7654 2385
31 0 4 442 264 1113 396
32 1 1 458 17 143 25
33 1 2 467 25 215 37
34 0 2 480 4410 48837 6615
35 0 1 492 23 197 34
36 0 9 503 10 31 15
37 0 2 522 1 10 1
38 1 1 534 1499 15834 2248
39 0 1 540 1353 14227 2029
40 0 91 548 1 3 1
41 1 6 573 11756 64383 17634
42 0 6 590 1 5 1
43 0 5 608 703 3194 1054
44 1 1 624 1 10 1
45 0 3 632 918 4252 1377
46 0 3 647 115 453 172
47 1 1 662 1 9 1
48 0 22 673 129 513 193
49 1 5 694 1 4 1
50 1 3 711 1 4 1
51 0 1 726 1 10 1
52 0 2 736 283 2766 424
53 0 2 748 220 2124 330
54 1 1 761 1 11 1
55 1 1 772 34 298 51
56 1 1 781 11 90 16
57 1 2 793 2 17 3
58 1 3 807 1 10 1
59 0 8 821 3 9 4
60 0 2 839 6 48 9
61 0 2 852 19 161 28
62 0 3 865 1130 5312 1695
63 1 2 880 1 10 1
64 1 4 892 76 289 114
65 1 2 908 1 8 1
66 1 4 921 28 97 42
67 0 2 937 623 6322 934
68 1 1 949 1 10 1
69 0 6 960 31 108 46
70 1 2 977 1 9 1
71 1 6 990 1 4 1
72 0 4 1007 2 7 3
73 1 4 1023 1 3 1
74 1 2 1039 1 9 1
75 0 2 1051 1 9 1
76 1 5 1063 18 59 27
77 1 2 1080 1 10 1
78 1 2 1094 1 9 1
79 0 15 1107 1011946 7034879 1517919
80 0 6 1127 1 3 1
81 0 3 1145 12 38 18
82 0 4 1160 2 7 3
83 1 1 1175 1 9 1
84 0 11 1181 4 13 6
85 0 1 1200 1 10 1
86 0 2 1210 1 10 1
87 1 4 1223 6 18 9
88 1 17 1239 189931 1215158 284896
89 0 5 1260 3 9 4
90 0 1 1277 24 206 36
91 1 6 1287 2 6 3
92 0 2 1304 1144 11938 1716
93 0 1 1317 7 56 10
94 1 8 1327 3 10 4
95 0 2 1345 1 10 1
96 0 5 1358 1 6 1
97 0 5 1375 923 4277 1384
98 0 5 1392 395 1719 592
99 1 8 1409 394 1714 591
100 0 5 1428 25 85 37
101 1 5 1445 37 132 55
102 1 2 1462 8 64 12
103 0 6 1476 1524 7315 2286
104 1 3 1494 50 183 75
105 0 2 1509 1 9 1
106 1 15 1523 54787 327968 82180
107 0 2 1543 498 5000 747
108 1 4 1556 1 4 1
109 1 8 1572 13 41 19
110 1 3 1591 1 4 1
111 1 7 1606 27 93 40
112 1 8 1624 1 6 1
113 1 3 1642 27 93 40
114 1 2 1657 12 99 18
115 1 3 1670 2183 10738 3274
116 1 1 1685 142 1341 213
117 0 8 1696 116 457 174
118 0 1 1714 3 25 4
119 0 3 1724 22575 128512 33862
120 1 3 1738 1 3 1
121 1 6 1753 49 179 73
122 1 3 1770 139626 879087 209439
123 0 3 1785 313 3074 469
124 0 12 1799 37 131 55
125 1 1 1819 63888 788299 95832
126 1 2 1825 2 17 3
127 1 2 1837 1341 14095 2011
128 0 7 1849 1 4 1
129 0 1 1867 1953 20875 2929
130 1 1 1875 35 307 52
131 1 1 1886 10760 123698 16140
132 0 3 1896 1 11 1
133 0 1 1910 390 3871 585
134 1 2 1921 57 513 85
135 1 8 1933 146 587 219
136 1 2 1951 75 685 112
137 1 2 1964 5485 61308 8227
138 0 11 1978 5 15 7
139 0 2 1997 1 9 1
140 1 9 2011 1 4 1
141 1 2 2030 4 32 6
142 0 3 2043 1 5 1
143 1 3 2058 1 10 1
144 0 3 2072 1 11 1
145 0 1 2086 1 9 1
146 0 1 2097 76 695 114
147 0 1 2108 1 12 1
148 1 12 2120 7 21 10
149 0 25 2140 15 48 22
150 1 3 2162 2 6 3
151 1 2 2177 42 372 63
152 0 8 2189 3 9 4
153 0 2 2207 1 11 1
154 1 2 2219 24 206 36
155 0 3 2232 15 125 22
156 1 3 2246 1 9 1
157 0 2 2260 4 33 6
158 0 3 2273 4 12 6
159 0 1 2288 1313 13787 1969
160 0 4 2299 1 5 1
161 1 2 2315 217 2093 325
162 0 2 2328 1 8 1
163 0 2 2342 3744 41171 5616
164 0 4 2354 1 4 1
165 0 2 2370 270 2633 405
166 1 2 2383 4079 45021 6118
167 1 1 2395 97 898 145
168 0 2 2405 10 81 15
169 0 2 2419 1 9 1
170 1 3 2431 7 21 10
171 1 15 2446 1171 5518 1756
172 1 1 2466 2 17 3
173 0 10 2476 5 15 7
174 0 8 2495 3 9 4
175 0 3 2513 2180 10722 3270
176 0 4 2528 1 3 1
177 0 4 2544 1 4 1
178 0 4 2560 1 4 1
179 0 3 2576 82390 504338 123585
180 1 3 2591 18 152 27
181 1 4 2605 1 7 1
182 0 3 2621 1 9 1
183 1 1 2635 3 25 4
184 1 6 2639 1 3 1
185 1 1 2656 14 116 21
186 1 3 2666 1 4 1
187 1 6 2681 1 4 1
188 0 1 2698 20577 242867 30865
189 1 2 2707 164 1560 246
190 1 10 2719 1 4 1
191 0 3 2738 5 15 7
192 0 3 2753 1 3 1
193 0 1 2768 3 25 4
194 0 2 2779 576 5823 864
195 1 1 2793 55 494 82
196 0 5 2796 1 5 1
197 0 2 2813 289 2827 433
198 0 6 2826 3 10 4
199 0 20 2844 96 372 144
200 0 15 2865 97 376 145
201 0 6 2885 1 4 1
202 0 3 2902 2239 11032 3358
203 1 2 2917 31 270 46
204 1 5 2929 15926 88821 23889
205 1 2 2946 4 33 6
206 0 8 2958 1 3 1
207 0 1 2976 220 2124 330
208 0 2 2984 173 1650 259
209 1 2 2996 4 32 6
210 1 14 3009 577 2583 865
211 1 1 3029 13221 153279 19831
212 0 3 3037 171 1630 256
213 1 11 3051 1 4 1
214 1 3 3070 29 252 43
215 1 1 3084 1 9 1
216 0 21 3094 1 3 1
217 1 3 3115 19 63 28
218 0 3 3130 5379 28066 8068
219 0 1 3145 42 372 63
220 0 5 3156 26 89 39
221 1 7 3172 2 7 3
222 0 3 3190 1 4 1
223 0 2 3205 1 9 1
224 0 3 3218 1 10 1
225 0 3 3232 11 34 16
226 0 10 3247 959 4456 1438
227 1 4 3266 1 5 1
228 1 14 3282 2 7 3
229 0 2 3302 10 81 15
230 0 5 3315 1 3 1
231 0 4 3332 1 4 1
232 1 1 3348 1 9 1
233 0 11 3357 1 4 1
234 0 2 3377 1 11 1
235 0 2 3390 1 9 1
236 1 7 3404 1 4 1
237 1 3 3422 1 4 1
238 0 10 3437 1 4 1
239 1 5 3456 2 7 3
240 0 1 3473 3818 42021 5727
241 1 2 3484 1 9 1
242 0 4 3497 4 12 6
243 1 2 3513 194 1861 291
244 0 4 3526 1 4 1
245 0 1 3542 274 2674 411
246 1 5 3551 5 15 7
247 0 1 3568 40 353 60
248 0 2 3575 181 1730 271
249 0 6 3587 262 1104 393
250 1 1 3605 31 270 46
251 0 2 3616 1 9 1
