0 0 6 5 1 10 1
1 1 3 9 3 25 4
2 0 3 13 1 10 1
3 1 4 17 1 11 1
4 0 2 21 28 242 42
5 1 1 24 806 8277 1209
6 0 21 27 4 12 6
7 1 4 32 6 48 9
8 1 3 36 1 9 1
9 0 2 40 6627 74665 9940
10 1 2 43 927 9581 1390
11 1 4 46 1 9 1
12 0 5 50 1 10 1
13 0 2 54 183 1750 274
14 0 12 57 5 15 7
15 1 1 62 1 10 1
16 0 3 64 4480 49645 6720
17 0 9 68 1 4 1
18 1 2 73 28 243 42
19 0 4 76 39 344 58
20 1 19 80 2 6 3
21 0 1 85 5 41 7
22 0 7 87 17 55 25
23 0 42 91 2265 11169 3397
24 0 1 97 23 197 34
25 0 1 100 1 10 1
26 1 18 103 1 5 1
27 1 4 108 7029 79390 10543
28 0 3 112 347 3425 520
29 1 1 115 95600 1197811 143400
30 1 2 118 1 10 1
31 0 7 121 1 3 1
32 0 1 125 22 188 33
33 1 6 126 730 7463 1095
34 0 3 130 65 589 97
35 0 2 134 38 335 57
36 1 3 137 378 3746 567
37 0 2 141 150 1420 225
38 0 5 144 10 81 15
39 1 4 148 3 25 4
40 0 2 152 93 859 139
41 0 1 155 1 9 1
42 1 1 158 100 928 150
43 1 1 161 1 11 1
44 0 1 164 2 17 3
45 1 2 167 778 7977 1167
46 0 1 170 16 134 24
47 1 1 172 46 409 69
48 1 2 175 39 344 58
49 1 14 178 1 4 1
50 1 2 183 1 10 1
51 0 19 186 1 4 1
52 0 1 191 30720 368407 46080
53 0 6 194 24 206 36
54 0 2 198 1 10 1
55 0 5 201 4 33 6
56 1 4 205 7 56 10
57 0 1 209 7133 80614 10699
58 1 2 212 12285 142000 18427
59 1 1 215 1 10 1
60 1 2 217 1 12 1
61 1 7 220 61 227 91
62 0 5 225 3 25 4
63 0 4 229 19 161 28
64 1 2 233 2 17 3
65 1 3 236 1 9 1
66 0 2 240 45 400 67
67 1 1 243 1 10 1
68 0 6 245 1 8 1
69 0 17 249 1 5 1
70 1 1 254 214 2063 321
71 1 11 255 146 587 219
72 1 9 260 1 3 1
73 0 3 265 376 3725 564
74 1 3 269 5 41 7
75 0 2 273 3722 40919 5583
76 0 1 276 40 353 60
77 0 1 278 1 9 1
78 0 2 280 6 48 9
79 1 3 283 1 9 1
80 1 4 287 1 9 1
81 1 3 291 3 25 4
82 1 7 294 1 3 1
83 1 1 299 1 10 1
84 1 8 302 19010 107136 28515
85 0 1 307 213 2053 319
86 1 4 309 15 125 22
87 0 9 313 2946 14784 4419
88 1 2 318 1 11 1
89 0 6 321 1 3 1
90 1 8 325 1 5 1
91 1 10 330 2 6 3
92 1 3 335 1 9 1
93 0 5 339 1 11 1
94 1 13 343 8 24 12
95 0 1 348 1 10 1
96 1 1 350 2 17 3
97 0 2 353 2 17 3
98 0 5 356 1 8 1
99 1 1 360 860 8858 1290
100 1 3 363 1 9 1
101 1 1 367 3 25 4
102 0 1 370 95 879 142
103 1 15 373 43 155 64
104 1 2 378 1 9 1
105 0 8 381 1 5 1
106 0 3 386 17154 200989 25731
107 1 18 390 6664 35243 9996
108 1 1 395 11 90 16
109 1 1 397 1094 11393 1641
110 0 12 400 1 4 1
111 0 4 405 2 17 3
112 0 2 409 1 10 1
113 0 1 412 1 11 1
114 1 4 413 1 9 1
115 1 6 417 1 8 1
116 1 2 421 1 9 1
117 1 2 424 5911955 85607441 8867932
118 1 15 427 409 1784 613
119 1 1 432 3 25 4
120 1 3 434 12 99 18
121 1 1 438 2431 26236 3646
122 0 5 441 4 33 6
123 1 4 445 159 1510 238
124 0 6 449 74 676 111
125 0 3 453 56439 693078 84658
126 0 3 457 1 9 1
127 1 4 461 18 152 27
128 1 3 465 850 8750 1275
129 1 8 469 67 252 100
130 1 1 474 153 1450 229
131 1 24 476 1 4 1
132 1 6 481 8 64 12
133 0 9 485 1 4 1
134 1 4 490 1 8 1
135 0 1 494 873 8998 1309
136 0 11 497 30 104 45
137 1 4 502 15 125 22
138 0 19 506 16 52 24
139 0 6 511 2518 27217 3777
140 1 1 515 5 41 7
141 1 2 518 1 9 1
142 0 4 521 1 9 1
143 1 5 525 35 307 52
144 0 2 529 4175 46126 6262
145 0 2 532 321 3156 481
146 0 3 535 1 10 1
147 0 1 539 1 9 1
148 0 7 542 32 112 48
149 0 3 546 34 298 51
150 1 3 550 15 125 22
151 1 3 554 1 10 1
152 1 7 558 7405 39421 11107
153 0 6 563 1 10 1
154 1 3 567 2 17 3
155 0 3 571 52 466 78
156 1 1 575 1 10 1
157 0 3 577 1 8 1
158 0 3 581 1 9 1
159 1 1 585 162 1540 243
160 0 3 588 159 1510 238
161 1 1 592 204 1962 306
162 1 8 594 14459 80177 21688
163 0 1 599 50 447 75
164 0 3 601 3 25 4
165 1 2 605 12 98 18
166 1 11 608 188 771 282
167 1 2 613 1 9 1
168 0 1 616 1 12 1
169 0 2 619 1 9 1
170 1 1 622 2 17 3
171 1 1 624 75 685 112
172 0 2 627 1 9 1
173 0 1 630 7 56 10
174 0 2 631 1 10 1
175 1 6 634 7142 80721 10713
176 1 16 638 1 5 1
177 1 1 643 1 9 1
178 0 3 646 1 8 1
179 1 9 650 228 950 342
180 0 4 655 81 743 121
181 1 1 659 2 17 3
182 0 1 662 1 11 1
183 1 2 664 2 17 3
184 0 3 667 1 11 1
185 1 1 671 1 9 1
186 0 3 674 1138 11873 1707
187 1 14 678 307 1310 460
188 0 8 683 1 3 1
189 0 2 688 12 99 18
190 1 2 691 13 107 19
191 1 2 694 1 11 1
192 1 5 697 82 753 123
193 1 4 701 2801 30417 4201
194 1 20 705 13 41 19
195 0 6 710 795 8159 1192
196 0 1 714 43 381 64
197 1 9 715 260110 1691237 390165
198 1 1 720 31 270 46
199 0 1 723 5 40 7
200 0 2 726 67 608 100
201 1 9 729 2 6 3
202 1 2 734 1 10 1
203 0 4 737 1 10 1
204 1 8 741 1 3 1
205 1 22 746 4861 25200 7291
206 0 6 751 5 40 7
207 1 1 755 189 1811 283
208 1 7 758 95 368 142
209 1 4 762 135 1272 202
210 0 6 766 60 542 90
211 1 2 770 101 938 151
212 0 2 773 11 90 16
213 0 1 776 1081 11252 1621
214 0 2 779 15 125 22
215 0 2 782 1 10 1
216 1 12 785 3 9 4
217 1 2 790 5 40 7
218 1 1 793 9 72 13
219 1 5 796 7 56 10
220 0 4 800 6 48 9
221 0 3 804 53 475 79
222 0 5 808 1 9 1
223 1 1 812 9 72 13
224 1 13 814 231 964 346
225 1 3 819 4031 44468 6046
226 1 2 823 1 10 1
227 0 39 826 61 227 91
228 0 18 832 43992 260150 65988
229 0 2 837 1 9 1
230 0 4 840 1 9 1
231 1 2 844 1 10 1
232 1 4 847 7 56 10
233 0 3 851 1 10 1
234 1 1 855 1 8 1
235 1 6 857 69 628 103
236 0 4 861 121 1133 181
237 1 1 865 11 90 16
238 1 1 868 1 10 1
239 0 5 870 4 33 6
240 1 6 874 1 10 1
241 0 3 878 2 17 3
242 1 4 882 108 1006 162
243 1 3 886 597 6046 895
244 0 2 890 219 2114 328
245 1 2 893 1 9 1
246 0 1 896 1 9 1
247 1 1 898 1 11 1
248 0 15 900 1 3 1
249 1 2 905 4 33 6
250 0 3 908 1 9 1
251 0 5 912 1 9 1
252 0 2 916 4 32 6
253 1 2 919 1 10 1
254 0 3 922 609 6173 913
255 0 1 925 248 2408 372
256 1 3 928 5 40 7
257 0 2 932 1 13 1
258 0 1 935 19 161 28
259 1 3 937 191 1831 286
260 1 1 941 30 261 45
261 0 5 943 799 8202 1198
262 0 4 947 1688 17926 2532
263 1 4 951 158 1500 237
264 0 3 955 3 25 4
265 0 2 959 114 1065 171
266 0 3 962 6 48 9
267 1 1 966 110 1025 165
268 0 1 968 35 307 52
269 0 1 971 43 381 64
270 1 1 974 1 9 1
271 0 1 977 23 197 34
272 0 3 980 77 704 115
273 0 1 984 2 17 3
274 0 2 987 1 9 1
275 0 8 990 1 5 1
276 0 17 995 18005 101148 27007
277 1 4 1000 1 10 1
278 0 1 1004 863 8891 1294
279 1 3 1005 33 288 49
280 1 3 1009 1 10 1
281 1 1 1013 31 270 46
282 1 10 1015 1 4 1
283 1 3 1020 1 9 1
284 0 2 1024 8 64 12
285 0 2 1027 64 580 96
286 0 6 1030 1 9 1
287 1 2 1034 901 9300 1351
288 1 2 1037 57 513 85
289 0 3 1040 1 9 1
290 1 4 1044 3 25 4
291 1 5 1048 526 5295 789
292 1 3 1052 119 1114 178
293 0 8 1056 3 9 4
294 1 6 1061 530 5338 795
295 0 1 1065 1 9 1
296 0 26 1068 1 4 1
297 1 21 1073 7 21 10
298 0 1 1078 10 81 15
299 0 2 1080 3 25 4
300 0 7 1083 66 248 99
301 1 3 1087 12 99 18
302 0 6 1091 3203 34986 4804
303 1 3 1095 1 12 1
304 0 2 1099 671 6833 1006
305 1 1 1102 7 56 10
306 0 1 1105 5 41 7
307 0 5 1108 1 10 1
308 0 3 1112 7030 79402 10545
309 1 5 1116 12 99 18
310 1 1 1120 963 9971 1444
311 1 1 1123 15 125 22
312 1 13 1124 2444 12113 3666
313 1 4 1129 30 261 45
314 0 5 1133 14 116 21
315 0 5 1137 1 13 1
316 1 3 1141 1 10 1
317 0 7 1145 1 5 1
318 1 2 1149 4 33 6
319 1 2 1152 1 9 1
320 0 3 1155 1 9 1
321 1 4 1159 391 3881 586
322 1 2 1163 638 6481 957
323 0 1 1166 1 10 1
324 0 1 1168 1 9 1
325 0 1 1171 4 33 6
326 1 2 1173 43 381 64
327 1 1 1176 1 14 1
328 1 2 1179 39 344 58
329 1 2 1182 437 4361 655
330 1 4 1185 1 12 1
331 0 1 1189 3 25 4
332 0 3 1191 1 9 1
333 0 1 1195 1 11 1
334 1 1 1197 52 466 78
335 0 1 1200 1 11 1
336 1 10 1203 4 12 6
337 0 2 1208 2207 23718 3310
338 1 1 1211 50 447 75
339 0 5 1213 1 9 1
340 1 3 1217 2 17 3
341 1 6 1221 48 428 72
342 1 17 1225 2 6 3
343 0 1 1230 9 73 13
344 1 2 1232 483 4843 724
345 1 3 1235 1 10 1
346 1 1 1239 637 6471 955
347 0 2 1242 34 297 51
348 1 6 1245 1 10 1
349 0 2 1249 1 9 1
350 0 5 1252 1 10 1
351 0 6 1256 2 17 3
352 0 3 1260 42 372 63
353 1 1 1264 12939 149877 19408
354 1 25 1266 11 34 16
355 0 2 1271 1 11 1
356 1 4 1274 199 1912 298
357 1 1 1278 102 947 153
358 0 13 1281 7 21 10
359 0 6 1286 1 9 1
360 0 2 1290 199 1912 298
361 1 7 1293 4 12 6
362 1 3 1298 5 40 7
363 1 1 1302 14 116 21
364 1 20 1304 1596 7685 2394
365 1 5 1309 1 9 1
366 1 1 1313 321 3156 481
367 1 4 1315 20 170 30
368 1 2 1319 180 1720 270
369 1 5 1322 1 10 1
370 1 10 1326 730 3326 1095
371 0 3 1331 11 90 16
372 0 2 1335 1 10 1
373 0 19 1338 1 4 1
374 0 1 1343 8 64 12
375 1 2 1345 17 143 25
376 0 2 1348 2 17 3
377 0 3 1351 5605 62706 8407
378 1 1 1355 22 188 33
379 1 3 1357 4030 44457 6045
380 1 1 1361 2 17 3
381 1 1 1364 102 947 153
382 1 3 1365 8 64 12
383 0 6 1369 458 4581 687
384 0 2 1373 16 134 24
385 0 3 1376 1 10 1
386 0 29 1380 4 12 6
387 1 1 1386 1748 18592 2622
388 0 1 1388 5 40 7
389 0 2 1391 130 1222 195
390 0 1 1394 6 48 9
391 1 2 1397 1 9 1
392 1 3 1400 1282 13447 1923
393 1 3 1404 1 10 1
394 0 4 1408 1 10 1
395 1 4 1412 1 12 1
396 1 3 1416 1 9 1
397 0 9 1420 230 959 345
398 1 5 1425 1 8 1
399 0 1 1429 147 1391 220
400 1 12 1432 15 48 22
401 0 9 1437 24 82 36
402 0 2 1442 1 9 1
403 1 5 1445 1 9 1
404 1 10 1449 3 9 4
405 1 3 1454 1 9 1
406 0 3 1458 123 1153 184
407 0 3 1462 112 1045 168
408 0 2 1466 159 1510 238
409 0 1 1469 31 270 46
410 0 15 1472 6 18 9
411 1 6 1477 4554 50501 6831
412 0 4 1481 14 116 21
413 0 3 1485 3597 39487 5395
414 1 7 1489 11 34 16
415 1 25 1494 19 63 28
416 0 4 1499 927 9581 1390
417 1 4 1503 1 9 1
418 0 2 1507 12 99 18
419 0 5 1510 63 570 94
420 0 3 1514 400 3975 600
421 0 1 1518 1 10 1
422 1 2 1521 768 7869 1152
423 0 7 1524 2530 12568 3795
424 1 1 1529 1 10 1
425 1 1 1531 2145 23022 3217
426 1 1 1534 27 233 40
427 1 9 1536 1 4 1
428 1 6 1541 3910 19988 5865
429 1 1 1545 5 40 7
430 1 21 1548 2 6 3
431 0 2 1553 6 48 9
432 0 4 1556 1015 10534 1522
433 1 1 1560 5 40 7
434 1 2 1562 3 25 4
435 0 5 1565 22 188 33
436 1 1 1569 36 316 54
437 0 2 1572 1 9 1
438 0 5 1575 1 9 1
439 0 4 1579 1 9 1
440 0 8 1583 1000 4660 1500
441 1 4 1588 1 11 1
442 0 5 1592 1 11 1
443 0 15 1596 1851 9003 2776
444 0 2 1601 152 1440 228
445 1 2 1604 1 10 1
446 1 3 1607 511 5137 766
447 0 5 1611 56 504 84
448 0 1 1615 2207 23718 3310
449 1 2 1618 1 10 1
450 0 3 1621 1 10 1
451 0 10 1625 1 6 1
452 1 1 1630 1 10 1
453 0 3 1632 113 1055 169
454 0 14 1636 1 3 1
455 1 1 1641 1 9 1
456 0 5 1643 28391 339417 42586
457 0 1 1647 73 666 109
458 1 2 1649 1 9 1
459 0 4 1652 1 11 1
460 0 1 1656 2 17 3
461 0 2 1658 2 17 3
462 1 2 1661 23 197 34
463 0 5 1664 1 9 1
464 0 16 1668 1 4 1
465 0 1 1673 9 72 13
466 0 1 1675 8 64 12
467 0 1 1677 2 17 3
468 1 1 1679 9 73 13
469 0 3 1681 1 12 1
470 0 6 1685 1 9 1
471 0 4 1689 267 2602 400
472 0 11 1693 2 6 3
473 0 9 1698 11936 65429 17904
474 1 3 1703 1 9 1
475 1 1 1707 60 542 90
476 1 3 1708 1 10 1
477 1 2 1712 8 64 12
478 0 1 1715 3 25 4
479 1 1 1716 20350 240081 30525
480 0 2 1719 147 1391 220
481 1 1 1722 366 3621 549
482 0 5 1725 1 10 1
483 0 1 1729 26 224 39
484 0 23 1731 1 4 1
485 1 1 1736 1 9 1
486 0 3 1738 1 9 1
487 1 1 1742 1 11 1
488 1 2 1744 9463 108213 14194
489 1 8 1747 1 4 1
490 1 3 1752 1 9 1
491 0 1 1756 1 9 1
492 1 3 1759 2 17 3
493 0 1 1763 25 215 37
494 1 3 1765 1 12 1
495 1 10 1769 1 4 1
496 0 2 1774 4 33 6
497 1 4 1777 57 513 85
498 1 3 1781 3 25 4
499 1 3 1785 1 9 1
500 1 5 1789 1 10 1
501 1 1 1793 1 9 1
502 0 5 1796 106 986 159
503 1 1 1800 4 33 6
504 1 2 1803 2 17 3
505 1 1 1806 1 11 1
506 1 8 1808 59 219 88
507 1 11 1813 390 1695 585
508 1 5 1818 291 2848 436
509 0 7 1822 136 543 204
510 1 4 1826 1 11 1
511 0 12 1830 1 3 1
512 1 1 1835 1 11 1
513 0 1 1838 10 81 15
514 1 1 1841 5156 57480 7734
515 1 2 1843 1 9 1
516 1 3 1846 5 40 7
517 1 1 1850 3 25 4
518 0 3 1853 19 161 28
519 0 1 1857 1980 21177 2970
520 1 2 1860 2027 21701 3040
521 1 1 1863 84 772 126
522 0 1 1865 1 10 1
523 0 1 1866 379 3756 568
524 0 1 1869 1857 19804 2785
525 0 4 1872 2 17 3
526 0 2 1876 1 9 1
527 0 1 1879 1 12 1
528 0 2 1881 2 17 3
529 1 5 1884 1 10 1
530 1 1 1888 95 879 142
531 0 2 1890 86 792 129
532 0 2 1893 31 270 46
533 1 2 1896 2 17 3
534 1 4 1899 5 40 7
535 1 2 1903 21 179 31
536 1 2 1906 3 25 4
537 1 8 1909 1 3 1
538 1 1 1914 188 1800 282
539 1 2 1915 30 261 45
540 1 1 1918 4 33 6
541 1 3 1921 21 179 31
542 1 28 1925 1 4 1
543 1 3 1931 1 8 1
544 1 1 1935 1 9 1
545 1 3 1938 2 17 3
546 1 19 1942 1 3 1
547 0 1 1947 3 25 4
548 1 1 1949 106756 1343163 160134
549 0 11 1951 52 191 78
550 0 7 1956 1 3 1
551 0 1 1960 10 81 15
552 0 2 1963 7 56 10
553 1 8 1966 1 4 1
554 0 6 1971 1 9 1
555 0 5 1975 1 9 1
556 1 2 1979 16 134 24
557 0 4 1982 7 56 10
558 1 4 1986 3 25 4
559 0 2 1990 3 25 4
560 0 2 1993 591 5982 886
561 0 6 1996 31 270 46
562 1 1 2000 85 782 127
563 0 2 2003 1 9 1
564 0 2 2006 1 9 1
565 1 4 2009 210 2023 315
566 1 3 2013 2200 23639 3300
567 0 3 2017 991 10274 1486
568 1 5 2021 1015 10534 1522
569 1 2 2025 84 772 126
570 1 6 2028 1 10 1
571 0 6 2032 25 215 37
572 0 2 2036 1 11 1
573 1 2 2039 1 9 1
574 1 3 2042 318 3125 477
575 0 4 2046 2 17 3
576 1 8 2050 4 13 6
577 0 6 2055 1 4 1
578 0 2 2059 22 188 33
579 0 9 2062 39255 230657 58882
580 0 7 2067 9 27 13
581 1 3 2071 1 10 1
582 0 3 2075 20 170 30
583 1 24 2079 1 3 1
584 0 3 2084 117 1094 175
585 1 4 2088 32 279 48
586 0 5 2092 1433 15107 2149
587 0 2 2096 3 25 4
588 0 3 2099 1 8 1
589 0 2 2103 188 1801 282
590 1 1 2106 2 17 3
591 1 1 2109 6 48 9
592 0 7 2111 1 4 1
593 0 2 2115 1 10 1
594 0 1 2118 1 9 1
595 0 8 2120 1 4 1
596 1 7 2125 84 322 126
597 1 3 2129 1 9 1
598 1 3 2133 39 344 58
599 0 2 2137 356 3518 534
600 0 2 2140 2 17 3
601 1 1 2143 1 9 1
602 0 7 2146 59 219 88
603 1 1 2151 1 9 1
604 0 6 2153 421 4194 631
605 0 2 2157 1 9 1
606 0 18 2160 1 3 1
607 1 22 2165 10 31 15
608 1 6 2170 6 48 9
609 0 4 2174 2826 30700 4239
610 1 4 2178 3 25 4
611 0 4 2182 1 10 1
612 1 2 2186 1 10 1
613 1 3 2189 10 81 15
614 0 4 2193 1 9 1
615 0 7 2197 103 402 154
616 0 1 2201 66 599 99
617 0 1 2203 26 224 39
618 0 9 2206 191 785 286
619 0 8 2211 530 2358 795
620 1 7 2216 2 6 3
621 1 1 2221 2922 31790 4383
622 1 15 2224 171 696 256
623 1 31 2229 1 4 1
624 0 1 2235 8 64 12
625 0 1 2237 129 1212 193
626 0 22 2240 877 4049 1315
627 0 5 2245 7791 88376 11686
628 0 15 2249 5 15 7
629 1 26 2254 59 219 88
630 0 4 2259 1 11 1
631 1 3 2263 1 10 1
632 0 11 2267 17 56 25
633 1 12 2272 2 6 3
634 0 4 2277 6982 78837 10473
635 1 1 2281 2333 25133 3499
636 1 4 2283 30 261 45
637 1 11 2287 1 4 1
638 1 7 2292 6054 31825 9081
639 1 1 2296 1 10 1
640 0 6 2298 1 11 1
641 1 4 2302 121 1133 181
642 0 1 2306 1 9 1
643 0 4 2308 239 2317 358
644 1 3 2312 1 9 1
645 0 5 2316 1 11 1
646 1 2 2320 2 17 3
647 1 1 2323 29 252 43
648 1 1 2326 31 270 46
649 1 2 2329 3 25 4
650 1 5 2332 1 12 1
651 0 3 2336 2099 22507 3148
652 1 5 2340 1 8 1
653 0 3 2344 2 17 3
654 1 2 2348 1 9 1
655 0 3 2351 2 17 3
656 1 4 2355 31 270 46
657 1 16 2359 17863 100303 26794
658 1 2 2364 56 504 84
659 0 1 2367 2349 25313 3523
660 0 1 2370 1 9 1
661 0 14 2373 1 3 1
662 1 1 2378 1 12 1
663 1 2 2381 6 48 9
664 0 5 2384 6 48 9
665 1 2 2388 3 25 4
666 1 36 2391 1 4 1
667 0 11 2397 119 470 178
668 1 1 2402 1 9 1
669 0 3 2405 1 11 1
670 1 3 2409 5 41 7
671 0 3 2413 25 215 37
672 0 3 2417 1 9 1
673 0 7 2421 29874 172834 44811
674 1 1 2425 3 25 4
675 1 1 2428 1 9 1
676 1 1 2431 1 9 1
677 0 6 2434 1 3 1
678 0 4 2438 54 485 81
679 0 1 2442 1 9 1
680 0 5 2444 2 17 3
681 1 11 2448 812 3728 1218
682 0 1 2453 1 8 1
683 0 2 2455 2 17 3
684 0 40 2458 1 3 1
685 0 1 2464 2 17 3
686 1 6 2466 529 5327 793
687 0 1 2470 9680 110798 14520
688 1 6 2472 1 9 1
689 1 3 2476 12 98 18
690 0 8 2480 163 661 244
691 1 4 2485 1 10 1
692 1 12 2489 1 3 1
693 0 4 2494 2033 21768 3049
694 1 2 2498 1 11 1
695 0 3 2501 18801 221102 28201
696 0 19 2505 1 4 1
697 1 2 2510 4 33 6
698 1 2 2513 1 9 1
699 1 45 2516 6 18 9
700 0 3 2522 47781 582993 71671
701 0 7 2526 2 7 3
702 0 5 2530 1365 14358 2047
703 0 7 2534 38 135 57
704 1 18 2538 13933 77089 20899
705 1 7 2543 1 3 1
706 1 1 2547 16 134 24
707 0 3 2548 133 1252 199
708 0 7 2552 15 48 22
709 1 9 2556 742 3384 1113
710 1 13 2561 1 6 1
711 0 7 2566 1 4 1
712 0 1 2571 1 12 1
713 1 2 2574 76 695 114
714 1 2 2577 198 1901 297
715 1 7 2580 432 1893 648
716 0 5 2584 87 801 130
717 1 1 2588 1 11 1
718 0 2 2591 86 791 129
719 1 2 2594 568 5739 852
720 1 1 2597 2 17 3
721 1 14 2600 51 187 76
722 0 1 2605 1 12 1
723 0 14 2608 2 7 3
724 0 1 2613 3932 43330 5898
725 1 2 2616 6 48 9
726 1 6 2619 108 1006 162
727 1 2 2623 79 724 118
728 0 5 2626 2 17 3
729 0 4 2630 1 10 1
730 0 1 2634 1080 11241 1620
731 1 4 2636 14 116 21
732 1 4 2640 1 9 1
733 1 11 2644 60 223 90
734 0 3 2649 69 628 103
735 1 2 2653 213 2053 319
736 1 3 2656 551 5559 826
737 1 8 2660 456 2006 684
738 0 2 2665 8 64 12
739 0 11 2668 52 191 78
740 0 1 2673 2 17 3
741 0 2 2675 13 107 19
742 0 1 2678 46 410 69
743 1 1 2680 299 2930 448
744 1 1 2682 1 9 1
745 1 3 2685 13396 155391 20094
746 0 15 2689 64 239 96
747 0 6 2694 1 9 1
748 1 19 2698 1 4 1
749 1 1 2703 8 64 12
750 1 5 2705 15 125 22
751 1 1 2709 35 307 52
752 1 21 2712 1 3 1
753 1 3 2717 15 125 22
754 0 4 2721 1 10 1
755 0 5 2725 3 25 4
756 1 1 2729 5 40 7
757 0 2 2730 38426 464888 57639
758 1 5 2733 21 179 31
759 1 6 2737 25059 298103 37588
760 1 2 2741 16 134 24
761 0 7 2744 10 31 15
762 1 2 2748 9 72 13
763 1 1 2751 120066 1517297 180099
764 0 4 2754 1 10 1
765 1 8 2758 1 3 1
766 0 2 2763 5 40 7
767 0 7 2766 66 248 99
768 1 2 2771 2 17 3
769 1 5 2774 58 523 87
770 1 16 2778 104 406 156
771 1 2 2783 1 10 1
772 0 3 2786 1 8 1
773 1 1 2790 1 9 1
774 1 3 2793 1 9 1
775 1 7 2797 3 10 4
776 1 1 2802 125 1173 187
777 1 8 2805 1 5 1
778 1 9 2810 8 24 12
779 0 3 2815 1176 12287 1764
780 1 1 2819 3 25 4
781 1 1 2822 13 108 19
782 1 6 2824 2 17 3
783 1 2 2828 10 81 15
784 1 1 2831 1 9 1
785 1 2 2833 760 7784 1140
786 0 2 2836 173 1650 259
787 1 2 2839 160 1520 240
788 0 3 2842 286 2796 429
789 1 1 2846 30 261 45
790 0 2 2849 1 9 1
791 0 5 2852 259 2520 388
792 0 3 2856 1 12 1
793 0 1 2860 9 72 13
794 0 2 2862 33 288 49
795 1 2 2865 1873 19983 2809
796 0 4 2868 27 233 40
797 1 1 2872 15 125 22
798 1 4 2874 110 1026 165
799 0 4 2878 4 33 6
800 0 1 2882 2 17 3
801 0 10 2885 8 24 12
802 0 2 2890 10 81 15
803 1 2 2893 28 242 42
804 1 2 2896 1 9 1
805 0 8 2899 13 41 19
806 0 2 2904 11909 137479 17863
807 1 4 2907 151 1430 226
808 0 7 2911 1 3 1
809 0 11 2915 1 4 1
810 0 5 2920 3 25 4
811 0 2 2924 1 11 1
812 1 1 2927 1 10 1
813 0 1 2930 1 9 1
814 0 5 2932 4 33 6
815 1 1 2936 1 9 1
816 1 3 2939 2967 32300 4450
817 0 4 2943 16235 189799 24352
818 1 1 2947 62 561 93
819 1 1 2948 2 17 3
820 0 8 2949 1 6 1
821 0 1 2954 4 33 6
822 0 1 2957 3 25 4
823 1 6 2959 3 25 4
824 0 3 2963 1 13 1
825 1 2 2967 52498 642884 78747
826 0 2 2970 1308 13732 1962
827 1 46 2973 1 6 1
828 0 10 2979 12857 70794 19285
829 1 5 2984 34 297 51
830 0 8 2988 70 264 105
831 0 4 2993 1 10 1
832 0 3 2997 6 48 9
833 1 2 3001 6 48 9
834 0 2 3004 1 12 1
835 0 1 3007 1 10 1
836 1 6 3010 1 9 1
837 1 5 3014 197 1891 295
838 0 4 3018 81 743 121
839 0 3 3022 87 801 130
840 0 3 3026 1 9 1
841 0 28 3030 33 116 49
842 1 6 3036 54 485 81
843 0 2 3040 1 9 1
844 1 3 3043 1 10 1
845 0 5 3047 1 9 1
846 0 6 3051 1 9 1
847 1 1 3055 1 13 1
848 1 4 3057 12 99 18
849 1 1 3061 184 1760 276
850 1 3 3063 1112 11589 1668
851 0 2 3067 135 1272 202
852 1 4 3070 225 2174 337
853 0 11 3074 1 4 1
854 0 8 3079 73 276 109
855 1 5 3084 1 9 1
856 0 12 3088 4 12 6
857 0 21 3093 37 131 55
858 1 2 3098 5 40 7
859 0 7 3101 1 4 1
860 0 4 3106 7 56 10
861 1 1 3110 1 11 1
862 1 7 3113 29140 168347 43710
863 1 7 3117 3 9 4
864 0 9 3121 25 85 37
865 0 5 3126 53 475 79
866 1 2 3130 4 33 6
867 1 2 3133 28 243 42
868 1 11 3136 440 1931 660
869 0 2 3141 23 197 34
870 0 2 3144 1 8 1
871 0 6 3147 2 17 3
872 1 4 3151 1 12 1
873 1 1 3155 5 41 7
874 1 3 3158 4 32 6
875 1 2 3162 1 9 1
876 0 7 3165 6 18 9
877 1 3 3169 5 40 7
878 0 10 3173 1 4 1
879 1 3 3178 2 17 3
880 0 2 3182 1286 13491 1929
881 1 3 3185 1 9 1
882 0 1 3189 1 9 1
883 0 2 3192 2 17 3
884 0 2 3195 1 9 1
885 0 3 3198 25 215 37
886 0 2 3202 66 599 99
887 0 1 3205 2879 31301 4318
888 1 2 3207 1 9 1
889 0 1 3210 50 447 75
890 1 3 3213 1125 11731 1687
891 1 3 3217 1 9 1
892 1 4 3221 1 10 1
893 1 3 3225 80 734 120
894 0 2 3229 14952 174217 22428
895 1 2 3232 2 17 3
896 1 13 3235 1 4 1
897 1 1 3240 1 9 1
898 1 2 3243 407 4048 610
899 0 4 3246 1 9 1
900 0 2 3250 3343 36582 5014
901 1 1 3253 3 25 4
902 0 6 3256 1 4 1
903 1 1 3260 2 17 3
904 1 4 3263 1 10 1
905 0 3 3267 11 90 16
906 0 16 3271 1 4 1
907 1 14 3276 13 41 19
908 0 36 3281 184327 1177476 276490
909 0 5 3287 271 2643 406
910 1 51 3291 7 21 10
911 1 1 3297 1 9 1
912 0 1 3299 3 25 4
913 1 3 3302 12 99 18
914 1 1 3306 1 12 1
915 1 1 3309 1 10 1
916 1 4 3312 1321 13875 1981
917 0 6 3316 1 4 1
918 0 1 3320 1541 16298 2311
919 1 3 3323 154 1460 231
920 1 7 3326 4 12 6
921 0 1 3330 1 10 1
922 1 2 3333 31 270 46
923 1 1 3336 6 48 9
924 1 2 3339 1 8 1
925 0 2 3342 4555 50512 6832
926 0 3 3345 575 5813 862
927 0 1 3349 144 1361 216
928 0 1 3351 6 48 9
929 1 6 3353 1 9 1
930 1 30 3357 340 1462 510
931 1 1 3363 17 143 25
932 1 13 3365 51950 310071 77925
933 1 2 3370 1 9 1
934 1 2 3373 1 9 1
935 1 1 3376 30 261 45
936 1 3 3379 2 17 3
937 0 2 3383 1 9 1
938 1 2 3386 1742 18525 2613
939 0 7 3389 6 18 9
940 0 11 3393 4 12 6
941 0 3 3398 13 107 19
942 0 1 3402 3 25 4
943 1 1 3405 1 12 1
944 0 2 3406 36 316 54
945 1 1 3409 1 9 1
946 0 13 3411 29 101 43
947 0 2 3416 3 25 4
948 1 7 3419 1 5 1
949 0 3 3423 1 9 1
950 1 3 3427 14442 168038 21663
951 1 2 3431 1314 13798 1971
952 0 3 3434 4 33 6
953 1 2 3438 731 7473 1096
954 1 128 3441 20352 115159 30528
955 1 6 3447 1 4 1
956 1 1 3451 13 108 19
957 1 2 3453 1 10 1
958 1 3 3456 245 2377 367
959 1 2 3460 1 9 1
960 1 5 3463 47 419 70
961 1 4 3467 1 11 1
962 1 3 3471 181136 2324284 271704
963 1 1 3475 141 1331 211
964 0 5 3477 6 48 9
965 1 1 3481 3329 36423 4993
966 1 2 3483 418 4163 627
967 0 6 3486 269 2622 403
968 0 5 3490 29 252 43
969 1 8 3494 174 710 261
970 1 9 3499 1 3 1
971 0 4 3504 3 25 4
972 1 1 3508 1 10 1
973 1 5 3509 8 64 12
974 1 2 3513 4 33 6
975 1 4 3516 578 5845 867
976 1 3 3520 1478 15603 2217
977 0 1 3524 1 11 1
978 0 10 3527 35 124 52
979 0 1 3532 21 179 31
980 0 20 3535 2 7 3
981 0 2 3540 3 25 4
982 1 4 3543 1 11 1
983 1 1 3547 12 99 18
984 0 1 3550 120 1124 180
985 1 2 3553 3 25 4
986 1 1 3556 3 25 4
987 0 2 3558 4 32 6
988 0 5 3561 1 10 1
989 1 1 3565 1 10 1
990 0 4 3568 15 125 22
991 0 3 3572 4 33 6
992 1 2 3576 1 9 1
993 1 1 3579 1 9 1
994 0 1 3582 44 390 66
995 1 1 3584 1 10 1
996 0 2 3586 1 11 1
997 1 34 3589 2 6 3
998 0 1 3595 6 48 9
999 1 2 3597 6 48 9
1000 0 1 3600 2 17 3
1001 0 4 3602 16 134 24
1002 1 20 3606 2 6 3
