0 1 1 5 21 179 31
1 0 3 6 8 64 12
2 1 2 10 399 3964 598
3 1 2 13 771 7901 1156
4 1 2 16 106 986 159
5 1 1 19 406 4037 609
6 1 3 22 5 15 7
7 0 15 26 1 3 1
8 1 5 31 1 4 1
9 1 4 35 1 4 1
10 1 1 39 59 532 88
11 1 7 42 1 3 1
12 0 2 46 186538 2396193 279807
13 0 3 49 33 288 49
14 0 1 53 103 957 154
15 1 2 55 32 279 48
16 0 5 58 57 211 85
17 1 22 62 371 1607 556
18 0 1 67 1 11 1
19 1 13 69 13 41 19
20 1 2 74 1 9 1
21 0 1 77 206 1982 309
22 0 6 80 1 3 1
23 0 3 84 201 1931 301
24 1 5 88 1 5 1
25 1 2 92 1 9 1
26 1 1 95 358 3539 537
27 0 1 98 1 10 1
28 1 5 100 4798 24853 7197
29 0 1 104 1860 19838 2790
30 1 4 107 1 4 1
31 0 3 111 522 2320 783
32 0 2 115 3 25 4
33 1 5 118 2 7 3
34 0 10 122 1120 5261 1680
35 1 1 127 1 9 1
36 1 2 130 20 170 30
37 1 2 133 4 33 6
38 0 5 136 19 63 28
39 1 2 140 1 9 1
40 1 4 143 1900 9258 2850
41 1 12 147 9 27 13
42 1 2 152 3 25 4
43 0 4 155 2 6 3
44 0 13 159 6 18 9
45 0 1 164 34 297 51
46 1 1 165 1 9 1
47 1 5 167 1 4 1
48 0 2 171 1189 12430 1783
49 1 11 174 46 167 69
50 1 1 179 982 10177 1473
51 1 3 182 15 125 22
52 1 6 186 34 120 51
53 1 10 190 58 215 87
54 1 3 195 1019 4755 1528
55 1 1 199 1 9 1
56 0 4 201 1 6 1
57 0 6 205 1 4 1
58 1 1 209 1 11 1
59 1 2 212 10 81 15
60 0 1 215 1 11 1
61 1 21 217 146 587 219
62 0 1 222 5 40 7
63 0 2 225 7 56 10
64 1 1 228 1 10 1
65 0 1 231 31 270 46
66 0 1 234 1 9 1
67 1 4 237 1 6 1
68 0 3 241 15 48 22
69 1 3 245 1 3 1
70 1 5 249 1 3 1
71 0 3 253 5 41 7
72 1 14 257 3813212 28183765 5719818
73 1 11 262 1 4 1
74 1 5 267 1 4 1
75 1 2 271 358 3539 537
76 0 67 274 1 4 1
77 0 3 280 55 203 82
78 1 6 284 40 143 60
79 1 2 288 3432 37599 5148
80 0 3 291 7 21 10
81 1 4 295 4 12 6
82 0 2 299 7 56 10
83 0 13 302 1 4 1
84 1 15 307 1 4 1
85 0 4 312 2 7 3
86 0 2 316 2 17 3
87 0 1 319 1 11 1
88 0 29 321 1 4 1
89 0 2 327 273 2663 409
90 1 3 330 1525792 21116524 2288688
91 0 3 334 10 31 15
92 1 5 338 4 12 6
93 1 1 342 40 353 60
94 0 1 345 1 11 1
95 0 9 348 171 696 256
96 1 7 353 6708 35491 10062
97 0 2 358 949 9819 1423
98 0 1 361 1 11 1
99 1 1 364 2 17 3
100 1 2 366 133 1252 199
101 1 1 369 83 763 124
102 1 3 372 33900 408122 50850
103 0 47 376 849 3910 1273
104 0 3 382 1 3 1
105 1 10 386 6 18 9
106 0 8 391 1 4 1
107 0 4 396 3 9 4
108 0 3 400 23 78 34
109 1 5 404 2 7 3
110 1 5 408 9 27 13
111 1 2 412 1 10 1
112 0 2 415 19 161 28
113 0 3 418 29 252 43
114 0 15 422 124 491 186
115 1 41 427 413 1803 619
116 1 4 433 1 4 1
117 1 1 437 1 10 1
118 1 5 439 2701 13477 4051
119 1 2 443 1 11 1
120 1 2 446 636 6460 954
121 0 2 449 1 10 1
122 0 5 452 184993 1181951 277489
123 0 3 456 11 34 16
124 1 1 460 14176 164818 21264
125 0 1 462 1 10 1
126 1 1 464 1 9 1
127 0 2 467 24 206 36
128 1 1 470 1 9 1
129 1 1 472 4 33 6
130 1 2 474 135 1272 202
131 0 2 477 106 986 159
132 1 14 480 51 187 76
133 0 3 485 1 3 1
134 0 7 489 1 3 1
135 1 3 493 1117 5246 1675
136 0 1 497 2013 21545 3019
137 1 1 499 1 9 1
138 0 1 502 1 9 1
139 0 9 505 5 15 7
140 0 3 510 11 90 16
141 1 9 514 132 526 198
142 1 1 519 1 10 1
143 1 1 522 315 3094 472
144 0 2 524 1 9 1
145 1 1 527 9509 108761 14263
146 0 4 530 2770 13844 4155
147 0 4 534 1 3 1
148 0 2 538 21 179 31
149 1 4 541 8 24 12
150 1 2 545 10437 119835 15655
151 1 5 548 1 4 1
152 0 2 552 1 9 1
153 0 3 555 2 17 3
154 0 2 559 3 25 4
155 0 3 562 3 9 4
156 0 9 566 690 3130 1035
157 0 2 571 13 107 19
158 1 13 574 7 21 10
159 1 4 579 2 6 3
160 0 1 583 3927 43273 5890
161 0 1 586 54 485 81
162 0 1 589 5 40 7
163 1 7 592 1 5 1
164 1 4 596 2 6 3
165 0 1 600 510 5127 765
166 0 13 603 1 3 1
167 1 2 608 184 1760 276
168 0 2 611 98 908 147
169 1 4 614 1 5 1
170 0 15 618 164 666 246
171 1 3 623 3 9 4
172 1 6 627 21 70 31
173 1 1 631 27 233 40
174 1 2 633 150 1420 225
175 1 1 636 1 9 1
176 0 5 638 245 1027 367
177 0 2 642 2 17 3
178 1 3 645 1329 6319 1993
179 1 2 649 2642 28617 3963
180 1 2 652 3 25 4
181 0 4 655 683 3096 1024
182 0 1 659 1 9 1
183 1 2 660 147343 1876271 221014
184 0 2 663 424 4225 636
185 1 3 666 5533 28921 8299
186 1 9 670 1 5 1
187 0 5 675 69 260 103
188 1 1 679 60674 747161 91011
189 0 12 682 74 280 111
190 0 8 687 9260 49981 13890
191 0 7 692 15820 88195 23730
192 0 1 696 1 10 1
193 1 2 698 1 10 1
194 1 3 701 16 52 24
195 0 31 705 2604 12961 3906
196 1 15 711 21 70 31
197 1 1 716 1 9 1
198 1 2 718 2 17 3
199 1 2 721 1011 10491 1516
200 1 3 724 7 21 10
201 0 5 728 2 6 3
202 1 1 732 747 7644 1120
203 0 1 734 231 2235 346
204 1 4 737 1 4 1
205 1 1 741 2 17 3
206 0 5 744 328 1407 492
207 0 1 748 5589 62520 8383
208 0 2 751 27 233 40
209 1 5 754 15 48 22
210 0 1 758 1 9 1
211 0 4 760 3738 19053 5607
212 0 1 764 32 279 48
213 1 1 767 10 81 15
214 0 1 769 10 81 15
215 0 6 772 2223 10948 3334
216 0 1 776 1 12 1
217 1 4 779 1 4 1
218 0 10 783 10510 57169 15765
219 0 9 788 11 34 16
220 0 2 793 22 188 33
221 1 2 796 1 11 1
222 1 3 799 19 63 28
223 1 1 803 1 9 1
224 1 3 806 7 21 10
225 1 2 810 4 33 6
226 1 2 813 7 56 10
227 1 2 816 1 10 1
228 0 5 819 135 539 202
229 1 2 823 2 17 3
230 0 2 826 1 9 1
231 0 3 829 1 9 1
232 0 2 833 7 56 10
233 0 2 836 18 152 27
234 1 4 839 732 3335 1098
235 0 4 843 192 789 288
236 0 1 847 6 48 9
237 0 8 849 72 272 108
238 1 1 854 1850 19727 2775
239 0 5 855 5 15 7
240 1 3 859 10 81 15
241 0 1 862 13 107 19
242 1 1 865 69 628 103
243 0 1 867 8 64 12
244 0 2 869 3 25 4
245 1 10 872 14 45 21
246 0 4 877 30 104 45
247 0 1 881 1 11 1
248 1 3 884 1 11 1
249 1 30 888 1 4 1
250 1 2 894 14 116 21
251 0 2 897 1 10 1
252 1 10 900 1 4 1
253 0 4 905 69 260 103
254 1 34 909 1 4 1
255 0 10 915 1 3 1
256 1 11 920 2 7 3
257 0 15 925 1 3 1
258 1 2 930 1 9 1
259 0 2 933 599 6067 898
260 1 1 936 25 215 37
261 1 2 938 1 11 1
262 1 3 941 502969 3380129 754453
263 0 2 945 1 9 1
264 0 1 948 3 25 4
265 1 2 950 27 233 40
266 0 3 953 1 10 1
267 0 1 957 1 8 1
268 0 6 960 4 12 6
269 0 1 964 3 25 4
270 0 4 965 7 21 10
271 1 3 969 1 4 1
272 1 8 973 2 7 3
273 1 1 978 8047 91403 12070
274 1 2 980 869 8955 1303
275 0 3 983 1 10 1
276 1 20 987 1 5 1
277 0 4 992 4 12 6
278 0 3 996 1 9 1
279 0 5 1000 1 4 1
280 1 2 1004 4 33 6
281 1 11 1007 979 4555 1468
282 0 3 1012 83827 513614 125740
283 1 41 1016 28 97 42
284 1 3 1022 1 3 1
285 0 8 1026 65 244 97
286 1 1 1031 220112 2844704 330168
287 1 4 1033 337 1449 505
288 1 8 1037 5 15 7
289 1 1 1042 49 438 73
290 1 5 1045 8 24 12
291 1 6 1049 120 474 180
292 0 3 1053 1 3 1
293 1 1 1057 55 494 82
294 0 2 1058 74 676 111
295 1 2 1061 12 99 18
296 1 1 1064 7 56 10
297 0 9 1066 4361 22451 6541
298 0 3 1071 3 9 4
299 1 1 1075 9 72 13
300 1 10 1077 1 4 1
301 1 14 1082 87 334 130
302 0 1 1087 50 447 75
303 0 3 1090 1 5 1
304 1 1 1094 103 957 154
305 1 1 1097 27 233 40
306 1 2 1099 33 288 49
307 1 13 1102 3 9 4
308 1 1 1107 1 10 1
309 1 3 1109 7 56 10
310 0 10 1113 2 6 3
311 0 1 1118 490 4916 735
312 0 3 1121 1 9 1
313 0 4 1125 5447 28443 8170
314 1 4 1129 1 3 1
315 0 3 1133 232 968 348
316 0 2 1137 1 10 1
317 0 8 1140 1 3 1
318 0 6 1145 1 4 1
319 1 2 1149 7 56 10
320 1 7 1152 1 5 1
321 1 5 1157 135 539 202
322 1 12 1161 4 12 6
323 0 9 1166 18 59 27
324 1 1 1171 1 12 1
325 0 26 1174 17 56 25
326 0 5 1179 5 15 7
327 0 9 1183 1 3 1
328 0 4 1188 297832 1949861 446748
329 0 2 1192 14 116 21
330 1 3 1195 1 10 1
331 0 5 1199 420 1836 630
332 0 2 1203 1 12 1
333 0 3 1206 3 9 4
334 1 1 1210 10 81 15
335 0 1 1212 239 2316 358
336 1 5 1214 600 2694 900
337 0 1 1218 1 10 1
338 0 1 1220 1 10 1
339 1 6 1222 1 4 1
340 0 7 1226 1 3 1
341 1 4 1230 3 10 4
342 0 6 1234 319 1366 478
343 1 10 1238 1 4 1
344 0 3 1243 804 3689 1206
345 1 7 1247 10233 55572 15349
346 1 3 1251 46 167 69
347 1 2 1255 1 9 1
348 1 2 1258 4850 53928 7275
349 1 4 1261 1 4 1
350 1 11 1265 1 4 1
351 1 34 1270 1 4 1
352 0 6 1276 2 6 3
353 1 3 1280 1 3 1
354 1 5 1284 1 3 1
355 0 6 1288 13 41 19
356 0 3 1292 3238 16350 4857
357 0 1 1296 107 996 160
358 1 2 1299 59 532 88
359 0 3 1302 1 10 1
360 1 7 1306 1 4 1
361 0 2 1310 11818 136386 17727
362 0 2 1313 2411 26011 3616
363 0 3 1316 2 17 3
364 1 7 1320 1 3 1
365 0 14 1325 3280 16576 4920
366 1 3 1330 52 191 78
367 1 1 1334 3288 35955 4932
368 1 3 1336 1 10 1
369 0 1 1340 16 134 24
370 0 7 1342 6 18 9
371 0 1 1346 57 513 85
372 0 1 1349 11 90 16
373 1 2 1351 15 125 22
374 0 3 1354 294 1250 441
375 1 1 1358 10 81 15
376 1 22 1361 1 6 1
377 0 2 1366 3 25 4
378 0 6 1369 3 9 4
379 1 2 1373 1 9 1
380 0 9 1376 15 48 22
381 1 8 1381 37 131 55
382 0 6 1386 62 231 93
383 0 1 1390 4 33 6
384 1 2 1392 188 1801 282
385 0 5 1395 143 574 214
386 1 1 1399 16 134 24
387 0 2 1401 1 11 1
388 0 1 1404 3 25 4
389 1 5 1406 4 12 6
390 0 8 1410 444 1949 666
391 1 3 1415 55 203 82
392 0 4 1419 1 5 1
393 1 1 1423 1 9 1
394 1 13 1426 27 93 40
395 1 12 1431 7 21 10
396 1 3 1436 1299 6166 1948
397 0 2 1440 1263 13239 1894
398 1 1 1443 70 637 105
399 0 1 1445 1 9 1
400 0 5 1447 769 3516 1153
401 1 1 1451 6 48 9
402 0 5 1454 7 21 10
403 1 4 1458 5 15 7
404 1 7 1462 1 6 1
405 1 3 1467 3084 15523 4626
406 1 2 1471 1 10 1
407 1 1 1474 322 3167 483
408 0 12 1476 80 305 120
409 0 6 1481 7 21 10
410 1 4 1485 9 27 13
411 0 3 1489 1 12 1
412 0 1 1492 53 475 79
413 1 27 1494 505 2239 757
414 1 5 1500 1 4 1
415 0 1 1504 34 298 51
416 1 4 1506 2 7 3
417 0 3 1510 2 17 3
418 0 4 1514 549 2449 823
419 0 16 1518 177 723 265
420 1 2 1523 84 772 126
421 0 3 1526 2 17 3
422 0 5 1530 122996 769220 184494
423 1 2 1534 4 33 6
424 1 4 1537 15 48 22
425 0 3 1541 1 4 1
426 1 3 1545 1 9 1
427 0 1 1548 1 9 1
428 1 2 1550 563 5686 844
429 0 4 1553 1 5 1
430 0 4 1557 6960 36909 10440
431 1 4 1561 2 7 3
432 1 11 1565 2180 10722 3270
433 1 5 1570 19 63 28
434 0 2 1574 1 9 1
435 0 5 1577 413 1803 619
436 0 2 1581 682 6950 1023
437 1 2 1584 5 40 7
438 0 2 1587 1 10 1
439 0 8 1590 1 4 1
440 1 2 1595 2 17 3
441 1 4 1598 104 406 156
442 1 5 1602 66 248 99
443 0 5 1606 1 4 1
444 0 4 1610 3 9 4
445 0 10 1614 10 31 15
446 1 15 1619 1 4 1
447 0 2 1624 91 840 136
448 0 12 1627 77 293 115
449 1 9 1632 1 6 1
450 1 1 1637 308136 4031348 462204
451 0 1 1638 1 9 1
452 1 5 1640 1 4 1
453 0 25 1644 5 15 7
454 1 2 1649 5 41 7
455 0 2 1652 5 40 7
456 0 2 1655 5328 59479 7992
457 1 7 1658 2 7 3
458 1 3 1662 422 1846 633
459 1 2 1666 18 152 27
460 1 1 1669 91 840 136
461 1 3 1672 1 3 1
462 1 3 1676 9 27 13
463 0 2 1680 449385 5959521 674077
464 1 2 1683 1 9 1
465 1 2 1686 7 56 10
466 1 7 1689 62 231 93
467 1 2 1694 1 11 1
468 0 3 1697 125 496 187
469 0 1 1701 1 10 1
470 0 118 1703 1 4 1
471 0 2 1709 1 10 1
472 1 2 1712 77 704 115
473 1 1 1715 28 242 42
474 0 1 1717 1 8 1
475 1 3 1719 325 3197 487
476 1 4 1722 1 4 1
477 1 3 1726 2 6 3
478 0 4 1730 535 2382 802
479 0 12 1734 95 368 142
480 1 2 1739 4 33 6
481 0 1 1742 330 3249 495
482 1 1 1744 1 9 1
483 1 4 1746 5 15 7
484 1 1 1750 15 125 22
485 0 2 1753 1 9 1
486 1 3 1756 872 8988 1308
487 0 5 1760 13432 74154 20148
488 1 13 1764 480 2120 720
489 1 5 1769 1 3 1
490 0 1 1773 67497 834584 101245
491 1 1 1775 1 12 1
492 0 1 1777 1 14 1
493 0 2 1780 1 11 1
494 1 4 1783 1 3 1
495 0 3 1787 17 56 25
496 1 17 1791 2 6 3
497 0 2 1796 110 1025 165
498 0 1 1799 1 10 1
499 1 3 1800 5 40 7
500 1 6 1804 247 1036 370
501 0 23 1808 1 4 1
502 1 2 1813 3 25 4
503 0 2 1816 38529 466183 57793
504 0 8 1819 1 4 1
505 0 1 1824 3 25 4
506 0 2 1826 2006 21467 3009
507 1 7 1829 1 3 1
508 0 1 1833 31 270 46
509 1 3 1835 2532 12579 3798
510 0 3 1839 4 33 6
511 0 82 1843 1 3 1
512 0 3 1849 1 3 1
513 1 3 1853 7185 81227 10777
514 0 5 1857 2 6 3
515 0 2 1861 1 9 1
516 1 1 1864 1 10 1
517 1 3 1866 31 270 46
518 1 3 1870 99 918 148
519 1 4 1874 1 3 1
520 1 2 1878 28 242 42
521 0 1 1881 1 9 1
522 1 9 1884 1 4 1
523 1 2 1889 52060 637314 78090
524 0 7 1892 29 101 43
525 1 7 1897 31 108 46
526 1 2 1901 369 3653 553
527 1 2 1904 1 9 1
528 1 12 1907 31 108 46
529 1 9 1912 2397 11865 3595
530 1 1 1917 5 40 7
531 1 5 1919 21599 122640 32398
532 1 2 1923 1 10 1
533 0 3 1926 8 24 12
534 1 2 1930 1853 19760 2779
535 1 7 1933 67 252 100
536 0 14 1938 2610 12993 3915
537 1 1 1943 1 11 1
538 1 5 1946 1 3 1
539 1 1 1950 83 762 124
540 0 7 1952 19 63 28
541 1 6 1956 1 4 1
542 0 1 1960 1 10 1
543 0 2 1962 2 17 3
544 0 2 1965 1 9 1
545 1 4 1968 1 5 1
546 1 2 1972 2 17 3
547 1 3 1975 1 5 1
548 1 1 1979 1 9 1
549 1 2 1982 13 108 19
550 1 1 1985 4748 52746 7122
551 0 4 1986 8 24 12
552 0 4 1990 37 131 55
553 1 1 1994 5176 57712 7764
554 0 1 1997 2335198 32788563 3502797
555 1 3 1999 20 67 30
556 1 4 2003 1 3 1
557 1 5 2007 1 5 1
558 0 5 2011 1 3 1
559 0 1 2015 4601 51044 6901
560 1 2 2018 2 17 3
561 0 7 2021 754477 5171650 1131715
562 0 19 2025 1 4 1
563 1 2 2030 1 11 1
564 0 29 2033 4 12 6
565 0 1 2039 1 8 1
566 0 6 2040 32 112 48
567 0 2 2044 17 143 25
568 0 3 2047 1 9 1
569 1 4 2051 28 97 42
570 0 2 2055 214 2063 321
571 0 3 2058 2 7 3
572 1 13 2062 76 289 114
573 0 3 2067 6881 36464 10321
574 0 10 2071 4 12 6
575 0 6 2076 1716 8304 2574
576 0 2 2080 5 40 7
577 1 1 2083 237 2296 355
578 1 2 2085 50 447 75
579 0 3 2088 3 9 4
580 0 1 2092 1559652 21601329 2339478
581 0 2 2094 702 7163 1053
582 0 1 2097 1 10 1
583 0 6 2100 39 139 58
584 0 3 2104 1 12 1
585 1 2 2108 1 9 1
586 1 1 2111 9 73 13
587 1 12 2112 66 248 99
588 1 9 2117 139 556 208
589 1 3 2122 1 5 1
590 1 3 2126 2 17 3
591 0 4 2129 11 34 16
592 1 2 2133 6 48 9
593 0 6 2136 1 5 1
594 0 4 2140 425 1860 637
595 1 4 2144 47 171 70
596 0 1 2148 1 11 1
597 0 13 2151 1 3 1
598 1 1 2156 1 10 1
599 0 2 2158 2 17 3
600 0 4 2161 29 101 43
601 0 1 2165 4 33 6
602 0 8 2168 1 3 1
603 0 4 2173 1 4 1
604 1 1 2177 724 7398 1086
605 1 2 2180 8 64 12
606 0 3 2183 13 41 19
607 0 1 2187 9 72 13
608 1 10 2189 5 15 7
609 1 1 2194 713 7280 1069
610 1 12 2197 82 313 123
611 0 6 2202 4 12 6
612 1 67 2206 3 9 4
613 0 1 2212 5 40 7
614 0 6 2215 1 3 1
615 1 1 2219 930 9614 1395
616 1 17 2220 209 865 313
617 1 3 2225 1 7 1
618 1 2 2229 1 10 1
619 1 10 2232 1 3 1
620 0 2 2237 58 523 87
621 0 2 2240 16 134 24
622 1 4 2243 1 3 1
623 1 51 2247 4 12 6
624 1 1 2253 4 33 6
625 1 4 2256 9817 53178 14725
626 0 14 2260 1 4 1
627 1 6 2265 15 48 22
628 0 3 2269 1 9 1
629 1 3 2273 22 74 33
630 0 1 2277 94 869 141
631 0 2 2279 6 48 9
632 1 1 2282 1 10 1
633 1 5 2283 1 3 1
634 0 1 2287 779 7987 1168
635 1 1 2289 5 41 7
636 0 3 2291 1 4 1
637 1 3 2295 353 1523 529
638 1 12 2299 1 3 1
639 1 2 2304 584 5908 876
640 0 9 2307 5 15 7
641 1 20 2312 442 1940 663
642 0 5 2317 74 280 111
643 0 1 2321 1 11 1
644 0 7 2323 37 131 55
645 1 3 2328 2 7 3
646 0 2 2332 42 372 63
647 1 5 2335 1305 6197 1957
648 1 3 2339 3 10 4
649 0 2 2343 7967 90457 11950
650 0 9 2346 126 500 189
651 0 3 2351 39 139 58
652 0 1 2355 2 17 3
653 1 4 2358 141 565 211
654 0 2 2362 6 48 9
655 1 1 2365 1 9 1
656 0 1 2368 38 335 57
657 0 6 2370 4945 25663 7417
658 1 4 2374 486 2148 729
659 0 14 2378 1 4 1
660 1 3 2383 37 131 55
661 0 2 2387 1 9 1
662 0 4 2390 1 4 1
663 0 8 2394 11 34 16
664 1 8 2399 1 4 1
665 1 2 2404 24589 292292 36883
666 0 1 2407 50 447 75
667 1 6 2410 1 4 1
668 1 2 2414 14 116 21
669 1 9 2417 45655 270545 68482
670 1 35 2422 1 5 1
671 0 5 2428 10 31 15
672 0 3 2432 4 12 6
673 0 2 2436 13 108 19
674 1 1 2439 3471 38045 5206
675 1 1 2442 5701 63826 8551
676 1 2 2445 2 17 3
677 0 5 2448 1 5 1
678 0 2 2452 1 10 1
679 0 1 2455 1 9 1
680 0 3 2458 1 5 1
681 1 2 2462 4 33 6
682 0 1 2465 1 9 1
683 1 24 2467 24 81 36
684 0 4 2472 1 5 1
685 1 19 2476 3478 17645 5217
686 0 7 2481 4 13 6
687 1 3 2486 4 33 6
688 0 1 2490 1499 15835 2248
689 1 2 2493 35 307 52
690 0 2 2496 167 1590 250
691 0 4 2499 62 231 93
692 0 6 2503 1 4 1
693 1 1 2507 2 17 3
694 1 2 2510 11 90 16
695 0 7 2513 31374 182021 47061
696 1 7 2517 9308 50256 13962
697 1 4 2521 16 52 24
698 0 27 2525 1 4 1
699 0 1 2531 3 25 4
700 0 4 2533 12540 68945 18810
701 1 5 2537 54 199 81
702 0 3 2541 912 4222 1368
703 0 4 2545 4 12 6
704 0 13 2549 54 199 81
705 0 2 2554 1 12 1
706 0 1 2557 114 1065 171
707 0 2 2558 8 64 12
708 0 1 2561 930300 12657367 1395450
709 1 3 2564 1 9 1
710 0 2 2568 24 206 36
711 0 2 2571 211 2033 316
712 0 2 2574 4 33 6
713 0 3 2577 1 10 1
714 1 1 2581 9383 107260 14074
715 0 8 2583 55 203 82
716 1 3 2588 834 3836 1251
717 0 5 2592 887 4098 1330
718 1 1 2596 16 134 24
719 0 1 2598 35 307 52
720 0 3 2599 1 5 1
721 1 2 2603 60 542 90
722 1 3 2606 234 978 351
723 0 2 2610 1 9 1
724 1 4 2613 67 252 100
725 0 4 2617 285 1209 427
726 1 4 2621 1 4 1
727 0 14 2625 1 4 1
728 0 1 2630 24 206 36
729 1 2 2632 1571 16630 2356
730 0 9 2635 778 3561 1167
731 1 2 2640 1 12 1
732 0 1 2643 1258 13184 1887
733 0 4 2646 1 4 1
734 1 2 2650 1 9 1
735 0 2 2653 1 9 1
736 1 2 2656 2 17 3
737 1 29 2659 1 4 1
738 1 3 2665 1 5 1
739 0 1 2669 1 11 1
740 0 1 2672 32 279 48
741 1 12 2674 609 2738 913
742 1 3 2679 6 18 9
743 0 1 2683 1 9 1
744 1 1 2685 40 353 60
745 1 4 2687 1 4 1
746 1 3 2691 667 6790 1000
747 0 3 2695 1 8 1
748 0 7 2699 10674 58116 16011
749 0 2 2703 3464 37965 5196
750 1 4 2706 2 6 3
751 0 3 2710 2 6 3
752 0 2 2714 55 495 82
753 1 1 2717 161 1530 241
754 1 2 2719 31 270 46
755 0 5 2722 1 4 1
756 0 17 2726 281 1191 421
757 1 2 2731 240 2326 360
758 1 3 2734 11669 63878 17503
759 0 5 2738 424 1855 636
760 0 1 2742 1869 19938 2803
761 1 2 2745 1117 11644 1675
762 0 14 2748 27 93 40
763 1 6 2753 4 12 6
764 0 5 2757 1 4 1
765 0 3 2761 164 665 246
766 1 7 2765 87925 540112 131887
767 0 1 2770 5 40 7
768 1 7 2772 1 3 1
769 1 4 2776 673 3048 1009
770 0 1 2780 60 542 90
771 1 4 2782 1 4 1
772 1 1 2786 1 9 1
773 1 1 2788 157 1490 235
774 1 5 2790 11 34 16
775 0 6 2794 2 7 3
776 1 1 2798 1 9 1
777 1 3 2800 1467 15482 2200
778 0 10 2804 26 89 39
779 0 1 2809 1 10 1
780 0 1 2811 3 25 4
781 1 2 2813 2 17 3
782 0 7 2816 49 179 73
783 1 20 2820 31520 182916 47280
784 0 3 2825 218 905 327
785 0 1 2829 1 9 1
786 1 7 2831 1 4 1
787 1 9 2835 209 865 313
788 0 1 2840 1 10 1
789 0 4 2842 3 10 4
790 0 15 2846 241 1009 361
791 1 4 2851 1 4 1
792 0 4 2855 799869 5498268 1199803
793 1 1 2859 3388 37096 5082
794 1 3 2862 7 56 10
795 0 3 2866 1 4 1
796 1 5 2870 24 81 36
797 0 3 2874 28 97 42
798 1 1 2878 2 17 3
799 0 2 2880 1 10 1
800 0 1 2883 1 9 1
801 0 8 2885 2 7 3
802 1 14 2890 23 78 34
803 1 4 2895 1 4 1
804 0 3 2899 1 4 1
805 0 2 2903 81 743 121
806 0 8 2906 1478 7079 2217
807 0 2 2911 79 724 118
808 0 13 2914 2631 13104 3946
809 0 1 2919 1 8 1
810 0 12 2922 151 609 226
811 0 7 2927 1 3 1
812 1 6 2931 1 3 1
813 1 22 2935 460 2025 690
814 1 10 2940 3 9 4
815 0 2 2945 1545 16342 2317
816 0 1 2948 1 10 1
817 1 3 2950 1 5 1
818 0 5 2954 15 48 22
819 0 4 2958 283 1200 424
820 0 1 2962 1 9 1
821 0 3 2965 137 548 205
822 1 5 2969 2 7 3
823 1 2 2973 5 40 7
824 1 4 2976 1 4 1
825 0 1 2980 616 6248 924
826 0 3 2983 29 100 43
827 0 1 2987 42 372 63
828 0 2 2989 15 125 22
829 1 4 2992 30 104 45
830 1 1 2996 253 2459 379
831 0 7 2999 1 3 1
832 0 2 3003 53 475 79
833 0 1 3006 4432 49091 6648
834 1 3 3009 655 2960 982
835 1 2 3013 1 9 1
836 0 1 3016 1 9 1
837 1 2 3019 1 10 1
838 0 60 3022 80 305 120
839 0 1 3028 1 11 1
840 1 4 3031 6 18 9
841 1 1 3035 8423 95856 12634
842 1 1 3037 30 261 45
843 0 1 3039 22 188 33
844 0 3 3041 1 4 1
845 1 15 3045 27 93 40
846 1 34 3050 1 4 1
847 0 4 3056 866 3994 1299
848 0 2 3060 33 288 49
849 1 2 3063 1 11 1
850 0 1 3066 2 17 3
851 1 5 3069 4 12 6
852 1 14 3073 1 3 1
853 0 1 3078 125 1173 187
854 1 2 3081 1 10 1
855 1 8 3084 3 10 4
856 1 15 3089 4 13 6
857 1 18 3094 1 4 1
858 0 11 3099 2 6 3
859 0 2 3104 14 116 21
860 0 3 3107 8 24 12
861 0 2 3111 2 17 3
862 0 2 3114 1 8 1
863 1 8 3117 2 6 3
864 0 3 3122 1 12 1
865 0 2 3126 1 9 1
866 0 4 3129 5904 30987 8856
867 1 3 3133 1 11 1
868 1 7 3137 6487 34249 9730
869 0 1 3142 3 25 4
870 0 1 3145 2 17 3
871 0 8 3147 1 4 1
872 1 2 3152 750 7676 1125
873 0 2 3155 11 90 16
874 1 1 3158 116 1084 174
875 0 5 3159 9 27 13
876 1 3 3163 105 410 157
877 0 6 3167 20 67 30
878 0 1 3171 361 3570 541
879 1 11 3173 1 3 1
880 1 6 3178 117 462 175
881 0 4 3182 1233 5832 1849
882 0 5 3186 2 6 3
883 0 3 3190 1252 5928 1878
884 0 10 3194 193 794 289
885 1 2 3199 2 17 3
886 0 4 3202 1 3 1
887 1 2 3206 13 108 19
888 0 8 3209 7 21 10
889 0 8 3214 7140 37924 10710
890 0 1 3219 22 188 33
891 1 2 3222 972 10068 1458
892 0 1 3225 104 967 156
893 1 2 3228 8 64 12
894 1 9 3231 1 4 1
895 0 4 3236 1 3 1
896 0 3 3240 18 152 27
897 1 2 3244 3 25 4
898 0 1 3247 291 2848 436
899 1 7 3249 51 187 76
900 1 75 3253 1412 6741 2118
901 0 5 3259 1 3 1
902 1 2 3263 1 10 1
903 1 3 3266 3 25 4
904 0 10 3270 1 3 1
905 0 3 3275 1 5 1
906 0 1 3279 4 33 6
907 0 25 3282 1 3 1
908 1 2 3287 19 161 28
909 0 2 3290 3 25 4
910 1 2 3293 252 2449 378
911 0 1 3296 145 1371 217
912 1 1 3297 1 8 1
913 1 3 3300 1 4 1
914 0 3 3304 8197 93179 12295
915 1 4 3308 4 12 6
916 0 1 3312 1 9 1
917 1 3 3314 2 17 3
918 1 2 3318 1 11 1
919 0 3 3321 1 5 1
920 1 18 3325 2 6 3
921 1 4 3330 1 4 1
922 0 2 3334 4 33 6
923 1 1 3337 141 1331 211
924 0 14 3339 3 10 4
925 0 7 3344 1 4 1
926 1 3 3348 22130 125833 33195
927 1 6 3352 446 1959 669
928 1 2 3356 28 242 42
929 1 2 3359 1 10 1
930 1 2 3362 1 13 1
931 1 2 3365 3 25 4
932 0 2 3368 46 409 69
933 0 1 3371 1 11 1
934 1 6 3373 1 4 1
935 1 2 3377 63 571 94
936 0 1 3380 5 40 7
937 1 5 3383 1 5 1
938 1 2 3387 3 25 4
939 1 1 3390 1 10 1
940 0 5 3393 100 389 150
941 1 5 3397 1945 9493 2917
942 1 2 3401 4 33 6
943 1 1 3404 66 599 99
944 1 2 3407 68 618 102
945 0 4 3410 976053 6773685 1464079
946 1 2 3414 1 10 1
947 0 4 3417 370 1602 555
948 1 6 3421 6 18 9
949 1 5 3425 2 6 3
950 1 4 3429 1 5 1
951 0 8 3433 6 18 9
952 0 3 3438 2 6 3
953 1 3 3442 591 2651 886
954 0 1 3446 81 743 121
955 0 20 3449 55 203 82
956 0 2 3454 6 48 9
957 1 1 3457 1653 17538 2479
958 0 3 3460 8 24 12
959 1 11 3464 1 4 1
960 1 2 3469 8404 95631 12606
961 0 8 3472 245 1027 367
962 1 14 3477 209 865 313
963 1 5 3482 1 3 1
964 1 1 3486 253 2459 379
965 0 4 3489 3123 15732 4684
966 0 2 3493 1 9 1
967 0 2 3496 3 25 4
968 1 8 3499 1 4 1
969 0 7 3504 805 3693 1207
970 1 43 3508 1 4 1
971 0 15 3514 1 3 1
972 1 2 3519 602 6099 903
973 1 1 3522 1434 15118 2151
974 0 2 3525 250 2429 375
975 1 9 3528 15 48 22
976 0 2 3533 1 9 1
977 1 2 3536 1 10 1
978 0 2 3539 6 48 9
979 1 2 3542 1 11 1
980 1 2 3545 1 9 1
981 1 2 3548 1 9 1
982 1 1 3551 1 9 1
983 0 5 3553 1 4 1
984 1 6 3557 1 5 1
985 0 2 3561 5 41 7
986 1 2 3564 5 41 7
987 0 3 3567 1494 7161 2241
988 0 4 3571 158 639 237
989 0 1 3575 1 10 1
990 0 2 3578 1 10 1
991 1 7 3581 1 3 1
992 0 1 3585 8 64 12
993 0 1 3587 1095 11404 1642
994 1 6 3588 17 56 25
995 1 2 3592 2 17 3
996 1 2 3595 1 10 1
997 1 18 3598 1 3 1
998 1 4 3603 6 18 9
999 0 2 3607 2 17 3
