0 0 22 5 1 5 1
1 1 7 23 16 52 24
2 0 5 40 98 908 147
3 1 3 56 1 10 1
4 0 2 71 33 288 49
5 1 6 85 229 2215 343
6 1 20 102 8 24 12
7 0 4 120 1 9 1
8 1 2 136 1 10 1
9 0 1 150 44 391 66
10 0 3 162 1 10 1
11 0 19 177 39 139 58
12 0 6 195 37929 458642 56893
13 0 2 211 5 41 7
14 0 1 226 416 4142 624
15 1 1 239 250 2428 375
16 1 6 251 19061 224284 28591
17 0 2 268 39688 480763 59532
18 1 2 283 1 9 1
19 0 3 297 3 25 4
20 1 2 312 100 928 150
21 1 2 326 37 325 55
22 0 2 340 65 589 97
23 1 2 355 402 3996 603
24 0 1 370 1 9 1
25 0 1 383 125 1173 187
26 1 11 392 14 45 21
27 1 4 410 1 9 1
28 1 1 426 1 9 1
29 0 2 439 1 10 1
30 1 1 453 2 17 3
31 1 11 464 1 4 1
32 0 2 481 2 17 3
33 1 1 495 12 99 18
34 1 6 508 51 456 76
35 1 1 524 1 10 1
36 1 1 537 214 2063 321
37 0 1 546 1 10 1
38 0 9 558 67 251 100
39 0 1 575 461 4612 691
40 1 2 585 14498 168716 21747
41 0 13 599 1 4 1
42 1 4 617 4436 49137 6654
43 1 5 633 161 1530 241
44 1 4 649 1885 20117 2827
45 1 8 665 1 4 1
46 1 15 682 1 4 1
47 0 2 700 1 11 1
48 1 2 714 1987 21255 2980
49 0 6 729 204 1962 306
50 1 2 745 1606 17017 2409
51 1 5 759 384 3808 576
52 0 2 775 1 9 1
53 0 1 789 10 81 15
54 0 2 802 206 1982 309
55 0 3 816 11 90 16
56 1 2 831 1 10 1
57 0 2 845 12 99 18
58 1 2 859 630 6396 945
59 0 4 873 1 10 1
60 1 31 889 4 13 6
61 0 2 908 1 10 1
62 0 4 922 60 542 90
63 1 4 938 541 5454 811
64 1 2 954 1 9 1
65 0 2 968 4 33 6
66 1 1 982 432 4308 648
67 1 1 995 55 494 82
68 0 2 1006 2 17 3
69 1 2 1020 4 33 6
70 1 11 1034 370 1602 555
71 1 3 1052 1 9 1
72 1 2 1067 42 372 63
73 0 26 1081 1 4 1
74 1 1 1100 1881 20072 2821
75 0 2 1112 1 9 1
76 0 8 1127 5 15 7
77 1 3 1144 1 9 1
78 1 2 1159 1 10 1
79 0 4 1173 1 11 1
80 1 6 1189 11 34 16
81 0 1 1206 298 2920 447
82 0 6 1216 36 127 54
83 0 13 1233 1 4 1
84 0 6 1251 2 7 3
85 0 1 1268 1 10 1
86 0 8 1279 25 85 37
87 1 1 1296 38 335 57
88 0 1 1307 5 40 7
89 0 1 1315 2557 27657 3835
90 0 1 1327 14033 163088 21049
91 1 12 1340 59 219 88
92 0 3 1358 1 9 1
93 1 9 1373 1 4 1
94 1 2 1390 1 10 1
95 0 1 1404 2 17 3
96 1 10 1417 179 732 268
97 0 3 1434 10 81 15
98 0 1 1449 316 3105 474
99 0 2 1462 6 48 9
100 1 13 1476 1 5 1
101 1 4 1494 7 56 10
102 0 2 1510 2811 30530 4216
103 0 5 1524 1 12 1
104 1 2 1540 1 12 1
105 1 7 1554 16 52 24
106 1 6 1571 1966 21020 2949
107 0 1 1588 1 9 1
108 1 9 1600 1 4 1
109 1 1 1617 1 10 1
110 0 7 1629 6 18 9
111 0 15 1646 1 4 1
112 1 1 1664 38 335 57
113 0 4 1677 3439 37679 5158
114 1 3 1693 2 17 3
115 1 17 1708 11 34 16
116 1 3 1726 1 10 1
117 1 4 1741 2 17 3
118 0 3 1757 2 17 3
119 0 1 1772 1 9 1
120 0 1 1784 2 17 3
121 1 1 1792 276 2694 414
122 1 2 1803 1 11 1
123 0 8 1817 1 5 1
124 0 3 1834 3105 33870 4657
125 0 6 1849 1 9 1
126 0 1 1865 458 4581 687
127 1 1 1876 617 6258 925
128 1 14 1889 29 100 43
129 1 1 1907 231 2235 346
130 1 1 1919 1 9 1
131 0 1 1932 5362 59875 8043
132 1 1 1944 3 25 4
133 1 1 1956 1 10 1
134 1 3 1968 55 494 82
135 0 1 1983 6 48 9
136 1 2 1996 70 637 105
137 0 2 2010 2815 30576 4222
138 1 4 2025 14783 172169 22174
139 0 5 2041 1 9 1
140 0 7 2057 95 368 142
141 0 4 2074 8 64 12
142 1 1 2090 1 10 1
143 1 2 2102 1 9 1
144 1 1 2117 3 25 4
145 1 1 2129 23 197 34
146 0 2 2140 326 3208 489
147 0 23 2154 36 128 54
148 1 1 2172 10636 122215 15954
149 1 3 2184 1 9 1
150 1 29 2199 1 5 1
151 1 1 2218 1 9 1
152 0 5 2229 1 9 1
153 0 3 2245 497 4990 745
154 1 3 2260 7 56 10
155 1 3 2275 22 188 33
156 1 4 2290 34 298 51
157 0 3 2306 33 288 49
158 0 2 2321 1 10 1
159 1 4 2335 53 475 79
160 0 4 2351 4 33 6
161 0 5 2367 749 7666 1123
162 1 1 2383 1 10 1
163 1 7 2394 1 3 1
164 0 3 2411 1 11 1
165 0 9 2426 5 15 7
166 0 2 2443 38 335 57
167 0 1 2458 34 297 51
168 0 1 2471 1 9 1
169 0 1 2481 10 81 15
170 1 17 2491 4 13 6
171 0 2 2509 2 17 3
172 0 6 2523 1 5 1
173 0 3 2540 3 25 4
174 1 5 2555 98 908 147
175 1 8 2571 1 4 1
176 1 4 2588 1 8 1
177 0 1 2604 1 9 1
178 1 1 2617 9 73 13
179 0 17 2629 1 3 1
180 1 3 2647 5 40 7
181 0 3 2663 1063 11056 1594
182 0 2 2679 1 9 1
183 1 4 2693 1 10 1
184 0 2 2709 547 5517 820
185 1 2 2723 119 1114 178
186 0 1 2737 2 17 3
187 0 14 2750 1 4 1
188 1 2 2768 2 17 3
189 0 1 2782 31 270 46
190 1 3 2794 16 134 24
191 0 2 2810 1 9 1
192 0 3 2824 21 179 31
193 1 8 2839 75 284 112
194 0 1 2856 1 9 1
195 1 3 2866 444 4434 666
196 1 17 2881 38 135 57
197 1 1 2899 3604 39567 5406
198 1 2 2911 1 10 1
199 1 2 2926 4 33 6
200 0 2 2940 841 8654 1261
201 1 3 2954 1 8 1
202 0 16 2969 33 116 49
203 0 8 2987 12 38 18
204 1 1 3004 442 4413 663
205 0 3 3015 6825 76991 10237
206 0 6 3030 9 27 13
207 0 4 3047 568 5739 852
208 1 6 3063 3095 33756 4642
209 1 1 3080 1 10 1
210 0 27 3092 13 41 19
211 1 11 3111 72 272 108
212 0 1 3128 1 10 1
213 0 2 3141 2 17 3
214 1 2 3155 1 10 1
215 1 3 3169 1 10 1
216 0 5 3184 10 81 15
217 1 3 3200 1 10 1
218 1 4 3215 2050 21959 3075
219 1 1 3231 1 10 1
220 0 3 3244 1 9 1
221 1 1 3259 2382 25684 3573
222 0 1 3268 22 188 33
223 0 1 3281 1 11 1
224 1 6 3294 173 1650 259
225 1 2 3311 2 17 3
226 0 3 3325 4 33 6
227 0 1 3340 1 9 1
228 0 6 3353 76 695 114
229 0 4 3370 1 9 1
230 0 5 3386 433 4319 649
231 1 3 3402 110 1025 165
232 0 1 3417 1 9 1
233 1 1 3430 3 25 4
234 0 17 3443 1 4 1
235 0 2 3461 2170 23302 3255
236 1 4 3476 72 657 108
237 0 13 3492 1 4 1
238 1 6 3510 2 17 3
239 0 3 3527 4 33 6
240 1 14 3542 3716 18934 5574
241 1 1 3560 1 10 1
242 1 12 3573 34 120 51
243 1 8 3591 2 7 3
244 1 2 3608 149 1410 223
