0 0 15 5 1 4 1
1 1 1 14 1 10 1
2 1 24 21 1 4 1
3 0 1 30 1 9 1
4 0 5 37 42 372 63
5 1 5 45 1 9 1
6 1 5 53 5785 64807 8677
7 1 6 61 4 33 6
8 0 2 69 226 2185 339
9 0 7 76 1 4 1
10 0 2 84 314 3084 471
11 1 3 91 1 11 1
12 0 2 99 78 714 117
13 1 5 106 1 9 1
14 0 1 114 1 10 1
15 0 1 120 4 33 6
16 1 2 126 62828 774723 94242
17 1 4 133 1 10 1
18 0 2 141 1 9 1
19 0 7 148 1 5 1
20 1 8 156 147 591 220
21 1 3 165 1 10 1
22 0 2 173 1 10 1
23 0 3 180 1 10 1
24 1 3 188 1 9 1
25 0 4 196 1 9 1
26 0 1 204 1 9 1
27 1 24 209 60 223 90
28 1 1 218 80 733 120
29 1 12 224 2 6 3
30 1 2 233 1 12 1
31 1 6 240 47 419 70
32 1 4 248 242 2347 363
33 1 4 256 3089 33688 4633
34 0 5 264 49 437 73
35 1 6 272 6314 70994 9471
36 1 7 280 3481 17661 5221
37 0 2 288 38 335 57
38 0 1 295 288 2817 432
39 0 5 301 1 10 1
40 0 4 309 31885 382939 47827
41 1 3 317 118 1104 177
42 0 2 324 2304 24807 3456
43 0 2 331 12 98 18
44 1 2 338 29 251 43
45 1 2 345 1 9 1
46 0 34 352 372 1611 558
47 0 1 361 1 9 1
48 0 1 366 1 8 1
49 0 2 373 8 64 12
50 0 7 380 4 12 6
51 1 14 388 1 4 1
52 1 2 397 3703 40701 5554
53 0 5 404 1 9 1
54 0 2 412 134 1262 201
55 1 2 419 1 11 1
56 1 1 426 1 9 1
57 0 3 433 16 134 24
58 0 2 440 3 25 4
59 1 9 447 1 5 1
60 1 1 456 1 9 1
61 0 5 463 1 9 1
62 0 20 471 5 15 7
63 1 3 480 1 9 1
64 0 4 487 1455 15349 2182
65 1 12 495 73 276 109
66 0 2 504 1 10 1
67 1 4 511 9 72 13
68 0 2 519 35 307 52
69 1 5 526 14 116 21
70 0 6 534 23 78 34
71 1 1 542 439 4382 658
72 0 12 548 1 3 1
73 1 2 557 1 9 1
74 1 1 564 338 3332 507
75 1 9 570 54 199 81
76 1 3 579 1 10 1
77 1 5 587 2 17 3
78 0 7 595 87718 538772 131577
79 1 5 603 1 8 1
80 0 23 611 1 4 1
81 1 13 620 334 1435 501
82 1 22 629 503 2229 754
83 0 7 638 1 3 1
84 1 14 646 13 41 19
85 0 6 655 27 233 40
86 1 3 663 4 33 6
87 0 12 671 1 5 1
88 1 1 680 2194 23572 3291
89 0 2 687 20 170 30
90 1 7 694 4 12 6
91 0 3 702 1 9 1
92 0 1 709 6 48 9
93 1 2 715 38 335 57
94 1 2 722 5 40 7
95 1 1 729 33 288 49
96 1 5 735 16 134 24
97 1 7 743 1 5 1
98 1 1 751 6 48 9
99 1 2 757 15 125 22
100 0 7 764 1 4 1
101 0 4 772 1 8 1
102 0 2 780 1 10 1
103 1 3 787 32 279 48
104 1 1 795 1 11 1
105 0 1 801 100 928 150
106 0 5 808 2641 28606 3961
107 1 2 816 2 17 3
108 1 1 823 1 8 1
109 1 4 830 137 1291 205
110 1 2 838 6258 70338 9387
111 0 1 845 8 64 12
112 1 3 851 3 25 4
113 1 5 859 517 5200 775
114 1 1 867 29 251 43
115 0 2 874 1 9 1
116 1 3 881 1 11 1
117 1 9 889 1 6 1
118 0 3 898 140249 1782662 210373
119 1 1 906 1 9 1
120 1 3 911 2 17 3
121 0 1 919 458 4581 687
122 0 1 924 242 2347 363
123 1 7 930 67 252 100
124 0 1 938 1 12 1
125 0 13 943 13833 76503 20749
126 1 3 952 1 10 1
127 1 4 959 1 9 1
128 0 1 967 1 10 1
129 1 1 973 1 12 1
130 0 4 979 1 8 1
131 0 1 987 144343 1836664 216514
132 1 7 992 2 7 3
133 1 4 1000 1 10 1
134 0 6 1008 7 56 10
135 1 16 1016 5221 27190 7831
136 1 6 1025 1 9 1
137 1 2 1033 1350 14194 2025
138 0 5 1040 83 763 124
139 0 2 1048 5 40 7
140 0 1 1055 2 17 3
141 1 3 1062 100 928 150
142 1 5 1070 1 8 1
143 1 1 1078 1 10 1
144 0 1 1084 13 108 19
145 0 1 1089 8 64 12
146 1 7 1095 38 135 57
147 0 1 1103 1 10 1
148 1 2 1108 10 81 15
149 0 3 1115 18348 215563 27522
150 0 3 1123 4 33 6
151 1 1 1131 1 9 1
152 0 1 1137 1 10 1
153 0 2 1142 1 11 1
154 0 2 1149 1 12 1
155 0 9 1156 1 4 1
156 0 3 1165 12 99 18
157 1 3 1173 18 152 27
158 0 2 1181 154 1460 231
159 0 3 1188 7 56 10
160 0 11 1196 3 10 4
161 0 1 1205 289 2827 433
162 0 4 1211 1587 16807 2380
163 0 1 1219 14 116 21
164 0 1 1225 1 9 1
165 0 1 1231 2393 25808 3589
166 0 6 1237 164 665 246
167 0 14 1245 1 4 1
168 0 1 1254 234 2266 351
169 1 2 1260 157 1490 235
170 0 3 1267 372 3684 558
171 0 3 1275 186 1781 279
172 0 5 1282 1035 10752 1552
173 0 4 1290 45 400 67
174 0 1 1298 658 6694 987
175 1 17 1302 1 4 1
176 1 3 1311 4 33 6
177 0 4 1319 117 1094 175
178 1 15 1327 9 27 13
179 1 1 1336 122 1143 183
180 0 3 1343 634 6439 951
181 0 2 1351 1 9 1
182 1 3 1358 21542 254724 32313
183 1 6 1366 1 11 1
184 1 3 1374 5239 58444 7858
185 1 1 1382 3 25 4
186 1 1 1389 108 1006 162
187 1 1 1394 695 7089 1042
188 1 4 1400 117 1094 175
189 0 2 1408 110899 1397286 166348
190 1 1 1415 2 17 3
191 1 3 1420 304 2981 456
192 0 5 1428 86 792 129
193 0 1 1436 4 33 6
194 0 4 1442 1829 19493 2743
195 1 6 1450 1 10 1
196 1 1 1458 1 9 1
197 1 2 1463 1 8 1
198 1 2 1470 51 456 76
199 0 7 1477 1 4 1
200 0 14 1485 1 4 1
201 0 1 1494 5 40 7
202 0 3 1500 1 11 1
203 1 2 1508 2496 26968 3744
204 1 4 1515 9 72 13
205 1 13 1523 1 4 1
206 0 4 1532 14 116 21
207 0 4 1540 7 56 10
208 1 4 1548 30 260 45
209 1 3 1556 772 7912 1158
210 1 2 1564 271 2643 406
211 0 1 1571 6560 73879 9840
212 0 1 1577 4 33 6
213 0 3 1583 1 9 1
214 1 4 1591 2 17 3
215 0 1 1599 30 261 45
216 1 1 1605 1 10 1
217 0 3 1611 1 9 1
218 0 14 1618 63 235 94
219 1 1 1627 91 840 136
220 1 4 1633 1 9 1
221 1 2 1641 141 1331 211
222 1 2 1648 330 3249 495
223 0 5 1655 124 1163 186
224 0 1 1663 568158 7597656 852237
225 1 2 1670 1 9 1
226 0 2 1677 381 3777 571
227 1 2 1684 1 13 1
228 1 1 1691 40 353 60
229 0 2 1698 645 6555 967
230 1 2 1705 1 10 1
231 0 4 1712 1 9 1
232 0 3 1720 19 161 28
233 0 1 1728 1 9 1
234 0 3 1734 103 957 154
235 1 1 1741 48 428 72
236 0 1 1747 1 9 1
237 0 1 1753 11 90 16
238 1 1 1758 1 10 1
239 0 4 1765 188 1801 282
240 0 2 1773 1 9 1
241 1 17 1780 152753 966279 229129
242 1 2 1789 1 9 1
243 0 3 1796 1 10 1
244 1 2 1804 41 363 61
245 0 3 1811 2 17 3
246 0 2 1819 1 9 1
247 0 1 1826 3 25 4
248 1 3 1833 4 33 6
249 1 2 1840 1 9 1
250 0 4 1847 77 704 115
251 1 1 1855 1 9 1
252 1 1 1861 1 9 1
253 1 4 1867 15 125 22
254 0 2 1875 1 10 1
255 0 4 1882 406 4037 609
256 1 7 1890 1 4 1
257 1 4 1898 77 705 115
258 1 8 1906 15 48 22
259 0 21 1914 114181 711279 171271
260 0 15 1923 1 4 1
261 0 2 1932 1 10 1
262 1 2 1939 1 10 1
263 1 7 1946 21 70 31
264 0 7 1954 1 4 1
265 1 3 1962 2 17 3
266 0 4 1970 1 11 1
267 0 2 1978 16 134 24
268 0 3 1985 13 107 19
269 1 8 1992 2 7 3
270 0 1 2000 1 10 1
271 0 3 2004 44338 539415 66507
272 0 1 2012 39 344 58
273 0 12 2017 36 127 54
274 1 2 2026 34 298 51
275 0 1 2033 7375 83466 11062
276 0 2 2039 7 56 10
277 0 2 2046 4 33 6
278 1 15 2053 4 12 6
279 1 1 2062 3352 36685 5028
280 1 3 2068 37 325 55
281 0 10 2076 9987 54155 14980
282 0 6 2085 223 928 334
283 0 1 2093 2 17 3
284 0 1 2099 1500752 20758231 2251128
285 0 12 2104 8 24 12
286 1 5 2113 2 17 3
287 1 4 2121 367 3632 550
288 1 17 2129 1 4 1
289 1 1 2138 240524 3118596 360786
290 1 1 2142 1 12 1
291 0 1 2149 1 9 1
292 0 5 2155 1 10 1
293 1 1 2163 1227 12845 1840
294 1 1 2170 3 25 4
295 0 2 2177 11 90 16
296 1 2 2184 1120 11676 1680
297 1 3 2191 3 25 4
298 1 3 2199 2143 23000 3214
299 1 3 2206 1 9 1
300 0 2 2214 17 143 25
301 1 1 2221 1 9 1
302 1 23 2227 1 5 1
303 0 2 2236 1 9 1
304 1 5 2243 436606 5784094 654909
305 1 4 2251 1 11 1
306 1 2 2259 1 9 1
307 0 11 2266 11 34 16
308 1 12 2275 6 18 9
309 1 7 2284 2 6 3
310 0 1 2292 22 188 33
311 1 2 2298 1756 18681 2634
312 0 10 2305 120 474 180
313 0 2 2314 6 48 9
314 0 5 2321 1 8 1
315 1 2 2329 1 9 1
316 1 3 2336 4 33 6
317 0 2 2344 23 197 34
318 0 4 2351 1 10 1
319 0 6 2359 135 1272 202
320 0 1 2367 3 25 4
321 1 6 2373 1 11 1
322 1 10 2381 22 74 33
323 1 4 2390 1 10 1
324 0 3 2398 16 134 24
325 1 11 2406 1 5 1
326 1 1 2415 5 40 7
327 1 14 2421 1 6 1
328 1 1 2430 1 11 1
329 1 57 2436 2 7 3
330 1 2 2446 1861 19849 2791
331 0 7 2453 256 1077 384
332 0 11 2461 1 5 1
333 1 2 2470 1 12 1
334 0 5 2477 5 40 7
335 1 2 2485 7 56 10
336 1 7 2492 1 4 1
337 1 2 2500 243 2357 364
338 1 3 2507 1074 11175 1611
339 0 2 2515 1 9 1
340 0 32 2522 1 5 1
341 0 1 2531 2 17 3
342 1 4 2536 19685 231926 29527
343 1 4 2544 52 466 78
344 0 1 2552 10 81 15
345 0 1 2558 91 840 136
346 0 8 2564 452 1987 678
347 0 2 2573 195 1871 292
348 1 2 2580 1 9 1
349 0 20 2587 3 10 4
350 0 6 2596 1 9 1
351 1 3 2604 3 25 4
352 0 5 2612 82 753 123
353 0 3 2620 1 9 1
354 0 2 2627 30 261 45
355 0 14 2634 62 231 93
356 0 1 2643 2004539 28001003 3006808
357 1 11 2650 1 5 1
358 1 3 2659 1 10 1
359 1 2 2667 9 72 13
360 0 1 2674 15 125 22
361 1 1 2680 4 33 6
362 1 2 2687 13344 154763 20016
363 0 2 2694 5 40 7
364 0 3 2701 1 12 1
365 1 38 2709 1 5 1
366 0 1 2719 72495 898833 108742
367 1 5 2724 478 4790 717
368 0 3 2732 1737 18470 2605
369 1 1 2740 30 261 45
370 1 2 2747 1 10 1
371 1 2 2754 4 33 6
372 1 1 2761 31 270 46
373 1 4 2767 7 56 10
374 1 2 2775 3 25 4
375 1 3 2782 1 9 1
376 0 1 2790 66 599 99
377 1 10 2796 910 4212 1365
378 1 10 2805 41 147 61
379 1 1 2814 1 10 1
380 1 4 2820 22865 271012 34297
381 1 1 2828 2 17 3
382 0 3 2834 25 215 37
383 0 2 2842 30 261 45
384 0 3 2849 1 9 1
385 0 3 2857 36 316 54
386 1 4 2865 37 325 55
387 1 2 2873 740 7569 1110
388 0 14 2880 10 31 15
389 1 2 2889 1 9 1
390 0 1 2896 172 1640 258
391 0 3 2902 1 9 1
392 1 2 2910 1 9 1
393 0 4 2917 1 9 1
394 1 2 2925 1206 12615 1809
395 0 9 2932 25 85 37
396 1 4 2941 11 90 16
397 0 3 2949 396 3933 594
398 0 3 2957 2882 31336 4323
399 0 3 2964 38 335 57
400 0 13 2972 3 9 4
401 0 2 2981 380 3767 570
402 1 3 2988 10935 125794 16402
403 0 22 2996 1 4 1
404 1 2 3005 73 666 109
405 0 1 3012 16 134 24
406 1 1 3019 1 9 1
407 0 3 3025 1 10 1
408 0 5 3033 1 10 1
409 0 7 3041 12 38 18
410 0 5 3049 22 188 33
411 1 1 3057 1 9 1
412 0 5 3063 4 33 6
413 1 2 3071 1 11 1
414 0 3 3078 70 637 105
415 0 6 3086 603 6110 904
416 0 2 3094 3 25 4
417 0 6 3101 14 116 21
418 0 3 3109 1 8 1
419 1 6 3116 13 107 19
420 1 3 3124 639 6492 958
421 1 4 3132 1 12 1
422 1 1 3140 183 1751 274
423 1 1 3145 4 33 6
424 1 8 3151 940 4361 1410
425 0 1 3160 2210 23751 3315
426 1 5 3163 1 9 1
427 0 3 3171 2 17 3
428 0 11 3179 4 13 6
429 0 6 3188 1 4 1
430 1 2 3196 619 6279 928
431 1 2 3203 170 1620 255
432 1 3 3210 6195 69600 9292
433 1 3 3218 1 11 1
434 1 41 3226 5 15 7
435 1 3 3236 131 1232 196
436 0 5 3244 1 12 1
437 0 2 3252 53 476 79
438 1 1 3259 66 599 99
439 1 4 3266 1 9 1
440 0 5 3274 28669 342873 43003
441 1 3 3282 1 9 1
442 1 1 3290 51 456 76
443 1 1 3296 1 11 1
444 1 2 3302 40 353 60
445 1 2 3309 3 25 4
446 0 2 3316 1 10 1
447 1 1 3323 143 1351 214
448 1 5 3329 30 261 45
449 0 1 3337 180 1720 270
450 1 63 3342 26 89 39
451 0 1 3352 1 9 1
452 1 2 3359 2 17 3
453 1 2 3366 19 161 28
454 1 10 3373 1 4 1
455 1 5 3382 693478 9338872 1040217
456 1 11 3390 81 309 121
457 0 5 3399 263 2561 394
458 1 2 3407 1 11 1
459 0 7 3414 1 3 1
460 1 2 3422 2394 25819 3591
461 0 1 3429 1 11 1
462 0 3 3435 63 570 94
463 0 3 3442 17 143 25
464 0 6 3450 2 17 3
465 0 3 3458 1 9 1
466 1 1 3466 1 9 1
467 1 7 3472 1 5 1
468 1 2 3480 1 9 1
469 1 3 3487 1 10 1
470 1 3 3495 5 40 7
471 1 3 3503 870 8966 1305
472 1 2 3511 1 9 1
473 0 2 3518 1467 15481 2200
474 1 1 3525 66 599 99
475 1 2 3532 629 6386 943
476 1 8 3539 398 1733 597
477 1 3 3547 80 734 120
478 0 1 3555 1 10 1
479 0 3 3560 1 13 1
480 1 4 3567 8 64 12
481 0 12 3575 2 6 3
482 0 2 3584 142 1341 213
483 1 1 3591 2510 27126 3765
484 1 2 3598 105592 1327971 158388
485 0 7 3605 1 4 1
486 0 2 3613 1 9 1
