0 0 6 5 1 4 1
1 0 6 22 1 3 1
2 0 2 38 1873 19983 2809
3 0 2 53 27112 323535 40668
4 1 1 68 1389 14622 2083
5 1 4 81 1 3 1
6 1 3 97 4 12 6
7 1 1 112 372 3684 558
8 1 2 124 14759 171878 22138
9 1 3 138 1 3 1
10 0 1 153 3 25 4
11 1 9 161 1 3 1
12 0 1 178 1 10 1
13 1 13 191 18 59 27
14 1 4 209 6989 37072 10483
15 0 12 225 9 27 13
16 1 6 243 2 7 3
17 1 2 260 1 11 1
18 0 2 275 38 335 57
19 0 3 289 1 9 1
20 1 3 304 82509 505105 123763
21 1 5 319 58 215 87
22 0 1 335 57 513 85
23 0 1 345 10 81 15
24 1 2 358 2 17 3
25 0 8 372 1 3 1
26 0 2 389 13 107 19
27 0 3 403 380 3767 570
28 0 1 418 1 9 1
29 1 1 431 3539 38823 5308
30 0 1 442 69 628 103
31 1 2 453 6079 68243 9118
32 0 6 468 1 5 1
33 0 8 484 643 2902 964
34 1 2 501 1 10 1
35 0 1 516 5 41 7
36 1 1 528 1 9 1
37 1 1 538 1 10 1
38 1 4 551 8 24 12
39 1 2 567 16 134 24
40 0 1 581 1 11 1
41 1 1 590 3504 38422 5256
42 0 2 601 1 11 1
43 0 2 616 1 10 1
44 1 20 630 9 27 13
45 1 4 648 1 5 1
46 1 4 664 3 10 4
47 0 2 680 5 41 7
48 1 6 694 1 4 1
49 1 3 711 23 78 34
50 0 4 726 1 3 1
51 1 5 742 1 5 1
52 1 2 758 1 10 1
53 1 1 773 114 1065 171
54 1 4 783 7 21 10
55 0 2 799 61 551 91
56 1 25 813 1 4 1
57 0 5 832 55 203 82
58 1 4 848 42 151 63
59 1 3 864 2 6 3
60 1 3 880 1 8 1
61 0 6 895 3958 20249 5937
62 1 9 911 1 3 1
63 0 8 928 1 4 1
64 0 15 945 1 4 1
65 1 5 963 879 4059 1318
66 0 7 979 9 27 13
67 0 2 996 1 9 1
68 1 3 1011 1 5 1
69 1 5 1027 114 449 171
70 1 6 1043 26 89 39
71 1 2 1060 9 73 13
72 1 3 1074 1 9 1
73 0 1 1089 1 10 1
74 1 6 1100 1 4 1
75 1 2 1117 68 618 102
76 0 1 1131 2 17 3
77 1 1 1143 300 2940 450
78 1 1 1156 7 56 10
79 0 6 1169 52 191 78
80 1 3 1186 5 15 7
81 1 2 1201 199 1912 298
82 1 4 1215 1 5 1
83 1 6 1231 11 34 16
84 1 4 1247 28 97 42
85 1 2 1263 1 10 1
86 1 3 1277 444 4434 666
87 0 13 1292 31 108 46
88 0 5 1310 338 1453 507
89 0 2 1326 6 48 9
90 0 20 1340 2 7 3
91 0 14 1358 2 7 3
92 0 1 1376 59822 736269 89733
93 0 2 1386 151 1431 226
94 1 4 1401 1 5 1
95 1 5 1417 1 3 1
96 0 7 1433 15 48 22
97 0 2 1450 1 10 1
98 0 4 1464 10 31 15
99 1 1 1480 1 9 1
100 0 2 1493 25 215 37
101 1 16 1507 1 3 1
102 0 3 1525 29 251 43
103 1 1 1540 18 152 27
104 1 3 1550 52 191 78
105 1 1 1565 1 9 1
106 1 22 1577 1 4 1
107 0 1 1595 1 10 1
108 0 5 1603 643 2902 964
109 1 3 1619 298751 3904193 448126
110 1 2 1634 19832 233728 29748
111 0 6 1649 9 27 13
112 0 1 1666 165 1570 247
113 1 2 1679 3 25 4
114 0 1 1693 6 48 9
115 0 3 1705 54 199 81
116 0 7 1720 3 10 4
117 0 7 1737 1 3 1
118 0 2 1754 5 41 7
119 0 3 1768 8 64 12
120 1 5 1783 1 5 1
121 1 4 1799 1 5 1
122 0 1 1815 575 5813 862
123 0 14 1824 1 3 1
124 0 12 1842 1 4 1
125 0 1 1860 1 9 1
126 0 3 1873 663 6747 994
127 1 7 1888 43 155 64
128 0 3 1905 17 143 25
129 1 10 1920 1 3 1
130 0 2 1937 1 10 1
131 0 9 1951 1 4 1
132 0 1 1968 11 90 16
133 0 1 1980 244 2367 366
134 1 1 1993 1 9 1
135 0 7 2006 375 1625 562
136 0 4 2023 1562 7510 2343
137 1 5 2039 1 5 1
138 0 58 2055 208 861 312
139 0 2 2074 1 10 1
140 0 3 2089 339 3342 508
141 1 2 2104 56 504 84
142 1 2 2119 17901 210103 26851
143 0 3 2133 201 1932 301
144 1 1 2148 3 25 4
145 0 4 2160 1 4 1
146 1 3 2176 127 505 190
147 0 1 2191 99 918 148
148 0 4 2202 1 3 1
149 1 11 2218 954 4431 1431
150 1 17 2235 1 4 1
151 1 2 2253 13 107 19
152 1 3 2267 25 85 37
153 0 3 2282 1 4 1
154 1 1 2297 1 10 1
155 0 20 2309 4573 23614 6859
156 1 1 2327 2 17 3
157 0 4 2340 1839 8941 2758
158 0 6 2356 31579 183278 47368
159 0 4 2373 27 93 40
160 0 1 2389 10 81 15
161 1 2 2402 58 523 87
162 1 2 2416 3040 33130 4560
163 1 11 2430 1 5 1
164 0 4 2448 16 52 24
165 1 4 2464 18 59 27
166 0 2 2480 13 107 19
167 0 1 2495 1 10 1
168 0 1 2507 1 9 1
169 1 1 2516 3140 34268 4710
170 1 5 2529 1 4 1
171 0 2 2545 3 25 4
172 1 2 2559 104 967 156
173 0 4 2574 6 18 9
174 0 2 2590 1 9 1
175 1 5 2604 1 4 1
176 0 1 2620 401 3985 601
177 1 2 2633 212 2043 318
178 1 2 2647 1 9 1
179 0 2 2661 12 99 18
180 0 1 2676 11 90 16
181 1 1 2689 1 11 1
182 0 4 2701 1442 6895 2163
183 1 9 2717 1 4 1
184 1 1 2734 1586 16796 2379
185 0 1 2747 3182 34747 4773
186 1 19 2760 20 67 30
187 0 1 2778 95 879 142
188 0 4 2789 5 15 7
189 0 1 2805 7 56 10
190 0 12 2818 1 3 1
191 1 2 2836 380 3767 570
192 0 5 2851 1 3 1
193 1 1 2867 1 11 1
194 1 2 2877 3966 43721 5949
195 0 6 2892 12282 67442 18423
196 0 4 2909 1 3 1
197 0 2 2925 3 25 4
198 1 3 2939 1 6 1
199 1 1 2954 16 134 24
200 1 2 2967 11 90 16
201 1 3 2981 1 9 1
202 0 2 2996 1 11 1
203 1 1 3011 1 11 1
204 1 2 3022 24 206 36
205 1 3 3037 1 4 1
206 1 1 3052 1 11 1
207 0 1 3065 409 4069 613
208 0 3 3078 15 125 22
209 1 6 3093 1 6 1
210 1 4 3110 66 248 99
211 1 2 3126 364 3601 546
212 0 10 3140 232 968 348
213 0 4 3157 7 21 10
214 1 1 3173 101 938 151
215 0 3 3184 13 41 19
216 0 5 3199 28 97 42
217 1 5 3215 25 85 37
218 1 2 3231 97 898 145
219 1 2 3245 4 33 6
220 1 15 3259 423584 2822541 635376
221 0 2 3277 1 10 1
222 0 11 3291 1 4 1
223 0 1 3308 14 116 21
224 1 3 3317 12494 144516 18741
225 0 5 3332 3 9 4
226 1 2 3348 61 551 91
227 1 4 3362 57 211 85
228 1 1 3378 1 10 1
229 0 6 3389 19 63 28
230 0 2 3405 1 10 1
231 1 2 3419 1 9 1
232 0 2 3433 1 9 1
233 0 1 3447 1 10 1
234 0 52 3459 18 59 27
235 1 3 3478 14 116 21
236 1 4 3493 15 48 22
237 0 1 3509 735 7516 1102
238 1 3 3522 8 24 12
239 0 5 3537 200 825 300
240 0 2 3553 1 9 1
241 0 2 3568 85 782 127
242 0 1 3583 1 9 1
243 0 8 3594 3072 15459 4608
244 1 11 3611 59 219 88
