0 0 15 5 1 6 1
1 0 7 14 1 4 1
2 0 3 22 279 2725 418
3 0 3 30 687 7003 1030
4 0 2 38 368 3643 552
5 0 2 45 1 8 1
6 0 1 52 2 17 3
7 1 4 58 46 409 69
8 1 31 66 15 48 22
9 1 12 75 123 487 184
10 1 6 84 9 73 13
11 1 1 92 13 107 19
12 1 2 98 1 9 1
13 0 1 105 5 41 7
14 0 4 111 1 9 1
15 1 1 119 99 918 148
16 0 2 124 208 2002 312
17 1 1 131 1 9 1
18 0 10 137 31 108 46
19 0 3 146 5 40 7
20 0 6 154 3137 34234 4705
21 1 1 162 10 81 15
22 1 2 169 209097 2697269 313645
23 0 5 176 1 9 1
24 1 1 184 1 10 1
25 0 4 189 147 1391 220
26 1 12 197 12 38 18
27 0 1 206 199 1912 298
28 0 1 212 1 10 1
29 0 3 219 97 898 145
30 1 2 226 4 33 6
31 0 3 233 7 56 10
32 1 6 241 12 98 18
33 1 2 249 458 4580 687
34 1 2 256 1 9 1
35 0 1 263 1 9 1
36 0 6 269 1 8 1
37 0 2 277 6 48 9
38 0 41 284 1 4 1
39 0 3 294 21185 250335 31777
40 0 2 302 4 33 6
41 1 1 309 1090 11350 1635
42 1 7 315 888 4103 1332
43 1 1 323 4 33 6
44 1 13 329 47 171 70
45 0 2 338 218 2103 327
46 0 6 345 1 10 1
47 0 7 353 16 52 24
48 1 20 361 348 1500 522
49 0 3 370 63 570 94
50 0 3 378 408 4058 612
51 0 2 386 1 9 1
52 0 3 393 60118 740052 90177
53 0 1 401 1 9 1
54 1 1 407 8 64 12
55 0 3 413 22790 270088 34185
56 1 2 421 3130 34154 4695
57 0 1 428 113 1055 169
58 1 6 434 1324 13908 1986
59 1 3 442 1 10 1
60 1 8 449 1648 7953 2472
61 1 1 458 109 1016 163
62 0 1 463 4 33 6
63 0 2 469 172 1640 258
64 0 2 476 1 10 1
65 0 5 483 18 152 27
66 1 2 491 148 1401 222
67 0 3 498 2179 23404 3268
68 1 3 506 99 918 148
69 0 2 514 1 10 1
70 1 9 521 1 5 1
71 0 13 530 2 7 3
72 0 2 539 19 161 28
73 1 2 546 2 17 3
74 1 2 553 1 9 1
75 0 4 560 1 11 1
76 0 2 568 1 9 1
77 1 2 575 55 494 82
78 0 3 582 1 11 1
79 0 1 590 1 11 1
80 1 28 596 178 727 267
81 1 2 605 229 2215 343
82 1 8 612 2 6 3
83 1 2 621 2 17 3
84 0 9 628 120 474 180
85 0 1 637 70 637 105
86 1 2 643 1 9 1
87 0 2 650 3 25 4
88 0 2 657 15 125 22
89 0 6 664 1 10 1
90 1 5 672 11 90 16
91 0 3 680 1 10 1
92 0 1 688 1 10 1
93 0 9 695 1 4 1
94 0 3 704 43 381 64
95 1 4 712 31 270 46
96 0 1 720 274423 3575240 411634
97 0 11 726 1 4 1
98 0 7 735 1 5 1
99 0 2 743 10 81 15
100 0 3 750 26 224 39
101 1 3 758 1 9 1
102 1 2 766 7 56 10
103 1 33 773 1 5 1
104 0 2 782 1 10 1
105 1 1 789 1800 19170 2700
106 1 6 796 6 48 9
107 0 8 804 1 4 1
108 1 1 813 21 179 31
109 0 1 818 14 116 21
110 0 1 822 279 2725 418
111 0 24 827 337 1449 505
112 1 1 836 857 8826 1285
113 0 2 840 1 12 1
114 1 1 847 2 17 3
115 1 2 854 3 25 4
116 0 9 861 1 5 1
117 0 4 870 139519 1773039 209278
118 1 3 878 38 335 57
119 0 6 885 15 48 22
120 0 3 893 37 325 55
121 0 8 900 1 4 1
122 1 5 908 1515 16011 2272
123 1 4 916 1 10 1
124 1 11 924 1 3 1
125 0 13 933 1 3 1
126 1 1 942 2 17 3
127 1 1 948 16 134 24
128 1 2 955 1 9 1
129 1 3 962 11 90 16
130 0 4 970 12 98 18
131 1 3 978 1 9 1
132 1 9 986 33 116 49
133 1 23 995 183 749 274
134 0 2 1004 4 33 6
135 0 9 1011 1 5 1
136 1 3 1020 141 1331 211
137 1 4 1028 2 17 3
138 1 4 1036 8 64 12
139 0 2 1044 1 11 1
140 0 1 1051 8 64 12
141 1 1 1055 1 10 1
142 0 3 1062 83 762 124
143 1 8 1070 34085 198685 51127
144 1 1 1078 3 25 4
145 0 2 1084 10 81 15
146 1 2 1091 16 134 24
147 0 2 1098 1 9 1
148 1 2 1105 1 9 1
149 0 4 1112 3 25 4
150 0 12 1120 16 52 24
151 1 5 1129 13 107 19
152 1 10 1137 111 436 166
153 1 1 1146 207 1992 310
154 1 3 1152 8 64 12
155 0 2 1160 2 17 3
156 0 1 1167 1 11 1
157 1 2 1173 1 9 1
158 1 2 1180 1 10 1
159 1 8 1187 2 7 3
160 0 2 1196 1 10 1
161 1 4 1203 7 56 10
162 1 6 1211 2 17 3
163 0 7 1219 1 3 1
164 0 11 1227 96 372 144
165 1 2 1236 1 9 1
166 1 1 1243 4 33 6
167 0 1 1249 1 10 1
168 0 12 1255 1 3 1
169 0 2 1264 29 252 43
170 1 2 1271 2053 21992 3079
171 0 11 1278 83651 512477 125476
172 1 2 1287 1 12 1
173 1 1 1294 12 99 18
174 1 3 1300 1 10 1
175 1 5 1308 107 996 160
176 1 34 1316 1 4 1
177 0 2 1325 2118 22720 3177
178 0 1 1332 1 8 1
179 1 4 1338 4 33 6
180 0 3 1346 4 33 6
181 0 6 1354 2 17 3
182 0 3 1362 3 25 4
183 0 9 1370 20727 117406 31090
184 1 2 1379 4459 49403 6688
185 1 2 1386 3 25 4
186 0 1 1393 1 11 1
187 0 3 1395 760 7784 1140
188 0 18 1403 43 155 64
189 1 2 1412 14 116 21
190 0 2 1419 14662 170702 21993
191 1 12 1426 1 3 1
192 1 9 1435 1242 5877 1863
193 0 4 1444 143 1351 214
194 0 1 1452 2 17 3
195 1 1 1458 1 9 1
196 0 2 1465 1 11 1
197 0 1 1472 34 298 51
198 1 2 1479 3 25 4
199 1 26 1486 42 151 63
200 0 5 1495 3 25 4
201 0 3 1503 1113 11600 1669
202 0 7 1511 7 21 10
203 1 4 1519 17 143 25
204 1 7 1527 12 38 18
205 1 3 1535 1 10 1
206 0 5 1543 238 2306 357
207 1 9 1551 1 4 1
208 1 2 1560 149 1410 223
209 1 6 1567 32 112 48
210 1 3 1575 1 9 1
211 1 7 1583 94 364 141
212 0 9 1591 1 4 1
213 0 2 1600 30 261 45
214 0 1 1607 7 56 10
215 0 1 1612 1 9 1
216 1 2 1618 103 957 154
217 0 2 1625 16083 187950 24124
218 1 4 1632 12 99 18
219 1 3 1640 1 9 1
220 1 5 1648 1 13 1
221 0 2 1656 3 25 4
222 0 16 1663 1 4 1
223 1 5 1672 1121 11687 1681
224 1 4 1680 1550 16398 2325
225 1 2 1688 5 40 7
226 1 13 1695 3406 17256 5109
227 1 4 1704 16 134 24
228 1 14 1712 8 24 12
229 0 7 1721 11 34 16
230 1 5 1729 1 10 1
231 1 14 1737 20154 113973 30231
232 0 3 1746 1 10 1
233 1 2 1754 1 8 1
234 0 1 1761 3 25 4
235 1 10 1767 1 4 1
236 1 1 1776 16899 197882 25348
237 1 5 1782 97 898 145
238 0 1 1790 2487 26867 3730
239 1 3 1797 1 9 1
240 1 1 1805 14 116 21
241 1 1 1811 47 419 70
242 0 4 1818 1 9 1
243 1 2 1826 2 17 3
244 0 1 1833 184 1760 276
245 0 2 1839 2 17 3
246 0 2 1846 207 1992 310
247 0 3 1853 16 134 24
248 0 2 1861 236 2286 354
249 1 2 1868 1 10 1
250 0 4 1875 2 17 3
251 1 8 1883 12 38 18
252 1 6 1892 142073 1806715 213109
253 0 2 1900 1 9 1
254 1 4 1907 49 438 73
255 1 1 1915 5 40 7
256 1 3 1921 1 11 1
257 0 1 1929 63397 782009 95095
258 0 3 1935 1 9 1
259 1 1 1942 2 17 3
260 0 3 1946 362 3580 543
261 0 8 1953 83 318 124
262 1 2 1961 27 233 40
263 0 5 1968 1 9 1
264 0 1 1976 75 685 112
265 1 1 1983 1 9 1
266 0 1 1989 12319 142409 18478
267 1 2 1995 52 466 78
268 1 13 2002 1 5 1
269 1 14 2011 280 1186 420
270 0 1 2020 1 11 1
271 0 1 2026 29 252 43
272 1 6 2032 37 131 55
273 0 2 2040 23 197 34
274 0 8 2047 96 372 144
275 0 2 2055 422 4204 633
276 0 3 2062 2 17 3
277 0 10 2070 34903 203727 52354
278 1 2 2079 1 9 1
279 1 2 2086 164369 2101582 246553
280 1 2 2093 1 9 1
281 0 10 2100 3 10 4
282 1 3 2109 2 17 3
283 0 3 2117 1 9 1
284 0 4 2125 1 9 1
285 1 2 2133 1 9 1
286 0 1 2140 1 12 1
287 0 3 2146 7 56 10
288 1 1 2154 10 81 15
289 1 3 2161 2 17 3
290 1 2 2168 1 9 1
291 1 1 2175 3 25 4
292 1 3 2180 1 11 1
293 0 2 2188 1 9 1
294 1 6 2195 6 48 9
295 1 4 2203 313 3074 469
296 1 3 2211 64 580 96
297 1 8 2219 1 5 1
298 0 4 2227 204 1962 306
299 1 25 2235 42241 249227 63361
300 0 2 2244 17 143 25
301 1 2 2251 6 48 9
302 0 2 2258 20 170 30
303 1 4 2265 1 11 1
304 0 2 2273 14 116 21
305 0 1 2280 5 40 7
306 1 9 2286 8 24 12
307 0 4 2295 2 17 3
308 0 11 2303 10 31 15
309 0 15 2312 8 24 12
310 1 1 2321 6 48 9
311 1 4 2327 1 9 1
312 1 15 2335 1 3 1
313 0 1 2344 1 9 1
314 1 1 2350 1 12 1
315 0 2 2356 1 9 1
316 1 2 2363 1 10 1
317 0 5 2370 4 32 6
318 0 15 2378 2 6 3
319 1 2 2387 4 33 6
320 1 2 2394 6 48 9
321 1 3 2401 121985 1542463 182977
322 0 1 2409 13 107 19
323 0 3 2414 2 17 3
324 0 9 2422 19 63 28
325 0 1 2431 329 3239 493
326 0 3 2437 1 11 1
327 0 2 2445 14 116 21
328 0 7 2452 1 5 1
329 0 6 2460 25 215 37
330 1 1 2468 16 134 24
331 0 8 2474 5 15 7
332 1 1 2483 98702 1238169 148053
333 0 2 2490 8 64 12
334 1 2 2497 1 9 1
335 0 9 2504 406 1770 609
336 0 1 2513 1 10 1
337 1 7 2520 1 4 1
338 1 2 2528 41 362 61
339 0 2 2535 16 134 24
340 1 1 2542 1 10 1
341 0 6 2548 504 2234 756
342 0 4 2556 2 17 3
343 1 2 2564 11 90 16
344 1 5 2571 1332 13996 1998
345 1 2 2579 5320 59387 7980
346 1 1 2586 1 10 1
347 1 1 2592 3 25 4
348 0 2 2599 1 9 1
349 0 1 2606 11449 131955 17173
350 0 1 2613 33 288 49
351 0 1 2619 34746 418712 52119
352 0 3 2625 1 9 1
353 0 2 2633 36 316 54
354 1 3 2640 34 298 51
355 0 2 2648 307 3012 460
356 1 1 2655 16 134 24
357 1 1 2661 8 64 12
358 0 11 2667 31817 184739 47725
359 1 4 2676 1 9 1
360 1 4 2684 2 17 3
361 1 9 2692 2 7 3
362 0 5 2701 534 5380 801
363 1 5 2709 32 279 48
364 1 4 2717 1 10 1
365 0 3 2725 48 428 72
366 0 12 2733 24 82 36
367 1 12 2742 105803 656419 158704
368 1 2 2751 241 2337 361
369 1 21 2758 817424 5624816 1226136
370 1 11 2767 9 27 13
371 1 4 2776 1003 10404 1504
372 1 4 2784 526 5295 789
373 1 4 2792 294 2879 441
374 0 3 2800 1 10 1
375 1 1 2808 1 10 1
376 0 2 2814 14 116 21
377 0 5 2821 579 5855 868
378 1 1 2829 9 72 13
379 0 6 2834 2 17 3
380 1 2 2842 1 9 1
381 1 2 2849 401 3985 601
382 0 1 2856 18 152 27
383 0 2 2860 1 10 1
384 0 1 2867 57 513 85
385 1 3 2872 1 9 1
386 0 3 2880 29212 349626 43818
387 1 5 2887 11 90 16
388 1 1 2895 1 10 1
389 1 5 2901 185 1771 277
390 1 2 2909 4 33 6
391 0 27 2916 1 3 1
392 1 1 2925 1 9 1
393 1 2 2931 1 9 1
394 1 3 2938 18 152 27
395 0 16 2946 5220 27184 7830
396 1 5 2955 21376 252682 32064
397 0 6 2963 549 5538 823
398 0 4 2971 134 1262 201
399 0 3 2979 2 17 3
400 0 8 2987 247 1036 370
401 1 3 2996 26 224 39
402 0 13 3004 31 108 46
403 1 5 3013 1 10 1
404 0 3 3021 1 9 1
405 0 2 3029 142 1341 213
406 0 1 3036 1 10 1
407 0 1 3041 20698 244353 31047
408 0 2 3047 46 409 69
409 1 15 3054 1 5 1
410 0 2 3063 3870 42618 5805
411 1 1 3070 1 11 1
412 0 6 3076 142 1341 213
413 0 3 3084 1 9 1
414 0 6 3091 1 12 1
415 1 2 3099 2101 22530 3151
416 1 1 3106 110 1025 165
417 1 4 3111 377 3736 565
418 0 2 3119 1 8 1
419 1 3 3126 1 11 1
420 0 4 3134 66 599 99
421 0 1 3142 98 908 147
422 0 5 3149 8 64 12
423 1 4 3157 1169 12211 1753
424 0 1 3165 8 64 12
425 1 2 3171 2 17 3
426 1 8 3178 1 5 1
427 1 12 3186 66 247 99
428 1 4 3195 1 10 1
429 0 2 3203 1 9 1
430 1 1 3210 1 8 1
431 0 1 3215 1 9 1
432 1 18 3220 1 3 1
433 0 2 3229 12 99 18
434 1 7 3236 1 5 1
435 1 1 3244 1 10 1
436 0 7 3250 10 31 15
437 0 9 3258 1 3 1
438 1 2 3267 55 494 82
439 1 2 3274 153 1450 229
440 0 6 3281 1 9 1
441 0 3 3289 1 10 1
442 1 3 3297 1 11 1
443 0 2 3305 9 72 13
444 0 3 3312 54 485 81
445 1 2 3319 27 233 40
446 0 8 3326 2900 14538 4350
447 0 2 3335 1 10 1
448 0 2 3342 3 25 4
449 1 1 3349 326 3208 489
450 1 1 3355 3 25 4
451 1 2 3360 110886 1397116 166329
452 0 2 3367 1 10 1
453 0 3 3374 1601 16962 2401
454 0 8 3382 1 4 1
455 1 6 3390 174 1660 261
456 0 1 3398 101 937 151
457 1 2 3404 1 10 1
458 0 6 3411 2748 29816 4122
459 1 2 3419 457 4570 685
460 0 3 3426 5 41 7
461 1 2 3433 1 12 1
462 0 3 3440 1 9 1
463 0 2 3447 1 8 1
464 0 3 3454 2 17 3
465 0 1 3461 21 179 31
466 1 12 3467 8 24 12
467 1 9 3476 385 1672 577
468 1 2 3485 1 10 1
469 1 2 3492 1 9 1
470 0 6 3499 3 10 4
471 1 1 3507 1 10 1
472 1 4 3513 1 9 1
473 0 5 3521 62 561 93
474 0 1 3529 587 5940 880
475 0 2 3534 1 9 1
476 1 2 3541 13 107 19
477 0 1 3548 5 40 7
478 0 2 3554 2294 24694 3441
479 1 24 3561 331 1421 496
480 1 5 3570 312 3063 468
481 1 2 3578 1 9 1
482 1 2 3585 1 11 1
483 1 8 3592 1 4 1
484 0 2 3601 101 938 151
485 1 7 3608 1 5 1
