0 0 11 5 2 7 3
1 1 5 9 3 25 4
2 0 2 13 82 753 123
3 1 1 17 1909 20384 2863
4 1 2 20 7473 84622 11209
5 0 3 23 1 9 1
6 1 3 27 465 4654 697
7 1 4 31 1 12 1
8 1 7 35 2 6 3
9 1 1 39 29 252 43
10 0 4 42 2 17 3
11 0 8 46 1 4 1
12 1 10 50 1 5 1
13 1 20 54 21 71 31
14 0 1 59 113 1055 169
15 1 6 62 3 25 4
16 0 6 66 1 9 1
17 0 2 70 2 17 3
18 1 1 74 1 10 1
19 0 4 77 2 17 3
20 0 2 81 1 9 1
21 0 1 85 2754 29884 4131
22 0 18 87 699 3174 1048
23 1 5 92 1 11 1
24 0 14 96 1 5 1
25 0 1 100 211 2033 316
26 0 8 103 2 6 3
27 0 4 107 1 9 1
28 1 1 111 136050 1727334 204075
29 1 1 114 710 7249 1065
30 0 6 117 1 9 1
31 0 3 121 2 17 3
32 0 1 125 7 56 10
33 0 9 128 1 4 1
34 1 4 132 1 9 1
35 0 2 136 2 17 3
36 1 2 139 3 25 4
37 1 4 143 36 316 54
38 0 4 147 10279 117946 15418
39 0 2 151 1 9 1
40 1 4 155 1 10 1
41 1 10 159 1 5 1
42 1 2 163 1 11 1
43 1 3 167 2 17 3
44 0 8 171 154 622 231
45 1 5 175 31 270 46
46 0 3 179 2 17 3
47 0 12 183 14301 79249 21451
48 0 2 187 1 9 1
49 1 1 190 1 11 1
50 1 8 193 1 5 1
51 0 6 197 569 5749 853
52 0 1 201 1 11 1
53 1 1 204 1 11 1
54 0 5 207 1 9 1
55 0 1 211 1974 21109 2961
56 1 2 214 1 8 1
57 1 3 218 11 90 16
58 1 3 222 1 9 1
59 0 4 226 33 288 49
60 0 5 230 1 10 1
61 0 3 234 1 9 1
62 0 1 238 1 10 1
63 0 2 241 614056 8233989 921084
64 1 10 245 267 1127 400
65 1 34 249 3 9 4
66 0 3 254 1 12 1
67 0 2 258 33 288 49
68 0 1 261 5 40 7
69 1 15 264 1 5 1
70 1 3 268 2 17 3
71 0 4 272 10 81 15
72 1 21 276 66 248 99
73 1 9 281 1 4 1
74 0 4 285 1 9 1
75 1 2 289 7 56 10
76 0 3 293 1 11 1
77 0 3 297 9 72 13
78 1 1 301 3 25 4
79 0 1 304 6 48 9
80 0 4 307 1 10 1
81 1 1 311 80 734 120
82 0 16 314 1 4 1
83 0 2 319 24 206 36
84 1 4 323 2 17 3
85 0 25 327 41 147 61
86 1 8 332 1 3 1
87 0 1 336 1 11 1
88 0 5 339 1 9 1
89 1 4 343 1 9 1
90 0 3 347 900 9290 1350
91 0 3 351 3859 42491 5788
92 1 1 355 2 17 3
93 0 4 358 3006 32744 4509
94 0 4 362 1 10 1
95 1 3 366 1 10 1
96 1 7 370 47065 279375 70597
97 0 1 374 2900 31540 4350
98 1 17 377 6 18 9
99 0 9 382 1861 9056 2791
100 0 3 386 6 48 9
101 0 6 390 702 7163 1053
102 0 21 394 27 93 40
103 1 2 399 1 10 1
104 1 2 403 83 762 124
105 1 7 407 1 4 1
106 1 4 411 1 9 1
107 1 36 415 22 74 33
108 0 11 420 1 3 1
109 1 3 424 13 107 19
110 1 10 428 1 4 1
111 1 1 432 160 1520 240
112 1 6 435 2 17 3
113 1 27 439 19 63 28
114 0 1 444 1 9 1
115 0 1 447 55 494 82
116 0 5 450 44699 543978 67048
117 1 3 454 459 4591 688
118 0 5 458 1 9 1
119 1 20 462 1 6 1
120 0 32 467 1 4 1
121 0 3 472 40 353 60
122 0 6 476 5 41 7
123 1 2 480 4 33 6
124 1 9 484 1 5 1
125 0 2 488 270 2633 405
126 1 6 492 1 9 1
127 1 1 496 6 48 9
128 0 3 499 4 33 6
129 0 5 503 59325 729918 88987
130 0 5 507 85 782 127
131 1 5 511 1 9 1
132 0 8 515 1 4 1
133 1 1 519 17464 204769 26196
134 1 9 522 2 6 3
135 0 8 526 4 12 6
136 1 1 530 1923 20540 2884
137 1 1 532 300 2940 450
138 0 2 535 21 178 31
139 1 2 539 1 11 1
140 0 3 543 1 9 1
141 0 1 547 1 11 1
142 0 1 550 10 81 15
143 1 1 553 1 10 1
144 0 4 556 17979 211055 26968
145 0 4 560 17505 205270 26257
146 0 2 564 1 9 1
147 0 2 568 1 9 1
148 0 11 572 1247 5902 1870
149 0 21 576 138 552 207
150 1 3 581 9 73 13
151 1 1 585 1 10 1
152 0 3 588 3 25 4
153 1 1 592 2 17 3
154 0 2 595 1 9 1
155 0 6 599 28 242 42
156 1 2 603 11 90 16
157 0 7 606 2 7 3
158 1 9 610 1035 4835 1552
159 1 8 614 4 12 6
160 0 1 618 1787 19025 2680
161 0 1 621 85 782 127
162 1 10 624 6 18 9
163 0 2 628 29 252 43
164 0 19 632 33 116 49
165 1 1 637 1 11 1
166 1 14 639 18 59 27
167 1 2 643 1 10 1
168 0 5 647 1 9 1
169 1 2 651 1 9 1
170 0 9 655 22 74 33
171 1 1 659 4 33 6
172 0 20 662 1 7 1
173 1 5 667 1 10 1
174 1 7 671 7 21 10
175 0 2 675 103 957 154
176 0 2 678 2857 31052 4285
177 1 2 682 1 13 1
178 0 3 686 336 3311 504
179 0 4 690 1 9 1
180 0 7 694 1 5 1
181 1 2 698 25 215 37
182 1 6 702 51 457 76
183 1 11 706 1 3 1
184 1 4 710 1 10 1
185 0 2 714 1402 14765 2103
186 0 9 718 1 4 1
187 0 3 722 1 9 1
188 0 28 726 6830 36177 10245
189 1 6 731 4 33 6
190 1 3 735 31 270 46
191 1 2 739 30 260 45
192 0 2 743 3 25 4
193 1 6 747 2 6 3
194 1 3 751 5 41 7
195 0 2 755 2 17 3
196 0 11 759 163 661 244
197 1 5 763 177 1690 265
198 0 15 767 23 78 34
199 1 6 771 14 116 21
200 0 2 775 1 9 1
201 1 2 778 1 10 1
202 0 3 782 2 17 3
203 0 5 786 543 5475 814
204 0 3 790 1 11 1
205 1 4 794 7 56 10
206 1 7 798 16 52 24
207 0 1 802 1 9 1
208 1 7 805 2062 10104 3093
209 0 1 809 61 551 91
210 0 3 812 1 12 1
211 1 8 816 7380 39279 11070
212 0 1 820 1 9 1
213 0 7 823 12 38 18
214 0 2 827 2 17 3
215 0 2 831 4 33 6
216 0 6 835 1 9 1
217 0 5 839 28936 346193 43404
218 0 8 843 1 3 1
219 1 12 847 28 97 42
220 0 1 851 7 56 10
221 1 7 854 2 7 3
222 1 67 858 1 4 1
223 0 2 863 1 9 1
224 0 2 867 105 976 157
225 0 2 870 2 17 3
226 0 7 874 402 1752 603
227 1 1 878 51149 625735 76723
228 1 3 881 4 33 6
229 0 6 885 1 10 1
230 1 6 889 7 56 10
231 1 10 893 471 2077 706
232 0 9 897 169 687 253
233 1 2 901 1 10 1
234 1 2 905 1 9 1
235 0 17 909 1 4 1
236 0 1 914 1 9 1
237 1 3 917 53 475 79
238 0 1 921 2946 32062 4419
239 0 2 924 1 10 1
240 0 3 928 799 8202 1198
241 1 1 932 1 9 1
242 0 2 934 1 11 1
243 1 5 938 2 17 3
244 0 2 942 505 5074 757
245 0 7 946 14 45 21
246 1 1 950 1282 13447 1923
247 0 20 953 557 2487 835
248 0 6 958 108990 1372339 163485
249 1 5 962 4 33 6
250 1 1 966 2 17 3
251 1 5 969 5 41 7
252 0 3 973 1 9 1
253 0 3 977 604 6120 906
254 1 3 981 1552 16420 2328
255 1 1 985 1 10 1
256 0 1 988 1 9 1
257 1 1 990 4560 50570 6840
258 0 1 993 248 2408 372
259 0 2 995 2 17 3
260 0 3 999 2 17 3
261 0 3 1003 25 215 37
262 0 1 1007 1 11 1
263 1 5 1010 14 116 21
264 0 2 1014 7 56 10
265 0 30 1018 221 919 331
266 1 7 1023 1 3 1
267 1 86 1027 4883 25321 7324
268 0 6 1032 877 9042 1315
269 1 2 1036 159 1510 238
270 0 1 1040 338 3332 507
271 1 7 1043 135 539 202
272 1 4 1047 3 25 4
273 1 2 1051 13 107 19
274 1 6 1055 1925 9388 2887
275 0 5 1059 674 6864 1011
276 1 2 1063 18 152 27
277 0 3 1066 1 10 1
278 1 1 1070 1 9 1
279 0 1 1073 1 9 1
280 0 5 1076 1 9 1
281 0 10 1080 299 1273 448
282 1 1 1084 21 179 31
283 0 5 1086 1 10 1
284 1 4 1090 1 9 1
285 1 18 1094 25 85 37
286 1 14 1099 1 5 1
287 1 1 1103 1 9 1
288 0 2 1106 59 532 88
289 1 1 1109 770 7891 1155
290 0 1 1112 1 9 1
291 1 2 1115 10 81 15
292 1 5 1118 1 8 1
293 0 6 1122 1 11 1
294 1 4 1126 9 72 13
295 1 1 1130 17 143 25
296 0 6 1133 1 11 1
297 0 3 1137 2 17 3
298 0 16 1141 2 7 3
299 1 32 1145 3 9 4
300 0 2 1150 1 12 1
301 0 10 1154 306 1306 459
302 1 1 1158 1 11 1
303 0 1 1161 13 107 19
304 0 1 1164 1708 18148 2562
305 0 2 1167 1 9 1
306 1 3 1171 3 25 4
307 0 2 1175 318 3125 477
308 1 29 1179 8706 46813 13059
309 1 2 1184 803 8245 1204
310 0 15 1188 1 5 1
311 0 2 1192 1 12 1
312 1 1 1196 1 10 1
313 1 1 1199 1 9 1
314 0 12 1202 1 3 1
315 1 6 1206 39 344 58
316 0 14 1210 22 74 33
317 0 4 1214 9 73 13
318 0 3 1218 1 9 1
319 1 2 1222 7 56 10
320 1 9 1226 1 3 1
321 1 2 1230 1 11 1
322 1 3 1233 1 10 1
323 1 24 1237 2 6 3
324 0 6 1242 1 9 1
325 0 5 1246 1 11 1
326 1 1 1250 1 9 1
327 1 5 1253 1 13 1
328 0 2 1257 155 1470 232
329 0 2 1261 551 5559 826
330 1 3 1265 1 11 1
331 1 7 1269 24856 142289 37284
332 0 3 1273 5 41 7
333 1 1 1277 5070 56480 7605
334 1 2 1280 1 9 1
335 1 5 1284 18 152 27
336 0 5 1288 13485 156466 20227
337 1 5 1292 1 10 1
338 1 7 1296 4087 20953 6130
339 1 2 1300 6 48 9
340 0 2 1303 3 25 4
341 0 4 1307 1 10 1
342 1 2 1311 14 116 21
343 0 4 1314 1 10 1
344 0 5 1318 1 10 1
345 1 3 1322 1 8 1
346 0 1 1326 1 9 1
347 1 2 1329 15 125 22
348 0 2 1333 1 12 1
349 1 2 1336 11 90 16
350 1 2 1340 15170 176861 22755
351 1 3 1344 126 1183 189
352 1 17 1348 1 4 1
353 1 4 1353 16 134 24
354 1 1 1357 2262 24335 3393
355 0 5 1360 4 33 6
356 0 4 1364 23 197 34
357 1 2 1368 1 9 1
358 0 6 1371 30 261 45
359 0 14 1375 16 52 24
360 0 18 1379 1270 6019 1905
361 0 48 1384 483 2134 724
362 1 2 1389 4 33 6
363 0 4 1392 1 10 1
364 0 1 1396 2947 32073 4420
365 1 1 1399 1 8 1
366 0 4 1402 226 2184 339
367 0 2 1406 3 25 4
368 0 1 1409 5 41 7
369 1 4 1412 8 64 12
370 1 9 1416 5 15 7
371 0 1 1420 27 233 40
372 0 1 1423 552 5570 828
373 0 1 1426 31652 380031 47478
374 0 5 1429 1 9 1
375 1 3 1433 2 17 3
376 0 3 1437 1 10 1
377 1 1 1441 1 9 1
378 0 3 1444 199 1911 298
379 0 2 1448 1 10 1
380 0 2 1451 177 1690 265
381 1 2 1454 289 2827 433
382 1 1 1458 86 791 129
383 0 2 1461 302 2961 453
384 1 13 1464 29185 168622 43777
385 0 1 1468 16779 196420 25168
386 0 1 1471 1 11 1
387 0 10 1474 1192 5624 1788
388 0 12 1478 208 861 312
389 1 2 1482 2 17 3
390 1 2 1485 2 17 3
391 0 2 1489 26 224 39
392 0 2 1493 1 9 1
393 1 8 1497 6 18 9
394 0 1 1501 8 64 12
395 1 1 1504 40 353 60
396 0 7 1506 99 385 148
397 0 5 1510 1 10 1
398 0 5 1514 767 7859 1150
399 0 1 1518 1 9 1
400 1 2 1521 3 25 4
401 0 7 1525 3 9 4
402 1 10 1529 5 15 7
403 1 2 1533 1 9 1
404 1 4 1537 145 1371 217
405 0 3 1541 258 2510 387
406 0 2 1545 1 12 1
407 1 1 1549 16 134 24
408 0 11 1552 2341 11569 3511
409 0 3 1556 3049 33232 4573
410 0 3 1560 304 2981 456
411 1 5 1564 1 11 1
412 0 2 1568 4 33 6
413 1 1 1572 3 25 4
414 1 5 1574 1 9 1
415 0 3 1578 842 8664 1263
416 0 12 1582 32 112 48
417 0 5 1586 1 10 1
418 1 1 1590 47 419 70
419 0 10 1593 60 223 90
420 1 4 1597 338 3332 507
421 0 2 1601 5 41 7
422 0 5 1605 1 9 1
423 1 3 1609 1 9 1
424 1 2 1613 1 10 1
425 1 4 1616 5 41 7
426 0 29 1620 120 474 180
427 1 8 1625 23 78 34
428 1 4 1629 6169 69296 9253
429 0 1 1633 158 1500 237
430 1 2 1636 33 288 49
431 0 2 1640 12 99 18
432 0 3 1644 12 99 18
433 0 3 1648 5 40 7
434 0 5 1652 2 17 3
435 0 4 1656 2 17 3
436 0 7 1660 901 4167 1351
437 1 1 1664 118 1104 177
438 0 1 1667 1320 13864 1980
439 1 2 1670 3 25 4
440 1 2 1674 1238 12965 1857
441 1 23 1677 1 5 1
442 0 10 1682 9108 49111 13662
443 1 3 1686 19 161 28
444 0 3 1690 159 1510 238
445 0 5 1694 2 17 3
446 1 8 1698 19312294 153112370 28968441
447 0 3 1702 338 3332 507
448 1 3 1706 214 2063 321
449 0 5 1710 210 2022 315
450 1 3 1714 1 9 1
451 0 3 1718 3989 43985 5983
452 0 2 1722 256 2489 384
453 0 1 1725 79 724 118
454 1 3 1728 2840 30859 4260
455 1 2 1732 7 56 10
456 1 27 1736 6 18 9
457 1 1 1741 6 48 9
458 0 3 1744 1 10 1
459 0 1 1748 15947 186297 23920
460 0 1 1751 1081 11251 1621
461 0 1 1754 1 10 1
462 0 11 1757 1 4 1
463 0 2 1761 78 714 117
464 0 2 1765 1 9 1
465 1 3 1769 672 6843 1008
466 1 1 1773 11 90 16
467 1 3 1776 4 33 6
468 1 3 1780 1 9 1
469 1 8 1784 11386 62236 17079
470 0 3 1788 1 9 1
471 0 6 1792 5 40 7
472 1 6 1796 15 125 22
473 0 4 1800 248 2408 372
474 0 12 1804 1 4 1
475 1 2 1808 1104 11502 1656
476 1 4 1812 5416 60504 8124
477 0 3 1816 10 81 15
478 1 2 1820 82 753 123
479 1 2 1824 2 17 3
480 0 8 1828 2 6 3
481 0 2 1832 3 25 4
482 1 1 1836 1 9 1
483 1 3 1839 1 9 1
484 1 2 1843 10 81 15
485 0 10 1847 59 219 88
486 0 1 1851 499 5011 748
487 0 2 1854 25 215 37
488 1 2 1857 7 56 10
489 0 2 1860 391488 5166179 587232
490 0 3 1864 1 9 1
491 1 6 1868 1 12 1
492 1 13 1872 1 5 1
493 1 5 1876 8 64 12
494 0 1 1880 1 10 1
495 1 3 1883 1 13 1
496 0 12 1887 335 1439 502
497 0 1 1891 1 10 1
498 0 1 1893 1 9 1
499 1 4 1896 118642 1498633 177963
500 1 28 1900 3 10 4
501 0 2 1905 14 116 21
502 0 4 1909 6 48 9
503 0 1 1913 37 325 55
504 0 1 1916 973 10079 1459
505 1 8 1919 2634 13120 3951
506 0 2 1923 3 25 4
507 0 2 1927 1 10 1
508 0 9 1931 1 4 1
509 0 4 1935 1 9 1
510 1 5 1939 7 56 10
511 1 4 1943 22 188 33
512 1 2 1947 1 11 1
513 0 5 1950 1 10 1
514 1 2 1954 3 25 4
515 0 1 1957 11 90 16
516 1 2 1960 4714 52352 7071
517 1 1 1963 1 9 1
518 1 22 1966 45 163 67
519 0 1 1971 132 1242 198
520 1 2 1974 1 11 1
521 0 2 1978 1 9 1
522 0 1 1982 5 41 7
523 1 21 1985 15 49 22
524 1 4 1990 4 33 6
525 0 2 1994 132 1242 198
526 0 1 1998 4 33 6
527 1 9 2001 24 82 36
528 1 1 2005 1 11 1
529 0 4 2008 30 261 45
530 0 1 2012 13 107 19
531 1 16 2015 1 3 1
532 0 1 2019 287 2807 430
533 1 6 2022 15 125 22
534 0 7 2026 1 3 1
535 1 1 2030 927 9581 1390
536 0 12 2033 1 4 1
537 0 3 2037 6 48 9
538 1 1 2041 108 1006 162
539 1 1 2044 37 325 55
540 1 5 2047 2 17 3
541 1 19 2051 69 260 103
542 0 3 2056 1 9 1
543 1 1 2060 73 666 109
544 0 2 2063 254 2469 381
545 1 6 2067 1 9 1
546 1 1 2071 12993 150528 19489
547 1 4 2074 1 9 1
548 0 9 2078 1 3 1
549 0 6 2082 1 12 1
550 0 17 2086 87380 536584 131070
551 0 9 2091 276 1168 414
552 1 16 2095 19 63 28
553 0 2 2099 1 12 1
554 0 3 2102 1 10 1
555 0 14 2106 10 31 15
556 1 2 2110 128 1202 192
557 1 1 2113 4 33 6
558 1 4 2116 13 107 19
559 1 3 2120 1 11 1
560 0 2 2124 2 17 3
561 0 2 2128 8840 100804 13260
562 0 2 2132 1 9 1
563 1 4 2136 2378 25639 3567
564 1 14 2140 1343 6390 2014
565 1 13 2144 3 9 4
566 0 6 2148 1 10 1
567 1 10 2152 1801 8744 2701
568 0 2 2156 1 9 1
569 0 1 2159 15 125 22
570 0 4 2161 3344 36594 5016
571 0 1 2165 6706 75593 10059
572 0 2 2168 5 41 7
573 1 6 2172 34 298 51
574 1 1 2176 20 170 30
575 1 1 2179 1804 19215 2706
576 1 1 2182 9 72 13
577 0 3 2185 1 9 1
578 1 5 2189 1 10 1
579 1 7 2193 4778 24742 7167
580 1 6 2197 170 692 255
581 1 3 2201 1 10 1
582 1 1 2205 1 11 1
583 0 2 2208 1 9 1
584 0 2 2212 13 107 19
585 1 2 2215 1 9 1
586 0 1 2219 2 17 3
587 0 2 2222 17 143 25
588 0 1 2226 280 2735 420
589 1 15 2229 2583 12849 3874
590 1 1 2233 1 8 1
591 1 6 2236 46 167 69
592 0 6 2240 7 56 10
593 1 9 2244 1 3 1
594 0 35 2248 1 4 1
595 0 1 2253 2 17 3
596 0 1 2256 60 542 90
597 1 2 2259 19 161 28
598 0 1 2263 1 10 1
599 0 3 2266 20 170 30
600 1 2 2270 59 532 88
601 0 4 2274 1 8 1
602 0 2 2278 36 316 54
603 1 3 2281 11 90 16
604 1 1 2285 1 12 1
605 0 5 2288 316 3105 474
606 1 3 2292 1 10 1
607 0 3 2296 62 561 93
608 1 2 2300 12 99 18
609 1 2 2303 238 2306 357
610 1 3 2306 1 9 1
611 0 2 2310 7 56 10
612 0 1 2313 279 2725 418
613 0 2 2316 4842 53835 7263
614 1 8 2319 1 4 1
615 0 11 2323 729 3321 1093
616 0 1 2327 17 143 25
617 0 3 2330 2 17 3
618 1 12 2334 1 5 1
619 0 5 2338 88 811 132
620 0 3 2342 1 9 1
621 1 2 2346 5 40 7
622 1 4 2350 1 11 1
623 1 1 2354 22 188 33
624 1 2 2356 236 2286 354
625 1 4 2360 1 10 1
626 1 7 2364 1 3 1
627 1 2 2368 62 561 93
628 0 4 2372 3 25 4
629 0 2 2376 4758 52861 7137
630 0 1 2379 130 1222 195
631 1 9 2382 18 59 27
632 0 3 2386 213 2053 319
633 0 2 2390 1884 20105 2826
634 0 15 2394 17 56 25
635 0 3 2398 17 143 25
636 0 2 2402 5 40 7
637 0 1 2406 2 17 3
638 1 4 2409 1 9 1
639 1 2 2413 92 850 138
640 0 1 2416 6 48 9
641 0 3 2419 15590 181959 23385
642 1 1 2423 6 48 9
643 0 5 2426 22 188 33
644 0 10 2430 624 2810 936
645 0 6 2434 10973 126249 16459
646 0 13 2438 34 120 51
647 1 1 2442 12 99 18
648 0 7 2445 143 574 214
649 0 6 2449 1 12 1
650 0 1 2453 1 8 1
651 0 10 2456 1445 6910 2167
652 1 2 2460 471 4717 706
653 0 1 2464 78 714 117
654 0 1 2467 2 17 3
655 0 2 2470 9 73 13
656 1 3 2474 1 10 1
657 0 2 2478 18 152 27
658 1 3 2482 3 25 4
659 1 4 2486 2 17 3
660 0 1 2490 345 3404 517
661 1 9 2493 1 6 1
662 0 4 2497 31396 376837 47094
663 1 3 2501 44 391 66
664 0 3 2505 65 590 97
665 1 3 2509 28 242 42
666 1 2 2513 33 288 49
667 1 5 2516 2 17 3
668 1 3 2520 15 125 22
669 0 2 2524 1 9 1
670 0 10 2528 293 1246 439
671 0 1 2532 61 551 91
672 0 3 2535 29 252 43
673 0 1 2539 17 143 25
674 0 2 2542 28 242 42
675 0 2 2546 1223 12801 1834
676 0 3 2550 25 215 37
677 1 8 2554 35 124 52
678 1 7 2558 369 1597 553
679 0 5 2562 1 9 1
680 1 3 2566 1 9 1
681 1 1 2570 1756 18681 2634
682 0 4 2572 104110 1308636 156165
683 1 4 2576 1 11 1
684 1 2 2580 1044 10849 1566
685 0 1 2583 1 10 1
686 0 14 2585 1 4 1
687 1 2 2589 1 9 1
688 0 1 2592 2 17 3
689 1 1 2595 577 5834 865
690 0 2 2598 397 3944 595
691 0 4 2601 2 17 3
692 1 2 2605 54 485 81
693 0 1 2608 200 1922 300
694 1 1 2611 34 297 51
695 1 1 2614 1 10 1
696 1 5 2617 16 134 24
697 0 3 2621 1 9 1
698 1 5 2625 1 9 1
699 1 1 2629 6 48 9
700 1 4 2632 2 17 3
701 1 1 2636 1 9 1
702 0 5 2639 6 48 9
703 0 1 2643 242897 3150492 364345
704 0 5 2646 1 9 1
705 1 2 2650 32 279 48
706 0 17 2654 317 1356 475
707 0 5 2659 2382 25684 3573
708 1 2 2663 225 2174 337
709 1 14 2667 4 12 6
710 0 1 2671 502 5043 753
711 1 2 2674 1 10 1
712 0 4 2678 1 9 1
713 1 1 2682 2 17 3
714 1 7 2685 69 260 103
715 1 3 2689 1881 20072 2821
716 0 1 2693 1 10 1
717 0 1 2696 4 33 6
718 0 2 2699 28 243 42
719 0 1 2702 50 447 75
720 0 1 2704 102 947 153
721 0 2 2707 1 13 1
722 0 6 2710 952 9852 1428
723 1 1 2714 1 9 1
724 1 7 2717 2407 11918 3610
725 0 2 2721 2047 21925 3070
726 0 1 2724 77 705 115
727 0 5 2727 1 11 1
728 1 2 2731 13 107 19
729 1 3 2735 3 25 4
730 1 3 2739 1 8 1
731 1 4 2743 205 1972 307
732 0 2 2747 309 3033 463
733 0 3 2751 4 33 6
734 1 3 2755 2 17 3
735 1 4 2759 2 17 3
736 1 7 2763 1 5 1
737 1 3 2767 7 56 10
738 0 1 2771 25 215 37
739 0 3 2774 95 879 142
740 0 3 2778 11 90 16
741 0 5 2782 1 9 1
742 1 3 2786 1 11 1
743 1 2 2790 7 56 10
744 1 4 2793 2 17 3
745 1 2 2797 1 8 1
746 1 1 2800 1 10 1
747 1 3 2803 1 10 1
748 0 4 2807 6 48 9
749 1 2 2811 6 48 9
750 1 12 2815 1 5 1
751 0 2 2819 58 523 87
752 0 2 2823 1 9 1
753 0 2 2827 1 10 1
754 1 4 2831 285 2786 427
755 0 1 2835 1 8 1
756 0 2 2838 29 252 43
757 1 1 2842 125 1173 187
758 1 3 2845 151 1430 226
759 0 18 2849 19 63 28
760 1 14 2854 4 12 6
761 1 5 2858 58 523 87
762 1 4 2862 429 4277 643
763 0 2 2866 1 9 1
764 1 9 2870 1 3 1
765 0 1 2874 95 879 142
766 1 2 2877 221 2134 331
767 0 5 2881 168 1600 252
768 0 1 2885 22 188 33
769 0 1 2888 2 17 3
770 1 4 2891 265 2581 397
771 0 4 2895 184 1760 276
772 1 2 2899 2060 22070 3090
773 0 14 2903 67 252 100
774 0 9 2907 39 139 58
775 1 1 2911 1 10 1
776 0 2 2914 13 107 19
777 1 2 2918 1 12 1
778 1 7 2921 1 4 1
779 1 1 2925 2 17 3
780 1 1 2928 290 2838 435
781 0 2 2930 1 9 1
782 1 3 2933 1 10 1
783 1 19 2937 2 7 3
784 1 7 2942 25 85 37
785 0 4 2946 222674 2879034 334011
786 0 1 2950 2048 21936 3072
787 0 2 2953 45 400 67
788 1 8 2956 147 591 220
789 1 2 2960 25 215 37
790 1 2 2964 1 12 1
791 1 61 2967 1 4 1
792 0 1 2972 1 11 1
793 0 6 2975 11 90 16
794 0 1 2979 1 9 1
795 0 2 2982 1 9 1
796 0 4 2986 112 1045 168
797 0 2 2990 4 33 6
798 1 2 2994 35 307 52
799 0 1 2998 42 372 63
800 1 5 3000 543 5475 814
801 0 2 3004 2 17 3
802 0 16 3008 58 215 87
803 1 2 3013 1 9 1
804 0 9 3016 1 4 1
805 0 24 3020 1 3 1
806 1 2 3025 202 1942 303
807 1 1 3029 1 9 1
808 0 11 3032 767 3507 1150
809 0 3 3036 252 2449 378
810 0 2 3040 84 772 126
811 0 2 3044 408 4058 612
812 1 4 3047 623 6322 934
813 1 2 3051 122 1143 183
814 1 16 3054 198 816 297
815 0 1 3059 349 3445 523
816 0 1 3062 464 4643 696
817 0 10 3065 1 4 1
818 1 4 3069 17 143 25
819 1 3 3073 36 316 54
820 0 1 3077 12 98 18
821 0 1 3080 3 25 4
822 0 12 3083 362 1565 543
823 1 3 3087 3 25 4
824 1 5 3091 1539 16276 2308
825 0 3 3095 1 9 1
826 1 2 3099 42119 511396 63178
827 1 5 3103 4 33 6
828 0 7 3107 28 97 42
829 1 1 3111 9 73 13
830 0 7 3114 1 4 1
831 0 1 3118 1 11 1
832 0 3 3121 1017 10556 1525
833 0 1 3125 763 7816 1144
834 0 1 3128 44 391 66
835 0 2 3131 1 12 1
836 1 12 3135 18 59 27
837 0 7 3139 1661 8020 2491
838 0 2 3143 9 73 13
839 0 2 3147 1 10 1
840 0 1 3150 10 81 15
841 1 1 3153 243 2357 364
842 1 4 3156 1 11 1
843 0 20 3160 1 4 1
844 0 6 3165 2 7 3
845 0 2 3169 1 10 1
846 1 3 3172 1 10 1
847 0 2 3176 1 10 1
848 1 4 3179 1 9 1
849 0 1 3183 1239 12976 1858
850 0 2 3186 12140 140256 18210
851 1 2 3190 23 197 34
852 0 1 3194 601 6089 901
853 1 2 3197 51 456 76
854 0 2 3201 1 9 1
855 1 15 3204 2 7 3
856 0 2 3208 7 56 10
857 1 4 3212 8 64 12
858 1 4 3216 41 363 61
859 1 1 3220 6598 74325 9897
860 1 1 3223 26 224 39
861 1 2 3226 3 25 4
862 1 22 3230 1 5 1
863 1 2 3235 597 6046 895
864 0 6 3239 1 4 1
865 1 2 3243 5 41 7
866 0 1 3247 7 56 10
867 0 1 3250 1 9 1
868 0 1 3253 19 161 28
869 1 1 3256 1 11 1
870 0 5 3259 29522 353484 44283
871 1 102 3263 2 7 3
872 0 1 3268 1 10 1
873 0 1 3271 29 252 43
874 1 5 3273 4 33 6
875 0 11 3277 1 6 1
876 1 3 3281 1682 17859 2523
877 1 3 3285 15 125 22
878 1 2 3289 6 48 9
879 1 3 3293 3 25 4
880 1 1 3297 1 9 1
881 1 2 3300 1 9 1
882 0 1 3303 1 10 1
883 1 7 3306 419 1831 628
884 0 2 3310 304 2981 456
885 0 9 3314 504429 3390425 756643
886 1 1 3318 2346 25279 3519
887 1 10 3321 1823 8858 2734
888 0 1 3325 11158 128466 16737
889 1 2 3328 1 13 1
890 0 1 3331 18 152 27
891 0 2 3334 5 40 7
892 0 2 3337 1 11 1
893 1 1 3341 2 17 3
894 0 11 3344 4 12 6
895 0 1 3348 1 11 1
896 0 1 3350 3 25 4
897 1 1 3353 1 9 1
898 0 2 3356 3937 43388 5905
899 0 5 3359 1 10 1
900 0 4 3363 1 10 1
901 0 1 3367 160 1520 240
902 0 3 3370 18 152 27
903 0 3 3374 12033 138969 18049
904 1 2 3378 1 10 1
905 1 4 3381 14 116 21
906 1 6 3385 1 12 1
907 0 4 3389 1 9 1
908 0 4 3393 8066 91628 12099
909 1 1 3397 1 11 1
910 1 1 3400 24 206 36
911 1 4 3403 50 447 75
912 0 16 3407 1 3 1
913 1 12 3412 9 27 13
914 1 2 3416 2 17 3
915 1 1 3419 7000 79049 10500
916 0 2 3422 1 9 1
917 1 6 3426 1 3 1
918 1 2 3430 1 9 1
919 0 13 3434 1 4 1
920 1 1 3438 954 9873 1431
921 1 1 3441 1 10 1
922 1 14 3444 319 1365 478
923 1 3 3448 1 9 1
924 0 4 3452 1064 11067 1596
925 1 8 3456 1 4 1
926 1 3 3460 4 33 6
927 1 2 3464 61064 752148 91596
928 1 8 3468 385 1672 577
929 1 2 3472 1 10 1
930 0 2 3476 6 48 9
931 0 2 3480 2 17 3
932 1 21 3483 103 402 154
933 0 5 3488 1 10 1
934 0 4 3492 1 8 1
935 1 1 3496 294 2878 441
936 0 1 3498 2 17 3
937 1 3 3501 1 10 1
938 0 2 3505 22 188 33
939 0 5 3508 3637 39945 5455
940 1 8 3512 10164 55174 15246
941 0 4 3516 3 25 4
942 0 2 3520 1 8 1
943 1 1 3524 6 48 9
944 0 9 3527 76 289 114
945 0 3 3531 4 33 6
946 0 1 3535 3 25 4
947 0 1 3538 33 288 49
948 0 3 3541 20 169 30
949 1 3 3545 77 704 115
950 1 2 3549 7 56 10
951 1 4 3552 415 4131 622
952 0 8 3556 71 268 106
953 1 1 3560 4713 52341 7069
954 1 2 3563 413 4110 619
955 1 2 3567 3 25 4
956 1 2 3571 44972 547430 67458
957 0 5 3575 2 17 3
958 1 1 3579 5441 60795 8161
959 1 2 3582 555 5601 832
960 0 1 3585 6 48 9
961 0 9 3588 8 24 12
962 1 5 3592 18 152 27
963 1 1 3596 1 10 1
964 1 1 3599 160 1520 240
965 0 3 3602 17 143 25
966 0 1 3606 3772 41493 5658
