0 0 19 5 1 3 1
1 1 5 16 1 6 1
2 0 3 24 9 27 13
3 0 4 31 2 6 3
4 0 4 39 8 24 12
5 1 20 47 1 4 1
6 0 2 58 3 25 4
7 1 24 65 17 56 25
8 0 11 76 1 4 1
9 0 6 86 1783 8651 2674
10 0 3 95 1 9 1
11 0 10 102 749 3418 1123
12 1 8 112 26 89 39
13 1 1 121 2 17 3
14 0 8 125 5087 26448 7630
15 0 1 134 5 40 7
16 0 2 139 16 134 24
17 0 1 145 8793 100245 13189
18 0 4 148 1 4 1
19 1 2 156 1 11 1
20 1 1 162 23 197 34
21 0 2 163 671 6832 1006
22 0 4 169 413 1803 619
23 1 1 177 79404 987913 119106
24 0 1 183 35 307 52
25 1 8 189 2579 12828 3868
26 1 1 198 70176 869001 105264
27 1 3 204 4 12 6
28 0 3 211 1 9 1
29 1 2 218 31 270 46
30 1 13 224 1 5 1
31 0 7 234 4 12 6
32 1 3 243 552 2463 828
33 0 4 251 44 159 66
34 1 2 259 212421 2741732 318631
35 1 1 266 19 160 28
36 0 1 271 1 13 1
37 0 4 273 1 5 1
38 1 3 281 7 56 10
39 0 2 288 2 17 3
40 1 1 295 74 676 111
41 1 1 300 163 1550 244
42 1 2 304 1 9 1
43 0 1 311 3 25 4
44 0 2 317 2052 21981 3078
45 1 3 323 1 3 1
46 1 26 330 9891 53603 14836
47 0 1 341 41 363 61
48 1 9 345 800 3669 1200
49 0 2 354 3 25 4
50 0 5 360 2293 11316 3439
51 1 3 368 264 1113 396
52 1 1 375 4971 55331 7456
53 0 2 380 437 4361 655
54 0 2 386 1 9 1
55 0 3 393 29 251 43
56 1 3 400 2 6 3
57 1 3 407 219 910 328
58 1 3 414 76 695 114
59 1 24 421 53 195 79
60 0 2 432 1 9 1
61 1 1 438 6990 78931 10485
62 0 10 443 1 4 1
63 1 4 453 165 670 247
64 0 2 461 1 9 1
65 0 4 467 3 9 4
66 0 2 475 202 1942 303
67 0 2 481 1 10 1
68 1 1 488 1077 11208 1615
69 0 3 493 2574 12802 3861
70 1 2 501 92 850 138
71 0 2 507 97749 1225765 146623
72 1 2 514 435 4340 652
73 1 2 520 61 551 91
74 0 9 527 1 4 1
75 0 2 536 1 11 1
76 1 4 542 1 6 1
77 0 1 550 18 152 27
78 1 4 555 20195 114218 30292
79 0 1 563 8403 95619 12604
80 1 1 566 2 17 3
81 1 1 571 603 6110 904
82 1 3 577 3 9 4
83 0 2 585 1 9 1
84 1 6 591 1 4 1
85 0 2 600 9 73 13
86 1 11 606 1 5 1
87 0 4 616 1 3 1
88 1 2 624 51 457 76
89 0 5 630 31 108 46
90 0 2 638 165 1570 247
91 1 2 645 19 161 28
92 0 3 651 3196 34906 4794
93 1 2 658 11 90 16
94 1 1 665 660 6715 990
95 1 1 668 2 17 3
96 0 1 673 58 523 87
97 1 2 678 3473 38068 5209
98 1 4 684 1 4 1
99 0 5 692 32 112 48
100 0 4 700 1 4 1
101 1 3 708 1 9 1
102 0 1 715 1 10 1
103 1 12 719 49 179 73
104 1 2 729 366 3622 549
105 1 2 736 310 3043 465
106 1 4 743 30 104 45
107 1 1 751 6 48 9
108 1 4 756 1 5 1
109 1 12 764 13 41 19
110 1 10 774 5950 31244 8925
111 0 3 784 1 10 1
112 0 5 791 2 6 3
113 1 4 799 1 4 1
114 0 14 807 1 4 1
115 1 1 817 1 12 1
116 1 1 822 324 3187 486
117 0 1 827 2 17 3
118 0 1 833 27 233 40
119 1 6 837 10 31 15
120 1 33 846 3 9 4
121 0 2 857 407 4048 610
122 1 1 863 1 9 1
123 1 2 868 8844 100851 13266
124 0 1 875 1 9 1
125 0 3 881 5504 61529 8256
126 0 1 888 511 5137 766
127 0 4 893 1 3 1
128 1 1 901 2 17 3
129 1 7 903 5130 26686 7695
130 0 2 912 18538 217886 27807
131 0 2 919 176 1680 264
132 1 9 925 13 41 19
133 1 2 934 481698 6403861 722547
134 1 5 940 1 3 1
135 1 4 948 35 123 52
136 1 6 956 102 398 153
137 0 2 965 1 9 1
138 0 1 972 1 10 1
139 0 10 976 1 4 1
140 1 2 986 3 25 4
141 0 2 992 3 25 4
142 1 1 998 3 25 4
143 0 3 1001 1 4 1
144 1 6 1009 1012 4720 1518
145 0 3 1018 3497 38342 5245
146 1 2 1025 1 12 1
147 0 4 1031 1 4 1
148 0 4 1039 1 3 1
149 0 9 1047 55 203 82
150 1 3 1056 1 4 1
151 0 3 1063 32 112 48
152 0 1 1071 2 17 3
153 0 4 1076 1 3 1
154 1 1 1084 28 242 42
155 0 2 1087 574 5802 861
156 0 3 1094 8 24 12
157 0 1 1102 1 11 1
158 1 3 1107 176 718 264
159 0 2 1115 1 10 1
160 1 3 1121 4 12 6
161 0 2 1129 41 362 61
162 1 1 1135 22 188 33
163 1 4 1140 51 187 76
164 0 13 1148 10 31 15
165 0 7 1158 2 7 3
166 1 3 1167 89 343 133
167 0 2 1174 1 8 1
168 0 2 1180 1 9 1
169 0 2 1186 538 5422 807
170 1 3 1193 59 532 88
171 0 2 1200 1 9 1
172 0 8 1207 2 6 3
173 0 1 1216 1 8 1
174 0 1 1222 3 25 4
175 0 6 1228 1 4 1
176 1 4 1237 15 48 22
177 1 4 1245 1 3 1
178 0 8 1253 1 4 1
179 0 7 1262 1 5 1
180 1 3 1271 1 5 1
181 0 8 1279 18 59 27
182 1 2 1288 1 9 1
183 0 2 1295 21461 253727 32191
184 1 4 1301 8 24 12
185 1 3 1309 1 3 1
186 1 7 1316 1 3 1
187 0 1 1325 32 279 48
188 1 9 1330 12 38 18
189 0 2 1339 3 25 4
190 1 5 1345 5 15 7
191 1 9 1353 6 18 9
192 1 2 1362 56 504 84
193 1 1 1369 2 17 3
194 1 3 1374 1 11 1
195 1 6 1381 1 3 1
196 0 2 1390 1 9 1
197 1 5 1397 3 9 4
198 0 4 1405 63 235 94
199 0 1 1413 4989 55540 7483
200 0 2 1417 5282 58945 7923
201 0 1 1423 82 753 123
202 1 2 1428 1 11 1
203 0 19 1435 14 45 21
204 1 1 1446 357047 4696134 535570
205 0 6 1451 1142 5372 1713
206 0 4 1460 1 6 1
207 1 1 1468 3 25 4
208 1 2 1474 7014 79214 10521
209 0 7 1480 1 4 1
210 1 5 1489 1 4 1
211 0 9 1497 15223 84673 22834
212 0 3 1506 1 3 1
213 1 7 1514 6369 33587 9553
214 1 1 1523 1 9 1
215 0 1 1529 1 9 1
216 0 1 1531 897 9257 1345
217 0 1 1537 21 179 31
218 0 2 1540 1 9 1
219 1 12 1547 1 5 1
220 0 3 1557 1 3 1
221 1 4 1564 3 9 4
222 1 1 1572 1 10 1
223 0 9 1576 1 3 1
224 0 5 1585 1 4 1
225 1 3 1593 1 11 1
226 0 3 1600 1 4 1
227 0 2 1608 541 5453 811
228 0 3 1615 49 438 73
229 0 20 1622 1 3 1
230 1 1 1633 2 17 3
231 0 1 1637 41 363 61
232 1 8 1642 123 487 184
233 1 1 1651 9450 108058 14175
234 1 1 1657 1 12 1
235 1 10 1662 88 339 132
236 1 2 1672 78 714 117
237 0 13 1678 131 522 196
238 0 21 1688 2 7 3
239 1 4 1699 43 155 64
240 0 1 1707 29031 347375 43546
241 0 5 1712 1 7 1
242 1 4 1720 62 231 93
243 1 3 1728 58 215 87
244 1 11 1735 1 5 1
245 0 4 1745 1 4 1
246 1 2 1753 1 9 1
247 0 2 1760 1 9 1
248 1 2 1766 7 56 10
249 1 2 1772 77 704 115
250 1 4 1779 10 31 15
251 0 3 1787 49 438 73
252 1 16 1794 97 376 145
253 1 14 1804 2 7 3
254 0 2 1814 1 11 1
255 1 3 1821 15 125 22
256 1 4 1828 5 15 7
257 1 3 1836 2 7 3
258 0 2 1843 12829 148551 19243
259 1 3 1849 56 207 84
260 1 3 1857 33 116 49
261 0 2 1865 4 33 6
262 1 3 1871 2984 14987 4476
263 1 2 1879 132 1242 198
264 0 6 1885 1 4 1
265 0 5 1894 11 34 16
266 1 4 1902 1 4 1
267 0 45 1910 2 6 3
268 0 1 1922 4 33 6
269 1 2 1927 52 466 78
270 0 3 1934 396 1723 594
271 1 4 1942 2 6 3
272 0 12 1950 671 3038 1006
273 1 4 1960 213462 1373962 320193
274 1 6 1968 1 4 1
275 1 4 1977 11301 61743 16951
276 1 4 1985 1 4 1
277 1 5 1993 9 27 13
278 0 5 2001 1 4 1
279 0 2 2009 5 40 7
280 1 7 2015 3 9 4
281 0 10 2024 5 15 7
282 1 1 2034 2100 22518 3150
283 0 7 2039 1972 9634 2958
284 1 6 2048 1 4 1
285 0 1 2057 4 33 6
286 0 2 2062 1413 14887 2119
287 1 2 2069 1 10 1
288 0 4 2075 9230 49809 13845
289 1 3 2083 1 9 1
290 1 2 2090 10 81 15
291 1 1 2096 3 25 4
292 1 6 2101 76 289 114
293 0 1 2110 265 2581 397
294 0 3 2115 1 10 1
295 1 3 2122 10 31 15
296 0 1 2129 1 10 1
297 1 1 2134 1 10 1
298 0 5 2139 3 10 4
299 0 4 2147 1 3 1
300 0 1 2155 49 438 73
301 1 1 2159 784 8041 1176
302 0 5 2164 12 38 18
303 0 6 2173 2 6 3
304 1 3 2182 980 4560 1470
305 1 1 2189 832 8557 1248
306 0 2 2193 3 25 4
307 0 1 2200 2 17 3
308 1 1 2204 24 206 36
309 0 5 2209 36 127 54
310 1 5 2217 1 4 1
311 1 3 2225 3 25 4
312 0 3 2232 3 9 4
313 0 20 2240 13153 72523 19729
314 1 1 2251 3 25 4
315 1 13 2255 3 10 4
316 0 2 2265 40356 489173 60534
317 0 2 2271 12271 141832 18406
318 1 1 2278 12 99 18
319 1 10 2282 1 4 1
320 0 1 2292 3131 34166 4696
321 1 5 2296 1466 7018 2199
322 1 2 2304 111224 1401535 166836
323 1 2 2310 29 252 43
324 1 7 2317 1 4 1
325 0 3 2326 8 64 12
326 0 9 2333 1 4 1
327 1 4 2342 1 5 1
328 0 4 2350 1 5 1
329 0 1 2358 101 937 151
330 0 1 2362 104297 1311075 156445
331 1 4 2367 348539 2299977 522808
332 0 3 2375 1 8 1
333 0 2 2382 4 33 6
334 1 3 2389 12 38 18
335 0 2 2397 1 12 1
336 1 8 2403 31 108 46
337 0 3 2412 31 270 46
338 1 7 2419 19 63 28
339 0 3 2428 5 15 7
340 1 15 2435 1 5 1
341 1 5 2445 1 3 1
342 1 2 2453 7 56 10
343 1 2 2459 1 12 1
344 0 8 2465 5 15 7
345 1 3 2474 1 4 1
346 1 2 2481 1629 17272 2443
347 1 4 2487 36 127 54
348 1 2 2495 20 170 30
349 0 3 2501 1 4 1
350 0 5 2509 21 70 31
351 0 19 2517 80 305 120
352 0 2 2528 1 8 1
353 1 19 2535 77 293 115
354 0 31 2546 1 3 1
355 1 4 2557 1 5 1
356 0 2 2565 1 11 1
357 0 1 2571 1200 12550 1800
358 0 9 2576 1 6 1
359 0 3 2585 1 12 1
360 0 4 2592 1 4 1
361 0 4 2600 15328 85292 22992
362 0 4 2608 7 21 10
363 1 11 2616 109 427 163
364 1 1 2626 1 11 1
365 0 1 2631 9508 108749 14262
366 1 2 2635 1 10 1
367 0 1 2642 2 17 3
368 0 2 2647 2 17 3
369 1 15 2653 604 2714 906
370 0 2 2663 6 48 9
371 1 2 2669 15 125 22
372 0 8 2675 12 38 18
373 1 9 2684 31 108 46
374 1 4 2693 2 6 3
375 0 1 2701 3 25 4
376 0 7 2703 34368 200428 51552
377 0 8 2712 1 4 1
378 1 1 2721 34 298 51
379 1 1 2727 4 33 6
380 0 7 2732 95 368 142
381 0 3 2741 2 7 3
382 0 3 2749 420 1836 630
383 0 2 2756 111 1035 166
384 1 15 2762 25 85 37
385 1 1 2772 1 9 1
386 1 14 2777 1 4 1
387 0 1 2787 1 9 1
388 1 7 2791 19 63 28
389 0 7 2800 17999 101112 26998
390 0 2 2809 1 10 1
391 0 2 2816 54 485 81
392 1 1 2823 1 9 1
393 0 1 2828 104 966 156
394 0 2 2832 224 2164 336
395 1 11 2839 16 52 24
396 0 4 2849 1 4 1
397 0 1 2857 165 1570 247
398 1 1 2858 1 9 1
399 1 5 2861 1 4 1
400 1 2 2869 63 570 94
401 0 2 2875 1 8 1
402 1 2 2882 2 17 3
403 0 3 2889 3 25 4
404 1 11 2896 406 1770 609
405 1 3 2906 374 3705 561
406 0 4 2913 4 12 6
407 0 4 2921 1 4 1
408 1 10 2929 1 4 1
409 0 1 2939 3 25 4
410 0 1 2944 1783 18981 2674
411 0 1 2949 1 11 1
412 0 5 2953 2 6 3
413 0 2 2961 88 811 132
414 1 3 2968 1 9 1
415 0 3 2975 4 33 6
416 1 13 2982 1527 7330 2290
417 0 4 2992 9 27 13
418 0 3 3000 8 64 12
419 0 4 3007 3 9 4
420 0 1 3015 1 9 1
421 1 1 3020 1 9 1
422 0 1 3025 15 125 22
423 1 4 3028 2345 11590 3517
424 0 4 3036 2 6 3
425 0 3 3044 3230 16307 4845
426 0 3 3051 4 12 6
427 1 4 3058 109607 681302 164410
428 1 3 3066 1 4 1
429 1 8 3073 119 470 178
430 1 1 3082 1 13 1
431 1 2 3088 8 64 12
432 1 1 3095 189 1811 283
433 1 1 3099 108 1006 162
434 1 2 3103 1 10 1
435 0 8 3110 1 4 1
436 1 2 3119 210 2022 315
437 1 1 3125 10 81 15
438 0 6 3130 7 21 10
439 1 1 3139 1 10 1
440 0 6 3144 3 10 4
441 0 1 3153 1 9 1
442 0 3 3157 1 4 1
443 1 5 3165 1737 8412 2605
444 1 4 3173 5 15 7
445 0 2 3181 2 17 3
446 0 3 3188 51 187 76
447 0 3 3195 7 21 10
448 0 3 3202 4 12 6
449 1 2 3210 3 25 4
450 1 3 3216 3 9 4
451 0 1 3223 141 1331 211
452 0 3 3227 29 101 43
453 0 2 3235 2 17 3
454 1 1 3242 31137 373606 46705
455 1 14 3245 2 6 3
456 1 12 3255 1 3 1
457 1 8 3265 11 34 16
458 0 6 3274 3 9 4
459 1 3 3283 418 1827 627
460 1 4 3291 1 4 1
461 0 1 3299 1237591 17005353 1856386
462 1 1 3304 324 3187 486
463 0 2 3307 57 513 85
464 0 4 3313 857 3950 1285
465 0 1 3321 18 152 27
466 1 2 3324 1945 20786 2917
467 1 1 3330 1 8 1
468 1 8 3334 402 1752 603
469 0 7 3343 1 4 1
470 0 2 3352 1 9 1
471 0 3 3359 2 6 3
472 1 1 3367 1 11 1
473 0 5 3371 89 343 133
474 0 1 3379 1 9 1
475 1 5 3384 753 3438 1129
476 0 1 3392 309 3033 463
477 0 2 3398 4191 46311 6286
478 0 1 3404 1 11 1
479 0 9 3409 7 21 10
480 1 2 3418 1 10 1
481 0 8 3425 94 364 141
482 0 6 3434 12 38 18
483 0 4 3443 5 15 7
484 0 3 3451 28 242 42
485 0 2 3458 118 1104 177
486 0 7 3464 15 48 22
487 1 2 3473 1 9 1
488 0 6 3479 7230 38432 10845
489 0 1 3488 1 9 1
490 0 1 3494 3 25 4
491 0 2 3499 27 233 40
492 1 6 3506 1 4 1
493 0 2 3515 1 11 1
494 1 5 3521 29 100 43
495 1 5 3529 669 3028 1003
496 1 1 3537 14 116 21
497 0 6 3542 1 5 1
498 1 9 3551 1 4 1
499 1 6 3560 82 314 123
500 0 2 3569 1 10 1
501 0 2 3575 1 9 1
502 1 3 3581 145 583 217
503 0 6 3588 1 4 1
504 0 10 3597 2 7 3
505 1 4 3607 72 272 108
