0 1 1 5 66 599 99
1 1 4 11 5 15 7
2 0 12 19 2 7 3
3 1 2 28 15 125 22
4 0 3 35 5 15 7
5 1 13 43 1 4 1
6 1 5 52 1 4 1
7 1 5 60 1 4 1
8 0 2 68 3351 36674 5026
9 1 2 75 206 1982 309
10 0 1 82 738 7548 1107
11 1 2 88 14 116 21
12 0 5 95 1 5 1
13 1 3 103 10 81 15
14 0 1 110 703 7174 1054
15 1 2 117 56 504 84
16 1 3 124 2 7 3
17 1 6 132 1 5 1
18 1 5 140 1 3 1
19 1 1 148 3658 40185 5487
20 1 16 153 30317 175545 45475
21 0 2 162 1 10 1
22 1 4 169 15 48 22
23 0 2 177 4278 47313 6417
24 0 2 184 96 888 144
25 0 3 191 33 116 49
26 1 49 199 1 4 1
27 1 2 209 471 4717 706
28 1 3 216 1842 19637 2763
29 1 1 223 21 179 31
30 1 1 230 10801 124189 16201
31 1 2 236 1 10 1
32 0 5 243 1087 5095 1630
33 1 2 251 97 898 145
34 0 42 258 74304 452299 111456
35 1 1 268 64 580 96
36 0 1 275 807 8288 1210
37 0 2 282 281 2745 421
38 1 2 289 16 134 24
39 0 3 296 9 27 13
40 0 1 304 4305 47625 6457
41 0 2 311 90 830 135
42 1 2 318 265 2581 397
43 1 3 325 1 13 1
44 0 2 332 1 10 1
45 1 2 339 3255 35579 4882
46 1 1 346 1 9 1
47 0 2 351 1 9 1
48 1 2 358 560 5654 840
49 0 2 365 60434 744092 90651
50 0 9 372 12 38 18
51 1 1 381 13 107 19
52 0 3 387 108 1006 162
53 1 3 394 116 457 174
54 1 4 402 6 18 9
55 1 2 410 1 10 1
56 1 4 417 100 389 150
57 0 7 425 2 6 3
58 1 1 433 20 170 30
59 1 1 439 1 9 1
60 1 15 445 1 4 1
61 0 14 454 1 3 1
62 1 2 463 3 25 4
63 0 2 470 1 11 1
64 0 1 477 188 1801 282
65 0 1 483 1 9 1
66 1 1 489 199 1911 298
67 1 1 496 25 215 37
68 0 3 503 79 301 118
69 1 6 511 86 330 129
70 1 1 519 32824 394667 49236
71 1 5 525 12 38 18
72 1 2 533 1 12 1
73 1 11 540 28 97 42
74 1 7 549 115 453 172
75 1 5 557 2 6 3
76 1 3 565 324 1389 486
77 0 5 573 1 4 1
78 0 1 581 12254 141627 18381
79 0 5 588 5 15 7
80 1 1 596 59 532 88
81 1 2 602 1 10 1
82 1 1 609 56 504 84
83 1 1 616 1 11 1
84 1 2 623 41 362 61
85 0 3 630 1 9 1
86 1 5 638 182 745 273
87 1 22 646 1 4 1
88 1 4 655 17 56 25
89 0 3 663 1 11 1
90 1 1 670 40 353 60
91 0 4 676 267 1127 400
92 1 2 684 1 11 1
93 1 5 691 29 100 43
94 1 2 699 3 25 4
95 0 3 706 1 4 1
96 1 2 714 17 143 25
97 0 5 721 6 18 9
98 1 2 729 30355 363858 45532
99 0 5 736 4323 22243 6484
100 0 2 744 542 5464 813
101 0 8 751 1 4 1
102 1 2 759 93 859 139
103 0 6 766 1523 7310 2284
104 1 3 774 2 17 3
105 0 5 781 1 3 1
106 0 2 789 16 134 24
107 0 1 796 1 11 1
108 0 5 802 24 82 36
109 1 3 810 1 8 1
110 1 4 817 1 5 1
111 1 10 825 2 6 3
112 0 1 834 1 11 1
113 0 3 839 2 7 3
114 0 9 847 1 4 1
115 0 1 856 409 4069 613
116 1 2 862 75 685 112
117 1 2 869 4 33 6
118 1 2 876 1 9 1
119 0 5 883 1 4 1
120 0 2 891 620 6290 930
121 1 1 898 122 1143 183
122 0 5 905 1266 5999 1899
123 1 9 913 95 368 142
124 1 3 922 1 9 1
125 1 5 929 1 3 1
126 1 6 937 271583 1769716 407374
127 0 19 945 1 3 1
128 1 5 954 1 4 1
129 1 13 962 48 175 72
130 1 1 971 23 197 34
131 0 1 978 1806 19237 2709
132 1 16 983 2 7 3
133 1 1 992 31 270 46
134 1 2 998 1 9 1
135 1 9 1005 1 5 1
136 0 6 1014 108 423 162
137 1 3 1022 1 5 1
138 0 7 1030 1038 4850 1557
139 0 12 1038 8 24 12
140 1 6 1047 3 9 4
141 0 3 1055 2 7 3
142 0 36 1063 1 3 1
143 1 5 1072 1 4 1
144 1 5 1080 1221 5771 1831
145 1 2 1088 746 7634 1119
146 0 1 1095 1 9 1
147 0 1 1101 2228 23953 3342
148 0 1 1108 7926 89972 11889
149 1 4 1114 1 5 1
150 0 4 1122 1 9 1
151 1 5 1130 29 100 43
152 0 1 1138 10 81 15
153 1 2 1145 1 9 1
154 0 1 1152 1 10 1
155 0 2 1159 2 17 3
156 1 7 1166 3323 16808 4984
157 0 5 1174 5945 31216 8917
158 0 2 1182 51 457 76
159 1 3 1189 3635 18494 5452
160 1 7 1197 5 15 7
161 1 2 1205 1 10 1
162 1 2 1212 24966 296953 37449
163 1 1 1219 66 599 99
164 1 7 1226 1 3 1
165 0 1 1234 102 947 153
166 1 3 1241 1 3 1
167 1 4 1249 1 6 1
168 1 2 1257 3693 40587 5539
169 1 4 1264 24 81 36
170 1 8 1272 1 4 1
171 0 8 1280 1 3 1
172 0 1 1289 67 608 100
173 1 3 1295 2 17 3
174 0 5 1302 9 27 13
175 1 10 1310 12590 69236 18885
176 0 4 1319 5 15 7
177 0 6 1327 10792 58798 16188
178 1 2 1335 140 1321 210
179 0 2 1342 389 3860 583
180 1 4 1349 1 4 1
181 1 2 1357 11 90 16
182 0 1 1364 249 2418 373
183 0 17 1370 316 1352 474
184 1 2 1379 1 11 1
185 1 3 1386 1 5 1
186 0 3 1394 2773 13860 4159
187 0 3 1402 1 10 1
188 1 2 1410 1 12 1
189 1 13 1417 1 4 1
190 0 7 1426 911 4217 1366
191 1 3 1434 487 2153 730
192 1 1 1442 5 41 7
193 1 1 1448 84 772 126
194 0 2 1453 1 9 1
195 0 2 1460 5 41 7
196 1 2 1467 1 9 1
197 1 2 1474 2 17 3
198 0 3 1481 6 18 9
199 1 6 1489 586 2627 879
200 1 2 1497 38890 470723 58335
201 0 2 1504 14604 170000 21906
202 0 5 1511 4 13 6
203 1 1 1519 73 666 109
204 1 3 1525 1 5 1
205 0 3 1533 5 15 7
206 0 7 1541 1 4 1
207 0 1 1549 7 56 10
208 1 1 1555 1 10 1
209 0 2 1562 1 9 1
210 0 6 1569 164 666 246
211 0 4 1577 29066 167895 43599
212 1 1 1585 117570 1484587 176355
213 0 6 1591 11 34 16
214 1 3 1599 1 9 1
215 0 2 1607 1 10 1
216 0 3 1614 4 12 6
217 0 2 1622 3 25 4
218 1 2 1629 1 9 1
219 1 1 1636 49 438 73
220 0 6 1643 1 4 1
221 0 3 1651 4 33 6
222 0 2 1658 1 10 1
223 1 2 1665 1 10 1
224 1 3 1672 5 15 7
225 0 4 1680 79 301 118
226 0 40 1688 45 163 67
227 1 1 1698 54 485 81
228 0 2 1705 1 9 1
229 1 4 1712 1 4 1
230 1 3 1720 1 3 1
231 1 3 1728 3 10 4
232 1 2 1736 26 224 39
233 0 2 1743 18 152 27
234 1 3 1750 40 143 60
235 1 1 1758 1 10 1
236 1 12 1764 39 139 58
237 0 3 1773 13846 76579 20769
238 0 10 1781 1 4 1
239 1 5 1790 1 6 1
240 1 3 1798 1 4 1
241 0 1 1806 1 12 1
242 1 33 1812 40 143 60
243 1 1 1821 1 8 1
244 0 2 1827 1 9 1
245 0 2 1834 18 152 27
246 0 4 1841 80 305 120
247 0 1 1849 553 5580 829
248 1 5 1855 1 4 1
249 1 3 1863 2 7 3
250 0 12 1871 1 3 1
251 1 3 1880 2 7 3
252 0 7 1888 3 9 4
253 1 4 1896 1 4 1
254 0 18 1904 1 4 1
255 0 61 1913 1 4 1
256 0 2 1923 2 17 3
257 1 2 1930 1 9 1
258 0 2 1937 86116 1074727 129174
259 0 3 1944 2 17 3
260 1 4 1952 10525 57256 15787
261 1 6 1960 17 56 25
262 1 6 1968 15 48 22
263 1 10 1976 1 3 1
264 0 2 1985 1 12 1
265 0 1 1992 14 116 21
266 1 7 1997 110 432 165
267 0 2 2005 11 90 16
268 1 11 2012 9 27 13
269 1 3 2021 9 27 13
270 0 5 2029 2096 10282 3144
271 0 4 2037 2 7 3
272 0 8 2045 3 10 4
273 1 10 2053 1 6 1
274 0 3 2062 166537 1058237 249805
275 1 1 2070 2 17 3
276 0 1 2076 54 485 81
277 0 1 2083 38 334 57
278 0 1 2089 1 12 1
279 1 1 2095 794 8148 1191
280 0 4 2102 1 3 1
281 0 5 2110 3 10 4
282 0 11 2118 1 5 1
283 1 4 2127 2 7 3
284 0 8 2135 1003 4675 1504
285 0 22 2144 3 10 4
286 0 1 2153 17 143 25
287 0 1 2159 23 197 34
288 0 2 2166 99 918 148
289 0 7 2173 1 5 1
290 1 2 2181 1 9 1
291 0 2 2188 1 11 1
292 1 3 2195 46611 276530 69916
293 1 3 2203 33 116 49
294 1 3 2211 1 4 1
295 0 3 2219 7 21 10
296 1 1 2227 1 11 1
297 1 7 2234 1 5 1
298 0 9 2242 2 7 3
299 0 2 2251 288 2817 432
300 0 2 2258 172 1640 258
301 0 1 2265 1 9 1
302 0 8 2272 33 116 49
303 1 5 2281 10 31 15
304 1 9 2289 2920 14644 4380
305 0 5 2298 512 2272 768
306 1 4 2306 1 3 1
307 0 10 2314 17 56 25
308 1 4 2323 2601 12945 3901
309 0 4 2331 735 3350 1102
310 1 4 2339 1 3 1
311 1 8 2347 107 419 160
312 0 2 2356 13181 152796 19771
313 1 3 2363 1 5 1
314 0 2 2371 70 637 105
315 1 3 2378 14851 172993 22276
316 1 2 2385 2 17 3
317 1 12 2392 1 3 1
318 0 4 2401 1 3 1
319 0 3 2409 1 11 1
320 0 1 2416 1 11 1
321 0 2 2422 651 6619 976
322 1 1 2429 2872 31222 4308
323 0 1 2436 232609 3012289 348913
324 1 1 2442 87 801 130
325 0 3 2449 23 78 34
326 1 3 2457 126420 791782 189630
327 1 4 2465 208 861 312
328 0 2 2473 1 9 1
329 1 3 2480 120 474 180
330 1 1 2488 2 17 3
331 0 1 2494 304 2981 456
332 0 7 2501 1 4 1
333 1 14 2509 76461 466153 114691
334 0 3 2518 12 38 18
335 1 3 2526 12358 142879 18537
336 1 10 2533 8 24 12
337 1 5 2542 353 1523 529
338 0 4 2550 1 4 1
339 0 3 2558 8 24 12
340 0 1 2566 1 10 1
341 1 3 2572 37 131 55
342 0 1 2580 1 9 1
343 0 1 2587 2 17 3
344 1 2 2593 1 10 1
345 1 5 2600 1 5 1
346 1 3 2608 1063 4975 1594
347 0 5 2616 155 626 232
348 0 2 2624 2 17 3
349 1 3 2631 953 9862 1429
350 0 11 2638 1 4 1
351 0 3 2647 4 12 6
352 0 3 2655 370 1602 555
353 1 3 2663 322 1379 483
354 0 4 2671 1 3 1
355 1 1 2679 1 10 1
356 1 17 2685 5 15 7
357 1 1 2694 2694 29205 4041
358 1 22 2699 2 6 3
359 0 12 2708 1 4 1
360 0 1 2717 63 570 94
361 1 11 2723 9 27 13
362 1 1 2732 172 1640 258
363 1 10 2738 2751 13743 4126
364 1 2 2747 320 3146 480
365 0 6 2754 3 10 4
366 0 1 2762 111 1035 166
367 0 2 2767 10870516 160541187 16305774
368 1 2 2774 1 9 1
369 1 2 2781 7 56 10
370 0 12 2788 1 3 1
371 0 2 2797 2435 26281 3652
372 0 2 2804 1 11 1
373 1 2 2811 1 12 1
374 1 5 2818 8 24 12
375 0 1 2826 276 2694 414
376 1 2 2832 73 666 109
377 1 3 2839 68 256 102
378 0 6 2847 74 280 111
379 1 15 2855 6 18 9
380 0 2 2864 214 2063 321
381 0 2 2871 3 25 4
382 0 5 2878 132 526 198
383 0 9 2886 10 31 15
384 1 4 2895 395 1719 592
385 1 5 2903 1 3 1
386 1 4 2911 1 4 1
387 1 2 2919 37 325 55
388 1 3 2926 959 9928 1438
389 0 2 2933 1 9 1
390 1 1 2940 1 10 1
391 0 2 2946 1 10 1
392 1 2 2953 1 11 1
393 1 3 2960 1 9 1
394 1 6 2967 1 5 1
395 0 2 2975 490 4916 735
396 0 4 2982 43 155 64
397 1 1 2990 1 10 1
398 0 3 2996 430 1883 645
399 1 2 3004 1 9 1
400 1 3 3011 1 11 1
401 1 2 3018 31 270 46
402 1 3 3025 1 9 1
403 1 1 3033 1 10 1
404 0 1 3039 19 161 28
405 0 6 3045 68 256 102
406 1 7 3053 1566 7531 2349
407 1 3 3061 157 1490 235
408 0 6 3069 1 3 1
409 1 2 3077 65 589 97
410 0 8 3084 7009 37185 10513
411 0 5 3092 1 5 1
412 0 33 3100 5084 26432 7626
413 1 10 3109 1 5 1
414 1 4 3118 2 7 3
415 1 4 3126 22092 125604 33138
416 1 1 3134 26 224 39
417 0 1 3140 1 10 1
418 1 2 3146 1 10 1
419 1 2 3153 9169 104714 13753
420 0 4 3160 1 5 1
421 1 1 3168 1 9 1
422 0 10 3174 36 128 54
423 0 3 3183 1 6 1
424 1 2 3191 274 2674 411
425 0 2 3198 252 2449 378
426 0 3 3205 1 4 1
427 1 5 3213 259 1091 388
428 1 1 3221 1 10 1
429 1 17 3226 1 6 1
430 1 3 3235 1 3 1
431 1 1 3243 1 10 1
432 0 4 3250 1591 7659 2386
433 1 8 3258 6 18 9
434 1 1 3267 1 8 1
435 0 2 3272 9 72 13
436 1 2 3279 4210 46529 6315
437 0 2 3286 1 12 1
438 1 1 3293 5 40 7
439 1 4 3299 1 4 1
440 0 3 3307 1 10 1
441 1 3 3315 44 391 66
442 1 17 3322 1851 9004 2776
443 1 3 3331 1 11 1
444 1 4 3339 392 1705 588
445 0 2 3347 2 17 3
446 1 3 3354 1 6 1
447 1 3 3362 24 82 36
448 0 3 3370 1 10 1
449 0 1 3378 4 33 6
450 0 1 3384 879 9063 1318
451 0 1 3391 1 10 1
452 0 1 3398 1 12 1
453 1 3 3403 94 364 141
454 1 20 3411 15 48 22
455 1 1 3420 12960 150131 19440
456 1 12 3426 1 4 1
457 1 1 3435 59 532 88
458 0 1 3441 1 9 1
459 0 4 3447 136 543 204
460 0 11 3455 1132 5322 1698
461 0 1 3464 1 11 1
462 0 1 3471 1 9 1
463 0 2 3477 140 1321 210
464 1 1 3484 33366 401443 50049
465 1 5 3491 1 4 1
466 1 7 3499 47 171 70
467 0 2 3507 299 2930 448
468 0 5 3514 1 5 1
469 1 1 3522 1 11 1
470 1 2 3527 3 25 4
471 0 4 3534 251 1054 376
472 0 4 3542 1 4 1
473 0 5 3550 1 3 1
474 0 4 3558 32 112 48
475 0 3 3566 180 736 270
476 0 4 3574 1 4 1
477 0 2 3582 7 56 10
478 0 2 3589 21107 249376 31660
479 1 7 3596 3 9 4
480 0 2 3604 1 11 1
481 1 5 3611 35 124 52
