0 0 5 5 1 8 1
1 0 8 13 1 4 1
2 0 3 22 7 56 10
3 0 16 29 1 3 1
4 1 7 39 1 4 1
5 0 4 48 2 17 3
6 0 7 56 1 3 1
7 1 5 65 1 9 1
8 0 3 74 5 40 7
9 0 5 81 1 11 1
10 0 1 89 132 1242 198
11 1 2 94 28 242 42
12 0 1 100 1 9 1
13 0 4 103 1043 10839 1564
14 0 4 111 366 3622 549
15 1 2 119 1 9 1
16 0 2 125 1 9 1
17 1 5 131 2 17 3
18 0 8 139 26 89 39
19 1 4 148 1 11 1
20 1 3 156 114 1065 171
21 0 5 163 2 17 3
22 1 1 171 3 25 4
23 1 5 176 1 12 1
24 1 3 184 528 5316 792
25 1 4 191 1 8 1
26 0 1 199 5845 65507 8767
27 1 32 203 285 1209 427
28 0 1 214 31 270 46
29 0 4 219 601 6088 901
30 1 2 227 12639 146262 18958
31 0 2 233 56 504 84
32 1 2 240 1 9 1
33 1 1 247 6 48 9
34 0 10 252 1 4 1
35 1 14 262 7482 39856 11223
36 0 2 272 1 10 1
37 0 2 278 1 10 1
38 0 2 285 4 33 6
39 0 1 291 8 64 12
40 1 13 294 20 67 30
41 1 3 304 48 428 72
42 0 4 311 1 9 1
43 1 2 319 5 40 7
44 1 4 325 8 64 12
45 1 4 333 3 25 4
46 0 7 341 47 171 70
47 1 13 350 56 207 84
48 0 6 360 1 5 1
49 0 23 369 132 526 198
50 0 29 380 1130 5312 1695
51 0 2 391 23 197 34
52 1 2 398 33 289 49
53 0 1 404 1 8 1
54 0 10 409 11 34 16
55 0 3 419 3673 40358 5509
56 1 2 426 490 4916 735
57 1 34 433 6 18 9
58 0 1 444 3117 34006 4675
59 1 1 450 1377 14491 2065
60 1 4 455 8 64 12
61 1 2 463 1 9 1
62 1 1 470 1 9 1
63 0 2 475 1 10 1
64 1 1 482 726 7420 1089
65 1 8 488 9 27 13
66 1 23 497 4 12 6
67 1 2 508 14 116 21
68 0 3 514 28 242 42
69 1 1 521 2 17 3
70 0 1 527 1515 16011 2272
71 1 22 529 355 1532 532
72 1 1 540 1 9 1
73 0 3 545 3 25 4
74 1 2 552 1 12 1
75 1 2 558 3 25 4
76 1 3 565 3 25 4
77 0 10 572 23 78 34
78 1 4 582 590 5972 885
79 0 6 590 1 10 1
80 0 1 599 4437 49149 6655
81 1 3 604 2669 28923 4003
82 0 2 611 45 400 67
83 0 1 617 1 12 1
84 0 6 620 9269 105903 13903
85 0 1 629 2 17 3
86 1 1 634 1 10 1
87 1 8 640 4 12 6
88 0 2 649 3 25 4
89 1 2 655 34520 415882 51780
90 0 6 661 1 11 1
91 1 1 670 1 9 1
92 0 9 672 10 31 15
93 0 4 681 1 9 1
94 0 4 689 1 8 1
95 1 3 697 1 9 1
96 0 6 704 1 6 1
97 0 1 713 454 4539 681
98 0 2 718 1 10 1
99 1 5 724 4 33 6
100 0 2 732 1531 16188 2296
101 1 2 739 9 72 13
102 1 3 746 1 11 1
103 0 4 753 5 41 7
104 1 2 761 4 33 6
105 0 3 767 1 10 1
106 1 7 774 1 4 1
107 1 3 783 1 11 1
108 0 3 790 2 17 3
109 0 2 797 1 9 1
110 0 4 803 6 48 9
111 0 3 811 921 9516 1381
112 1 2 819 145143 1847223 217714
113 0 15 826 1 6 1
114 0 5 836 1 9 1
115 0 7 844 207 856 310
116 1 4 853 74 676 111
117 0 2 861 89 821 133
118 1 7 868 6831 36182 10246
119 0 3 877 1564 16553 2346
120 0 1 884 1 10 1
121 0 3 889 1 10 1
122 1 5 896 5 41 7
123 1 3 905 611 6195 916
124 1 1 912 1 9 1
125 1 1 918 1 9 1
126 1 3 922 23 197 34
127 0 7 929 4990 25912 7485
128 1 3 938 591 5982 886
129 0 4 946 75 685 112
130 0 2 954 1709 18159 2563
131 1 1 960 142 1341 213
132 0 4 963 954 9873 1431
133 1 9 971 1 4 1
134 1 3 980 3 25 4
135 0 1 987 1 9 1
136 1 3 992 6 48 9
137 0 3 999 1 10 1
138 1 5 1006 917 9473 1375
139 1 2 1015 6 48 9
140 1 20 1021 2 6 3
141 0 1 1032 57 513 85
142 0 1 1035 1 12 1
143 1 1 1041 1 9 1
144 1 5 1046 2 17 3
145 0 23 1054 1 3 1
146 0 2 1065 14 116 21
147 0 2 1072 963 9971 1444
148 1 4 1079 1 9 1
149 0 4 1087 2831 30757 4246
150 1 3 1095 44 390 66
151 1 1 1102 206 1982 309
152 1 8 1107 196 807 294
153 0 1 1116 57 513 85
154 0 40 1121 1 4 1
155 1 15 1133 11 34 16
156 0 6 1143 1 4 1
157 1 6 1152 271 2643 406
158 0 2 1161 19 161 28
159 0 2 1168 33 288 49
160 1 1 1174 20 170 30
161 1 2 1179 1 10 1
162 1 2 1185 1 9 1
163 1 2 1191 11 90 16
164 1 2 1198 3897 42928 5845
165 0 4 1204 453 4528 679
166 1 21 1212 14 45 21
167 1 5 1223 5 41 7
168 0 4 1231 760 7784 1140
169 0 61 1239 70 264 105
170 1 4 1251 2372 25572 3558
171 1 12 1259 1 5 1
172 1 3 1269 24 206 36
173 1 8 1276 4575 23625 6862
174 0 1 1285 1 9 1
175 0 5 1288 2 17 3
176 1 1 1296 2916 31721 4374
177 1 3 1301 737 7537 1105
178 1 5 1308 6 48 9
179 1 1 1316 16 134 24
180 0 4 1321 1 10 1
181 1 3 1329 92 850 138
182 1 4 1336 2 17 3
183 0 10 1344 1 4 1
184 0 2 1354 1 9 1
185 1 1 1361 18279 214720 27418
186 0 4 1366 2 17 3
187 1 2 1374 1 10 1
188 0 2 1380 4 32 6
189 1 1 1386 1 10 1
190 0 1 1391 3274 35795 4911
191 0 2 1396 81 743 121
192 0 7 1402 3050 15341 4575
193 0 3 1411 21 179 31
194 1 5 1418 5 41 7
195 0 2 1426 35430 427281 53145
196 1 2 1432 35 307 52
197 0 1 1438 1695 18004 2542
198 0 2 1443 1 11 1
199 1 7 1450 51495 307205 77242
200 1 12 1459 1 4 1
201 1 2 1469 1 12 1
202 1 2 1476 1 11 1
203 1 2 1482 1 9 1
204 1 1 1489 1 12 1
205 0 6 1494 719 7345 1078
206 0 1 1503 9 73 13
207 0 2 1509 140320 1783598 210480
208 1 1 1515 3 25 4
209 0 1 1519 1 9 1
210 0 2 1523 1 9 1
211 1 4 1530 6 48 9
212 0 2 1538 55 494 82
213 0 2 1545 2 17 3
214 0 8 1551 7 21 10
215 0 4 1560 2 17 3
216 0 1 1568 82 753 123
217 0 1 1571 1 9 1
218 1 2 1576 36163 436472 54244
219 0 2 1582 1 10 1
220 0 8 1589 1679 8113 2518
221 0 1 1598 1 9 1
222 0 4 1603 37 325 55
223 1 1 1611 2 17 3
224 1 1 1614 1 10 1
225 1 1 1617 2 17 3
226 0 6 1621 4 33 6
227 0 2 1630 5 40 7
228 0 1 1636 3 25 4
229 0 35 1641 7 21 10
230 0 3 1652 3367 36857 5050
231 1 7 1660 1 5 1
232 0 3 1669 33 288 49
233 1 2 1677 2 17 3
234 1 13 1683 2 6 3
235 1 20 1693 38 135 57
236 0 3 1704 16 134 24
237 0 6 1712 1 3 1
238 0 1 1721 1 10 1
239 1 1 1726 1 9 1
240 1 22 1731 65149 393735 97723
241 0 7 1742 8 24 12
242 1 3 1751 2 17 3
243 0 9 1758 1 4 1
244 0 2 1767 3 25 4
245 0 2 1773 5 40 7
246 0 1 1780 8 64 12
247 0 2 1786 1 9 1
248 1 6 1793 1 10 1
249 1 17 1802 1 3 1
250 1 3 1812 91 840 136
251 0 2 1819 7 56 10
252 0 2 1825 629 6385 943
253 0 1 1832 2 17 3
254 0 3 1838 104 967 156
255 0 2 1845 5 40 7
256 0 3 1852 2263 24346 3394
257 0 3 1859 827128 11207652 1240692
258 0 4 1867 1 9 1
259 1 3 1875 7740 87774 11610
260 1 3 1883 5 40 7
261 1 2 1891 583 5898 874
262 1 3 1898 1 8 1
263 0 2 1905 2091 22417 3136
264 0 4 1912 1 9 1
265 0 11 1920 127 505 190
266 0 18 1930 1481 7094 2221
267 0 3 1940 61 551 91
268 0 1 1947 466 4664 699
269 1 6 1952 147 1391 220
270 1 1 1961 48 428 72
271 1 1 1966 1 10 1
272 1 1 1970 50 447 75
273 0 1 1973 7276 82299 10914
274 0 3 1979 2 17 3
275 1 32 1986 2 7 3
276 0 1 1997 5 40 7
277 1 6 2002 4 33 6
278 1 2 2011 2 17 3
279 0 3 2018 2116 22697 3174
280 0 1 2026 32 279 48
281 0 4 2032 2 17 3
282 1 9 2040 673 3048 1009
283 0 17 2049 2 7 3
284 1 1 2059 1 9 1
285 1 27 2064 14 45 21
286 1 1 2075 626 6354 939
287 1 6 2080 1 10 1
288 0 6 2089 3 25 4
289 0 3 2098 1143 11927 1714
290 0 13 2106 2007 9816 3010
291 1 5 2116 3665 40266 5497
292 1 40 2124 1 6 1
293 1 3 2136 694 7078 1041
294 1 2 2143 373 3694 559
295 0 4 2150 213 2053 319
296 0 1 2158 17 143 25
297 0 6 2163 9 72 13
298 0 6 2172 51 456 76
299 0 1 2181 5 41 7
300 0 2 2186 1630 17283 2445
301 0 12 2192 204 843 306
302 1 5 2202 391 3881 586
303 0 4 2210 1 9 1
304 0 2 2218 3 25 4
305 1 3 2224 3 25 4
306 1 4 2231 133 1252 199
307 0 7 2239 424 1855 636
308 0 15 2248 1 6 1
309 1 5 2258 1 11 1
310 0 3 2266 1 9 1
311 0 13 2273 3 9 4
312 0 6 2283 3 25 4
313 0 4 2292 145 1371 217
314 0 1 2300 1 11 1
315 1 3 2304 5 41 7
316 1 1 2311 176 1680 264
317 1 4 2316 13679 158809 20518
318 1 1 2324 229 2215 343
319 1 3 2328 310 3043 465
320 1 30 2335 1 4 1
321 0 1 2346 4 33 6
322 1 3 2351 1446996 19989718 2170494
323 1 3 2358 3241 35419 4861
324 1 3 2365 51 456 76
325 1 2 2373 1 11 1
326 1 3 2379 42 372 63
327 1 1 2386 42 372 63
328 1 4 2391 1 9 1
329 0 1 2399 1 9 1
330 0 1 2405 1 9 1
331 1 1 2409 8 64 12
332 0 1 2414 10 81 15
333 0 1 2417 1 10 1
334 0 6 2422 1 9 1
335 0 2 2431 170 1620 255
336 0 2 2437 2 17 3
337 0 1 2443 26 224 39
338 0 1 2447 3 25 4
339 0 2 2453 93 859 139
340 0 1 2460 617667 8284123 926500
341 0 2 2466 2 17 3
342 0 2 2472 567 5728 850
343 1 6 2479 1 9 1
344 0 2 2488 1 10 1
345 0 2 2495 2 17 3
346 0 6 2501 54 485 81
347 1 8 2510 12 38 18
348 1 5 2519 2 17 3
349 0 14 2527 1 5 1
350 0 3 2537 73 666 109
351 0 1 2545 1 10 1
352 1 1 2551 1469 15504 2203
353 0 7 2556 2 6 3
354 0 1 2565 75 685 112
355 0 4 2570 4 33 6
356 0 9 2578 554 2473 831
357 1 2 2587 1 12 1
358 1 2 2594 6 48 9
359 1 4 2600 78 714 117
360 0 3 2608 2 17 3
361 1 1 2616 1 13 1
362 0 9 2621 22 74 33
363 1 1 2630 1 10 1
364 0 18 2634 172 701 258
365 1 7 2644 89 343 133
366 0 2 2653 1060 11023 1590
367 1 2 2660 240 2327 360
368 1 19 2667 1 3 1
369 1 1 2678 1 9 1
370 1 1 2684 1 8 1
371 0 8 2688 1 4 1
372 0 4 2697 7 56 10
373 0 2 2705 251 2439 376
374 1 2 2712 144 1361 216
375 1 2 2718 416 4141 624
376 1 1 2724 1286 13491 1929
377 0 2 2727 24 206 36
378 1 1 2734 4622 51287 6933
379 1 4 2738 698676 9411340 1048014
380 1 2 2746 1716 18236 2574
381 1 2 2752 23 197 34
382 1 2 2758 1 10 1
383 0 5 2764 55 494 82
384 0 9 2772 46 167 69
385 1 6 2781 44 391 66
386 1 2 2790 607 6152 910
387 0 1 2796 320 3146 480
388 0 3 2802 6 48 9
389 1 3 2809 1 10 1
390 1 11 2816 1 3 1
391 0 4 2826 40 353 60
392 1 4 2834 49828 608957 74742
393 0 1 2842 1 10 1
394 1 6 2846 218 2103 327
395 0 3 2855 1 8 1
396 1 1 2862 1877 20027 2815
397 0 1 2868 38 334 57
398 0 2 2872 14 116 21
399 1 2 2879 3390 37119 5085
400 0 2 2885 132 1242 198
401 1 2 2891 16423 192086 24634
402 1 7 2897 1 4 1
403 1 3 2906 6 48 9
404 1 3 2913 1 14 1
405 0 3 2920 6 48 9
406 1 2 2927 28 242 42
407 1 5 2934 1 9 1
408 1 1 2942 1 12 1
409 0 1 2947 3 25 4
410 0 4 2952 1 10 1
411 1 7 2960 182 745 273
412 1 12 2969 1 5 1
413 1 3 2979 2 17 3
414 1 3 2986 1 9 1
415 0 7 2993 7 21 10
416 1 5 3002 1 10 1
417 0 1 3010 1 8 1
418 1 8 3015 3434 17407 5151
419 1 1 3024 2 17 3
420 1 1 3029 1 9 1
421 0 38 3033 10 31 15
422 0 4 3044 150 1421 225
423 1 1 3052 1 9 1
424 1 2 3056 1359 14293 2038
425 0 3 3063 1 9 1
426 1 1 3070 1599 16940 2398
427 0 7 3075 769 3516 1153
428 0 1 3084 8 64 12
429 0 4 3089 1 10 1
430 0 1 3097 1 10 1
431 1 11 3100 95 368 142
432 1 7 3110 146 587 219
433 0 3 3119 998 10350 1497
434 1 1 3127 24 206 36
435 0 2 3131 1 12 1
436 1 3 3138 3 25 4
437 0 4 3145 1 10 1
438 1 2 3153 1 12 1
439 1 6 3160 90 830 135
440 0 1 3169 26 224 39
441 1 3 3174 84599 1055083 126898
442 1 1 3182 82 753 123
443 1 4 3186 4 33 6
444 0 3 3194 2 17 3
445 1 3 3201 32 279 48
446 1 3 3209 51 456 76
447 0 1 3216 2529 27341 3793
448 1 3 3220 77 704 115
449 0 4 3227 1 10 1
450 1 2 3235 11 90 16
451 0 8 3242 181 741 271
452 0 1 3251 8 64 12
453 0 2 3256 20 170 30
454 1 1 3262 71 647 106
455 0 9 3266 111 436 166
456 1 2 3275 1 9 1
457 1 2 3281 4 33 6
458 0 5 3287 90361 1129761 135541
459 1 6 3295 59 532 88
460 0 4 3304 1 11 1
461 1 8 3312 1 4 1
462 0 3 3321 94 869 141
463 0 1 3328 66 599 99
464 0 2 3332 28 242 42
465 1 1 3338 7 56 10
466 1 21 3344 2 6 3
467 0 2 3355 238 2306 357
468 0 1 3361 2462 26586 3693
469 0 2 3366 23 197 34
470 0 1 3373 2 17 3
471 0 1 3377 1 9 1
472 0 3 3382 2354 25369 3531
473 0 3 3389 179 1710 268
474 0 1 3396 1 8 1
475 1 2 3401 1 11 1
476 1 45 3408 6 18 9
477 0 4 3420 1 9 1
478 1 6 3428 25 85 37
479 1 2 3437 426577 5646542 639865
480 0 1 3444 514 5169 771
481 0 1 3449 1 10 1
482 0 7 3454 1 6 1
483 1 1 3463 7 56 10
484 0 1 3467 1107 11535 1660
485 1 11 3472 90 347 135
486 0 2 3482 4 32 6
487 1 2 3488 79 724 118
488 1 3 3494 6 48 9
489 0 8 3501 1 4 1
490 1 7 3510 4 12 6
491 0 1 3519 3 25 4
492 1 2 3525 3497 38342 5245
493 0 18 3531 6 18 9
494 1 2 3541 11 90 16
495 1 3 3548 8698 99118 13047
496 0 1 3555 342 3373 513
497 1 5 3560 4523 50142 6784
498 0 1 3568 4 33 6
499 0 2 3574 23302 276400 34953
500 0 3 3581 18 152 27
501 0 1 3588 1 10 1
502 1 2 3594 12 99 18
503 1 2 3601 1 8 1
504 1 11 3607 110 432 165
