0 0 6 5 1 10 1
1 1 2 22 110 1025 165
2 1 2 35 10536 121018 15804
3 0 3 47 3 25 4
4 1 4 62 1 11 1
5 0 2 78 98 908 147
6 0 11 92 1 3 1
7 0 7 111 3 9 4
8 0 11 129 16 52 24
9 1 4 149 4 33 6
10 1 7 165 449 1973 673
11 0 10 183 1 5 1
12 0 1 202 3 25 4
13 0 7 212 5 15 7
14 0 2 230 41 363 61
15 1 4 244 1 9 1
16 0 16 260 126 500 189
17 0 4 281 2 17 3
18 0 2 297 1 9 1
19 1 8 310 1 3 1
20 0 1 328 13 107 19
21 1 2 334 290 2838 435
22 0 1 347 1 9 1
23 1 1 357 8 64 12
24 1 1 366 39 344 58
25 0 1 374 1 9 1
26 0 1 385 1 9 1
27 1 5 395 1 10 1
28 1 7 412 48 175 72
29 0 5 430 1 9 1
30 0 2 447 2 17 3
31 0 1 461 49 438 73
32 0 14 470 4 12 6
33 1 3 490 36 316 54
34 0 2 504 953 9862 1429
35 1 8 516 58 215 87
36 1 4 535 30 260 45
37 1 5 551 3 25 4
38 0 1 568 2 17 3
39 0 1 579 9 73 13
40 1 2 587 24 206 36
41 0 50 600 2 7 3
42 1 2 624 9692 110941 14538
43 0 8 636 1 3 1
44 1 1 654 1 10 1
45 0 36 665 1 3 1
46 1 6 688 163 661 244
47 1 1 706 8 64 12
48 1 4 717 10530 120946 15795
49 0 1 733 1 9 1
50 1 1 740 2 17 3
51 0 2 751 1 10 1
52 1 2 764 1 10 1
53 1 91 776 139 556 208
54 0 1 801 1 9 1
55 0 6 811 7 56 10
56 0 19 828 2 6 3
57 0 2 849 5 41 7
58 0 2 863 14 116 21
59 0 9 875 8 24 12
60 1 2 894 1 9 1
61 0 3 906 243930 3164380 365895
62 1 6 921 4 12 6
63 1 4 939 1 10 1
64 0 1 955 1 9 1
65 1 3 963 30 261 45
66 1 1 977 25245 300404 37867
67 1 1 986 1 11 1
68 1 2 997 20 170 30
69 1 3 1010 20065 236585 30097
70 0 3 1025 874 9009 1311
71 1 7 1040 1 3 1
72 0 5 1058 1 10 1
73 0 2 1075 128 1202 192
74 0 1 1088 43 381 64
75 1 14 1099 46 167 69
76 1 13 1119 391 1700 586
77 1 3 1139 1452 15316 2178
78 1 17 1153 2 6 3
79 1 4 1174 1 9 1
80 1 1 1190 152 1440 228
81 1 3 1195 38821 469855 58231
82 0 3 1209 3 25 4
83 1 2 1224 1267920 17436615 1901880
84 1 3 1238 1 11 1
85 0 7 1253 4 13 6
86 0 8 1271 3 10 4
87 0 2 1290 306 3002 459
88 1 9 1303 68298 413833 102447
89 0 1 1322 45 400 67
90 0 2 1327 60253 741778 90379
91 0 3 1341 1 9 1
92 0 3 1356 1397 14710 2095
93 1 2 1370 3 25 4
94 1 26 1382 89 343 133
95 0 1 1404 1 10 1
96 0 1 1413 106 986 159
97 0 4 1424 1304 13689 1956
98 1 6 1440 1 11 1
99 0 2 1457 10 81 15
100 1 1 1469 11 90 16
101 1 1 1480 1 9 1
102 1 15 1491 2078 10188 3117
103 0 1 1511 27 233 40
104 1 2 1518 1185 12386 1777
105 1 2 1531 1 10 1
106 0 4 1543 76 695 114
107 1 9 1559 413 1803 619
108 1 2 1578 1 10 1
109 1 2 1592 68 618 102
110 0 3 1605 4 32 6
111 1 2 1619 10 81 15
112 0 5 1633 11 90 16
113 0 3 1650 1 9 1
114 1 4 1665 1 11 1
115 0 1 1681 1 9 1
116 1 2 1691 1 9 1
117 0 1 1703 4 33 6
118 0 2 1709 1 11 1
119 1 3 1722 186 1780 279
120 1 2 1736 53 475 79
121 1 3 1749 1 9 1
122 0 1 1764 5 41 7
123 1 3 1775 13 107 19
124 0 2 1790 2 17 3
125 1 6 1803 1 10 1
126 0 2 1820 14 116 21
127 0 1 1833 1 9 1
128 1 29 1844 1 4 1
129 0 1 1866 1 9 1
130 1 5 1876 1 9 1
131 1 3 1892 37 325 55
132 1 2 1906 12 99 18
133 0 14 1920 1458 6977 2187
134 1 1 1940 27 233 40
135 0 2 1951 102 947 153
136 1 2 1965 9 73 13
137 0 4 1978 92 850 138
138 0 1 1994 1 10 1
139 0 1 2004 1 10 1
140 0 2 2014 25 215 37
141 1 1 2027 36 316 54
142 0 6 2038 46 409 69
143 0 2 2055 1 12 1
144 0 10 2068 26152 150148 39228
145 0 1 2087 1 11 1
146 1 2 2098 145 1371 217
147 1 16 2111 1 4 1
148 1 4 2132 81 743 121
149 0 3 2148 490 4916 735
150 0 10 2163 56 207 84
151 1 3 2182 1 11 1
152 0 5 2197 1 10 1
153 0 2 2214 1 11 1
154 0 1 2227 1505 15901 2257
155 1 7 2238 9 27 13
156 0 6 2256 6 48 9
157 0 1 2273 3 25 4
158 0 1 2282 1 11 1
159 1 4 2289 1 10 1
160 1 4 2305 1 9 1
161 0 8 2321 107 419 160
162 1 2 2339 1 9 1
163 0 11 2353 1 4 1
164 0 5 2372 115 1074 172
165 0 5 2389 12713 147154 19069
166 1 1 2406 1418 14941 2127
167 0 1 2416 1 11 1
168 0 8 2424 475 2096 712
169 1 2 2443 1 9 1
170 0 3 2455 9 73 13
171 0 1 2469 158 1500 237
172 0 2 2480 16 134 24
173 0 1 2492 1 10 1
174 1 1 2501 8 64 12
175 1 11 2507 7 21 10
176 0 2 2527 1 11 1
177 1 1 2541 1 9 1
178 1 4 2549 1 9 1
179 1 4 2565 1 10 1
180 1 1 2581 68 618 102
181 0 1 2592 1 9 1
182 0 3 2602 1 10 1
183 1 4 2616 416 4142 624
184 1 2 2632 1 9 1
185 0 3 2646 442 4413 663
186 1 9 2661 11 34 16
187 0 13 2680 1 3 1
188 0 2 2700 2 17 3
189 1 6 2712 13 108 19
190 1 2 2729 114 1065 171
191 1 1 2742 8 64 12
192 1 2 2753 1 9 1
193 0 4 2767 1 9 1
194 0 1 2783 1 9 1
195 1 1 2794 2 17 3
196 0 3 2803 115 1074 172
197 0 4 2818 93832 1174831 140748
198 1 1 2834 20 170 30
199 0 3 2845 1 9 1
200 1 3 2859 1 10 1
201 0 25 2874 1050 4910 1575
202 1 4 2896 3 25 4
203 1 4 2912 1 9 1
204 0 6 2927 20272 239124 30408
205 0 2 2945 819 8417 1228
206 1 1 2957 1 10 1
207 0 11 2968 101 393 151
208 1 1 2987 1 8 1
209 1 1 2995 5 40 7
210 1 1 3002 1 11 1
211 1 1 3010 532 5358 798
212 0 7 3018 1 4 1
213 0 10 3036 280 1186 420
214 0 5 3055 1 9 1
215 0 5 3072 100 928 150
216 1 2 3089 75 685 112
217 0 2 3103 2 17 3
218 1 2 3115 146 1381 219
219 0 4 3129 648 6588 972
220 0 1 3145 1 10 1
221 1 4 3156 2 17 3
222 1 1 3172 3 25 4
223 1 11 3180 5 15 7
224 0 3 3199 158 1500 237
225 1 1 3213 1249 13086 1873
226 0 2 3221 19 161 28
227 0 8 3235 12 38 18
228 0 1 3253 1 10 1
229 1 3 3258 1755 18670 2632
230 1 5 3273 125 1173 187
231 0 4 3289 139853 1777442 209779
232 1 4 3304 1 9 1
233 0 6 3320 10 81 15
234 1 2 3337 6 48 9
235 0 7 3349 1 4 1
236 1 1 3367 83 763 124
237 0 1 3374 94 869 141
238 1 5 3385 281 2745 421
239 0 2 3402 6 48 9
240 1 1 3414 1 9 1
241 0 1 3420 2871 31211 4306
242 0 5 3431 1 9 1
243 0 2 3448 1 11 1
244 1 2 3460 1 11 1
245 0 15 3474 1 4 1
246 0 13 3494 699 3174 1048
247 0 2 3514 67 608 100
248 1 1 3526 300 2940 450
249 1 3 3534 5 40 7
250 0 4 3548 425 4236 637
251 0 7 3564 1 4 1
252 1 9 3582 23 78 34
253 0 5 3601 1 11 1
254 1 3 3618 39 344 58
