0 0 15 5 6 18 9
1 0 1 14 32 279 48
2 1 3 19 1022 10610 1533
3 1 1 27 85 782 127
4 0 10 32 10 31 15
5 0 20 41 1 4 1
6 1 1 50 1 10 1
7 1 2 57 1 10 1
8 0 3 64 121219 1532417 181828
9 0 10 71 823 3782 1234
10 0 4 80 1 10 1
11 1 4 88 1 10 1
12 1 2 96 100 928 150
13 1 3 103 1 9 1
14 1 4 110 3 25 4
15 1 4 118 92 850 138
16 1 1 126 1 11 1
17 0 6 132 140 1321 210
18 0 4 140 11 90 16
19 0 1 148 9 72 13
20 0 5 154 4 33 6
21 1 2 162 1 11 1
22 0 1 169 1 11 1
23 1 2 175 1 10 1
24 1 3 182 1393 14667 2089
25 1 5 190 627 6364 940
26 1 4 198 4 33 6
27 0 3 206 5 41 7
28 0 2 214 1 10 1
29 1 2 221 14 116 21
30 0 11 228 18 59 27
31 1 6 237 1 10 1
32 1 7 245 232 968 348
33 0 3 253 3 25 4
34 0 2 260 13 108 19
35 1 7 267 81 310 121
36 0 1 275 1 10 1
37 1 4 281 1 10 1
38 1 2 289 2 17 3
39 1 1 296 38 335 57
40 0 4 302 3 25 4
41 0 4 310 1 10 1
42 1 6 318 1 12 1
43 1 1 326 1 10 1
44 1 3 332 7 56 10
45 0 8 340 12 38 18
46 1 3 348 2 17 3
47 0 3 356 72 657 108
48 0 3 364 53 476 79
49 0 1 371 123 1153 184
50 0 5 375 1 9 1
51 0 1 383 5 41 7
52 0 2 389 2863 31120 4294
53 1 1 396 2 17 3
54 0 11 402 182 745 273
55 0 3 411 1 8 1
56 1 1 419 1823 19426 2734
57 0 3 426 89777 1122184 134665
58 1 1 434 1 9 1
59 0 5 440 1 11 1
60 0 1 448 12 99 18
61 1 1 454 3 25 4
62 0 3 460 5 41 7
63 0 2 467 23 197 34
64 0 4 474 8 64 12
65 1 4 482 10 81 15
66 1 2 490 1 9 1
67 0 12 497 1 6 1
68 1 4 506 4 33 6
69 1 1 514 1 11 1
70 0 2 519 177 1690 265
71 1 1 526 1 9 1
72 1 3 531 2 17 3
73 1 4 539 2 17 3
74 0 3 547 1 9 1
75 1 5 555 7 56 10
76 1 13 563 75696 461237 113544
77 0 8 572 5 15 7
78 1 1 580 167 1590 250
79 1 5 587 8 64 12
80 0 9 595 9 27 13
81 1 6 604 3 25 4
82 0 15 612 1 3 1
83 1 3 621 3 25 4
84 0 2 629 1 10 1
85 1 3 636 2 17 3
86 1 27 644 3 10 4
87 1 1 653 26 224 39
88 0 1 659 1 9 1
89 1 1 666 139 1311 208
90 0 1 672 1 10 1
91 0 3 678 1 10 1
92 0 2 685 1 12 1
93 0 25 692 3 10 4
94 0 11 701 1 3 1
95 0 4 710 1 10 1
96 1 6 718 1 9 1
97 1 3 726 3273 35784 4909
98 1 6 734 496 2196 744
99 0 1 742 1 9 1
100 0 5 748 93 859 139
101 0 1 756 3 25 4
102 1 4 763 1451 15305 2176
103 0 4 771 114 1065 171
104 1 4 779 11 90 16
105 1 3 787 6 48 9
106 1 4 795 1 10 1
107 0 5 803 1 9 1
108 0 3 811 3 25 4
109 0 2 819 4 33 6
110 0 2 826 4974 55366 7461
111 0 5 833 293 2868 439
112 1 1 841 2 17 3
113 0 4 847 111 1035 166
114 0 2 855 1 9 1
115 1 2 862 41 363 61
116 1 11 869 862 3975 1293
117 1 1 878 144 1361 216
118 0 1 884 11 90 16
119 0 4 889 2 17 3
120 1 6 897 50 447 75
121 1 4 905 24 206 36
122 1 12 913 13 41 19
123 0 5 922 1 13 1
124 1 2 930 2 17 3
125 1 2 937 176507 2262724 264760
126 1 5 944 1 12 1
127 0 1 952 2 17 3
128 0 8 958 1 4 1
129 0 2 967 190 1821 285
130 0 1 974 2229 23964 3343
131 1 2 981 210 2023 315
132 1 2 988 1 10 1
133 0 17 995 1 3 1
134 0 1 1004 285 2786 427
135 1 2 1010 244 2368 366
136 0 3 1017 5 41 7
137 1 4 1025 324 3187 486
138 1 3 1033 168 1600 252
139 1 2 1041 1 10 1
140 1 4 1048 161 1530 241
141 1 3 1056 4615 51206 6922
142 1 13 1064 100 389 150
143 0 1 1073 61 551 91
144 0 1 1079 21 179 31
145 0 8 1085 1 3 1
146 0 6 1094 2 17 3
147 1 2 1102 115914 1462898 173871
148 0 2 1109 2 17 3
149 0 2 1116 4 33 6
150 0 6 1123 1 4 1
151 0 4 1131 1 10 1
152 0 2 1139 915 9451 1372
153 0 2 1146 19 161 28
154 0 3 1153 1 10 1
155 1 1 1161 4 33 6
156 1 5 1167 1 9 1
157 0 44 1175 72 272 108
158 0 2 1185 404 4017 606
159 1 5 1192 2 17 3
160 0 11 1200 1 4 1
161 0 1 1209 1 10 1
162 0 1 1215 4 33 6
163 1 1 1220 1 9 1
164 0 2 1225 14 116 21
165 1 2 1232 14 116 21
166 0 1 1239 6 48 9
167 1 1 1245 279964 3650077 419946
168 1 1 1252 15 125 22
169 1 9 1258 1 4 1
170 0 2 1267 87 801 130
171 1 11 1274 2 6 3
172 0 3 1283 1 9 1
173 0 2 1291 155 1470 232
174 1 14 1298 223 928 334
175 1 4 1307 14 116 21
176 1 4 1315 34 298 51
177 1 4 1323 1 10 1
178 1 16 1331 1405163 9921194 2107744
179 0 19 1340 548 2444 822
180 1 1 1349 18529 217776 27793
181 1 2 1355 2 17 3
182 1 7 1362 1 4 1
183 0 3 1370 88 811 132
184 1 7 1378 3 9 4
185 0 2 1386 334 3290 501
186 0 6 1393 49 438 73
187 0 12 1401 1 4 1
188 0 1 1410 1 9 1
189 0 1 1416 35 307 52
190 0 1 1422 36 316 54
191 1 4 1428 1 11 1
192 0 1 1436 236 2286 354
193 1 43 1442 388 1686 582
194 0 4 1452 251 2439 376
195 1 5 1460 2 17 3
196 0 3 1468 1 9 1
197 1 11 1476 106 415 159
198 1 1 1485 74 676 111
199 0 2 1490 1871 19960 2806
200 0 1 1497 1 9 1
201 1 1 1503 1 10 1
202 1 3 1509 14 116 21
203 0 2 1517 1 9 1
204 0 2 1524 3 25 4
205 0 10 1531 13 41 19
206 0 1 1540 1 12 1
207 0 5 1546 364 3601 546
208 0 5 1554 2 17 3
209 0 1 1562 1 10 1
210 0 1 1568 1 10 1
211 0 2 1574 1 10 1
212 0 2 1581 2 17 3
213 0 7 1588 3 9 4
214 0 26 1596 23541 134337 35311
215 1 5 1605 12027 138897 18040
216 0 3 1613 8556 97433 12834
217 1 3 1620 15 125 22
218 1 1 1627 1 10 1
219 1 10 1631 14 45 21
220 1 2 1640 1369 14402 2053
221 1 3 1647 94 869 141
222 0 6 1655 20 170 30
223 1 2 1663 1 12 1
224 1 3 1670 10 81 15
225 0 1 1678 23674 280990 35511
226 0 2 1684 8 64 12
227 0 7 1691 97 376 145
228 1 24 1699 4 12 6
229 0 1 1708 4 33 6
230 1 9 1713 102 398 153
231 1 2 1722 76 695 114
232 0 2 1729 1 11 1
233 0 5 1736 1 11 1
234 1 2 1744 2 17 3
235 1 2 1751 1 10 1
236 1 1 1758 23 197 34
237 0 4 1764 1 9 1
238 0 6 1772 3224 35225 4836
239 0 1 1780 1 8 1
240 0 2 1787 236 2286 354
241 1 1 1794 11 90 16
242 0 4 1801 26 224 39
243 1 7 1809 211 874 316
244 0 2 1817 35 307 52
245 1 10 1824 1 3 1
246 0 11 1833 1 4 1
247 1 2 1842 8623 98228 12934
248 1 19 1849 1 4 1
249 0 11 1858 1 5 1
250 1 4 1867 357 3528 535
251 1 3 1875 1454 15338 2181
252 0 3 1882 1 9 1
253 1 137 1890 859 3960 1288
254 1 4 1900 619 6279 928
255 0 7 1908 3 9 4
256 0 5 1916 16 134 24
257 1 4 1924 1 9 1
258 1 10 1932 1 4 1
259 0 5 1941 81 743 121
260 1 2 1949 2 17 3
261 0 2 1956 572 5781 858
262 1 2 1963 1 10 1
263 1 3 1970 12 98 18
264 1 2 1977 190 1821 285
265 0 1 1984 3 25 4
266 0 7 1989 1 4 1
267 0 2 1997 571 5770 856
268 1 1 2004 1 9 1
269 1 2 2011 879 9063 1318
270 1 29 2018 4 12 6
271 1 11 2027 15 48 22
272 1 3 2036 7463 84504 11194
273 1 4 2043 3 25 4
274 0 3 2051 203 1952 304
275 1 2 2059 45 400 67
276 0 3 2066 8 64 12
277 0 1 2073 2 17 3
278 1 1 2079 3 25 4
279 0 1 2084 28 242 42
280 0 4 2089 28 242 42
281 0 1 2097 1 10 1
282 0 7 2101 36 128 54
283 0 9 2109 1 3 1
284 0 1 2118 1 12 1
285 0 1 2125 227 2195 340
286 1 3 2132 12 99 18
287 1 3 2140 1 12 1
288 1 2 2148 2 17 3
289 1 1 2155 361 3570 541
290 0 1 2158 11 90 16
291 1 1 2164 1 9 1
292 0 3 2171 1336 14040 2004
293 1 7 2179 2 7 3
294 1 14 2187 10 31 15
295 0 1 2196 10 81 15
296 1 2 2202 36 316 54
297 1 9 2209 72 272 108
298 1 2 2218 6 48 9
299 1 3 2225 91 840 136
300 0 1 2233 1075 11186 1612
301 0 2 2239 37 325 55
302 0 2 2246 61631 759402 92446
303 1 1 2253 1 8 1
304 1 2 2259 1473 15548 2209
305 1 9 2266 29 101 43
306 1 3 2275 73 666 109
307 1 2 2283 1 9 1
308 0 3 2290 3 25 4
309 0 4 2298 9 72 13
310 1 2 2306 27 233 40
311 0 2 2313 1 9 1
312 0 9 2320 652 2946 978
313 0 9 2329 1 4 1
314 0 4 2338 1 9 1
315 0 1 2346 1 9 1
316 1 1 2353 39 344 58
317 1 3 2359 3 25 4
318 0 1 2367 1 11 1
319 1 22 2372 3 9 4
320 0 2 2381 1 9 1
321 0 11 2388 1 4 1
322 1 1 2397 1 9 1
323 1 6 2403 19 63 28
324 1 6 2411 1 8 1
325 1 2 2419 1 8 1
326 1 4 2426 1520 16066 2280
327 0 1 2434 1 10 1
328 1 8 2440 243 1018 364
329 0 3 2448 188 1801 282
330 1 1 2455 33 288 49
331 0 4 2461 10 81 15
332 1 4 2469 194 1861 291
333 1 2 2477 1 9 1
334 1 4 2484 26 224 39
335 0 50 2492 1 3 1
336 1 4 2502 5 41 7
337 1 2 2510 319 3136 478
338 0 7 2517 1 3 1
339 0 1 2525 1 13 1
340 1 2 2531 2 17 3
341 0 3 2538 3504 38423 5256
342 0 1 2546 33 288 49
343 1 2 2552 3 25 4
344 0 29 2559 3 10 4
345 1 2 2568 569 5749 853
346 1 3 2575 23854 283212 35781
347 1 28 2582 12 38 18
348 0 6 2591 1 10 1
349 0 1 2599 1 11 1
350 0 2 2605 16 134 24
351 1 8 2612 1 4 1
352 0 39 2620 10 31 15
353 1 1 2630 6 48 9
354 0 1 2637 26 224 39
355 1 8 2644 1 4 1
356 0 4 2652 30 260 45
357 1 3 2660 23 197 34
358 0 3 2667 1 9 1
359 1 4 2675 1 10 1
360 1 4 2683 269 2622 403
361 1 1 2691 52 466 78
362 1 79 2697 1315 6247 1972
363 0 2 2707 3 25 4
364 0 1 2714 1 10 1
365 0 1 2720 4 33 6
366 0 2 2725 37 325 55
367 0 14 2732 1 3 1
368 0 1 2741 12 99 18
369 0 4 2748 97 898 145
370 1 1 2756 2 17 3
371 0 1 2762 1 12 1
372 0 1 2768 1 9 1
373 1 11 2774 1 4 1
374 0 2 2783 937 9689 1405
375 1 1 2790 439 4382 658
376 1 3 2796 53 475 79
377 1 1 2804 1854 19771 2781
378 1 1 2809 3 25 4
379 0 2 2816 1 11 1
380 1 2 2823 1 9 1
381 1 3 2830 878 9052 1317
382 0 1 2838 1 9 1
383 1 2 2845 1 10 1
384 1 2 2852 1 13 1
385 0 7 2859 1 5 1
386 0 25 2867 5736 30050 8604
387 1 2 2876 2073 22216 3109
388 0 2 2883 1 10 1
389 0 8 2890 8 24 12
390 0 2 2899 2 17 3
391 0 4 2906 62 561 93
392 0 1 2914 13 108 19
393 0 39 2920 62 231 93
394 0 5 2930 1 10 1
395 1 5 2938 144 1361 216
396 1 1 2946 1 9 1
397 0 5 2952 528 5317 792
398 1 6 2960 1 10 1
399 0 3 2968 28 242 42
400 1 5 2976 1 10 1
401 1 6 2984 11 34 16
402 1 11 2992 1 4 1
403 1 2 3001 386 3829 579
404 0 6 3008 1 12 1
405 1 1 3016 1 9 1
406 1 1 3022 1 10 1
407 1 1 3028 361 3570 541
408 1 7 3033 29 101 43
409 0 7 3041 29212 168787 43818
410 0 2 3049 1 10 1
411 1 4 3056 189 1811 283
412 1 1 3064 389 3860 583
413 0 4 3069 6 48 9
414 0 2 3077 73 666 109
415 1 2 3084 1 9 1
416 0 1 3091 14 116 21
417 1 2 3096 1 9 1
418 1 1 3103 122 1143 183
419 1 5 3110 1 10 1
420 1 1 3118 1 12 1
421 1 13 3123 74 280 111
422 1 2 3132 1 9 1
423 0 9 3139 1 3 1
424 1 3 3148 51907 635369 77860
425 0 1 3156 8 64 12
426 0 1 3162 1 10 1
427 1 15 3168 26 89 39
428 0 3 3177 1 9 1
429 0 3 3185 10 81 15
430 0 3 3193 183 1750 274
431 0 1 3201 18 152 27
432 1 1 3208 1 9 1
433 1 6 3214 2 17 3
434 1 3 3222 38 334 57
435 0 1 3230 3 25 4
436 1 2 3236 19818 233556 29727
437 1 3 3243 1 9 1
438 0 3 3250 1036 10762 1554
439 0 4 3258 3 25 4
440 1 2 3266 1 10 1
441 1 9 3273 24 81 36
442 0 1 3282 2 17 3
443 1 6 3288 31 270 46
444 0 8 3296 1 4 1
445 1 1 3305 18 152 27
446 1 2 3310 1 10 1
447 1 9 3317 20 67 30
448 0 1 3326 1 9 1
449 1 1 3332 1 11 1
450 1 4 3339 15 125 22
451 1 5 3347 2 17 3
452 1 1 3355 1 9 1
453 0 2 3361 188 1801 282
454 0 1 3368 12 99 18
455 1 3 3374 1 9 1
456 0 7 3382 346 1490 519
457 1 3 3390 1 9 1
458 1 11 3398 1 5 1
459 0 1 3407 10 81 15
460 0 5 3412 6 48 9
461 0 1 3420 1 9 1
462 1 1 3425 1 9 1
463 1 11 3430 26 89 39
464 1 2 3439 111370 1403444 167055
465 1 8 3446 5 15 7
466 0 2 3455 1 10 1
467 1 1 3462 1 9 1
468 1 3 3468 1 8 1
469 1 4 3476 39 344 58
470 1 5 3484 1 10 1
471 1 6 3492 4 33 6
472 1 2 3500 25 215 37
473 0 2 3507 15 125 22
474 0 2 3514 169 1610 253
475 1 1 3521 5 40 7
476 0 3 3528 1 9 1
477 0 5 3536 1 9 1
478 1 13 3544 7 21 10
479 0 1 3553 2 17 3
480 1 4 3559 110 1025 165
481 0 1 3567 1 9 1
482 1 4 3574 1 9 1
483 0 6 3582 1 10 1
484 0 3 3590 1 12 1
485 0 3 3598 1 9 1
486 0 2 3606 1 8 1
