0 0 5 5 3 10 4
1 1 16 9 8716 46870 13074
2 0 3 13 11 34 16
3 0 2 17 2770 30066 4155
4 0 3 20 151 1430 226
5 1 1 24 8 64 12
6 1 1 27 13 107 19
7 1 3 30 1 10 1
8 1 3 34 1 11 1
9 0 7 38 5349 27899 8023
10 1 4 42 3330 16846 4995
11 0 2 46 1 9 1
12 1 2 50 1 11 1
13 0 1 53 3 25 4
14 1 2 55 178 1700 267
15 1 4 59 20 67 30
16 1 5 63 201 829 301
17 0 3 67 59 219 88
18 0 5 71 1 5 1
19 0 16 75 1 3 1
20 0 1 80 1 12 1
21 1 2 83 21 179 31
22 1 1 87 109 1016 163
23 1 2 90 66 599 99
24 1 31 93 7 21 10
25 0 2 98 2 17 3
26 1 5 102 1 6 1
27 0 3 106 5 15 7
28 1 4 110 1 5 1
29 0 3 114 1 9 1
30 0 24 118 2 7 3
31 1 7 123 624 2810 936
32 0 1 127 25 215 37
33 0 2 130 1 9 1
34 0 3 133 1394 14677 2091
35 0 22 137 468 2063 702
36 0 3 142 569 2545 853
37 1 3 146 2 6 3
38 0 5 150 666 3014 999
39 1 4 154 8 24 12
40 1 4 158 6 18 9
41 0 1 162 38 335 57
42 1 1 165 1766 18792 2649
43 1 1 168 3 25 4
44 1 1 171 1 11 1
45 0 1 174 32 279 48
46 1 2 177 64 580 96
47 1 10 180 6401 33767 9601
48 0 20 184 11 34 16
49 0 1 189 6 48 9
50 1 2 192 85 782 127
51 1 2 195 276 2694 414
52 0 1 199 2 17 3
53 1 4 202 8 24 12
54 0 1 206 11 90 16
55 0 3 209 39 344 58
56 0 3 213 431 1888 646
57 1 1 217 1 10 1
58 1 1 220 1390 14633 2085
59 0 3 223 75 285 112
60 0 5 227 17 55 25
61 0 3 231 104 967 156
62 0 2 235 1 11 1
63 1 2 239 14 116 21
64 1 12 242 1 5 1
65 0 8 246 228 950 342
66 1 1 250 15 125 22
67 1 4 252 467801 3132560 701701
68 1 2 256 1 9 1
69 0 1 259 1 9 1
70 0 27 262 1 5 1
71 0 3 267 5 40 7
72 0 2 271 53 475 79
73 1 1 275 29 251 43
74 0 5 278 532 2368 798
75 0 1 282 1 9 1
76 0 2 284 17952 210725 26928
77 1 5 287 133 530 199
78 0 1 291 1 9 1
79 0 12 294 1 5 1
80 0 1 298 1 9 1
81 1 2 301 1 10 1
82 1 1 305 1 9 1
83 0 1 308 1 10 1
84 1 10 311 3 10 4
85 0 7 315 1 4 1
86 1 2 319 10731 123351 16096
87 1 1 323 1 9 1
88 1 5 326 593 2661 889
89 1 3 330 6 48 9
90 1 5 334 1 4 1
91 1 2 338 1 10 1
92 1 3 342 14959 174302 22438
93 0 2 346 1 9 1
94 0 6 350 27 93 40
95 0 6 354 163 661 244
96 0 5 358 477 2105 715
97 0 3 362 564 2521 846
98 1 1 366 1 10 1
99 1 2 369 44 391 66
100 1 1 372 361 3570 541
101 1 1 375 5 40 7
102 1 1 378 5 41 7
103 1 1 381 14509 168849 21763
104 1 1 384 34 298 51
105 1 4 387 11 34 16
106 0 2 391 831 8546 1246
107 0 2 395 66 599 99
108 1 3 399 4 12 6
109 1 4 403 9 27 13
110 1 4 407 1 3 1
111 1 6 411 259 1090 388
112 0 4 415 257 1082 385
113 1 7 419 13621 75261 20431
114 1 3 423 1175 5538 1762
115 0 6 427 225 937 337
116 1 2 431 1 11 1
117 0 3 434 1 3 1
118 0 1 438 290 2838 435
119 0 3 441 7 21 10
120 0 4 445 87 335 130
121 1 5 449 1 4 1
122 1 2 453 2 17 3
123 1 3 457 567 2535 850
124 1 2 461 1 9 1
125 0 1 465 8435 95999 12652
126 1 2 468 1 13 1
127 0 38 472 15 48 22
128 0 2 477 10 81 15
129 1 2 480 1 9 1
130 0 7 483 33 116 49
131 1 2 487 42 372 63
132 1 1 491 1 9 1
133 1 3 494 3186 16071 4779
134 0 3 498 25714 147490 38571
135 0 2 502 638 6481 957
136 1 1 505 1 9 1
137 0 2 508 2 17 3
138 1 1 512 1 9 1
139 0 2 515 1 9 1
140 0 14 519 103 402 154
141 0 2 523 1 10 1
142 1 2 526 1 9 1
143 0 1 529 69 627 103
144 1 4 531 5227 27223 7840
145 1 1 535 5 40 7
146 1 2 538 1 10 1
147 0 2 542 1 10 1
148 0 2 546 134 1262 201
149 1 2 549 4736 52607 7104
150 1 5 553 7692 41045 11538
151 1 3 557 39 139 58
152 1 1 561 640 6502 960
153 0 3 564 135 539 202
154 0 1 568 26759 319157 40138
155 1 1 571 15 125 22
156 1 1 574 182 1740 273
157 1 1 577 1 10 1
158 0 2 580 51 456 76
159 0 6 584 55 203 82
160 1 4 588 1 4 1
161 0 1 592 1 13 1
162 1 3 595 1 3 1
163 0 2 599 1 9 1
164 1 4 602 3054 15362 4581
165 0 3 606 2 17 3
166 1 3 610 1 10 1
167 0 11 614 36 128 54
168 0 1 618 28 242 42
169 1 1 621 1 9 1
170 0 4 624 1 4 1
171 1 2 628 1 9 1
172 1 2 631 1107 11535 1660
173 0 2 635 479 4801 718
174 1 10 639 1 3 1
175 0 4 643 9 27 13
176 0 6 647 4 12 6
177 1 6 651 1 3 1
178 1 7 655 1 4 1
179 0 1 659 1212 12681 1818
180 0 1 662 67 608 100
181 0 10 665 9 27 13
182 1 7 669 93 360 139
183 0 21 673 1 3 1
184 1 11 678 325 1393 487
185 1 8 682 7 21 10
186 1 2 686 1197 12517 1795
187 1 6 690 1140 5362 1710
188 0 6 694 1 3 1
189 1 1 698 5 40 7
190 0 1 701 1 9 1
191 1 3 704 1 4 1
192 0 5 708 1 4 1
193 1 18 712 16935 94793 25402
194 0 4 717 532 2368 798
195 0 4 721 1 4 1
196 1 2 725 42 372 63
197 0 2 729 36 316 54
198 1 1 732 2045 21903 3067
199 0 1 735 1 9 1
200 1 2 738 2 17 3
201 0 2 741 83 763 124
202 1 1 745 4 33 6
203 0 2 748 11 90 16
204 1 6 752 1 4 1
205 1 1 756 387 3839 580
206 1 2 759 1125 11731 1687
207 1 3 762 1 9 1
208 1 2 766 183 1750 274
209 0 5 770 1 3 1
210 0 1 774 43220 525291 64830
211 1 1 777 1 9 1
212 1 3 780 1 3 1
213 0 3 784 30 104 45
214 1 4 788 12 38 18
215 1 7 792 2 6 3
216 0 1 796 153 1451 229
217 0 3 799 1 4 1
218 0 6 803 1 3 1
219 0 2 807 1 9 1
220 0 2 811 4 33 6
221 0 9 815 189100 1209567 283650
222 0 5 819 75 285 112
223 0 5 823 612 2752 918
224 0 2 827 14 116 21
225 1 2 830 30 261 45
226 0 1 834 78 714 117
227 1 2 836 126 1183 189
228 0 19 839 1 4 1
229 1 2 844 138 1301 207
230 0 4 848 1 4 1
231 1 13 852 133461 838276 200191
232 1 4 856 1 3 1
233 1 2 860 1 10 1
234 0 1 863 34 298 51
235 0 2 866 1 10 1
236 1 1 870 1 11 1
237 0 6 873 13 41 19
238 0 1 877 236 2286 354
239 1 3 880 1 3 1
240 0 2 884 190 1821 285
241 1 2 888 4 33 6
242 0 16 892 96 372 144
243 0 3 896 1 4 1
244 1 1 900 12 99 18
245 1 1 903 1 9 1
246 0 4 906 1 4 1
247 0 6 910 4 12 6
248 1 3 914 1 3 1
249 0 2 918 2 17 3
250 1 2 922 6 48 9
251 1 4 926 1 3 1
252 1 7 930 28558 164794 42837
253 1 12 934 282 1195 423
254 0 1 938 1 9 1
255 1 6 941 7838 41873 11757
256 1 1 945 278 2714 417
257 0 1 948 1 9 1
258 1 1 951 1 9 1
259 0 1 954 5 41 7
260 0 2 957 1 11 1
261 0 4 960 1 4 1
262 1 5 964 1 5 1
263 0 1 968 2 17 3
264 1 9 971 1 4 1
265 1 1 975 240 2326 360
266 0 1 978 30 261 45
267 0 1 980 612 6205 918
268 0 5 983 2 7 3
269 1 1 987 410 4079 615
270 1 1 990 186 1780 279
271 0 4 993 20 67 30
272 1 1 997 155 1470 232
273 1 5 1000 5 15 7
274 1 2 1004 8 64 12
275 1 3 1008 70 264 105
276 1 9 1012 1 5 1
277 0 2 1016 1 9 1
278 1 2 1019 50 447 75
279 0 14 1022 27615 159046 41422
280 0 2 1026 1 10 1
281 1 6 1029 19 63 28
282 1 4 1033 151 609 226
283 1 7 1037 2 6 3
284 1 1 1041 280 2735 420
285 1 9 1044 26 89 39
286 1 3 1048 2 6 3
287 1 2 1052 22 188 33
288 0 2 1056 823 8460 1234
289 0 1 1060 1 9 1
290 1 1 1063 1 9 1
291 1 1 1066 1 11 1
292 1 2 1069 2 17 3
293 1 1 1072 1 9 1
294 1 2 1075 35321 425915 52981
295 1 1 1078 14 116 21
296 1 5 1081 80 305 120
297 0 2 1085 1 9 1
298 1 3 1089 27 93 40
299 0 2 1093 4 32 6
300 0 4 1097 7 21 10
301 0 7 1101 3187 16076 4780
302 0 2 1105 1 10 1
303 1 6 1109 150 604 225
304 1 1 1113 44 390 66
305 0 1 1116 1 10 1
306 0 5 1119 2 7 3
307 1 3 1123 33356 401318 50034
308 1 1 1127 5 40 7
309 1 5 1130 61 227 91
310 1 1 1134 1 11 1
311 1 3 1137 179 732 268
312 1 2 1141 266 2592 399
313 0 6 1144 298 1269 447
314 1 2 1148 1 9 1
315 0 11 1152 2735 13658 4102
316 1 12 1156 1 3 1
317 1 7 1160 69 260 103
318 0 6 1164 543 2420 814
319 1 3 1168 1 5 1
320 0 13 1172 1 4 1
321 0 5 1176 1 3 1
322 1 9 1180 16 52 24
323 0 5 1184 1886 9186 2829
324 0 3 1188 1 4 1
325 1 19 1192 1 4 1
326 1 2 1197 15 125 22
327 1 2 1201 1636 17350 2454
328 0 22 1205 245 1027 367
329 0 6 1210 1 5 1
330 1 3 1214 18 59 27
331 1 2 1218 1 9 1
332 1 2 1222 17 143 25
333 1 5 1225 2 7 3
334 0 2 1229 178 1700 267
335 0 76 1233 1 4 1
336 1 13 1238 4 12 6
337 1 3 1242 254 1068 381
338 1 5 1246 1 6 1
339 1 3 1250 1 3 1
340 0 5 1254 594 2665 891
341 1 3 1258 1 4 1
342 1 1 1262 1 11 1
343 1 3 1264 32 112 48
344 1 5 1268 649 2931 973
345 1 2 1272 1 10 1
346 1 2 1275 14 116 21
347 1 1 1279 1 11 1
348 0 4 1282 4099 21018 6148
349 1 1 1286 265 2581 397
350 0 1 1289 3 25 4
351 0 2 1292 164031 2097101 246046
352 0 6 1296 1 5 1
353 1 12 1300 8598 46197 12897
354 0 1 1304 1 9 1
355 1 10 1307 38783 227728 58174
356 0 1 1311 65 590 97
357 0 3 1314 1 3 1
358 1 3 1318 1 9 1
359 0 1 1322 1 10 1
360 1 23 1325 42 151 63
361 1 5 1330 289 1228 433
362 0 4 1334 1 4 1
363 0 3 1338 1 5 1
364 0 3 1342 1 12 1
365 0 2 1346 21 179 31
366 0 5 1350 256 1077 384
367 1 28 1354 33 116 49
368 0 1 1359 16 134 24
369 1 21 1362 1 4 1
370 0 8 1367 1 4 1
371 1 2 1371 52 466 78
372 1 1 1375 67068 829077 100602
373 0 4 1378 63 235 94
374 0 1 1382 215 2073 322
375 0 2 1385 195438 2514828 293157
376 0 8 1389 21 70 31
377 0 1 1393 1 11 1
378 1 1 1396 1 11 1
379 1 4 1399 37 131 55
380 1 3 1403 4 12 6
381 0 5 1407 1 4 1
382 0 5 1411 1 4 1
383 1 9 1415 50 183 75
384 0 10 1419 1 3 1
385 0 14 1423 7 21 10
386 0 2 1427 156 1480 234
387 1 3 1431 1 10 1
388 0 1 1435 44 391 66
389 0 7 1438 77 293 115
390 0 1 1442 3717 40862 5575
391 0 1 1444 1 10 1
392 1 1 1447 7 56 10
393 0 4 1450 2 6 3
394 1 3 1454 159 1510 238
395 1 1 1458 7 56 10
396 1 6 1461 1 3 1
397 0 2 1465 10 81 15
398 1 2 1469 4 33 6
399 1 6 1473 2 7 3
400 1 3 1477 1 4 1
401 1 2 1481 6 48 9
402 1 3 1485 1 4 1
403 1 1 1489 4 33 6
404 1 5 1492 1 4 1
405 0 2 1496 1 9 1
406 1 2 1500 1978 21154 2967
407 1 2 1503 1 10 1
408 0 4 1506 36 128 54
409 1 2 1510 238 2307 357
410 1 20 1513 1 4 1
411 0 1 1518 1 10 1
412 1 1 1521 1 11 1
413 1 1 1524 27 233 40
414 1 6 1527 3 9 4
415 1 1 1531 53 475 79
416 1 2 1534 23562 279608 35343
417 1 4 1538 26 89 39
418 0 7 1542 5 15 7
419 1 4 1546 32 112 48
420 1 3 1550 1 10 1
421 0 1 1554 1 9 1
422 1 6 1557 1 4 1
423 1 5 1561 2 6 3
424 0 3 1565 2 17 3
425 1 1 1569 361 3570 541
426 0 2 1572 754 7719 1131
427 0 5 1576 1 3 1
428 0 6 1580 1 5 1
429 0 11 1584 1729 8371 2593
430 0 2 1588 2 17 3
431 0 11 1592 1834 8915 2751
432 1 1 1596 4 33 6
433 0 1 1599 1 10 1
434 0 2 1602 23 197 34
435 1 11 1605 206 852 309
436 0 1 1609 2 17 3
437 0 7 1612 10663 58052 15994
438 1 2 1616 15 125 22
439 1 5 1620 1 4 1
440 1 26 1624 791 3624 1186
441 0 13 1629 4 12 6
442 0 3 1633 799 3664 1198
443 1 1 1637 1 9 1
444 0 3 1640 1 5 1
445 0 3 1644 19 63 28
446 0 2 1648 1 12 1
447 0 5 1652 1 8 1
448 1 5 1656 340 1462 510
449 0 3 1660 270734 3525446 406101
450 1 2 1664 1 9 1
451 0 4 1668 68 256 102
452 1 3 1672 1 10 1
453 0 6 1676 7 21 10
454 1 1 1680 33 288 49
455 0 13 1683 70588 428480 105882
456 0 2 1687 38 335 57
457 1 2 1690 18 152 27
458 1 3 1694 1 4 1
459 0 2 1698 1820 19393 2730
460 0 3 1702 3608 18348 5412
461 1 2 1706 12 98 18
462 0 3 1710 34 120 51
463 1 2 1714 1 8 1
464 0 1 1718 1 12 1
465 0 6 1721 5 15 7
466 1 4 1725 1537 7382 2305
467 1 5 1729 1 6 1
468 1 1 1733 1 9 1
469 1 1 1736 3 25 4
470 1 2 1739 855 8804 1282
471 1 1 1743 4 33 6
472 1 3 1746 197 811 295
473 0 4 1750 13 41 19
474 0 4 1754 1 5 1
475 1 3 1758 516 5190 774
476 1 1 1762 91 840 136
477 0 2 1765 1 9 1
478 0 2 1769 106 986 159
479 0 11 1773 1 4 1
480 1 6 1777 10 31 15
481 1 2 1781 1 11 1
482 1 2 1785 1 11 1
483 1 3 1789 50 447 75
484 0 3 1793 8 64 12
485 0 2 1797 539 5432 808
486 0 3 1801 172972 2215752 259458
487 0 5 1805 2630 13099 3945
488 1 1 1809 10 81 15
489 0 2 1812 2 17 3
490 1 5 1815 98 381 147
491 0 2 1819 20014 235959 30021
492 0 3 1823 1 4 1
493 0 8 1827 2 7 3
494 0 7 1831 149 600 223
495 0 2 1835 588 5950 882
496 0 16 1839 2 6 3
497 1 3 1843 6301 33207 9451
498 1 2 1847 1 9 1
499 1 6 1851 58 215 87
500 1 1 1855 1 10 1
501 0 1 1858 110 1025 165
502 0 2 1861 1 11 1
503 0 4 1865 28 97 42
504 0 1 1869 1 9 1
505 0 17 1872 2 7 3
506 0 3 1877 7 21 10
507 1 30 1881 6 18 9
508 1 1 1886 1 9 1
509 0 3 1889 1707 8257 2560
510 0 7 1893 24421 139656 36631
511 0 1 1897 2116 22697 3174
512 1 14 1900 7 21 10
513 0 2 1904 2051 21970 3076
514 1 4 1908 36 128 54
515 1 15 1912 2 7 3
516 1 12 1916 2161 10623 3241
517 0 3 1920 3 10 4
518 1 8 1924 1 3 1
519 1 3 1928 56496 338774 84744
520 1 7 1932 1 4 1
521 1 5 1936 34 120 51
522 0 2 1940 2493 26935 3739
523 1 4 1944 1 4 1
524 0 2 1948 1 13 1
525 0 1 1952 272 2653 408
526 1 5 1955 1 3 1
527 1 4 1959 1 5 1
528 0 5 1963 341 1467 511
529 0 3 1967 1 9 1
530 1 5 1971 216 896 324
531 1 1 1975 2088 22384 3132
532 1 12 1978 11678 63930 17517
533 1 6 1982 15161 84308 22741
534 1 13 1986 1179 5558 1768
535 1 1 1990 55171 676913 82756
536 0 2 1993 1 11 1
537 0 3 1996 1 10 1
538 1 3 2000 7 21 10
539 0 1 2004 147 1391 220
540 1 5 2007 1 5 1
541 1 4 2011 6 18 9
542 0 7 2015 2 7 3
543 0 3 2019 13 41 19
544 1 4 2023 2 7 3
545 1 1 2027 1 9 1
546 0 16 2030 1 4 1
547 0 1 2034 1 11 1
548 1 1 2037 5 40 7
549 0 4 2040 643 2902 964
550 0 4 2044 1 3 1
551 0 2 2048 2 17 3
552 0 3 2052 1 4 1
553 1 1 2056 1 9 1
554 1 3 2059 2 7 3
555 0 8 2063 6 18 9
556 1 2 2067 1 11 1
557 1 1 2071 11 90 16
558 0 3 2074 5 15 7
559 0 2 2078 22 188 33
560 1 3 2081 4 33 6
561 0 6 2085 17 56 25
562 0 1 2089 3 25 4
563 1 3 2092 962 4471 1443
564 0 2 2096 1 9 1
565 1 4 2099 1 5 1
566 0 4 2103 17 55 25
567 0 3 2107 2 17 3
568 1 3 2111 1 3 1
569 0 3 2115 160 648 240
570 0 6 2119 45236 267924 67854
571 1 1 2123 146 1381 219
572 0 11 2125 1 3 1
573 1 1 2129 3 25 4
574 1 1 2132 3 25 4
575 1 13 2135 1 3 1
576 1 3 2139 1 9 1
577 1 2 2143 2066 22138 3099
578 1 1 2147 32 279 48
579 0 8 2150 1 4 1
580 1 14 2154 10 31 15
581 1 6 2158 105 410 157
582 1 7 2162 1 5 1
583 1 2 2166 1 9 1
584 1 7 2169 1 3 1
585 1 3 2173 1 3 1
586 1 3 2177 4367 48340 6550
587 0 2 2181 1 12 1
588 1 1 2185 9 73 13
589 0 2 2188 22 188 33
590 1 15 2191 33 116 49
591 1 7 2195 454 1997 681
592 0 4 2199 111 436 166
593 1 2 2203 1 10 1
594 1 1 2207 3 25 4
595 0 3 2210 1 9 1
596 0 1 2214 123 1153 184
597 0 8 2217 11426 62468 17139
598 1 1 2221 1 11 1
599 0 9 2224 66 247 99
600 0 4 2228 1 4 1
601 1 3 2232 5 15 7
602 0 3 2236 5 40 7
603 0 3 2240 54904 328707 82356
604 1 32 2244 3 9 4
605 1 1 2249 3 25 4
606 0 1 2252 20 170 30
607 1 5 2255 2 6 3
608 1 11 2259 3 10 4
609 0 4 2263 1 4 1
610 1 1 2267 2 17 3
611 0 3 2270 18 59 27
612 0 1 2274 8 64 12
613 1 2 2277 9 73 13
614 1 4 2281 14 45 21
615 1 2 2285 58 523 87
616 1 1 2289 283 2766 424
617 1 6 2292 44 159 66
618 0 2 2296 2 17 3
619 0 6 2299 1 4 1
620 1 1 2303 10 81 15
621 1 2 2306 14 116 21
622 0 3 2309 1 12 1
623 0 5 2313 1 4 1
624 1 5 2317 116 457 174
625 1 2 2321 2 17 3
626 0 3 2325 1 9 1
627 0 1 2329 33 288 49
628 1 2 2332 96540 1210036 144810
629 1 3 2336 1 10 1
630 0 2 2340 46 410 69
631 0 20 2344 1 3 1
632 0 1 2349 4 33 6
633 1 1 2352 1 11 1
634 0 2 2355 2 17 3
635 1 2 2359 1050 10915 1575
636 0 8 2363 10 31 15
637 1 4 2367 20 66 30
638 0 2 2371 39 344 58
639 1 1 2375 195 1871 292
640 0 3 2378 1 5 1
641 0 2 2382 1 15 1
642 0 7 2385 1 4 1
643 1 2 2389 125 1173 187
644 0 6 2393 46 167 69
645 1 2 2397 20 170 30
646 0 5 2401 9 27 13
647 1 2 2405 3220 35179 4830
648 0 8 2409 1 5 1
649 0 6 2413 3 9 4
650 0 4 2417 1 4 1
651 0 25 2421 1 3 1
652 1 4 2426 16 52 24
653 1 1 2430 353 3487 529
654 1 2 2433 32 279 48
655 1 2 2437 1 9 1
656 0 3 2441 1 3 1
657 0 1 2445 279 2725 418
658 0 1 2448 66 599 99
659 0 7 2451 1 4 1
660 0 1 2455 11 90 16
661 0 3 2458 3 10 4
662 1 3 2462 48636 289229 72954
663 0 2 2466 315 3095 472
664 1 6 2470 5 15 7
665 1 2 2474 1 9 1
666 0 2 2478 352 3477 528
667 0 4 2482 528 2348 792
668 1 3 2486 41 147 61
669 0 3 2490 170 1620 255
670 0 3 2494 1 4 1
671 1 5 2498 1 5 1
672 0 2 2502 373 3694 559
673 1 5 2505 9208 49683 13812
674 0 2 2509 5 40 7
675 1 2 2513 2 17 3
676 0 1 2516 279 2725 418
677 1 1 2518 73 666 109
678 0 1 2521 74 676 111
679 1 1 2524 532 5358 798
680 0 2 2527 6 48 9
681 1 2 2531 45 400 67
682 0 2 2535 2 17 3
683 1 2 2539 249 2418 373
684 1 4 2543 396 1724 594
685 0 3 2547 1 4 1
686 0 52 2551 3 10 4
687 1 7 2556 52 191 78
688 0 11 2560 22 74 33
689 1 16 2564 1 3 1
690 1 3 2568 1174 5533 1761
691 1 1 2572 1 9 1
692 1 5 2575 9 27 13
693 0 3 2579 3 9 4
694 1 15 2583 3165 15958 4747
695 0 2 2587 138 1302 207
696 0 1 2591 1 10 1
697 0 13 2594 241 1009 361
698 1 11 2598 2 7 3
699 0 14 2602 5 15 7
700 1 5 2606 574 2569 861
701 0 8 2610 4 12 6
702 1 3 2614 6 18 9
703 1 4 2618 47 171 70
704 0 1 2622 1 9 1
705 0 1 2625 361 3570 541
706 0 3 2628 1232 5827 1848
707 1 1 2632 1 11 1
708 1 8 2635 13409 74020 20113
709 0 6 2639 1 5 1
710 0 6 2643 1 6 1
711 0 5 2647 3 9 4
712 1 20 2651 343 1476 514
713 0 3 2656 1 3 1
714 0 5 2660 1 3 1
715 1 3 2664 1 9 1
716 1 4 2668 2 7 3
717 1 1 2672 1 10 1
718 1 6 2675 1 4 1
719 1 1 2679 1 9 1
720 0 1 2682 51 457 76
721 1 1 2684 1 10 1
722 0 6 2687 1 4 1
723 0 1 2691 42 372 63
724 0 3 2693 7 21 10
725 1 1 2697 883 9106 1324
726 0 23 2700 22807 129910 34210
727 0 2 2705 14857 173066 22285
728 1 3 2708 1 5 1
729 1 4 2712 1 4 1
730 1 2 2716 3680 40438 5520
731 1 11 2719 5 15 7
732 0 5 2723 6 18 9
733 0 1 2727 1 11 1
734 0 2 2730 101 938 151
735 1 2 2734 2 17 3
736 1 12 2738 186 763 279
737 1 5 2742 47 171 70
738 0 4 2746 66 247 99
739 0 13 2750 1 5 1
740 0 4 2754 22664 129048 33996
741 1 2 2758 994 10307 1491
742 1 2 2761 4 33 6
743 0 9 2765 1 3 1
744 1 2 2769 4 33 6
745 1 1 2773 322 3167 483
746 0 6 2776 196 807 294
747 0 3 2780 16 52 24
748 1 6 2784 1 4 1
749 1 7 2788 1 3 1
750 1 2 2792 1 11 1
751 0 3 2796 29 100 43
752 0 2 2800 23 197 34
753 1 1 2804 26 224 39
754 1 2 2807 6328 71158 9492
755 1 1 2811 1 9 1
756 1 2 2814 196 1881 294
757 0 6 2817 4 12 6
758 0 4 2821 1 4 1
759 0 11 2825 25 85 37
760 0 2 2829 83 763 124
761 0 1 2833 1 10 1
762 0 2 2835 1 10 1
763 0 2 2839 9 73 13
764 0 4 2842 1 5 1
765 0 2 2846 2504 27059 3756
766 0 7 2850 752 3433 1128
767 1 1 2854 64 580 96
768 0 7 2857 2 6 3
769 0 3 2861 2 6 3
770 0 3 2865 1 3 1
771 0 2 2869 1 10 1
772 1 8 2873 1 4 1
773 0 7 2877 680 3082 1020
774 1 1 2881 1 9 1
775 1 9 2884 830 3816 1245
776 1 1 2888 1 12 1
777 0 13 2891 2 7 3
778 0 3 2895 3 9 4
779 0 7 2899 31 108 46
780 1 10 2903 1 4 1
781 1 1 2907 1 10 1
782 1 2 2910 469 4696 703
783 1 1 2914 1 8 1
784 1 2 2917 2 17 3
785 1 1 2921 578 5845 867
786 0 1 2924 1 9 1
787 0 2 2927 574 5802 861
788 1 4 2931 6 18 9
789 0 7 2935 1 6 1
790 1 2 2939 5 40 7
791 0 1 2942 1 9 1
792 0 4 2945 1 4 1
793 1 3 2949 612 2752 918
794 1 1 2953 1 12 1
795 1 4 2956 5 15 7
796 1 8 2960 49 179 73
797 1 2 2964 1 9 1
798 0 2 2968 2 17 3
799 0 3 2972 162 657 243
800 0 2 2976 4187 46264 6280
801 1 8 2979 92 356 138
802 1 3 2983 1 4 1
803 0 4 2987 27 93 40
804 0 4 2991 12217 67063 18325
805 1 1 2995 1 9 1
806 1 2 2998 3 25 4
807 0 1 3002 305 2991 457
808 0 2 3005 11 90 16
809 1 1 3009 6 48 9
810 1 3 3012 1 4 1
811 1 3 3016 58349 350508 87523
812 1 6 3020 750 3424 1125
813 0 2 3024 1447 15261 2170
814 1 88 3028 11 34 16
815 1 1 3033 13 107 19
816 0 1 3036 2 17 3
817 0 2 3039 326 3208 489
818 1 1 3042 259828 3378376 389742
819 1 7 3045 62 231 93
820 0 3 3049 83 763 124
821 1 1 3053 4 33 6
822 1 4 3056 7483 39862 11224
823 1 3 3060 1 5 1
824 1 13 3064 1 4 1
825 0 9 3068 1087 5096 1630
826 1 8 3072 4 12 6
827 1 4 3076 1 3 1
828 0 2 3080 7 56 10
829 1 1 3084 13 107 19
830 1 2 3087 31 270 46
831 0 9 3091 1 5 1
832 1 5 3095 36 127 54
833 1 1 3099 1347 14160 2020
834 0 2 3102 17 143 25
835 0 7 3105 50 183 75
836 0 1 3109 1 10 1
837 0 1 3112 1 9 1
838 0 2 3115 89 821 133
839 0 14 3118 36 127 54
840 1 11 3122 1 3 1
841 0 1 3126 47 419 70
842 1 2 3128 1 9 1
843 0 2 3132 1 9 1
844 0 3 3136 156 630 234
845 1 14 3140 11 34 16
846 0 2 3144 1 11 1
847 0 2 3147 198 1901 297
848 1 2 3150 134 1262 201
849 1 1 3153 7 56 10
850 1 53 3156 3 9 4
851 1 14 3161 305471 2002434 458206
852 1 3 3165 75 285 112
853 1 4 3169 5 15 7
854 0 2 3173 1 10 1
855 1 2 3177 18 152 27
856 0 4 3181 1 3 1
857 0 19 3185 2 6 3
858 0 1 3190 1 10 1
859 1 2 3193 3 25 4
860 1 2 3196 176 1680 264
861 1 1 3200 1 11 1
862 0 3 3203 9 27 13
863 1 1 3207 237 2296 355
864 1 4 3210 1 6 1
865 0 1 3214 8136 92457 12204
866 1 2 3217 681 6939 1021
867 1 5 3221 158 639 237
868 1 5 3225 1 5 1
869 0 1 3229 1 9 1
870 0 2 3232 1 9 1
871 0 10 3235 24 82 36
872 1 1 3239 1 9 1
873 1 4 3242 1 3 1
874 0 2 3246 1 9 1
875 0 22 3250 7 21 10
876 1 9 3255 1 5 1
877 0 24 3259 2856 14303 4284
878 0 2 3264 4 32 6
879 0 2 3267 13 108 19
880 0 5 3271 2463 12214 3694
881 1 2 3275 24 206 36
882 0 18 3279 4 13 6
883 1 4 3284 7 21 10
884 0 1 3288 1 9 1
885 0 3 3291 1 5 1
886 1 3 3295 40 143 60
887 0 1 3299 1 9 1
888 0 5 3302 1 4 1
889 1 2 3306 1473 15548 2209
890 0 2 3309 1 9 1
891 1 4 3313 1 4 1
892 1 2 3317 13 107 19
893 0 3 3321 1 5 1
894 0 4 3325 1 5 1
895 1 3 3329 25 85 37
896 0 7 3333 1462 6997 2193
897 1 1 3337 277 2704 415
898 1 1 3340 1 10 1
899 1 5 3343 10 31 15
900 1 5 3347 199 820 298
901 1 7 3351 1 4 1
902 0 9 3355 3254 16436 4881
903 0 10 3359 6 18 9
904 1 4 3363 23 78 34
905 1 7 3367 43 155 64
906 0 5 3371 27 93 40
907 1 5 3375 6 18 9
908 1 2 3379 3 25 4
909 1 6 3383 32 112 48
910 0 7 3387 1 5 1
911 1 2 3391 7 56 10
912 1 3 3395 2 17 3
913 1 1 3399 2 17 3
914 1 2 3402 503 5053 754
915 0 2 3406 4 33 6
916 0 5 3410 113 444 169
917 1 4 3414 20 67 30
918 1 1 3418 1 9 1
919 0 3 3421 206 852 309
920 0 3 3425 745 3399 1117
921 0 4 3429 1 4 1
922 1 1 3433 1 10 1
923 0 5 3435 1 6 1
924 0 13 3439 25 85 37
925 1 16 3443 4500 23213 6750
926 1 1 3448 1045 10860 1567
927 1 5 3451 42 151 63
928 1 1 3455 2240 24088 3360
929 0 2 3458 27 233 40
930 0 3 3461 160 1520 240
931 0 4 3465 1 3 1
932 0 1 3469 1 9 1
933 0 1 3472 11 90 16
934 0 2 3475 7 56 10
935 1 2 3479 2 17 3
936 1 4 3483 1 3 1
937 0 14 3487 3 9 4
938 1 1 3491 47 419 70
939 0 1 3494 1 10 1
940 1 3 3496 9 27 13
941 1 1 3500 3 25 4
942 1 1 3503 3 25 4
943 0 2 3506 2 17 3
944 0 26 3510 2 7 3
945 0 6 3515 3 9 4
946 0 7 3519 2 6 3
947 0 5 3523 12 38 18
948 0 6 3527 1 3 1
949 0 2 3531 12 99 18
950 1 1 3535 1 11 1
951 0 6 3537 6 18 9
952 1 1 3541 31 270 46
953 1 1 3544 1 8 1
954 1 2 3547 163 1550 244
955 1 3 3550 1 5 1
956 1 1 3554 199 1911 298
957 1 3 3557 1 4 1
958 0 1 3561 1 10 1
959 1 1 3564 39 344 58
960 0 10 3566 1 5 1
961 1 2 3570 1 8 1
962 1 2 3574 1 10 1
963 1 6 3578 1 5 1
964 1 6 3582 1 4 1
965 0 3 3586 4 33 6
966 1 1 3590 1 9 1
967 1 1 3593 3197 34917 4795
968 1 4 3596 1 4 1
969 1 2 3600 2 17 3
970 1 1 3604 1 9 1
971 0 2 3607 1 9 1
