0 0 16 5 2 6 3
1 0 4 15 5 15 7
2 0 2 23 5950 66734 8925
3 0 4 29 1 4 1
4 1 1 37 165 1570 247
5 0 9 42 54515 326250 81772
6 0 2 51 8 64 12
7 0 2 58 55 494 82
8 1 11 65 5 15 7
9 0 1 75 222 2144 333
10 0 3 80 1 8 1
11 1 1 87 1 12 1
12 1 3 91 1 3 1
13 0 1 98 2 17 3
14 1 3 102 6 18 9
15 0 4 109 396 1723 594
16 0 18 117 1 4 1
17 1 1 127 325 3198 487
18 1 8 132 10657 58018 15985
19 0 5 141 14687 81517 22030
20 1 3 149 1 4 1
21 0 1 156 3910 43077 5865
22 1 5 161 2 7 3
23 1 2 169 816 8385 1224
24 0 2 175 1 9 1
25 0 2 182 1 9 1
26 1 4 189 6 18 9
27 0 2 197 1 9 1
28 0 4 204 1 6 1
29 0 1 212 3 25 4
30 0 5 217 4 12 6
31 0 6 225 54 199 81
32 0 1 234 2055 22014 3082
33 0 2 237 4 33 6
34 1 3 243 20 67 30
35 1 12 250 2785 13924 4177
36 0 4 260 63 235 94
37 1 3 268 54 199 81
38 0 4 275 1 5 1
39 0 1 283 4 33 6
40 0 7 287 3734 19031 5601
41 1 1 296 51 456 76
42 1 1 300 3 25 4
43 0 3 305 1 4 1
44 0 2 312 1 8 1
45 0 1 319 696 7099 1044
46 1 1 325 84 772 126
47 1 1 330 379 3757 568
48 1 1 336 1 8 1
49 1 10 341 1 3 1
50 1 5 351 1 4 1
51 1 3 360 5573 29143 8359
52 0 2 367 2 17 3
53 0 2 373 49 437 73
54 1 3 380 691 3135 1036
55 0 7 387 7 21 10
56 0 4 396 8581 46100 12871
57 1 1 404 22 188 33
58 1 2 409 101 938 151
59 1 1 415 1612 17083 2418
60 0 8 420 6 18 9
61 1 75 429 3543 17996 5314
62 0 6 441 2 7 3
63 0 7 450 1 4 1
64 1 1 459 1 9 1
65 0 1 464 72 657 108
66 1 4 468 4 12 6
67 1 2 476 95 879 142
68 0 5 482 40 143 60
69 1 1 490 1 10 1
70 0 1 495 1 11 1
71 1 3 500 1 9 1
72 0 2 507 119 1114 178
73 0 3 513 25 215 37
74 0 8 520 187 767 280
75 1 38 529 189 776 283
76 0 2 540 1 11 1
77 0 1 547 43 381 64
78 1 9 553 3551 18039 5326
79 1 1 562 2179 23403 3268
80 0 1 567 1 10 1
81 0 2 570 176 1680 264
82 1 3 576 8 24 12
83 0 1 583 1 9 1
84 1 4 589 106 415 159
85 1 8 597 1 3 1
86 0 7 606 8 24 12
87 0 2 615 21 179 31
88 1 3 621 316 1352 474
89 1 1 629 2 17 3
90 1 2 633 1 9 1
91 0 6 640 2 7 3
92 1 4 649 46 167 69
93 1 3 657 68 256 102
94 1 1 665 153 1450 229
95 1 2 670 28 242 42
96 1 2 676 1 10 1
97 1 2 682 474 4748 711
98 0 8 688 6 18 9
99 1 1 697 1 9 1
100 0 5 701 18 59 27
101 0 2 709 4 33 6
102 0 2 716 220 2123 330
103 1 2 723 1 10 1
104 1 5 730 2 6 3
105 1 2 738 1 8 1
106 1 30 745 1202 5675 1803
107 0 5 756 1 3 1
108 0 3 764 1 11 1
109 1 15 771 23 78 34
110 0 1 781 41 363 61
111 0 5 786 3456 17526 5184
112 0 3 794 22 188 33
113 0 1 801 322 3166 483
114 1 1 804 105 976 157
115 0 4 809 1 4 1
116 1 8 817 5 15 7
117 1 5 826 3 10 4
118 1 1 834 2 17 3
119 1 1 840 8 64 12
120 0 1 845 15 125 22
121 0 2 850 1 11 1
122 0 5 856 32 112 48
123 0 2 864 108 1006 162
124 0 3 870 1 5 1
125 1 13 877 1 4 1
126 0 1 887 11 90 16
127 0 6 892 1424 6803 2136
128 1 2 901 164 1560 246
129 1 5 907 1 3 1
130 1 6 915 2 7 3
131 1 8 924 2 7 3
132 0 1 933 20 170 30
133 0 22 936 2 6 3
134 1 1 947 74 676 111
135 0 4 953 30 104 45
136 0 4 961 63 235 94
137 1 3 969 10 81 15
138 1 2 976 2302 24784 3453
139 0 1 983 1 9 1
140 1 2 989 6 48 9
141 1 1 996 14 116 21
142 1 10 1001 15 48 22
143 1 14 1011 1 4 1
144 1 2 1021 137 1291 205
145 0 6 1027 212 878 318
146 1 4 1036 1094 5131 1641
147 1 19 1044 1 4 1
148 0 1 1055 1 9 1
149 1 11 1059 5 15 7
150 0 23 1069 16 52 24
151 0 3 1080 192 1841 288
152 1 3 1087 1 11 1
153 0 5 1094 3391 17175 5086
154 1 2 1102 1 11 1
155 1 1 1108 212 2043 318
156 0 4 1113 19 63 28
157 1 3 1121 3 9 4
158 1 1 1128 1 10 1
159 1 8 1133 3 10 4
160 1 3 1142 39 344 58
161 0 1 1149 1601 16962 2401
162 1 2 1154 688 7014 1032
163 1 14 1160 6 18 9
164 0 1 1170 4035 44514 6052
165 1 5 1175 5 15 7
166 1 8 1183 26 89 39
167 1 6 1192 290 1232 435
168 0 1 1201 303 2971 454
169 1 8 1206 1 4 1
170 0 1 1215 467 4675 700
171 0 2 1220 358 3539 537
172 0 1 1226 933 9646 1399
173 1 2 1230 378 3746 567
174 1 1 1237 1 10 1
175 0 1 1241 1 9 1
176 0 2 1246 42 372 63
177 0 4 1252 2 7 3
178 1 3 1260 1 4 1
179 1 1 1268 1 9 1
180 1 2 1271 1 9 1
181 0 9 1278 49 179 73
182 0 2 1287 24 206 36
183 0 1 1293 36 316 54
184 0 2 1299 1 9 1
185 1 4 1305 1 4 1
186 0 9 1313 6423 33890 9634
187 0 1 1322 200 1921 300
188 1 10 1326 59 219 88
189 1 3 1336 332 1425 498
190 1 2 1343 6 48 9
191 1 1 1349 2 17 3
192 1 2 1352 3 25 4
193 0 1 1359 1 11 1
194 1 3 1364 2895 14511 4342
195 0 2 1372 2 17 3
196 0 29 1379 2 7 3
197 0 4 1390 3942 20162 5913
198 1 4 1398 6 18 9
199 0 2 1406 14 116 21
200 0 1 1413 1 10 1
201 0 7 1418 104 406 156
202 1 6 1427 1 4 1
203 1 3 1436 1 4 1
204 1 2 1443 23 197 34
205 0 1 1450 175 1670 262
206 1 1 1456 162 1540 243
207 0 3 1461 6 18 9
208 0 1 1468 172 1640 258
209 0 3 1474 1 4 1
210 1 2 1481 6 48 9
211 1 1 1488 5 41 7
212 0 2 1493 126 1183 189
213 1 5 1499 358 1546 537
214 0 2 1507 7 56 10
215 1 2 1513 28 243 42
216 1 2 1519 705 7195 1057
217 1 2 1525 18 152 27
218 0 6 1531 1 4 1
219 0 4 1540 1 3 1
220 1 1 1548 1 9 1
221 0 6 1553 4 12 6
222 0 5 1562 1 5 1
223 1 4 1570 215 892 322
224 1 8 1578 3 9 4
225 1 2 1587 1231 12889 1846
226 1 1 1593 1 10 1
227 1 7 1597 5 15 7
228 1 1 1606 1 9 1
229 1 1 1612 1 12 1
230 0 6 1617 87 334 130
231 1 5 1626 38 135 57
232 0 2 1634 117 1094 175
233 0 1 1640 57 513 85
234 0 2 1642 37 326 55
235 0 2 1648 10 81 15
236 1 7 1655 54 199 81
237 0 9 1664 47 171 70
238 1 2 1673 20 170 30
239 0 1 1679 1 11 1
240 1 3 1684 1 4 1
241 1 24 1692 25 85 37
242 1 2 1703 1363 14337 2044
243 0 22 1709 6 18 9
244 0 3 1720 1 3 1
245 1 4 1727 1 4 1
246 1 1 1735 76 695 114
247 0 3 1741 1 3 1
248 0 3 1749 90 347 135
249 1 2 1757 6870 77520 10305
250 0 4 1763 1 5 1
251 1 1 1771 1 9 1
252 1 8 1774 7 21 10
253 0 8 1783 25 85 37
254 0 6 1792 4 12 6
255 0 2 1801 7 56 10
256 1 5 1807 107 419 160
257 1 4 1815 41102 242135 61653
258 0 2 1823 1 10 1
259 0 1 1829 1 10 1
260 0 31 1834 16 52 24
261 0 4 1845 214 887 321
262 0 1 1853 1 9 1
263 0 3 1857 1 4 1
264 1 2 1864 1 11 1
265 0 6 1870 1 4 1
266 0 5 1879 1 4 1
267 1 16 1887 2 6 3
268 1 2 1897 12 99 18
269 1 1 1903 1 9 1
270 0 3 1909 21555 122375 32332
271 0 1 1916 25 215 37
272 0 1 1919 47 419 70
273 1 2 1924 2 17 3
274 1 1 1931 1 11 1
275 1 1 1937 4 33 6
276 1 7 1941 2 7 3
277 0 4 1950 7 21 10
278 1 9 1958 1 3 1
279 1 1 1967 253 2459 379
280 1 1 1972 1 11 1
281 1 13 1975 1 5 1
282 1 13 1985 19 63 28
283 0 4 1995 1 3 1
284 0 4 2003 61705 371811 92557
285 1 2 2011 20 170 30
286 0 3 2018 2 6 3
287 0 1 2026 2 17 3
288 1 22 2031 164 666 246
289 0 7 2042 63 235 94
290 0 8 2051 15 49 22
291 0 3 2060 1 4 1
292 0 1 2067 108 1006 162
293 1 1 2071 1 11 1
294 0 3 2075 82 314 123
295 1 4 2082 1 4 1
296 1 40 2090 181 741 271
297 1 8 2102 386 1677 579
298 0 1 2111 8 64 12
299 1 2 2116 4794 53279 7191
300 0 1 2122 3 25 4
301 1 2 2127 17 143 25
302 1 1 2133 1 10 1
303 0 2 2136 19 161 28
304 1 1 2143 190 1821 285
305 0 1 2148 4 33 6
306 0 2 2153 2 17 3
307 0 6 2160 1 4 1
308 1 9 2169 3 10 4
309 0 2 2178 1 9 1
310 1 1 2185 2 17 3
311 1 1 2189 3 25 4
312 0 1 2191 134 1262 201
313 1 1 2196 46 410 69
314 0 1 2201 67 608 100
315 1 3 2206 3890 19879 5835
316 1 4 2213 2 7 3
317 0 6 2221 2 7 3
318 0 11 2230 682850 4658121 1024275
319 0 9 2240 7 21 10
320 1 1 2249 1 9 1
321 0 6 2254 95 368 142
322 1 2 2263 18 152 27
323 0 2 2270 5 41 7
324 1 5 2276 14 45 21
325 0 3 2284 3 10 4
326 0 9 2292 1 4 1
327 1 12 2301 151 608 226
328 1 9 2311 1 3 1
329 0 1 2320 527 5306 790
330 0 3 2325 98 908 147
331 0 1 2332 1 9 1
332 0 1 2335 36816 444665 55224
333 0 1 2338 2 17 3
334 0 38 2341 290 1232 435
335 0 3 2352 2 6 3
336 1 2 2359 1 10 1
337 0 2 2366 9 73 13
338 0 5 2372 1 3 1
339 0 4 2380 7 21 10
340 1 2 2388 1044 10849 1566
341 1 1 2395 6 48 9
342 1 5 2400 1 4 1
343 1 6 2408 1301 6176 1951
344 1 4 2417 3 9 4
345 1 4 2425 40 143 60
346 1 9 2433 1 4 1
347 1 4 2442 23 78 34
348 1 2 2450 41 363 61
349 1 9 2457 281 1191 421
350 1 2 2466 6 48 9
351 1 3 2472 4609 51137 6913
352 1 1 2479 4 33 6
353 1 10 2482 533 2372 799
354 0 1 2492 1025 10643 1537
355 1 7 2497 1 3 1
356 0 5 2506 1 4 1
357 1 3 2514 1 5 1
358 1 22 2521 1 6 1
359 1 3 2532 23 78 34
360 1 1 2539 2 17 3
361 1 34 2544 1 4 1
362 0 5 2555 26 89 39
363 0 1 2563 2 17 3
364 1 20 2568 1 5 1
365 0 1 2579 19 161 28
366 1 4 2582 1 3 1
367 1 4 2590 23 78 34
368 1 1 2598 3 25 4
369 0 2 2601 1 10 1
370 0 2 2607 3 25 4
371 0 11 2613 3 10 4
372 0 2 2623 101 937 151
373 1 3 2629 1 9 1
374 1 6 2636 1 5 1
375 1 9 2645 2 6 3
376 0 1 2654 367 3632 550
377 1 2 2659 1 9 1
378 0 2 2665 1 10 1
379 0 8 2672 7 21 10
380 1 13 2681 17 56 25
381 0 1 2691 5 40 7
382 1 2 2695 1 11 1
383 0 5 2702 81 310 121
384 1 2 2710 50 447 75
385 0 7 2716 15 48 22
386 1 8 2725 8 24 12
387 0 13 2734 2089 10245 3133
388 0 2 2744 250 2429 375
389 1 1 2751 1 11 1
390 1 2 2752 1 8 1
391 1 2 2758 52 466 78
392 0 3 2764 848 8729 1272
393 0 1 2771 1 9 1
394 0 8 2777 1 3 1
395 1 1 2786 4 33 6
396 0 7 2791 7480 39845 11220
397 0 2 2800 881 9085 1321
398 1 1 2807 2 17 3
399 0 3 2811 20 67 30
400 1 4 2819 27 93 40
401 0 8 2827 14 45 21
402 0 17 2836 1 5 1
403 1 12 2846 1 3 1
404 0 5 2856 331 1421 496
405 1 11 2864 1 3 1
406 0 11 2874 1 4 1
407 1 5 2884 1 3 1
408 1 1 2892 79 724 118
409 1 2 2897 454 4539 681
410 1 2 2903 1959 20942 2938
411 1 2 2910 8 64 12
412 1 7 2916 2495 12383 3742
413 1 7 2925 109 427 163
414 0 2 2934 86 791 129
415 0 3 2941 330 1416 495
416 1 6 2948 724 3296 1086
417 0 2 2957 5 40 7
418 0 1 2963 2 17 3
419 1 5 2967 31 108 46
420 1 1 2975 1 9 1
421 0 11 2981 1 4 1
422 1 6 2991 4 12 6
423 0 1 3000 1 9 1
424 1 4 3006 1 3 1
425 1 1 3014 114 1065 171
426 0 1 3020 1 9 1
427 0 1 3025 1 12 1
428 1 28 3029 14 45 21
429 0 1 3040 1 9 1
430 1 2 3044 129 1212 193
431 0 101 3050 41 147 61
432 1 2 3063 1 9 1
433 0 6 3069 8 24 12
434 1 2 3078 6 48 9
435 0 3 3084 1 4 1
436 0 1 3091 1 9 1
437 1 4 3096 69 260 103
438 0 8 3104 8 24 12
439 1 3 3113 1 11 1
440 1 19 3120 105 411 157
441 1 3 3131 72 272 108
442 0 12 3138 1 4 1
443 1 8 3148 3 9 4
444 0 13 3157 12 38 18
445 1 17 3167 1 3 1
446 0 1 3177 149 1411 223
447 0 7 3182 1 3 1
448 0 1 3191 5 40 7
449 1 3 3196 7 21 10
450 1 1 3203 673 6854 1009
451 0 42 3207 16 52 24
452 1 4 3219 29 101 43
453 1 2 3227 2 17 3
454 0 5 3233 2759 13785 4138
455 0 1 3241 1 10 1
456 1 9 3245 1 4 1
457 0 2 3254 1 11 1
458 1 2 3261 2 17 3
459 0 1 3267 3 25 4
460 0 1 3272 1 9 1
461 1 1 3277 425 4235 637
462 0 3 3282 40 143 60
463 0 1 3289 10 81 15
464 1 3 3295 531 2363 796
465 0 1 3303 1 11 1
466 1 2 3308 32 279 48
467 1 24 3314 740 3374 1110
468 1 1 3325 1 11 1
469 0 4 3331 39 139 58
470 1 3 3339 7 21 10
471 1 4 3347 92 355 138
472 0 3 3355 468 2063 702
473 0 3 3363 15 125 22
474 0 3 3370 1 6 1
475 0 6 3378 16 52 24
476 1 1 3387 29 252 43
477 0 8 3393 3 9 4
478 1 5 3402 1 5 1
479 1 3 3410 24 206 36
480 0 10 3417 4 12 6
481 1 2 3427 570 5760 855
482 0 3 3433 1 5 1
483 0 8 3441 245 1027 367
484 1 6 3450 3313 16754 4969
485 0 9 3459 391 1700 586
486 0 1 3468 246 2387 369
487 0 5 3473 56 207 84
488 0 4 3482 1 4 1
489 1 3 3490 117763 734797 176644
490 0 2 3497 10 81 15
491 1 5 3503 6 18 9
492 1 6 3511 24 82 36
493 0 3 3520 1 4 1
494 0 1 3527 653 6641 979
495 0 4 3531 1 4 1
496 0 2 3539 1 9 1
497 0 15 3545 4434 22851 6651
498 1 1 3555 1 9 1
499 1 4 3558 157 635 235
500 0 5 3566 803 3684 1204
501 1 2 3574 1 10 1
502 1 1 3581 10 81 15
503 0 2 3585 6 48 9
504 0 15 3591 1 4 1
505 0 1 3601 1 10 1
506 0 1 3606 26 224 39
