0 0 7 5 18 59 27
1 0 12 22 5 15 7
2 0 1 40 406 4037 609
3 0 5 51 1225 5791 1837
4 1 1 67 20 170 30
5 1 1 78 429462 5686100 644193
6 0 5 91 29 100 43
7 0 1 107 1 9 1
8 1 2 117 9 72 13
9 0 2 131 127 1192 190
10 1 3 145 2 17 3
11 0 2 160 7 56 10
12 0 2 175 1 9 1
13 1 9 189 1 5 1
14 1 3 206 10 81 15
15 1 1 221 2508 27104 3762
16 1 1 232 6676 75240 10014
17 0 9 243 6 18 9
18 1 25 260 20 67 30
19 1 3 279 1 3 1
20 1 4 294 841 3871 1261
21 1 5 310 2 6 3
22 1 3 326 5 40 7
23 0 1 341 94 869 141
24 1 2 354 1 9 1
25 0 3 368 1 4 1
26 0 2 383 2 17 3
27 0 11 397 1 4 1
28 1 1 414 242 2347 363
29 1 3 427 116 457 174
30 1 3 443 1 3 1
31 1 1 458 86 791 129
32 1 5 469 2 7 3
33 0 5 485 10 31 15
34 0 3 501 5 15 7
35 0 6 516 28 97 42
36 0 1 533 3635 39922 5452
37 1 2 546 180 1720 270
38 0 6 560 10988 59931 16482
39 0 2 577 1 9 1
40 0 18 590 155 626 232
41 1 2 608 6 48 9
42 0 4 623 62 231 93
43 0 1 639 1 9 1
44 1 1 649 121791 1539919 182686
45 0 5 658 2 6 3
46 1 2 674 3 25 4
47 0 2 688 39 344 58
48 1 2 702 1 10 1
49 0 3 716 1 3 1
50 0 9 731 1 5 1
51 1 28 748 52 191 78
52 1 1 767 1 9 1
53 0 3 778 3 10 4
54 0 2 793 187 1791 280
55 0 7 807 171 696 256
56 1 2 824 11802 136193 17703
57 1 3 838 103 402 154
58 0 5 853 3 9 4
59 0 1 869 28 242 42
60 0 2 881 1 11 1
61 1 1 895 1 9 1
62 1 7 905 44906 265861 67359
63 0 1 922 26800 319666 40200
64 0 6 933 1106 5191 1659
65 1 4 949 1 3 1
66 0 2 965 5 40 7
67 1 28 979 3244 16383 4866
68 0 5 998 14 45 21
69 0 2 1014 1 10 1
70 0 10 1029 6 18 9
71 1 4 1046 4 12 6
72 1 1 1062 13 107 19
73 1 2 1075 2 17 3
74 1 2 1089 1 10 1
75 1 2 1103 1 10 1
76 0 5 1118 31 108 46
77 1 1 1134 3 25 4
78 1 4 1146 67 252 100
79 1 3 1162 21 70 31
80 0 2 1177 24 206 36
81 1 3 1192 126 1183 189
82 1 1 1207 1 10 1
83 1 4 1220 1 3 1
84 0 3 1236 681 3087 1021
85 0 1 1251 10 81 15
86 1 2 1264 1 11 1
87 0 8 1279 7 21 10
88 1 16 1296 15 48 22
89 1 9 1314 1 3 1
90 0 4 1331 1 3 1
91 1 19 1347 30203 174847 45304
92 1 2 1365 6 48 9
93 1 14 1379 329 1412 493
94 1 1 1397 55 494 82
95 1 11 1406 146 587 219
96 1 4 1424 3 9 4
97 1 4 1440 43 155 64
98 0 39 1456 4 12 6
99 1 5 1475 1 4 1
100 0 1 1491 2 17 3
101 0 5 1503 6 18 9
102 0 1 1519 1 9 1
103 1 2 1531 2 17 3
104 1 2 1545 1 9 1
105 1 1 1559 312 3063 468
106 0 5 1571 2 7 3
107 1 4 1587 74724 454995 112086
108 1 1 1603 6 48 9
109 0 3 1615 16 134 24
110 0 5 1630 1 4 1
111 1 3 1646 2 7 3
112 1 2 1661 1 10 1
113 0 12 1675 1 4 1
114 0 3 1693 1 4 1
115 1 2 1708 1 10 1
116 0 3 1722 616 2772 924
117 1 1 1737 2056 22026 3084
118 1 2 1749 9194 105011 13791
119 0 1 1763 57 513 85
120 1 4 1776 1 4 1
121 0 1 1792 3 25 4
122 1 3 1803 8 24 12
123 0 7 1818 284 1205 426
124 0 22 1835 1 3 1
125 1 3 1853 3 9 4
126 1 8 1868 1080 5060 1620
127 1 5 1885 4 12 6
128 0 5 1901 503301 3382470 754951
129 0 2 1917 13 107 19
130 0 1 1931 297 2909 445
131 1 12 1943 372 1611 558
132 1 3 1961 37 131 55
133 0 2 1976 2 17 3
134 0 17 1990 1909 9305 2863
135 0 2 2008 70241 869837 105361
136 0 1 2022 125 1173 187
137 0 1 2034 298 2920 447
138 1 3 2044 2 7 3
139 0 1 2059 2000 21400 3000
140 0 8 2068 3 10 4
141 0 4 2085 1 5 1
142 0 4 2101 7 21 10
143 1 4 2117 12588 69224 18882
144 1 4 2133 2 6 3
145 1 4 2149 6 18 9
146 1 2 2165 4 33 6
147 1 2 2179 129 1212 193
148 1 2 2193 9 73 13
149 0 2 2207 1 10 1
150 1 1 2222 2 17 3
151 0 1 2233 50 447 75
152 0 10 2246 1 4 1
153 1 3 2263 1 6 1
154 1 3 2279 13 108 19
155 0 1 2294 6838 77144 10257
156 0 12 2306 1 5 1
157 1 4 2324 32 112 48
158 0 1 2340 1 9 1
159 0 3 2353 3 9 4
160 1 3 2368 1 4 1
161 0 41 2384 4039 20691 6058
162 1 2 2403 2 17 3
163 1 3 2418 28 242 42
164 1 2 2433 1 10 1
165 1 2 2447 348 3435 522
166 0 1 2461 14 116 21
167 1 6 2474 69 260 103
168 0 2 2491 1 9 1
169 1 2 2506 1003 10404 1504
170 1 36 2521 1500 7192 2250
171 1 1 2540 1 9 1
172 1 2 2548 101 937 151
173 1 1 2562 1 10 1
174 0 1 2575 9 73 13
175 0 1 2586 1003 10404 1504
176 0 3 2599 838 3856 1257
177 1 1 2615 1 11 1
178 0 3 2628 1 3 1
179 1 5 2643 818 3757 1227
180 0 6 2659 19 63 28
181 1 41 2676 1 4 1
182 0 3 2695 2 7 3
183 1 2 2710 2 17 3
184 1 22 2724 19 63 28
185 0 4 2742 1 5 1
186 0 4 2758 1 4 1
187 0 1 2774 8 64 12
188 1 15 2786 11 34 16
189 0 7 2804 49 179 73
190 0 3 2821 2 17 3
191 1 7 2836 1 6 1
192 0 1 2853 1 10 1
193 0 15 2866 2 7 3
194 0 6 2884 153 617 229
195 0 1 2901 1322 13886 1983
196 0 3 2914 481 2125 721
197 0 3 2929 1 6 1
198 0 3 2944 2 17 3
199 1 2 2959 77852 967877 116778
200 1 5 2973 1 3 1
201 0 3 2989 1 9 1
202 0 10 3004 1 4 1
203 1 4 3021 1 4 1
204 1 12 3037 366 1583 549
205 1 6 3055 16 52 24
206 1 1 3071 3 25 4
207 0 7 3083 1 3 1
208 1 4 3100 1 4 1
209 0 2 3116 2 17 3
210 1 8 3130 106 415 159
211 0 1 3147 1 9 1
212 0 5 3160 1 6 1
213 0 2 3176 4 33 6
214 0 10 3190 1 3 1
215 1 1 3207 6 48 9
216 1 2 3219 22 188 33
217 0 1 3233 1 10 1
218 1 4 3244 1 4 1
219 1 2 3260 12 99 18
220 0 2 3274 1 9 1
221 0 1 3288 1 10 1
222 0 5 3298 211 874 316
223 1 97 3314 1 3 1
224 1 2 3334 1 8 1
225 0 28 3348 1 4 1
226 0 2 3367 2229 23964 3343
227 0 4 3381 1 3 1
228 0 2 3397 19 161 28
229 0 6 3411 1 3 1
230 1 1 3428 7 56 10
231 1 1 3440 41 363 61
232 0 3 3450 208 2002 312
233 0 1 3465 21931 259509 32896
234 1 2 3478 1 9 1
235 1 4 3493 6 18 9
236 1 4 3509 5699 29845 8548
237 0 1 3525 2 17 3
238 1 2 3538 1 10 1
239 0 7 3553 3 10 4
240 0 18 3570 3 9 4
241 0 7 3588 1 3 1
242 1 1 3605 22 188 33
243 1 5 3616 9 27 13
