0 0 5 5 1 9 1
1 0 6 9 1 9 1
2 0 15 13 1 3 1
3 1 3 18 5 40 7
4 0 2 22 40 353 60
5 0 8 25 1 4 1
6 0 10 30 2 6 3
7 1 1 35 17 143 25
8 1 17 38 1 3 1
9 1 3 43 8 64 12
10 0 1 47 18 152 27
11 0 1 49 657 6683 985
12 0 2 51 1 9 1
13 0 1 54 62 561 93
14 1 7 57 179719 1146534 269578
15 1 2 61 1 12 1
16 0 3 64 1368 14392 2052
17 1 3 68 1 9 1
18 1 1 72 1808 19259 2712
19 1 4 75 27 233 40
20 1 1 79 1 9 1
21 1 2 82 2962 32244 4443
22 1 4 85 5 40 7
23 0 2 89 299 2930 448
24 1 3 92 1 9 1
25 1 1 96 74799 928506 112198
26 1 3 98 2 17 3
27 0 2 102 6 48 9
28 0 10 105 1 5 1
29 1 7 110 13 41 19
30 1 21 115 6 18 9
31 1 3 120 1 9 1
32 1 5 124 21 179 31
33 1 3 128 1 8 1
34 0 3 132 1 10 1
35 1 11 136 47 171 70
36 1 2 141 33 288 49
37 0 10 144 1 4 1
38 0 7 149 1 3 1
39 1 2 153 9 72 13
40 1 2 156 27 233 40
41 1 9 159 23 78 34
42 1 15 164 2939 14746 4408
43 1 3 169 215 2073 322
44 0 1 173 1 9 1
45 1 1 176 12 99 18
46 1 4 179 13 107 19
47 1 1 183 1 9 1
48 0 2 185 13 108 19
49 1 2 188 4 33 6
50 1 15 191 527 2344 790
51 1 7 196 15 48 22
52 0 15 201 36 128 54
53 0 1 206 39 344 58
54 1 10 208 13 41 19
55 0 2 213 1 9 1
56 0 2 216 2846 30927 4269
57 1 13 219 1 3 1
58 0 1 224 1 9 1
59 1 7 226 2 6 3
60 0 25 230 12 38 18
61 0 1 235 317 3115 475
62 0 34 237 53 195 79
63 0 11 243 1 5 1
64 0 1 248 3 25 4
65 0 2 250 430 4288 645
66 1 1 253 1 10 1
67 0 1 255 4 33 6
68 0 1 258 103779 1304320 155668
69 0 1 261 1987 21254 2980
70 0 2 264 15 125 22
71 1 10 267 892678 6168681 1339017
72 1 1 272 164 1560 246
73 1 1 274 1419 14953 2128
74 0 6 276 1 9 1
75 1 1 280 5 40 7
76 0 44 282 539 2401 808
77 1 6 288 2 17 3
78 1 2 292 1 9 1
79 1 4 295 342 3373 513
80 1 10 299 1 5 1
81 0 4 304 1 13 1
82 0 1 308 3 25 4
83 1 1 311 5 40 7
84 0 2 313 5 41 7
85 1 1 316 36 316 54
86 1 2 318 1539723 21315944 2309584
87 1 5 321 11423 131643 17134
88 1 3 325 77 704 115
89 1 1 329 16 134 24
90 1 9 331 92 356 138
91 0 3 336 1 9 1
92 0 2 340 48 428 72
93 0 3 343 2 17 3
94 1 3 346 1 11 1
95 1 2 350 15 125 22
96 1 28 353 15 48 22
97 0 1 359 59 532 88
98 1 2 362 1 9 1
99 0 2 365 260 2530 390
100 0 27 368 1 5 1
101 1 7 374 1 4 1
102 0 16 379 68 256 102
103 1 3 384 2 17 3
104 0 1 388 121 1134 181
105 0 4 391 101 937 151
106 1 5 395 1 11 1
107 1 2 399 1 9 1
108 0 1 402 1 9 1
109 1 12 403 5 15 7
110 1 3 408 20 170 30
111 1 3 412 5 40 7
112 1 20 416 4 12 6
113 0 4 421 13 107 19
114 0 8 425 1 4 1
115 0 16 430 516 2291 774
116 1 4 435 1 9 1
117 1 1 439 1 12 1
118 0 3 441 51 457 76
119 0 3 445 1 8 1
120 0 1 449 4018 44319 6027
121 0 42 451 15 48 22
122 1 1 457 7 56 10
123 0 2 459 76 695 114
124 0 1 462 166 1580 249
125 1 6 465 545 5496 817
126 0 1 469 1 9 1
127 1 6 471 1 9 1
128 1 5 475 9950 114018 14925
129 0 3 479 1372 14436 2058
130 1 2 483 20311 239602 30466
131 1 1 486 49179 600721 73768
132 1 5 488 4 33 6
133 1 2 492 1 10 1
134 1 4 495 4 33 6
135 0 4 499 121 1133 181
136 1 1 503 9 72 13
137 1 1 506 1 9 1
138 1 1 508 2620 28368 3930
139 0 5 510 90 830 135
140 1 1 514 104 966 156
141 0 1 517 8 64 12
142 0 4 520 27 233 40
143 1 3 524 11892 137275 17838
144 1 15 528 184 754 276
145 0 3 533 27 233 40
146 1 1 537 16 134 24
147 1 4 539 1 9 1
148 0 7 543 1 3 1
149 1 1 547 3 25 4
150 1 1 549 996 10328 1494
151 0 2 550 55 494 82
152 0 5 553 3681 40449 5521
153 0 2 557 1 10 1
154 0 5 560 2 17 3
155 1 1 564 1 10 1
156 1 3 565 6 48 9
157 0 3 569 4663 51762 6994
158 0 1 573 448 4476 672
159 0 1 575 1 10 1
160 0 1 577 1 9 1
161 1 6 580 211 874 316
162 0 1 584 1 12 1
163 0 1 586 569 5749 853
164 1 1 588 349712 4596225 524568
165 0 3 591 8 64 12
166 1 3 595 1 12 1
167 1 1 599 7 56 10
168 1 2 601 22 188 33
169 0 1 604 270 2633 405
170 1 14 607 1204 5685 1806
171 1 9 612 1 4 1
172 1 2 617 1 9 1
173 1 1 620 65 589 97
174 0 7 622 23000 131073 34500
175 1 6 626 1 8 1
176 0 2 630 1 9 1
177 0 2 633 1 10 1
178 1 3 636 153 1450 229
179 0 2 639 14 116 21
180 0 3 642 19953 235211 29929
181 1 8 646 1 3 1
182 0 3 651 2 17 3
183 1 1 655 162251 2073507 243376
184 1 1 657 80267 999061 120400
185 1 1 659 204 1962 306
186 1 3 660 1 12 1
187 1 11 664 1 5 1
188 1 18 669 1 3 1
189 1 6 674 1249 13086 1873
190 1 13 678 1 5 1
191 1 1 683 30 261 45
192 0 1 685 1 10 1
193 0 6 687 2 6 3
194 1 2 691 21 179 31
195 1 2 694 570 5760 855
196 1 1 697 1 12 1
197 0 1 700 57 513 85
198 1 1 702 1 10 1
199 1 3 704 228744 2960425 343116
200 0 3 708 1 11 1
201 1 2 712 84 772 126
202 0 1 715 14 116 21
203 0 1 717 7 56 10
204 0 1 720 5 41 7
205 0 2 722 1 9 1
206 0 2 725 1273 13349 1909
207 1 10 728 1 4 1
208 1 12 733 8 24 12
209 1 4 738 772 7912 1158
210 0 1 742 1 9 1
211 0 2 745 1 9 1
212 0 2 748 6 48 9
213 0 4 751 269 2622 403
214 1 14 755 2 7 3
215 1 1 760 18 152 27
216 1 3 762 1 8 1
217 1 6 766 18 152 27
218 0 3 770 4548 50431 6822
219 0 1 774 612 6205 918
220 0 2 777 3 25 4
221 1 5 780 2269 24414 3403
222 0 5 784 372 3684 558
223 1 2 788 508 5105 762
224 0 6 791 38 335 57
225 1 37 795 1 3 1
226 0 3 801 1 10 1
227 0 3 805 4 33 6
228 0 2 809 1 9 1
229 1 3 812 23 197 34
230 0 5 816 5593 62566 8389
231 1 1 820 6 48 9
232 0 4 821 4176 46138 6264
233 1 3 825 61 552 91
234 1 2 829 1 12 1
235 0 1 832 1 12 1
236 1 1 834 1702 18081 2553
237 1 2 836 1 9 1
238 1 2 839 737 7537 1105
239 1 1 842 69 628 103
240 1 2 844 2 17 3
241 1 4 847 2 17 3
242 0 7 851 1 5 1
243 0 2 855 3368 36868 5052
244 1 11 858 690 3130 1035
245 0 12 863 7 21 10
246 1 2 868 8 64 12
247 0 3 871 1 9 1
248 1 1 875 1 11 1
249 1 38 878 1 4 1
250 0 5 884 1 9 1
251 0 5 888 23056 273367 34584
252 1 1 892 1 9 1
253 1 2 894 7268 82205 10902
254 0 2 897 1 9 1
255 1 3 900 1 12 1
256 0 2 904 1 9 1
257 0 1 907 22 188 33
258 1 11 909 1 4 1
259 0 9 914 9 27 13
260 1 3 919 1 11 1
261 1 2 923 16 134 24
262 1 2 926 44 391 66
263 0 3 929 1 8 1
264 0 3 933 3 25 4
265 1 3 937 1 10 1
266 1 4 941 20 170 30
267 1 1 945 1 9 1
268 0 4 948 44 391 66
269 0 3 952 356 3518 534
270 0 8 956 34 120 51
271 1 4 961 54065 662825 81097
272 1 7 965 22 74 33
273 1 1 969 1 10 1
274 1 2 971 5 40 7
275 0 1 974 1 9 1
276 1 4 977 1 9 1
277 0 3 981 6105 68547 9157
278 0 3 985 10 81 15
279 0 2 989 6 48 9
280 1 5 992 315 3094 472
281 1 2 996 379 3756 568
282 1 1 999 1 9 1
283 1 3 1000 3 25 4
284 0 1 1004 5877 65881 8815
285 1 1 1006 4 33 6
286 0 3 1007 13 107 19
287 0 12 1011 306 1305 459
288 0 1 1016 10 81 15
289 0 15 1018 1 4 1
290 0 2 1023 3 25 4
291 0 4 1026 11 90 16
292 1 3 1030 3 25 4
293 1 1 1034 1 9 1
294 0 6 1036 7 56 10
295 1 6 1040 8968 102324 13452
296 0 3 1044 9 72 13
297 1 1 1048 17 143 25
298 1 11 1050 6 18 9
299 1 2 1055 38 334 57
300 1 11 1058 1 4 1
301 0 2 1063 1 9 1
302 1 2 1066 5 40 7
303 1 2 1069 1 10 1
304 0 3 1072 1 9 1
305 1 1 1076 20 170 30
306 1 2 1079 1 9 1
307 1 2 1082 211397 2728032 317095
308 0 2 1085 946 9787 1419
309 0 8 1088 1 3 1
310 1 8 1093 9 27 13
311 1 3 1098 4026 44411 6039
312 0 10 1102 1 5 1
313 1 2 1107 1 9 1
314 0 1 1110 121 1134 181
315 1 3 1113 4 33 6
316 1 2 1117 11 90 16
317 1 2 1120 1 10 1
318 1 3 1123 8 64 12
319 1 3 1127 2 17 3
320 1 2 1131 3 25 4
321 0 4 1134 6103 68524 9154
322 0 1 1138 1 9 1
323 1 2 1141 65 590 97
324 1 28 1144 376 1630 564
325 1 1 1150 63 570 94
326 1 7 1152 899 4157 1348
327 1 8 1156 1 4 1
328 1 3 1161 218 2103 327
329 1 2 1165 2 17 3
330 1 60 1168 10141 55042 15211
331 0 1 1174 245 2378 367
332 1 1 1176 1 9 1
333 0 3 1178 9 73 13
334 1 3 1182 8 64 12
335 1 18 1186 83 318 124
336 1 4 1191 1215 12713 1822
337 1 4 1195 495 4969 742
338 1 3 1199 52 466 78
339 1 2 1203 68 618 102
340 0 3 1206 1 10 1
341 1 2 1210 4987 55517 7480
342 0 3 1213 127764 1618334 191646
343 1 4 1217 1 9 1
344 1 10 1221 8 24 12
345 0 2 1226 473 4738 709
346 1 9 1229 23 78 34
347 0 3 1234 8 64 12
348 0 6 1238 74 675 111
349 1 3 1242 8 64 12
350 0 1 1246 12 99 18
351 0 7 1249 485 2144 727
352 1 3 1254 124 1163 186
353 0 6 1258 1 10 1
354 1 2 1262 1 11 1
355 0 9 1265 20 67 30
356 1 2 1270 1 8 1
357 0 1 1273 1 10 1
358 1 3 1276 1 11 1
359 1 2 1280 1 9 1
360 0 1 1283 12183 140773 18274
361 1 4 1285 236 2286 354
362 0 2 1289 34727 418474 52090
363 1 8 1292 359 1551 538
364 0 3 1297 9 73 13
365 1 17 1301 772 3531 1158
366 1 4 1306 3 25 4
367 0 2 1310 61 551 91
368 1 1 1313 6 48 9
369 0 4 1315 1 8 1
370 1 2 1319 2 17 3
371 0 2 1322 516 5190 774
372 1 10 1325 1976 9654 2964
373 0 4 1330 3 25 4
374 0 2 1334 1843 19649 2764
375 1 3 1337 16 134 24
376 0 1 1341 5 41 7
377 0 24 1344 3 9 4
378 0 2 1349 1 9 1
379 1 1 1352 41 363 61
380 0 3 1354 2 17 3
381 0 9 1358 1 3 1
382 1 15 1363 6 18 9
383 0 2 1368 990 10263 1485
384 1 4 1371 42 372 63
385 0 11 1375 1 3 1
386 0 3 1380 2 17 3
387 0 2 1384 1884 20105 2826
388 1 2 1387 19 161 28
389 0 1 1390 3 25 4
390 1 3 1392 3 25 4
391 0 1 1396 13384 155246 20076
392 1 5 1398 1 11 1
393 0 4 1402 1 8 1
394 1 1 1406 1 10 1
395 1 10 1409 288 1223 432
396 1 2 1414 12 98 18
397 0 16 1417 1 4 1
398 1 3 1422 7 56 10
399 1 8 1426 1 5 1
400 1 11 1431 7 21 10
401 0 2 1436 1 8 1
402 1 3 1439 703 7174 1054
403 0 2 1443 135 1272 202
404 1 1 1446 1 9 1
405 0 4 1449 1399 14733 2098
406 1 1 1453 7 56 10
407 1 1 1455 3731 41022 5596
408 1 3 1457 1 9 1
409 0 1 1461 58 523 87
410 1 4 1464 3004 32721 4506
411 0 3 1468 1 11 1
412 1 2 1472 6639 74806 9958
413 0 1 1475 1 10 1
414 0 10 1477 40 143 60
415 0 65 1482 12788 70391 19182
416 0 1 1488 8 64 12
417 0 3 1490 17133 200733 25699
418 0 3 1494 147 1391 220
419 1 6 1498 15 48 22
420 1 1 1502 38 334 57
421 1 1 1503 13 108 19
422 1 1 1504 19 161 28
423 1 1 1507 2 17 3
424 1 2 1509 1 10 1
425 1 24 1512 1028 4800 1542
426 0 3 1517 488 4896 732
427 0 2 1521 1 9 1
428 0 7 1524 1 3 1
429 0 2 1528 639 6492 958
430 1 1 1531 86 792 129
431 0 2 1534 113 1055 169
432 0 2 1537 1 10 1
433 1 4 1540 4 32 6
434 0 1 1544 1 10 1
435 1 1 1546 5 40 7
436 0 1 1549 22 188 33
437 0 4 1551 88 811 132
438 1 2 1555 1 10 1
439 0 2 1558 1 11 1
440 1 13 1561 11 34 16
441 1 3 1566 122 1143 183
442 0 3 1570 542 5464 813
443 0 1 1574 1 9 1
444 0 2 1576 115 1074 172
445 1 2 1579 2 17 3
446 1 10 1582 1 4 1
447 0 6 1587 1 10 1
448 0 1 1591 1 9 1
449 0 1 1594 1 8 1
450 0 4 1597 1 11 1
451 1 2 1601 315 3094 472
452 0 2 1604 12 98 18
453 1 3 1607 1 13 1
454 1 9 1611 20 67 30
455 0 9 1616 121 479 181
456 1 3 1621 30 261 45
457 0 1 1625 18 152 27
458 1 38 1627 1 5 1
459 1 4 1633 1 11 1
460 0 8 1637 12 38 18
461 1 1 1642 1 9 1
462 1 1 1644 150 1421 225
463 0 3 1645 385 3819 577
464 0 6 1649 3 25 4
465 0 1 1653 1352 14216 2028
466 1 1 1655 9 72 13
467 0 3 1657 4 33 6
468 1 2 1661 2 17 3
469 0 1 1664 1 9 1
470 1 2 1666 4 33 6
471 0 6 1669 1 9 1
472 1 5 1673 43 381 64
473 0 3 1677 326 3208 489
474 1 4 1681 3 25 4
475 1 6 1685 5 41 7
476 1 5 1689 205 1972 307
477 0 3 1693 13 107 19
478 1 2 1697 2 17 3
479 1 2 1700 7799 88471 11698
480 1 2 1703 2 17 3
481 0 2 1706 1 10 1
482 0 3 1709 18 152 27
483 0 1 1713 38 334 57
484 0 1 1716 1 11 1
485 1 12 1719 1 3 1
486 1 4 1724 438 4371 657
487 0 1 1728 232 2245 348
488 0 3 1730 187 1791 280
489 0 20 1734 1 4 1
490 0 4 1739 12 99 18
491 0 1 1743 1 9 1
492 1 1 1746 70 637 105
493 1 3 1749 42 372 63
494 0 1 1753 1 9 1
495 0 2 1756 4 33 6
496 1 5 1759 2105 22574 3157
497 0 14 1763 2 7 3
498 0 8 1768 331 1421 496
499 0 1 1773 1 11 1
500 0 5 1776 1 12 1
501 0 10 1780 3 10 4
502 0 3 1785 1 10 1
503 1 1 1789 1 9 1
504 1 8 1792 7 21 10
505 1 1 1797 53 475 79
506 1 1 1798 244 2367 366
507 1 1 1800 1 10 1
508 1 2 1803 810 8320 1215
509 1 8 1806 1 5 1
510 0 3 1811 15467 180466 23200
511 1 1 1815 2 17 3
512 1 1 1818 4 33 6
513 0 7 1821 1 5 1
514 1 3 1826 1 9 1
515 1 2 1830 1 9 1
516 0 17 1833 7 21 10
517 0 1 1838 4 33 6
518 0 5 1840 17 143 25
519 1 3 1844 1 12 1
520 0 1 1848 1 10 1
521 1 6 1849 1 9 1
522 1 5 1853 1 9 1
523 1 2 1857 1176 12287 1764
524 1 11 1860 1 4 1
525 0 1 1865 1939 20719 2908
526 1 2 1867 5241 58468 7861
527 1 11 1870 1 3 1
528 0 3 1875 5 41 7
529 0 6 1879 1 9 1
530 0 3 1883 3 25 4
531 1 21 1887 411 1794 616
532 0 1 1892 1 9 1
533 0 2 1895 1 11 1
534 1 4 1898 1 9 1
535 1 2 1902 2 17 3
536 0 1 1905 1 9 1
537 1 1 1907 1 10 1
538 1 3 1910 1568 16597 2352
539 1 1 1914 3 25 4
540 0 7 1917 3 10 4
541 1 1 1921 1 10 1
542 0 2 1924 5 40 7
543 0 4 1927 13632 158241 20448
544 0 2 1931 1 9 1
545 0 4 1934 3 25 4
546 1 2 1938 147 1391 220
547 0 2 1941 1 10 1
548 1 2 1944 16 134 24
549 0 27 1947 37 131 55
550 1 9 1953 1 4 1
551 0 1 1958 556 5612 834
552 0 65 1960 3 9 4
553 0 7 1966 48 175 72
554 1 3 1971 1 10 1
555 1 2 1975 46 409 69
556 0 1 1978 27 233 40
557 0 2 1980 1848 19704 2772
558 1 5 1983 12 98 18
559 1 19 1987 86 330 129
560 0 1 1992 1 9 1
561 0 2 1994 5 41 7
562 1 1 1997 1 11 1
563 0 9 2000 128 509 192
564 1 1 2005 4 33 6
565 0 14 2007 197 812 295
566 0 4 2012 136 1282 204
567 0 2 2016 1 10 1
568 1 1 2019 125 1173 187
569 1 5 2022 4 33 6
570 1 4 2026 17 143 25
571 1 1 2030 2 17 3
572 0 1 2033 5948 66711 8922
573 1 1 2036 1 10 1
574 0 7 2039 1 4 1
575 0 3 2044 2 17 3
576 1 7 2048 1 5 1
577 0 3 2052 10 81 15
578 0 2 2056 2 17 3
579 0 1 2059 120 1124 180
580 1 3 2061 1 11 1
581 0 4 2065 11 90 16
582 0 6 2069 1 4 1
583 1 14 2073 29 101 43
584 1 2 2078 114 1064 171
585 0 1 2081 1 10 1
586 1 1 2083 73227 908256 109840
587 0 4 2086 177 1690 265
588 0 1 2090 2 17 3
589 0 5 2093 97 898 145
590 0 5 2097 28 243 42
591 1 5 2101 88 811 132
592 0 7 2105 1716 8304 2574
593 0 6 2109 1259 5963 1888
594 1 8 2113 9 27 13
595 1 1 2118 14 116 21
596 0 11 2120 1 3 1
597 0 1 2125 8 64 12
598 1 1 2127 273 2663 409
599 0 15 2130 35611 208096 53416
600 0 4 2135 49 438 73
601 0 2 2139 1049 10904 1573
602 1 3 2142 1 11 1
603 0 3 2146 3323 36354 4984
604 1 2 2150 8 64 12
605 1 1 2153 7 56 10
606 1 1 2155 111 1035 166
607 0 2 2157 3 25 4
608 0 3 2160 13020 150854 19530
609 1 3 2164 25 215 37
610 1 2 2168 1 10 1
611 0 12 2171 1 4 1
612 1 2 2176 12 98 18
613 0 1 2179 5 40 7
614 1 12 2182 344 1481 516
615 0 8 2187 1 3 1
616 1 3 2192 4816 53534 7224
617 0 1 2196 221 2134 331
618 0 2 2199 583 5898 874
619 0 19 2202 4 12 6
620 0 2 2207 430 4288 645
621 1 18 2210 194 798 291
622 0 5 2215 27920 333565 41880
623 1 9 2219 1 4 1
624 0 4 2224 31 270 46
625 1 13 2228 1 5 1
626 1 2 2233 95 879 142
627 1 1 2236 1 9 1
628 1 21 2239 1596 7685 2394
629 1 1 2244 25 215 37
630 0 14 2246 102 398 153
631 0 5 2251 1814 19326 2721
632 1 1 2255 2315 24930 3472
633 1 2 2257 28 242 42
634 1 3 2260 53 475 79
635 1 2 2264 28 242 42
636 0 4 2267 1 10 1
637 0 7 2271 1 5 1
638 0 1 2275 2 17 3
639 1 1 2277 30 261 45
640 1 2 2280 1 11 1
641 1 1 2283 1 9 1
642 0 16 2285 9 27 13
643 0 12 2290 1 5 1
644 1 5 2295 1 9 1
645 1 3 2299 2436 26292 3654
646 1 2 2303 1475 15570 2212
647 0 2 2306 1 9 1
648 0 2 2309 5 40 7
649 0 5 2312 28 242 42
650 1 2 2316 41 363 61
651 1 14 2319 36 127 54
652 0 1 2324 1 10 1
653 0 1 2327 1 9 1
654 0 12 2330 3 9 4
655 0 4 2335 1 10 1
656 0 1 2339 172 1640 258
657 1 3 2342 864490 11731976 1296735
658 1 2 2346 1 8 1
659 1 4 2349 2081 22305 3121
660 0 4 2353 1 9 1
661 0 3 2357 221 2134 331
662 1 6 2361 2 17 3
663 0 4 2365 89861 1123274 134791
664 1 3 2369 1 9 1
665 0 1 2373 1 10 1
666 1 26 2375 31 108 46
667 0 14 2380 1 3 1
668 1 2 2385 5 40 7
669 1 5 2388 15 125 22
670 0 2 2392 2 17 3
671 1 4 2395 8133 92421 12199
672 0 1 2399 14 116 21
673 0 1 2402 1 9 1
674 0 2 2404 1 10 1
675 1 3 2407 1 9 1
676 0 3 2411 5 40 7
677 0 5 2415 13 108 19
678 1 5 2419 735 7516 1102
679 0 6 2423 2 17 3
680 0 3 2427 126 1183 189
681 1 39 2431 7 21 10
682 1 3 2437 56 504 84
683 0 4 2441 10 81 15
684 0 1 2445 1 10 1
685 0 14 2447 1 3 1
686 0 5 2452 2 17 3
687 0 4 2456 6 48 9
688 0 4 2460 1 12 1
689 1 1 2464 6 48 9
690 1 4 2467 49 438 73
691 0 2 2471 63 570 94
692 0 2 2474 1 10 1
693 1 3 2477 11 90 16
694 1 4 2481 68 618 102
695 1 16 2485 1 3 1
696 0 3 2490 11 90 16
697 1 1 2494 3 25 4
698 1 3 2496 533 5369 799
699 0 5 2500 12 98 18
700 1 8 2504 1 5 1
701 1 1 2509 4212 46553 6318
702 0 8 2511 1 4 1
703 1 5 2516 1 9 1
704 0 4 2520 1 10 1
705 1 6 2524 227 2195 340
706 0 1 2528 6 48 9
707 1 3 2531 1 9 1
708 1 1 2535 1 9 1
709 1 17 2537 9006 48527 13509
710 0 3 2542 620 6290 930
711 1 7 2546 26 89 39
712 1 9 2551 28 97 42
713 0 1 2556 5 41 7
714 1 3 2559 2 17 3
715 0 2 2563 1 10 1
716 1 10 2566 1 3 1
717 0 4 2571 2 17 3
718 1 2 2575 3 25 4
719 0 6 2578 1 9 1
720 1 2 2582 1 10 1
721 0 1 2585 3 25 4
722 0 5 2587 4 33 6
723 0 2 2591 4 33 6
724 1 5 2594 2832 30769 4248
725 1 1 2598 3 25 4
726 0 7 2600 395 1719 592
727 0 2 2605 1 9 1
728 0 23 2608 7 21 10
729 0 15 2613 52 191 78
730 0 2 2618 36 316 54
731 0 1 2621 7225 81698 10837
732 0 2 2624 1 12 1
733 0 1 2627 14889 173453 22333
734 1 13 2629 1 3 1
735 0 3 2634 65994 815297 98991
736 1 5 2638 18754 220527 28131
737 0 2 2642 24 206 36
738 0 3 2645 84 772 126
739 0 1 2649 5 41 7
740 1 2 2651 1 13 1
741 1 5 2654 2 17 3
742 1 1 2658 2 17 3
743 1 3 2660 2 17 3
744 0 1 2664 55 494 82
745 1 10 2667 7 21 10
746 0 2 2672 14 116 21
747 0 4 2675 4 33 6
748 1 8 2679 70 264 105
749 1 4 2684 3 25 4
750 0 5 2688 1 10 1
751 1 3 2692 1 9 1
752 1 4 2696 68 618 102
753 0 1 2700 3171 34621 4756
754 0 5 2702 374 3704 561
755 0 3 2706 1 9 1
756 1 7 2710 1 4 1
757 1 2 2715 94 869 141
758 1 9 2718 1 3 1
759 0 1 2723 1 11 1
760 1 2 2725 1 8 1
761 1 6 2728 2 17 3
762 0 2 2732 1 9 1
763 0 3 2735 144 1361 216
764 0 5 2739 2 17 3
765 1 1 2743 30 261 45
766 1 2 2745 1 11 1
767 0 1 2748 9 72 13
768 0 2 2750 17 143 25
769 0 2 2753 29 252 43
770 0 2 2756 1 9 1
771 0 1 2759 117 1094 175
772 0 18 2761 2 7 3
773 1 3 2766 43 381 64
774 1 2 2770 2 17 3
775 0 2 2773 1 9 1
776 1 2 2776 1 9 1
777 1 1 2779 1828 19482 2742
778 1 4 2782 2 17 3
779 1 2 2786 272 2653 408
780 0 1 2789 446 4455 669
781 1 2 2791 5 40 7
782 1 15 2794 108 423 162
783 1 7 2799 1 3 1
784 0 1 2803 2 17 3
785 1 4 2805 4 33 6
786 0 2 2809 18 152 27
787 0 3 2812 1 9 1
788 1 5 2816 26 224 39
789 0 5 2820 215 2073 322
790 0 1 2824 1 9 1
791 1 7 2826 1 6 1
792 1 1 2830 10 81 15
793 0 2 2832 9 72 13
794 0 1 2835 438 4371 657
795 1 5 2838 2 17 3
796 0 2 2842 421 4194 631
797 1 2 2845 1 9 1
798 0 1 2848 44 391 66
799 0 3 2850 1 9 1
800 0 2 2854 505 5074 757
801 1 2 2857 1 9 1
802 1 2 2860 733 7495 1099
803 0 3 2863 116 1084 174
804 0 2 2867 67 609 100
805 1 5 2870 48230 588684 72345
806 1 2 2874 1 9 1
807 1 6 2877 28 97 42
808 1 22 2881 1 5 1
809 1 1 2886 1 11 1
810 0 1 2888 3 25 4
811 0 2 2891 254 2469 381
812 1 2 2894 1 9 1
813 0 2 2897 1609173 22310992 2413759
814 1 1 2900 1 11 1
815 1 2 2903 1 9 1
816 1 9 2906 1547 7433 2320
817 0 1 2911 1503 15879 2254
818 1 1 2912 26 224 39
819 1 2 2914 1 12 1
820 0 3 2917 4 33 6
821 1 4 2921 1 10 1
822 0 7 2925 1 4 1
823 1 1 2929 31385 376699 47077
824 1 5 2932 27844 332622 41766
825 1 3 2936 1 9 1
826 1 3 2940 59 532 88
827 1 4 2944 259 2520 388
828 0 4 2948 22 188 33
829 0 2 2952 1070 11132 1605
830 0 2 2955 5 41 7
831 0 4 2958 47 419 70
832 1 4 2962 2 17 3
833 1 1 2966 1298 13623 1947
834 0 1 2968 6 48 9
835 0 1 2971 102622 1289234 153933
836 1 5 2974 11 90 16
837 1 4 2978 1 10 1
838 0 3 2982 1 11 1
839 0 7 2986 1014386 7052650 1521579
840 1 3 2991 118 1104 177
841 1 2 2995 885 9128 1327
842 1 3 2998 2 17 3
843 0 1 3002 1 10 1
844 1 1 3005 130 1222 195
845 1 11 3007 1 6 1
846 1 5 3012 11 90 16
847 0 1 3016 1 10 1
848 1 3 3019 10 81 15
849 1 2 3023 1 10 1
850 0 4 3026 23 197 34
851 0 6 3030 1 8 1
852 0 2 3034 1 9 1
853 0 9 3037 14233 78850 21349
854 1 4 3042 3 25 4
855 0 1 3046 13 108 19
856 0 3 3048 1 10 1
857 0 2 3052 1 9 1
858 1 2 3055 1 8 1
859 0 10 3058 22 74 33
860 1 50 3063 10 31 15
861 0 4 3069 1 10 1
862 1 5 3073 2 17 3
863 0 5 3077 2 17 3
864 1 5 3081 1508 15934 2262
865 1 1 3085 1 8 1
866 0 1 3087 215810 2787090 323715
867 1 3 3090 1 13 1
868 1 1 3094 480 4811 720
869 0 3 3096 1 9 1
870 1 1 3100 1 10 1
871 1 2 3102 1 9 1
872 1 6 3105 2 17 3
873 0 4 3109 1 9 1
874 0 31 3113 221 919 331
875 0 4 3119 5040 56132 7560
876 1 21 3123 433 1897 649
877 1 3 3128 1352 14215 2028
878 1 4 3132 790 8106 1185
879 1 3 3136 1 9 1
880 0 2 3140 19 161 28
881 1 57 3143 45 163 67
882 1 1 3149 2 17 3
883 0 1 3152 219 2113 328
884 1 9 3155 5 15 7
885 0 3 3160 941 9733 1411
886 1 1 3163 3 25 4
887 1 6 3166 1 10 1
888 1 2 3170 50515 617681 75772
889 0 13 3173 1 5 1
890 1 1 3178 13 107 19
891 1 3 3180 5 41 7
892 0 1 3183 29 252 43
893 0 13 3185 3358 16997 5037
894 0 4 3190 1 10 1
895 0 2 3194 142 1341 213
896 1 6 3197 2 17 3
897 1 6 3201 23 197 34
898 1 5 3205 6 48 9
899 0 2 3209 176 1680 264
900 0 11 3212 12 38 18
901 1 6 3217 1 9 1
902 1 3 3221 1 8 1
903 1 13 3225 5 15 7
904 1 3 3230 3 25 4
905 0 2 3234 2 17 3
906 0 1 3237 1 9 1
907 1 2 3238 1 13 1
908 0 1 3241 21261 251269 31891
909 0 2 3244 6 48 9
910 0 1 3247 75274 934627 112911
911 0 4 3249 15 125 22
912 1 3 3253 1 9 1
913 1 7 3257 4278 21997 6417
914 1 1 3261 8 64 12
915 0 4 3263 7 56 10
916 0 10 3267 1 4 1
917 1 5 3272 1 10 1
918 0 4 3276 8 64 12
919 0 12 3280 32 112 48
920 0 8 3285 7 21 10
921 0 3 3290 22 188 33
922 1 8 3294 6 18 9
923 1 7 3299 1 4 1
924 1 1 3304 39 344 58
925 1 3 3307 1 9 1
926 1 12 3311 3 10 4
927 1 1 3316 2947 32073 4420
928 0 2 3319 10 81 15
929 0 5 3322 617 6258 925
930 1 3 3326 19 161 28
931 1 1 3330 2 17 3
932 1 2 3332 11 90 16
933 1 2 3335 1 11 1
934 1 3 3338 9 72 13
935 1 3 3342 43294 526225 64941
936 1 3 3346 6 48 9
937 0 2 3350 1 9 1
938 1 2 3353 1 10 1
939 1 3 3356 24 206 36
940 1 1 3360 103 957 154
941 1 3 3362 12065 139354 18097
942 0 3 3366 1374 14458 2061
943 0 3 3370 1 9 1
944 0 6 3374 32 279 48
945 0 9 3378 50 183 75
946 1 1 3383 594 6014 891
947 1 3 3385 7 56 10
948 0 24 3389 3 10 4
949 1 2 3394 1 9 1
950 0 1 3397 1 9 1
951 0 6 3399 5 15 7
952 0 1 3403 1 9 1
953 1 4 3405 17 143 25
954 0 30 3409 3503 17780 5254
955 0 2 3415 12 98 18
956 1 5 3418 1 9 1
957 1 4 3422 38 334 57
958 1 17 3426 188 772 282
959 0 7 3431 6 18 9
960 1 2 3435 77 704 115
961 0 2 3438 1 10 1
962 1 2 3441 2 17 3
963 1 5 3444 1 8 1
964 1 6 3448 1 4 1
965 0 2 3452 1 9 1
966 1 3 3455 2 17 3
967 0 5 3459 31 270 46
968 1 1 3463 19 161 28
969 1 1 3465 3 25 4
970 0 8 3467 4 12 6
971 0 6 3472 4 33 6
972 0 6 3476 18 152 27
973 0 2 3480 1852 19749 2778
974 1 8 3483 119 470 178
975 0 1 3488 50 447 75
976 0 6 3491 9 73 13
977 0 3 3495 63 570 94
978 0 2 3499 4226 46714 6339
979 1 1 3502 1 9 1
980 0 6 3504 3 25 4
981 1 1 3508 1047262 14307381 1570893
982 1 27 3511 1 3 1
983 0 9 3517 2 7 3
984 1 6 3522 1 4 1
985 0 1 3526 1 11 1
986 0 4 3529 1 8 1
987 0 9 3533 1 5 1
988 1 4 3538 190752 2452340 286128
989 1 2 3542 1 8 1
990 1 11 3545 111 436 166
991 1 17 3550 1 4 1
992 0 4 3555 187 1790 280
993 1 1 3559 11584 133575 17376
994 0 1 3562 1 11 1
995 0 3 3564 240 2327 360
996 0 1 3568 5 40 7
997 0 6 3571 4486 49715 6729
998 1 15 3575 1 4 1
999 0 4 3580 79 724 118
1000 0 2 3584 1 10 1
1001 1 11 3587 108 423 162
1002 0 1 3592 1 10 1
1003 0 1 3594 25 215 37
1004 0 2 3596 1 9 1
1005 0 1 3599 9448 108034 14172
1006 1 3 3601 1 10 1
1007 1 4 3605 132 1242 198
1008 0 1 3609 155 1471 232
