0 0 5 5 1 11 1
1 0 3 13 2 17 3
2 0 10 20 1 4 1
3 1 3 30 9 73 13
4 0 7 37 4862 25206 7293
5 1 12 46 1 4 1
6 1 2 56 52 466 78
7 0 4 62 42 372 63
8 0 1 70 1 9 1
9 0 1 75 3 25 4
10 0 11 81 238 995 357
11 1 5 91 9 72 13
12 1 1 99 100 927 150
13 0 3 103 80 734 120
14 0 1 110 746 7634 1119
15 0 1 115 354 3497 531
16 1 2 121 20934 247251 31401
17 1 2 127 960 9938 1440
18 1 2 133 1220 12768 1830
19 1 2 140 10111 115940 15166
20 0 2 147 844 8686 1266
21 1 2 154 35 307 52
22 0 1 161 13 107 19
23 0 2 166 1 9 1
24 1 2 173 2 17 3
25 0 10 180 14 45 21
26 1 13 190 25357 145325 38035
27 0 2 200 11 90 16
28 1 2 206 1 11 1
29 1 3 212 43 381 64
30 1 4 219 21 179 31
31 0 3 227 4230 46760 6345
32 1 2 234 4 33 6
33 1 1 241 48 428 72
34 1 4 247 1 10 1
35 0 1 255 3 25 4
36 1 8 259 1097 5146 1645
37 0 3 268 800 8213 1200
38 1 2 276 37 325 55
39 1 2 282 1 8 1
40 1 1 288 1 12 1
41 0 8 294 2 6 3
42 1 4 303 23 197 34
43 1 3 311 24 206 36
44 1 1 318 3 25 4
45 1 1 323 14 116 21
46 1 11 328 1 4 1
47 1 2 338 1 8 1
48 1 6 344 14 116 21
49 1 4 353 1 8 1
50 0 2 361 142 1341 213
51 1 13 367 1 4 1
52 0 2 377 1 11 1
53 1 6 383 10 81 15
54 1 1 392 2995 32619 4492
55 1 8 396 183 749 274
56 1 2 405 1 9 1
57 0 1 411 35 307 52
58 1 5 415 26 224 39
59 0 3 423 58 523 87
60 0 2 430 1 10 1
61 1 2 436 4 33 6
62 1 8 443 209 865 313
63 1 2 452 2 17 3
64 1 2 458 2515 27183 3772
65 1 1 464 1 10 1
66 1 6 469 60 542 90
67 0 3 478 200 1921 300
68 0 1 485 1 11 1
69 1 4 490 233148 3019525 349722
70 1 4 498 2273 24459 3409
71 0 24 506 4 12 6
72 0 2 517 4 33 6
73 1 4 523 1 9 1
74 0 2 531 9 73 13
75 0 1 537 100 928 150
76 1 3 542 1 10 1
77 0 3 549 2457 26529 3685
78 1 1 556 1 11 1
79 0 3 561 143 1351 214
80 1 3 568 12 99 18
81 1 12 576 6 18 9
82 0 2 586 3 25 4
83 1 1 593 1 9 1
84 0 4 597 5 40 7
85 0 2 605 1 11 1
86 0 1 611 188 1801 282
87 1 4 614 1 9 1
88 1 29 622 6818 36109 10227
89 0 1 633 1 9 1
90 1 1 636 1 10 1
91 1 3 638 14 116 21
92 0 4 646 1 9 1
93 0 2 654 1 12 1
94 1 1 661 3 25 4
95 1 4 665 102678 1289964 154017
96 0 4 673 78613 977700 117919
97 1 10 681 1 4 1
98 0 1 691 1 9 1
99 1 13 696 132 526 198
100 1 3 706 55 494 82
101 1 5 713 71 647 106
102 0 2 721 1 11 1
103 1 6 727 1 12 1
104 1 2 736 1 8 1
105 0 4 742 1 9 1
106 0 6 750 89 821 133
107 1 3 759 34 297 51
108 1 3 766 1 9 1
109 0 4 773 21 179 31
110 0 3 781 1931 20629 2896
111 1 2 788 6 48 9
112 1 1 795 2 17 3
113 1 6 799 16 134 24
114 1 2 808 13 107 19
115 1 3 815 1 9 1
116 0 6 822 27 233 40
117 0 2 831 8947 102075 13420
118 1 1 837 302 2960 453
119 0 1 843 157 1490 235
120 1 3 848 188 1801 282
121 0 3 855 1 11 1
122 1 4 862 1 9 1
123 0 7 870 5 15 7
124 0 1 879 1763 18759 2644
125 0 2 884 1 9 1
126 1 11 890 1 3 1
127 1 2 900 15 125 22
128 1 1 906 21 179 31
129 0 2 909 625 6343 937
130 1 1 915 1 9 1
131 1 3 920 6499 73163 9748
132 0 12 927 1 4 1
133 1 2 937 1 10 1
134 0 38 943 49 179 73
135 1 2 954 1440 15184 2160
136 1 2 960 127 1193 190
137 1 12 967 364 1574 546
138 0 18 977 1 4 1
139 0 1 987 24 206 36
140 0 3 989 13 108 19
141 1 2 996 5 40 7
142 0 5 1002 109 1015 163
143 1 19 1010 1 4 1
144 1 1 1021 1 10 1
145 0 1 1026 3 25 4
146 0 1 1031 35 307 52
147 1 2 1037 1 9 1
148 1 1 1043 4 33 6
149 0 1 1048 2 17 3
150 1 2 1052 13 108 19
151 1 4 1059 1 9 1
152 0 9 1067 1 3 1
153 0 22 1076 5 15 7
154 1 14 1087 7 21 10
155 1 3 1097 5 41 7
156 1 1 1105 21 179 31
157 1 1 1111 1 10 1
158 0 1 1115 1 10 1
159 0 1 1119 9 72 13
160 0 2 1122 1 10 1
161 0 4 1128 371360 4891292 557040
162 0 13 1136 20 67 30
163 1 2 1146 1 9 1
164 1 2 1152 1 10 1
165 0 1 1159 2 17 3
166 1 3 1164 1622 17195 2433
167 1 2 1172 294 2879 441
168 0 1 1178 1 11 1
169 1 6 1182 426 4246 639
170 1 4 1191 1 11 1
171 1 5 1199 3 25 4
172 1 1 1208 44 391 66
173 0 3 1210 2 17 3
174 0 2 1218 1 9 1
175 0 1 1225 222 2144 333
176 0 2 1231 1 13 1
177 0 1 1237 24 206 36
178 1 1 1243 1 9 1
179 0 5 1245 1 9 1
180 1 9 1253 11295 61709 16942
181 0 2 1262 142 1341 213
182 0 1 1269 1 10 1
183 0 5 1273 1 11 1
184 0 6 1281 24 206 36
185 1 14 1290 1 4 1
186 1 2 1300 703 7174 1054
187 0 5 1307 1 9 1
188 1 6 1316 29 252 43
189 0 3 1325 17 143 25
190 0 2 1332 3 25 4
191 0 8 1338 75 285 112
192 0 5 1347 2 17 3
193 0 12 1355 6 18 9
194 0 2 1365 1 9 1
195 1 11 1372 1 4 1
196 1 15 1382 19 63 28
197 0 3 1392 86 791 129
198 0 3 1399 1 10 1
199 1 55 1406 21 70 31
200 0 2 1418 29 251 43
201 0 8 1425 1 5 1
202 0 9 1434 1 5 1
203 0 3 1443 3 25 4
204 1 3 1450 67 609 100
205 0 2 1457 319 3136 478
206 0 2 1464 1 10 1
207 1 11 1470 2543 12637 3814
208 1 6 1480 2426 26180 3639
209 1 3 1489 5 41 7
210 0 2 1497 1 10 1
211 0 2 1503 14 116 21
212 0 4 1509 5783 64783 8674
213 0 2 1517 23 197 34
214 1 5 1524 41 363 61
215 0 3 1532 3984 43928 5976
216 0 1 1539 1 9 1
217 0 5 1544 109 1016 163
218 0 5 1553 1 11 1
219 0 2 1561 1 9 1
220 0 1 1567 1 9 1
221 0 1 1572 909 9387 1363
222 1 4 1576 1 9 1
223 0 3 1584 1 10 1
224 1 6 1591 17 143 25
225 0 5 1600 922 9527 1383
226 0 38 1608 94 364 141
227 1 1 1619 1453 15327 2179
228 1 29 1625 1 4 1
229 1 14 1636 136 543 204
230 0 2 1646 1024 10632 1536
231 0 2 1652 1 9 1
232 0 3 1659 55 494 82
233 1 3 1667 43 381 64
234 1 2 1675 7 56 10
235 1 9 1681 23 78 34
236 1 1 1690 105 977 157
237 0 1 1692 12 99 18
238 1 1 1696 1080 11241 1620
239 1 1 1701 1 10 1
240 0 1 1704 1 9 1
241 0 6 1708 2 7 3
242 0 2 1717 1072 11154 1608
243 0 4 1723 1 9 1
244 0 1 1731 1 9 1
245 1 2 1736 8134 92433 12201
246 0 4 1742 136 1281 204
247 1 1 1750 319 3136 478
248 1 24 1754 365 1579 547
249 0 3 1765 61 551 91
250 1 5 1773 51 457 76
251 0 7 1781 5 15 7
252 0 31 1790 2 7 3
253 1 1 1801 61 551 91
254 1 2 1806 29 252 43
255 1 1 1812 2 17 3
256 1 8 1816 568 2540 852
257 0 2 1825 1 9 1
258 1 2 1832 2604 28188 3906
259 0 5 1839 16 134 24
260 1 5 1847 9 73 13
261 1 3 1855 230 2225 345
262 0 2 1862 2 17 3
263 0 1 1868 9 73 13
264 0 4 1873 10 81 15
265 1 2 1881 498576 6636365 747864
266 1 1 1887 81 743 121
267 1 3 1892 5 41 7
268 0 6 1899 20 170 30
269 1 3 1908 157 1490 235
270 1 2 1915 1 10 1
271 1 2 1921 1 10 1
272 1 2 1928 300 2940 450
273 1 2 1935 1 10 1
274 0 5 1941 3444 37736 5166
275 1 1 1950 19 161 28
276 0 5 1955 13 107 19
277 1 3 1963 1 10 1
278 1 1 1971 4 33 6
279 0 7 1974 2 7 3
280 1 4 1983 1034 10741 1551
281 1 2 1991 2 17 3
282 1 1 1997 169 1610 253
283 0 15 2002 1 4 1
284 0 4 2012 293 2868 439
285 1 6 2020 1 4 1
286 0 2 2029 1 11 1
287 1 1 2036 9 72 13
288 1 2 2041 1 12 1
289 0 1 2048 1 10 1
290 1 6 2054 1 8 1
291 1 2 2063 4 33 6
292 1 2 2069 399 3965 598
293 1 4 2075 13817 160477 20725
294 1 1 2083 3 25 4
295 1 1 2088 1807 19248 2710
296 1 3 2094 24 206 36
297 1 1 2101 1070 11132 1605
298 1 1 2104 1 10 1
299 1 2 2108 1 9 1
300 1 1 2115 1 10 1
301 1 31 2119 10 31 15
302 0 2 2130 1 9 1
303 0 4 2136 1 9 1
304 0 1 2144 265 2581 397
305 0 5 2148 1 10 1
306 0 8 2156 318 1361 477
307 1 4 2165 178954 2295259 268431
308 0 2 2173 2 17 3
309 1 4 2179 1 12 1
310 0 3 2187 33 288 49
311 1 2 2195 105 977 157
312 1 2 2201 1 12 1
313 0 1 2207 90 830 135
314 1 1 2213 2 17 3
315 1 2 2218 492 4937 738
316 1 25 2224 6 18 9
317 0 5 2235 1 10 1
318 1 26 2243 54 199 81
319 1 56 2254 29126 168262 43689
320 1 1 2266 123 1153 184
321 1 4 2270 2 17 3
322 0 6 2278 60 542 90
323 1 1 2287 9948 113994 14922
324 0 1 2292 147 1391 220
325 0 6 2297 52 191 78
326 1 12 2306 27490 158284 41235
327 0 1 2316 1 9 1
328 1 2 2322 134 1262 201
329 1 5 2328 138 1301 207
330 1 1 2336 4 33 6
331 0 3 2342 5 40 7
332 0 1 2349 58 523 87
333 0 30 2354 4 12 6
334 1 3 2365 2759 29941 4138
335 1 1 2372 1 9 1
336 1 1 2376 1 9 1
337 0 1 2380 3 25 4
338 0 2 2386 7 56 10
339 0 28 2392 37596 220371 56394
340 0 23 2403 201 829 301
341 0 2 2414 75 685 112
342 0 3 2421 2 17 3
343 1 2 2428 1 9 1
344 1 1 2435 1 9 1
345 1 3 2439 9 73 13
346 0 2 2447 175 1670 262
347 0 1 2454 1925 20562 2887
348 1 20 2459 2 6 3
349 0 1 2470 984 10198 1476
350 1 1 2475 1 9 1
351 1 14 2481 12464 68501 18696
352 1 4 2491 8205 93273 12307
353 0 4 2499 2 17 3
354 1 2 2507 1 9 1
355 0 5 2513 146 1381 219
356 1 1 2521 24 206 36
357 1 2 2527 1 9 1
358 0 3 2534 500 5022 750
359 1 6 2541 1 9 1
360 0 4 2550 44 391 66
361 1 16 2558 21 70 31
362 1 1 2568 855 8804 1282
363 1 4 2573 42720 518979 64080
364 1 2 2581 13 108 19
365 0 6 2587 25 215 37
366 0 55 2596 2 7 3
367 0 1 2608 5 41 7
368 0 2 2613 8 64 12
369 0 5 2619 129 1213 193
370 0 24 2627 2 7 3
371 1 4 2638 1 9 1
372 1 1 2646 41 363 61
373 0 1 2652 1339 14073 2008
374 0 5 2655 1 10 1
375 0 3 2663 344 3394 516
376 0 3 2670 1 9 1
377 0 3 2678 59 532 88
378 0 18 2685 1 5 1
379 1 16 2695 1 4 1
380 1 15 2705 10 31 15
381 0 4 2715 4 33 6
382 0 2 2723 1 9 1
383 0 2 2730 35087 422984 52630
384 0 3 2736 75 685 112
385 0 1 2743 34 298 51
386 0 2 2748 1 9 1
387 0 1 2755 1 9 1
388 1 5 2760 4 33 6
389 1 4 2768 25 215 37
390 0 7 2776 879 4059 1318
391 1 3 2785 8 64 12
392 0 7 2792 1 5 1
393 0 6 2801 1 4 1
394 0 2 2810 5 40 7
395 0 5 2817 114 1065 171
396 1 6 2825 3 25 4
397 1 1 2834 1 11 1
398 0 3 2837 48 428 72
399 1 2 2844 1 9 1
400 1 3 2851 1 11 1
401 0 4 2858 2 17 3
402 0 2 2866 1 9 1
403 1 1 2872 190 1821 285
404 0 4 2877 1281 13436 1921
405 0 3 2885 1496 15801 2244
406 1 1 2892 6315 71006 9472
407 0 1 2896 1 9 1
408 0 4 2901 57 513 85
409 1 1 2909 104 967 156
410 1 3 2914 1 9 1
411 1 9 2921 479 2115 718
412 1 1 2930 214 2063 321
413 1 1 2933 39103 473402 58654
414 0 3 2938 5 40 7
415 1 2 2945 345 3404 517
416 0 1 2951 23 197 34
417 0 5 2956 1 9 1
418 0 1 2964 28 242 42
419 1 1 2969 9 73 13
420 1 2 2974 1 9 1
421 1 2 2981 4 33 6
422 1 1 2987 49 438 73
423 1 2 2992 8 64 12
424 0 2 2998 25931 308896 38896
425 0 3 3004 14379 167275 21568
426 1 1 3011 1 11 1
427 1 1 3017 317 3115 475
428 0 13 3023 231 964 346
429 0 1 3033 5 41 7
430 0 16 3038 1 3 1
431 1 4 3048 1 9 1
432 1 12 3056 3 9 4
433 0 1 3066 14575 169649 21862
434 0 2 3071 1 9 1
435 1 1 3077 1 9 1
436 0 1 3080 434 4330 651
437 0 4 3084 28 242 42
438 1 1 3092 1 10 1
439 0 3 3098 293 2868 439
440 1 11 3106 46 167 69
441 0 1 3116 1 10 1
442 1 9 3121 56 207 84
443 0 4 3130 1 8 1
444 0 3 3138 104601 1315041 156901
445 0 2 3145 2 17 3
446 1 1 3151 1 11 1
447 1 2 3156 1 9 1
448 0 5 3162 1 9 1
449 0 8 3171 10 31 15
450 0 9 3180 188049 1202497 282073
451 1 3 3189 1 8 1
452 0 2 3196 1 10 1
453 1 2 3203 1 9 1
454 1 3 3209 87 801 130
455 0 1 3217 62 561 93
456 0 3 3222 622 6311 933
457 0 2 3230 1 9 1
458 0 2 3236 1 11 1
459 0 3 3242 27 233 40
460 1 5 3249 1 10 1
461 1 1 3257 21 179 31
462 1 2 3262 1 11 1
463 0 10 3268 1 5 1
464 0 7 3278 30 104 45
465 1 23 3287 4 12 6
466 0 1 3298 364 3601 546
467 0 5 3304 80 733 120
468 1 1 3312 31 270 46
469 0 2 3317 26 224 39
470 0 2 3323 5 40 7
471 1 2 3330 1 10 1
472 1 2 3337 485 4864 727
473 0 1 3343 9312 106415 13968
474 1 1 3347 2256 24268 3384
475 1 26 3352 1 6 1
476 1 17 3363 1 4 1
477 0 4 3373 9 73 13
478 1 3 3381 5629 62986 8443
479 0 1 3388 23 197 34
480 1 5 3392 1 10 1
481 1 9 3400 1 3 1
482 0 1 3409 12 99 18
483 1 1 3414 65205 805178 97807
484 1 2 3418 14 116 21
485 0 1 3425 44 391 66
486 0 5 3430 1 9 1
487 0 2 3438 12 98 18
488 1 27 3444 3 9 4
489 0 2 3455 6 48 9
490 1 7 3461 259 1091 388
491 1 1 3470 505 5074 757
492 0 4 3476 1 10 1
493 0 3 3484 5 40 7
494 1 1 3492 1 9 1
495 1 11 3498 1 4 1
496 0 3 3508 1 9 1
497 0 2 3516 4 33 6
498 0 1 3523 48 428 72
499 1 2 3528 4 33 6
500 0 5 3534 33 288 49
501 1 6 3542 1 9 1
502 0 5 3551 1365 14359 2047
503 1 1 3559 4 33 6
504 0 1 3563 1 10 1
505 1 6 3566 1 10 1
506 1 2 3575 1 9 1
507 1 19 3581 370 1602 555
508 1 1 3592 698 7120 1047
509 1 3 3597 309 3033 463
510 1 1 3604 21 179 31
511 1 1 3609 101 937 151
