0 0 5 5 1 8 1
1 1 1 13 165 1570 247
2 1 3 18 7 56 10
3 1 7 25 1 4 1
4 1 2 34 333060 4369684 499590
5 0 3 41 610 6184 915
6 0 6 48 1 11 1
7 1 3 57 5 40 7
8 1 6 64 1 4 1
9 1 2 73 94 869 141
10 1 3 79 34 297 51
11 1 2 86 36259 437676 54388
12 0 1 92 25 215 37
13 0 7 97 3 10 4
14 0 7 106 343 1477 514
15 1 1 115 1 9 1
16 0 1 120 1 10 1
17 1 4 125 28 242 42
18 1 1 133 10 81 15
19 1 1 136 96 889 144
20 1 2 141 1 9 1
21 1 1 147 119 1114 178
22 1 48 150 5 15 7
23 0 3 162 1 10 1
24 1 10 170 1160 5463 1740
25 1 8 180 3193 16108 4789
26 0 7 189 1 4 1
27 0 2 198 1 9 1
28 0 2 205 41 363 61
29 0 1 212 52 466 78
30 1 6 216 3 25 4
31 1 1 225 7 56 10
32 1 3 231 138 1301 207
33 1 9 238 24 81 36
34 0 2 247 2 17 3
35 1 2 254 296 2899 444
36 1 6 260 3 25 4
37 0 4 269 1 11 1
38 1 1 277 66 599 99
39 1 1 283 16 134 24
40 1 42 288 2 6 3
41 0 3 300 1445 15239 2167
42 1 1 307 186 1781 279
43 0 2 312 1 10 1
44 0 4 318 2 17 3
45 0 1 326 4 33 6
46 0 5 331 1 10 1
47 1 1 339 11 90 16
48 0 3 343 228 2205 342
49 1 5 350 112 1045 168
50 0 1 358 1 9 1
51 1 2 362 1 9 1
52 0 3 368 1 10 1
53 1 1 376 1 10 1
54 1 7 381 9 27 13
55 0 16 390 1 3 1
56 1 2 400 13 107 19
57 0 5 407 18 152 27
58 1 2 415 1 9 1
59 0 1 421 5165 57584 7747
60 0 14 425 1938 9456 2907
61 1 5 435 1 10 1
62 1 1 443 1 10 1
63 0 1 447 1 11 1
64 0 10 452 197 812 295
65 0 10 462 12 38 18
66 0 9 472 1 4 1
67 0 3 481 3 25 4
68 1 1 488 111 1035 166
69 1 2 494 103 957 154
70 1 5 500 3 25 4
71 1 7 508 2 6 3
72 0 4 517 682 6950 1023
73 0 4 525 1 9 1
74 0 3 533 150 1421 225
75 1 14 540 244 1023 366
76 1 2 550 41 363 61
77 1 1 556 1 12 1
78 1 17 560 13 41 19
79 1 10 570 2 7 3
80 0 3 580 385 3819 577
81 1 2 588 154 1460 231
82 1 2 594 2 17 3
83 1 4 600 62478 770242 93717
84 1 3 608 940 9722 1410
85 0 4 616 4709 52294 7063
86 1 7 624 965 4485 1447
87 1 24 633 11354 62051 17031
88 0 1 644 503 5053 754
89 0 2 648 1 10 1
90 1 10 655 3 9 4
91 1 4 665 1 10 1
92 0 7 673 1217 5750 1825
93 1 32 682 1 4 1
94 1 1 693 2 17 3
95 0 1 699 5 40 7
96 0 25 705 2 7 3
97 1 1 716 1518 16044 2277
98 0 6 719 31 108 46
99 0 9 728 27 93 40
100 1 2 737 17 143 25
101 1 4 743 2 17 3
102 1 2 751 13 107 19
103 0 1 757 1 12 1
104 0 3 763 654 6652 981
105 1 4 770 38 335 57
106 1 8 778 1 5 1
107 0 1 787 5 41 7
108 0 2 791 42 372 63
109 0 14 797 359 1551 538
110 0 1 807 1 9 1
111 1 2 813 141 1331 211
112 1 3 819 1 8 1
113 1 2 826 1 9 1
114 0 2 832 20 170 30
115 0 2 839 25 215 37
116 1 1 845 1 9 1
117 0 1 850 1 9 1
118 1 1 853 1 8 1
119 1 17 858 273 1154 409
120 0 2 868 256 2490 384
121 0 2 875 55 494 82
122 0 2 882 1 10 1
123 0 5 888 8 64 12
124 1 47 896 2 6 3
125 0 2 908 2057 22037 3085
126 1 3 914 6 48 9
127 1 8 922 35 124 52
128 0 2 931 25 215 37
129 0 4 937 25 215 37
130 0 1 945 1 9 1
131 1 18 951 2 7 3
132 0 20 961 203 838 304
133 0 4 972 1082 11262 1623
134 1 4 980 193 1851 289
135 1 1 988 3 25 4
136 1 1 994 2 17 3
137 1 1 999 3798 41791 5697
138 1 9 1004 1 4 1
139 1 16 1013 16 52 24
140 0 2 1023 1 9 1
141 0 11 1029 20 67 30
142 0 3 1039 986 10220 1479
143 1 4 1046 51 456 76
144 0 1 1054 4 33 6
145 0 2 1059 770 7891 1155
146 0 4 1066 192 1841 288
147 0 3 1074 122 1144 183
148 1 2 1081 92 849 138
149 1 1 1087 1 9 1
150 0 6 1092 17 143 25
151 1 2 1101 492 4937 738
152 1 5 1107 18 152 27
153 0 8 1115 1 4 1
154 1 1 1124 4 33 6
155 0 1 1130 405 4027 607
156 0 5 1135 7 56 10
157 1 6 1143 2437 26304 3655
158 0 25 1152 420 1836 630
159 0 2 1163 4 33 6
160 0 4 1169 152 1440 228
161 0 1 1177 1 10 1
162 1 1 1182 130 1222 195
163 1 1 1187 1 12 1
164 1 1 1191 127 1193 190
165 1 2 1196 603 6109 904
166 0 7 1202 2245 11064 3367
167 1 3 1211 14 116 21
168 0 7 1218 383 1663 574
169 1 12 1227 1 3 1
170 0 3 1237 1 11 1
171 1 1 1245 1 9 1
172 0 3 1251 1 10 1
173 1 1 1259 124 1163 186
174 0 10 1262 1 4 1
175 0 1 1272 1 10 1
176 1 5 1273 8 64 12
177 1 21 1281 1 4 1
178 1 1 1292 22 188 33
179 0 1 1297 4 33 6
180 0 8 1302 4 12 6
181 0 5 1311 5 40 7
182 0 19 1319 10606 57723 15909
183 1 7 1330 1 6 1
184 0 5 1339 1 11 1
185 1 1 1347 687 7003 1030
186 0 2 1351 1 11 1
187 1 2 1357 4 33 6
188 1 1 1363 1 11 1
189 1 4 1368 2 17 3
190 1 3 1376 1 11 1
191 1 1 1384 8 64 12
192 0 9 1390 4 12 6
193 0 2 1399 1 9 1
194 1 11 1406 44 159 66
195 1 2 1416 96 889 144
196 0 1 1422 19 161 28
197 1 2 1427 31 270 46
198 0 3 1434 1 11 1
199 0 1 1441 120 1124 180
200 1 1 1446 4542 50362 6813
201 1 2 1452 2 17 3
202 0 1 1458 17 143 25
203 0 6 1464 130 1222 195
204 1 5 1473 1368 14391 2052
205 0 1 1481 1 9 1
206 1 2 1484 1575 16674 2362
207 1 1 1491 57 513 85
208 1 2 1496 2 17 3
209 0 7 1503 21 70 31
210 0 3 1512 6 48 9
211 0 1 1519 324 3187 486
212 0 3 1524 2 17 3
213 1 1 1531 11088 127626 16632
214 1 1 1536 1 9 1
215 0 3 1541 28 243 42
216 1 2 1549 60 542 90
217 0 5 1556 577 5834 865
218 0 3 1564 1 9 1
219 0 4 1571 1 11 1
220 1 2 1579 1 11 1
221 1 1 1585 3 25 4
222 1 1 1591 1 10 1
223 1 3 1596 2810 30519 4215
224 0 1 1603 53 475 79
225 0 5 1609 1 9 1
226 1 5 1617 4 33 6
227 1 4 1625 1 9 1
228 1 5 1633 2 17 3
229 0 2 1641 290 2837 435
230 1 4 1648 10787 124021 16180
231 1 4 1656 1604 16995 2406
232 1 3 1664 81 743 121
233 0 7 1671 1 4 1
234 1 1 1680 2 17 3
235 0 5 1684 1 11 1
236 1 13 1692 29 100 43
237 1 5 1702 1 9 1
238 0 1 1710 1 8 1
239 1 10 1715 64973 392613 97459
240 1 11 1725 5 15 7
241 0 1 1735 13 108 19
242 1 3 1739 21524 254502 32286
243 1 3 1746 3 25 4
244 1 11 1753 2326 11490 3489
245 1 1 1763 517 5201 775
246 0 4 1767 9 73 13
247 1 2 1775 2 17 3
248 0 5 1782 405 4027 607
249 0 3 1791 1 10 1
250 1 5 1798 1 9 1
251 0 3 1806 7 56 10
252 0 4 1813 23 197 34
253 1 19 1821 7 21 10
254 0 5 1832 17 143 25
255 1 3 1840 1 9 1
256 1 3 1847 30 261 45
257 1 10 1855 5 15 7
258 0 1 1865 16 134 24
259 1 6 1869 1 11 1
260 1 2 1878 5 40 7
261 1 1 1884 2501 27025 3751
262 0 1 1889 3 25 4
263 1 1 1895 1 9 1
264 0 1 1900 27 233 40
265 1 10 1903 9 27 13
266 0 5 1913 1 11 1
267 1 2 1921 4452 49322 6678
268 0 2 1928 3096387 43889665 4644580
269 1 3 1934 488 4895 732
270 1 2 1941 5 41 7
271 1 1 1948 2685 29103 4027
272 1 1 1952 211 2032 316
273 1 4 1958 3 25 4
274 1 1 1966 239 2316 358
275 1 2 1972 2 17 3
276 0 8 1979 8 24 12
277 1 1 1988 217 2093 325
278 0 3 1993 69 628 103
279 0 1 2000 5878 65893 8817
280 1 3 2005 1 9 1
281 0 2 2012 15 125 22
282 0 9 2018 1018 4750 1527
283 1 2 2027 7 56 10
284 1 2 2033 11 90 16
285 0 1 2039 225 2174 337
286 0 10 2044 5 15 7
287 0 1 2054 12 99 18
288 1 4 2058 1 10 1
289 0 4 2066 41 362 61
290 1 13 2074 149 600 223
291 0 1 2084 3 25 4
292 0 1 2089 2 17 3
293 0 9 2093 2 7 3
294 0 5 2102 2909 31642 4363
295 1 3 2110 2 17 3
296 1 4 2117 1 12 1
297 0 2 2125 154 1460 231
298 1 1 2131 10 81 15
299 0 7 2137 1 5 1
300 0 1 2146 1 9 1
301 1 2 2149 80 734 120
302 1 4 2155 1 11 1
303 1 12 2163 832 3826 1248
304 0 4 2173 22 188 33
305 1 1 2181 1 11 1
306 0 2 2186 2 17 3
307 0 2 2193 1 9 1
308 1 2 2200 1 10 1
309 0 7 2206 1 4 1
310 1 3 2215 318 3125 477
311 1 5 2223 233 2256 349
312 0 2 2231 1 11 1
313 1 9 2237 1 3 1
314 0 3 2246 2 17 3
315 0 2 2253 1 9 1
316 0 6 2259 1 8 1
317 0 1 2268 2 17 3
318 1 2 2272 4 33 6
319 1 3 2278 1 10 1
320 0 2 2285 7979 90599 11968
321 1 2 2291 1 9 1
322 1 10 2297 1 4 1
323 0 1 2307 1 10 1
324 1 2 2311 1 10 1
325 1 21 2318 253 1063 379
326 1 2 2329 2027 21702 3040
327 1 5 2336 6 48 9
328 1 14 2344 27 93 40
329 0 3 2354 23 197 34
330 1 1 2361 235 2276 352
331 0 3 2364 5007 55749 7510
332 0 2 2371 121 1134 181
333 1 10 2378 1 4 1
334 1 1 2388 1 9 1
335 0 4 2392 735 7516 1102
336 0 3 2400 1 12 1
337 0 5 2407 264 2571 396
338 0 1 2415 1 9 1
339 0 1 2420 2 17 3
340 0 1 2424 392871 5185084 589306
341 0 1 2428 1 11 1
342 1 3 2433 2 17 3
343 1 1 2440 8153 92658 12229
344 0 4 2445 2 17 3
345 0 21 2453 45 163 67
346 1 4 2464 2 17 3
347 1 11 2472 10 31 15
348 0 1 2482 54 485 81
349 1 2 2485 1 10 1
350 1 4 2492 1 9 1
351 0 2 2500 1 12 1
352 0 3 2507 3 25 4
353 0 3 2514 1 9 1
354 0 3 2521 1 9 1
355 0 1 2528 12336 142614 18504
356 1 1 2534 3 25 4
357 1 4 2539 1809 19270 2713
358 1 7 2547 1 4 1
359 0 1 2556 4 33 6
360 0 1 2560 1 9 1
361 0 4 2565 184 1761 276
362 0 3 2573 275 2684 412
363 1 1 2580 1 9 1
364 0 2 2584 118 1104 177
365 1 2 2591 181 1730 271
366 0 9 2597 14 45 21
367 0 2 2606 1 10 1
368 0 1 2613 131 1232 196
369 1 3 2618 2 17 3
370 1 2 2625 1 10 1
371 0 1 2632 1079 11230 1618
372 1 6 2636 42337 514146 63505
373 1 32 2645 113 444 169
374 1 6 2656 1 12 1
375 0 1 2665 1 9 1
376 1 7 2670 1 4 1
377 1 2 2679 2 17 3
378 0 1 2686 1 10 1
379 1 4 2691 458228 6081016 687342
380 0 6 2699 1 10 1
381 0 9 2708 14 45 21
382 1 9 2717 465 2049 697
383 0 1 2726 1 9 1
384 0 19 2731 1 5 1
385 0 2 2742 2 17 3
386 1 1 2748 2 17 3
387 1 3 2754 1 9 1
388 0 8 2762 979 4555 1468
389 0 1 2771 1 8 1
390 1 1 2775 34 298 51
391 0 10 2780 1 4 1
392 1 4 2790 53 475 79
393 0 3 2798 69 628 103
394 1 3 2805 23 197 34
395 1 6 2812 1 10 1
396 0 7 2821 47 171 70
397 1 2 2830 1 9 1
398 1 4 2836 25871 308153 38806
399 0 2 2844 1 9 1
400 1 3 2851 3200 34952 4800
401 0 5 2858 21 179 31
402 1 4 2866 13 108 19
403 0 8 2874 164 666 246
404 1 5 2883 897 9257 1345
405 0 4 2891 1 10 1
406 0 1 2899 3 25 4
407 0 4 2902 8715 99320 13072
408 0 2 2910 1 9 1
409 1 2 2916 2 17 3
410 1 1 2922 1 10 1
411 1 11 2927 60 223 90
412 1 1 2937 1 9 1
413 0 1 2941 44 391 66
414 1 4 2947 81 743 121
415 0 1 2955 747 7644 1120
416 1 5 2958 4 33 6
417 0 3 2966 3 25 4
418 0 68 2974 43 155 64
419 1 10 2986 869 4009 1303
420 0 4 2996 20444 241234 30666
421 0 8 3004 1172 5523 1758
422 1 8 3013 1 3 1
423 0 6 3022 751 7687 1126
424 0 3 3031 36 316 54
425 0 8 3038 4951 25697 7426
426 1 2 3047 4 33 6
427 0 3 3053 19 161 28
428 1 5 3061 21 179 31
429 0 5 3069 1 9 1
430 0 5 3077 1 10 1
431 0 2 3085 101 937 151
432 1 2 3091 406 4038 609
433 0 23 3097 1 4 1
434 0 1 3108 1078 11219 1617
435 1 3 3113 1 11 1
436 1 1 3120 87 801 130
437 1 1 3125 321 3156 481
438 0 2 3130 51 456 76
439 1 2 3137 1032 10719 1548
440 1 23 3143 1 3 1
441 0 1 3154 1 9 1
442 1 2 3159 1 9 1
443 0 6 3165 10 81 15
444 1 4 3174 19 161 28
445 1 1 3182 6 48 9
446 1 3 3188 154 1460 231
447 0 3 3196 2 17 3
448 1 2 3203 7 56 10
449 1 44 3210 40 143 60
450 0 10 3222 5 15 7
451 1 4 3232 1 11 1
452 0 3 3240 6 48 9
453 1 3 3247 1 10 1
454 0 3 3254 41 363 61
455 1 2 3261 1 9 1
456 0 7 3267 431 1888 646
457 0 30 3276 3818 19487 5727
458 1 6 3287 15 125 22
459 1 1 3296 27 233 40
460 0 20 3301 100 389 150
461 1 2 3312 199 1911 298
462 0 2 3319 216 2083 324
463 0 7 3325 1 3 1
464 1 3 3334 1 9 1
465 0 4 3341 1 12 1
466 0 1 3349 12 99 18
467 1 5 3352 546 5506 819
468 1 1 3360 1 13 1
469 0 1 3364 3 25 4
470 0 4 3368 1 9 1
471 1 11 3376 1 5 1
472 0 3 3386 33 289 49
473 0 2 3394 4 33 6
474 0 56 3400 1 5 1
475 0 7 3412 1 4 1
476 1 3 3421 1 9 1
477 0 1 3428 5 40 7
478 0 10 3433 1806 8770 2709
479 0 3 3443 2 17 3
480 0 5 3450 10947 125937 16420
481 1 1 3459 1 9 1
482 1 1 3465 1 11 1
483 1 5 3471 220 2124 330
484 1 2 3479 5 40 7
485 1 1 3485 21 179 31
486 0 2 3491 1 10 1
487 0 8 3498 20 67 30
488 0 1 3507 14 116 21
489 1 4 3512 334 3290 501
490 1 4 3520 3 25 4
491 1 2 3528 3 25 4
492 0 2 3534 22 188 33
493 0 2 3540 38 335 57
494 1 4 3547 947 9798 1420
495 1 3 3555 92 849 138
496 0 7 3562 1 3 1
497 1 4 3571 21 178 31
498 0 3 3579 1 9 1
499 1 2 3586 13 108 19
500 0 8 3593 1263 5984 1894
501 0 2 3602 14 116 21
502 0 1 3609 102 947 153
