0 0 18 5 2 7 3
1 1 2 23 11 90 16
2 1 1 37 51 456 76
3 1 7 50 1 3 1
4 1 2 67 199 1911 298
5 0 2 81 1063 11056 1594
6 0 2 95 9 73 13
7 0 16 110 1 3 1
8 1 20 128 2 7 3
9 0 4 146 5 40 7
10 1 41 162 8 24 12
11 1 5 181 1 10 1
12 1 3 197 955 9884 1432
13 1 6 212 444468 5892001 666702
14 0 3 229 16 134 24
15 0 2 244 1 8 1
16 0 2 259 512 5148 768
17 0 12 273 1 3 1
18 0 1 291 1 10 1
19 1 4 304 1 10 1
20 0 4 320 136 1281 204
21 0 4 336 1 10 1
22 0 2 352 1 9 1
23 0 6 366 7 56 10
24 1 10 382 2726 13610 4089
25 0 3 399 3 25 4
26 0 1 414 64 580 96
27 0 3 427 1 11 1
28 1 2 442 1 9 1
29 0 5 457 4 33 6
30 1 15 473 1 4 1
31 0 4 491 14 116 21
32 1 8 507 1 3 1
33 1 2 524 4717 52387 7075
34 0 3 539 6 48 9
35 0 2 554 22 188 33
36 1 4 568 1 9 1
37 1 1 584 7 56 10
38 0 17 594 1 4 1
39 0 3 612 3 25 4
40 0 8 627 3472 17612 5208
41 0 3 644 3 25 4
42 0 10 660 3913571 28959190 5870356
43 0 9 677 1 4 1
44 1 1 694 1 10 1
45 0 3 707 1 10 1
46 0 14 722 4 12 6
47 1 2 740 1 11 1
48 0 3 754 1 11 1
49 0 3 769 1578 16707 2367
50 0 1 784 7593 86038 11389
51 1 1 796 28 243 42
52 1 4 809 1 9 1
53 1 4 825 1 10 1
54 0 2 841 1 10 1
55 1 1 855 2 17 3
56 1 3 865 2 17 3
57 0 5 880 1 10 1
58 0 4 896 1 9 1
59 1 2 912 8 64 12
60 0 2 927 1 10 1
61 1 2 941 15 125 22
62 0 5 956 4 33 6
63 1 5 972 204 1962 306
64 0 7 988 38 135 57
65 1 4 1005 1 9 1
66 1 4 1021 117 1094 175
67 1 8 1037 346 1490 519
68 0 18 1054 51 187 76
69 1 3 1072 1196 12506 1794
70 1 8 1087 1 5 1
71 1 2 1104 114 1064 171
72 0 3 1119 1 12 1
73 0 1 1134 432 4308 648
74 1 1 1146 3 25 4
75 1 8 1159 1 3 1
76 0 2 1176 5 41 7
77 0 1 1190 1 9 1
78 0 2 1203 60 542 90
79 1 1 1217 1 10 1
80 0 4 1230 265 2582 397
81 0 2 1246 13 107 19
82 0 4 1261 1 9 1
83 1 2 1277 3 25 4
84 0 4 1292 3 25 4
85 1 11 1308 1 4 1
86 0 3 1325 11216 129161 16824
87 1 14 1340 1 4 1
88 1 2 1358 197 1891 295
89 1 6 1372 3 9 4
90 0 1 1389 1 10 1
91 0 2 1401 1 8 1
92 0 9 1416 1 4 1
93 1 4 1433 1 11 1
94 1 4 1449 2 17 3
95 1 11 1465 2 7 3
96 1 2 1482 263 2561 394
97 0 3 1496 143 1351 214
98 0 1 1511 1 12 1
99 0 4 1523 20365 240265 30547
100 1 6 1539 2 17 3
101 1 3 1555 48 428 72
102 1 3 1571 10701 122992 16051
103 1 4 1586 1 11 1
104 0 7 1602 1 4 1
105 0 7 1619 289 1227 433
106 0 1 1636 2 17 3
107 0 2 1649 1 9 1
108 1 3 1663 5 40 7
109 0 3 1678 9658 110536 14487
110 1 6 1693 1 10 1
111 1 1 1710 1 10 1
112 0 2 1723 1 9 1
113 1 3 1738 198 1901 297
114 0 5 1753 3 25 4
115 1 2 1769 1 9 1
116 0 4 1783 1 11 1
117 1 9 1799 19258 108616 28887
118 1 3 1816 1 8 1
119 1 2 1831 1741 18514 2611
120 1 1 1845 14 116 21
121 1 12 1854 25 85 37
122 1 4 1872 3 25 4
123 1 4 1888 172 1640 258
124 0 5 1904 3 25 4
125 1 1 1920 36 316 54
126 0 4 1933 1 11 1
127 0 12 1949 5 15 7
128 0 3 1967 1 12 1
129 1 2 1982 1 9 1
130 0 4 1997 109 1015 163
131 1 1 2013 5 41 7
132 0 2 2026 1 10 1
133 1 1 2040 1 10 1
134 0 4 2052 1 11 1
135 1 1 2068 4 33 6
136 0 11 2080 1 3 1
137 1 6 2097 10 81 15
138 1 15 2114 317 1356 475
139 0 1 2132 1 8 1
140 0 5 2139 1 11 1
141 0 1 2155 2 17 3
142 1 5 2167 72 657 108
143 1 3 2183 1 9 1
144 0 4 2198 7 56 10
145 0 3 2214 1 9 1
146 1 1 2229 1 11 1
147 0 3 2240 1 10 1
148 1 5 2255 19 161 28
149 0 4 2271 1 12 1
150 0 6 2287 2 17 3
151 1 3 2303 4136 45677 6204
152 1 15 2318 3 9 4
153 1 2 2336 1 8 1
154 1 18 2351 79 301 118
155 1 9 2369 5 15 7
156 1 1 2386 1 9 1
157 0 4 2399 6 48 9
158 1 5 2415 280 2735 420
159 0 3 2431 51 457 76
160 0 15 2446 1 5 1
161 0 1 2464 238 2306 357
162 1 2 2477 7 56 10
163 1 7 2491 1 5 1
164 0 3 2508 1 10 1
165 1 15 2523 198 816 297
166 1 20 2541 1 5 1
167 0 1 2559 1 10 1
168 0 4 2568 6 48 9
169 1 4 2584 5 40 7
170 0 3 2600 9 73 13
171 1 4 2615 1 11 1
172 0 3 2631 1 9 1
173 0 2 2646 1 10 1
174 0 1 2659 3996933 57137089 5995399
175 0 1 2671 6961 78590 10441
176 1 5 2679 60 542 90
177 0 11 2695 1614 7778 2421
178 0 77 2712 11 34 16
179 0 3 2732 30 260 45
180 1 2 2747 7 56 10
181 0 1 2762 6 48 9
182 1 1 2771 1 10 1
183 0 3 2782 111 1035 166
184 0 17 2798 764 3492 1146
185 1 3 2816 199 1911 298
186 0 1 2831 10 81 15
187 1 2 2844 1 9 1
188 0 4 2858 102 947 153
189 1 2 2874 512 5148 768
190 0 3 2889 209 2012 313
191 0 6 2904 382 3788 573
192 1 5 2921 1 10 1
193 1 2 2937 130 1222 195
194 0 4 2951 4 33 6
195 0 4 2967 2593 28064 3889
196 1 7 2983 1 3 1
197 0 9 3000 1 3 1
198 0 3 3017 1221 12779 1831
199 1 5 3032 2 17 3
200 0 21 3048 751 3428 1126
201 0 4 3066 1 9 1
202 0 4 3082 2 17 3
203 0 5 3098 127 1193 190
204 0 3 3114 1 10 1
205 1 3 3129 2 17 3
206 0 2 3144 26570301 403636073 39855451
207 1 1 3158 19 161 28
208 0 2 3171 4 33 6
209 1 1 3185 1 11 1
210 0 9 3196 1 3 1
211 1 11 3213 4 12 6
212 1 5 3230 11 90 16
213 0 1 3246 30 261 45
214 1 6 3256 1 9 1
215 1 11 3273 1 4 1
216 0 1 3290 1 9 1
217 1 8 3302 1 4 1
218 1 6 3319 1 9 1
219 0 2 3336 130 1222 195
220 0 2 3350 337 3321 505
221 0 2 3364 16002 186965 24003
222 1 3 3378 1 8 1
223 0 12 3393 116 457 174
224 1 2 3411 4963 55238 7444
225 1 1 3425 1 10 1
226 0 5 3438 1 9 1
227 1 36 3454 2 7 3
228 0 2 3473 322 3167 483
229 1 2 3487 23 197 34
230 1 6 3501 1 9 1
231 1 2 3517 8 64 12
232 0 3 3531 6 48 9
233 1 1 3546 70 637 105
234 0 7 3559 1 5 1
235 0 6 3576 1 10 1
236 0 1 3592 34 298 51
237 1 3 3605 2 17 3
238 1 1 3621 15 125 22
