0 0 6 5 1 9 1
1 1 5 13 1 9 1
2 0 4 21 1 10 1
3 0 4 29 1 11 1
4 0 4 37 63 570 94
5 1 1 45 1 9 1
6 0 9 49 1 5 1
7 0 15 58 11363 62102 17044
8 0 2 67 8606 98026 12909
9 1 7 74 1563 7515 2344
10 1 11 82 1 4 1
11 1 20 91 11 34 16
12 0 1 100 170 1620 255
13 1 1 107 2 17 3
14 0 3 112 4 33 6
15 0 2 120 1 9 1
16 1 2 127 77 705 115
17 0 2 134 1 9 1
18 0 11 141 85 326 127
19 1 2 150 2 17 3
20 0 5 157 15 125 22
21 1 1 165 1728 18370 2592
22 0 1 170 1073 11165 1609
23 1 5 176 17 143 25
24 1 4 184 55513 681272 83269
25 1 13 192 197 812 295
26 1 2 201 909 9387 1363
27 1 7 208 1 3 1
28 0 1 216 266 2592 399
29 1 5 222 22 188 33
30 1 3 230 5 40 7
31 0 1 237 35680 430415 53520
32 1 1 244 1 10 1
33 0 1 251 7330 82936 10995
34 1 1 255 2756 29907 4134
35 1 2 261 4635 51438 6952
36 0 2 268 1 11 1
37 1 2 275 6 48 9
38 1 1 282 1 10 1
39 1 4 289 61 551 91
40 0 1 297 24 206 36
41 0 2 303 1 9 1
42 1 13 310 52 191 78
43 0 1 319 159 1510 238
44 1 1 325 3682 40461 5523
45 1 5 330 1 9 1
46 0 3 338 1 9 1
47 0 2 346 1 10 1
48 0 4 353 73599 913046 110398
49 0 2 361 144 1361 216
50 0 2 368 239 2316 358
51 0 2 375 1 9 1
52 1 5 382 2 17 3
53 0 3 390 78 714 117
54 0 6 398 1 9 1
55 1 2 406 1 9 1
56 1 2 413 35 307 52
57 1 10 420 62 231 93
58 0 2 429 14 116 21
59 1 1 436 124 1163 186
60 1 2 442 25 215 37
61 0 3 449 1 9 1
62 1 4 457 1 9 1
63 1 6 465 1 3 1
64 1 2 473 52 466 78
65 1 3 480 1 9 1
66 1 2 487 80 733 120
67 1 5 494 34 297 51
68 1 5 502 3 25 4
69 1 1 510 45 400 67
70 1 5 516 74 676 111
71 0 7 524 5104 26542 7656
72 1 8 532 1 4 1
73 0 9 540 212 878 318
74 1 1 549 3 25 4
75 1 1 556 1 9 1
76 1 2 562 362 3580 543
77 1 1 569 1150 12004 1725
78 0 2 575 815 8374 1222
79 0 10 582 1734 8397 2601
80 1 7 591 60 223 90
81 0 4 599 1 9 1
82 1 2 607 2 17 3
83 1 7 614 55 203 82
84 0 1 622 23 197 34
85 1 2 628 1 9 1
86 1 5 635 3 25 4
87 0 1 643 28 242 42
88 1 2 649 1185 12385 1777
89 0 2 656 1 10 1
90 0 5 663 1 9 1
91 1 2 671 1380 14523 2070
92 0 6 678 1286 13491 1929
93 1 1 686 43 381 64
94 1 4 692 15132 176400 22698
95 1 10 700 4 12 6
96 0 2 709 37 325 55
97 0 2 716 2 17 3
98 1 2 723 6 48 9
99 0 2 730 1 11 1
100 1 16 737 3 10 4
101 1 2 746 93 859 139
102 1 2 753 7 56 10
103 1 7 760 1 3 1
104 0 5 768 26 224 39
105 1 1 776 1 11 1
106 0 2 782 2 17 3
107 0 10 789 184 754 276
108 0 5 798 1532 16199 2298
109 0 1 806 3 25 4
110 1 23 812 24 82 36
111 0 10 821 4 12 6
112 1 5 830 1 9 1
113 1 1 838 25027 297707 37540
114 0 2 843 2547357 35872273 3821035
115 0 4 850 97 898 145
116 1 4 858 36 316 54
117 0 2 866 1 10 1
118 1 1 873 1 9 1
119 0 2 880 1 8 1
120 1 2 887 1 11 1
121 1 3 894 43 381 64
122 0 1 902 74 675 111
123 1 7 908 7 21 10
124 0 3 916 1 9 1
125 1 5 924 2913 31687 4369
126 0 4 932 1 10 1
127 1 1 940 2 17 3
128 1 1 946 1 9 1
129 0 1 952 50 447 75
130 1 3 958 1 10 1
131 1 19 966 25 85 37
132 1 2 975 1 8 1
133 0 6 982 8965 102289 13447
134 0 4 990 1 9 1
135 1 1 998 1906 20351 2859
136 0 12 1004 2 6 3
137 1 1 1013 3961 43663 5941
138 1 1 1019 5 40 7
139 1 3 1026 4 33 6
140 0 15 1034 5 15 7
141 0 13 1043 81 310 121
142 0 4 1052 1 9 1
143 0 53 1060 17278 96828 25917
144 0 1 1070 5 40 7
145 0 1 1077 1 9 1
146 0 1 1083 2 17 3
147 1 5 1089 3714 40827 5571
148 1 3 1097 1 13 1
149 0 2 1105 5 40 7
150 1 3 1112 2 17 3
151 0 3 1119 8 64 12
152 1 2 1127 50 447 75
153 1 6 1134 1 11 1
154 1 7 1142 2044 10009 3066
155 1 4 1150 47 419 70
156 1 1 1158 23 197 34
157 1 1 1163 12 99 18
158 0 5 1169 611 6195 916
159 1 2 1177 1 10 1
160 0 1 1184 4849 53916 7273
161 1 3 1189 1 10 1
162 0 1 1197 8 64 12
163 1 16 1203 1 4 1
164 1 3 1212 4 33 6
165 1 2 1220 1 11 1
166 0 6 1227 3 25 4
167 1 3 1235 2 17 3
168 1 7 1243 1 3 1
169 0 2 1251 62 561 93
170 1 8 1258 3256476 23898707 4884714
171 1 2 1266 17 143 25
172 0 1 1273 1 9 1
173 1 2 1279 1 9 1
174 1 3 1286 1 9 1
175 0 2 1294 26713 318587 40069
176 1 21 1301 1 4 1
177 1 1 1310 1301 13656 1951
178 1 1 1316 3 25 4
179 1 2 1321 16 134 24
180 0 4 1328 7 56 10
181 0 1 1336 39 344 58
182 1 3 1343 144 1361 216
183 0 1 1351 1 9 1
184 0 5 1358 53 475 79
185 1 12 1366 1 4 1
186 1 3 1375 8 64 12
187 1 1 1383 488 4895 732
188 0 3 1388 36 316 54
189 1 2 1396 1 10 1
190 0 1 1403 1 10 1
191 1 12 1409 2 6 3
192 1 3 1418 780 7998 1170
193 0 10 1426 1 6 1
194 1 3 1435 1 9 1
195 0 1 1443 1 9 1
196 1 3 1450 16 134 24
197 1 3 1458 1 9 1
198 1 25 1466 5 15 7
199 0 3 1475 365 3611 547
200 0 3 1482 35 307 52
201 0 4 1489 1142 11916 1713
202 1 1 1497 1 9 1
203 1 2 1504 1 10 1
204 1 1 1511 1 9 1
205 0 2 1517 1403 14776 2104
206 0 2 1524 504 5063 756
207 0 4 1531 1 9 1
208 0 2 1539 5 41 7
209 0 4 1546 1 10 1
210 1 3 1554 1 10 1
211 0 9 1562 6 18 9
212 1 3 1571 1 9 1
213 0 6 1579 1 9 1
214 0 6 1587 6 48 9
215 0 9 1595 1 5 1
216 0 7 1604 141 565 211
217 0 1 1612 404 4016 606
218 1 1 1619 7 56 10
219 1 9 1625 289 1228 433
220 0 3 1634 26 224 39
221 0 3 1641 3 25 4
222 0 5 1649 1 10 1
223 0 5 1657 72 656 108
224 0 3 1665 20331 239848 30496
225 0 2 1673 1 9 1
226 1 4 1680 1 11 1
227 0 2 1688 2 17 3
228 1 8 1695 1 5 1
229 0 1 1703 80183 997975 120274
230 0 3 1709 58387 717937 87580
231 1 1 1717 1 8 1
232 0 2 1722 720 7356 1080
233 1 20 1729 1 3 1
234 1 1 1738 3308 36183 4962
235 1 5 1744 3 25 4
236 1 2 1752 12 99 18
237 1 7 1759 749 3418 1123
238 1 3 1767 1 9 1
239 0 1 1775 264 2571 396
240 1 2 1781 1 9 1
241 0 7 1788 7 21 10
242 0 6 1796 3 25 4
243 0 3 1804 179 1710 268
244 1 3 1812 1 9 1
245 0 3 1819 256 2489 384
246 0 6 1827 126 500 189
247 1 5 1835 1791 19070 2686
248 0 2 1843 35 307 52
249 1 9 1850 524 2329 786
250 0 1 1859 2 17 3
251 1 1 1865 5 40 7
252 0 3 1871 4 33 6
253 1 1 1879 204 1962 306
254 1 2 1885 8 64 12
255 1 1 1892 16 134 24
256 1 4 1899 1 9 1
257 1 6 1907 8254 93854 12381
258 1 4 1915 7 56 10
259 0 2 1923 1 9 1
260 1 2 1930 2 17 3
261 0 5 1937 25 215 37
262 0 3 1945 1241 12998 1861
263 0 8 1953 2 6 3
264 1 7 1961 34 120 51
265 0 3 1969 1 10 1
266 0 5 1977 28 242 42
267 0 7 1985 26 89 39
268 0 3 1993 1 12 1
269 0 6 2001 15 125 22
270 1 2 2009 9328 106606 13992
271 1 1 2016 1 11 1
272 0 3 2023 1 10 1
273 1 1 2031 582 5887 873
274 1 1 2037 2512 27149 3768
275 1 1 2043 19 161 28
276 1 1 2048 535 5390 802
277 1 6 2054 6 48 9
278 0 6 2062 50 447 75
279 0 2 2070 266520 3468594 399780
280 0 2 2077 1 10 1
281 0 3 2084 15 125 22
282 0 5 2092 412 4100 618
283 0 3 2100 196141 2524207 294211
284 0 1 2108 1 9 1
285 0 1 2114 1889 20161 2833
286 0 3 2120 6497 73139 9745
287 0 2 2128 3 25 4
288 1 2 2135 1 9 1
289 0 3 2142 554847 7413434 832270
290 1 1 2150 266 2592 399
291 1 4 2157 1 10 1
292 1 1 2165 1 11 1
293 1 3 2172 1 10 1
294 0 1 2180 3 25 4
295 0 1 2186 32 279 48
296 0 3 2193 5 41 7
297 1 1 2200 212 2043 318
298 1 5 2206 210 2022 315
299 0 2 2214 23 197 34
300 1 16 2221 1 4 1
301 0 3 2230 1 9 1
302 1 4 2238 1 12 1
303 1 1 2246 1 10 1
304 1 5 2252 1 9 1
305 1 1 2260 1 9 1
306 0 2 2267 1 9 1
307 1 2 2274 1 8 1
308 0 2 2281 9 73 13
309 0 1 2288 204 1962 306
310 0 18 2294 536 2387 804
311 1 4 2303 71 647 106
312 1 3 2311 277 2704 415
313 1 1 2319 3 25 4
314 1 2 2325 1 10 1
315 1 1 2332 1 9 1
316 0 3 2337 1 9 1
317 1 2 2345 1 10 1
318 1 1 2352 3 25 4
319 1 1 2358 80 733 120
320 1 3 2364 3 25 4
321 1 14 2372 209 865 313
322 1 7 2381 23 78 34
323 1 1 2389 1 10 1
324 1 1 2395 1 10 1
325 1 3 2401 31 270 46
326 0 2 2409 17 143 25
327 1 7 2416 1 3 1
328 0 1 2424 1 10 1
329 1 1 2430 1 9 1
330 1 4 2436 9 72 13
331 0 3 2444 1 8 1
332 0 9 2451 1 5 1
333 1 1 2460 1 9 1
334 0 2 2464 1 9 1
335 1 3 2471 1 10 1
336 0 17 2479 32 112 48
337 1 10 2488 18 59 27
338 1 4 2497 1 10 1
339 1 2 2505 26 224 39
340 0 1 2512 1 9 1
341 1 2 2519 1 9 1
342 1 1 2526 1 9 1
343 0 3 2532 37 325 55
344 1 3 2540 22 188 33
345 1 2 2547 3 25 4
346 1 9 2554 1 4 1
347 1 2 2563 2 17 3
348 0 3 2570 35 307 52
349 0 2 2577 350 3456 525
350 1 4 2584 1 10 1
351 0 1 2592 25 215 37
352 0 2 2599 207 1992 310
353 1 3 2606 1 10 1
354 1 3 2614 1 8 1
355 0 2 2622 1 9 1
356 1 2 2629 225 2174 337
357 1 5 2636 1173 12255 1759
358 1 4 2644 17 143 25
359 0 4 2652 17598 206404 26397
360 0 5 2660 1 9 1
361 0 1 2668 139 1311 208
362 1 3 2674 1 9 1
363 0 1 2682 1 9 1
364 0 1 2688 1 9 1
365 1 6 2693 211 2033 316
366 1 1 2701 10717 123184 16075
367 0 2 2707 9962 114161 14943
368 0 5 2714 311 3053 466
369 0 5 2722 25 215 37
370 0 4 2730 115 1074 172
371 1 3 2738 86 792 129
372 0 7 2746 3 9 4
373 0 6 2754 1 10 1
374 1 7 2762 35 124 52
375 1 5 2770 1 10 1
376 0 3 2778 1 9 1
377 0 1 2785 1683 17870 2524
378 1 1 2791 27 233 40
379 1 2 2798 1 10 1
380 1 1 2805 153 1450 229
381 1 4 2811 137 1291 205
382 0 5 2819 144 1361 216
383 0 4 2827 10 81 15
384 0 5 2835 2638 28572 3957
385 0 18 2843 1 6 1
386 0 4 2852 703 7174 1054
387 0 5 2860 1 9 1
388 0 4 2868 23 197 34
389 0 1 2876 2 17 3
390 1 4 2882 1 8 1
391 0 1 2890 2 17 3
392 0 2 2896 2 17 3
393 1 7 2903 8740 47007 13110
394 0 2 2911 1 11 1
395 0 1 2918 1 10 1
396 0 6 2922 1 5 1
397 0 2 2930 3 25 4
398 1 2 2937 1 8 1
399 1 11 2944 1 3 1
400 1 60 2953 9 27 13
401 1 1 2963 8 64 12
402 0 1 2969 56 504 84
403 1 6 2974 4 12 6
404 1 6 2982 58 215 87
405 1 4 2990 1 8 1
406 1 2 2998 2 17 3
407 0 19 3005 1 3 1
408 1 5 3014 719 7345 1078
409 1 3 3022 15 125 22
410 1 4 3030 73 666 109
411 1 7 3038 1 4 1
412 1 1 3046 1 10 1
413 0 2 3052 1 9 1
414 0 8 3059 23 78 34
415 1 2 3068 3 25 4
416 1 5 3075 1082 11262 1623
417 0 6 3083 1 9 1
418 0 8 3091 6 18 9
419 1 2 3099 1066 11088 1599
420 1 1 3106 1 9 1
421 0 7 3112 1 4 1
422 0 7 3120 1 3 1
423 1 4 3128 2 17 3
424 0 2 3136 1 9 1
425 1 1 3143 308 3023 462
426 0 6 3149 1 12 1
427 1 2 3157 2 17 3
428 0 1 3164 43 381 64
429 0 1 3170 4 33 6
430 0 1 3175 4 33 6
431 0 1 3181 5 40 7
432 0 2 3186 14 116 21
433 1 5 3193 1 9 1
434 1 1 3201 4893 54426 7339
435 0 12 3207 3 10 4
436 1 1 3216 323 3177 484
437 1 8 3221 1 6 1
438 0 5 3230 1 11 1
439 0 8 3238 1 4 1
440 1 2 3246 8 64 12
441 0 2 3253 197 1891 295
442 1 3 3260 5895 66091 8842
443 0 2 3267 214 2063 321
444 0 9 3274 1 4 1
445 0 21 3283 1 5 1
446 0 6 3292 127 1192 190
447 0 2 3300 6 48 9
448 0 5 3307 722 7377 1083
449 1 6 3315 636 6460 954
450 1 7 3323 96 372 144
451 1 1 3331 6 48 9
452 0 1 3335 1 9 1
453 0 19 3342 1 3 1
454 1 16 3351 1 3 1
455 1 1 3360 957 9906 1435
456 0 5 3366 4 33 6
457 0 2 3374 68 618 102
458 1 2 3381 3 25 4
459 1 2 3388 5 40 7
460 0 1 3395 153 1450 229
461 0 2 3401 6 48 9
462 1 1 3408 33 288 49
463 0 1 3414 89 821 133
464 1 1 3420 1 9 1
465 1 1 3427 182 1740 273
466 0 3 3434 1 9 1
467 1 7 3442 23119 131791 34678
468 1 1 3450 375 3715 562
469 1 21 3456 229 955 343
470 0 2 3465 5 40 7
471 0 8 3472 75 284 112
472 1 4 3480 1 9 1
473 1 2 3488 10 81 15
474 0 2 3495 149 1411 223
475 0 1 3502 1 8 1
476 1 2 3507 380 3767 570
477 1 6 3514 2 17 3
478 1 1 3522 63 570 94
479 0 1 3529 1 10 1
480 1 1 3536 2 17 3
481 1 2 3542 1 9 1
482 0 3 3549 1 9 1
483 1 3 3556 8 64 12
484 0 2 3564 1 9 1
485 0 4 3571 198050 2549682 297075
486 0 1 3579 8514 96935 12771
487 1 9 3586 25 85 37
488 1 9 3595 1 4 1
489 1 6 3604 224 2164 336
490 0 3 3612 1 9 1
