0 0 14 5 1 3 1
1 0 3 14 8 64 12
2 1 4 21 1 11 1
3 0 2 29 130 1222 195
4 0 1 36 1555 16453 2332
5 0 3 43 2 17 3
6 1 4 51 1 11 1
7 1 2 59 703 7174 1054
8 1 3 66 30 261 45
9 0 5 73 1 11 1
10 0 1 81 1 9 1
11 0 2 86 3 25 4
12 0 10 93 2 7 3
13 1 5 102 113 1055 169
14 1 5 110 2 17 3
15 1 1 118 664 6758 996
16 1 4 124 13 107 19
17 0 1 132 19 161 28
18 0 2 138 1 11 1
19 1 1 145 233 2255 349
20 1 4 151 10 81 15
21 0 2 159 69 628 103
22 1 2 166 16 134 24
23 1 1 173 39 344 58
24 0 2 178 7 56 10
25 1 1 185 5 40 7
26 0 4 191 1 9 1
27 0 25 199 1 3 1
28 0 6 208 26 89 39
29 0 5 216 84 772 126
30 1 2 224 1 9 1
31 0 1 231 47 419 70
32 0 8 237 1 4 1
33 1 2 245 15 125 22
34 1 10 252 2 7 3
35 1 2 261 2 17 3
36 1 6 268 45 163 67
37 0 1 276 1 10 1
38 1 7 282 1 3 1
39 0 7 290 1 3 1
40 0 13 298 10 31 15
41 1 8 307 19 63 28
42 1 20 315 27 93 40
43 1 12 324 1 4 1
44 1 1 333 2 17 3
45 1 1 339 1 10 1
46 1 2 345 1 9 1
47 0 6 352 1 10 1
48 1 7 360 1322 6283 1983
49 1 5 368 67 609 100
50 1 10 376 11 34 16
51 0 1 385 1 9 1
52 0 2 390 1 9 1
53 0 1 397 31 270 46
54 0 5 402 6 48 9
55 1 15 410 1 3 1
56 0 2 419 1 11 1
57 0 9 426 1 4 1
58 0 4 435 63 570 94
59 0 7 443 36 128 54
60 1 4 451 2 17 3
61 1 6 459 2 7 3
62 1 1 467 19985 235604 29977
63 1 2 474 1 9 1
64 0 2 481 1 9 1
65 1 15 488 692 3140 1038
66 1 9 497 1 3 1
67 1 2 506 1 9 1
68 0 9 513 1 4 1
69 0 1 522 6 48 9
70 1 3 528 4 33 6
71 1 18 536 8 24 12
72 0 4 545 12 99 18
73 0 3 553 1 9 1
74 1 1 561 1 9 1
75 0 1 567 2 17 3
76 0 6 574 101 937 151
77 1 9 582 18 59 27
78 0 2 591 29 252 43
79 1 3 598 1 9 1
80 0 4 606 1 8 1
81 1 1 614 1 11 1
82 0 7 621 1 5 1
83 0 6 629 15 49 22
84 0 10 637 1 7 1
85 1 3 646 30 261 45
86 0 31 654 40 143 60
87 0 2 663 1 9 1
88 1 2 670 1 11 1
89 1 12 677 1 4 1
90 1 10 686 1 4 1
91 1 5 695 670 6822 1005
92 1 1 703 1 9 1
93 1 2 709 19 161 28
94 0 2 716 3 25 4
95 0 9 723 7 21 10
96 0 3 732 1 9 1
97 0 5 740 1 9 1
98 0 5 748 1 9 1
99 1 3 756 1 9 1
100 0 3 763 1 9 1
101 1 3 771 77 705 115
102 1 2 779 1 10 1
103 1 8 786 128 509 192
104 1 5 795 4953 55122 7429
105 1 1 803 43 381 64
106 1 4 808 621 6301 931
107 0 4 816 1 8 1
108 0 43 824 1 4 1
109 0 5 834 8 64 12
110 0 5 842 367 3632 550
111 0 2 850 1 10 1
112 1 1 857 1 12 1
113 1 1 862 1 10 1
114 0 9 867 5 15 7
115 0 2 876 1 9 1
116 0 31 883 1 4 1
117 0 3 892 1 10 1
118 0 7 900 108 423 162
119 1 5 908 1 9 1
120 0 1 916 1 9 1
121 0 1 921 1 9 1
122 0 2 927 7 56 10
123 1 1 934 39 344 58
124 1 6 939 22 188 33
125 1 6 947 2 17 3
126 1 8 955 2 7 3
127 1 1 964 80 734 120
128 1 6 970 2299 24750 3448
129 1 1 978 2 17 3
130 0 6 985 1 9 1
131 1 2 993 1 9 1
132 0 2 1000 141 1331 211
133 1 2 1007 342 3373 513
134 1 1 1014 3078 33563 4617
135 0 4 1020 7980 90611 11970
136 0 9 1028 1 4 1
137 0 1 1037 1 11 1
138 1 9 1042 461 2030 691
139 0 3 1051 19 161 28
140 0 2 1058 1 10 1
141 0 5 1065 18 152 27
142 0 3 1073 1 11 1
143 0 3 1081 4 33 6
144 0 11 1089 1 4 1
145 1 8 1098 1 5 1
146 0 3 1107 1 10 1
147 0 16 1115 1 3 1
148 1 4 1124 165905 2121951 248857
149 1 5 1132 5 40 7
150 1 1 1140 2 17 3
151 1 1 1145 2 17 3
152 0 1 1151 6 48 9
153 1 5 1157 21 179 31
154 0 1 1165 6 48 9
155 1 1 1172 9 73 13
156 1 6 1178 12 99 18
157 0 5 1186 3 25 4
158 0 3 1194 739 7559 1108
159 1 1 1202 1 9 1
160 0 1 1207 50 447 75
161 0 1 1213 1 9 1
162 1 2 1219 1 10 1
163 0 10 1226 1 4 1
164 0 5 1235 1140 11894 1710
165 1 1 1243 1 9 1
166 0 1 1249 262 2551 393
167 1 3 1253 4 33 6
168 0 1 1261 1 9 1
169 0 3 1268 24 206 36
170 0 5 1276 1 11 1
171 1 5 1284 1 11 1
172 0 1 1292 2 17 3
173 1 1 1298 16 134 24
174 1 1 1305 2 17 3
175 0 2 1310 195 1871 292
176 1 2 1317 36 316 54
177 1 1 1324 1853 19760 2779
178 0 2 1331 1487 15702 2230
179 1 2 1338 1 10 1
180 0 1 1345 2 17 3
181 0 1 1350 1 9 1
182 0 3 1357 488 4895 732
183 1 5 1365 9801 112241 14701
184 1 1 1373 964 9982 1446
185 1 2 1379 13506 156719 20259
186 1 8 1386 4295 22090 6442
187 0 2 1395 1 9 1
188 1 1 1402 1 11 1
189 0 10 1408 743 3389 1114
190 0 2 1417 155 1470 232
191 1 1 1424 1 11 1
192 0 5 1429 999 10361 1498
193 0 3 1437 1 10 1
194 0 3 1445 110 1025 165
195 1 4 1453 2 17 3
196 0 7 1461 18 59 27
197 1 1 1469 1 13 1
198 1 1 1475 8 64 12
199 1 7 1480 1 4 1
200 0 7 1488 1 5 1
201 1 4 1496 1 9 1
202 1 2 1504 1 8 1
203 1 3 1511 1 14 1
204 1 6 1519 24 206 36
205 1 8 1527 2 6 3
206 0 4 1535 38 335 57
207 0 1 1543 979 10144 1468
208 0 5 1548 21 179 31
209 1 1 1556 3 25 4
210 1 2 1561 928 9592 1392
211 0 13 1568 29 101 43
212 0 1 1577 1 10 1
213 1 4 1584 149 1411 223
214 0 2 1592 1057 10991 1585
215 1 8 1599 3356 16986 5034
216 0 1 1607 1 10 1
217 1 1 1613 1 10 1
218 0 4 1619 184 1760 276
219 1 4 1627 1 9 1
220 0 1 1635 1 11 1
221 1 4 1642 41 363 61
222 1 1 1650 95 879 142
223 0 3 1656 1 9 1
224 1 10 1664 291 1237 436
225 1 2 1673 1 11 1
226 1 3 1680 1 10 1
227 0 3 1688 113 1055 169
228 0 11 1696 872 4024 1308
229 0 2 1705 20 170 30
230 1 4 1712 1762 18748 2643
231 1 1 1720 308 3023 462
232 0 2 1726 1 8 1
233 0 1 1733 1181 12342 1771
234 0 12 1740 42 151 63
235 0 1 1749 30 261 45
236 0 9 1756 2 6 3
237 1 10 1765 1 4 1
238 0 2 1774 26 224 39
239 0 4 1781 248 2408 372
240 1 5 1789 1 9 1
241 1 8 1797 8 24 12
242 1 2 1806 219 2113 328
243 1 2 1813 389 3860 583
244 1 2 1820 1 10 1
245 1 2 1827 2788 30270 4182
246 1 1 1834 1 10 1
247 0 1 1840 2036 21802 3054
248 0 2 1846 17 143 25
249 0 3 1853 1 10 1
250 0 1 1861 236 2286 354
251 0 1 1865 19 161 28
252 0 4 1871 119 1114 178
253 1 2 1879 1 10 1
254 1 2 1886 1 11 1
255 1 5 1893 1 9 1
256 0 11 1901 1 3 1
257 1 1 1910 156 1480 234
258 1 2 1915 117 1094 175
259 0 4 1922 1 9 1
260 0 1 1930 1 10 1
261 0 5 1936 6 48 9
262 1 7 1944 55 203 82
263 1 1 1952 25 215 37
264 1 3 1957 9958 114113 14937
265 1 4 1965 1 10 1
266 1 3 1973 5 40 7
267 1 11 1980 13131 72394 19696
268 1 4 1989 1 9 1
269 0 3 1997 15694 183223 23541
270 0 3 2005 53 475 79
271 1 3 2013 4 33 6
272 0 1 2021 13 108 19
273 1 7 2027 1 5 1
274 1 1 2035 1 9 1
275 1 7 2041 11 34 16
276 0 1 2049 65 589 97
277 1 14 2056 4 12 6
278 1 15 2065 5624 29427 8436
279 1 1 2074 2410 26000 3615
280 1 2 2079 14 116 21
281 0 1 2086 28 242 42
282 0 1 2093 319 3136 478
283 0 1 2099 2 17 3
284 0 5 2105 4 33 6
285 1 1 2113 15 125 22
286 0 1 2116 32066 385199 48099
287 0 7 2122 2 6 3
288 0 1 2130 9 73 13
289 0 2 2136 2 17 3
290 0 5 2143 8 64 12
291 1 2 2151 1533 16210 2299
292 0 2 2158 1 10 1
293 1 2 2165 7 56 10
294 0 8 2172 23 78 34
295 0 11 2181 1 4 1
296 0 2 2190 937 9690 1405
297 1 14 2197 1 3 1
298 0 4 2206 1 10 1
299 0 4 2214 1 9 1
300 1 1 2222 1 9 1
301 0 1 2229 22 188 33
302 1 1 2235 47 419 70
303 1 5 2241 164 1560 246
304 1 5 2249 2 17 3
305 1 2 2257 9 72 13
306 0 2 2264 1668 17704 2502
307 1 6 2271 2014 9853 3021
308 1 2 2279 12 99 18
309 0 4 2286 172 1640 258
310 1 6 2294 35491 428046 53236
311 1 2 2302 1 9 1
312 0 1 2309 1 9 1
313 0 2 2315 550 5549 825
314 0 2 2322 9 73 13
315 1 2 2329 1887 20139 2830
316 0 4 2336 1 10 1
317 0 1 2344 59 532 88
318 1 5 2351 14 116 21
319 0 1 2359 61 551 91
320 1 1 2364 1 9 1
321 1 1 2367 22 188 33
322 1 1 2372 43 381 64
323 0 2 2376 1 9 1
324 1 1 2383 4 33 6
325 0 1 2389 17 143 25
326 0 4 2396 539746 7204621 809619
327 1 9 2404 105 410 157
328 0 2 2413 31 270 46
329 0 1 2420 1 9 1
330 1 11 2426 11 34 16
331 0 3 2435 1 8 1
332 1 2 2443 1 11 1
333 0 2 2450 8 64 12
334 0 4 2457 1 12 1
335 0 2 2465 62 561 93
336 1 24 2472 51 187 76
337 1 15 2481 1 4 1
338 0 4 2490 1 11 1
339 0 2 2498 635 6450 952
340 0 2 2505 5 41 7
341 0 8 2512 286 1214 429
342 0 1 2521 1021 10600 1531
343 0 2 2527 21 179 31
344 1 44 2534 2488 12346 3732
345 1 6 2544 1042 10828 1563
346 1 2 2552 6 48 9
347 1 6 2559 508 5106 762
348 1 4 2567 674 6865 1011
349 1 4 2575 1 11 1
350 1 6 2583 565 5707 847
351 1 1 2591 1 10 1
352 1 1 2598 1 10 1
353 0 5 2604 89 820 133
354 1 5 2612 314 3084 471
355 0 1 2620 1 15 1
356 1 9 2625 1 3 1
357 1 3 2634 1 10 1
358 1 1 2642 38802 469616 58203
359 0 2 2648 209 2012 313
360 1 2 2655 1 9 1
361 0 3 2662 1 9 1
362 1 3 2670 21 179 31
363 1 2 2678 1 11 1
364 0 3 2685 569 5749 853
365 1 2 2693 3 25 4
366 0 1 2700 5 41 7
367 1 4 2706 1 10 1
368 1 3 2714 42 372 63
369 0 5 2721 39320 476132 58980
370 1 12 2729 380 1649 570
371 1 2 2738 12 99 18
372 0 1 2745 1 11 1
373 0 4 2751 3 25 4
374 1 1 2759 1 9 1
375 1 7 2765 11 34 16
376 1 2 2773 20 170 30
377 1 2 2780 35 307 52
378 0 2 2787 13 107 19
379 1 1 2794 2 17 3
380 1 12 2800 1 4 1
381 1 1 2809 1 9 1
382 1 2 2814 335451 4402188 503176
383 1 1 2821 655 6662 982
384 0 1 2826 165 1570 247
385 0 4 2832 5115 57003 7672
386 0 7 2840 482 2129 723
387 1 1 2848 42 372 63
388 0 2 2854 5 40 7
389 0 3 2861 1 10 1
390 0 2 2869 4 33 6
391 0 20 2876 8 24 12
392 0 9 2885 10808 58890 16212
393 0 17 2894 8479 45519 12718
394 1 3 2903 2 17 3
395 1 1 2910 11239 129436 16858
396 1 7 2916 2 7 3
397 0 9 2924 1 3 1
398 0 7 2933 1 4 1
399 0 3 2941 1 9 1
400 0 1 2949 2 17 3
401 0 1 2955 14 116 21
402 0 2 2961 4 33 6
403 1 9 2968 2 6 3
404 1 1 2977 4453 49334 6679
405 0 4 2984 27 233 40
406 0 5 2992 17 143 25
407 0 4 3000 1 10 1
408 0 9 3008 582 2608 873
409 1 2 3017 2 17 3
410 0 2 3024 2 17 3
411 0 1 3031 735 7516 1102
412 0 23 3037 2 7 3
413 0 2 3046 45 400 67
414 1 2 3053 1 9 1
415 0 2 3060 376 3725 564
416 0 1 3067 1 9 1
417 0 1 3073 1 10 1
418 1 1 3079 1 9 1
419 0 1 3084 50476 617185 75714
420 1 2 3090 1 9 1
421 0 1 3097 1 9 1
422 0 2 3103 1 8 1
423 1 3 3110 3415 37405 5122
424 1 4 3118 1727 18359 2590
425 1 1 3126 487 4885 730
426 0 1 3133 1 9 1
427 1 13 3139 1 4 1
428 1 1 3148 1 9 1
429 0 1 3153 239 2316 358
430 0 3 3159 1 9 1
431 0 1 3166 42 372 63
432 1 6 3173 1670 17726 2505
433 0 2 3181 21 179 31
434 1 2 3188 37 325 55
435 0 1 3195 51 456 76
436 0 1 3201 1 9 1
437 0 7 3207 11828 64801 17742
438 0 1 3215 1 9 1
439 0 1 3222 26 224 39
440 1 1 3228 26 224 39
441 1 1 3234 98 908 147
442 0 10 3240 873 4029 1309
443 0 2 3249 7 56 10
444 1 12 3256 3 10 4
445 1 1 3265 1 9 1
446 0 2 3271 1 9 1
447 0 8 3278 4 12 6
448 0 7 3286 1 4 1
449 1 1 3294 1 9 1
450 1 2 3300 552 5570 828
451 1 3 3307 1 8 1
452 0 1 3314 4965 55261 7447
453 0 13 3320 1 3 1
454 0 9 3329 45 163 67
455 1 16 3338 4 12 6
456 0 2 3347 7 56 10
457 1 9 3354 47 171 70
458 1 2 3363 1 11 1
459 0 16 3370 1 4 1
460 0 6 3379 28 242 42
461 1 3 3387 1 9 1
462 1 4 3395 21 179 31
463 0 3 3403 22 188 33
464 1 2 3410 83 762 124
465 0 7 3417 1 4 1
466 1 4 3425 1 9 1
467 0 2 3433 1 10 1
468 0 3 3440 142140 1807598 213210
469 0 1 3448 3 25 4
470 1 1 3454 208875 2694300 313312
471 0 2 3460 1 9 1
472 0 1 3467 2 17 3
473 1 1 3472 1 9 1
474 0 2 3478 24933 296545 37399
475 0 2 3485 13 108 19
476 1 8 3492 1 4 1
477 0 1 3500 13 107 19
478 0 7 3506 644 2907 966
479 0 17 3514 499511 3355749 749266
480 0 11 3523 733 3340 1099
481 0 1 3532 5 41 7
482 0 3 3537 2 17 3
483 1 1 3545 1 10 1
484 1 8 3551 3 9 4
485 0 10 3560 3 9 4
486 1 1 3569 74 675 111
487 0 1 3573 1 9 1
488 1 2 3579 120 1124 180
489 1 4 3586 1 8 1
490 1 5 3594 1 11 1
491 0 1 3602 1 9 1
492 1 15 3608 1849 8993 2773
