0 0 23 5 1 3 1
1 0 2 23 1 12 1
2 1 6 37 1 10 1
3 1 1 54 2 17 3
4 0 3 65 4 33 6
5 1 4 80 12 99 18
6 1 7 96 1 4 1
7 0 4 113 18 152 27
8 0 10 129 1 4 1
9 1 1 146 1021 10599 1531
10 0 10 159 39 139 58
11 1 2 176 66 599 99
12 0 4 190 58 523 87
13 1 2 206 27 233 40
14 0 1 220 170 1620 255
15 1 1 233 1 12 1
16 0 1 246 1 10 1
17 1 2 258 1 9 1
18 1 1 272 1 9 1
19 1 9 281 1 3 1
20 0 3 298 5 40 7
21 0 4 313 2656 28775 3984
22 1 1 329 16 134 24
23 0 8 339 4 12 6
24 0 5 356 14 116 21
25 0 4 372 10 81 15
26 1 8 388 1 5 1
27 1 1 405 8 64 12
28 1 7 416 1 3 1
29 1 5 433 369 3653 553
30 1 3 449 1 9 1
31 0 1 464 2 17 3
32 1 1 477 2 17 3
33 0 6 489 496 2196 744
34 1 5 506 1 9 1
35 1 15 522 13 41 19
36 1 1 540 1 9 1
37 1 2 551 10 81 15
38 0 5 565 37 325 55
39 1 3 581 37 325 55
40 1 5 596 161 1530 241
41 0 1 612 6 48 9
42 0 8 625 4 13 6
43 0 5 642 1016 10545 1524
44 1 5 658 1 10 1
45 0 1 674 109 1015 163
46 0 4 685 710 7249 1065
47 1 1 701 15 125 22
48 0 13 714 4 12 6
49 1 2 732 1 9 1
50 0 10 746 2 6 3
51 1 3 763 42 372 63
52 0 1 778 2 17 3
53 0 1 791 386 3829 579
54 1 1 804 35 307 52
55 1 3 816 6562 73902 9843
56 0 3 831 6 48 9
57 1 1 846 3057 33323 4585
58 0 1 859 83 762 124
59 1 10 872 1 5 1
60 0 1 889 349 3446 523
61 1 1 902 3 25 4
62 1 6 913 2 17 3
63 1 2 930 1 12 1
64 1 1 944 273 2663 409
65 0 2 957 1 11 1
66 0 3 972 27 233 40
67 1 12 987 9 27 13
68 0 6 1005 750 7676 1125
69 0 1 1021 221 2134 331
70 0 4 1033 1 8 1
71 1 1 1049 6 48 9
72 1 2 1062 46 410 69
73 0 2 1077 314 3084 471
74 1 3 1091 1 9 1
75 0 1 1106 3 25 4
76 0 5 1119 460 4601 690
77 1 1 1135 1 9 1
78 1 2 1145 42 372 63
79 0 4 1160 1 10 1
80 0 1 1176 1098 11437 1647
81 1 3 1188 1 10 1
82 1 3 1203 12018 138789 18027
83 1 4 1218 87 801 130
84 0 2 1234 1256 13162 1884
85 0 5 1248 33 288 49
86 0 1 1264 2 17 3
87 0 2 1274 6 48 9
88 0 2 1289 4972 55343 7458
89 0 2 1303 1 11 1
90 1 1 1317 9 73 13
91 1 1 1329 933 9646 1399
92 0 19 1342 1 5 1
93 1 3 1360 20 169 30
94 1 2 1375 319 3136 478
95 0 1 1389 2 17 3
96 0 10 1402 1 4 1
97 0 3 1419 1 8 1
98 1 2 1434 18314 215148 27471
99 1 5 1448 1430 15074 2145
100 0 2 1464 53831 659846 80746
101 0 7 1478 72 272 108
102 1 2 1495 2 17 3
103 0 4 1509 1 10 1
104 1 1 1525 1 10 1
105 1 24 1538 1 5 1
106 1 2 1557 2 17 3
107 0 2 1571 432 4309 648
108 1 1 1586 13 107 19
109 1 2 1599 27 233 40
110 0 1 1614 405 4027 607
111 0 6 1626 1 10 1
112 0 22 1642 1 4 1
113 0 3 1660 1 8 1
114 1 2 1675 1 9 1
115 0 4 1690 1 9 1
116 1 3 1706 1 9 1
117 0 1 1721 2120 22742 3180
118 0 5 1734 104 966 156
119 1 3 1750 1178 12309 1767
120 1 1 1765 4 33 6
121 1 4 1777 25 215 37
122 1 8 1793 2383 11791 3574
123 1 5 1810 1 11 1
124 0 2 1826 1 11 1
125 0 2 1840 2296 24717 3444
126 1 2 1855 1 10 1
127 0 3 1869 14 116 21
128 1 4 1884 114 1064 171
129 1 7 1900 503 2229 754
130 1 3 1917 1 10 1
131 0 4 1933 1 11 1
132 0 4 1949 3465 37976 5197
133 1 1 1965 327 3218 490
134 0 2 1978 38 335 57
135 1 1 1992 1 8 1
136 0 2 2003 9 72 13
137 0 5 2017 308 3022 462
138 1 1 2033 2 17 3
139 0 4 2043 125 1173 187
140 0 6 2059 4 12 6
141 1 4 2076 178 1700 267
142 1 6 2092 1 5 1
143 1 4 2109 1 10 1
144 1 1 2125 2850 30973 4275
145 0 1 2138 1 9 1
146 1 7 2150 2320 11459 3480
147 0 12 2167 3 10 4
148 0 4 2185 2 17 3
149 0 1 2201 2 17 3
150 1 2 2214 20 170 30
151 0 1 2228 30 261 45
152 0 5 2241 1 9 1
153 0 1 2257 430 4288 645
154 1 2 2268 1 9 1
155 0 4 2283 8 64 12
156 1 4 2299 428 4267 642
157 0 2 2315 586 5929 879
158 0 1 2330 1 9 1
159 1 27 2343 218 905 327
160 1 7 2362 52 191 78
161 0 3 2379 343 3383 514
162 0 2 2394 1 8 1
163 0 1 2408 1 10 1
164 0 1 2421 14 116 21
165 0 5 2432 1 10 1
166 0 1 2448 1 11 1
167 0 1 2460 107 996 160
168 1 4 2469 5 41 7
169 1 4 2485 2 17 3
170 0 2 2501 1 10 1
171 1 2 2515 4 33 6
172 1 1 2529 1 10 1
173 1 7 2542 2371 11728 3556
174 1 3 2559 1936 20685 2904
175 0 1 2574 1 10 1
176 1 5 2586 4 33 6
177 1 1 2602 41 363 61
178 1 3 2615 2162 23213 3243
179 1 1 2630 26 224 39
180 1 4 2642 14 116 21
181 0 3 2658 1 9 1
182 1 2 2674 1 10 1
183 0 4 2688 1372 14436 2058
184 0 1 2704 19 161 28
185 0 3 2717 4450 49299 6675
186 0 8 2732 768 3512 1152
187 0 7 2749 2 7 3
188 1 6 2766 1 10 1
189 0 15 2782 2 7 3
190 1 1 2800 3 25 4
191 0 1 2813 3 25 4
192 0 1 2825 347 3425 520
193 0 5 2834 306 3002 459
194 0 2 2850 596 6035 894
195 1 1 2864 4 33 6
196 1 1 2873 421 4194 631
197 0 22 2883 12 38 18
198 0 4 2901 1 10 1
199 1 1 2917 6 48 9
200 1 1 2930 1 9 1
201 0 10 2941 1 4 1
202 0 10 2958 1 4 1
203 1 3 2975 46 410 69
204 1 2 2990 1 11 1
205 1 2 3004 1 10 1
206 0 5 3018 40 353 60
207 0 1 3034 9472 108320 14208
208 1 2 3047 6998 79026 10497
209 1 1 3061 9 73 13
210 0 2 3070 19 161 28
211 1 1 3084 1 10 1
212 1 4 3097 22 188 33
213 0 6 3113 429 4277 643
214 1 3 3130 2 17 3
215 1 7 3145 3 9 4
216 1 5 3162 708 7227 1062
217 0 2 3178 2 17 3
218 1 4 3193 894568 12154636 1341852
219 1 16 3209 1 4 1
220 1 8 3227 11 34 16
221 0 3 3244 19 161 28
222 0 4 3259 1 9 1
223 0 2 3275 319 3136 478
224 0 11 3289 438 1921 657
225 1 8 3306 1 6 1
226 0 2 3323 1 9 1
227 1 4 3337 2 17 3
228 1 4 3353 966 10003 1449
229 0 1 3369 7 56 10
230 0 1 3380 91 840 136
231 0 2 3393 1 10 1
232 1 2 3408 345 3404 517
233 0 12 3422 1517 7279 2275
234 1 4 3440 5233 58375 7849
235 0 2 3456 1 9 1
236 0 3 3470 4 33 6
237 0 1 3485 30 260 45
238 1 1 3498 18 152 27
239 0 4 3511 6 48 9
240 1 1 3527 194 1861 291
241 0 1 3537 1 10 1
242 0 7 3550 12814 70543 19221
243 0 4 3567 45 400 67
244 0 2 3583 40 353 60
245 1 1 3597 55 494 82
246 0 9 3607 4771 24704 7156
