0 1 1 5 33 288 49
1 1 5 6 52 191 78
2 0 7 10 8 24 12
3 0 11 15 23 78 34
4 0 1 20 1 12 1
5 1 1 23 94 869 141
6 0 2 26 10 81 15
7 1 1 29 4723 52456 7084
8 1 4 30 1 4 1
9 1 3 34 327 3218 490
10 1 3 38 4 33 6
11 0 1 42 1 9 1
12 1 5 45 2 7 3
13 1 2 49 1 10 1
14 1 4 52 1 5 1
15 0 14 56 1 3 1
16 0 4 61 2 6 3
17 0 7 65 1 4 1
18 1 5 70 1 4 1
19 1 3 74 12 38 18
20 1 4 78 1 4 1
21 0 7 82 5744 30095 8616
22 1 10 87 134 535 201
23 0 2 92 1 9 1
24 0 4 95 1 4 1
25 0 2 99 65 589 97
26 1 2 102 16024 187233 24036
27 1 6 105 1001 4665 1501
28 0 6 109 21 70 31
29 1 2 113 7 56 10
30 0 2 116 1 9 1
31 0 2 119 1233 12910 1849
32 0 1 122 44 391 66
33 1 3 123 3 25 4
34 0 4 127 9 27 13
35 0 2 131 1 11 1
36 0 1 134 1397 14710 2095
37 0 16 137 1 3 1
38 0 1 142 93 859 139
39 1 5 144 10 31 15
40 0 3 148 12 99 18
41 0 5 152 1242 5877 1863
42 0 1 156 210 2023 315
43 0 4 159 1 3 1
44 0 1 163 39 344 58
45 1 2 165 41761 506880 62641
46 1 6 168 310 1324 465
47 0 1 172 691 7046 1036
48 0 3 174 1 9 1
49 1 1 178 30 261 45
50 1 1 181 647 6577 970
51 1 5 184 1 4 1
52 1 3 188 93 859 139
53 1 2 192 1 9 1
54 0 2 195 1 8 1
55 0 2 198 5057 56329 7585
56 0 13 201 3 9 4
57 1 1 206 1 9 1
58 1 1 209 40 353 60
59 0 1 211 7 56 10
60 1 1 214 55 494 82
61 1 1 216 1 9 1
62 1 9 218 1 4 1
63 0 2 223 2487 26867 3730
64 1 2 226 92 850 138
65 1 4 229 17 56 25
66 1 1 233 1 9 1
67 0 13 235 10760 58613 16140
68 0 1 240 17 143 25
69 1 6 243 1 4 1
70 1 3 247 1 4 1
71 1 2 251 1 10 1
72 1 7 254 143349 903776 215023
73 1 1 258 5 40 7
74 0 3 260 1980 9675 2970
75 1 9 264 88 339 132
76 1 1 269 6 48 9
77 0 3 271 1 10 1
78 0 2 275 2 17 3
79 0 7 278 3 10 4
80 1 4 283 441 1935 661
81 1 2 287 2 17 3
82 0 1 290 3841 42285 5761
83 1 2 292 7 56 10
84 1 1 295 80 733 120
85 0 22 298 1562 7510 2343
86 0 3 303 19 63 28
87 0 2 307 3302 36115 4953
88 1 2 310 1 9 1
89 0 26 313 1 4 1
90 1 2 319 1 9 1
91 0 10 322 1119 5256 1678
92 0 4 327 13 41 19
93 1 5 331 1 4 1
94 1 2 335 296 2899 444
95 1 3 338 418 1827 627
96 1 2 342 1 10 1
97 1 2 345 5 40 7
98 1 3 348 5 15 7
99 1 7 352 384 1667 576
100 1 10 356 65 243 97
101 1 5 361 6996 37112 10494
102 0 1 365 10514 120755 15771
103 0 4 368 38 135 57
104 1 1 372 488 4895 732
105 0 3 375 1 10 1
106 1 2 379 1 11 1
107 0 1 382 1 9 1
108 1 2 385 27511 328487 41266
109 0 1 388 45 400 67
110 1 5 391 7 21 10
111 1 6 395 112 440 168
112 0 4 399 75 285 112
113 0 2 403 4 32 6
114 1 2 406 2 17 3
115 1 9 409 1 4 1
116 1 2 414 394 3912 591
117 1 2 417 1 11 1
118 1 7 420 113 444 169
119 1 1 425 9369 107094 14053
120 1 8 427 531 2363 796
121 1 3 432 4 12 6
122 1 13 436 1 4 1
123 1 7 441 42751 252406 64126
124 0 3 445 1 4 1
125 0 1 449 1 9 1
126 1 21 451 15 48 22
127 0 45 456 16 52 24
128 1 2 462 62 561 93
129 1 2 465 1 9 1
130 0 2 468 180 1720 270
131 1 2 471 2 17 3
132 1 2 474 1 8 1
133 1 5 477 147 591 220
134 0 1 481 13123 152096 19684
135 1 10 483 439 1926 658
136 1 5 488 1 4 1
137 1 3 492 8 24 12
138 0 1 496 4 33 6
139 1 25 498 1 4 1
140 0 2 503 1 11 1
141 0 3 506 1 9 1
142 1 7 510 2426 12018 3639
143 1 1 514 5 41 7
144 0 1 516 891 9192 1336
145 1 1 519 1 10 1
146 1 3 521 17 56 25
147 1 1 525 1 11 1
148 0 1 527 1 11 1
149 0 3 529 1 5 1
150 0 3 533 32 112 48
151 0 6 537 13 41 19
152 1 2 541 398 3954 597
153 0 4 544 511 2267 766
154 1 5 548 2686 13397 4029
155 0 1 552 1 10 1
156 1 2 554 1 11 1
157 0 2 557 1 10 1
158 0 1 560 19 161 28
159 1 10 562 2157 10601 3235
160 0 1 567 10 81 15
161 0 3 569 1 4 1
162 1 3 573 1 4 1
163 0 2 577 1 9 1
164 1 6 580 6 18 9
165 0 5 584 43 155 64
166 1 1 588 1 9 1
167 1 1 591 225 2174 337
168 1 2 593 1 10 1
169 0 7 596 1 3 1
170 0 7 601 1 5 1
171 0 18 605 148 596 222
172 0 1 610 389 3860 583
173 0 5 613 1 4 1
174 1 5 617 1 4 1
175 0 1 621 1 10 1
176 1 60 624 1 4 1
177 0 1 630 23 197 34
178 0 2 632 128 1202 192
179 1 2 635 5 40 7
180 1 1 638 1 10 1
181 0 60 641 1 6 1
182 0 9 647 14 45 21
183 0 3 652 1 10 1
184 0 3 656 73 276 109
185 1 10 660 3 9 4
186 0 5 665 1 4 1
187 1 3 669 31 108 46
188 1 1 673 1 10 1
189 1 3 676 2 6 3
190 0 2 680 2 17 3
191 1 4 683 188 772 282
192 1 1 687 43 381 64
193 0 2 689 338 3332 507
194 1 1 692 550 5548 825
195 0 18 695 1 4 1
196 0 1 700 3260 35636 4890
197 1 2 702 1 13 1
198 0 3 705 74 675 111
199 1 5 709 35701 208652 53551
200 0 1 713 24 206 36
201 1 1 715 2596 28098 3894
202 0 3 718 1 4 1
203 1 3 722 1 4 1
204 1 1 726 7 56 10
205 1 2 728 33 288 49
206 0 1 731 1 11 1
207 0 7 733 2 6 3
208 1 2 737 547 5517 820
209 0 2 740 45 400 67
210 1 2 743 20 170 30
211 1 4 746 1 4 1
212 1 4 750 292 1241 438
213 0 4 754 1 5 1
214 1 1 758 1 10 1
215 0 1 761 8 64 12
216 1 2 763 587 5940 880
217 0 1 766 11 90 16
218 1 6 769 479 2115 718
219 1 47 773 8 24 12
220 0 3 779 9 73 13
221 1 8 783 59 219 88
222 0 6 788 752 3433 1128
223 0 4 792 4 12 6
224 0 3 796 3539258 26071579 5308887
225 1 1 800 1 11 1
226 1 5 802 1 4 1
227 1 1 806 192 1841 288
228 1 6 809 392 1705 588
229 1 4 813 13126 72365 19689
230 0 2 817 82 753 123
231 0 17 820 1 4 1
232 1 4 825 1824 8863 2736
233 0 2 829 56 504 84
234 1 2 832 1 9 1
235 0 5 835 9 27 13
236 0 5 839 1 3 1
237 1 4 843 23 78 34
238 1 9 847 1 4 1
239 1 2 852 1 10 1
240 0 1 855 4 32 6
241 0 3 857 1 4 1
242 0 3 861 1 3 1
243 0 3 865 1 4 1
244 0 2 869 8 64 12
245 1 8 872 296 1260 444
246 0 1 877 234 2265 351
247 1 4 879 19624 110802 29436
248 0 7 883 62 231 93
249 0 1 887 1 9 1
250 1 6 889 3396 17202 5094
251 0 2 893 2 17 3
252 0 7 896 61 227 91
253 1 3 901 1 4 1
254 0 4 905 5 15 7
255 1 1 909 1 9 1
256 1 17 911 5380 28071 8070
257 0 1 916 2 17 3
258 1 10 919 2301 11359 3451
259 0 42 924 4 12 6
260 1 2 930 1 9 1
261 0 1 933 142 1341 213
262 1 2 936 7662 86852 11493
263 1 5 939 3 9 4
264 1 3 943 1 11 1
265 0 3 947 9 27 13
266 0 3 951 33 288 49
267 0 2 954 1 9 1
268 1 8 957 3 10 4
269 0 8 962 3 9 4
270 0 2 967 36 316 54
271 1 1 970 21 179 31
272 0 5 973 4 12 6
273 0 5 977 11 34 16
274 0 3 981 3 25 4
275 1 1 985 850 8750 1275
276 1 5 987 1 4 1
277 1 3 991 14 45 21
278 0 1 995 1 12 1
279 0 2 998 1 13 1
280 1 2 1001 66 599 99
281 1 6 1004 1 5 1
282 1 2 1008 78 714 117
283 1 5 1011 149 600 223
284 0 7 1015 24429 139704 36643
285 0 3 1019 8 64 12
286 1 1 1023 1 9 1
287 0 13 1025 3 9 4
288 1 1 1030 1 9 1
289 0 3 1032 17 143 25
290 1 1 1036 41 362 61
291 1 3 1038 2 17 3
292 0 2 1042 1 10 1
293 1 1 1045 1 11 1
294 1 1 1047 2 17 3
295 0 3 1050 7 21 10
296 1 3 1054 179 1710 268
297 0 3 1058 1377 6563 2065
298 0 1 1062 1 9 1
299 1 9 1064 10037 54443 15055
300 0 6 1069 40 143 60
301 1 2 1073 22 188 33
302 0 2 1076 6 48 9
303 1 2 1079 46 409 69
304 1 2 1082 3 25 4
305 1 7 1085 1 5 1
306 0 1 1089 1 9 1
307 0 2 1092 3 25 4
308 0 11 1095 24 82 36
309 0 3 1100 1 10 1
310 1 5 1104 1 4 1
311 1 1 1108 165 1570 247
312 1 10 1109 1 3 1
313 0 2 1114 3 25 4
314 1 1 1117 2 17 3
315 0 1 1120 1 10 1
316 1 4 1123 22 74 33
317 0 4 1127 1 4 1
318 0 9 1131 1297 6156 1945
319 0 11 1136 1 5 1
320 1 1 1141 4 33 6
321 1 13 1144 74 281 111
322 0 3 1149 483 2134 724
323 0 9 1153 104 406 156
324 0 3 1158 1 4 1
325 0 6 1162 531 2363 796
326 1 1 1166 1 10 1
327 0 11 1168 542 2415 813
328 0 3 1173 49 438 73
329 1 1 1177 1 9 1
330 0 2 1179 2 17 3
331 1 2 1182 1 10 1
332 1 2 1185 8 64 12
333 1 7 1188 11 34 16
334 1 1 1192 2 17 3
335 1 3 1195 18 59 27
336 1 2 1199 1 12 1
337 0 7 1202 2 7 3
338 0 3 1207 2 6 3
339 1 11 1211 2 6 3
340 0 2 1216 123 1153 184
341 1 47 1219 14 45 21
342 0 2 1225 7 56 10
343 1 3 1228 4 12 6
344 1 1 1232 199 1911 298
345 1 3 1235 1 3 1
346 0 1 1239 32 279 48
347 1 16 1241 1 4 1
348 0 5 1246 1 5 1
349 0 1 1250 358314 4713399 537471
350 1 2 1253 2823 30666 4234
351 1 3 1256 2714 13546 4071
352 0 5 1260 1 4 1
353 1 3 1264 1 9 1
354 1 1 1268 56 504 84
355 1 1 1269 32613 392031 48919
356 1 2 1272 157 1490 235
357 1 9 1275 9 27 13
358 1 10 1280 3 10 4
359 1 6 1285 242 1014 363
360 1 1 1289 1 9 1
361 0 1 1291 1 9 1
362 0 10 1294 1618 7798 2427
363 1 1 1299 5 41 7
364 0 3 1302 1 5 1
365 1 1 1306 6 48 9
366 1 8 1309 11 34 16
367 0 2 1314 24 206 36
368 0 3 1317 1 4 1
369 0 3 1321 2 6 3
370 0 2 1325 4 33 6
371 1 5 1328 11 34 16
372 0 2 1332 29 251 43
373 0 1 1335 1 10 1
374 0 1 1338 1 9 1
375 1 1 1340 1 10 1
376 1 2 1343 1 11 1
377 0 16 1346 1 3 1
378 0 2 1351 16131 188534 24196
379 1 3 1354 62 561 93
380 1 10 1358 153 617 229
381 0 3 1363 1 3 1
382 0 12 1367 520 2310 780
383 1 2 1372 1 9 1
384 1 1 1375 160 1520 240
385 0 6 1378 2 6 3
386 1 3 1382 2 7 3
387 1 4 1386 113966 709868 170949
388 1 31 1390 25636 147016 38454
389 0 3 1396 1 4 1
390 0 2 1400 67 608 100
391 1 2 1403 1 9 1
392 1 3 1406 1 3 1
393 0 2 1410 304 2981 456
394 1 14 1413 207 856 310
395 0 19 1418 688 3121 1032
396 1 1 1423 1 11 1
397 0 2 1425 1 8 1
398 0 3 1428 1 5 1
399 1 1 1432 3 25 4
400 1 3 1434 1 4 1
401 1 4 1438 203 838 304
402 1 11 1442 2 7 3
403 1 4 1447 212 878 318
404 0 2 1451 267 2602 400
405 0 8 1454 3 9 4
406 0 6 1459 519 2306 778
407 0 1 1463 349 3445 523
408 1 12 1466 7 21 10
409 0 4 1471 54 199 81
410 1 37 1475 1 4 1
411 1 2 1481 179 1710 268
412 1 2 1484 2 17 3
413 1 28 1487 8 24 12
414 0 1 1493 20 170 30
415 1 1 1496 4 33 6
416 1 1 1498 2 17 3
417 1 1 1501 32 279 48
418 1 1 1503 2 17 3
419 0 9 1505 1 4 1
420 1 4 1510 37 131 55
421 0 7 1514 4 12 6
422 0 2 1518 3095 33756 4642
423 0 7 1521 25 85 37
424 0 1 1525 233 2256 349
425 0 16 1528 1 5 1
426 0 2 1533 134 1262 201
427 0 4 1536 44 159 66
428 1 4 1540 951 4416 1426
429 1 1 1544 270 2633 405
430 1 1 1546 1 9 1
431 1 2 1549 1518 16044 2277
432 1 5 1552 2 7 3
433 0 2 1556 18 152 27
434 1 20 1559 26 89 39
435 1 12 1564 46 167 69
436 0 5 1569 7 21 10
437 0 2 1573 3 25 4
438 0 1 1576 70 637 105
439 1 7 1579 90854 559091 136281
440 1 1 1584 956 9895 1434
441 0 6 1586 4 12 6
442 0 3 1590 1 5 1
443 1 7 1594 52 191 78
444 0 2 1598 3408 37325 5112
445 0 1 1601 9 72 13
446 0 10 1602 1 4 1
447 0 2 1607 32 279 48
448 0 4 1610 1 5 1
449 0 3 1614 26 89 39
450 1 7 1618 161 652 241
451 1 7 1622 182 745 273
452 0 1 1627 1 10 1
453 0 1 1630 5 41 7
454 1 1 1632 2 17 3
455 1 2 1634 81 743 121
456 0 3 1637 1 4 1
457 0 38 1641 12 38 18
458 0 1 1647 1 9 1
459 0 5 1650 1 4 1
460 1 2 1654 791 8116 1186
461 1 6 1657 64 239 96
462 0 3 1661 1 3 1
463 1 2 1665 159 1510 238
464 0 2 1668 5 41 7
465 1 2 1671 1 9 1
466 1 9 1674 7571 40360 11356
467 1 1 1679 258 2510 387
468 1 7 1682 5 15 7
469 0 5 1686 78 297 117
470 0 3 1690 15 125 22
471 0 2 1694 202 1941 303
472 0 11 1697 8757 47104 13135
473 1 7 1702 1 4 1
474 0 1 1706 2 17 3
475 0 10 1708 38 135 57
476 0 1 1713 1 9 1
477 1 3 1715 2 17 3
478 1 4 1719 53 195 79
479 1 1 1723 380 3767 570
480 1 5 1725 2961 14864 4441
481 0 6 1729 1 6 1
482 0 1 1733 1 9 1
483 1 3 1736 1 4 1
484 0 6 1740 1 4 1
485 0 3 1744 205 847 307
486 0 2 1748 1 10 1
487 0 1 1751 1 9 1
488 1 8 1753 1 3 1
489 1 4 1758 1 5 1
490 0 10 1762 1 3 1
491 0 1 1767 1 8 1
492 1 1 1770 29 252 43
493 0 36 1773 1 3 1
494 0 16 1779 5 15 7
495 1 5 1784 11 34 16
496 0 2 1788 3551 38960 5326
497 0 7 1791 4 12 6
498 1 4 1796 91 351 136
499 1 6 1800 70 264 105
500 0 4 1804 1 4 1
501 1 3 1808 10 31 15
502 1 2 1812 56 504 84
503 0 2 1815 1 10 1
504 0 7 1818 79 301 118
505 1 1 1822 9416 107653 14124
506 0 1 1824 4 33 6
507 1 1 1826 44 391 66
508 0 1 1827 313 3074 469
509 0 5 1830 11164 60950 16746
510 1 2 1834 187976 2415348 281964
511 0 5 1837 2090 10250 3135
512 0 1 1841 5 40 7
513 1 4 1843 16 52 24
514 1 3 1847 1 4 1
515 1 2 1851 1 10 1
516 0 6 1854 35476 207263 53214
517 0 12 1858 2 7 3
518 0 2 1863 2 17 3
519 1 3 1866 41 147 61
520 1 2 1870 14 116 21
521 0 7 1873 1 5 1
522 1 1 1877 1 10 1
523 0 1 1880 706 7206 1059
524 1 5 1882 107 419 160
525 1 1 1886 1 10 1
526 0 2 1889 15 125 22
527 1 2 1892 3 25 4
528 1 5 1895 1 4 1
529 0 3 1899 1 4 1
530 0 5 1903 425 1860 637
531 0 3 1907 2 7 3
532 1 5 1911 14 45 21
533 1 2 1915 1 8 1
534 1 4 1918 1 3 1
535 1 1 1922 21 179 31
536 0 1 1924 4 32 6
537 1 4 1926 1 4 1
538 0 2 1930 147 1391 220
539 1 2 1933 7 56 10
540 1 3 1936 97 377 145
541 1 1 1940 2 17 3
542 1 12 1942 1 5 1
543 1 1 1947 859 8848 1288
544 0 5 1949 123 487 184
545 0 1 1953 84 772 126
546 0 24 1956 6 18 9
547 0 2 1961 2 17 3
548 1 1 1964 1 9 1
549 1 1 1967 1 11 1
550 1 1 1969 2 17 3
551 0 5 1971 17 56 25
552 0 6 1975 8 24 12
553 0 1 1979 2021 21635 3031
554 0 4 1981 2 7 3
555 1 7 1985 6131 32255 9196
556 1 1 1989 2 17 3
557 0 4 1991 2 7 3
558 1 1 1995 457 4570 685
559 0 2 1998 1603 16984 2404
560 1 2 2001 1 10 1
561 1 4 2004 98 381 147
562 0 1 2008 1 9 1
563 1 2 2011 3 25 4
564 1 2 2014 1 10 1
565 0 2 2017 1238 12965 1857
566 0 4 2020 670 3033 1005
567 0 2 2024 3 25 4
568 0 1 2027 12048 139150 18072
569 1 1 2029 1 9 1
570 1 11 2032 54 199 81
571 0 2 2037 14 116 21
572 1 1 2040 1 9 1
573 1 1 2043 170 1620 255
574 0 6 2045 3408 17267 5112
575 1 1 2049 2821 30644 4231
576 1 3 2051 1933 20652 2899
577 1 38 2055 6 18 9
578 1 3 2061 1 10 1
579 0 2 2065 1 9 1
580 1 1 2068 1 11 1
581 0 3 2071 79 301 118
582 1 5 2075 24 82 36
583 1 2 2079 2054 22004 3081
584 1 1 2082 165 1570 247
585 0 3 2085 1118 11654 1677
586 1 8 2089 1 4 1
587 0 2 2094 41 363 61
588 1 6 2097 53 195 79
589 0 2 2101 17 143 25
590 0 2 2104 16 134 24
591 1 1 2107 6 48 9
592 1 8 2110 2 6 3
593 1 3 2115 4 12 6
594 0 5 2119 67 252 100
595 1 1 2123 24 206 36
596 1 6 2125 1 5 1
597 1 3 2129 1 10 1
598 0 2 2133 1 9 1
599 1 1 2136 3 25 4
600 0 4 2137 5 15 7
601 1 5 2141 1553 7464 2329
602 1 1 2145 1 11 1
603 0 2 2148 92 850 138
604 1 6 2151 1 4 1
605 1 1 2155 1 9 1
606 1 3 2158 2 7 3
607 0 11 2162 282805 1846634 424207
608 1 2 2167 3 25 4
609 0 2 2170 1 9 1
610 0 3 2173 9 27 13
611 1 1 2177 1 9 1
612 1 2 2179 624956 8385350 937434
613 0 1 2182 1 12 1
614 1 1 2184 537 5411 805
615 1 1 2186 134 1262 201
616 0 2 2189 1 10 1
617 1 3 2192 1 4 1
618 1 6 2196 1 4 1
619 1 1 2200 187 1791 280
620 0 8 2203 1 5 1
621 1 4 2208 34 120 51
622 1 7 2212 17 55 25
623 1 1 2216 8 64 12
624 0 2 2218 2 17 3
625 1 1 2221 82 753 123
626 1 3 2224 1 10 1
627 0 3 2227 12 38 18
628 1 18 2231 1 4 1
629 1 1 2236 1 9 1
630 1 5 2238 3 9 4
631 1 1 2242 1 9 1
632 0 5 2244 28 97 42
633 1 7 2248 2102 10313 3153
634 0 1 2252 3346 36617 5019
635 1 1 2253 1 12 1
636 0 5 2255 1 4 1
637 0 2 2259 1 9 1
638 0 6 2262 1 4 1
639 1 4 2266 1 4 1
640 1 3 2270 4 13 6
641 0 5 2274 10 31 15
642 0 1 2278 71 647 106
643 1 1 2280 415 4131 622
644 0 7 2282 23 78 34
645 0 6 2287 1 5 1
646 0 2 2291 120 1124 180
647 0 9 2294 20 67 30
648 0 8 2299 1 5 1
649 1 1 2304 643 6534 964
650 0 1 2307 1 9 1
651 0 3 2310 114 449 171
652 1 1 2314 1 10 1
653 0 1 2317 2 17 3
654 0 10 2320 241 1009 361
655 1 3 2325 32143 386160 48214
656 1 2 2329 1 9 1
657 1 6 2332 4 12 6
658 1 2 2336 30 261 45
659 1 2 2339 2 17 3
660 1 4 2342 1 4 1
661 1 1 2346 135 1272 202
662 1 2 2348 386 3829 579
663 1 2 2351 1 10 1
664 1 2 2354 4963968 71469847 7445952
665 1 3 2357 1 10 1
666 0 5 2361 1 4 1
667 1 1 2365 2 17 3
668 1 1 2367 3 25 4
669 0 1 2370 20079 236756 30118
670 0 15 2372 12189 66900 18283
671 1 1 2377 2100 22518 3150
672 1 5 2379 1 3 1
673 0 16 2383 13180 72680 19770
674 0 5 2388 1 4 1
675 0 5 2392 89 343 133
676 0 2 2396 1 9 1
677 1 3 2399 7 21 10
678 0 6 2403 27 93 40
679 0 1 2407 1 9 1
680 1 3 2409 64 580 96
681 1 6 2413 8087 43287 12130
682 0 4 2417 13 41 19
683 1 2 2421 55 494 82
684 1 26 2424 43 155 64
685 1 1 2429 1 9 1
686 0 2 2432 25 215 37
687 0 6 2435 5 15 7
688 1 1 2439 1 9 1
689 0 10 2442 225 937 337
690 0 4 2447 13 41 19
691 1 5 2451 17089 95706 25633
692 1 1 2455 287 2807 430
693 1 4 2458 2 7 3
694 0 2 2462 13 107 19
695 1 14 2465 1 5 1
696 0 10 2470 1 4 1
697 0 2 2475 1353 14227 2029
698 1 3 2478 4 12 6
699 0 8 2482 6 18 9
700 1 1 2487 1 11 1
701 0 3 2489 1 9 1
702 0 1 2493 1 8 1
703 0 5 2495 1 4 1
704 0 8 2499 37 131 55
705 0 1 2504 40 353 60
706 1 4 2506 1 6 1
707 1 2 2510 7 56 10
708 1 1 2513 1 10 1
709 0 1 2516 27 233 40
710 1 3 2519 408 1780 612
711 1 22 2523 1 4 1
712 1 3 2528 3 10 4
713 0 5 2532 7 21 10
714 0 2 2536 1 8 1
715 1 1 2539 203 1952 304
716 0 11 2540 2 7 3
717 0 2 2545 4 33 6
718 0 1 2548 95 879 142
719 1 1 2551 1 10 1
720 1 3 2553 1 12 1
721 0 1 2557 36 316 54
722 1 3 2560 43 155 64
723 1 2 2564 1 9 1
724 0 7 2567 160 648 240
725 0 7 2571 85 326 127
726 1 2 2576 1 11 1
727 0 2 2579 3 25 4
728 0 13 2582 17 56 25
729 1 11 2587 1 4 1
730 1 6 2592 71 268 106
731 0 2 2596 94 869 141
732 0 11 2599 48055 285583 72082
733 0 4 2604 6131 32255 9196
734 1 4 2608 1151 5417 1726
735 1 2 2612 27 233 40
736 0 1 2615 2 17 3
737 1 3 2618 1699 8216 2548
738 0 57 2622 77363 471953 116044
739 0 5 2628 1 5 1
740 1 2 2632 1 9 1
741 1 3 2635 6026 31668 9039
742 0 5 2639 1 5 1
743 1 1 2643 2072 22205 3108
744 1 1 2644 1 9 1
745 0 2 2646 2 17 3
746 1 5 2649 607 2728 910
747 0 1 2653 4246 46944 6369
748 1 12 2656 1 4 1
749 1 7 2661 1 3 1
750 1 2 2665 1 12 1
751 0 2 2668 22 188 33
752 1 1 2671 25 215 37
753 0 1 2673 1 9 1
754 0 1 2675 12 99 18
755 1 3 2678 2 7 3
756 1 5 2682 2 6 3
757 0 4 2686 288 1223 432
758 1 5 2690 1533 7361 2299
759 1 2 2694 21099 249278 31648
760 0 2 2697 19 161 28
761 0 1 2700 1 10 1
762 0 7 2703 1 4 1
763 0 29 2707 4 12 6
764 0 1 2713 1 9 1
765 0 5 2715 29 100 43
766 1 2 2719 886 9138 1329
767 1 2 2722 48680 594391 73020
768 1 8 2725 1 3 1
769 1 2 2730 1598 16929 2397
770 0 1 2733 2 17 3
771 0 2 2735 1 9 1
772 0 1 2738 1 12 1
773 0 3 2739 1 4 1
774 0 15 2743 1 5 1
775 0 4 2748 1 4 1
776 0 1 2752 30 260 45
777 0 2 2754 9062 103441 13593
778 0 4 2757 1 4 1
779 0 4 2761 2 7 3
780 1 11 2765 1576 7582 2364
781 1 4 2770 23 78 34
782 1 3 2774 19 63 28
783 1 1 2778 7 56 10
784 0 5 2781 9 27 13
785 0 2 2785 92 849 138
786 1 1 2788 52 466 78
787 0 13 2791 4 13 6
788 0 1 2796 63 570 94
789 0 1 2797 157 1490 235
790 0 6 2799 35 124 52
791 1 5 2803 4 12 6
792 1 3 2807 77 293 115
793 1 2 2811 1 9 1
794 1 4 2814 1 4 1
795 0 12 2818 1 3 1
796 0 3 2823 7 56 10
797 1 14 2827 1 5 1
798 1 3 2832 1 9 1
799 0 3 2836 6 18 9
800 0 1 2840 6918 78085 10377
801 1 2 2843 2 17 3
802 0 10 2846 1 5 1
803 0 9 2851 1 4 1
804 0 10 2856 1608 7747 2412
805 1 1 2861 46 410 69
806 0 5 2863 7 21 10
807 0 4 2867 3 10 4
808 1 5 2871 1 4 1
809 1 2 2875 563 5686 844
810 0 4 2878 1 3 1
811 1 3 2882 1876 20016 2814
812 0 1 2886 844 8686 1266
813 0 2 2887 1 11 1
814 1 2 2890 20 170 30
815 1 31 2893 59 219 88
816 0 5 2899 12 38 18
817 1 1 2903 15642 182591 23463
818 0 7 2905 1 4 1
819 0 3 2910 9 73 13
820 0 5 2914 54 199 81
821 0 5 2918 1 5 1
822 1 4 2922 53203 317969 79804
823 1 11 2926 2010 9832 3015
824 1 2 2931 1 10 1
825 1 1 2934 1 9 1
826 0 2 2937 2 17 3
827 0 3 2940 164 666 246
828 1 5 2944 1 7 1
829 0 4 2948 19 63 28
830 1 5 2952 1 5 1
831 0 5 2956 14578 80876 21867
832 1 17 2960 5 15 7
833 0 2 2965 6 48 9
834 1 2 2968 764 7827 1146
835 0 1 2971 1 8 1
836 1 1 2974 31325 375951 46987
837 0 10 2976 1 5 1
838 0 2 2981 983 10187 1474
839 1 5 2984 191 785 286
840 0 1 2988 1 9 1
841 1 2 2990 5 41 7
842 0 4 2993 1 4 1
843 0 2 2997 55 494 82
844 1 5 3000 120 474 180
845 1 1 3004 22 188 33
846 0 6 3007 1 3 1
847 1 3 3011 2 7 3
848 1 2 3015 1 9 1
849 1 2 3018 30 261 45
850 0 100 3021 1 4 1
851 0 6 3027 279 1182 418
852 1 11 3031 5 15 7
853 1 3 3036 10 31 15
854 0 2 3040 30 261 45
855 1 1 3043 1 8 1
856 0 1 3045 4993 55586 7489
857 0 7 3048 1 3 1
858 1 6 3053 72 272 108
859 1 2 3057 13 107 19
860 1 2 3060 1644 17438 2466
861 0 5 3063 1 5 1
862 1 3 3067 395 3923 592
863 1 3 3071 1 5 1
864 0 4 3075 1 4 1
865 0 23 3079 2 6 3
866 1 8 3084 1 4 1
867 1 4 3089 79 301 118
868 0 3 3093 3 9 4
869 0 2 3097 348323 4577314 522484
870 0 10 3100 48 175 72
871 1 16 3105 23 78 34
872 0 2 3110 171 1630 256
873 1 2 3113 23381 277375 35071
874 1 3 3116 1 4 1
875 1 2 3120 13 107 19
876 1 11 3123 1 4 1
877 1 1 3128 1 8 1
878 0 8 3130 13 41 19
879 1 10 3135 1 4 1
880 1 6 3140 5 15 7
881 0 2 3144 1 9 1
882 0 12 3147 7 21 10
883 0 3 3152 1 12 1
884 0 9 3156 5 15 7
885 0 18 3161 1 3 1
886 0 2 3166 1 9 1
887 1 9 3169 1842 8957 2763
888 1 10 3174 3 9 4
889 1 10 3179 1 4 1
890 1 2 3184 4021 44353 6031
891 0 2 3187 1 8 1
892 0 1 3190 4 33 6
893 1 1 3192 351 3466 526
894 1 2 3195 45 400 67
895 1 1 3198 18499 217409 27748
896 0 7 3200 1 4 1
897 1 11 3205 3 10 4
898 0 2 3210 119 1114 178
899 1 8 3213 1 4 1
900 0 7 3218 1290 6120 1935
901 0 1 3222 621 6301 931
902 0 1 3224 1 10 1
903 0 4 3226 1 3 1
904 1 5 3230 1 3 1
905 1 2 3234 6106 68559 9159
906 1 3 3237 2 17 3
907 1 2 3241 35 307 52
908 1 1 3244 1 10 1
909 0 4 3247 121 479 181
910 1 3 3251 2 17 3
911 1 6 3255 301 1282 451
912 0 4 3259 1 6 1
913 1 2 3263 13 107 19
914 0 15 3266 13 41 19
915 1 5 3271 3 10 4
916 1 5 3275 539 2401 808
917 0 3 3279 1 4 1
918 0 5 3283 690 3130 1035
919 1 8 3287 8 24 12
920 1 1 3292 22 188 33
921 1 26 3294 686 3111 1029
922 0 1 3299 40 353 60
923 0 1 3302 1 10 1
924 0 4 3305 35 124 52
925 1 3 3309 410030 5419839 615045
926 1 1 3313 18268 214586 27402
927 0 1 3315 75 685 112
928 1 6 3316 3 9 4
929 1 2 3320 12 98 18
930 1 2 3323 19 161 28
931 0 5 3326 4 12 6
932 0 30 3330 1 4 1
933 1 3 3336 2361 11675 3541
934 1 6 3340 1605 7731 2407
935 1 1 3344 1025 10643 1537
936 0 5 3346 663 2999 994
937 1 1 3350 1 12 1
938 0 13 3353 6 18 9
939 1 4 3358 1 4 1
940 1 2 3362 264 2571 396
941 1 6 3365 1 3 1
942 1 4 3369 5328 27783 7992
943 0 3 3373 2 17 3
944 0 1 3377 9 73 13
945 0 17 3379 15 48 22
946 0 2 3384 8362 95133 12543
947 1 7 3387 12 38 18
948 1 1 3392 148 1401 222
949 1 2 3395 11 90 16
950 0 5 3398 1473 7053 2209
951 1 3 3402 1694652 12070250 2541978
952 1 2 3406 1 10 1
953 1 11 3409 6 18 9
954 1 1 3414 1 9 1
955 0 1 3417 1 10 1
956 0 1 3420 1 9 1
957 1 1 3422 32 279 48
958 1 2 3424 19 161 28
959 0 2 3427 2 17 3
960 0 1 3430 13602 157878 20403
961 1 1 3432 11 90 16
962 0 1 3434 1 9 1
963 1 2 3437 1 12 1
964 1 7 3440 418 1827 627
965 0 17 3444 1 3 1
966 0 3 3449 15 48 22
967 0 1 3453 45172215 697561670 67758322
968 0 2 3456 1 9 1
969 1 3 3459 142 570 213
970 0 4 3463 4 12 6
971 0 2 3467 19 161 28
972 1 4 3470 81 310 121
973 0 2 3474 7 56 10
974 1 9 3477 137 548 205
975 0 5 3482 1 3 1
976 0 2 3486 559 5644 838
977 1 2 3489 5 40 7
978 0 6 3492 443 1945 664
979 0 5 3496 2062 10104 3093
980 0 4 3500 31 108 46
981 1 3 3504 1 11 1
982 1 1 3508 275 2684 412
983 1 1 3509 9 73 13
984 1 2 3511 28 243 42
985 1 9 3514 174 710 261
986 0 2 3519 8 64 12
987 1 15 3522 72 272 108
988 0 4 3527 280 1186 420
989 1 1 3531 1 10 1
990 0 2 3533 4 32 6
991 1 2 3536 48 428 72
992 1 1 3539 66 599 99
993 1 15 3542 4 12 6
994 0 19 3547 54 199 81
995 0 1 3552 126946 1607587 190419
996 0 1 3554 6 48 9
997 0 1 3556 1 10 1
998 0 2 3558 1 11 1
999 0 7 3561 80180 490088 120270
1000 0 8 3565 11 34 16
1001 1 3 3570 3 9 4
1002 0 8 3574 5681 29744 8521
1003 0 2 3579 3 25 4
1004 1 2 3582 2 17 3
1005 0 2 3585 2223 23897 3334
1006 1 6 3588 7 21 10
1007 0 11 3592 1123 5276 1684
1008 0 4 3597 1 4 1
1009 1 1 3601 1 11 1
1010 1 4 3604 59618 358556 89427
1011 0 10 3608 4 12 6
