0 0 5 5 1 9 1
1 0 1 9 1 9 1
2 1 6 11 1 3 1
3 1 5 15 8 64 12
4 0 16 19 1 4 1
5 1 3 24 9 72 13
6 0 9 28 1 5 1
7 0 3 33 176 1680 264
8 0 5 37 2 17 3
9 0 2 41 19 161 28
10 1 16 44 273 1154 409
11 0 1 49 1 11 1
12 0 11 52 57 211 85
13 1 2 57 7152 80839 10728
14 1 2 60 1 11 1
15 1 4 63 16 134 24
16 0 2 67 1124 11720 1686
17 1 2 70 14 116 21
18 1 5 73 48 428 72
19 1 3 77 1777 18914 2665
20 0 63 81 1 3 1
21 1 2 87 1 9 1
22 1 1 90 1 9 1
23 1 2 93 1 11 1
24 0 2 96 163 1550 244
25 0 1 99 262 2551 393
26 1 6 102 51 457 76
27 1 6 106 2 17 3
28 1 3 110 27 233 40
29 0 4 114 1 9 1
30 0 2 118 5 40 7
31 0 1 121 1 11 1
32 1 10 124 184 754 276
33 1 1 129 1 10 1
34 1 1 131 1652 17527 2478
35 0 6 134 1 11 1
36 0 6 138 1 9 1
37 0 1 142 31 270 46
38 1 2 144 1 10 1
39 0 8 147 6065 31886 9097
40 0 3 152 17 143 25
41 1 6 156 42 372 63
42 1 2 160 1 9 1
43 1 5 163 9092 103798 13638
44 1 18 167 295 1255 442
45 0 1 172 2 17 3
46 1 2 175 1 10 1
47 0 4 178 36 316 54
48 1 9 182 21 70 31
49 1 2 187 979 10144 1468
50 1 4 190 3 25 4
51 0 2 194 1 9 1
52 0 2 197 1 9 1
53 1 1 200 316 3105 474
54 0 3 202 1 9 1
55 1 2 206 237 2296 355
56 0 6 209 1 9 1
57 1 1 213 9 72 13
58 0 1 215 2 17 3
59 1 4 217 1 10 1
60 1 6 221 3 25 4
61 1 2 225 11 90 16
62 1 2 228 7 56 10
63 0 1 231 26 224 39
64 0 3 234 3 25 4
65 1 10 238 18 59 27
66 1 5 243 1 9 1
67 1 1 247 2337 25178 3505
68 1 5 250 26 224 39
69 1 1 254 190399 2447636 285598
70 0 5 257 52 466 78
71 1 20 261 1 3 1
72 0 10 266 661 2989 991
73 1 3 271 8 64 12
74 1 2 275 21 179 31
75 1 22 278 1 4 1
76 1 3 283 5 41 7
77 1 6 287 1 10 1
78 0 14 291 323 1384 484
79 0 2 296 1 8 1
80 0 3 299 1 9 1
81 1 1 303 64 580 96
82 0 8 304 11 34 16
83 0 1 309 1 9 1
84 1 4 312 582937 7802368 874405
85 0 2 316 37 325 55
86 0 3 319 1 10 1
87 0 2 323 1 9 1
88 0 1 326 11 90 16
89 0 7 329 1 3 1
90 1 1 333 223 2154 334
91 0 3 335 1 9 1
92 1 2 339 273 2663 409
93 0 1 342 1 9 1
94 0 2 344 33607 404457 50410
95 0 10 347 2 7 3
96 0 3 352 14 116 21
97 1 7 356 1 4 1
98 1 1 361 3 25 4
99 0 4 364 81 743 121
100 0 7 368 1 3 1
101 1 2 372 2256 24267 3384
102 1 8 375 1 3 1
103 1 1 380 1 10 1
104 1 3 382 2396 25842 3594
105 1 9 385 1 4 1
106 1 2 390 1 10 1
107 1 3 393 3266 35704 4899
108 0 11 397 1 5 1
109 1 8 402 3 9 4
110 1 5 407 9 73 13
111 1 4 411 1 8 1
112 0 2 415 14 116 21
113 0 14 418 10 31 15
114 1 2 423 5 40 7
115 1 5 426 10 81 15
116 1 6 430 62 561 93
117 0 33 434 9341 50446 14011
118 0 1 440 32 279 48
119 1 5 443 10541 121078 15811
120 0 2 447 1 9 1
121 0 3 450 337 3321 505
122 1 6 454 1447 15261 2170
123 1 1 458 1 10 1
124 1 16 459 12 38 18
125 0 1 464 35 307 52
126 1 13 467 1 3 1
127 0 1 472 31 270 46
128 0 2 474 1 10 1
129 0 9 477 1 4 1
130 0 4 482 1 10 1
131 1 1 486 1 10 1
132 0 4 488 2 17 3
133 1 2 492 1 9 1
134 1 3 495 1 10 1
135 0 6 499 10 81 15
136 0 2 503 72 656 108
137 1 4 506 24 206 36
138 1 4 510 1 10 1
139 0 2 514 49 437 73
140 0 5 517 4 33 6
141 0 3 521 1 11 1
142 0 2 525 1 10 1
143 1 19 528 29 100 43
144 0 1 533 4 33 6
145 0 2 535 1 10 1
146 1 1 538 4 33 6
147 0 8 540 50 183 75
148 1 8 545 728 3316 1092
149 1 1 550 106 986 159
150 0 2 553 2 17 3
151 1 2 556 1 8 1
152 0 2 559 76 695 114
153 1 2 562 1 9 1
154 0 5 565 2 17 3
155 0 2 569 1 11 1
156 0 2 572 6 48 9
157 0 4 575 1 9 1
158 1 1 579 6 48 9
159 1 5 580 1 9 1
160 1 2 584 29 251 43
161 1 1 587 7 56 10
162 1 9 589 1 4 1
163 1 2 594 50 447 75
164 0 4 597 2400 25887 3600
165 1 4 601 143 1351 214
166 1 5 605 34312 413278 51468
167 0 4 609 14 116 21
168 0 4 613 534 5380 801
169 0 8 617 50 183 75
170 1 8 622 1 5 1
171 0 3 627 12 99 18
172 1 107 631 902 4172 1353
173 0 3 637 2070 22182 3105
174 1 12 641 18 59 27
175 1 28 646 1 4 1
176 1 1 652 13 108 19
177 1 2 654 2 17 3
178 0 1 657 27 233 40
179 1 29 659 31 108 46
180 1 7 665 296 1260 444
181 0 2 669 10 81 15
182 1 3 672 1 12 1
183 1 5 676 496 4979 744
184 1 6 680 1155 12058 1732
185 0 2 684 1 9 1
186 1 2 687 101 937 151
187 0 1 690 8011 90977 12016
188 1 7 692 43 155 64
189 0 1 696 31 270 46
190 0 3 698 231462 2996895 347193
191 1 7 702 1 6 1
192 0 4 706 3 25 4
193 1 1 710 1 10 1
194 0 1 712 244 2367 366
195 1 1 714 15 125 22
196 1 1 716 1 9 1
197 1 2 719 1 9 1
198 0 6 722 1 4 1
199 1 7 726 1 4 1
200 0 1 731 49 438 73
201 1 1 734 1 9 1
202 1 1 736 1686 17903 2529
203 0 6 739 5 40 7
204 0 3 743 90 830 135
205 0 5 747 1 11 1
206 1 12 751 8 24 12
207 1 6 756 87 801 130
208 1 3 760 348 3435 522
209 0 10 764 2 7 3
210 0 3 769 1 9 1
211 1 17 773 15 48 22
212 1 1 778 26 224 39
213 1 3 779 1 12 1
214 1 7 783 1 3 1
215 1 2 788 38 334 57
216 0 2 791 174 1660 261
217 0 2 794 1 9 1
218 0 1 797 33 288 49
219 1 8 799 16757 93738 25135
220 0 2 804 278 2714 417
221 1 3 807 3 25 4
222 0 1 811 132 1242 198
223 1 2 814 388 3850 582
224 1 6 817 1 9 1
225 0 3 821 1215 12713 1822
226 0 2 825 1407 14821 2110
227 0 2 828 12 98 18
228 1 2 831 21 179 31
229 1 8 834 365 1579 547
230 0 38 839 6 18 9
231 0 99 845 5328 27783 7992
232 0 2 851 1 9 1
233 1 14 854 1 4 1
234 0 1 859 30 260 45
235 0 1 862 46 409 69
236 1 1 865 5 40 7
237 0 3 867 1 11 1
238 0 4 871 19 161 28
239 1 2 875 270 2633 405
240 1 1 878 3 25 4
241 0 4 881 37 325 55
242 0 2 885 1 11 1
243 1 2 888 1 9 1
244 0 1 891 993 10296 1489
245 1 1 894 1 10 1
246 1 3 897 41 362 61
247 1 3 901 3 25 4
248 0 1 905 1 8 1
249 1 1 907 52 466 78
250 1 3 909 18 152 27
251 0 8 913 2 7 3
252 0 1 918 4 33 6
253 1 2 920 18 152 27
254 1 4 923 8 64 12
255 1 7 927 1 4 1
256 1 1 931 1541 16298 2311
257 1 6 932 1 10 1
258 0 5 936 12415 143565 18622
259 0 5 940 84 772 126
260 0 2 944 1 10 1
261 0 7 947 2 7 3
262 1 1 952 26277 313182 39415
263 0 3 955 55065 675563 82597
264 0 2 959 1 9 1
265 1 4 962 48 428 72
266 1 3 966 3 25 4
267 1 1 970 2 17 3
268 0 1 972 1 12 1
269 0 4 975 44 391 66
270 0 9 979 19687 111179 29530
271 1 2 984 1 9 1
272 1 3 987 1 10 1
273 1 4 991 2 17 3
274 0 8 995 519935 3499857 779902
275 1 2 1000 1 10 1
276 0 2 1003 20 170 30
277 0 6 1006 1 9 1
278 1 3 1010 1 9 1
279 0 2 1014 15 125 22
280 0 1 1017 1615 17117 2422
281 1 4 1019 1 10 1
282 0 2 1023 1 9 1
283 0 1 1026 11 90 16
284 1 4 1029 76 695 114
285 0 2 1033 1 11 1
286 0 1 1036 12 99 18
287 0 3 1039 93 859 139
288 1 2 1043 258070 3354690 387105
289 1 1 1046 3 25 4
290 1 3 1048 2 17 3
291 1 1 1052 1 10 1
292 1 4 1055 6064 68067 9096
293 0 6 1059 1 9 1
294 0 1 1063 4363 48294 6544
295 1 1 1066 4 33 6
296 0 1 1068 324 3187 486
297 1 1 1071 1 10 1
298 1 5 1073 59346 730186 89019
299 0 21 1077 41080 241998 61620
300 1 7 1082 2 6 3
301 1 1 1087 427 4257 640
302 1 3 1089 26 224 39
303 0 4 1093 68063 841851 102094
304 1 1 1097 152 1440 228
305 1 1 1099 3 25 4
306 1 1 1101 98 908 147
307 1 12 1104 1 4 1
308 0 2 1109 1310 13754 1965
309 1 1 1112 2885 31369 4327
310 1 5 1114 3677 40403 5515
311 0 1 1118 3 25 4
312 1 1 1120 1 9 1
313 0 4 1121 1827 19470 2740
314 0 4 1125 1 11 1
315 1 3 1129 5 40 7
316 1 2 1133 4 32 6
317 1 4 1136 1 12 1
318 0 17 1140 1 4 1
319 1 1 1145 130 1222 195
320 1 1 1148 1 9 1
321 1 5 1150 505 5074 757
322 1 7 1154 5 15 7
323 1 1 1158 8 64 12
324 0 2 1161 488 4895 732
325 0 10 1164 1 4 1
326 1 6 1169 1 10 1
327 1 1 1173 35 307 52
328 0 3 1175 1 13 1
329 0 13 1179 38 135 57
330 0 2 1184 185 1770 277
331 1 4 1187 1 11 1
332 0 2 1191 50 447 75
333 0 2 1194 1 9 1
334 0 7 1197 6 18 9
335 0 4 1201 77 704 115
336 0 1 1205 2 17 3
337 1 8 1207 975 4535 1462
338 0 3 1212 119171 1505565 178756
339 1 3 1216 3 25 4
340 0 7 1219 244432 1584268 366648
341 0 2 1224 10 81 15
342 1 6 1227 111 1035 166
343 0 9 1231 3 10 4
344 0 77 1236 2 6 3
345 1 1 1242 1454 15338 2181
346 0 10 1244 2 6 3
347 0 12 1249 1 4 1
348 0 4 1254 2972 32357 4458
349 1 3 1258 20484 241725 30726
350 0 2 1262 36 316 54
351 0 3 1265 1 9 1
352 1 33 1269 16 52 24
353 1 2 1275 1 9 1
354 1 8 1278 1 3 1
355 0 4 1283 1 11 1
356 1 2 1287 11 90 16
357 1 3 1290 253 2459 379
358 0 14 1294 1 4 1
359 0 50 1299 1 5 1
360 0 1 1305 1702 18081 2553
361 1 79 1306 2 7 3
362 1 2 1312 1 9 1
363 1 10 1315 281 1191 421
364 0 9 1320 2 6 3
365 0 2 1325 1 11 1
366 0 2 1328 1 9 1
367 0 4 1331 39 344 58
368 0 14 1335 401 1747 601
369 0 2 1340 1 11 1
370 1 2 1343 25 215 37
371 0 5 1346 5 41 7
372 1 2 1350 1 11 1
373 1 1 1353 1 12 1
374 1 2 1355 1 9 1
375 0 3 1358 9 73 13
376 0 3 1362 1 10 1
377 1 6 1366 1 9 1
378 1 2 1370 7 56 10
379 0 3 1373 11 90 16
380 0 1 1377 9 73 13
381 1 3 1380 1 9 1
382 0 8 1384 1 3 1
383 0 17 1389 1 3 1
384 0 2 1394 143 1351 214
385 0 5 1397 41 362 61
386 1 3 1401 2 17 3
387 1 3 1405 67 608 100
388 1 1 1409 2 17 3
389 0 2 1410 2 17 3
390 1 4 1413 12302 142205 18453
391 0 1 1417 1 9 1
392 1 1 1420 1 10 1
393 0 1 1422 2 17 3
394 1 3 1424 132 1242 198
395 1 2 1428 58 523 87
396 0 1 1431 2 17 3
397 0 2 1433 4 33 6
398 0 1 1436 6 48 9
399 1 4 1438 522 5253 783
400 1 2 1442 238 2306 357
401 1 6 1445 25 215 37
402 1 2 1449 1 9 1
403 0 2 1452 1 9 1
404 1 1 1455 1007 10448 1510
405 0 3 1458 1 11 1
406 0 4 1462 259 2520 388
407 0 2 1466 1 10 1
408 0 5 1469 4 33 6
409 1 3 1473 3 25 4
410 0 3 1477 1 11 1
411 0 4 1481 3 25 4
412 0 6 1485 3 25 4
413 0 2 1489 1 9 1
414 0 4 1492 1 12 1
415 1 1 1496 2 17 3
416 0 18 1499 200 825 300
417 1 2 1504 602 6099 903
418 0 1 1507 5 40 7
419 0 5 1510 593 6004 889
420 0 7 1514 33 116 49
421 1 2 1519 51 457 76
422 0 4 1522 1 11 1
423 1 3 1526 720 7355 1080
424 1 2 1530 1 10 1
425 0 5 1533 1 9 1
426 0 2 1537 26 224 39
427 1 7 1540 231 964 346
428 0 1 1545 7 56 10
429 0 1 1547 5 40 7
430 1 3 1549 219 2113 328
431 1 1 1553 2 17 3
432 1 4 1555 56 504 84
433 0 1 1559 10 81 15
434 1 2 1562 250 2428 375
435 1 3 1565 65 590 97
436 1 2 1569 37814 457197 56721
437 1 3 1572 1 9 1
438 0 1 1576 18 152 27
439 0 5 1577 105 976 157
440 1 1 1581 1 13 1
441 1 4 1583 23 197 34
442 1 3 1587 6 48 9
443 0 1 1591 61 551 91
444 1 4 1594 51 457 76
445 0 9 1598 899 4158 1348
446 1 2 1603 2282 24560 3423
447 0 2 1606 2 17 3
448 0 2 1609 392 3892 588
449 1 8 1612 2 7 3
450 1 2 1617 1 10 1
451 1 11 1620 1 3 1
452 1 3 1625 1 10 1
453 1 4 1629 1205 12604 1807
454 1 2 1633 599 6067 898
455 0 1 1636 1 10 1
456 1 3 1638 29 251 43
457 0 4 1642 6163 69226 9244
458 0 1 1646 18 152 27
459 1 3 1649 1 11 1
460 0 4 1653 901 9300 1351
461 0 1 1657 22 188 33
462 0 3 1660 2 17 3
463 0 6 1664 51 456 76
464 1 8 1668 480 2120 720
465 1 2 1673 49 438 73
466 0 1 1676 1 9 1
467 1 4 1677 7 56 10
468 1 2 1681 2727 29579 4090
469 0 4 1684 7 56 10
470 1 1 1688 1 9 1
471 0 4 1690 1 8 1
472 1 12 1694 5 15 7
473 1 1 1699 1 12 1
474 1 3 1702 1 12 1
475 1 3 1706 43008 522615 64512
476 0 14 1710 2 6 3
477 1 3 1715 1 10 1
478 1 6 1719 1 9 1
479 0 4 1723 89 821 133
480 1 2 1727 119 1114 178
481 1 1 1730 17 143 25
482 0 3 1731 1 9 1
483 1 9 1735 37 131 55
484 1 6 1740 1 4 1
485 0 7 1744 288 1223 432
486 1 1 1748 3 25 4
487 1 2 1751 1 9 1
488 1 2 1754 1 9 1
489 1 38 1757 1 4 1
490 1 5 1763 30 261 45
491 0 1 1767 5 40 7
492 1 8 1769 42 151 63
493 1 8 1774 209 865 313
494 0 7 1779 1 3 1
495 1 7 1784 7 21 10
496 1 2 1788 1 9 1
497 0 3 1791 94 869 141
498 1 8 1795 3 9 4
499 0 4 1800 1 11 1
500 0 1 1804 7450 84350 11175
501 0 2 1807 1 11 1
502 0 15 1810 183 749 274
503 1 4 1815 1 11 1
504 1 3 1819 4 33 6
505 1 1 1823 6 48 9
506 1 11 1825 31 108 46
507 1 10 1830 15 48 22
508 0 16 1835 1 5 1
509 1 5 1840 172 1640 258
510 0 1 1844 1 9 1
511 1 6 1846 1 8 1
512 1 1 1850 1 9 1
513 1 2 1852 286 2797 429
514 0 5 1855 178 1700 267
515 0 6 1859 13912 161625 20868
516 0 1 1863 829 8524 1243
517 0 1 1865 7450 84350 11175
518 0 2 1867 4 33 6
519 0 4 1870 5176 57712 7764
520 1 2 1874 132 1242 198
521 1 1 1877 5 41 7
522 0 1 1878 1 11 1
523 0 17 1881 176 718 264
524 1 1 1886 2 17 3
525 0 1 1888 1 9 1
526 0 2 1890 1714 18215 2571
527 0 5 1893 51 456 76
528 1 6 1897 1 10 1
529 1 10 1901 1 3 1
530 0 8 1906 1 4 1
531 1 1 1911 16 134 24
532 1 1 1913 1 9 1
533 0 9 1915 9 27 13
534 1 5 1920 1 9 1
535 0 3 1924 1 9 1
536 1 4 1928 205532 2649610 308298
537 0 11 1932 825 3792 1237
538 0 14 1937 5259 27400 7888
539 1 11 1942 1 5 1
540 0 4 1947 1 8 1
541 1 3 1951 1 9 1
542 1 2 1955 325 3197 487
543 1 2 1958 109 1015 163
544 1 3 1961 1 9 1
545 1 1 1965 1 9 1
546 0 1 1967 17 143 25
547 0 1 1970 1188 12418 1782
548 0 4 1973 355 3508 532
549 0 2 1977 6 48 9
550 1 6 1980 57 513 85
551 0 4 1984 95 879 142
552 1 2 1988 4 33 6
553 0 1 1991 1 10 1
554 0 3 1993 1 11 1
555 0 43 1997 1 5 1
556 1 1 2003 19 161 28
557 1 1 2005 35 307 52
558 1 1 2007 2990 32562 4485
559 0 4 2009 4 33 6
560 1 1 2013 1 9 1
561 0 2 2015 436 4350 654
562 0 1 2018 6 48 9
563 1 2 2021 92 850 138
564 1 2 2024 1 10 1
565 0 3 2027 5 41 7
566 1 2 2031 1 9 1
567 1 1 2034 1350 14194 2025
568 0 3 2036 5 40 7
569 0 3 2040 1 8 1
570 1 3 2044 769 7880 1153
571 1 1 2048 399820 5280113 599730
572 1 2 2050 1 10 1
573 0 1 2053 1 10 1
574 1 1 2056 6415 72178 9622
575 1 3 2059 14 116 21
576 1 1 2063 411 4090 616
577 1 4 2066 3 25 4
578 1 5 2070 34 297 51
579 0 4 2074 1 10 1
580 0 25 2078 1 6 1
581 0 2 2083 634 6439 951
582 1 4 2086 71733 889026 107599
583 0 2 2090 1 12 1
584 0 14 2093 492 2177 738
585 1 11 2098 18 59 27
586 0 2 2103 1 9 1
587 1 5 2106 2 17 3
588 1 1 2110 371 3673 556
589 0 16 2112 1 4 1
590 1 2 2117 1 14 1
591 1 2 2120 3 25 4
592 1 3 2123 37 325 55
593 0 6 2127 32 279 48
594 1 1 2131 125 1173 187
595 1 2 2134 1 10 1
596 0 6 2137 53 475 79
597 0 1 2141 5 40 7
598 0 1 2144 17 143 25
599 1 2 2147 1 13 1
600 0 1 2150 1 9 1
601 1 1 2152 2 17 3
602 1 16 2154 14 45 21
603 1 3 2159 1 9 1
604 0 1 2163 34 298 51
605 1 3 2166 1 9 1
606 0 7 2170 32 112 48
607 1 6 2174 6 48 9
608 1 3 2178 2 17 3
609 0 4 2182 1 10 1
610 1 3 2186 196261 2525808 294391
611 1 3 2190 1 10 1
612 1 1 2194 23 197 34
613 0 8 2196 1201380 8420051 1802070
614 0 5 2201 5 41 7
615 0 16 2205 1 3 1
616 1 4 2210 2 17 3
617 1 7 2214 984 4580 1476
618 1 1 2219 101 938 151
619 0 1 2221 1 11 1
620 0 6 2223 1 4 1
621 1 2 2227 2184 23460 3276
622 1 1 2230 1 9 1
623 1 2 2232 1 9 1
624 1 8 2235 1 4 1
625 1 2 2240 1 10 1
626 0 5 2243 7719 87526 11578
627 1 2 2247 120 1124 180
628 0 4 2250 1 11 1
629 0 10 2254 4 12 6
630 0 5 2259 3 25 4
631 0 5 2263 7 56 10
632 1 1 2267 659 6704 988
633 1 3 2269 1 11 1
634 0 2 2273 5 41 7
635 1 1 2276 1 10 1
636 0 14 2279 3 9 4
637 0 3 2284 189 1811 283
638 1 63 2288 1 3 1
639 1 1 2294 149 1410 223
640 1 6 2297 1371 14425 2056
641 0 1 2301 7510 85058 11265
642 0 3 2304 10 81 15
643 1 6 2308 65 589 97
644 0 2 2312 102420 1286600 153630
645 0 3 2315 1 10 1
646 1 2 2319 17514 205379 26271
647 0 5 2322 2 17 3
648 1 27 2326 1 4 1
649 0 4 2332 154 1460 231
650 0 1 2336 1 9 1
651 1 1 2338 1 9 1
652 0 1 2340 178 1700 267
653 1 2 2342 11 90 16
654 1 5 2345 1 9 1
655 0 2 2349 4641 51507 6961
656 1 8 2352 41 147 61
657 0 4 2357 4 33 6
658 0 5 2361 1 8 1
659 0 1 2365 1 9 1
660 1 2 2368 9 73 13
661 1 2 2371 2 17 3
662 0 10 2374 8 24 12
663 1 7 2379 16 52 24
664 1 2 2384 6 48 9
665 0 2 2387 1 9 1
666 1 5 2390 1383 14557 2074
667 1 26 2394 6335 33397 9502
668 0 57 2399 2 6 3
669 0 1 2405 18 152 27
670 0 3 2406 2 17 3
671 1 1 2410 213 2053 319
672 1 1 2413 3 25 4
673 1 3 2415 464 4643 696
674 0 4 2419 29 252 43
675 1 2 2423 138 1301 207
676 1 4 2426 352 3477 528
677 0 9 2430 2 7 3
678 1 10 2435 1 7 1
679 1 7 2440 113422 706300 170133
680 0 1 2444 2 17 3
681 1 2 2447 226 2184 339
682 1 6 2450 2288 24627 3432
683 0 4 2454 1 12 1
684 0 9 2458 3 9 4
685 0 2 2463 101 937 151
686 0 16 2466 23 78 34
687 1 2 2471 1 10 1
688 0 62 2474 178 727 267
689 0 1 2480 17734 208064 26601
690 1 8 2482 5 15 7
691 0 1 2487 382 3787 573
692 0 9 2489 1 4 1
693 0 1 2494 7 56 10
694 0 6 2497 1 12 1
695 0 22 2501 1 6 1
696 0 7 2506 1 4 1
697 0 5 2511 1 9 1
698 1 2 2515 1253 13130 1879
699 0 3 2518 3201 34963 4801
700 1 11 2522 443 1945 664
701 0 11 2527 17 56 25
702 0 1 2532 1 9 1
703 0 1 2534 3 25 4
704 0 2 2536 14 116 21
705 1 4 2539 16 134 24
706 1 5 2543 1 9 1
707 0 8 2547 98 381 147
708 0 1 2552 11 90 16
709 0 15 2555 1474 7059 2211
710 0 1 2560 1 10 1
711 1 2 2563 448 4476 672
712 1 7 2566 8 24 12
713 0 6 2570 1 12 1
714 0 2 2574 77 705 115
715 0 1 2577 8 64 12
716 0 1 2580 62 561 93
717 1 3 2582 17128 200672 25692
718 0 1 2586 25 215 37
719 0 1 2589 179 1710 268
720 1 5 2592 1 10 1
721 1 31 2596 50 183 75
722 0 3 2602 1 10 1
723 0 8 2606 79 301 118
724 1 1 2611 140 1321 210
725 0 41 2613 1 3 1
726 0 3 2619 5 40 7
727 0 3 2623 1436 15140 2154
728 0 2 2627 3 25 4
729 1 1 2630 2 17 3
730 1 1 2632 1 9 1
731 0 3 2635 24312 288869 36468
732 1 4 2639 1 11 1
733 1 1 2643 1061 11034 1591
734 0 14 2646 1 4 1
735 0 14 2651 4 12 6
736 0 3 2656 1 9 1
737 1 1 2660 1 11 1
738 1 7 2662 384 1667 576
739 1 3 2667 1 12 1
740 1 4 2671 1 9 1
741 0 2 2675 180 1721 270
742 0 3 2678 422478 5590355 633717
743 0 17 2682 607 2728 910
744 1 3 2687 85 782 127
745 0 2 2691 6 48 9
746 1 1 2694 14 116 21
747 0 4 2696 2 17 3
748 1 4 2700 40 353 60
749 0 4 2704 4 33 6
750 0 2 2708 85074 1061233 127611
751 1 3 2711 2 17 3
752 0 1 2715 44 390 66
753 1 3 2717 1 9 1
754 0 2 2721 100 928 150
755 1 6 2724 1 9 1
756 1 3 2728 3047 33210 4570
757 0 3 2732 4 33 6
758 0 19 2736 1675 8092 2512
759 1 1 2741 953 9863 1429
760 1 3 2744 1 9 1
761 0 3 2748 34 298 51
762 0 1 2752 763 7816 1144
763 1 2 2754 5936 66571 8904
764 0 9 2757 12 38 18
765 0 5 2762 1 9 1
766 0 2 2766 1 10 1
767 0 5 2769 60388 743504 90582
768 1 3 2773 2 17 3
769 1 3 2777 1 10 1
770 0 1 2781 23 197 34
771 0 1 2784 1 10 1
772 1 2 2787 4 33 6
773 1 5 2790 10 81 15
774 1 1 2794 2 17 3
775 1 3 2796 61 551 91
776 1 3 2800 1 10 1
777 1 3 2804 1 10 1
778 1 9 2808 1 3 1
779 1 5 2813 20 170 30
780 0 2 2817 3 25 4
781 0 9 2820 79 301 118
782 1 2 2825 600 6077 900
783 1 9 2828 150 604 225
784 1 1 2833 287 2807 430
785 0 3 2835 4 32 6
786 1 3 2839 1 11 1
787 1 6 2843 1 9 1
788 1 2 2847 4 33 6
789 1 3 2850 12 99 18
790 1 3 2854 7 56 10
791 0 2 2858 1 11 1
792 1 3 2861 103 957 154
793 1 13 2865 106 415 159
794 1 4 2870 7 56 10
795 0 1 2874 153 1450 229
796 1 2 2877 1072 11154 1608
797 0 5 2880 1126 11742 1689
798 0 4 2884 3 25 4
799 1 2 2888 1 9 1
800 1 1 2891 1 11 1
801 1 1 2893 146 1381 219
802 0 6 2896 3166 34564 4749
803 0 6 2900 5 40 7
804 1 4 2904 2945 32051 4417
805 1 5 2908 6 48 9
806 1 2 2912 1885 20117 2827
807 1 2 2915 9 72 13
808 1 1 2918 122 1143 183
809 0 1 2920 485 4864 727
810 0 5 2922 36 316 54
811 1 3 2926 3 25 4
812 0 39 2930 1 3 1
813 0 3 2936 9 72 13
814 1 2 2940 4789 53221 7183
815 1 4 2943 1 9 1
816 0 3 2947 4 33 6
817 1 8 2951 341 1467 511
818 0 4 2956 180 1720 270
819 0 1 2960 2 17 3
820 0 5 2962 1 9 1
821 0 1 2966 6953 78496 10429
822 0 2 2969 1 9 1
823 1 2 2972 1690 17948 2535
824 0 1 2975 1 9 1
825 0 1 2977 1 9 1
826 1 2 2980 88 811 132
827 0 1 2983 1 11 1
828 0 1 2985 21 179 31
829 0 1 2987 1 10 1
830 1 2 2990 2 17 3
831 0 3 2993 1 10 1
832 0 2 2997 108 1006 162
833 0 3 3000 3 25 4
834 1 6 3004 172 1640 258
835 1 2 3008 1 9 1
836 1 1 3011 200 1922 300
837 1 7 3013 4 12 6
838 0 7 3018 38 135 57
839 0 6 3022 1 13 1
840 0 1 3026 354 3497 531
841 0 2 3028 2058 22048 3087
842 1 3 3031 118 1104 177
843 1 2 3035 1 9 1
844 0 1 3038 9 72 13
845 1 2 3040 1 9 1
846 1 1 3043 1834 19548 2751
847 0 4 3045 3020 32903 4530
848 1 5 3049 17 143 25
849 0 8 3053 1 3 1
850 0 2 3058 235 2276 352
851 0 22 3061 11 34 16
852 1 1 3066 1385 14578 2077
853 0 1 3068 656 6673 984
854 0 2 3070 221 2134 331
855 1 1 3073 6 48 9
856 1 3 3074 1 9 1
857 0 11 3078 1 4 1
858 1 2 3083 3057 33324 4585
859 0 2 3086 8 64 12
860 0 41 3089 34 120 51
861 0 5 3095 379 3756 568
862 1 17 3099 15 48 22
863 1 1 3104 1 10 1
864 0 9 3106 1 5 1
865 0 1 3111 7253 82028 10879
866 1 4 3114 1 10 1
867 0 1 3118 35 307 52
868 1 3 3121 33160 398867 49740
869 0 1 3125 13 107 19
870 0 2 3127 9 73 13
871 1 1 3130 13 107 19
872 1 1 3132 5 40 7
873 0 4 3135 5 40 7
874 1 1 3139 686 6992 1029
875 0 15 3142 1 4 1
876 1 3 3147 36 316 54
877 0 3 3151 2 17 3
878 0 4 3155 2 17 3
879 1 1 3159 2 17 3
880 1 2 3161 5 40 7
881 1 3 3164 13351 154848 20026
882 0 4 3168 6871 77532 10306
883 0 1 3172 12 98 18
884 0 2 3174 1 9 1
885 1 7 3177 90 347 135
886 1 2 3181 2 17 3
887 0 2 3184 10656 122454 15984
888 0 3 3187 16 134 24
889 0 1 3191 444 4434 666
890 0 7 3193 237 991 355
891 1 3 3198 67 609 100
892 1 3 3202 5 40 7
893 1 3 3206 3571 39189 5356
894 1 6 3210 1 8 1
895 0 5 3214 4183 46218 6274
896 1 2 3218 16 134 24
897 0 2 3221 20 170 30
898 0 1 3224 2 17 3
899 1 2 3226 2 17 3
900 1 9 3229 57 211 85
901 0 3 3234 40 353 60
902 0 1 3238 18 152 27
903 1 1 3241 1357 14271 2035
904 0 6 3243 2 17 3
905 0 2 3247 1 9 1
906 0 3 3250 1218 12747 1827
907 0 1 3254 1 9 1
908 1 5 3257 13 107 19
909 0 2 3261 10 81 15
910 1 1 3264 1 9 1
911 1 13 3266 7061 37478 10591
912 0 3 3271 1 9 1
913 0 4 3275 1 10 1
914 0 1 3279 85 782 127
915 0 3 3281 235 2276 352
916 1 2 3285 3980 43882 5970
917 1 2 3288 15 125 22
918 0 2 3291 1 8 1
919 1 1 3294 497 4990 745
920 0 6 3296 41 363 61
921 1 2 3300 1 9 1
922 1 6 3303 624580 4242181 936870
923 1 2 3307 1 10 1
924 0 1 3310 1 9 1
925 1 6 3313 9 72 13
926 0 5 3317 13 107 19
927 0 19 3321 351 1513 526
928 0 3 3326 3 25 4
929 0 1 3330 8 64 12
930 1 5 3333 3111 33938 4666
931 1 11 3337 158 639 237
932 1 7 3342 84 322 126
933 1 1 3347 1 8 1
934 0 3 3349 242 2347 363
935 1 2 3353 24 206 36
936 1 8 3356 515 2286 772
937 0 1 3361 695 7089 1042
938 0 4 3363 1434 15118 2151
939 0 2 3367 4 33 6
940 1 6 3370 11 90 16
941 0 3 3374 88 811 132
942 0 3 3378 1 11 1
943 1 5 3382 942 9743 1413
944 0 1 3386 19 161 28
945 0 8 3388 4 13 6
946 1 3 3393 267 2602 400
947 1 3 3397 1 10 1
948 0 5 3401 1094 11393 1641
949 1 1 3405 26 224 39
950 0 2 3408 99 918 148
951 1 3 3411 42 372 63
952 0 1 3415 1 9 1
953 0 1 3418 1 9 1
954 1 1 3420 32 279 48
955 1 3 3422 4241 46887 6361
956 0 2 3426 2 17 3
957 1 12 3429 22 74 33
958 0 1 3434 201 1932 301
959 0 4 3436 1 8 1
960 1 2 3440 1 10 1
961 1 3 3443 3 25 4
962 1 1 3447 5 40 7
963 0 7 3450 1 4 1
964 1 1 3455 1 12 1
965 1 6 3458 2 17 3
966 0 1 3462 303 2971 454
967 1 3 3465 1 9 1
968 0 2 3469 27 233 40
969 0 2 3472 2 17 3
970 0 8 3475 5 15 7
971 0 2 3480 470 4706 705
972 1 2 3483 54 485 81
973 1 2 3486 4 33 6
974 1 2 3489 1 9 1
975 0 10 3492 1 4 1
976 1 3 3497 1 9 1
977 1 2 3501 13 108 19
978 0 3 3504 909 9387 1363
979 0 6 3508 2 7 3
980 0 2 3512 1139 11884 1708
981 1 6 3515 1306 13711 1959
982 1 13 3519 907 4197 1360
983 0 2 3524 1 9 1
984 0 5 3527 95 879 142
985 1 1 3531 3568 39155 5352
986 0 4 3533 1 10 1
987 1 4 3537 111 1035 166
988 0 40 3541 1927 9399 2890
989 0 7 3547 15 48 22
990 0 16 3552 1 5 1
991 1 1 3557 2 17 3
992 1 19 3559 2 6 3
993 1 1 3564 1 11 1
994 0 11 3566 6 18 9
995 1 2 3571 5 41 7
996 0 4 3574 11 90 16
997 1 1 3578 9 73 13
998 0 1 3580 101107 1269489 151660
999 0 1 3583 1 10 1
1000 1 1 3585 62268 767553 93402
1001 1 2 3588 1 10 1
1002 1 1 3591 46 409 69
1003 1 3 3593 3 25 4
1004 0 4 3597 43 381 64
1005 1 3 3601 43 381 64
1006 0 8 3605 80 305 120
1007 1 1 3610 1 9 1
