0 0 6 5 1 11 1
1 0 3 22 3 25 4
2 0 23 37 995 4635 1492
3 0 1 59 2 17 3
4 0 1 63 3 25 4
5 1 3 74 1 9 1
6 1 5 89 1 10 1
7 0 11 105 4 12 6
8 1 7 125 13 41 19
9 0 1 143 718 7334 1077
10 0 8 152 1 4 1
11 0 3 170 412 4100 618
12 0 3 185 145 1371 217
13 1 1 199 9 73 13
14 0 1 209 114 1065 171
15 1 1 215 5 40 7
16 0 5 226 10 81 15
17 1 2 243 1 9 1
18 1 1 256 161 1530 241
19 0 3 264 169 1610 253
20 0 2 278 1 9 1
21 0 1 290 2 17 3
22 0 1 298 1 9 1
23 0 3 306 2 17 3
24 1 3 321 1 9 1
25 1 12 335 1 4 1
26 1 2 355 1 9 1
27 1 1 367 74 675 111
28 1 8 379 7 21 10
29 1 4 398 2 17 3
30 1 10 414 2 7 3
31 1 4 433 100 928 150
32 0 4 449 1 11 1
33 0 7 465 782 3580 1173
34 1 18 483 30 104 45
35 0 1 504 1 9 1
36 1 7 512 3 10 4
37 1 2 530 1 11 1
38 1 3 542 1 12 1
39 0 30 557 43 155 64
40 1 5 579 5 41 7
41 0 1 596 1 10 1
42 1 4 606 1 11 1
43 0 2 622 4286 47406 6429
44 1 2 636 10 81 15
45 0 9 648 107 419 160
46 0 2 667 34 298 51
47 0 15 679 11 34 16
48 1 3 699 1 11 1
49 1 6 714 1 9 1
50 0 4 731 106 986 159
51 0 3 746 360 3559 540
52 1 1 760 1 9 1
53 0 1 769 11 90 16
54 1 3 780 1 11 1
55 0 7 795 16 52 24
56 0 3 813 6542 73668 9813
57 1 2 828 197 1891 295
58 0 1 842 1 12 1
59 1 16 850 1 3 1
60 0 2 871 1 10 1
61 1 1 885 1 10 1
62 0 1 893 1 9 1
63 1 2 900 12 98 18
64 0 4 913 1 9 1
65 1 3 929 72 656 108
66 0 2 944 69 627 103
67 1 1 956 92 850 138
68 0 2 967 1 12 1
69 0 89 980 206 852 309
70 1 10 1005 18 59 27
71 0 2 1024 8 64 12
72 0 5 1038 1 11 1
73 0 3 1055 4 33 6
74 1 2 1069 439 4382 658
75 1 2 1081 295 2889 442
76 0 4 1094 37 325 55
77 1 3 1110 88 811 132
78 0 4 1125 19 161 28
79 0 4 1141 3 25 4
80 0 4 1157 12 99 18
81 1 1 1173 32 279 48
82 1 15 1179 18 59 27
83 1 2 1199 196 1881 294
84 0 7 1212 39009 229130 58513
85 1 2 1230 962 9960 1443
86 1 1 1242 355 3507 532
87 1 1 1253 19 161 28
88 1 4 1264 1 10 1
89 0 3 1280 1 9 1
90 0 1 1294 9 73 13
91 0 2 1299 74 676 111
92 1 6 1313 42 372 63
93 0 3 1330 33 289 49
94 0 1 1345 1 11 1
95 1 1 1351 14 116 21
96 0 1 1360 4 33 6
97 0 1 1370 104 967 156
98 0 19 1377 1 6 1
99 0 6 1398 1 4 1
100 0 2 1416 1 11 1
101 1 2 1428 615 6237 922
102 1 8 1440 11 34 16
103 1 1 1458 892 9203 1338
104 1 1 1466 1 10 1
105 0 9 1477 849 3910 1273
106 1 2 1496 10 81 15
107 0 1 1508 246 2388 369
108 0 1 1518 1 9 1
109 0 7 1528 2 7 3
110 0 2 1546 8 64 12
111 1 1 1559 8 64 12
112 0 7 1567 1 4 1
113 1 26 1585 1 5 1
114 1 2 1607 1 11 1
115 1 1 1620 1 12 1
116 1 1 1629 2 17 3
117 0 1 1636 29 252 43
118 0 1 1645 273779 3566545 410668
119 0 2 1652 1 10 1
120 1 2 1664 1 10 1
121 0 2 1677 1 14 1
122 1 1 1691 1 10 1
123 1 2 1701 52 466 78
124 1 6 1714 60 542 90
125 1 4 1731 107 996 160
126 1 2 1747 5 40 7
127 0 1 1761 2 17 3
128 0 1 1769 47 419 70
129 0 1 1779 5 40 7
130 0 4 1790 20 169 30
131 1 3 1806 3 25 4
132 1 4 1820 57 513 85
133 0 1 1835 70 637 105
134 1 3 1843 1 11 1
135 0 3 1858 15 125 22
136 1 7 1873 45 163 67
137 1 16 1891 17130 95950 25695
138 0 4 1912 4503 49911 6754
139 0 2 1928 1 10 1
140 0 3 1942 83 762 124
141 0 1 1956 314 3084 471
142 1 4 1966 1 10 1
143 0 2 1982 1 11 1
144 0 3 1994 2 17 3
145 1 1 2008 1 9 1
146 1 9 2017 94 364 141
147 1 5 2036 69 628 103
148 1 1 2053 29 252 43
149 1 2 2060 1 11 1
150 1 4 2072 64 580 96
151 0 5 2088 381079 5023961 571618
152 0 3 2105 2 17 3
153 0 3 2120 20 170 30
154 0 8 2135 2 6 3
155 0 1 2153 2169 23291 3253
156 0 2 2164 1 9 1
157 0 3 2178 28 242 42
158 0 3 2193 2 17 3
159 1 3 2207 90 830 135
160 0 7 2222 144 578 216
161 1 2 2240 866 8923 1299
162 1 2 2253 1 8 1
163 1 1 2265 3742 41148 5613
164 0 3 2276 181 1730 271
165 1 19 2291 22 74 33
166 1 1 2312 3 25 4
167 1 4 2319 2 17 3
168 0 1 2334 183 1750 274
169 1 7 2344 331 1421 496
170 1 1 2362 3 25 4
171 1 1 2373 10 81 15
172 1 5 2384 166 1580 249
173 0 3 2401 1 9 1
174 1 2 2415 1 9 1
175 1 2 2429 1 9 1
176 0 1 2441 81 743 121
177 1 8 2446 1 3 1
178 1 2 2465 894 9225 1341
179 0 4 2478 9 73 13
180 1 7 2494 2 6 3
181 0 1 2512 1 9 1
182 1 10 2520 33 116 49
183 0 64 2539 1 4 1
184 0 2 2563 1 9 1
185 0 1 2575 1 10 1
186 0 11 2586 8 24 12
187 0 6 2605 1 10 1
188 1 1 2623 1 9 1
189 0 1 2634 9 73 13
190 1 19 2642 1 3 1
191 0 7 2663 9 27 13
192 1 3 2681 1 10 1
193 1 4 2696 339 3342 508
194 1 5 2712 1 8 1
195 0 8 2728 2 7 3
196 0 1 2747 778 7976 1167
197 1 1 2758 237 2296 355
198 0 2 2769 1 9 1
199 0 5 2783 1 11 1
200 1 3 2800 1432 15096 2148
201 1 2 2814 1 9 1
202 1 10 2828 4 12 6
203 1 2 2847 17684 207454 26526
204 0 36 2859 129 513 193
205 0 2 2882 1 9 1
206 1 3 2895 3533 38754 5299
207 0 1 2910 81044 1009101 121566
208 1 9 2921 106 415 159
209 0 2 2940 1 9 1
210 0 5 2952 141 1331 211
211 1 1 2968 1 10 1
212 1 7 2977 1 5 1
213 1 1 2995 30 261 45
214 1 2 3002 1 11 1
215 0 1 3015 3081 33596 4621
216 1 11 3027 1595 7680 2392
217 0 1 3047 37 325 55
218 0 3 3058 3 25 4
219 1 2 3073 8531 97137 12796
220 1 1 3085 1 11 1
221 0 2 3094 327 3218 490
222 1 7 3107 1 5 1
223 1 8 3125 1 4 1
224 0 1 3144 2 17 3
225 0 1 3153 1077 11208 1615
226 0 2 3162 4831 53707 7246
227 0 2 3174 1 9 1
228 1 14 3186 57 211 85
229 0 2 3206 12 99 18
230 1 2 3218 1 9 1
231 1 6 3230 3 25 4
232 1 7 3247 6 18 9
233 1 5 3265 19 161 28
234 1 1 3282 13446 155994 20169
235 0 6 3293 1 9 1
236 1 1 3311 1 9 1
237 1 3 3321 958 9917 1437
238 1 4 3335 5224 58270 7836
239 0 10 3351 2265 11169 3397
240 1 2 3370 1 14 1
241 1 8 3383 1 4 1
242 1 4 3401 1 9 1
243 0 6 3417 1 10 1
244 1 3 3434 22 188 33
245 0 7 3448 5333 27811 7999
246 1 11 3466 136 543 204
247 0 3 3485 1816 19348 2724
248 0 21 3499 1 3 1
249 1 8 3520 2 6 3
250 0 1 3539 8 64 12
251 1 1 3547 7 56 10
252 1 14 3557 7 21 10
253 0 3 3577 9 72 13
254 1 5 3591 6 48 9
255 0 2 3608 1 9 1
