0 1 1 5 1 11 1
1 0 1 11 1 12 1
2 1 3 17 4 12 6
3 0 3 25 1 4 1
4 0 3 33 8 24 12
5 1 12 41 9 27 13
6 0 1 50 2 17 3
7 1 1 55 24 206 36
8 0 2 60 1 10 1
9 1 1 67 1 11 1
10 0 2 73 1 9 1
11 1 1 80 2 17 3
12 1 8 85 1 4 1
13 0 1 94 968 10025 1452
14 1 19 101 11101 60585 16651
15 0 6 110 27 93 40
16 1 3 118 86 330 129
17 0 4 126 1 4 1
18 1 1 134 1 12 1
19 0 1 139 14 116 21
20 1 9 145 1 5 1
21 1 5 154 711 3233 1066
22 1 4 162 1 4 1
23 0 2 170 39 344 58
24 0 2 177 497 4990 745
25 1 3 184 31 270 46
26 1 2 191 43896 533830 65844
27 1 7 198 1 4 1
28 0 4 206 2 7 3
29 1 3 214 1 10 1
30 0 4 221 36 128 54
31 0 2 229 5799 64970 8698
32 0 7 236 1 4 1
33 1 2 244 1 12 1
34 0 1 251 36 316 54
35 1 2 257 2 17 3
36 1 1 264 1 10 1
37 1 1 269 113 1055 169
38 1 2 275 13 107 19
39 0 3 282 1 3 1
40 0 4 290 4 12 6
41 1 7 298 220 915 330
42 0 2 306 1 8 1
43 1 2 313 1 8 1
44 0 3 320 1 4 1
45 1 4 328 15 49 22
46 1 1 336 3313 36240 4969
47 1 7 342 1092 5121 1638
48 1 5 350 488094 3275312 732141
49 0 2 358 1 10 1
50 1 2 365 1 11 1
51 0 13 372 1 4 1
52 1 3 381 4 12 6
53 0 1 389 3 25 4
54 0 7 395 1 5 1
55 1 7 403 1 5 1
56 0 10 411 1 5 1
57 0 2 420 5 41 7
58 1 15 427 169 687 253
59 0 1 436 22 188 33
60 0 2 442 1 9 1
61 0 2 449 3 25 4
62 1 20 456 1 5 1
63 1 6 465 12 38 18
64 0 5 473 881 4068 1321
65 0 1 481 1 13 1
66 1 2 486 1 9 1
67 1 3 493 8 24 12
68 1 22 501 258 1086 387
69 1 23 510 1 4 1
70 1 1 519 1 11 1
71 1 1 525 854 8794 1281
72 1 4 532 3 9 4
73 0 4 540 44 159 66
74 1 5 548 4 12 6
75 1 13 556 1 4 1
76 1 3 565 1036 4840 1554
77 0 3 573 77456 472551 116184
78 0 1 581 12 98 18
79 1 8 586 9 27 13
80 0 6 595 1 5 1
81 1 3 603 3 10 4
82 0 16 611 13 41 19
83 1 1 620 3 25 4
84 1 1 627 13 107 19
85 1 2 633 149 1410 223
86 1 11 640 27 93 40
87 0 4 649 1 4 1
88 0 4 657 13 41 19
89 1 3 665 458 4580 687
90 0 3 672 273 2663 409
91 0 3 679 1 3 1
92 1 15 687 27 93 40
93 0 3 696 635 6449 952
94 0 2 703 1 9 1
95 0 5 710 22 74 33
96 0 4 718 2 6 3
97 0 2 726 1 10 1
98 1 4 733 915 4237 1372
99 0 1 741 1 10 1
100 1 3 747 83 318 124
101 0 8 755 2 7 3
102 0 2 764 50 447 75
103 0 2 771 507 5095 760
104 0 1 778 9 73 13
105 0 2 783 352 3476 528
106 1 5 790 590 2646 885
107 0 3 798 1 3 1
108 0 2 806 611 6194 916
109 0 11 813 4 12 6
110 0 2 822 61 551 91
111 0 1 829 1913109 26681590 2869663
112 0 2 835 1668 17704 2502
113 1 7 842 56 207 84
114 1 2 850 2270 24425 3405
115 0 1 857 1 9 1
116 0 1 863 1 10 1
117 0 5 870 5 15 7
118 1 2 878 1251 13108 1876
119 1 1 885 1 10 1
120 1 10 891 383 1663 574
121 0 2 900 1 13 1
122 1 4 907 1770 8583 2655
123 1 8 915 1 4 1
124 0 2 923 1 9 1
125 1 1 930 1 10 1
126 0 2 935 1 9 1
127 0 4 942 57 211 85
128 0 11 950 10 31 15
129 1 7 959 1 4 1
130 1 1 967 13 108 19
131 0 5 973 1 4 1
132 1 2 981 374798 4938209 562197
133 0 1 988 1 12 1
134 0 3 994 22 188 33
135 0 1 1001 3 25 4
136 0 1 1007 1 9 1
137 1 4 1014 3 9 4
138 0 1 1022 7248 81969 10872
139 1 3 1028 1 5 1
140 1 3 1036 45 400 67
141 1 2 1044 245 2378 367
142 1 1 1051 1802 19192 2703
143 1 2 1058 974 10090 1461
144 0 2 1065 147 1390 220
145 1 4 1072 100 389 150
146 0 8 1080 1 7 1
147 0 3 1088 1 5 1
148 0 2 1096 1 10 1
149 1 4 1103 1 4 1
150 0 3 1111 6 48 9
151 1 3 1118 6 18 9
152 0 2 1126 1 9 1
153 1 4 1133 1192 5624 1788
154 0 4 1141 1 3 1
155 0 6 1149 8 24 12
156 1 11 1157 1 6 1
157 1 1 1166 1 11 1
158 0 7 1172 1 5 1
159 0 1 1180 1 11 1
160 0 3 1187 1 9 1
161 0 7 1194 5807 30446 8710
162 0 17 1202 1094 5131 1641
163 1 1 1211 3 25 4
164 0 2 1217 956 9895 1434
165 0 10 1224 121455 759075 182182
166 1 3 1233 845 8697 1267
167 0 3 1240 1 4 1
168 1 1 1248 45 400 67
169 1 7 1254 2 6 3
170 1 10 1262 3 9 4
171 1 4 1271 7 21 10
172 0 2 1279 207 1992 310
173 0 3 1286 2 7 3
174 0 2 1294 10 81 15
175 0 1 1301 61 551 91
176 0 2 1307 7529 85282 11293
177 0 2 1314 142 1341 213
178 1 1 1321 1 11 1
179 0 2 1328 17 143 25
180 1 3 1335 10964 59792 16446
181 1 3 1343 2 6 3
182 0 5 1351 1 5 1
183 1 4 1359 6 18 9
184 0 11 1367 4 13 6
185 1 6 1376 48 175 72
186 1 4 1384 3 9 4
187 1 2 1392 1 9 1
188 1 1 1399 127 1192 190
189 1 1 1405 408 4058 612
190 0 17 1410 67 252 100
191 0 3 1419 12 99 18
192 0 1 1426 1 11 1
193 1 4 1431 1 4 1
194 1 11 1439 250 1050 375
195 1 6 1448 1 3 1
196 0 24 1456 210 870 315
197 1 11 1465 122 483 183
198 1 3 1474 5 15 7
199 1 3 1482 2 6 3
200 0 3 1490 3 10 4
201 0 3 1498 7579 40405 11368
202 0 4 1506 8 24 12
203 1 2 1514 409 4068 613
204 1 1 1521 1 10 1
205 1 3 1527 1 3 1
206 1 3 1535 1 9 1
207 1 2 1542 1 10 1
208 1 2 1549 1 9 1
209 0 4 1556 3 10 4
210 1 1 1564 155 1470 232
211 0 5 1570 1 4 1
212 0 41 1578 8 24 12
213 0 3 1588 1 9 1
214 0 2 1596 12 99 18
215 1 1 1603 1 10 1
216 1 1 1608 2 17 3
217 0 5 1614 1 6 1
218 0 2 1622 56 504 84
219 0 1 1629 711 7260 1066
220 1 2 1634 903 9322 1354
221 0 2 1641 1 9 1
222 1 6 1648 1 4 1
223 0 3 1656 1 9 1
224 1 2 1663 1 8 1
225 0 3 1670 7297 38810 10945
226 0 6 1678 543 2420 814
227 1 3 1686 139 556 208
228 1 4 1694 329 1412 493
229 0 1 1702 12695 146937 19042
230 1 4 1708 922 4272 1383
231 1 11 1716 1 4 1
232 1 2 1725 1586 16796 2379
233 1 1 1732 749 7666 1123
234 0 1 1739 38 335 57
235 0 12 1746 1 4 1
236 1 1 1755 1 9 1
237 0 2 1761 125 1173 187
238 1 7 1768 52 191 78
239 0 1 1776 1 11 1
240 0 4 1782 1 5 1
241 1 3 1790 1 4 1
242 1 1 1798 18 152 27
243 0 7 1804 1 3 1
244 0 1 1812 3 25 4
245 0 5 1819 5 15 7
246 0 7 1827 52 191 78
247 0 1 1835 4 33 6
248 1 26 1839 1 4 1
249 0 11 1848 1 4 1
250 1 1 1857 2 17 3
251 0 2 1864 226 2184 339
252 1 1 1871 5 41 7
253 0 1 1878 1 10 1
254 0 4 1884 1 3 1
255 0 18 1892 2798 13993 4197
256 0 10 1901 84 322 126
257 1 1 1910 2167 23269 3250
258 0 3 1916 8 24 12
259 0 2 1924 1 11 1
260 1 7 1931 2 6 3
261 0 11 1939 755 3448 1132
262 0 3 1948 12 99 18
263 0 1 1956 1 9 1
264 1 6 1962 1 4 1
265 1 4 1970 1 3 1
266 1 4 1978 64718 390987 97077
267 1 6 1986 1 3 1
268 1 9 1994 3 10 4
269 1 4 2003 18 59 27
270 1 2 2011 1 10 1
271 1 5 2018 310 1324 465
272 1 3 2026 1 9 1
273 0 15 2033 3 10 4
274 0 3 2042 1 9 1
275 0 7 2049 94 364 141
276 1 1 2057 1 9 1
277 0 9 2063 27 93 40
278 0 3 2072 1 3 1
279 0 3 2080 6 18 9
280 1 2 2088 1 11 1
281 1 1 2095 1 10 1
282 1 2 2102 999 10361 1498
283 1 4 2109 2 7 3
284 1 5 2117 5 15 7
285 1 5 2125 9073 48911 13609
286 1 3 2133 1 4 1
287 1 2 2141 1 9 1
288 1 1 2148 104 966 156
289 1 2 2155 1 12 1
290 0 1 2162 2 17 3
291 1 1 2169 48 428 72
292 0 2 2175 15 125 22
293 0 2 2182 33 288 49
294 0 1 2189 182 1740 273
295 1 26 2195 211 874 316
296 1 2 2204 1 9 1
297 0 4 2211 8 24 12
298 0 2 2219 95 879 142
299 1 2 2226 1 9 1
300 1 2 2233 1 11 1
301 0 6 2240 19 63 28
302 0 6 2248 17 56 25
303 1 2 2256 1 10 1
304 1 11 2263 2 7 3
305 1 1 2272 1 10 1
306 0 2 2278 46 409 69
307 1 5 2285 1 4 1
308 0 4 2293 22 74 33
309 0 4 2301 45 163 67
310 0 2 2309 1 9 1
311 1 11 2316 5 15 7
312 0 1 2325 2 17 3
313 1 10 2331 1 6 1
314 1 17 2340 1 6 1
315 0 4 2349 1 3 1
316 0 1 2357 1 9 1
317 0 1 2363 31 270 46
318 1 1 2369 5 41 7
319 0 4 2375 2 6 3
320 1 4 2383 1 4 1
321 0 4 2391 1 3 1
322 0 4 2399 10 31 15
323 1 1 2407 1 9 1
324 0 3 2413 12 38 18
325 0 7 2421 5 15 7
326 1 4 2429 1 4 1
327 1 2 2437 2634 28527 3951
328 1 2 2444 2 17 3
329 0 2 2451 1 9 1
330 0 10 2458 1 4 1
331 0 1 2467 5297 59119 7945
332 1 3 2473 2 17 3
333 1 6 2481 159 644 238
334 0 4 2489 1 5 1
335 0 1 2497 778 7977 1167
336 1 4 2503 1 4 1
337 1 34 2511 2250 11090 3375
338 0 2 2520 36 316 54
339 1 14 2527 1 3 1
340 0 6 2536 2 7 3
341 1 5 2544 676 3062 1014
342 0 2 2552 216 2083 324
343 0 3 2559 249 1045 373
344 1 8 2567 8 24 12
345 1 1 2575 1 9 1
346 0 13 2581 16 52 24
347 0 1 2590 15 125 22
348 1 5 2596 1 3 1
349 1 2 2604 22 188 33
350 1 8 2611 50 183 75
351 1 4 2620 20 67 30
352 1 6 2628 5 15 7
353 0 2 2636 3 25 4
354 1 9 2643 603 2709 904
355 1 2 2652 47 419 70
356 1 17 2659 104888 650440 157332
357 1 3 2668 9 27 13
358 1 4 2676 633 2854 949
359 0 3 2684 1 5 1
360 0 1 2692 1 10 1
361 0 4 2699 4 13 6
362 0 3 2707 18 59 27
363 0 2 2715 311 3053 466
364 0 6 2722 22 74 33
365 0 4 2730 5920 31076 8880
366 0 3 2738 2 17 3
367 0 4 2745 27 93 40
368 0 6 2753 1 3 1
369 1 1 2761 40853 495434 61279
370 0 2 2767 1 11 1
371 0 1 2774 10 81 15
372 0 2 2780 29 251 43
373 0 2 2787 3 25 4
374 1 13 2794 21709 123301 32563
375 0 3 2803 6 48 9
376 1 2 2810 1 9 1
377 1 6 2817 3 10 4
378 1 4 2825 3 9 4
379 1 3 2833 1 9 1
380 0 19 2840 1 3 1
381 0 5 2849 1835 8920 2752
382 1 2 2857 1 9 1
383 0 7 2864 28 97 42
384 1 3 2872 5 15 7
385 0 6 2880 3 9 4
386 0 2 2888 5 40 7
387 1 8 2895 1 5 1
388 0 2 2903 1 10 1
389 0 1 2910 219 2113 328
390 0 17 2916 77 293 115
391 1 3 2925 668 3023 1002
392 0 1 2933 1 10 1
393 1 1 2939 1 10 1
394 0 1 2944 5 40 7
395 0 1 2951 410 4079 615
396 0 3 2956 12 38 18
397 0 4 2964 169 687 253
398 0 4 2972 73 276 109
399 0 3 2980 334 1435 501
400 0 8 2988 8 24 12
401 0 2 2997 1 10 1
402 0 4 3004 353 1523 529
403 1 17 3012 213 883 319
404 0 7 3021 4759 24638 7138
405 1 5 3029 1 5 1
406 1 1 3037 141801 1803127 212701
407 0 1 3044 1 9 1
408 1 3 3050 127 1193 190
409 0 10 3057 2 7 3
410 0 1 3066 10 81 15
411 1 6 3072 568 2540 852
412 1 4 3080 1 3 1
413 0 2 3088 66 599 99
414 1 1 3095 1 12 1
415 1 12 3101 1434 6854 2151
416 1 5 3110 1 4 1
417 0 8 3118 6 18 9
418 0 4 3126 1 3 1
419 0 2 3134 4444 49230 6666
420 1 4 3141 14 45 21
421 1 1 3149 2 17 3
422 0 4 3155 485 2144 727
423 1 2 3163 1 8 1
424 0 4 3170 30 104 45
425 1 2 3178 26 224 39
426 1 2 3185 4 33 6
427 0 8 3192 490 2167 735
428 1 4 3201 1 4 1
429 1 1 3209 1 10 1
430 1 14 3215 8 24 12
431 1 8 3224 1 3 1
432 1 2 3232 1 10 1
433 0 2 3239 108 1006 162
434 0 3 3246 1 9 1
435 1 11 3254 879 4058 1318
436 1 1 3263 10 81 15
437 1 1 3269 18 152 27
438 1 10 3275 192 789 288
439 0 2 3284 15823 184790 23734
440 1 1 3291 87246 1089367 130869
441 1 2 3297 1 9 1
442 1 4 3304 7 21 10
443 0 16 3312 19 63 28
444 0 1 3321 46021 560701 69031
445 0 2 3327 3032 33039 4548
446 1 1 3334 43 381 64
447 1 10 3338 3 10 4
448 1 2 3347 57 513 85
449 1 3 3354 318 3125 477
450 0 2 3362 2 17 3
451 0 4 3369 374 1621 561
452 0 6 3377 1 5 1
453 0 3 3385 30 104 45
454 0 5 3393 10 31 15
455 0 1 3401 250576 3253781 375864
456 0 2 3407 118 1104 177
457 1 1 3414 2 17 3
458 1 3 3420 107 996 160
459 0 2 3427 18 152 27
460 0 1 3434 1 9 1
461 0 4 3439 1 5 1
462 0 7 3447 5 15 7
463 1 1 3455 3 25 4
464 1 3 3461 25 85 37
465 0 2 3469 133 1252 199
466 1 4 3476 29 100 43
467 0 3 3484 6 48 9
468 1 1 3492 14 116 21
469 1 6 3498 2179 10717 3268
470 0 2 3506 21 179 31
471 1 3 3513 1 3 1
472 1 9 3521 4 12 6
473 0 4 3530 1 5 1
474 1 3 3538 1 4 1
475 1 11 3546 1 3 1
476 0 4 3555 26 89 39
477 1 2 3563 530 5338 795
478 1 9 3570 3107 15646 4660
479 1 2 3579 21937 259583 32905
480 0 1 3586 23 197 34
481 1 2 3591 1 9 1
482 0 5 3598 4219 21674 6328
483 0 13 3606 19 63 28
