0 0 13 5 101 394 151
1 1 11 9 1 3 1
2 0 1 13 1 11 1
3 0 6 16 4 33 6
4 1 5 20 254 2469 381
5 0 3 24 1 12 1
6 0 2 28 3 25 4
7 1 4 32 108 1006 162
8 0 4 36 19 161 28
9 1 1 40 144 1361 216
10 0 2 43 8072 91699 12108
11 0 1 47 1 10 1
12 1 1 50 24 206 36
13 1 1 53 118 1104 177
14 0 1 56 7318 82794 10977
15 0 1 59 3 25 4
16 0 12 62 14752 81900 22128
17 0 10 66 2 7 3
18 1 2 70 2 17 3
19 1 4 74 2 17 3
20 1 2 78 18 152 27
21 0 1 82 8 64 12
22 1 2 85 54 485 81
23 0 3 88 2 17 3
24 1 2 92 509 5116 763
25 0 3 95 2 17 3
26 1 9 99 2244 11059 3366
27 1 6 103 3 25 4
28 1 2 107 3 25 4
29 1 22 110 1 4 1
30 1 1 115 85 782 127
31 1 3 117 216 2083 324
32 0 1 121 2 17 3
33 0 11 124 1 3 1
34 0 1 128 13 107 19
35 0 6 131 124 1163 186
36 1 1 135 1 10 1
37 1 4 138 14510 168861 21765
38 0 1 142 326 3208 489
39 1 3 145 1 9 1
40 1 1 149 1 10 1
41 1 18 151 578 2588 867
42 1 3 156 1 12 1
43 0 7 160 1 3 1
44 1 2 164 1122 11698 1683
45 0 1 167 536 5401 804
46 0 12 170 25 85 37
47 0 7 174 59 219 88
48 1 6 178 21942 259644 32913
49 1 8 182 1 5 1
50 0 2 186 21 179 31
51 1 1 190 1 9 1
52 0 3 193 3 25 4
53 1 2 197 1 10 1
54 0 2 201 1 10 1
55 1 5 204 1 11 1
56 1 1 208 543 5475 814
57 0 2 211 78 714 117
58 0 2 214 151 1431 226
59 1 1 218 1 9 1
60 1 4 220 1 10 1
61 0 2 224 1 10 1
62 1 1 228 9 72 13
63 0 1 231 970 10047 1455
64 1 4 234 1 12 1
65 1 3 238 19 161 28
66 0 2 242 2 17 3
67 1 2 245 1 10 1
68 1 2 249 26 224 39
69 0 1 252 1 9 1
70 0 2 255 17 143 25
71 1 3 259 5 40 7
72 1 1 263 25 215 37
73 0 10 266 1 4 1
74 0 2 270 33 288 49
75 1 10 274 1 4 1
76 1 15 278 1 3 1
77 1 1 282 19 161 28
78 0 3 285 2 17 3
79 1 8 289 737026 5046320 1105539
80 1 4 293 1 9 1
81 1 4 297 18 152 27
82 0 1 301 19 161 28
83 0 2 304 1 10 1
84 0 9 308 10 31 15
85 0 1 312 1 8 1
86 0 8 314 610 2742 915
87 0 12 318 369 1597 553
88 1 1 322 29 252 43
89 0 6 325 3 25 4
90 1 4 329 1 9 1
91 0 5 333 17 143 25
92 0 3 337 1 10 1
93 0 1 341 1876 20016 2814
94 0 27 344 118571 740107 177856
95 0 6 349 504 5064 756
96 0 6 353 1 8 1
97 0 13 357 662 2994 993
98 0 4 361 217 2093 325
99 1 3 365 8599 97943 12898
100 1 3 369 203 1952 304
101 0 8 373 1 4 1
102 1 2 377 4115 45435 6172
103 0 10 380 488 2158 732
104 0 1 384 1739 18492 2608
105 1 4 387 1 11 1
106 1 4 391 128 1203 192
107 0 19 395 5 15 7
108 1 2 400 1 11 1
109 0 9 404 723 3291 1084
110 0 2 408 4 33 6
111 0 8 412 1 4 1
112 1 11 416 86 330 129
113 1 2 420 10 81 15
114 1 3 424 1 13 1
115 1 2 428 586 5929 879
116 1 1 432 508 5106 762
117 0 4 434 43 381 64
118 1 11 438 46 167 69
119 1 2 442 7 56 10
120 0 2 446 2940 31994 4410
121 0 8 450 3 10 4
122 1 2 454 1 11 1
123 1 18 458 338 1453 507
124 1 2 463 23 197 34
125 0 2 466 2 17 3
126 1 11 469 1 3 1
127 1 1 473 362 3580 543
128 0 1 476 2 17 3
129 1 1 479 1 9 1
130 0 1 482 6 48 9
131 1 9 485 6 18 9
132 1 9 489 2 7 3
133 0 13 493 14 45 21
134 1 1 497 15 125 22
135 1 6 500 86 791 129
136 1 11 504 32 112 48
137 1 1 508 1 11 1
138 1 11 511 1 4 1
139 0 7 515 2 6 3
140 1 9 519 1 4 1
141 1 2 523 2 17 3
142 0 4 527 1 11 1
143 0 2 531 534 5379 801
144 1 2 535 1 9 1
145 0 3 539 1 9 1
146 0 4 543 1 10 1
147 1 1 547 1 10 1
148 1 1 550 45 400 67
149 0 14 553 5 15 7
150 0 2 557 1277 13392 1915
151 1 2 561 5 40 7
152 0 1 565 265 2581 397
153 1 5 568 1360 14303 2040
154 1 2 572 1511 15967 2266
155 1 2 576 2 17 3
156 0 2 580 94 869 141
157 0 4 584 1 8 1
158 0 1 588 1 9 1
159 0 3 591 2 17 3
160 0 4 595 1 9 1
161 0 2 599 1 9 1
162 0 1 603 5457 60981 8185
163 0 1 606 9 72 13
164 1 4 609 1 9 1
165 1 11 613 9 27 13
166 1 1 617 402 3996 603
167 0 2 620 13 108 19
168 0 3 624 1 11 1
169 1 3 628 1 11 1
170 1 1 632 8 64 12
171 1 8 635 1 3 1
172 0 6 639 56763 697210 85144
173 1 20 643 1 4 1
174 0 1 648 269 2622 403
175 0 2 651 46244 563524 69366
176 1 1 655 6 48 9
177 0 3 658 1079 11230 1618
178 0 1 662 732 7484 1098
179 0 3 665 3 25 4
180 0 5 669 19 161 28
181 1 2 673 79284 986363 118926
182 0 1 677 2 17 3
183 0 8 680 35 124 52
184 1 36 684 1 4 1
185 0 1 689 3 25 4
186 1 4 692 13 107 19
187 1 1 696 3 25 4
188 0 5 699 3 25 4
189 1 8 703 1 4 1
190 0 11 707 1 5 1
191 1 6 711 88 811 132
192 0 14 715 4 12 6
193 1 2 719 1 10 1
194 0 2 723 1 9 1
195 0 1 727 464 4644 696
196 0 1 730 8 64 12
197 1 12 733 4 12 6
198 1 2 737 15 125 22
199 1 5 741 349 3446 523
200 0 8 745 532 2368 798
201 0 3 749 144 1361 216
202 0 12 753 672 3043 1008
203 1 1 757 1 9 1
204 1 8 760 213 883 319
205 1 4 764 1 9 1
206 0 4 768 305 2992 457
207 1 2 772 1 9 1
208 1 7 776 3 10 4
209 1 5 780 1 9 1
210 0 5 784 285 2786 427
211 0 5 788 1 9 1
212 0 1 792 3 25 4
213 0 4 795 85 782 127
214 0 1 799 13072 151481 19608
215 0 3 802 107 996 160
216 1 22 806 1 4 1
217 1 11 811 6 18 9
218 0 2 815 3953 43571 5929
219 1 2 819 19 161 28
220 1 1 822 1 11 1
221 1 3 825 1 10 1
222 0 1 829 15357 179130 23035
223 1 5 832 1 9 1
224 0 8 836 3 10 4
225 0 5 840 8 64 12
226 1 7 844 2 6 3
227 1 4 848 24 206 36
228 0 1 852 1 10 1
229 0 3 855 1 9 1
230 1 1 859 1 10 1
231 1 5 862 2 17 3
232 1 17 866 89 343 133
233 0 2 871 875 9020 1312
234 0 1 875 1 9 1
235 0 2 878 3 25 4
236 0 11 882 1 3 1
237 0 1 886 1 10 1
238 1 3 889 2 17 3
239 1 3 893 272 2653 408
240 1 3 897 1 10 1
241 1 16 901 143 574 214
242 0 8 906 25 85 37
243 1 14 910 1 4 1
244 1 5 914 25 215 37
245 1 18 918 1755 8506 2632
246 0 2 923 98 908 147
247 1 3 927 38896 470798 58344
248 1 2 931 1 12 1
249 1 2 935 2 17 3
250 1 3 939 5 41 7
251 0 1 943 4 33 6
252 0 9 946 15 48 22
253 0 8 950 1134 5332 1701
254 1 1 954 232 2245 348
255 0 3 957 37 325 55
256 1 3 961 1 9 1
257 0 2 965 811 8331 1216
258 1 1 969 16306 190662 24459
259 1 12 972 9 27 13
260 1 6 976 14 116 21
261 1 1 980 1 9 1
262 0 8 983 294 1250 441
263 0 3 987 49114 599896 73671
264 0 1 991 7 56 10
265 0 10 994 194 798 291
266 0 3 998 2066 22138 3099
267 0 6 1002 276 2694 414
268 1 5 1006 1 9 1
269 1 2 1010 1 10 1
270 0 3 1014 3090 33699 4635
271 0 7 1018 586 2627 879
272 0 7 1022 3 10 4
273 1 1 1026 24 206 36
274 1 4 1028 1700 18059 2550
275 0 1 1032 1130 11786 1695
276 0 2 1035 1 10 1
277 0 38 1039 2 6 3
278 0 7 1044 473 2087 709
279 0 43 1048 2 6 3
280 0 2 1053 1 9 1
281 0 1 1057 1 11 1
282 1 1 1060 1 11 1
283 1 2 1063 1144 11938 1716
284 0 2 1066 60 542 90
285 1 4 1069 15 125 22
286 1 1 1073 3 25 4
287 1 5 1076 2 17 3
288 1 2 1080 1 9 1
289 1 48 1083 1 4 1
290 1 1 1088 7 56 10
291 0 1 1091 2 17 3
292 0 1 1094 27739 331318 41608
293 1 5 1097 1 9 1
294 1 24 1101 620 2791 930
295 1 11 1106 247 1036 370
296 1 4 1110 14 116 21
297 1 11 1114 51 187 76
298 0 13 1118 312 1333 468
299 1 19 1122 1 3 1
300 1 1 1127 1 10 1
301 1 1 1130 2 17 3
302 1 1 1132 18 152 27
303 1 5 1135 11 90 16
304 1 4 1139 552 5570 828
305 0 1 1143 1 9 1
306 0 2 1146 4 33 6
307 0 2 1149 1 8 1
308 1 35 1153 1 3 1
309 1 4 1158 3 25 4
310 1 13 1162 42 151 63
311 0 3 1166 1 9 1
312 1 1 1170 1 9 1
313 0 3 1173 1 9 1
314 0 4 1177 1 9 1
315 1 3 1181 7519 85165 11278
316 1 5 1185 3 25 4
317 1 1 1189 1 9 1
318 0 2 1192 116152 1466015 174228
319 1 3 1196 156 1480 234
320 0 26 1200 3 10 4
321 0 8 1205 1 5 1
322 1 1 1209 129 1213 193
323 1 1 1212 2 17 3
324 1 30 1215 8961 48270 13441
325 1 3 1220 6 48 9
326 1 7 1224 1 5 1
327 1 1 1228 694 7078 1041
328 0 6 1231 82 753 123
329 1 4 1235 339 3342 508
330 0 8 1239 1 4 1
331 0 4 1243 4 33 6
332 1 1 1247 1 10 1
333 1 16 1250 9 27 13
334 1 2 1254 321 3156 481
335 0 1 1258 378 3746 567
336 0 11 1261 5 15 7
337 0 3 1265 242 2347 363
338 1 4 1269 106 986 159
339 0 6 1273 7 56 10
340 1 4 1277 1 11 1
341 0 1 1281 964 9981 1446
342 0 16 1284 25 85 37
343 0 1 1288 56 504 84
344 0 5 1291 58 523 87
345 0 2 1295 42 372 63
346 0 11 1299 12793 70420 19189
347 0 1 1303 6 48 9
348 1 2 1306 1 9 1
349 1 10 1310 67 252 100
350 1 2 1314 7 56 10
351 1 1 1318 1 14 1
352 1 2 1321 36 316 54
353 0 2 1325 1 11 1
354 0 4 1329 149 1411 223
355 1 3 1333 1 8 1
356 1 7 1337 1 4 1
357 0 9 1341 1 5 1
358 0 2 1345 17 143 25
359 0 1 1349 1 11 1
360 0 1 1352 1907 20362 2860
361 1 2 1355 1 13 1
362 1 4 1359 213 2053 319
363 0 1 1363 1 11 1
364 1 2 1366 11 90 16
365 1 3 1369 1 10 1
366 0 2 1373 1 10 1
367 1 13 1377 3 9 4
368 0 13 1381 111 436 166
369 0 1 1385 1 9 1
370 1 2 1388 8 64 12
371 0 2 1392 1 10 1
372 0 8 1396 1 4 1
373 0 10 1400 2505 12436 3757
374 1 12 1404 3 9 4
375 0 8 1408 13 41 19
376 0 3 1412 1 9 1
377 1 1 1416 1 9 1
378 0 2 1419 17 143 25
379 1 2 1422 1325 13919 1987
380 0 5 1426 33 288 49
381 1 5 1430 5 41 7
382 0 2 1434 22 188 33
383 0 2 1438 7 56 10
384 0 1 1442 863 8890 1294
385 0 4 1444 1894 20217 2841
386 1 7 1448 27 93 40
387 0 1 1452 1 9 1
388 1 1 1455 3827 42124 5740
389 1 2 1457 176 1680 264
390 1 2 1461 1 11 1
391 1 2 1465 1066 11088 1599
392 1 6 1469 12 99 18
393 0 3 1473 1 10 1
394 0 1 1477 30 260 45
395 1 4 1480 2 17 3
396 1 3 1484 73 666 109
397 0 5 1488 2 17 3
398 0 4 1492 273 2663 409
399 0 2 1496 1 9 1
400 0 1 1500 2 17 3
401 0 2 1503 1 8 1
402 0 6 1507 1 3 1
403 1 8 1511 1 3 1
404 0 5 1515 1 9 1
405 1 6 1519 37 131 55
406 1 3 1523 137 1291 205
407 1 28 1527 1 4 1
408 0 2 1532 183 1750 274
409 0 3 1536 3 25 4
410 0 2 1540 31 270 46
411 1 2 1543 4746 52723 7119
412 0 2 1546 1 8 1
413 1 1 1550 73 666 109
414 1 1 1553 1 9 1
415 1 5 1556 5 41 7
416 0 5 1560 1 9 1
417 0 1 1564 144 1361 216
418 0 6 1567 15 48 22
419 0 4 1571 2023 21657 3034
420 0 1 1575 27 233 40
421 0 2 1578 1 10 1
422 0 1 1581 1 9 1
423 1 4 1584 35743 431205 53614
424 1 4 1588 92 850 138
425 1 14 1592 1 4 1
426 0 11 1596 210 870 315
427 1 4 1600 1 10 1
428 1 2 1604 58225 715868 87337
429 0 8 1607 1 4 1
430 0 5 1611 3322 36343 4983
431 1 5 1615 1 12 1
432 0 3 1619 1 10 1
433 1 2 1623 9865 113004 14797
434 0 4 1626 1 9 1
435 1 10 1630 463 2039 694
436 1 2 1634 1 9 1
437 0 3 1638 128 1202 192
438 1 3 1642 124 1163 186
439 1 5 1646 1 11 1
440 1 1 1650 1 10 1
441 1 5 1653 1 10 1
442 0 1 1657 153 1450 229
443 1 1 1660 1 11 1
444 1 2 1662 1 11 1
445 1 3 1665 668 6801 1002
446 0 4 1669 396 3933 594
447 1 2 1673 1 10 1
448 0 2 1677 35125 423459 52687
449 1 1 1680 1 9 1
450 0 7 1683 9 27 13
451 0 3 1687 21 179 31
452 0 7 1691 37244 218192 55866
453 0 3 1695 68 618 102
454 0 2 1699 1 11 1
455 0 2 1702 1 11 1
456 1 15 1705 436 1911 654
457 0 10 1709 98 381 147
458 1 3 1713 5 40 7
459 0 1 1717 304 2981 456
460 1 1 1720 1 10 1
461 1 1 1723 68 618 102
462 0 1 1726 2 17 3
463 1 3 1729 1 10 1
464 0 4 1733 335717 4405804 503575
465 1 2 1737 1695 18004 2542
466 1 2 1741 1 10 1
467 0 1 1744 1857 19804 2785
468 1 1 1747 2 17 3
469 1 1 1750 1 9 1
470 1 2 1753 71201 882182 106801
471 0 3 1756 71 647 106
472 0 6 1760 13 41 19
473 1 1 1764 1 9 1
474 1 3 1767 2 17 3
475 1 3 1771 1 9 1
476 0 2 1775 2 17 3
477 1 5 1779 11 90 16
478 0 1 1783 465 4654 697
479 0 5 1786 1 13 1
480 1 21 1790 1 5 1
481 0 10 1795 3 9 4
482 0 3 1799 1 11 1
483 0 4 1803 13 107 19
484 0 3 1807 3761 41367 5641
485 1 6 1811 1 9 1
486 0 4 1815 7 56 10
487 1 25 1819 457 2011 685
488 0 3 1824 15 125 22
489 0 3 1828 18 152 27
490 0 2 1832 22 188 33
491 1 5 1836 1081 11252 1621
492 1 3 1840 1163 12145 1744
493 0 7 1844 2 7 3
494 0 4 1848 42 372 63
495 1 1 1852 6 48 9
496 1 7 1855 1 4 1
497 0 3 1859 1 11 1
498 1 1 1863 1 10 1
499 1 1 1866 282 2756 423
500 0 1 1869 6 48 9
501 1 6 1872 1 9 1
502 1 3 1876 2 17 3
503 1 8 1880 1 5 1
504 0 4 1884 2 17 3
505 0 2 1888 4 33 6
506 0 21 1891 1 4 1
507 0 5 1896 431 4298 646
508 1 1 1900 1408 14831 2112
509 1 1 1903 20 170 30
510 0 11 1906 10 31 15
511 1 1 1910 1 10 1
512 1 6 1913 1 9 1
513 0 5 1917 30 261 45
514 1 2 1921 3 25 4
515 1 1 1925 58 523 87
516 1 1 1928 1 9 1
517 1 4 1931 1 11 1
518 0 1 1935 1 11 1
519 0 3 1937 1 9 1
520 0 2 1941 55 494 82
521 0 2 1945 1 11 1
522 1 2 1949 35158 423873 52737
523 0 9 1953 329 1412 493
524 0 2 1957 1 10 1
525 0 2 1960 1 9 1
526 0 4 1964 49 438 73
527 0 2 1968 41 362 61
528 1 3 1972 132 1242 198
529 1 6 1976 1 9 1
530 0 1 1980 1 9 1
531 0 6 1983 4666 24126 6999
532 0 1 1987 15 125 22
533 1 5 1990 229293 2967790 343939
534 0 2 1994 110 1025 165
535 1 5 1997 10 81 15
536 0 7 2001 1 6 1
537 0 1 2005 36 316 54
538 1 5 2008 3320 36320 4980
539 0 10 2012 43 155 64
540 0 16 2016 2 7 3
541 0 8 2020 1 4 1
542 0 6 2024 231 2235 346
543 1 7 2028 1 4 1
544 0 8 2032 20 67 30
545 1 2 2036 181 1730 271
546 1 2 2039 35 307 52
547 0 5 2043 1123 11709 1684
548 0 1 2047 9 72 13
549 0 4 2050 1 9 1
550 1 2 2054 47 419 70
551 0 2 2058 1 10 1
552 1 6 2061 1 10 1
553 0 1 2065 1817 19359 2725
554 0 1 2068 188 1800 282
555 0 28 2071 21 70 31
556 0 1 2076 22 188 33
557 1 1 2078 17 143 25
558 0 10 2081 649 2931 973
559 0 3 2085 4 33 6
560 1 6 2089 3867 42583 5800
561 1 2 2093 8 64 12
562 1 3 2096 539 5433 808
563 0 1 2100 2 17 3
564 1 2 2103 5 40 7
565 0 7 2107 2 6 3
566 1 3 2111 80 733 120
567 1 2 2115 1 9 1
568 1 1 2119 2 17 3
569 0 10 2122 37 131 55
570 0 2 2126 158 1500 237
571 1 6 2129 1195 5639 1792
572 1 2 2133 61500 757725 92250
573 0 5 2137 19 161 28
574 0 2 2141 6921 78120 10381
575 1 3 2145 9 72 13
576 1 3 2149 605 6131 907
577 0 3 2153 1 11 1
578 0 3 2157 904 9333 1356
579 1 2 2161 16 134 24
580 1 5 2165 78 714 117
581 1 2 2169 1 9 1
582 1 6 2172 1 9 1
583 1 1 2176 1 9 1
584 1 2 2179 13 107 19
585 0 4 2183 51 457 76
586 0 4 2187 252 2449 378
587 1 4 2191 4 33 6
588 0 6 2195 3 25 4
589 0 35 2199 1 4 1
590 0 2 2204 39 344 58
591 1 4 2208 7 56 10
592 0 4 2212 312 3064 468
593 0 2 2216 1 11 1
594 0 2 2220 33 288 49
595 1 1 2223 4010 44227 6015
596 0 2 2226 2463 26597 3694
597 0 5 2229 190 1821 285
598 0 2 2233 1 9 1
599 1 3 2237 1 10 1
600 1 1 2241 1 9 1
601 0 1 2244 9 72 13
602 1 2 2247 2 17 3
603 1 1 2251 307909 4028271 461863
604 1 2 2253 4 33 6
605 0 3 2257 1 12 1
606 0 8 2261 1 4 1
607 1 28 2265 1 6 1
608 0 3 2270 590 5972 885
609 1 3 2274 47 419 70
610 1 1 2278 1 9 1
611 1 2 2281 1 9 1
612 1 3 2284 1 10 1
613 1 1 2288 13 108 19
614 1 7 2291 1 3 1
615 1 2 2295 1 9 1
616 0 3 2299 34932620 535191463 52398930
617 0 6 2303 1422 14986 2133
618 0 2 2307 1 9 1
619 1 3 2311 1 9 1
620 0 4 2315 10 81 15
621 0 2 2319 5 40 7
622 0 4 2323 17 143 25
623 0 8 2327 23 78 34
624 1 2 2331 342 3373 513
625 1 3 2335 3281 35875 4921
626 1 2 2339 119 1114 178
627 0 14 2343 382 1658 573
628 0 4 2347 3 25 4
629 1 10 2351 670 3033 1005
630 0 16 2355 1 5 1
631 1 2 2359 1 10 1
632 0 3 2363 1 9 1
633 1 3 2367 2 17 3
634 1 6 2371 5193 57910 7789
635 1 3 2375 1 10 1
636 1 6 2379 32 279 48
637 1 3 2383 2 17 3
638 0 2 2387 1 9 1
639 0 4 2390 25 215 37
640 0 3 2394 3 25 4
641 0 1 2398 14 116 21
642 0 1 2401 673 6854 1009
643 1 1 2404 1 9 1
644 1 2 2407 1770 18836 2655
645 0 1 2411 1 10 1
646 1 1 2414 1 11 1
647 0 4 2417 1 9 1
648 0 1 2421 20 170 30
649 0 3 2424 1 9 1
650 1 5 2428 7 56 10
651 1 19 2432 363 1569 544
652 0 4 2437 1 10 1
653 0 5 2441 1 10 1
654 1 10 2445 58 215 87
655 0 19 2449 1 3 1
656 0 5 2454 1 10 1
657 1 2 2458 642 6524 963
658 0 3 2462 1092 11371 1638
659 0 10 2466 2 7 3
660 0 6 2470 3212 35088 4818
661 0 1 2474 1 11 1
662 0 3 2477 1 9 1
663 1 5 2481 46 409 69
664 1 15 2485 179 732 268
665 0 4 2489 166 1580 249
666 0 5 2493 1 10 1
667 0 2 2497 7 56 10
668 1 1 2501 2 17 3
669 0 2 2504 1 10 1
670 1 1 2508 1589 16829 2383
671 0 6 2510 1 9 1
672 0 12 2514 29 101 43
673 0 1 2518 2 17 3
674 0 3 2521 3 25 4
675 0 9 2525 1 5 1
676 0 9 2529 1615 7783 2422
677 1 2 2533 189 1811 283
678 0 1 2537 2 17 3
679 0 1 2540 1 11 1
680 0 5 2543 2776 30134 4164
681 0 1 2547 81 743 121
682 1 3 2550 292 2858 438
683 0 5 2554 1 9 1
684 0 4 2558 494 4958 741
685 0 4 2562 1 10 1
686 1 2 2566 85 782 127
687 1 5 2570 124 1163 186
688 0 2 2574 98 908 147
689 0 2 2578 1 10 1
690 1 5 2582 2160878 30261634 3241317
691 1 4 2586 1 9 1
692 0 1 2590 1 9 1
693 0 1 2593 3 25 4
694 1 13 2596 1 3 1
695 1 10 2600 304 1296 456
696 1 9 2604 13 41 19
697 0 9 2608 1 5 1
698 0 1 2612 6895502 100351538 10343253
699 0 6 2615 12 99 18
700 1 4 2619 321 3156 481
701 1 2 2623 11 90 16
702 1 3 2626 211 2033 316
703 1 2 2630 7 56 10
704 1 1 2634 25 215 37
705 0 2 2637 3 25 4
706 1 3 2641 9 73 13
707 1 3 2645 713 7281 1069
708 0 1 2649 4588077 65886979 6882115
709 1 2 2652 4 33 6
710 0 4 2656 2 17 3
711 0 8 2660 1 4 1
712 0 1 2664 1 10 1
713 0 1 2667 8 64 12
714 0 2 2670 4 33 6
715 0 5 2673 4 33 6
716 1 2 2677 176 1680 264
717 1 1 2681 110685 1394489 166027
718 1 2 2684 11 90 16
719 0 1 2688 1 10 1
720 1 3 2691 208 2002 312
721 1 18 2695 35 124 52
722 1 2 2700 12 99 18
723 1 6 2704 5 41 7
724 0 1 2708 118 1104 177
725 1 9 2711 167 679 250
726 1 4 2715 11 90 16
727 1 2 2719 1 10 1
728 1 13 2723 1 4 1
729 1 1 2727 1 10 1
730 1 1 2730 1 12 1
731 1 2 2733 4 33 6
732 1 1 2737 1 11 1
733 0 1 2740 21 179 31
734 0 1 2743 279 2725 418
735 0 3 2746 6746 76063 10119
736 0 1 2750 3 25 4
737 0 3 2753 36 316 54
738 1 1 2757 32 279 48
739 1 4 2760 6 48 9
740 1 4 2764 6878 77614 10317
741 0 19 2768 3 9 4
742 1 1 2773 30 260 45
743 1 6 2776 1 5 1
744 0 6 2780 6 48 9
745 1 1 2784 1 9 1
746 0 32 2787 1 3 1
747 0 1 2792 1 10 1
748 0 1 2795 800 8213 1200
749 1 1 2798 1 10 1
750 0 2 2801 119 1114 178
751 1 2 2805 30 261 45
752 1 2 2808 1 9 1
753 1 3 2812 3 25 4
754 1 2 2816 1 9 1
755 1 3 2819 11 90 16
756 1 2 2823 1 9 1
757 1 4 2827 520 5232 780
758 1 1 2831 1 8 1
759 0 2 2834 2 17 3
760 0 2 2838 1 9 1
761 0 7 2841 1 3 1
762 0 7 2845 365 1579 547
763 0 10 2849 197 811 295
764 1 1 2853 17 143 25
765 0 1 2856 1 11 1
766 1 5 2859 8 64 12
767 1 5 2863 304 2981 456
768 1 2 2867 2441 26349 3661
769 0 1 2871 1 9 1
770 0 1 2874 2 17 3
771 1 3 2877 2 17 3
772 0 4 2881 1 10 1
773 1 10 2885 4 12 6
774 1 1 2889 5184 57805 7776
775 0 3 2892 1 10 1
776 1 2 2896 1 10 1
777 0 4 2900 498 5001 747
778 1 2 2904 1 9 1
779 0 2 2908 2 17 3
780 1 2 2911 1 8 1
781 0 2 2914 331 3259 496
782 1 4 2918 2 17 3
783 1 5 2922 9 72 13
784 0 11 2926 17 56 25
785 0 3 2930 1 9 1
786 0 3 2934 97 898 145
787 0 2 2938 1 9 1
788 1 3 2942 32990 396742 49485
789 0 4 2946 2 17 3
790 0 3 2950 1441 15195 2161
791 0 3 2954 23 197 34
792 0 1 2958 6 48 9
793 1 2 2961 70 637 105
794 0 7 2965 2 7 3
795 0 5 2969 18 152 27
796 0 9 2973 4228 21723 6342
797 1 2 2977 5751 64410 8626
798 1 6 2981 106750 662609 160125
799 0 6 2985 14 116 21
800 1 2 2989 1 9 1
801 1 1 2992 5 40 7
802 1 3 2995 1 9 1
803 0 3 2999 853 8783 1279
804 0 5 3003 1 11 1
805 0 7 3007 27 93 40
806 0 1 3011 17 143 25
807 0 7 3014 1 6 1
808 0 1 3018 1 9 1
809 0 1 3021 14 116 21
810 0 2 3024 164 1560 246
811 0 2 3028 1 10 1
812 0 2 3031 6495 73116 9742
813 1 1 3034 1 10 1
814 0 3 3037 1 9 1
815 1 1 3041 1 9 1
816 1 4 3044 1 8 1
817 0 3 3048 7 56 10
818 0 8 3052 557 2487 835
819 0 5 3056 128 1202 192
820 1 2 3060 99 918 148
821 1 4 3064 1 9 1
822 1 1 3068 17 143 25
823 1 7 3071 1295 6146 1942
824 1 10 3075 128 509 192
825 1 2 3079 1 9 1
826 1 10 3083 832 3826 1248
827 0 1 3087 181 1730 271
828 1 2 3090 1 10 1
829 0 4 3093 783 8030 1174
830 0 2 3097 489 4906 733
831 1 4 3101 11 90 16
832 0 4 3105 1 8 1
833 0 3 3109 964 9981 1446
834 1 2 3113 1 9 1
835 0 9 3117 125 496 187
836 0 3 3121 2 17 3
837 1 1 3125 1 10 1
838 0 5 3128 1 8 1
839 1 4 3132 3 25 4
840 1 1 3136 8 64 12
841 0 6 3139 7 21 10
842 1 4 3143 8893 101433 13339
843 0 2 3147 1 9 1
844 1 1 3151 4 32 6
845 0 115 3154 3 9 4
846 0 1 3159 1 9 1
847 0 3 3162 1 9 1
848 0 2 3166 71761 889386 107641
849 1 4 3170 1 9 1
850 0 8 3174 64 239 96
851 0 2 3178 6 48 9
852 0 1 3182 533 5369 799
853 1 2 3185 65 589 97
854 0 7 3188 4 12 6
855 0 3 3192 1 9 1
856 1 4 3196 1 11 1
857 0 7 3200 2 7 3
858 0 2 3204 1 9 1
859 0 4 3207 1203 12582 1804
860 0 1 3211 600 6077 900
861 0 7 3214 129 513 193
862 0 7 3218 1 3 1
863 1 1 3222 1 9 1
864 0 3 3225 119 1114 178
865 0 5 3229 4 33 6
866 1 2 3233 11 90 16
867 0 2 3236 105 976 157
868 0 3 3240 1990 21288 2985
869 0 5 3244 6 48 9
870 0 2 3248 1 13 1
871 0 2 3251 17 143 25
872 1 1 3255 1 10 1
873 0 1 3258 2 17 3
874 1 2 3261 1 10 1
875 1 5 3264 97 898 145
876 0 2 3268 2 17 3
877 1 5 3271 727 7430 1090
878 0 9 3275 9125 49208 13687
879 0 10 3279 1 5 1
880 1 1 3283 218284 2820218 327426
881 0 1 3286 3 25 4
882 0 2 3289 1 11 1
883 1 6 3293 3 25 4
884 1 3 3297 1 11 1
885 1 3 3301 3190 34838 4785
886 1 9 3305 4999 25962 7498
887 0 4 3309 1 12 1
888 1 4 3313 99 918 148
889 0 1 3317 70 637 105
890 0 1 3320 1 10 1
891 1 1 3323 1 9 1
892 0 3 3326 1 9 1
893 0 6 3330 620 6290 930
894 1 3 3334 1 11 1
895 0 3 3338 1 9 1
896 1 1 3342 2 17 3
897 0 2 3345 1801 19181 2701
898 1 1 3349 161 1530 241
899 0 3 3352 1 10 1
900 0 1 3356 26 224 39
901 1 6 3359 1 4 1
902 0 3 3363 1 10 1
903 0 1 3367 69 628 103
904 0 3 3370 6 48 9
905 1 3 3374 1 9 1
906 1 4 3378 104 966 156
907 0 9 3382 202 834 303
908 1 9 3386 1 5 1
909 1 3 3390 1 9 1
910 1 7 3394 81 309 121
911 1 8 3398 1177 5549 1765
912 0 3 3402 105 977 157
913 1 2 3406 6 48 9
914 0 3 3410 1 9 1
915 1 8 3414 4 12 6
916 0 1 3418 16026 187257 24039
917 0 2 3421 2 17 3
918 1 1 3425 8 64 12
919 1 7 3428 14 45 21
920 1 2 3432 5784 64795 8676
921 0 1 3435 3 25 4
922 1 3 3438 12019 138801 18028
923 1 9 3442 212 879 318
924 1 5 3446 3 25 4
925 1 5 3450 1 10 1
926 0 4 3454 2640 28595 3960
927 0 3 3458 30 261 45
928 0 4 3462 11 90 16
929 1 3 3466 2 17 3
930 1 2 3470 1 13 1
931 1 2 3474 134 1262 201
932 1 5 3478 11 90 16
933 1 1 3482 1 10 1
934 1 1 3485 1 10 1
935 1 3 3488 12 99 18
936 1 2 3492 1 9 1
937 0 3 3495 12 98 18
938 1 3 3499 2 17 3
939 1 4 3503 32069 385236 48103
940 1 3 3507 1 10 1
941 0 13 3511 37 131 55
942 0 1 3515 1 9 1
943 1 1 3518 45 400 67
944 0 12 3521 1 3 1
945 1 8 3525 9 27 13
946 1 4 3529 1 9 1
947 1 6 3533 572 2560 858
948 0 2 3537 2 17 3
949 1 4 3541 6 48 9
950 0 1 3545 261 2540 391
951 0 2 3548 1 9 1
952 1 9 3551 1 3 1
953 0 3 3555 49 438 73
954 0 1 3559 88 811 132
955 1 1 3562 1 11 1
956 1 11 3565 1 3 1
957 0 2 3569 55 494 82
958 0 5 3573 63761 786672 95641
959 0 1 3577 692 7057 1038
960 0 7 3580 15 49 22
961 0 6 3584 1 3 1
962 0 1 3588 1 9 1
963 0 2 3590 112 1045 168
964 0 1 3594 157 1490 235
965 1 7 3597 1 4 1
966 0 7 3601 2 7 3
967 0 6 3605 1 10 1
968 1 2 3609 15 125 22
