0 1 1 5 1108 11545 1662
1 1 1 6 1046 10871 1569
2 1 2 8 30 261 45
3 1 2 11 3 25 4
4 1 1 14 1995 21344 2992
5 1 6 16 1 6 1
6 1 2 20 1 10 1
7 1 3 23 1 4 1
8 1 6 27 5 15 7
9 1 5 31 1 5 1
10 0 3 35 378 1639 567
11 0 6 39 1 4 1
12 1 2 43 1 9 1
13 1 5 46 6 18 9
14 0 1 50 3 25 4
15 1 157 53 1 4 1
16 0 15 60 23 78 34
17 1 3 65 1 5 1
18 0 3 69 713 3243 1069
19 0 8 73 21 71 31
20 0 3 78 2 17 3
21 1 5 82 2753444 20054067 4130166
22 0 1 86 4 33 6
23 0 2 89 89 821 133
24 1 6 92 1146 5392 1719
25 1 1 96 10 81 15
26 0 7 98 1 3 1
27 0 1 102 2 17 3
28 1 3 103 1 3 1
29 1 2 107 1 9 1
30 0 4 110 1 3 1
31 1 1 114 19 161 28
32 0 1 116 119 1114 178
33 1 3 119 1 9 1
34 0 10 123 886 4093 1329
35 0 5 128 1 5 1
36 0 5 132 1 3 1
37 0 7 136 1 4 1
38 0 11 140 3 10 4
39 0 2 145 16036 187379 24054
40 1 2 148 27 233 40
41 1 6 151 1 4 1
42 0 2 155 12 98 18
43 0 4 158 1 4 1
44 1 4 162 7 21 10
45 1 6 166 1 4 1
46 1 3 170 1 3 1
47 1 2 174 2676 29002 4014
48 0 2 177 11 90 16
49 0 1 180 2238 24065 3357
50 1 10 181 12 38 18
51 1 18 186 1 4 1
52 0 2 191 1 9 1
53 1 9 194 41 147 61
54 1 1 199 27768 331678 41652
55 1 36 201 633 2854 949
56 0 6 207 175 714 262
57 0 13 211 976 4540 1464
58 1 2 216 1 11 1
59 0 9 219 1 4 1
60 0 3 224 5 15 7
61 0 6 228 152 613 228
62 1 3 232 1 4 1
63 1 1 236 1 9 1
64 1 3 239 149 1411 223
65 1 1 243 1 9 1
66 1 3 246 58 523 87
67 1 9 249 2 7 3
68 0 2 254 1 10 1
69 1 1 257 1 9 1
70 0 8 259 9 27 13
71 1 2 264 1 10 1
72 0 2 267 7 56 10
73 1 2 270 2 17 3
74 0 2 273 300 2940 450
75 1 2 276 174 1660 261
76 0 3 279 1 4 1
77 1 3 283 2 6 3
78 1 3 287 1 4 1
79 0 1 291 391 3881 586
80 1 5 293 19 63 28
81 1 4 297 2 6 3
82 0 1 301 52 466 78
83 0 5 304 6548 34592 9822
84 1 1 308 22 188 33
85 1 4 309 2 7 3
86 0 1 313 114 1065 171
87 1 2 314 1 9 1
88 0 1 317 1 9 1
89 0 6 320 1 3 1
90 0 6 324 5 15 7
91 0 4 328 71 268 106
92 0 2 332 1 9 1
93 1 1 335 1 12 1
94 1 3 336 1 9 1
95 1 8 340 1 4 1
96 1 3 345 87440 1091881 131160
97 0 28 349 329 1412 493
98 1 1 355 47 419 70
99 1 2 358 252 2449 378
100 0 1 361 84 772 126
101 1 1 363 11 90 16
102 0 8 364 5636 29494 8454
103 1 4 369 3 9 4
104 1 5 373 195 803 292
105 0 2 377 1 10 1
106 0 1 380 2 17 3
107 0 9 383 6 18 9
108 1 2 388 69 628 103
109 1 2 391 1 10 1
110 0 1 394 9 73 13
111 0 9 397 1 4 1
112 0 2 402 60 542 90
113 1 6 405 34 120 51
114 0 7 409 7486 39879 11229
115 0 5 414 1 4 1
116 1 3 418 14 45 21
117 1 1 422 1 8 1
118 0 3 424 1 5 1
119 0 4 428 1 4 1
120 0 6 432 3 10 4
121 1 6 436 45 163 67
122 0 2 440 2 17 3
123 0 3 443 1 10 1
124 0 2 446 1 9 1
125 0 1 449 476 4769 714
126 1 1 452 213 2053 319
127 0 2 454 2243 24121 3364
128 1 2 457 6 48 9
129 0 3 460 2 6 3
130 1 2 464 3 25 4
131 0 5 467 9 27 13
132 1 23 471 1 5 1
133 1 3 476 86 330 129
134 0 2 480 2 17 3
135 0 6 483 206 852 309
136 1 1 487 3 25 4
137 1 2 489 58 523 87
138 1 3 492 1102 11480 1653
139 1 8 496 2 7 3
140 0 1 501 86812 1083744 130218
141 0 1 503 1 9 1
142 1 2 506 1 8 1
143 0 4 509 2484 12325 3726
144 1 2 513 353 3487 529
145 0 14 516 1 5 1
146 1 4 521 1 3 1
147 0 4 525 3 10 4
148 1 5 529 3 10 4
149 1 1 533 13 107 19
150 1 3 535 22 74 33
151 1 6 539 182 745 273
152 0 4 543 1 3 1
153 1 1 547 1 10 1
154 0 2 550 9 73 13
155 0 2 553 4 33 6
156 0 3 556 1 5 1
157 1 29 560 11 34 16
158 1 9 566 3245 16388 4867
159 1 8 571 231 964 346
160 0 24 576 1 4 1
161 0 2 581 1 9 1
162 0 5 584 9 27 13
163 1 2 588 3 25 4
164 1 4 591 6981 37027 10471
165 1 1 595 1 9 1
166 0 5 597 70 264 105
167 0 1 601 2 17 3
168 1 1 603 1 10 1
169 1 5 604 1 4 1
170 0 1 608 1 11 1
171 1 3 611 1 3 1
172 1 2 615 104 967 156
173 1 3 618 29197 168695 43795
174 1 3 622 36 127 54
175 0 1 626 7 56 10
176 1 2 629 8 64 12
177 0 4 632 20 67 30
178 0 10 636 2 6 3
179 1 5 641 8 24 12
180 0 12 645 7037 37343 10555
181 0 2 650 1 9 1
182 0 2 653 657 6683 985
183 0 1 656 4 33 6
184 1 3 658 1 4 1
185 0 6 662 1 5 1
186 1 2 666 7 56 10
187 1 20 669 6 18 9
188 1 6 674 4 12 6
189 0 3 678 39 344 58
190 0 2 682 1 11 1
191 1 2 685 1 11 1
192 1 5 688 8 24 12
193 0 5 692 1 3 1
194 0 2 696 1 9 1
195 1 21 699 14 45 21
196 1 2 704 2 17 3
197 1 4 707 30 104 45
198 1 1 711 1 9 1
199 0 5 713 1 4 1
200 1 4 717 37 131 55
201 1 4 721 1 4 1
202 1 5 725 27 93 40
203 0 3 729 242 1014 363
204 0 2 733 12690 146876 19035
205 0 2 736 2 17 3
206 0 1 739 610 6184 915
207 0 3 741 26 89 39
208 0 2 745 3 25 4
209 0 1 748 1 9 1
210 1 27 749 5 15 7
211 0 3 755 1 10 1
212 1 1 759 1 9 1
213 1 1 762 1 10 1
214 0 2 764 1 10 1
215 0 4 767 9 27 13
216 1 1 771 47 419 70
217 0 3 773 54 199 81
218 1 1 777 9 72 13
219 0 1 780 25156 299303 37734
220 1 2 782 56 504 84
221 1 1 785 12 99 18
222 0 10 787 1128 5302 1692
223 0 12 792 533 2372 799
224 1 4 797 1 4 1
225 1 4 801 2 7 3
226 0 3 805 47 171 70
227 1 36 809 23 78 34
228 0 4 815 8 24 12
229 0 1 819 21 179 31
230 0 1 821 6968 78673 10452
231 0 5 822 1 4 1
232 0 3 826 4 12 6
233 0 3 830 57 211 85
234 1 3 834 3177 34690 4765
235 0 16 838 406 1770 609
236 0 15 843 9 27 13
237 1 1 848 1237 12954 1855
238 0 11 850 1 3 1
239 1 2 855 9 73 13
240 0 7 858 4 12 6
241 1 1 863 1 10 1
242 0 1 866 40 353 60
243 0 2 867 1 10 1
244 1 4 870 15 48 22
245 0 5 874 1 3 1
246 1 2 878 1 9 1
247 1 7 881 7 21 10
248 1 1 885 39748 481518 59622
249 1 8 887 186 763 279
250 1 2 892 1 10 1
251 1 1 895 22 188 33
252 1 2 897 1 9 1
253 1 3 900 204 843 306
254 1 1 904 8 64 12
255 0 2 907 28 243 42
256 1 4 910 2 6 3
257 1 9 914 532 2368 798
258 0 3 919 10 31 15
259 0 7 923 1 4 1
260 1 1 928 1 9 1
261 0 1 931 95 879 142
262 0 4 933 4 12 6
263 0 6 937 91 351 136
264 0 6 941 1 4 1
265 0 3 945 31 270 46
266 0 1 949 4314 47729 6471
267 1 10 951 9753 52810 14629
268 1 1 956 1 10 1
269 1 1 959 62073 765058 93109
270 0 10 962 2 6 3
271 1 65 967 1 3 1
272 1 3 973 33 288 49
273 0 2 977 3664 40254 5496
274 1 27 980 241 1009 361
275 1 4 986 1 5 1
276 1 1 990 46 410 69
277 1 2 992 1 9 1
278 0 2 995 3 25 4
279 0 2 998 18 152 27
280 1 8 1001 60 223 90
281 0 5 1006 10 31 15
282 1 1 1010 8 64 12
283 1 2 1012 1552 16420 2328
284 1 3 1015 2 17 3
285 1 1 1019 30 261 45
286 0 2 1020 1 9 1
287 0 4 1023 1 3 1
288 1 4 1027 34 120 51
289 0 1 1031 1 10 1
290 0 2 1033 81 743 121
291 0 2 1036 429066 5680670 643599
292 0 3 1039 1 9 1
293 1 1 1043 1 8 1
294 0 15 1046 17 56 25
295 0 2 1051 1 9 1
296 0 3 1054 91 351 136
297 0 7 1058 52515 313631 78772
298 1 2 1062 3274 35795 4911
299 0 7 1065 12 38 18
300 0 2 1070 1 9 1
301 1 12 1073 2 7 3
302 0 18 1078 2 7 3
303 0 3 1083 14 45 21
304 0 2 1087 3 25 4
305 1 2 1090 4 33 6
306 1 7 1093 398 1733 597
307 0 2 1097 1705 18115 2557
308 1 5 1100 155 626 232
309 0 1 1104 1 9 1
310 1 3 1107 1 9 1
311 0 1 1111 1 9 1
312 0 4 1112 8 24 12
313 0 1 1116 632 6417 948
314 0 3 1119 151 1430 226
315 1 10 1123 7 21 10
316 0 6 1128 67 252 100
317 1 1 1132 1 11 1
318 0 3 1135 1648 7953 2472
319 1 1 1139 80817 1006167 121225
320 0 7 1141 17 56 25
321 0 14 1145 28 97 42
322 1 7 1150 1 3 1
323 0 2 1154 1 11 1
324 0 2 1157 2 17 3
325 1 2 1160 134113 1701831 201169
326 1 3 1163 1 4 1
327 1 2 1167 91 840 136
328 0 4 1170 1 4 1
329 1 10 1174 26 89 39
330 1 2 1179 35 307 52
331 1 1 1182 118 1104 177
332 0 2 1185 1 11 1
333 0 4 1188 235 982 352
334 1 2 1192 1 11 1
335 1 8 1195 1 4 1
336 1 7 1200 1 4 1
337 0 1 1205 17 143 25
338 0 1 1208 1 9 1
339 1 2 1210 9 72 13
340 1 3 1213 4 33 6
341 1 1 1217 1 9 1
342 0 7 1220 3 9 4
343 1 1 1224 1 8 1
344 1 1 1227 1 9 1
345 0 1 1229 542 5464 813
346 0 7 1232 1 3 1
347 1 5 1237 3168 15974 4752
348 0 2 1241 2 17 3
349 0 7 1244 1 4 1
350 1 3 1249 1 10 1
351 0 2 1253 2 17 3
352 1 8 1256 11 34 16
353 0 5 1261 1292 6130 1938
354 0 2 1265 1 9 1
355 0 12 1268 19 63 28
356 0 3 1273 1 9 1
357 1 2 1277 1 9 1
358 0 1 1280 1 10 1
359 0 3 1283 6 48 9
360 0 9 1287 111 436 166
361 0 5 1292 1 4 1
362 1 13 1296 1 5 1
363 1 2 1301 2 17 3
364 1 7 1304 399 1738 598
365 1 10 1308 10 31 15
366 1 4 1313 2 6 3
367 0 39 1317 1 4 1
368 0 10 1323 18 59 27
369 0 6 1328 7 21 10
370 0 2 1332 11 90 16
371 0 2 1335 26 224 39
372 1 2 1338 1 9 1
373 1 6 1341 135 539 202
374 0 1 1345 7 56 10
375 0 1 1347 19899 234549 29848
376 0 5 1350 1 3 1
377 1 5 1354 1 3 1
378 1 3 1358 28 242 42
379 0 1 1362 10 81 15
380 1 1 1364 68979 853617 103468
381 1 3 1366 1 4 1
382 1 2 1370 97 898 145
383 0 5 1373 16415 91713 24622
384 0 13 1377 1 3 1
385 1 2 1382 1 10 1
386 0 1 1385 23 197 34
387 0 24 1387 2891 14490 4336
388 1 2 1392 1 8 1
389 0 2 1395 1 10 1
390 0 2 1398 2 17 3
391 0 1 1401 1 10 1
392 1 3 1403 2 6 3
393 0 5 1407 50 183 75
394 0 3 1411 76 289 114
395 1 2 1415 6212 69799 9318
396 1 6 1418 544 2425 816
397 1 2 1422 2 17 3
398 0 6 1425 1120 5261 1680
399 1 1 1429 16 134 24
400 0 24 1431 5 15 7
401 1 4 1436 1 4 1
402 0 6 1440 2 7 3
403 0 2 1444 1 10 1
404 0 2 1447 1793 19092 2689
405 0 1 1450 145 1371 217
406 0 1 1452 1 11 1
407 1 1 1454 15 125 22
408 1 14 1457 8 24 12
409 1 1 1462 1 8 1
410 1 5 1464 20 66 30
411 0 2 1468 3403 37268 5104
412 1 4 1471 1 3 1
413 1 3 1475 1 3 1
414 0 6 1479 1 4 1
415 1 3 1483 2 17 3
416 1 4 1486 29 100 43
417 1 69 1490 15 49 22
418 1 12 1496 164 665 246
419 1 3 1501 240 2327 360
420 0 5 1505 1 4 1
421 1 41 1509 205 847 307
422 1 3 1515 5 15 7
423 1 10 1519 25 85 37
424 1 4 1524 160484 1017807 240726
425 0 12 1528 295 1255 442
426 1 7 1533 21 70 31
427 0 1 1537 1 9 1
428 1 5 1539 139 556 208
429 1 2 1543 1 11 1
430 0 3 1546 1 6 1
431 0 2 1550 1 10 1
432 1 4 1553 2 6 3
433 0 8 1557 15 49 22
434 0 6 1562 1 4 1
435 0 3 1566 1 4 1
436 1 3 1570 4 33 6
437 0 1 1574 14 116 21
438 1 11 1577 1 4 1
439 1 2 1582 59 532 88
440 1 1 1585 73 666 109
441 1 10 1587 1 4 1
442 1 5 1592 1 3 1
443 1 7 1596 53 195 79
444 0 9 1601 3 10 4
445 1 3 1606 40 143 60
446 0 13 1610 8 24 12
447 0 1 1615 1 9 1
448 0 2 1617 1 10 1
449 0 6 1620 1 4 1
450 0 5 1624 3 9 4
451 1 3 1628 250 1050 375
452 0 1 1632 1 9 1
453 1 3 1634 840 8643 1260
454 0 4 1638 51 187 76
455 1 8 1642 1130120 7897734 1695180
456 0 1 1647 1 9 1
457 0 3 1648 5 40 7
458 1 2 1652 1 10 1
459 1 1 1655 300 2940 450
460 1 6 1657 3 9 4
461 0 2 1661 2 17 3
462 0 3 1664 2 7 3
463 0 2 1668 473 4738 709
464 0 6 1671 97 377 145
465 0 6 1675 19 63 28
466 0 9 1679 221 919 331
467 1 1 1684 4430 49068 6645
468 1 1 1686 1 9 1
469 0 2 1688 647 6577 970
470 0 1 1691 1 8 1
471 0 12 1694 60 223 90
472 0 1 1699 1983 21210 2974
473 0 8 1701 12 38 18
474 1 2 1706 385 3819 577
475 1 3 1709 15547 86584 23320
476 0 2 1713 69 628 103
477 1 2 1716 1 10 1
478 1 4 1719 1 5 1
479 0 6 1723 176 718 264
480 0 2 1727 41 362 61
481 1 1 1730 64 580 96
482 1 3 1733 1 4 1
483 1 6 1737 11 34 16
484 1 4 1741 20804 117867 31206
485 0 8 1745 1 4 1
486 1 6 1750 22735 129476 34102
487 1 1 1754 179336 2300340 269004
488 0 2 1756 7 56 10
489 0 2 1759 1 9 1
490 0 11 1762 1 4 1
491 1 9 1767 29 101 43
492 1 9 1772 1 4 1
493 1 13 1777 2878 14420 4317
494 0 2 1782 56 504 84
495 1 94 1785 72 272 108
496 1 1 1791 80 733 120
497 0 4 1794 2059 10088 3088
498 0 1 1798 1 9 1
499 0 1 1801 3 25 4
500 1 1 1803 1 9 1
501 1 2 1806 448 4476 672
502 1 8 1809 1 4 1
503 1 15 1814 1 4 1
504 1 3 1819 1 5 1
505 1 7 1823 6844 36256 10266
506 0 4 1827 44 159 66
507 1 7 1831 20 67 30
508 1 2 1836 7 56 10
509 0 2 1839 4 33 6
510 1 6 1842 14 45 21
511 1 3 1846 687 7003 1030
512 0 3 1850 1 9 1
513 0 20 1853 3 9 4
514 0 2 1858 26 224 39
515 1 1 1861 33122 398392 49683
516 0 32 1864 2 7 3
517 0 2 1870 164 1560 246
518 0 7 1873 1 4 1
519 0 7 1877 1 3 1
520 1 8 1881 420 1836 630
521 0 4 1886 1 6 1
522 1 1 1890 2598 28120 3897
523 0 2 1892 1 9 1
524 0 9 1895 1 5 1
525 1 1 1900 2 17 3
526 0 2 1902 7135 80638 10702
527 1 1 1905 1 9 1
528 0 5 1908 5 15 7
529 0 1 1912 64 580 96
530 1 4 1915 2 6 3
531 0 1 1919 2 17 3
532 1 2 1921 1 10 1
533 1 3 1924 1 9 1
534 0 2 1928 530 5338 795
535 1 10 1931 20 66 30
536 1 2 1936 98 908 147
537 1 5 1939 1 4 1
538 1 3 1943 2 6 3
539 1 3 1947 10 31 15
540 0 10 1951 70 264 105
541 1 2 1956 48 428 72
542 0 1 1959 1104 11502 1656
543 1 11 1961 93 359 139
544 1 5 1966 22 74 33
545 0 5 1970 1 4 1
546 1 1 1974 1390 14634 2085
547 1 41 1976 4 12 6
548 0 7 1982 33 116 49
549 1 1 1987 68 618 102
550 0 1 1990 90 830 135
551 0 2 1992 1 9 1
552 1 1 1995 159 1510 238
553 0 10 1997 1 3 1
554 1 1 2002 142 1341 213
555 0 1 2004 1 9 1
556 1 7 2007 1 5 1
557 1 2 2012 2 17 3
558 1 2 2015 4 32 6
559 1 7 2018 125 496 187
560 0 7 2022 1 6 1
561 0 1 2026 3 25 4
562 0 1 2029 252 2449 378
563 1 10 2031 446 1959 669
564 1 5 2036 216 897 324
565 0 1 2040 7128 80556 10692
566 1 3 2042 860 8858 1290
567 1 12 2046 44 159 66
568 1 4 2051 10735 58468 16102
569 0 5 2055 1 4 1
570 1 3 2059 3 10 4
571 0 1 2063 8 64 12
572 1 4 2065 3 10 4
573 0 1 2069 1 9 1
574 0 3 2072 1 9 1
575 1 2 2076 2 17 3
576 0 13 2079 24 82 36
577 0 6 2084 1 5 1
578 1 19 2088 30 104 45
579 0 7 2093 1 6 1
580 1 5 2097 1 4 1
581 0 1 2101 1 11 1
582 1 12 2103 1 3 1
583 1 3 2108 1 6 1
584 1 5 2112 1 4 1
585 1 2 2116 231 2235 346
586 1 5 2119 1 4 1
587 0 11 2123 452 1987 678
588 0 9 2128 1 4 1
589 1 1 2133 16 134 24
590 1 4 2135 53 195 79
591 0 1 2139 1313 13787 1969
592 0 1 2142 1 10 1
593 1 2 2144 750 7676 1125
594 0 11 2147 3 9 4
595 1 6 2152 698 3169 1047
596 1 2 2156 50 447 75
597 0 2 2159 79 724 118
598 0 1 2162 1785 19003 2677
599 1 11 2165 1 5 1
600 1 4 2170 64 239 96
601 1 1 2174 1 11 1
602 0 6 2177 1 4 1
603 0 1 2181 941 9732 1411
604 0 1 2184 1 10 1
605 1 3 2187 1268 13294 1902
606 0 2 2191 1 12 1
607 1 2 2194 1333446 18369520 2000169
608 1 2 2197 15 125 22
609 1 6 2200 2 7 3
610 1 25 2204 1865 9076 2797
611 1 1 2209 3 25 4
612 0 4 2212 1 4 1
613 1 2 2216 2 17 3
614 1 13 2219 8 24 12
615 0 8 2224 1 5 1
616 0 1 2229 1210 12659 1815
617 0 1 2232 9 72 13
618 1 10 2235 54 199 81
619 1 3 2240 1 9 1
620 1 11 2243 1 5 1
621 1 1 2248 1 9 1
622 1 2 2251 46 409 69
623 0 3 2254 1 4 1
624 0 9 2258 1 4 1
625 0 1 2263 7486 84775 11229
626 1 3 2265 100 928 150
627 0 3 2269 40 353 60
628 1 3 2273 1459 6982 2188
629 1 15 2277 396 1723 594
630 0 9 2282 1 3 1
631 1 2 2287 1 9 1
632 0 20 2290 2 7 3
633 0 5 2295 10 31 15
634 1 4 2299 1 4 1
635 1 2 2303 1 10 1
636 0 1 2306 1 10 1
637 1 1 2309 2 17 3
638 1 2 2312 595 6025 892
639 0 1 2315 1 9 1
640 0 11 2318 1 3 1
641 0 4 2323 9529 51524 14293
642 0 4 2327 2 7 3
643 0 1 2331 1 9 1
644 0 1 2334 21 179 31
645 0 1 2335 4 33 6
646 1 4 2338 1 5 1
647 0 4 2342 1 6 1
648 1 1 2346 2493 26935 3739
649 1 2 2348 99 918 148
650 1 8 2351 2 7 3
651 1 1 2356 3 25 4
652 0 1 2358 256 2490 384
653 0 4 2360 423 1850 634
654 1 4 2364 1 3 1
655 1 2 2368 4 33 6
656 0 1 2371 3142 34291 4713
657 0 2 2373 2564 27736 3846
658 0 3 2376 1 4 1
659 1 44 2380 142 569 213
660 1 2 2386 1 10 1
661 1 1 2389 231 2235 346
662 1 12 2392 11 34 16
663 1 4 2397 1 4 1
664 1 3 2401 14 116 21
665 1 2 2405 1 12 1
666 0 19 2408 16 52 24
667 0 1 2413 114 1065 171
668 1 5 2415 1 5 1
669 1 1 2419 102379 1286066 153568
670 0 1 2422 360 3559 540
671 0 12 2424 7 21 10
672 0 7 2429 1 4 1
673 0 5 2433 277 1172 415
674 1 3 2437 4 33 6
675 1 3 2441 2 6 3
676 1 2 2445 112 1045 168
677 0 4 2448 1 4 1
678 1 1 2452 290 2838 435
679 1 9 2454 4 12 6
680 1 5 2459 1 6 1
681 1 3 2463 252 1059 378
682 1 2 2467 23 197 34
683 1 4 2470 8 24 12
684 0 3 2474 5 15 7
685 1 1 2478 1 10 1
686 1 6 2480 1 5 1
687 1 8 2484 14 45 21
688 1 5 2489 1 4 1
689 1 4 2493 20 67 30
690 1 1 2497 14 116 21
691 1 2 2499 1 11 1
692 0 11 2502 27 93 40
693 0 1 2507 551 5559 826
694 0 2 2510 2 17 3
695 1 6 2513 9 27 13
696 1 6 2517 99 385 148
697 1 21 2521 154 622 231
698 0 1 2526 568 5739 852
699 1 1 2528 2 17 3
700 1 19 2531 1 4 1
701 1 2 2536 22 188 33
702 1 1 2539 88 811 132
703 0 1 2542 1 9 1
704 0 1 2545 2 17 3
705 1 2 2548 1 9 1
706 0 2 2551 11 90 16
707 1 7 2554 1 5 1
708 1 1 2558 1 9 1
709 1 3 2561 1 4 1
710 0 2 2565 1418 14941 2127
711 1 1 2568 28 242 42
712 1 2 2570 907 9365 1360
713 0 1 2573 49 437 73
714 1 2 2574 1 10 1
715 0 6 2577 1 4 1
716 1 2 2581 1 9 1
717 1 1 2584 5 41 7
718 1 1 2586 2 17 3
719 1 5 2589 1 4 1
720 0 2 2593 221 2134 331
721 1 6 2596 633 2854 949
722 0 2 2600 676 6886 1014
723 0 47 2603 153 617 229
724 0 6 2609 25 85 37
725 0 3 2613 1 3 1
726 1 3 2617 2336 11543 3504
727 1 1 2621 120 1124 180
728 0 4 2623 1 3 1
729 1 3 2627 1 4 1
730 0 2 2631 5 41 7
731 1 2 2634 1 9 1
732 0 2 2637 1 12 1
733 1 2 2640 1511 15967 2266
734 0 1 2643 3329 36423 4993
735 0 2 2646 5 41 7
736 0 2 2649 59 532 88
737 1 3 2652 87995 540565 131992
738 0 33 2656 5976 31389 8964
739 1 3 2662 170 1620 255
740 1 4 2666 923 4277 1384
741 1 11 2670 102 398 153
742 1 9 2675 40 143 60
743 1 4 2680 10785 58757 16177
744 1 2 2684 30 261 45
745 1 5 2687 48 175 72
746 0 3 2691 5 41 7
747 1 3 2695 2 7 3
748 1 3 2699 1 6 1
749 1 4 2703 6 18 9
750 1 3 2707 3 10 4
751 0 4 2711 1 3 1
752 0 1 2715 1 8 1
753 0 6 2717 2 7 3
754 0 5 2721 1 4 1
755 1 2 2725 160 1520 240
756 1 5 2728 1054 4930 1581
757 0 2 2732 2 17 3
758 1 1 2735 335 3301 502
759 1 1 2737 230 2225 345
760 1 6 2738 78 297 117
761 1 3 2742 74 676 111
762 0 2 2746 6 48 9
763 0 1 2749 2 17 3
764 1 1 2752 7 56 10
765 1 7 2754 135 539 202
766 0 4 2758 1 3 1
767 1 2 2762 2 17 3
768 0 3 2765 30 104 45
769 0 1 2769 43 381 64
770 1 1 2772 1 10 1
771 1 1 2775 354 3497 531
772 1 1 2778 13 107 19
773 1 2 2779 4020 44342 6030
774 0 8 2782 1 5 1
775 0 10 2787 47 171 70
776 1 2 2792 2 17 3
777 1 4 2795 1 5 1
778 1 7 2799 6 18 9
779 1 1 2804 1 9 1
780 1 2 2806 43 381 64
781 1 5 2809 10 31 15
782 1 2 2813 3 25 4
783 0 299 2816 6 18 9
784 0 4 2823 1 3 1
785 1 2 2827 1 14 1
786 0 4 2830 1 5 1
787 1 2 2834 1 11 1
788 0 3 2837 85 326 127
789 0 3 2841 5 41 7
790 1 2 2845 3 25 4
791 0 13 2848 1 3 1
792 0 1 2853 1 9 1
793 0 3 2856 5 15 7
794 1 7 2860 136 543 204
795 1 4 2865 33 116 49
796 0 13 2869 5357 27944 8035
797 0 13 2874 1 5 1
798 1 3 2879 108 1006 162
799 1 6 2883 1 5 1
800 0 1 2887 6 48 9
801 1 3 2890 1 9 1
802 0 1 2894 378 3746 567
803 1 2 2896 24 206 36
804 0 2 2899 25270 300713 37905
805 1 7 2902 3 9 4
806 1 1 2907 45 400 67
807 1 1 2909 1 12 1
808 1 5 2911 1 4 1
809 1 3 2915 2089 10245 3133
810 1 2 2919 1 10 1
811 0 7 2922 9 27 13
812 1 1 2926 10 81 15
813 0 1 2929 1 11 1
814 1 4 2931 5720 29961 8580
815 1 2 2935 1 9 1
816 0 1 2938 189 1811 283
817 1 2 2941 461 4612 691
818 1 2 2944 1 9 1
819 1 2 2947 1 12 1
820 0 1 2950 1 9 1
821 0 1 2953 1 8 1
822 1 10 2955 82 314 123
823 1 1 2960 110 1025 165
824 0 1 2963 62976 776617 94464
825 1 1 2966 58 523 87
826 0 5 2968 24 82 36
827 0 6 2972 17 56 25
828 0 20 2976 313 1338 469
829 0 2 2981 1 9 1
830 1 4 2984 133 530 199
831 0 4 2988 1 4 1
832 0 6 2992 73 276 109
833 1 3 2996 4 12 6
834 0 13 3000 44 159 66
835 0 2 3005 1 9 1
836 0 1 3008 598 6057 897
837 1 4 3011 1 4 1
838 1 3 3015 1 4 1
839 1 2 3019 5451 60912 8176
840 0 4 3022 1 4 1
841 0 8 3026 49 179 73
842 0 1 3031 1 9 1
843 0 5 3033 1 4 1
844 0 3 3037 32 112 48
845 0 3 3041 482 2129 723
846 0 2 3045 1 10 1
847 1 2 3048 21070 248922 31605
848 0 10 3051 1 4 1
849 1 5 3056 1 4 1
850 0 1 3060 1 9 1
851 0 1 3063 3 25 4
852 0 17 3065 7 21 10
853 0 30 3070 356 1537 534
854 1 2 3076 7 56 10
855 1 2 3079 76535 950886 114802
856 0 14 3082 1 3 1
857 1 4 3087 3 9 4
858 1 2 3091 351 3466 526
859 0 2 3094 1 10 1
860 0 9 3097 1 3 1
861 1 9 3102 9 27 13
862 1 10 3107 4 12 6
863 1 1 3112 53 475 79
864 0 6 3113 1614 7777 2421
865 1 2 3117 20 170 30
866 0 6 3120 91 351 136
867 0 1 3124 18242 214268 27363
868 0 26 3126 1 3 1
869 1 1 3131 1 9 1
870 0 5 3134 1 4 1
871 1 2 3138 93 859 139
872 1 2 3141 13 108 19
873 0 11 3144 7 21 10
874 1 3 3149 5 41 7
875 0 4 3153 555 2478 832
876 0 2 3157 1 9 1
877 1 1 3160 196 1881 294
878 1 18 3162 2 7 3
879 0 6 3167 1 5 1
880 1 1 3171 11 90 16
881 1 1 3173 1 9 1
882 0 1 3175 29233 349888 43849
883 1 1 3177 1 11 1
884 0 3 3180 3 9 4
885 1 3 3184 1 11 1
886 0 1 3188 7 56 10
887 1 3 3190 12 38 18
888 0 5 3194 1 3 1
889 1 2 3198 1 9 1
890 0 7 3201 13 41 19
891 0 26 3205 1 4 1
892 0 5 3210 1 4 1
893 1 13 3214 32 112 48
894 1 2 3219 9 72 13
895 1 6 3222 1 3 1
896 1 1 3226 427 4256 640
897 1 3 3228 66 248 99
898 0 1 3232 1 8 1
899 0 1 3234 1 11 1
900 0 4 3235 24 82 36
901 0 3 3239 6 48 9
902 0 1 3242 13 107 19
903 1 2 3243 9 72 13
904 1 1 3246 1 9 1
905 0 1 3249 5 41 7
906 1 16 3250 186 763 279
907 1 6 3255 304 1296 456
908 0 14 3259 84 322 126
909 1 6 3264 4 12 6
910 0 7 3268 8 24 12
911 0 1 3272 1 9 1
912 1 3 3274 1 3 1
913 1 6 3278 4 12 6
914 1 4 3282 1 4 1
915 0 3 3286 35 307 52
916 1 6 3290 1 3 1
917 0 2 3294 776 7955 1164
918 1 3 3297 72 656 108
919 1 5 3301 1 6 1
920 0 2 3305 1 12 1
921 0 1 3308 260 2531 390
922 1 21 3311 13 41 19
923 0 2 3316 10 81 15
924 0 1 3319 5 40 7
925 1 7 3321 1 3 1
926 1 2 3325 1 9 1
927 1 1 3328 100 927 150
928 0 1 3331 16 134 24
929 0 4 3334 1 3 1
930 0 10 3338 3 9 4
931 1 2 3343 5 40 7
932 0 2 3346 43 381 64
933 0 7 3349 1 5 1
934 1 5 3353 50 183 75
935 1 9 3357 512 2272 768
936 1 3 3362 259 2520 388
937 0 5 3366 3 10 4
938 1 5 3370 15 48 22
939 0 6 3374 121 479 181
940 1 1 3378 1 9 1
941 0 2 3381 3 25 4
942 0 1 3384 1 11 1
943 1 2 3387 1 10 1
944 1 1 3390 926 9571 1389
945 1 1 3392 224 2164 336
946 0 1 3394 2 17 3
947 0 1 3396 1 11 1
948 1 5 3399 1 3 1
949 0 4 3403 296 1259 444
950 0 15 3407 1 4 1
951 0 3 3412 22 74 33
952 1 1 3416 198153 2551057 297229
953 1 15 3419 1 5 1
954 1 3 3424 794 3639 1191
955 1 6 3428 1 5 1
956 0 1 3432 1 10 1
957 0 35 3434 104 406 156
958 0 2 3440 8312 94540 12468
959 1 2 3443 1 9 1
960 1 1 3446 339 3342 508
961 1 2 3449 1 9 1
962 1 2 3452 1 11 1
963 1 10 3455 751 3428 1126
964 0 2 3460 11 90 16
965 1 2 3463 1 9 1
966 0 1 3466 1 10 1
967 0 7 3468 1 4 1
968 0 1 3473 105 976 157
969 0 11 3475 1 4 1
970 0 4 3480 1 4 1
971 1 6 3484 711 3233 1066
972 0 3 3488 1 4 1
973 1 11 3492 1 3 1
974 1 3 3497 1 5 1
975 0 2 3501 1 8 1
976 1 1 3504 1 9 1
977 0 3 3507 581 2603 871
978 1 3 3511 272612 3550792 408918
979 1 2 3515 25424 302619 38136
980 0 2 3518 97 898 145
981 1 2 3521 1 9 1
982 0 1 3524 1 9 1
983 0 2 3527 300 2940 450
984 0 1 3530 1 9 1
985 1 11 3532 42 151 63
986 0 7 3537 19 63 28
987 0 1 3542 1 9 1
988 1 2 3544 61 551 91
989 0 2 3547 277 2704 415
990 0 1 3550 124 1163 186
991 0 2 3552 34 298 51
992 1 8 3555 422 1845 633
993 0 18 3560 1 3 1
994 0 1 3565 2 17 3
995 0 1 3568 8 64 12
996 1 4 3570 1 4 1
997 1 17 3574 26739 153715 40108
998 1 3 3579 1856 9030 2784
999 1 3 3583 5 15 7
1000 1 5 3587 580 2598 870
1001 0 11 3591 2818 14100 4227
1002 1 7 3596 14 45 21
1003 0 7 3601 74 281 111
1004 0 5 3605 6 18 9
1005 1 2 3609 2 17 3
