0 0 5 5 1 3 1
1 0 7 9 1 4 1
2 0 5 13 1 4 1
3 1 2 17 189 1811 283
4 0 1 21 46 409 69
5 0 5 24 3 9 4
6 1 7 28 1 6 1
7 1 1 32 8 64 12
8 1 2 35 52 466 78
9 1 1 38 359 3549 538
10 0 3 41 991 4615 1486
11 0 3 45 10 81 15
12 0 1 49 1 9 1
13 1 8 50 3063 15410 4594
14 1 2 54 8 64 12
15 0 1 58 1048 10893 1572
16 1 1 61 1 9 1
17 0 3 64 1 9 1
18 1 4 68 754 3443 1131
19 1 2 72 86 792 129
20 0 3 75 27 233 40
21 1 1 79 1 9 1
22 1 7 82 1 3 1
23 1 6 86 13 41 19
24 1 1 90 147 1391 220
25 1 2 93 1 9 1
26 0 2 97 1 10 1
27 1 10 100 1 3 1
28 1 13 104 2 6 3
29 1 2 108 4 33 6
30 1 1 112 34 297 51
31 1 5 115 55 203 82
32 1 5 119 157 635 235
33 0 3 123 102 398 153
34 1 12 127 10049 54512 15073
35 0 5 131 1 4 1
36 0 1 135 1 9 1
37 0 1 138 1 11 1
38 1 1 141 5 40 7
39 0 15 144 8 24 12
40 1 1 148 102 947 153
41 0 2 151 43 381 64
42 1 2 154 1 9 1
43 1 3 158 1 3 1
44 0 4 162 243 1018 364
45 0 4 166 448 1968 672
46 0 33 170 4 12 6
47 0 2 175 1 9 1
48 1 1 179 19 161 28
49 1 13 181 2980 14966 4470
50 1 1 185 24693 293577 37039
51 0 1 187 60 542 90
52 1 1 190 1 9 1
53 0 2 193 2 17 3
54 0 6 196 1291 6126 1936
55 0 6 200 695 3155 1042
56 0 2 204 2 17 3
57 1 2 207 2 17 3
58 1 4 210 252 1059 378
59 1 12 214 1 5 1
60 1 2 218 12 98 18
61 0 1 222 1 11 1
62 0 13 225 1 5 1
63 0 23 229 2 7 3
64 0 2 234 27 233 40
65 1 2 238 1 12 1
66 0 9 242 20159 114003 30238
67 1 5 246 5 15 7
68 0 2 250 2 17 3
69 0 2 254 267 2602 400
70 0 1 258 1 10 1
71 0 1 260 6 48 9
72 1 7 263 216 897 324
73 1 7 267 28 97 42
74 1 1 271 1 11 1
75 1 1 274 60 542 90
76 1 2 277 129 1212 193
77 1 4 281 8266 44305 12399
78 0 3 285 1 9 1
79 1 5 289 4599 23757 6898
80 1 5 293 107 419 160
81 0 3 297 405 1766 607
82 1 3 301 1 10 1
83 1 4 305 184797 1180634 277195
84 1 2 309 11 90 16
85 1 3 312 17 56 25
86 0 2 316 3 25 4
87 0 17 319 10 31 15
88 0 4 324 125 496 187
89 0 1 328 2 17 3
90 0 9 331 4 12 6
91 0 3 335 3 9 4
92 0 1 339 21 179 31
93 1 2 342 4 33 6
94 1 5 346 1 4 1
95 0 2 350 45 400 67
96 1 2 354 1 9 1
97 1 2 358 1 9 1
98 0 3 361 1675 8092 2512
99 0 2 365 17902 210115 26853
100 1 1 368 3 25 4
101 0 23 371 78 297 117
102 1 2 376 1 9 1
103 1 1 379 1 10 1
104 1 3 382 1 6 1
105 0 2 386 65 590 97
106 1 1 390 128 1202 192
107 1 1 393 1 9 1
108 0 2 396 13732 159449 20598
109 0 1 399 25 215 37
110 0 17 402 1 5 1
111 1 2 407 253 2459 379
112 1 1 411 1 11 1
113 0 5 414 5 15 7
114 1 12 418 1 3 1
115 0 11 422 5 15 7
116 0 7 426 100 389 150
117 0 9 430 1 5 1
118 0 1 434 2 17 3
119 0 5 437 568 2540 852
120 1 6 441 93 360 139
121 1 2 445 41 363 61
122 1 7 449 1 3 1
123 0 6 453 1 4 1
124 0 17 457 6037 31730 9055
125 0 12 462 7 21 10
126 0 2 466 1 9 1
127 1 2 470 91222 1140935 136833
128 1 4 474 1 4 1
129 0 1 478 10 81 15
130 1 6 481 1 3 1
131 1 1 485 1 9 1
132 0 4 488 5 15 7
133 1 7 492 1 3 1
134 0 3 496 8 24 12
135 0 3 500 3 25 4
136 1 1 504 1 10 1
137 1 12 507 4 13 6
138 1 2 511 1 9 1
139 0 6 514 1 3 1
140 1 2 518 1 10 1
141 0 3 521 1 9 1
142 1 4 525 1 4 1
143 0 2 529 304 2981 456
144 0 1 533 259 2520 388
145 0 1 536 6 48 9
146 0 5 539 1 4 1
147 1 3 543 10 31 15
148 1 14 547 611 2747 916
149 1 3 551 4 12 6
150 1 2 555 3 25 4
151 0 5 559 8 24 12
152 1 4 563 1 5 1
153 0 1 567 2 17 3
154 0 1 570 1 10 1
155 1 2 573 164 1560 246
156 1 4 576 1 5 1
157 1 6 580 4660 24093 6990
158 0 1 584 11 90 16
159 0 5 586 2 6 3
160 0 19 590 3 9 4
161 1 7 595 530 2358 795
162 0 2 599 4 33 6
163 1 3 602 26 224 39
164 1 3 606 1429 6828 2143
165 0 2 610 35 307 52
166 0 6 614 40 143 60
167 0 3 618 2 17 3
168 1 5 622 7 21 10
169 1 6 626 4 12 6
170 0 54 630 68 256 102
171 1 4 635 69053 418659 103579
172 1 3 639 463 2039 694
173 0 16 643 4252 21854 6378
174 0 3 647 1 9 1
175 0 31 651 2 6 3
176 0 9 656 19 63 28
177 1 1 660 29359 351456 44038
178 1 14 663 1 3 1
179 0 5 667 86 330 129
180 0 8 671 36 127 54
181 0 3 675 3 9 4
182 0 6 679 1 4 1
183 1 5 683 28 97 42
184 1 6 687 758 3462 1137
185 1 4 691 12754 70192 19131
186 1 5 695 88 339 132
187 0 2 699 1 10 1
188 0 1 702 21 179 31
189 1 3 705 1 3 1
190 1 9 709 277 1172 415
191 0 3 713 65 589 97
192 1 1 717 29 252 43
193 1 3 720 1 5 1
194 1 31 724 1 4 1
195 1 2 729 14 116 21
196 0 5 733 1 3 1
197 0 3 737 11 34 16
198 1 6 741 3 9 4
199 0 2 745 2 17 3
200 1 3 748 1232 5826 1848
201 1 2 752 2 17 3
202 0 2 756 212564 2743645 318846
203 1 16 760 1 3 1
204 1 3 764 1 5 1
205 0 1 768 3 25 4
206 1 5 771 73 276 109
207 0 1 775 176 1680 264
208 0 1 778 1 9 1
209 0 2 781 1 11 1
210 1 1 784 1 9 1
211 1 2 787 751 7687 1126
212 1 1 791 16225 189677 24337
213 1 1 792 7 56 10
214 1 1 795 1 11 1
215 0 7 798 1 3 1
216 1 1 802 17 143 25
217 1 1 805 142 1341 213
218 1 3 808 2119 10402 3178
219 1 42 812 837 3851 1255
220 0 3 817 1 10 1
221 1 2 821 3 25 4
222 1 2 825 69359 858500 104038
223 0 2 829 10 81 15
224 1 9 833 1 4 1
225 1 4 837 1 4 1
226 0 29 841 1 3 1
227 0 7 846 593 2660 889
228 0 1 850 107 996 160
229 1 5 853 47 171 70
230 0 3 857 1 9 1
231 1 2 861 1 9 1
232 0 14 865 1 5 1
233 0 1 869 1394 14677 2091
234 0 6 872 267 1127 400
235 1 1 876 2 17 3
236 1 1 879 1 10 1
237 0 5 882 1 4 1
238 0 1 886 23 197 34
239 0 1 889 11 90 16
240 0 9 892 45 163 67
241 0 2 896 1 11 1
242 1 2 900 176 1680 264
243 1 2 904 9 72 13
244 0 1 908 5 41 7
245 1 1 911 1 13 1
246 0 2 914 6 48 9
247 0 6 918 3 10 4
248 0 2 922 1 9 1
249 1 10 925 83 318 124
250 0 1 929 155 1470 232
251 1 2 932 12 99 18
252 1 2 935 2 17 3
253 1 5 939 2 6 3
254 1 7 943 959 4456 1438
255 0 3 947 47 419 70
256 0 16 951 2 6 3
257 0 2 956 724 7398 1086
258 1 5 960 29 100 43
259 1 10 964 2 7 3
260 0 1 968 9 72 13
261 0 1 971 2 17 3
262 1 1 974 11 90 16
263 0 4 977 53332 318783 79998
264 0 2 981 719 7345 1078
265 1 3 985 1 4 1
266 0 4 989 1 4 1
267 1 3 993 41990 247664 62985
268 0 2 997 1 9 1
269 1 1 1000 1 8 1
270 1 4 1003 1 5 1
271 0 5 1007 2726 13610 4089
272 1 4 1011 1 4 1
273 0 1 1015 1 9 1
274 0 2 1018 12 99 18
275 0 3 1021 3 9 4
276 1 9 1025 1 4 1
277 1 1 1029 491 4927 736
278 0 5 1032 3 9 4
279 0 3 1036 6399 33756 9598
280 1 2 1040 11136 128202 16704
281 0 1 1044 200 1921 300
282 1 2 1047 222 2144 333
283 0 2 1051 270 2633 405
284 0 7 1055 134 535 201
285 1 3 1059 1 4 1
286 1 2 1063 1644 17438 2466
287 0 3 1067 1 9 1
288 1 5 1071 1 5 1
289 1 5 1075 5 15 7
290 1 4 1079 1 6 1
291 1 1 1083 588 5951 882
292 0 5 1086 1 3 1
293 0 1 1090 5873 65834 8809
294 0 1 1092 1 10 1
295 1 2 1095 6604 74395 9906
296 0 6 1098 45 163 67
297 0 6 1102 1 5 1
298 0 3 1106 132 526 198
299 1 2 1110 9 72 13
300 1 1 1114 1 10 1
301 1 4 1117 1 4 1
302 0 5 1121 1 7 1
303 1 4 1125 4 12 6
304 0 1 1129 1 11 1
305 0 2 1132 4 33 6
306 1 2 1136 592 5993 888
307 0 5 1140 1 4 1
308 1 10 1144 1 4 1
309 0 1 1148 1 9 1
310 1 1 1151 1 9 1
311 0 3 1154 1 9 1
312 0 3 1158 12 38 18
313 0 3 1162 1 4 1
314 0 9 1166 1 5 1
315 1 16 1170 1 4 1
316 1 22 1175 8240 44157 12360
317 0 2 1180 1 10 1
318 0 3 1184 3 9 4
319 0 25 1188 784350 5386503 1176525
320 0 7 1193 3 9 4
321 0 2 1197 1 8 1
322 0 1 1200 3 25 4
323 0 2 1203 3 25 4
324 1 8 1207 57935 347885 86902
325 1 6 1211 8 24 12
326 1 1 1215 28 242 42
327 0 2 1218 1527 16144 2290
328 0 3 1222 1 4 1
329 1 1 1226 1948 20819 2922
330 1 1 1229 1016 10545 1524
331 0 8 1232 3 10 4
332 0 1 1236 20 170 30
333 1 1 1239 8 64 12
334 1 2 1242 2 17 3
335 0 24 1246 10 31 15
336 0 3 1251 2 17 3
337 0 2 1255 17 143 25
338 0 2 1259 18 152 27
339 1 4 1263 5 15 7
340 0 3 1267 1 4 1
341 1 2 1271 55 494 82
342 0 7 1275 1 3 1
343 0 6 1279 2 7 3
344 0 4 1283 2 6 3
345 0 2 1287 15 125 22
346 0 6 1291 1 3 1
347 1 4 1295 26 89 39
348 1 1 1299 3 25 4
349 1 27 1302 399 1737 598
350 0 15 1307 1 3 1
351 0 5 1311 1 4 1
352 0 1 1315 1 10 1
353 1 5 1317 18 59 27
354 1 1 1321 93 859 139
355 0 11 1324 137 548 205
356 0 1 1328 13 107 19
357 1 11 1331 18 59 27
358 0 15 1335 6 18 9
359 0 6 1339 17 56 25
360 0 12 1343 22709 129319 34063
361 1 1 1347 1 9 1
362 0 1 1350 1 9 1
363 1 1 1353 1 8 1
364 0 5 1356 1080 5060 1620
365 0 2 1360 10 81 15
366 0 3 1364 149 600 223
367 0 2 1368 13 108 19
368 0 2 1371 115 1074 172
369 1 2 1375 1 9 1
370 0 1 1379 53866 660292 80799
371 0 24 1382 81 309 121
372 0 2 1387 7 56 10
373 0 2 1390 1 10 1
374 1 2 1393 3 25 4
375 0 6 1397 21 70 31
376 1 2 1401 8 64 12
377 1 4 1404 1 4 1
378 0 5 1408 1 4 1
379 1 3 1412 123 487 184
380 0 3 1416 28 97 42
381 0 3 1420 355 3508 532
382 1 5 1424 1 4 1
383 1 23 1428 2 7 3
384 1 3 1433 1 4 1
385 1 2 1437 677 6896 1015
386 0 1 1440 23 197 34
387 0 14 1442 219 910 328
388 0 4 1446 3 10 4
389 1 46 1450 154 622 231
390 1 31 1455 4 12 6
391 0 4 1460 3 10 4
392 0 4 1464 25 85 37
393 0 2 1468 1585 16785 2377
394 0 2 1472 74 675 111
395 1 5 1476 6 18 9
396 0 1 1480 23 197 34
397 0 3 1483 2095 22462 3142
398 1 5 1487 1 4 1
399 1 4 1491 169 688 253
400 0 3 1495 4 12 6
401 1 3 1499 435 1907 652
402 1 5 1503 1858 9040 2787
403 0 3 1507 26 89 39
404 1 2 1511 76 695 114
405 1 5 1514 1 4 1
406 0 6 1518 11205 61187 16807
407 1 4 1522 1 4 1
408 0 5 1526 416 1817 624
409 0 7 1530 3 9 4
410 1 3 1534 52 466 78
411 0 7 1538 48 175 72
412 0 9 1542 313 1338 469
413 1 1 1546 2 17 3
414 1 14 1548 1 4 1
415 1 16 1552 1 5 1
416 1 4 1557 2782 13908 4173
417 1 4 1561 67 252 100
418 1 1 1565 129 1212 193
419 1 5 1567 2 6 3
420 1 2 1571 322 3167 483
421 0 4 1575 79 301 118
422 1 3 1579 2 7 3
423 1 2 1583 67137 829963 100705
424 1 5 1587 432 1893 648
425 1 11 1591 1 4 1
426 1 9 1595 286 1214 429
427 1 6 1599 1 5 1
428 1 32 1603 153 617 229
429 0 1 1608 1 10 1
430 0 2 1611 2 17 3
431 1 3 1615 5 40 7
432 1 2 1619 69 628 103
433 0 1 1623 1 10 1
434 1 4 1626 11670 63883 17505
435 1 2 1630 6 48 9
436 0 1 1634 36218 437161 54327
437 1 3 1637 1 4 1
438 0 7 1641 1 4 1
439 0 1 1645 1 11 1
440 1 1 1648 1 9 1
441 1 2 1650 1 10 1
442 1 18 1654 29 100 43
443 1 2 1659 1 8 1
444 1 11 1663 2 7 3
445 1 2 1667 7 56 10
446 1 1 1670 93 859 139
447 1 5 1672 410 1789 615
448 0 1 1676 47 419 70
449 0 4 1679 90 347 135
450 0 7 1683 45 163 67
451 1 2 1687 1 9 1
452 0 9 1690 1 3 1
453 1 5 1694 1 3 1
454 0 12 1698 4 12 6
455 0 2 1702 9 73 13
456 1 1 1705 1041 10817 1561
457 0 5 1707 180 736 270
458 0 10 1711 80 305 120
459 0 2 1715 1 10 1
460 1 3 1718 73 276 109
461 0 1 1722 110 1025 165
462 1 4 1725 7 21 10
463 1 7 1729 1 4 1
464 0 9 1733 1 4 1
465 0 2 1737 1 9 1
466 1 2 1741 156 1480 234
467 0 1 1744 24 206 36
468 0 2 1747 1 11 1
469 0 1 1750 118 1104 177
470 1 17 1753 1 4 1
471 0 7 1758 2 7 3
472 1 3 1762 1 4 1
473 1 1 1766 41 362 61
474 0 2 1768 40 353 60
475 1 3 1772 72 272 108
476 1 7 1776 957 4446 1435
477 1 1 1780 52118 638052 78177
478 1 1 1783 58 523 87
479 0 2 1786 3451 37816 5176
480 0 1 1789 24 206 36
481 0 2 1792 2670 28934 4005
482 1 7 1795 6681 35339 10021
483 1 6 1799 37 131 55
484 1 8 1803 9 27 13
485 0 1 1807 1339 14073 2008
486 1 1 1810 1096 11415 1644
487 1 3 1813 3 25 4
488 1 1 1817 137 1291 205
489 0 2 1820 1 11 1
490 1 2 1824 196 1881 294
491 0 25 1828 1 5 1
492 1 2 1833 1 10 1
493 0 6 1836 1 5 1
494 0 2 1840 1 11 1
495 1 3 1844 8431 95951 12646
496 1 3 1848 306 3002 459
497 1 9 1852 23 78 34
498 0 7 1856 8 24 12
499 0 1 1860 1 11 1
500 1 3 1863 17987 211153 26980
501 0 12 1867 45 163 67
502 1 6 1871 1 4 1
503 0 2 1875 32 279 48
504 1 1 1879 348 3435 522
505 1 13 1882 1057 4945 1585
506 0 2 1886 1 9 1
507 0 1 1890 9 72 13
508 0 1 1893 1 11 1
509 0 1 1896 2 17 3
510 1 8 1899 58 215 87
511 1 4 1903 1 5 1
512 0 5 1907 22 74 33
513 0 2 1911 1 11 1
514 1 2 1914 10081 115582 15121
515 1 1 1918 587 5940 880
516 0 1 1921 1 11 1
517 1 1 1924 6 48 9
518 0 4 1927 152 613 228
519 0 1 1931 9 73 13
520 1 1 1934 19 161 28
521 0 1 1937 25 215 37
522 1 1 1940 1 9 1
523 1 1 1943 6418 72213 9627
524 1 6 1946 47 171 70
525 0 11 1950 1 3 1
526 0 2 1954 2 17 3
527 1 19 1957 1 4 1
528 1 2 1962 32 279 48
529 0 1 1966 1 8 1
530 0 1 1969 1 8 1
531 0 3 1972 194 798 291
532 0 2 1976 1 9 1
533 1 1 1980 3612 39658 5418
534 0 6 1983 8 24 12
535 1 2 1987 2080 22294 3120
536 1 3 1991 1 5 1
537 0 1 1995 1 9 1
538 1 1 1998 1063 11056 1594
539 0 34 2001 105 410 157
540 0 1 2006 5 40 7
541 0 2 2009 3315 36263 4972
542 0 1 2013 2218 23841 3327
543 1 45 2016 1 3 1
544 0 2 2021 48 428 72
545 0 6 2025 1 3 1
546 1 2 2029 75 685 112
547 0 3 2033 5910 31021 8865
548 1 1 2037 3 25 4
549 0 3 2040 73569 447583 110353
550 0 1 2044 1 9 1
551 1 1 2047 337 3322 505
552 0 1 2050 236 2286 354
553 0 4 2053 1 3 1
554 1 2 2057 2 17 3
555 0 31 2061 2 7 3
556 0 3 2066 2916 14623 4374
557 1 4 2070 1 5 1
558 0 2 2074 1 9 1
559 1 2 2077 15 125 22
560 1 10 2081 1 4 1
561 0 7 2085 1 6 1
562 1 17 2089 7 21 10
563 0 12 2094 1 4 1
564 1 4 2098 10 31 15
565 1 1 2102 1 9 1
566 1 1 2104 1015 10535 1522
567 0 4 2107 47 171 70
568 0 1 2111 1 10 1
569 1 2 2114 67 608 100
570 0 3 2117 1 4 1
571 0 2 2121 62 561 93
572 1 2 2125 1118 11654 1677
573 1 5 2128 5 15 7
574 1 2 2132 1 9 1
575 0 4 2136 1 3 1
576 0 2 2140 2 17 3
577 0 6 2144 1 4 1
578 0 1 2148 1 10 1
579 1 17 2151 3 10 4
580 0 19 2156 95 368 142
581 0 4 2161 14948 83053 22422
582 1 2 2165 1 11 1
583 1 6 2169 1 3 1
584 0 2 2173 3 25 4
585 0 3 2176 1 3 1
586 1 1 2180 1 9 1
587 0 1 2183 1094 11393 1641
588 1 2 2186 1 10 1
589 1 3 2190 19 63 28
590 1 4 2194 1 3 1
591 1 4 2198 3 9 4
592 0 4 2202 346 1490 519
593 0 6 2206 4 12 6
594 0 1 2210 131 1232 196
595 0 9 2213 2 7 3
596 0 1 2217 56 504 84
597 1 9 2220 27 93 40
598 1 21 2224 17540 98384 26310
599 0 3 2229 15947 186297 23920
600 1 2 2233 346 3415 519
601 1 1 2236 44 391 66
602 0 1 2239 7 56 10
603 1 13 2242 40 143 60
604 0 2 2246 23 197 34
605 0 1 2249 1 9 1
606 0 2 2252 1 9 1
607 0 8 2256 43 155 64
608 1 5 2260 3 10 4
609 0 7 2264 6 18 9
610 1 1 2268 3 25 4
611 0 9 2271 12 38 18
612 1 13 2275 129 513 193
613 1 2 2279 1 9 1
614 0 1 2282 3 25 4
615 0 4 2284 4 12 6
616 0 23 2288 214 887 321
617 1 25 2293 846 3896 1269
618 1 13 2298 1 3 1
619 0 16 2302 1 4 1
620 1 2 2306 1 9 1
621 1 2 2309 46 409 69
622 1 2 2313 154 1460 231
623 1 6 2317 257 1081 385
624 0 10 2321 1 4 1
625 1 17 2325 1663 8030 2494
626 0 1 2330 2 17 3
627 1 1 2333 178656 2291296 267984
628 0 3 2336 282 1195 423
629 0 9 2340 1 5 1
630 0 6 2344 262 1104 393
631 0 4 2348 380 1648 570
632 0 1 2352 1 9 1
633 0 2 2355 14 116 21
634 1 1 2359 1 10 1
635 1 5 2362 1 4 1
636 0 5 2366 1 3 1
637 1 2 2370 1 9 1
638 0 7 2374 505 2239 757
639 1 4 2378 1 3 1
640 0 8 2382 1 4 1
641 1 2 2386 7 56 10
642 1 1 2390 3 25 4
643 0 1 2393 786 8062 1179
644 1 5 2396 200 825 300
645 0 1 2400 3 25 4
646 1 1 2402 11161 128501 16741
647 0 7 2405 3641 18527 5461
648 0 2 2409 168 1600 252
649 1 2 2413 3 25 4
650 0 2 2417 1 10 1
651 0 2 2421 1 8 1
652 1 2 2424 69 628 103
653 0 1 2428 1 11 1
654 1 1 2431 3 25 4
655 1 6 2434 1 4 1
656 0 2 2438 324 3187 486
657 0 2 2441 74 676 111
658 1 3 2445 1 9 1
659 1 1 2449 3 25 4
660 1 1 2452 64 580 96
661 0 3 2455 1302 6181 1953
662 0 17 2459 2 6 3
663 0 1 2464 3 25 4
664 1 2 2467 800 8213 1200
665 0 4 2471 1 3 1
666 1 2 2475 1 9 1
667 1 5 2479 3690 18793 5535
668 1 12 2483 6 18 9
669 0 1 2487 5 40 7
670 0 4 2490 1 4 1
671 0 4 2494 1 3 1
672 1 3 2498 322 1379 483
673 1 2 2502 1 9 1
674 1 41 2506 1 4 1
675 1 6 2511 10 31 15
676 1 1 2515 1 9 1
677 1 2 2518 1 9 1
678 0 3 2522 1 9 1
679 0 6 2526 184 754 276
680 0 2 2530 34 297 51
681 0 2 2533 1 10 1
682 1 1 2537 4174 46115 6261
683 0 6 2540 51 187 76
684 0 22 2544 10 31 15
685 0 1 2549 19 161 28
686 0 8 2552 74 280 111
687 0 2 2556 1 10 1
688 0 2 2560 5 40 7
689 1 2 2564 350 3456 525
690 1 10 2567 35 124 52
691 1 3 2571 94 869 141
692 0 4 2575 10 31 15
693 0 3 2579 321 1375 481
694 0 7 2583 74 280 111
695 1 1 2587 1365 14358 2047
696 1 2 2590 31894 383052 47841
697 0 25 2593 1 4 1
698 0 5 2598 300565 1968663 450847
699 1 1 2602 1 9 1
700 0 1 2604 1688 17926 2532
701 1 6 2607 28 97 42
702 0 2 2611 5 41 7
703 1 5 2615 58 215 87
704 1 20 2619 1 4 1
705 1 1 2624 6046 67857 9069
706 0 3 2627 1 8 1
707 0 5 2631 216 896 324
708 1 2 2635 1 9 1
709 0 2 2639 9 72 13
710 0 5 2643 14 45 21
711 0 3 2647 23 78 34
712 1 1 2651 5 41 7
713 0 3 2654 1 9 1
714 0 1 2658 23 197 34
715 1 1 2661 1 9 1
716 0 1 2664 4 33 6
717 0 13 2667 108 423 162
718 0 4 2671 6344 33447 9516
719 1 2 2675 788 8084 1182
720 0 17 2678 3 10 4
721 1 2 2683 1 10 1
722 1 1 2686 51 456 76
723 0 7 2689 76 289 114
724 1 4 2693 1 4 1
725 0 8 2697 4 12 6
726 1 8 2701 33 116 49
727 0 44 2705 119 470 178
728 0 1 2710 395 3923 592
729 0 8 2713 1 5 1
730 1 5 2717 12 38 18
731 1 1 2721 3 25 4
732 0 4 2724 58 215 87
733 0 43 2728 1 7 1
734 1 4 2733 7 21 10
735 1 2 2737 1 10 1
736 1 3 2740 35 307 52
737 0 1 2744 69 628 103
738 1 5 2747 1 4 1
739 0 4 2751 932 4321 1398
740 1 2 2755 1 9 1
741 1 27 2759 1 4 1
742 0 1 2764 269 2622 403
743 0 1 2766 9 73 13
744 1 1 2769 1 9 1
745 0 2 2772 3707 40747 5560
746 1 3 2776 1 3 1
747 0 1 2780 2 17 3
748 1 2 2783 1 10 1
749 1 4 2786 1 4 1
750 0 1 2790 1 11 1
751 0 7 2793 1 3 1
752 1 2 2797 2 17 3
753 1 2 2801 1 10 1
754 0 3 2804 3699 18841 5548
755 1 2 2808 2 17 3
756 0 5 2812 9 27 13
757 0 1 2816 3101 33824 4651
758 0 7 2819 2 6 3
759 0 1 2823 1 10 1
760 0 1 2826 165 1570 247
761 0 5 2829 3 10 4
762 1 7 2833 8 24 12
763 1 7 2837 701 3184 1051
764 0 2 2841 451 4507 676
765 0 3 2845 1 5 1
766 0 1 2849 1 10 1
767 1 1 2851 1 9 1
768 0 10 2854 1830 8894 2745
769 1 2 2858 94 869 141
770 1 3 2862 3 10 4
771 1 4 2866 1 5 1
772 1 3 2870 71 268 106
773 0 7 2874 1 4 1
774 0 3 2878 376 3726 564
775 1 10 2882 2193 10791 3289
776 0 1 2886 1283 13458 1924
777 0 2 2889 3 25 4
778 0 6 2893 3 9 4
779 1 2 2897 1 9 1
780 0 1 2901 18 152 27
781 0 1 2904 1 8 1
782 0 6 2907 15 48 22
783 1 2 2911 7 56 10
784 0 1 2915 1 9 1
785 0 3 2918 25 85 37
786 1 7 2922 5864 30764 8796
787 0 6 2926 239 1000 358
788 1 4 2930 907 4197 1360
789 1 7 2934 35 124 52
790 0 7 2938 1 4 1
791 0 3 2942 169 688 253
792 1 2 2946 4469 49518 6703
793 0 2 2950 1 8 1
794 1 5 2954 2 7 3
795 0 3 2958 1 4 1
796 0 1 2962 8506 96840 12759
797 1 1 2965 3 25 4
798 0 1 2968 46805 570627 70207
799 1 12 2970 1 5 1
800 0 39 2974 2033 9952 3049
801 0 7 2979 1 4 1
802 0 4 2983 1 4 1
803 1 12 2987 21 70 31
804 0 4 2991 4 12 6
805 1 2 2995 1 9 1
806 0 6 2998 6 18 9
807 1 2 3002 63 570 94
808 1 11 3006 1 6 1
809 0 4 3010 394 1714 591
810 0 1 3014 4 33 6
811 1 3 3017 1 4 1
812 0 1 3021 6743 76028 10114
813 1 5 3024 4 12 6
814 0 1 3028 1 11 1
815 1 2 3031 2138 22944 3207
816 0 2 3034 1 9 1
817 0 2 3038 67 609 100
818 0 1 3042 6812 76838 10218
819 0 2 3045 1 8 1
820 1 3 3049 25 85 37
821 0 1 3053 31 270 46
822 0 9 3056 50 183 75
823 1 1 3060 4902 54530 7353
824 0 27 3063 12 38 18
825 1 1 3068 1 11 1
826 1 2 3071 2 17 3
827 0 10 3074 5 15 7
828 0 8 3078 3 10 4
829 1 2 3082 4 33 6
830 0 23 3086 1 4 1
831 0 4 3091 4 12 6
832 0 1 3095 1 9 1
833 1 6 3098 1192 5624 1788
834 0 12 3102 8 24 12
835 0 2 3106 1 9 1
836 1 2 3109 1 10 1
837 1 6 3112 70281 426515 105421
838 0 9 3116 1 4 1
839 0 6 3120 78 297 117
840 1 2 3124 13821 160525 20731
841 0 2 3128 1 10 1
842 0 5 3131 52 191 78
843 1 6 3135 2848 14260 4272
844 0 8 3139 1 4 1
845 0 2 3143 5 40 7
846 1 2 3146 165 1570 247
847 1 1 3149 4 33 6
848 0 4 3152 2 7 3
849 0 2 3156 22 188 33
850 0 3 3159 1 6 1
851 1 2 3163 87 801 130
852 0 2 3167 1 9 1
853 1 4 3171 2 6 3
854 0 2 3175 2 17 3
855 0 2 3178 1 9 1
856 0 11 3181 600 2694 900
857 1 2 3185 173855 2227482 260782
858 1 5 3189 965 4485 1447
859 0 4 3193 10 31 15
860 1 4 3197 19 63 28
861 0 1 3201 1 10 1
862 1 5 3203 3 9 4
863 0 6 3207 1 5 1
864 1 1 3211 2053 21992 3079
865 0 4 3214 85 326 127
866 1 13 3218 18 59 27
867 1 3 3222 1 9 1
868 0 3 3226 294 1250 441
869 0 1 3230 1 8 1
870 1 1 3233 21 179 31
871 0 4 3236 1 3 1
872 1 2 3240 1 11 1
873 1 2 3244 3 25 4
874 0 1 3248 1 9 1
875 1 11 3251 15 48 22
876 0 1 3255 58 523 87
877 1 4 3258 4 12 6
878 1 6 3262 230 959 345
879 0 4 3266 2 7 3
880 1 2 3270 4839 53800 7258
881 0 5 3274 1 4 1
882 1 4 3278 8 24 12
883 1 8 3282 7 21 10
884 0 1 3286 202 1942 303
885 1 2 3289 1 9 1
886 1 10 3292 182 745 273
887 1 4 3296 18 59 27
888 0 2 3300 115 1075 172
889 0 1 3304 112 1045 168
890 1 10 3307 1935 9441 2902
891 0 6 3311 4 12 6
892 1 1 3315 850 8750 1275
893 1 4 3318 1 4 1
894 0 4 3322 16294 90997 24441
895 1 2 3326 1 10 1
896 1 16 3329 64 239 96
897 0 8 3333 2 7 3
898 0 6 3337 19 63 28
899 0 10 3341 2 6 3
900 0 6 3345 209 865 313
901 1 4 3349 59 219 88
902 1 1 3353 823 8460 1234
903 0 5 3356 1 4 1
904 0 1 3360 683 6961 1024
905 0 1 3363 1 9 1
906 0 10 3366 1 4 1
907 0 3 3370 1331309 18339071 1996963
908 0 6 3374 10 31 15
909 1 6 3378 39 139 58
910 1 5 3382 5 15 7
911 0 1 3386 1 9 1
912 1 2 3389 1 11 1
913 1 6 3393 424 1855 636
914 0 2 3397 1 10 1
915 1 2 3400 1 11 1
916 0 2 3404 1 9 1
917 1 1 3408 1 9 1
918 1 1 3411 222 2144 333
919 0 5 3413 1 3 1
920 0 2 3417 3 25 4
921 1 6 3421 4 12 6
922 1 1 3425 17 143 25
923 1 4 3428 1 4 1
924 0 3 3432 123 487 184
925 0 1 3436 1 9 1
926 0 2 3439 3 25 4
927 1 1 3442 1 9 1
928 0 3 3445 1 9 1
929 1 1 3449 1 10 1
930 1 2 3452 2 17 3
931 1 1 3456 275 2684 412
932 1 2 3459 1 11 1
933 0 3 3463 4 12 6
934 1 2 3467 249 2418 373
935 1 3 3471 337 1449 505
936 1 1 3475 1 9 1
937 0 2 3478 31 270 46
938 1 1 3482 9 72 13
939 1 1 3485 1 10 1
940 0 3 3488 1 4 1
941 0 1 3492 20 169 30
942 0 2 3495 26 224 39
943 1 1 3499 1 10 1
944 0 12 3502 257 1082 385
945 0 1 3506 1 10 1
946 1 4 3508 200 825 300
947 1 2 3512 1 10 1
948 1 4 3515 1 4 1
949 0 1 3519 1 9 1
950 0 12 3522 1 6 1
951 1 3 3526 126 1183 189
952 0 2 3530 22 188 33
953 0 1 3533 3 25 4
954 1 3 3536 43 155 64
955 1 14 3540 935 4336 1402
956 1 6 3544 1 4 1
957 1 11 3548 1 3 1
958 1 2 3552 1 10 1
959 0 10 3555 1 5 1
960 1 3 3559 387 1681 580
961 0 1 3563 1 9 1
962 1 2 3566 9257 105761 13885
963 0 2 3570 778 7976 1167
964 0 24 3574 1 4 1
965 0 1 3579 1415 14909 2122
966 0 3 3582 15 48 22
967 1 7 3586 203 838 304
968 0 1 3590 101 937 151
969 0 1 3593 1 8 1
970 1 11 3596 5642 29527 8463
971 0 3 3600 4 12 6
972 1 2 3604 18 152 27
973 1 1 3607 1 9 1
