0 1 1 5 104 967 156
1 1 6 8 15 49 22
2 0 4 17 1950 9519 2925
3 1 44 25 2719 13572 4078
4 0 1 37 13 107 19
5 1 2 41 1 9 1
6 0 2 48 5 40 7
7 1 2 55 11 90 16
8 1 43 62 1 5 1
9 0 2 74 1 9 1
10 1 2 81 1 10 1
11 0 14 88 3 9 4
12 1 7 98 1 4 1
13 0 1 107 1 10 1
14 1 4 112 119 470 178
15 1 3 120 1 4 1
16 0 8 127 293 1246 439
17 1 3 136 1 6 1
18 1 1 144 1 10 1
19 0 21 150 5194 27040 7791
20 1 4 161 1 4 1
21 1 5 169 37 131 55
22 0 2 177 1 10 1
23 0 5 184 1 5 1
24 0 3 192 1398 14721 2097
25 1 3 199 284 1204 426
26 1 4 207 1 3 1
27 0 2 215 2630 28481 3945
28 0 7 222 9 27 13
29 0 2 231 2 17 3
30 0 1 238 1 9 1
31 0 1 242 50 447 75
32 0 1 246 12 99 18
33 0 2 249 1761 18737 2641
34 0 1 256 59849 736614 89773
35 1 29 261 1 6 1
36 1 4 272 1 4 1
37 1 4 280 3045 15314 4567
38 0 2 288 347 3425 520
39 1 2 294 1 8 1
40 0 3 300 1 5 1
41 0 1 308 33 288 49
42 0 2 314 380 3767 570
43 1 21 321 8095 43333 12142
44 1 8 332 1 3 1
45 0 2 341 1 9 1
46 0 3 347 2 17 3
47 0 1 354 1 9 1
48 1 3 359 1 9 1
49 0 3 366 3769 19221 5653
50 0 4 373 28 97 42
51 0 2 381 5 40 7
52 0 1 387 54 485 81
53 0 4 392 39 139 58
54 1 1 400 2 17 3
55 1 9 403 1 4 1
56 0 5 412 65 243 97
57 1 2 420 18 152 27
58 1 2 427 1 10 1
59 0 2 434 1 10 1
60 1 6 440 1 3 1
61 1 6 449 278 1177 417
62 1 4 458 103 402 154
63 0 10 466 114 449 171
64 1 4 476 1 4 1
65 0 2 484 5 41 7
66 1 1 490 109 1016 163
67 1 4 493 91 351 136
68 1 1 501 2 17 3
69 1 1 506 27 233 40
70 0 1 512 32 279 48
71 0 1 515 1 10 1
72 0 4 519 2 6 3
73 0 9 527 1 6 1
74 0 1 536 7690 87183 11535
75 1 2 540 3 25 4
76 1 4 546 1 3 1
77 0 4 554 89 343 133
78 1 1 562 1137 11862 1705
79 0 27 566 11 34 16
80 0 5 577 6 18 9
81 0 1 585 109 1016 163
82 1 1 591 1 10 1
83 1 1 597 3676 40392 5514
84 1 10 603 1899 9253 2848
85 0 3 613 1409 6726 2113
86 0 22 620 1 3 1
87 1 1 631 451 4507 676
88 0 10 636 5 15 7
89 0 7 646 1 3 1
90 1 1 655 9516 108844 14274
91 1 1 661 1 11 1
92 1 7 667 459 2020 688
93 1 1 676 17138 200795 25707
94 1 2 681 1 9 1
95 1 6 688 1 6 1
96 1 3 697 4 12 6
97 1 4 704 480 2120 720
98 0 2 712 11 90 16
99 0 3 718 1 3 1
100 0 6 725 32 112 48
101 0 1 734 3 25 4
102 1 1 739 1 9 1
103 1 3 744 5 40 7
104 1 3 751 1 5 1
105 1 1 758 23956 284472 35934
106 0 4 762 1 5 1
107 0 2 770 1 10 1
108 1 2 776 1 11 1
109 1 2 782 33 288 49
110 0 10 788 2 6 3
111 0 11 798 12 38 18
112 0 5 808 3 9 4
113 0 1 816 11 90 16
114 1 5 822 151 608 226
115 0 1 830 1 9 1
116 1 3 834 40 143 60
117 1 16 842 1 4 1
118 1 2 852 6 48 9
119 0 3 859 3 10 4
120 0 34 867 1 3 1
121 0 1 878 89 821 133
122 0 2 880 4 32 6
123 0 2 887 2 17 3
124 0 3 893 1 4 1
125 0 3 900 16 52 24
126 0 3 908 493 2182 739
127 0 1 915 1 9 1
128 0 2 920 113 1055 169
129 1 14 927 21 70 31
130 1 1 937 11 90 16
131 1 5 941 1 3 1
132 1 10 949 1 4 1
133 1 3 959 3 9 4
134 0 3 966 1 4 1
135 0 2 974 7 56 10
136 1 4 981 257 1082 385
137 0 3 989 2 6 3
138 1 5 997 1 4 1
139 1 3 1005 1 9 1
140 1 15 1012 1 4 1
141 1 2 1022 3175 34667 4762
142 1 13 1028 674 3052 1011
143 0 1 1038 2984 32493 4476
144 0 13 1043 3 9 4
145 1 2 1053 1 12 1
146 0 2 1059 2 17 3
147 0 6 1065 1 3 1
148 1 2 1074 2 17 3
149 0 6 1081 1 3 1
150 1 4 1090 1 4 1
151 0 25 1098 17 55 25
152 0 5 1109 4267161 31697858 6400741
153 1 1 1118 98 908 147
154 0 4 1123 21 70 31
155 0 16 1131 606 2723 909
156 1 9 1141 1 4 1
157 1 2 1150 1 9 1
158 0 2 1157 818 8406 1227
159 1 5 1163 6771 35845 10156
160 0 1 1171 45 400 67
161 1 2 1176 1 9 1
162 1 2 1182 78 714 117
163 1 13 1189 983 4575 1474
164 1 11 1199 1 3 1
165 0 4 1209 1 3 1
166 1 1 1217 3 25 4
167 0 1 1222 14911 173720 22366
168 0 13 1227 1 5 1
169 0 3 1237 4 33 6
170 0 1 1244 1 9 1
171 1 4 1249 3782 19292 5673
172 0 5 1257 56 207 84
173 1 4 1265 9 27 13
174 1 4 1273 70 264 105
175 0 2 1281 18 152 27
176 0 39 1287 2198 10817 3297
177 0 7 1299 2 7 3
178 0 1 1308 3282 35886 4923
179 0 1 1313 1 10 1
180 1 2 1317 9 73 13
181 0 2 1324 1188 12418 1782
182 1 21 1330 14846 82453 22269
183 1 6 1341 1531 7351 2296
184 0 3 1350 512 2272 768
185 0 4 1357 5567 29110 8350
186 1 5 1365 4 12 6
187 0 8 1373 2 6 3
188 1 6 1382 1 5 1
189 0 8 1391 17 56 25
190 0 10 1400 1 4 1
191 0 2 1410 20 170 30
192 0 3 1417 8035 91261 12052
193 1 3 1424 4497 49842 6745
194 0 2 1431 1 11 1
195 1 1 1438 2 17 3
196 1 7 1443 3 9 4
197 0 5 1452 34 120 51
198 0 2 1460 132 1242 198
199 0 2 1467 377 3736 565
200 0 2 1473 2305 24818 3457
201 1 8 1479 4628 23917 6942
202 1 2 1488 21 179 31
203 1 1 1494 1 9 1
204 1 5 1500 84 322 126
205 1 7 1509 1 4 1
206 1 3 1518 3 10 4
207 0 2 1525 1 10 1
208 0 6 1531 1 3 1
209 0 3 1540 233 973 349
210 1 1 1547 7860 89192 11790
211 0 11 1550 10 31 15
212 0 1 1560 7 56 10
213 1 8 1564 3 10 4
214 1 1 1573 1 10 1
215 1 3 1575 65633 396821 98449
216 1 4 1583 1 4 1
217 0 2 1591 13 107 19
218 1 11 1597 1 5 1
219 1 12 1607 3 9 4
220 0 1 1617 5876 65869 8814
221 1 3 1621 14 116 21
222 0 1 1628 14 116 21
223 0 2 1632 1 9 1
224 0 1 1638 3 25 4
225 1 3 1644 10 31 15
226 1 2 1652 1 9 1
227 0 4 1658 4 13 6
228 0 3 1666 15 125 22
229 0 1 1673 5 40 7
230 1 2 1678 19 161 28
231 1 2 1685 365 3611 547
232 0 7 1692 1 4 1
233 0 1 1701 5 40 7
234 0 15 1706 26 89 39
235 0 7 1716 1 4 1
236 1 2 1725 3 25 4
237 0 2 1732 1 9 1
238 0 5 1738 40 143 60
239 1 13 1746 5864 30764 8796
240 0 4 1756 1 5 1
241 1 3 1764 710 7249 1065
242 1 10 1771 6566 34693 9849
243 1 2 1781 21106 249364 31659
244 1 2 1788 1 10 1
245 0 2 1795 1 9 1
246 1 5 1802 1976 9655 2964
247 0 3 1811 1 3 1
248 0 5 1818 28 97 42
249 1 1 1826 68 618 102
250 0 2 1831 1 8 1
251 1 1 1837 1 13 1
252 0 2 1843 14 116 21
253 0 2 1850 23 197 34
254 1 2 1857 1 9 1
255 0 10 1864 896 4143 1344
256 1 2 1874 1 12 1
257 1 7 1880 3200 16146 4800
258 0 3 1889 39 139 58
259 1 8 1897 86 330 129
260 1 4 1906 4 12 6
261 1 1 1914 11 90 16
262 0 17 1919 1 5 1
263 0 8 1929 1 4 1
264 0 2 1938 1 9 1
265 1 3 1944 1 9 1
266 0 3 1951 1 11 1
267 1 35 1958 124 491 186
268 0 3 1969 46 167 69
269 0 2 1976 1 11 1
270 1 11 1983 1 3 1
271 1 2 1993 1 9 1
272 0 1 2000 2 17 3
273 1 1 2005 1 10 1
274 0 5 2009 8 24 12
275 0 3 2017 90 347 135
276 0 19 2024 1 3 1
277 1 8 2035 6 18 9
278 1 2 2044 8 64 12
279 1 3 2050 1 10 1
280 0 8 2057 73 276 109
281 1 10 2066 1 4 1
282 1 2 2076 290 2838 435
283 0 13 2083 13 41 19
284 0 15 2093 1 4 1
285 0 2 2103 164 1560 246
286 1 10 2109 1 3 1
287 1 3 2119 5 15 7
288 0 1 2127 740 7569 1110
289 0 4 2131 637 2873 955
290 1 2 2139 2 17 3
291 1 1 2146 10091 115701 15136
292 1 11 2151 1 5 1
293 1 3 2161 35 124 52
294 0 2 2168 1 9 1
295 0 9 2174 1 4 1
296 1 4 2183 1 5 1
297 0 9 2191 1 6 1
298 0 2 2200 244 2368 366
299 1 2 2207 2 17 3
300 0 4 2213 17 56 25
301 1 2 2221 1 10 1
302 0 2 2228 1 9 1
303 0 2 2235 57 513 85
304 0 6 2242 1 3 1
305 1 4 2251 105 410 157
306 1 2 2259 1 11 1
307 1 4 2265 62 231 93
308 0 2 2273 1 12 1
309 0 1 2279 1 11 1
310 0 3 2284 1 3 1
311 0 3 2291 20 67 30
312 0 1 2298 1 9 1
313 1 9 2302 1 4 1
314 1 2 2311 12 99 18
315 0 1 2317 9231 105451 13846
316 1 4 2321 90 347 135
317 0 1 2329 900 9290 1350
318 0 3 2335 18 59 27
319 0 3 2343 2 17 3
320 1 2 2350 1 9 1
321 1 1 2356 2 17 3
322 1 1 2361 1552 16420 2328
323 0 6 2364 18 59 27
324 1 10 2373 1 4 1
325 1 1 2383 444 4434 666
326 0 4 2389 4171 21411 6256
327 0 4 2397 46 167 69
328 0 6 2405 1 3 1
329 1 5 2414 5 15 7
330 0 5 2422 1 4 1
331 1 2 2430 49 438 73
332 1 2 2437 2 17 3
333 1 5 2444 1 3 1
334 1 6 2452 93 360 139
335 0 15 2461 1 4 1
336 0 22 2471 51 187 76
337 1 2 2482 8 64 12
338 1 6 2488 19 63 28
339 0 6 2497 8 24 12
340 1 3 2506 1191 5619 1786
341 1 6 2514 1 5 1
342 0 3 2523 66 599 99
343 1 1 2530 11 90 16
344 0 19 2534 1 5 1
345 0 3 2545 1 5 1
346 0 3 2552 6 48 9
347 0 9 2559 1 3 1
348 0 2 2568 49 438 73
349 1 7 2574 92 356 138
350 1 1 2583 17 143 25
351 0 2 2588 2 17 3
352 0 6 2595 2 6 3
353 0 2 2604 144 1361 216
354 0 16 2610 1747 8464 2620
355 1 3 2620 19 63 28
356 1 9 2627 6 18 9
357 1 1 2636 1 9 1
358 1 23 2641 644 2907 966
359 0 43 2652 1 7 1
360 1 2 2664 1 10 1
361 1 2 2670 3 25 4
362 1 101 2676 3659 18624 5488
363 1 1 2689 393380 5192043 590070
364 0 2 2694 1 9 1
365 1 56 2700 2 7 3
366 0 1 2712 1 10 1
367 0 1 2717 14 116 21
368 0 3 2721 1147 5397 1720
369 1 2 2728 1 12 1
370 0 6 2734 75 285 112
371 1 2 2743 2 17 3
372 0 4 2750 1249 5912 1873
373 0 5 2758 1971 9628 2956
374 0 3 2766 85 326 127
375 0 3 2773 1 4 1
376 0 1 2780 20 170 30
377 0 4 2785 118 466 177
378 0 8 2793 6 18 9
379 0 25 2802 10 31 15
380 0 2 2813 3 25 4
381 1 7 2820 11 34 16
382 1 7 2829 1 3 1
383 0 2 2838 22 188 33
384 1 17 2844 595 2670 892
385 1 1 2854 1 10 1
386 1 6 2859 1 4 1
387 1 1 2868 1 11 1
388 1 5 2874 1 5 1
389 0 2 2882 24818 295123 37227
390 1 3 2889 34 120 51
391 1 3 2897 115 453 172
392 0 11 2904 2 6 3
393 1 2 2914 1 10 1
394 0 5 2920 17 56 25
395 1 6 2928 3 10 4
396 1 3 2937 49630 606444 74445
397 1 2 2944 1 10 1
398 1 2 2950 3 25 4
399 0 1 2956 1250 13097 1875
400 1 2 2962 13180 152784 19770
401 0 11 2968 1 5 1
402 0 8 2978 1 5 1
403 0 4 2987 366 1583 549
404 1 1 2995 25 215 37
405 0 2 3000 1 9 1
406 1 8 3007 1 4 1
407 1 1 3016 1 12 1
408 0 9 3020 155 626 232
409 0 9 3029 6 18 9
410 0 5 3038 34 120 51
411 0 2 3046 11 90 16
412 0 1 3052 24 206 36
413 1 7 3056 4 12 6
414 1 2 3065 8 64 12
415 0 2 3071 1 11 1
416 0 16 3078 1 5 1
417 1 4 3088 1 6 1
418 0 7 3096 8 24 12
419 0 2 3105 1 9 1
420 1 5 3111 16 52 24
421 0 10 3119 7 21 10
422 0 2 3129 207 1992 310
423 1 6 3135 6689 35384 10033
424 1 1 3144 1 9 1
425 1 3 3147 1 9 1
426 0 1 3154 15 125 22
427 0 2 3157 1 10 1
428 1 2 3164 179 1710 268
429 1 3 3171 1 4 1
430 0 1 3179 2 17 3
431 1 2 3183 3890 42848 5835
432 0 3 3190 2422 11997 3633
433 0 3 3198 56 207 84
434 1 1 3206 37 325 55
435 1 1 3210 1 10 1
436 0 6 3214 2282 11258 3423
437 1 22 3223 1 4 1
438 0 3 3234 1 4 1
439 1 16 3241 1 4 1
440 1 2 3251 11 90 16
441 1 1 3257 9 73 13
442 1 2 3262 41 363 61
443 1 10 3268 38 135 57
444 1 4 3278 5 15 7
445 0 1 3286 1 9 1
446 1 1 3291 30 261 45
447 0 2 3296 1 9 1
448 1 3 3303 1 4 1
449 0 15 3310 1 4 1
450 0 3 3320 34 297 51
451 1 3 3327 1 4 1
452 1 8 3334 819 3762 1228
453 0 3 3343 119 470 178
454 0 3 3351 2 17 3
455 1 3 3358 1 10 1
456 1 8 3365 1 5 1
457 1 4 3374 2 6 3
458 1 1 3382 45 400 67
459 1 13 3386 22 74 33
460 1 1 3396 69 628 103
461 1 1 3401 4 33 6
462 1 1 3406 1 10 1
463 1 1 3411 1 10 1
464 0 8 3416 229 955 343
465 1 2 3425 219 2113 328
466 1 3 3432 2 17 3
467 0 3 3439 1 4 1
468 0 1 3447 1 10 1
469 1 6 3452 3 10 4
470 0 2 3461 91 840 136
471 1 2 3467 230 2225 345
472 1 2 3473 12 99 18
473 1 6 3479 2886 14463 4329
474 1 2 3488 1489 15724 2233
475 1 1 3494 1 10 1
476 0 7 3499 16 52 24
477 0 1 3508 1 11 1
478 0 16 3513 10 31 15
479 0 2 3523 5 40 7
480 0 10 3529 13 41 19
481 1 2 3539 4 33 6
482 1 2 3545 2 17 3
483 0 4 3551 281 1191 421
484 0 4 3559 11961 65574 17941
485 0 5 3567 1 6 1
486 1 3 3575 1 4 1
487 0 3 3582 5860 65682 8790
488 1 2 3589 730 7462 1095
489 0 1 3595 1 10 1
490 1 4 3600 46928 278517 70392
491 1 1 3608 1 11 1
