0 0 5 5 6 48 9
1 1 1 9 2 17 3
2 1 1 10 2 17 3
3 0 9 11 20 67 30
4 1 28 16 1 4 1
5 0 2 22 63 570 94
6 0 3 25 15 125 22
7 0 23 29 1 4 1
8 0 8 34 1 3 1
9 1 1 39 2 17 3
10 1 8 42 1 3 1
11 0 8 47 24 82 36
12 0 1 52 43 381 64
13 1 13 54 91 351 136
14 0 7 59 14 45 21
15 1 2 63 2 17 3
16 0 3 66 66 599 99
17 1 6 70 1 4 1
18 1 8 74 1 4 1
19 0 6 79 2 17 3
20 0 10 83 26 89 39
21 0 2 88 1 10 1
22 0 2 91 11 90 16
23 0 1 94 7 56 10
24 1 2 97 5494 61412 8241
25 1 11 100 9 27 13
26 0 2 105 2 17 3
27 1 7 108 26 89 39
28 0 6 112 14 45 21
29 0 4 116 36652 442607 54978
30 1 2 120 1 9 1
31 0 8 123 19 63 28
32 1 1 128 9 72 13
33 1 6 130 6 48 9
34 0 1 134 3 25 4
35 0 3 135 758 7762 1137
36 0 1 139 4 33 6
37 0 3 142 1 9 1
38 0 7 146 1 3 1
39 1 1 151 1 9 1
40 0 3 154 4 33 6
41 1 2 158 150 1421 225
42 1 11 161 1 4 1
43 1 2 166 36 316 54
44 1 1 169 3007 32755 4510
45 1 7 171 1 5 1
46 1 3 176 125 1173 187
47 0 1 180 986 10220 1479
48 1 4 183 1 9 1
49 1 14 187 1 4 1
50 0 5 192 139 1311 208
51 0 7 196 1 5 1
52 1 11 200 1 4 1
53 1 77 205 6 18 9
54 0 7 211 8 24 12
55 1 10 215 13 41 19
56 0 1 220 108 1006 162
57 0 10 223 7 21 10
58 0 1 228 2 17 3
59 0 13 230 19 63 28
60 1 3 235 1169 12211 1753
61 1 1 239 1 9 1
62 0 8 241 10 31 15
63 1 2 246 1 9 1
64 1 2 249 1 10 1
65 1 3 252 1 12 1
66 0 1 256 1 11 1
67 1 1 259 8 64 12
68 1 1 261 1 9 1
69 1 1 263 124 1163 186
70 0 2 266 163 1550 244
71 1 1 269 3 25 4
72 1 2 272 1 11 1
73 0 16 275 436 1912 654
74 1 1 280 3181 34735 4771
75 0 8 283 53 195 79
76 0 4 288 1 11 1
77 1 5 292 11 90 16
78 1 9 296 1 4 1
79 1 1 301 10 81 15
80 1 2 303 5 41 7
81 0 1 306 121 1133 181
82 1 2 308 163 1550 244
83 1 5 311 1 12 1
84 0 9 315 21 70 31
85 1 13 320 3 9 4
86 1 10 325 1 6 1
87 1 3 330 4245 46933 6367
88 1 2 334 783 8030 1174
89 0 1 337 95402 1195237 143103
90 0 1 338 71 647 106
91 1 3 340 11 90 16
92 0 10 344 1 3 1
93 1 2 349 1 11 1
94 1 2 352 1 11 1
95 1 4 355 3 25 4
96 0 2 359 6 48 9
97 0 15 362 265 1118 397
98 0 1 367 2 17 3
99 0 1 369 1 11 1
100 0 3 371 2 17 3
101 0 4 375 114 1065 171
102 0 5 379 1 10 1
103 0 3 383 50 447 75
104 0 6 387 564 5696 846
105 1 2 391 1 13 1
106 0 1 394 1 9 1
107 0 4 396 1 9 1
108 0 4 400 10110 115928 15165
109 1 2 404 1 10 1
110 0 15 407 20 67 30
111 0 1 412 41 363 61
112 1 2 413 35 307 52
113 1 2 416 1 9 1
114 0 5 419 1 10 1
115 0 3 423 1 8 1
116 1 8 427 145 582 217
117 0 3 432 1 10 1
118 0 3 436 1 12 1
119 0 1 440 244727 3175096 367090
120 0 3 442 1 10 1
121 1 4 445 1 9 1
122 1 1 449 1 9 1
123 0 7 451 3 9 4
124 0 2 455 3 25 4
125 1 35 458 1 4 1
126 1 3 464 3 25 4
127 0 3 468 338 3332 507
128 1 3 472 1 9 1
129 1 2 475 3618 39727 5427
130 0 1 478 18 152 27
131 0 2 480 11 90 16
132 1 3 483 2 17 3
133 0 4 487 1 9 1
134 1 4 491 6 48 9
135 0 3 495 6 48 9
136 1 3 499 3 25 4
137 0 1 503 1 9 1
138 1 38 505 1 6 1
139 1 11 511 6 18 9
140 1 3 516 656 6673 984
141 0 5 520 86 792 129
142 1 1 524 9 73 13
143 1 1 526 1 10 1
144 1 5 528 48 428 72
145 0 1 532 28234 337466 42351
146 0 6 534 2 17 3
147 0 2 538 109 1015 163
148 1 3 541 3693 40587 5539
149 0 3 545 1810 19281 2715
150 0 5 549 1 11 1
151 0 5 553 41 363 61
152 0 1 557 53953 661400 80929
153 0 2 558 2 17 3
154 0 2 561 1 8 1
155 0 3 564 2218 23841 3327
156 0 2 568 1484 15669 2226
157 1 1 571 5 40 7
158 1 2 573 92 850 138
159 0 8 576 5 15 7
160 1 6 581 240 2327 360
161 0 4 585 1 9 1
162 1 2 589 1 9 1
163 1 6 592 1 11 1
164 1 3 596 8472 96437 12708
165 0 3 600 5214 58154 7821
166 0 6 604 12 99 18
167 1 4 608 1 9 1
168 0 32 612 1 4 1
169 0 5 618 4 33 6
170 0 12 622 12 38 18
171 1 4 627 1 10 1
172 0 4 631 17208 201648 25812
173 1 9 635 1 6 1
174 0 3 640 374 3705 561
175 0 1 644 237 2296 355
176 1 4 646 1592 16862 2388
177 1 2 650 1 10 1
178 1 2 653 801540 10849018 1202310
179 1 1 656 4 33 6
180 1 1 658 1 9 1
181 1 2 660 18 152 27
182 0 4 663 1 11 1
183 0 8 667 56 207 84
184 0 9 672 439 1926 658
185 0 7 677 1 4 1
186 1 4 681 14 116 21
187 0 11 685 1 3 1
188 1 4 690 2 17 3
189 1 3 694 3 25 4
190 0 1 698 20 170 30
191 1 2 701 147 1391 220
192 1 3 704 1 10 1
193 1 7 708 15 48 22
194 0 3 713 88 811 132
195 1 2 717 7 56 10
196 1 5 720 67 609 100
197 1 1 724 37 325 55
198 1 2 726 1324 13908 1986
199 1 2 729 203 1952 304
200 0 6 732 1 10 1
201 1 1 736 70 637 105
202 0 4 737 591 5982 886
203 1 3 741 1 9 1
204 0 7 745 1 4 1
205 1 10 749 22694 129229 34041
206 1 2 754 15 125 22
207 0 3 757 2 17 3
208 0 6 761 1 9 1
209 0 1 765 121 1133 181
210 1 4 766 65 589 97
211 1 1 770 60 542 90
212 1 1 773 1 11 1
213 0 3 776 55 495 82
214 0 1 780 1 10 1
215 1 3 782 430 4288 645
216 0 1 786 195655 2517723 293482
217 1 5 789 2 17 3
218 1 3 793 1 10 1
219 0 4 797 1 9 1
220 0 2 801 1866 19905 2799
221 1 2 804 861 8869 1291
222 1 2 807 2488 26878 3732
223 0 12 810 214 888 321
224 1 12 815 1 4 1
225 1 3 820 3623 39784 5434
226 1 2 824 1 9 1
227 1 9 827 1 4 1
228 0 3 832 6 48 9
229 1 3 836 24 206 36
230 1 2 840 1 9 1
231 0 2 843 1 9 1
232 0 2 846 1 11 1
233 0 4 849 2 17 3
234 1 2 853 28 242 42
235 1 3 856 11 90 16
236 0 1 860 1 9 1
237 1 1 862 3535 38777 5302
238 1 1 864 1 9 1
239 0 1 866 17 143 25
240 1 11 868 26 89 39
241 1 2 873 1 9 1
242 0 4 876 3376 36959 5064
243 1 3 880 12 99 18
244 1 2 883 53 475 79
245 0 5 886 2 17 3
246 0 1 890 1 9 1
247 1 1 891 305 2991 457
248 1 2 893 1 8 1
249 1 12 896 68 256 102
250 0 11 901 22 74 33
251 0 5 906 8003 90883 12004
252 0 2 910 146261 1861983 219391
253 0 1 913 1 9 1
254 1 6 915 14 45 21
255 0 3 919 3125 34097 4687
256 1 1 923 306 3002 459
257 0 3 925 48 428 72
258 1 1 929 1 10 1
259 1 6 931 1 11 1
260 1 1 935 150 1421 225
261 1 37 937 25430 145767 38145
262 1 7 943 4 12 6
263 0 12 948 1 4 1
264 0 1 953 1 8 1
265 0 11 956 1 4 1
266 0 1 961 1 9 1
267 1 1 964 1 9 1
268 0 2 967 13 107 19
269 0 2 970 1 9 1
270 0 6 973 2 17 3
271 0 2 977 337 3321 505
272 0 1 980 12 99 18
273 0 4 983 32660 392618 48990
274 1 3 987 56 504 84
275 1 2 991 1 13 1
276 0 2 994 1 9 1
277 1 12 997 13 41 19
278 0 6 1002 1 10 1
279 0 2 1006 1 13 1
280 0 2 1009 43 381 64
281 0 36 1012 33 116 49
282 0 1 1018 1 10 1
283 1 1 1021 4 33 6
284 1 4 1024 9 73 13
285 1 3 1028 1 12 1
286 1 5 1031 912 9419 1368
287 0 2 1035 1 11 1
288 0 2 1038 1 9 1
289 1 3 1041 5807 65063 8710
290 1 5 1045 1 12 1
291 1 4 1049 1 9 1
292 0 2 1053 1 10 1
293 0 2 1056 22 188 33
294 1 2 1059 6 48 9
295 1 2 1062 1 8 1
296 1 4 1065 61 551 91
297 0 2 1069 1 8 1
298 0 5 1072 1 9 1
299 1 5 1076 1 9 1
300 0 1 1080 1 9 1
301 1 11 1082 23 78 34
302 0 3 1087 1 8 1
303 1 1 1091 9 72 13
304 1 6 1093 6 48 9
305 0 1 1097 4977 55401 7465
306 1 6 1099 20 67 30
307 1 5 1103 2693 29194 4039
308 1 5 1107 1588 16818 2382
309 1 3 1111 1 8 1
310 0 1 1115 1 9 1
311 0 17 1117 20 67 30
312 1 10 1122 68 256 102
313 0 15 1127 37 131 55
314 1 1 1132 2 17 3
315 1 19 1135 406 1770 609
316 1 1 1140 2 17 3
317 0 2 1142 93 859 139
318 0 3 1145 5 41 7
319 1 2 1149 1 13 1
320 0 12 1152 7 21 10
321 0 2 1157 15474 180551 23211
322 0 2 1160 1 10 1
323 0 9 1163 124 491 186
324 1 15 1168 1 4 1
325 1 1 1173 1 10 1
326 0 1 1175 30 260 45
327 0 3 1178 42 372 63
328 0 1 1182 6 48 9
329 0 6 1185 1 9 1
330 1 9 1189 1 4 1
331 1 8 1194 19 63 28
332 0 5 1199 1 10 1
333 1 2 1203 71 647 106
334 0 1 1206 2 17 3
335 0 6 1208 1 9 1
336 0 6 1212 3141 34280 4711
337 1 1 1216 102 947 153
338 0 3 1219 1 9 1
339 1 2 1223 85 782 127
340 0 2 1226 23 197 34
341 1 3 1229 11 90 16
342 0 3 1233 1 8 1
343 0 1 1237 1169 12211 1753
344 0 7 1240 1 4 1
345 0 1 1244 33 288 49
346 0 1 1246 3 25 4
347 0 2 1249 308 3022 462
348 0 4 1252 1 9 1
349 0 4 1256 81 743 121
350 1 2 1260 2363 25471 3544
351 1 2 1263 3 25 4
352 0 3 1266 7 56 10
353 1 11 1270 1 4 1
354 1 4 1275 115 1074 172
355 1 7 1279 8479 45518 12718
356 1 6 1283 1 9 1
357 1 7 1287 1 3 1
358 1 2 1291 346 3414 519
359 1 13 1294 5118 26620 7677
360 1 4 1299 1323 13897 1984
361 0 1 1303 1 9 1
362 1 9 1305 9 27 13
363 1 1 1310 4 33 6
364 0 47 1313 39 139 58
365 1 2 1319 112 1045 168
366 0 1 1322 3 25 4
367 0 1 1325 62 561 93
368 0 3 1327 4 33 6
369 1 2 1331 32 279 48
370 0 1 1334 1 9 1
371 0 2 1335 19 161 28
372 0 3 1338 1 9 1
373 1 3 1342 9 72 13
374 0 13 1346 116 457 174
375 0 2 1351 399 3964 598
376 0 3 1354 1 11 1
377 0 3 1358 8 64 12
378 0 1 1362 829 8524 1243
379 1 1 1365 138 1301 207
380 1 4 1368 1 10 1
381 1 1 1372 6 48 9
382 1 8 1374 16 52 24
383 1 3 1379 1 10 1
384 1 3 1383 1394 14677 2091
385 0 4 1387 4 33 6
386 0 2 1391 4 33 6
387 0 4 1394 2578 27894 3867
388 1 3 1398 14 116 21
389 1 2 1402 166 1580 249
390 1 17 1405 56 207 84
391 0 1 1410 2 17 3
392 0 4 1412 126 1183 189
393 0 3 1416 1 10 1
394 1 6 1420 1 10 1
395 0 2 1424 1 9 1
396 1 3 1427 4354 48190 6531
397 0 19 1431 1 6 1
398 1 1 1436 5 40 7
399 1 6 1439 1 10 1
400 0 5 1443 3 25 4
401 0 5 1447 65 589 97
402 1 10 1451 1 3 1
403 0 2 1456 1 10 1
404 0 6 1459 1 10 1
405 0 1 1463 9 73 13
406 1 19 1464 17 56 25
407 0 2 1469 2 17 3
408 0 3 1472 1 10 1
409 0 1 1476 16 134 24
410 0 2 1479 32 279 48
411 1 1 1482 1862 19860 2793
412 1 1 1485 51 457 76
413 1 4 1488 113 1055 169
414 0 11 1492 33 116 49
415 0 2 1497 1 10 1
416 0 1 1500 1 11 1
417 0 2 1503 10 81 15
418 1 4 1506 2 17 3
419 0 1 1510 2 17 3
420 0 5 1513 1 12 1
421 1 1 1517 5 41 7
422 1 3 1520 27230 325000 40845
423 1 3 1524 1 11 1
424 1 3 1528 154 1460 231
425 1 2 1532 225 2174 337
426 0 6 1535 1 10 1
427 0 2 1539 20 170 30
428 1 4 1542 1 10 1
429 1 4 1546 402 3996 603
430 0 1 1550 210 2022 315
431 1 1 1553 1 11 1
432 1 3 1556 3 25 4
433 1 15 1560 1 4 1
434 0 10 1565 1 4 1
435 0 2 1570 127 1193 190
436 0 6 1573 6 48 9
437 0 2 1577 2 17 3
438 0 5 1580 575 5813 862
439 0 8 1584 1 3 1
440 1 1 1589 8 64 12
441 1 1 1591 1 9 1
442 1 2 1593 3502 38399 5253
443 0 2 1596 6 48 9
444 1 13 1599 6 18 9
445 0 1 1604 1 9 1
446 0 6 1607 1 5 1
447 1 2 1611 1 10 1
448 0 1 1614 138 1302 207
449 1 2 1616 66557 822519 99835
450 0 18 1619 2 6 3
451 1 2 1624 1 9 1
452 1 4 1627 59 532 88
453 1 1 1631 408 4058 612
454 0 8 1634 488657 3279276 732985
455 0 2 1639 1 9 1
456 1 4 1642 1 9 1
457 1 1 1646 1 12 1
458 0 14 1648 145 582 217
459 0 1 1653 2 17 3
460 1 6 1656 9 27 13
461 1 1 1660 49 437 73
462 1 6 1663 1 10 1
463 0 13 1667 5 15 7
464 1 1 1672 1 9 1
465 1 9 1674 1 4 1
466 0 1 1679 1 10 1
467 1 3 1682 105 977 157
468 1 3 1686 2 17 3
469 0 10 1690 1 4 1
470 0 2 1695 6 48 9
471 1 2 1698 3 25 4
472 1 7 1701 1 5 1
473 0 5 1706 453 4528 679
474 1 19 1710 1 4 1
475 1 5 1715 4 32 6
476 1 2 1719 3 25 4
477 0 2 1722 4006 44181 6009
478 1 1 1725 1 9 1
479 0 4 1728 19 161 28
480 0 2 1732 89 820 133
481 0 21 1735 53 195 79
482 1 2 1740 2068072 28919006 3102108
483 0 1 1743 2 17 3
484 0 4 1746 182 1740 273
485 1 1 1750 1 9 1
486 1 4 1752 1 10 1
487 1 1 1756 742 7591 1113
488 1 11 1758 1 3 1
489 1 2 1763 1 9 1
490 0 18 1766 1 3 1
491 0 1 1771 3 25 4
492 1 17 1774 1 5 1
493 1 3 1779 15 125 22
494 1 2 1783 6 48 9
495 1 1 1786 49773 608259 74659
496 1 6 1789 1 10 1
497 1 3 1793 6 48 9
498 0 1 1797 1 9 1
499 1 2 1800 15 125 22
500 0 8 1803 1 4 1
501 1 3 1808 335 3301 502
502 0 23 1812 48 175 72
503 0 23 1817 221 919 331
504 1 2 1822 1 9 1
505 1 7 1825 1 3 1
506 1 1 1830 2 17 3
507 1 3 1833 1099809 15050731 1649713
508 0 3 1837 62251 767336 93376
509 1 1 1841 4 33 6
510 1 2 1844 1 11 1
511 1 1 1847 24 206 36
512 1 1 1849 3 25 4
513 1 6 1852 138 1301 207
514 0 12 1856 1 3 1
515 0 1 1861 2580 27917 3870
516 1 2 1863 31 270 46
517 0 5 1866 18 152 27
518 0 6 1870 1 9 1
519 0 4 1874 242 2347 363
520 1 3 1878 1 10 1
521 0 3 1881 92221 1153905 138331
522 0 3 1885 1 11 1
523 1 7 1889 3 10 4
524 0 5 1893 569 5749 853
525 0 1 1897 7 56 10
526 0 4 1899 1076 11197 1614
527 0 5 1903 2 17 3
528 1 8 1907 103 402 154
529 0 3 1912 398 3954 597
530 0 2 1916 2 17 3
531 0 11 1919 1 3 1
532 1 1 1924 1 10 1
533 0 7 1926 119 470 178
534 1 92 1930 15 48 22
535 1 15 1936 11 34 16
536 1 7 1941 1 5 1
537 1 2 1946 185 1770 277
538 1 2 1949 2 17 3
539 0 1 1952 83 762 124
540 0 2 1955 1 9 1
541 1 1 1958 19 161 28
542 1 1 1961 1 9 1
543 1 17 1963 8 24 12
544 1 2 1968 1 8 1
545 1 6 1971 338 3331 507
546 0 5 1975 3571 39189 5356
547 0 3 1979 4 32 6
548 0 7 1983 13 41 19
549 0 7 1988 23 78 34
550 1 1 1992 1 10 1
551 1 10 1994 1 3 1
552 1 4 1999 1 10 1
553 0 3 2003 26 224 39
554 0 2 2007 1 12 1
555 0 3 2010 2 17 3
556 0 1 2014 2430 26225 3645
557 1 8 2016 261 1100 391
558 1 2 2021 37 325 55
559 1 1 2024 36 316 54
560 1 7 2027 2369 11717 3553
561 1 2 2032 6 48 9
562 0 5 2035 1 9 1
563 1 2 2039 2153 23112 3229
564 1 2 2042 2327 25066 3490
565 0 4 2045 2 17 3
566 1 1 2049 88 811 132
567 1 13 2051 1 3 1
568 0 4 2056 64 580 96
569 1 11 2060 117 462 175
570 1 6 2065 1 8 1
571 1 2 2069 9 72 13
572 0 3 2072 1 9 1
573 1 30 2076 8663 46568 12994
574 1 1 2082 1 9 1
575 1 4 2085 1 8 1
576 1 22 2089 12 38 18
577 0 1 2094 11 90 16
578 0 3 2097 5 40 7
579 0 17 2101 22 74 33
580 0 1 2106 2 17 3
581 1 3 2109 1 10 1
582 0 3 2113 1 9 1
583 0 13 2117 3 10 4
584 1 1 2122 6 48 9
585 1 1 2124 1 12 1
586 1 4 2126 1 9 1
587 0 3 2130 30661 367671 45991
588 1 10 2134 1 4 1
589 0 1 2139 1 9 1
590 1 3 2142 212 2043 318
591 1 2 2146 2 17 3
592 0 4 2149 274 2674 411
593 1 10 2153 85 326 127
594 1 2 2158 3 25 4
595 1 1 2161 1 10 1
596 0 2 2164 1 9 1
597 1 3 2167 2 17 3
598 0 7 2171 52 191 78
599 0 1 2175 20 170 30
600 1 3 2177 4 33 6
601 1 4 2181 1 9 1
602 0 1 2185 120 1123 180
603 0 4 2187 5 40 7
604 0 2 2191 873 8998 1309
605 1 1 2194 33 288 49
606 1 15 2196 1 4 1
607 0 1 2201 86 792 129
608 0 8 2203 1 5 1
609 1 3 2208 7178 81144 10767
610 1 5 2212 308 3022 462
611 1 6 2216 11 90 16
612 0 6 2220 1 10 1
613 1 2 2224 2 17 3
614 0 4 2227 1 9 1
615 0 1 2231 11 90 16
616 0 4 2232 3520 38605 5280
617 0 7 2236 2633 13115 3949
618 0 3 2241 2 17 3
619 0 29 2245 1 3 1
620 1 4 2251 5882 65940 8823
621 0 2 2255 1 11 1
622 0 8 2258 52 191 78
623 0 3 2263 1 9 1
624 0 3 2267 28 242 42
625 0 1 2271 3 25 4
626 0 10 2274 312 1333 468
627 0 2 2279 177 1690 265
628 1 23 2282 1 3 1
629 0 4 2287 1 9 1
630 0 1 2291 24 206 36
631 0 1 2294 1 9 1
632 1 2 2297 1 10 1
633 0 3 2300 1 8 1
634 1 1 2304 1 10 1
635 1 2 2306 5 41 7
636 0 6 2309 1 10 1
637 0 21 2313 69 260 103
638 1 1 2318 1 11 1
639 0 5 2321 55 494 82
640 0 4 2325 5 41 7
641 1 2 2329 21891 259017 32836
642 1 6 2332 2 17 3
643 1 7 2336 1 3 1
644 1 10 2340 1 4 1
645 1 5 2345 78 714 117
646 0 5 2349 436 4350 654
647 0 3 2353 1 8 1
648 0 3 2357 1 9 1
649 1 2 2361 520 5232 780
650 1 1 2364 881 9085 1321
651 0 2 2366 1 10 1
652 1 9 2369 1 5 1
653 0 3 2374 3 25 4
654 1 1 2378 6 48 9
655 0 2 2380 1 9 1
656 1 6 2383 2 6 3
657 1 1 2387 1 11 1
658 0 12 2389 496 2196 744
659 1 2 2394 48 428 72
660 0 5 2397 970 10047 1455
661 1 15 2401 56 207 84
662 0 5 2406 1 9 1
663 0 2 2410 1 10 1
664 0 2 2413 1 11 1
665 1 1 2416 1802 19192 2703
666 1 7 2419 1 3 1
667 0 6 2423 170 1620 255
668 1 3 2427 241 2337 361
669 1 2 2431 1208 12637 1812
670 0 2 2434 1 12 1
671 1 3 2437 70 637 105
672 0 5 2441 3 25 4
673 1 2 2445 1 10 1
674 1 4 2448 7 56 10
675 1 1 2452 38 335 57
676 1 3 2454 1 9 1
677 1 1 2458 81 743 121
678 1 1 2461 1 8 1
679 0 2 2463 1 11 1
680 1 5 2466 5 40 7
681 0 1 2470 1 13 1
682 0 9 2473 1 3 1
683 0 1 2478 20 169 30
684 1 3 2480 1 10 1
685 0 2 2484 2 17 3
686 1 5 2487 2 17 3
687 1 3 2491 3 25 4
688 0 1 2495 8 64 12
689 1 3 2497 1 9 1
690 1 14 2501 4538 23422 6807
691 0 2 2506 2 17 3
692 1 1 2509 117 1094 175
693 1 3 2512 1 9 1
694 1 2 2516 15145 176558 22717
695 0 1 2519 4 32 6
696 0 4 2522 8142 92527 12213
697 1 10 2526 1 3 1
698 0 6 2531 78 714 117
699 1 2 2535 59 532 88
700 1 1 2538 1 9 1
701 1 2 2540 90 830 135
702 1 5 2543 4 33 6
703 0 2 2547 265 2582 397
704 0 5 2550 5 41 7
705 0 1 2554 1 11 1
706 0 9 2556 6 18 9
707 0 2 2561 1652 17527 2478
708 0 13 2564 1 4 1
709 1 3 2569 405 4027 607
710 0 4 2573 1 9 1
711 0 1 2577 6 48 9
712 0 58 2580 96 372 144
713 0 1 2586 1 9 1
714 0 1 2588 39 344 58
715 0 3 2591 1 8 1
716 1 2 2595 2 17 3
717 0 1 2598 1 12 1
718 0 6 2600 98 381 147
719 0 4 2604 30 261 45
720 0 6 2608 3 25 4
721 0 2 2612 1 9 1
722 1 4 2615 2 17 3
723 1 3 2619 1528 16155 2292
724 0 2 2623 2 17 3
725 1 2 2626 28 242 42
726 1 1 2629 1 11 1
727 0 1 2632 53 475 79
728 0 1 2635 1 9 1
729 1 3 2638 66 599 99
730 1 4 2642 34 298 51
731 1 2 2646 12 99 18
732 1 1 2649 1 9 1
733 0 3 2652 600 6078 900
734 1 1 2656 4 32 6
735 1 6 2659 1 9 1
736 1 2 2663 337 3321 505
737 1 1 2666 1 10 1
738 1 20 2669 167566 1065118 251349
739 1 2 2674 1 13 1
740 1 2 2677 2 17 3
741 1 43 2680 30 104 45
742 1 5 2686 3 25 4
743 0 1 2690 3554 38994 5331
744 1 3 2691 253 2459 379
745 0 2 2695 2 17 3
746 0 11 2698 1 4 1
747 0 1 2703 1 11 1
748 0 7 2705 1 4 1
749 0 6 2710 1 13 1
750 1 1 2714 1 10 1
751 0 1 2716 699 7131 1048
752 0 4 2719 1 11 1
753 1 1 2723 3 25 4
754 0 3 2725 8458 96271 12687
755 1 6 2729 18 152 27
756 1 1 2733 295 2889 442
757 0 10 2736 1 4 1
758 1 10 2741 327944 2157458 491916
759 0 4 2746 9 73 13
760 0 3 2750 22 188 33
761 0 4 2754 11 90 16
762 1 3 2758 49 438 73
763 1 2 2762 17 143 25
764 0 5 2765 25 215 37
765 1 4 2769 22703 269016 34054
766 0 1 2773 1 10 1
767 1 4 2775 4 33 6
768 1 1 2779 6 48 9
769 1 2 2782 1 8 1
770 0 3 2785 15 125 22
771 1 6 2789 1 4 1
772 1 9 2793 1 4 1
773 0 4 2798 319 3136 478
774 0 1 2802 14 116 21
775 0 2 2804 282 2755 423
776 0 3 2807 1 11 1
777 1 11 2811 2 7 3
778 1 1 2816 1 9 1
779 0 3 2818 1 9 1
780 0 1 2822 15 125 22
781 1 2 2825 1 10 1
782 1 6 2828 6 18 9
783 0 2 2832 1 10 1
784 0 3 2835 1 9 1
785 1 2 2839 1 9 1
786 0 15 2842 1 4 1
787 1 116 2847 76 289 114
788 0 1 2853 20 170 30
789 1 2 2855 775 7945 1162
790 1 1 2858 5 40 7
791 1 1 2860 39 344 58
792 0 2 2863 8629 98299 12943
793 0 19 2866 2587 12871 3880
794 0 7 2871 102 398 153
795 0 3 2875 1 10 1
796 1 11 2879 1 4 1
797 1 2 2884 1 9 1
798 0 2 2887 206 1982 309
799 0 2 2890 7048 79614 10572
800 0 5 2893 2575 27860 3862
801 0 8 2897 2 7 3
802 0 2 2902 1 11 1
803 1 3 2905 434 4329 651
804 0 16 2909 166 674 249
805 1 1 2914 1 9 1
806 1 1 2916 1 10 1
807 0 7 2919 3 9 4
808 0 2 2924 150 1420 225
809 0 1 2927 873 8998 1309
810 1 1 2928 107 996 160
811 1 6 2930 59 532 88
812 0 1 2934 1 10 1
813 0 2 2937 1 9 1
814 1 6 2940 367 3632 550
815 0 6 2944 53 475 79
816 0 2 2948 2 17 3
817 1 10 2951 37 131 55
818 1 6 2956 22712 129337 34068
819 1 4 2960 6806 76768 10209
820 1 8 2964 174 710 261
821 1 3 2969 1 9 1
822 1 6 2973 11 90 16
823 1 2 2977 2 17 3
824 1 5 2980 368 3642 552
825 1 2 2984 1 11 1
826 0 3 2987 23 197 34
827 0 2 2991 1 8 1
828 0 5 2994 730 7462 1095
829 1 9 2998 4 12 6
830 1 7 3003 2 7 3
831 0 2 3007 1 10 1
832 1 1 3010 58 523 87
833 1 4 3013 1 9 1
834 1 1 3017 19 161 28
835 1 1 3019 631 6407 946
836 0 5 3020 4 33 6
837 0 2 3024 65 590 97
838 1 1 3027 6 48 9
839 1 1 3029 1 11 1
840 0 2 3031 3 25 4
841 1 4 3034 14 116 21
842 1 5 3038 48 428 72
843 0 3 3042 1911 20406 2866
844 0 3 3046 3 25 4
845 0 15 3050 620 2791 930
846 0 3 3055 2 17 3
847 1 4 3059 1189 12430 1783
848 1 43 3063 1 3 1
849 0 1 3069 1 9 1
850 1 1 3071 670 6822 1005
851 1 2 3074 1 9 1
852 0 1 3077 3262 35658 4893
853 1 2 3080 307 3012 460
854 1 4 3083 1 10 1
855 1 5 3087 11055 127231 16582
856 0 46 3091 1 4 1
857 0 4 3097 218 2104 327
858 0 4 3101 2 17 3
859 1 2 3105 103 957 154
860 1 10 3108 322 1379 483
861 0 14 3113 1 4 1
862 1 5 3118 2 17 3
863 0 1 3122 1 8 1
864 0 2 3125 9 73 13
865 0 2 3128 1 8 1
866 0 4 3131 4 33 6
867 0 3 3135 42 372 63
868 0 3 3139 1 10 1
869 0 8 3143 1 3 1
870 1 3 3148 2 17 3
871 0 1 3152 20 170 30
872 0 7 3154 2 7 3
873 0 2 3158 4 33 6
874 1 3 3161 11 90 16
875 1 5 3165 2543 27499 3814
876 0 3 3169 1 10 1
877 1 3 3173 132 1242 198
878 0 11 3177 7689 41029 11533
879 0 2 3182 776 7955 1164
880 1 6 3185 40793 494678 61189
881 0 3 3189 22 188 33
882 1 9 3193 4 12 6
883 0 6 3198 8 64 12
884 1 3 3202 16 134 24
885 1 13 3206 1 4 1
886 1 17 3211 216 896 324
887 1 10 3216 3 9 4
888 0 2 3221 1 11 1
889 1 3 3224 10 81 15
890 1 1 3228 1 9 1
891 0 6 3231 1 10 1
892 0 2 3235 10159 116513 15238
893 0 3 3238 12 98 18
894 1 52 3242 4 12 6
895 0 2 3248 703 7174 1054
896 1 1 3251 12 99 18
897 0 1 3253 1 11 1
898 1 2 3256 20 170 30
899 1 3 3259 250 2429 375
900 0 1 3263 1 9 1
901 0 1 3266 897 9257 1345
902 1 6 3269 3 10 4
903 0 1 3273 1 9 1
904 0 3 3276 8074 91723 12111
905 1 1 3280 486 4874 729
906 1 3 3282 565 5707 847
907 1 5 3286 10 81 15
908 0 3 3290 8 64 12
909 0 1 3294 1060 11023 1590
910 1 5 3297 7011 79179 10516
911 1 2 3301 2 17 3
912 0 18 3304 1 4 1
913 0 3 3309 533 5369 799
914 1 1 3313 7 56 10
915 0 6 3316 407 4048 610
916 0 14 3320 1 6 1
917 1 10 3325 1 4 1
918 1 1 3330 1 10 1
919 0 7 3333 1 4 1
920 0 3 3338 3 25 4
921 1 4 3342 1 10 1
922 1 1 3346 53 476 79
923 1 2 3348 160 1520 240
924 0 4 3351 1 10 1
925 1 11 3355 1 4 1
926 0 7 3360 176 718 264
927 0 1 3365 435 4340 652
928 1 1 3367 255 2479 382
929 1 9 3369 1511 7248 2266
930 0 1 3374 150 1421 225
931 0 8 3376 1 4 1
932 1 8 3381 36 127 54
933 0 12 3386 3 9 4
934 0 3 3391 2 17 3
935 1 1 3395 1 8 1
936 0 8 3398 1 3 1
937 1 1 3403 1 11 1
938 0 22 3406 26 89 39
939 0 1 3411 52 466 78
940 1 5 3413 163 1550 244
941 1 2 3417 1 11 1
942 1 7 3420 1 4 1
943 1 2 3424 17 143 25
944 0 4 3427 31 270 46
945 0 1 3431 36 316 54
946 0 1 3432 1 10 1
947 1 2 3434 14 116 21
948 0 4 3437 5 40 7
949 0 1 3441 1 11 1
950 0 3 3444 1 10 1
951 1 9 3448 1 5 1
952 1 2 3453 274 2674 411
953 1 5 3456 2 17 3
954 1 3 3460 8 64 12
955 0 3 3464 223 2154 334
956 1 8 3468 124 492 186
957 1 1 3473 147 1391 220
958 0 3 3476 2 17 3
959 1 1 3480 2 17 3
960 1 1 3483 17 143 25
961 0 1 3484 4 33 6
962 0 1 3487 479 4801 718
963 1 1 3489 995 10317 1492
964 1 1 3492 6 48 9
965 0 4 3495 2 17 3
966 1 4 3499 47 419 70
967 1 4 3503 44 390 66
968 0 3 3507 28 242 42
969 1 3 3511 1900 20284 2850
970 1 4 3515 1 9 1
971 0 2 3519 23 197 34
972 0 5 3522 1 9 1
973 0 3 3526 1 10 1
974 1 2 3530 1958 20931 2937
975 1 3 3533 38 334 57
976 0 33 3537 119 470 178
977 1 9 3543 9 27 13
978 1 2 3548 4118 45470 6177
979 1 5 3551 2 17 3
980 0 2 3555 8 64 12
981 0 3 3558 1 10 1
982 1 1 3562 1 10 1
983 1 2 3564 4072 44940 6108
984 0 1 3567 71 647 106
985 0 20 3569 707 3213 1060
986 1 1 3574 1 9 1
987 1 2 3576 788 8084 1182
988 1 3 3579 5 40 7
989 0 2 3583 1 9 1
990 1 6 3586 164 1560 246
991 1 3 3590 23 197 34
992 0 3 3594 15 125 22
993 1 19 3598 1128 5302 1692
994 1 15 3603 3 10 4
995 0 15 3608 3809 19439 5713
