0 0 13 5 7 21 10
1 0 8 9 21 70 31
2 0 3 13 1 10 1
3 0 1 17 40 353 60
4 0 7 19 1 3 1
5 1 2 23 1 11 1
6 1 3 27 19 161 28
7 1 5 31 1 10 1
8 0 1 35 32 279 48
9 0 1 38 1 12 1
10 1 2 41 67 609 100
11 1 8 45 1 5 1
12 0 3 49 2 17 3
13 1 4 53 576 5824 864
14 0 2 57 254881 3311736 382321
15 1 4 61 408 4058 612
16 1 3 65 70 637 105
17 0 1 69 5 40 7
18 1 1 72 4 33 6
19 0 9 75 48 175 72
20 1 2 79 1 9 1
21 1 3 83 69255 857163 103882
22 0 1 87 330 3249 495
23 0 3 90 8 64 12
24 1 1 94 7 56 10
25 1 2 97 426 4246 639
26 0 17 100 176 718 264
27 0 2 105 1 9 1
28 1 4 108 10 81 15
29 0 1 112 1 11 1
30 0 3 115 17 143 25
31 0 2 119 34 297 51
32 0 1 123 1 9 1
33 0 3 126 2673 28968 4009
34 1 1 130 1 10 1
35 1 13 132 196 807 294
36 1 3 136 639 6492 958
37 0 1 140 1087 11317 1630
38 0 8 143 28 97 42
39 0 17 147 77226 471072 115839
40 1 16 152 414 1808 621
41 1 1 156 227 2195 340
42 1 11 159 2161 10623 3241
43 1 1 163 10 81 15
44 1 2 166 5 41 7
45 1 20 169 56 207 84
46 0 2 174 1 8 1
47 0 6 177 10 81 15
48 1 4 181 19 161 28
49 1 35 185 4 13 6
50 1 3 190 3 25 4
51 0 5 194 2 17 3
52 0 2 198 1 9 1
53 0 1 201 1 12 1
54 1 4 204 46160 562460 69240
55 1 2 208 1 10 1
56 0 5 211 1 10 1
57 1 2 215 1 10 1
58 1 2 218 2 17 3
59 0 2 222 2 17 3
60 0 3 225 14749 171757 22123
61 0 2 229 46893 571742 70339
62 1 2 233 110 1025 165
63 1 2 236 1 10 1
64 1 1 239 25 215 37
65 1 3 242 12 98 18
66 1 3 246 1 9 1
67 1 1 250 8 64 12
68 1 18 253 1 3 1
69 0 2 258 13 107 19
70 0 1 262 1 9 1
71 1 6 265 862 8880 1293
72 0 5 269 11 90 16
73 1 12 273 48 175 72
74 1 3 277 1 10 1
75 0 4 281 1 10 1
76 0 2 285 110 1025 165
77 0 3 289 4 33 6
78 0 5 293 1 9 1
79 0 4 297 909 9387 1363
80 0 7 301 1 6 1
81 1 8 305 1 3 1
82 1 2 309 1097 11426 1645
83 0 2 313 60 542 90
84 0 2 317 12 98 18
85 1 5 321 209553 2703367 314329
86 1 1 325 1 9 1
87 1 2 328 3 25 4
88 1 13 332 1 6 1
89 0 3 336 1 9 1
90 0 14 340 3738 19053 5607
91 1 2 344 5 40 7
92 1 4 348 1534 16221 2301
93 1 1 352 1 9 1
94 0 2 355 35 307 52
95 0 1 359 1 10 1
96 0 4 362 309 3033 463
97 1 4 366 3 25 4
98 0 1 370 1 8 1
99 0 1 373 1 9 1
100 1 1 376 1 9 1
101 1 3 379 708856 9553317 1063284
102 0 4 383 385664 5086589 578496
103 0 2 387 842 8665 1263
104 1 7 390 1 4 1
105 0 1 394 51 456 76
106 1 3 397 1 9 1
107 1 3 401 1 10 1
108 0 1 405 4798 53325 7197
109 0 1 408 1 11 1
110 1 1 411 39 344 58
111 1 2 414 49 438 73
112 0 3 418 10 81 15
113 1 2 422 14934 173999 22401
114 1 9 426 120 474 180
115 0 3 430 3413 37382 5119
116 1 4 434 1 12 1
117 0 3 438 13527 156973 20290
118 1 1 442 1 9 1
119 1 3 445 51 456 76
120 1 2 449 247 2398 370
121 1 4 452 94768 1186995 142152
122 1 2 456 20 170 30
123 0 7 460 1 4 1
124 1 11 464 15 48 22
125 0 10 468 4 12 6
126 1 1 472 1 11 1
127 0 3 475 1 10 1
128 1 6 479 7 56 10
129 1 7 483 1 4 1
130 1 3 487 1 10 1
131 0 2 491 1 10 1
132 0 14 495 1 5 1
133 0 1 499 1 9 1
134 1 2 502 1 10 1
135 0 3 506 1 10 1
136 0 6 510 4 33 6
137 0 2 514 1 9 1
138 1 4 518 1 9 1
139 0 6 522 1 11 1
140 1 2 526 1 9 1
141 0 3 530 32 279 48
142 0 1 534 14 116 21
143 1 1 537 1 13 1
144 0 3 540 1 9 1
145 0 2 544 1 9 1
146 0 2 547 2 17 3
147 0 2 551 691 7046 1036
148 0 3 554 6 48 9
149 1 3 558 1 9 1
150 0 7 562 8 24 12
151 0 1 566 49 438 73
152 1 3 569 255 2479 382
153 1 2 573 43 381 64
154 0 2 577 6 48 9
155 1 8 581 1 4 1
156 0 7 585 31 108 46
157 0 1 589 214 2063 321
158 0 20 592 280 1186 420
159 1 13 597 1 5 1
160 0 1 601 1 9 1
161 0 6 604 1 4 1
162 0 4 608 19 161 28
163 1 3 612 48 428 72
164 1 3 616 864 8901 1296
165 1 11 620 1 3 1
166 1 17 624 4000 20478 6000
167 1 10 629 38 135 57
168 1 4 633 9 73 13
169 1 4 637 2 17 3
170 0 5 641 132 1242 198
171 1 3 645 70209 869425 105313
172 1 4 649 67 608 100
173 1 4 653 26 224 39
174 1 3 657 342 3373 513
175 1 11 661 39 139 58
176 0 14 665 9414 50864 14121
177 1 1 669 3 25 4
178 1 4 672 776 7955 1164
179 1 4 676 3 25 4
180 0 8 680 1 4 1
181 0 1 684 4 33 6
182 1 3 687 4 33 6
183 1 3 691 1 10 1
184 0 5 695 1 10 1
185 1 7 699 2 6 3
186 1 4 703 27 233 40
187 1 1 707 4 33 6
188 1 3 710 1 10 1
189 1 13 714 1 3 1
190 1 3 718 32 279 48
191 0 1 722 55 494 82
192 0 1 725 13 107 19
193 1 2 728 25 215 37
194 0 17 732 1 4 1
195 1 5 737 4 33 6
196 1 3 741 2 17 3
197 0 11 745 4 12 6
198 1 2 749 376 3725 564
199 0 1 753 35 307 52
200 1 2 756 171 1630 256
201 1 4 760 1 10 1
202 0 5 764 274 2674 411
203 1 5 768 2 17 3
204 0 2 772 1 12 1
205 0 1 775 1 11 1
206 1 1 778 1 9 1
207 1 8 780 3506 17796 5259
208 0 1 784 20 170 30
209 0 4 787 202 1942 303
210 1 2 791 1 9 1
211 1 2 794 1 10 1
212 0 2 798 58667 721512 88000
213 1 20 802 354 1528 531
214 0 3 807 1 9 1
215 0 2 811 4 33 6
216 1 1 815 51812 634161 77718
217 1 2 818 40 353 60
218 1 34 821 1 5 1
219 1 1 826 292 2858 438
220 1 1 829 1 13 1
221 1 2 832 3 25 4
222 1 2 836 138 1302 207
223 1 3 839 1 11 1
224 1 1 843 118 1104 177
225 1 3 846 1 9 1
226 1 8 850 110 432 165
227 1 3 854 6 48 9
228 0 3 858 443 4424 664
229 0 7 862 4 12 6
230 0 8 866 18 59 27
231 1 4 870 19 161 28
232 0 1 874 21 179 31
233 1 5 877 42 372 63
234 0 6 881 5 40 7
235 0 4 885 1 8 1
236 1 1 889 13 108 19
237 0 1 892 1 11 1
238 0 1 895 1 12 1
239 1 2 898 3 25 4
240 1 2 901 47220 575884 70830
241 1 1 904 21 179 31
242 0 10 907 2 6 3
243 0 3 911 530 5338 795
244 1 13 915 152 613 228
245 1 5 919 42 372 63
246 0 1 923 946 9787 1419
247 0 2 926 35 307 52
248 0 2 930 7 56 10
249 1 5 934 134 1262 201
250 0 1 938 1 8 1
251 1 7 941 22 74 33
252 1 1 945 1 11 1
253 0 4 948 911 9408 1366
254 0 34 952 7 21 10
255 1 2 957 213 2053 319
256 0 3 960 29847 357530 44770
257 0 3 964 65 589 97
258 0 1 968 12 99 18
259 0 19 971 1 3 1
260 0 4 976 2 17 3
261 0 2 980 2731 29624 4096
262 1 2 983 570 5760 855
263 0 1 987 1 9 1
264 0 4 990 11 90 16
265 1 6 994 24 206 36
266 1 2 998 1 9 1
267 1 2 1002 62 561 93
268 1 9 1006 1802 8749 2703
269 1 1 1010 35 307 52
270 1 10 1013 2 7 3
271 1 3 1017 8 64 12
272 0 2 1021 13 107 19
273 0 3 1025 71 647 106
274 1 4 1029 363 3590 544
275 0 2 1033 14 116 21
276 0 3 1037 1 10 1
277 1 3 1041 6 48 9
278 0 2 1045 34 298 51
279 1 5 1049 805 8266 1207
280 1 8 1053 1 4 1
281 1 11 1057 673 3048 1009
282 0 1 1061 9 72 13
283 1 5 1064 2 17 3
284 1 1 1068 1 10 1
285 1 3 1071 1 10 1
286 1 1 1075 19 161 28
287 1 3 1078 18419 216431 27628
288 1 1 1082 1 9 1
289 1 1 1085 1 8 1
290 1 2 1088 1 9 1
291 0 1 1091 1 9 1
292 1 3 1094 2 17 3
293 0 18 1098 43 155 64
294 1 3 1103 648 6588 972
295 0 5 1107 1 9 1
296 0 4 1111 218 2103 327
297 0 3 1115 984 10198 1476
298 1 2 1119 46 409 69
299 1 3 1123 5 40 7
300 0 1 1127 19 161 28
301 0 1 1130 1 9 1
302 1 1 1133 5 41 7
303 1 7 1136 2 6 3
304 1 4 1140 1 10 1
305 1 1 1144 1 10 1
306 1 1 1147 1 9 1
307 1 2 1150 2 17 3
308 1 1 1153 27 233 40
309 1 2 1156 79 724 118
310 0 3 1160 1 10 1
311 0 1 1164 32 279 48
312 0 10 1167 1253 5933 1879
313 0 2 1171 38369 464172 57553
314 1 4 1174 2 17 3
315 1 2 1178 2 17 3
316 0 3 1182 26 224 39
317 0 1 1186 6 48 9
318 0 2 1189 2 17 3
319 1 1 1193 1 9 1
320 1 1 1195 1 9 1
321 0 22 1198 1 4 1
322 0 38 1203 59 219 88
323 0 4 1208 943 9754 1414
324 0 2 1212 23 197 34
325 0 3 1216 8 64 12
326 0 2 1220 207 1992 310
327 0 16 1224 8 24 12
328 0 3 1228 248 2408 372
329 1 1 1232 1 13 1
330 0 1 1235 363226 4780352 544839
331 0 4 1238 47 419 70
332 0 2 1242 16949 198491 25423
333 0 1 1246 5 40 7
334 0 7 1249 1 4 1
335 0 2 1253 58 523 87
336 0 1 1256 7 56 10
337 1 2 1259 1 10 1
338 0 21 1263 3 9 4
339 0 3 1268 1 13 1
340 0 2 1272 1 10 1
341 0 1 1276 1 9 1
342 0 23 1279 256895 1669276 385342
343 1 1 1284 22 188 33
344 0 1 1287 1 9 1
345 1 2 1290 142 1341 213
346 0 7 1294 77 293 115
347 0 3 1298 5 40 7
348 0 2 1302 192 1841 288
349 1 1 1306 994 10307 1491
350 0 4 1309 62 561 93
351 1 2 1313 5 40 7
352 0 2 1317 1 10 1
353 1 21 1321 1 3 1
354 1 10 1326 1 3 1
355 1 9 1330 1 4 1
356 0 4 1334 23 197 34
357 1 4 1338 2 17 3
358 0 3 1342 1 10 1
359 0 2 1346 1 12 1
360 0 12 1349 1 5 1
361 0 1 1353 37 325 55
362 1 7 1356 8 24 12
363 1 6 1360 50 447 75
364 1 7 1364 2 7 3
365 0 5 1368 3 25 4
366 0 7 1372 163 661 244
367 0 1 1376 1 9 1
368 0 6 1378 1 9 1
369 0 1 1382 14284 166125 21426
370 0 1 1385 2 17 3
371 1 4 1388 40 353 60
372 0 2 1392 1 11 1
373 1 2 1396 2 17 3
374 1 1 1399 3 25 4
375 0 3 1402 1 10 1
376 0 2 1406 1 9 1
377 1 9 1410 36 127 54
378 0 1 1414 1 9 1
379 1 35 1417 1 4 1
380 1 2 1422 1 11 1
381 1 1 1425 1 10 1
382 1 4 1427 4319 47786 6478
383 0 15 1431 169 687 253
384 1 5 1435 1776 18903 2664
385 0 5 1439 1 10 1
386 1 1 1443 5 41 7
387 1 1 1446 45 400 67
388 0 13 1448 4 13 6
389 1 2 1452 1 10 1
390 0 8 1455 1 3 1
391 1 4 1459 3 25 4
392 0 1 1463 674 6864 1011
393 0 15 1466 3 9 4
394 0 2 1470 2 17 3
395 0 1 1473 1 9 1
396 1 7 1476 2690 13418 4035
397 1 2 1480 1 9 1
398 1 2 1484 2 17 3
399 1 2 1488 5 40 7
400 1 6 1492 35 307 52
401 1 9 1496 1 5 1
402 0 1 1500 26 224 39
403 0 3 1502 1 9 1
404 0 1 1506 4062 44825 6093
405 1 1 1509 37 325 55
406 0 9 1511 3 10 4
407 0 8 1515 1 5 1
408 1 4 1519 334 3290 501
409 1 10 1523 30128 174388 45192
410 1 4 1527 10 81 15
411 0 5 1531 24 206 36
412 1 2 1535 38 335 57
413 1 1 1539 72 656 108
414 0 9 1542 4148 21286 6222
415 1 13 1546 8 24 12
416 1 1 1550 170 1620 255
417 1 3 1552 95 879 142
418 0 1 1556 3 25 4
419 0 3 1559 3 25 4
420 1 3 1563 1 9 1
421 0 3 1567 23 197 34
422 1 2 1571 3 25 4
423 0 3 1575 2 17 3
424 1 2 1579 1 9 1
425 0 3 1582 60 542 90
426 0 7 1586 4 12 6
427 0 2 1590 1 11 1
428 1 34 1593 1 3 1
429 1 5 1598 36 316 54
430 1 1 1602 1 10 1
431 0 1 1605 6936 78296 10404
432 1 3 1608 1 9 1
433 1 9 1612 3 10 4
434 1 1 1616 46 409 69
435 1 3 1618 4 33 6
436 0 3 1622 413 4111 619
437 0 3 1626 222 2144 333
438 1 5 1630 1 11 1
439 0 4 1634 1 11 1
440 1 2 1638 2 17 3
441 0 3 1642 94 869 141
442 1 6 1646 453 4528 679
443 0 1 1650 1 10 1
444 1 1 1653 314650 4119685 471975
445 1 3 1656 491 4927 736
446 0 2 1660 1 8 1
447 0 2 1664 241 2337 361
448 1 1 1667 2 17 3
449 0 1 1670 1 10 1
450 0 1 1673 3 25 4
451 1 3 1676 806 8277 1209
452 0 6 1680 6608 74442 9912
453 0 3 1684 8 64 12
454 0 4 1688 69 628 103
455 0 6 1692 3 25 4
456 0 2 1696 6 48 9
457 0 9 1699 123 487 184
458 0 3 1703 1 9 1
459 1 3 1707 59 532 88
460 0 5 1711 3 25 4
461 0 3 1715 4366 48329 6549
462 0 3 1719 1 9 1
463 1 1 1723 1 12 1
464 1 9 1726 599 2689 898
465 1 6 1730 104 967 156
466 0 1 1734 66 599 99
467 0 5 1737 74 676 111
468 0 1 1741 49 437 73
469 1 15 1744 2 7 3
470 0 3 1748 859 8847 1288
471 0 2 1752 6214 69823 9321
472 1 6 1756 123 1153 184
473 0 1 1760 1 11 1
474 1 5 1763 1115 11622 1672
475 1 3 1767 5 40 7
476 1 3 1771 42 372 63
477 1 7 1775 210 869 315
478 1 8 1779 1 3 1
479 0 2 1783 2 17 3
480 1 4 1787 1 10 1
481 1 5 1791 2 17 3
482 1 4 1795 242 2347 363
483 0 4 1799 23792 282447 35688
484 0 2 1803 1 11 1
485 1 2 1806 212 2043 318
486 0 2 1810 2 17 3
487 0 4 1813 21 179 31
488 0 1 1817 2 17 3
489 1 6 1820 157 1490 235
490 0 4 1824 7 56 10
491 1 1 1828 4425 49010 6637
492 1 3 1831 5 40 7
493 1 7 1835 2 6 3
494 1 28 1839 11 34 16
495 1 6 1844 39 344 58
496 1 1 1848 1 10 1
497 0 1 1851 5 40 7
498 0 11 1854 3 9 4
499 0 5 1858 1 10 1
500 1 1 1862 1 9 1
501 1 3 1865 465 4654 697
502 0 4 1869 1 12 1
503 1 10 1873 1 3 1
504 1 6 1877 92 849 138
505 1 1 1881 1 10 1
506 0 2 1883 3760 41355 5640
507 0 4 1886 27 233 40
508 0 1 1890 1 10 1
509 0 13 1893 1 4 1
510 1 18 1897 2 6 3
511 1 4 1902 1 10 1
512 0 2 1906 25 215 37
513 0 5 1910 1 9 1
514 0 2 1914 8 64 12
515 0 10 1917 1566 7531 2349
516 1 2 1921 4 33 6
517 0 2 1924 2 17 3
518 0 44 1928 1554 7469 2331
519 0 6 1933 31 270 46
520 0 3 1937 44 391 66
521 0 5 1941 1928 20596 2892
522 1 2 1945 7968 90469 11952
523 1 2 1949 4 33 6
524 1 2 1953 1 10 1
525 0 1 1957 60 542 90
526 1 2 1960 13 107 19
527 0 1 1963 1 10 1
528 0 1 1966 1 11 1
529 0 1 1969 11 90 16
530 0 1 1972 81 743 121
531 0 3 1975 2858 31063 4287
532 1 1 1979 6 48 9
533 1 2 1982 1 10 1
534 1 7 1985 1 5 1
535 0 8 1989 864 3984 1296
536 0 10 1993 1 4 1
537 1 2 1997 1548065 21435388 2322097
538 1 6 2001 1 12 1
539 0 10 2005 1 6 1
540 0 7 2009 3 10 4
541 1 1 2013 1 12 1
542 0 3 2016 1 9 1
543 1 5 2020 97 899 145
544 1 8 2024 2216 10911 3324
545 0 1 2028 3 25 4
546 1 4 2031 4 33 6
547 0 2 2035 12 99 18
548 0 11 2039 1 4 1
549 0 4 2043 1 10 1
550 1 1 2047 18 152 27
551 0 4 2050 2 17 3
552 0 2 2054 3 25 4
553 0 2 2057 92 850 138
554 0 3 2060 1 10 1
555 1 3 2064 1 9 1
556 1 1 2068 24 206 36
557 0 23 2071 2 7 3
558 0 5 2076 16334 191003 24501
559 1 1 2080 31 270 46
560 0 8 2083 1 4 1
561 1 10 2087 87593 537963 131389
562 0 2 2091 4 32 6
563 0 5 2094 1531 16188 2296
564 1 21 2098 977 4545 1465
565 1 2 2103 2627 28448 3940
566 0 2 2106 1 9 1
567 1 3 2110 1 8 1
568 1 4 2114 1 8 1
569 0 1 2118 167 1590 250
570 0 3 2121 32 279 48
571 1 6 2125 1 10 1
572 1 3 2129 1 9 1
573 0 1 2133 779 7987 1168
574 0 2 2136 1 10 1
575 0 3 2139 1085 11295 1627
576 1 1 2143 93 859 139
577 0 4 2146 105114 1321734 157671
578 1 3 2150 1 9 1
579 1 1 2154 21211 250654 31816
580 1 7 2157 46 167 69
581 1 2 2161 672 6843 1008
582 1 3 2164 4 33 6
583 0 1 2168 75 685 112
584 0 3 2171 1 10 1
585 1 4 2175 2 17 3
586 0 1 2179 16 134 24
587 0 2 2182 3 25 4
588 1 1 2186 11 90 16
589 1 1 2189 1 9 1
590 0 1 2192 695 7089 1042
591 0 7 2195 1951 9524 2926
592 0 2 2199 9 73 13
593 0 2 2203 1 10 1
594 0 2 2207 173 1650 259
595 1 4 2211 15 125 22
596 1 1 2215 3 25 4
597 1 11 2218 7 21 10
598 1 1 2222 2 17 3
599 1 3 2225 1 10 1
600 1 13 2229 1137 5347 1705
601 0 20 2233 98 381 147
602 1 8 2238 2 6 3
603 1 36 2242 1 3 1
604 1 2 2247 1 11 1
605 0 1 2250 2 17 3
606 0 10 2253 1 3 1
607 0 4 2257 5 40 7
608 0 7 2261 1 4 1
609 0 3 2265 1 9 1
610 1 2 2269 4 33 6
611 1 2 2273 724 7398 1086
612 1 5 2277 139 1311 208
613 0 2 2281 1 9 1
614 1 11 2285 164 665 246
615 0 14 2289 1 4 1
616 1 10 2293 37 131 55
617 0 2 2297 1 10 1
618 1 5 2300 2 17 3
619 0 1 2304 2 17 3
620 0 3 2307 249178 3234968 373767
621 0 1 2311 505646 6733839 758469
622 1 4 2314 1 9 1
623 0 20 2318 19 63 28
624 0 2 2323 20 170 30
625 1 1 2327 3 25 4
626 1 9 2330 35 124 52
627 1 3 2334 1324 13908 1986
628 0 1 2338 2 17 3
629 0 1 2341 1 9 1
630 1 3 2344 10 81 15
631 1 7 2348 19301 108873 28951
632 1 4 2352 3 25 4
633 0 1 2356 1 9 1
634 1 4 2359 1073 11164 1609
635 1 3 2363 28 242 42
636 1 2 2367 631 6407 946
637 0 5 2371 1 9 1
638 1 1 2375 1 10 1
639 1 2 2378 8 64 12
640 1 4 2382 1014 10524 1521
641 0 5 2386 20 170 30
642 0 3 2390 31 270 46
643 1 7 2394 57321 343996 85981
644 0 1 2398 31 270 46
645 1 1 2401 16 134 24
646 0 2 2404 6 48 9
647 0 9 2408 3971 20320 5956
648 1 4 2412 3 25 4
649 1 112 2416 6008 31568 9012
650 1 3 2421 1 10 1
651 1 1 2425 15128 176352 22692
652 1 5 2428 1 9 1
653 0 13 2432 1511 7248 2266
654 0 1 2436 1 9 1
655 0 2 2439 25 215 37
656 0 8 2443 1 3 1
657 0 8 2447 1 4 1
658 1 2 2451 3862 42526 5793
659 0 34 2455 71 268 106
660 1 2 2460 29 252 43
661 1 1 2464 1 13 1
662 0 2 2467 20 170 30
663 1 3 2470 97616 1224034 146424
664 1 1 2474 60 542 90
665 1 2 2476 1 8 1
666 1 5 2479 1 9 1
667 1 2 2483 2 17 3
668 0 2 2487 2007 21478 3010
669 0 8 2491 782 3580 1173
670 1 4 2495 10 81 15
671 0 3 2499 128 1202 192
672 1 2 2503 11151 128381 16726
673 1 2 2507 1 10 1
674 1 4 2510 2 17 3
675 0 1 2514 1 9 1
676 0 3 2517 1 11 1
677 0 8 2521 4 12 6
678 1 27 2525 28 97 42
679 0 1 2530 4 33 6
680 1 4 2532 284 2776 426
681 0 2 2536 23 197 34
682 1 1 2540 9 73 13
683 1 14 2543 1 3 1
684 0 3 2547 1 10 1
685 1 3 2551 103 957 154
686 1 6 2555 35 307 52
687 0 1 2559 5195 57933 7792
688 1 1 2562 1508 15934 2262
689 1 1 2565 190 1821 285
690 1 2 2567 177 1690 265
691 0 1 2571 410 4079 615
692 0 3 2573 27 233 40
693 0 3 2577 5 40 7
694 0 1 2581 1 10 1
695 0 1 2584 1 9 1
696 1 3 2587 15 125 22
697 0 4 2591 1 9 1
698 1 6 2595 31755 381317 47632
699 0 1 2599 1 9 1
700 0 1 2602 1 9 1
701 1 3 2605 15 125 22
702 1 9 2609 24 82 36
703 1 1 2613 5 41 7
704 1 4 2616 53 476 79
705 0 4 2620 13 107 19
706 0 1 2624 1 9 1
707 0 9 2626 99 385 148
708 0 2 2630 8 64 12
709 0 11 2633 240 1004 360
710 0 4 2637 13 108 19
711 0 1 2641 1 9 1
712 0 7 2644 1 4 1
713 1 1 2648 4929 54844 7393
714 0 5 2651 1 9 1
715 1 4 2655 1 10 1
716 1 2 2659 276 2694 414
717 0 17 2662 7 21 10
718 1 1 2667 76 695 114
719 1 9 2670 29 100 43
720 0 15 2674 1 6 1
721 1 8 2678 2 6 3
722 1 1 2682 2 17 3
723 0 1 2685 1 9 1
724 0 2 2687 193 1851 289
725 1 3 2690 1 10 1
726 0 3 2694 1 9 1
727 0 2 2698 1 12 1
728 0 3 2702 1 9 1
729 0 1 2706 1 9 1
730 0 2 2709 1 9 1
731 1 2 2713 71397 884703 107095
732 0 8 2717 2 6 3
733 0 4 2721 1577 16696 2365
734 1 5 2725 1 10 1
735 1 1 2729 1 10 1
736 0 1 2732 9 72 13
737 1 2 2735 1 9 1
738 1 2 2738 3 25 4
739 0 8 2742 879 4059 1318
740 1 4 2746 1 8 1
741 1 1 2750 1 10 1
742 0 4 2753 1 9 1
743 1 2 2757 6 48 9
744 1 1 2761 1 10 1
745 1 4 2763 1 9 1
746 1 3 2767 1 9 1
747 1 2 2771 2061 22082 3091
748 1 1 2775 61 551 91
749 1 1 2778 31 270 46
750 0 3 2781 1 9 1
751 1 2 2785 23 197 34
752 1 2 2789 2118 22720 3177
753 1 1 2793 2 17 3
754 0 4 2796 51 456 76
755 0 1 2800 233 2256 349
756 1 18 2803 15 48 22
757 1 1 2808 1 9 1
758 0 7 2811 1 5 1
759 1 3 2815 1153 12036 1729
760 1 1 2819 1 9 1
761 0 8 2822 1 3 1
762 1 2 2826 13866 161069 20799
763 1 13 2830 22968 130880 34452
764 0 2 2834 1 12 1
765 0 2 2838 1 12 1
766 0 3 2842 1 9 1
767 1 9 2846 1 3 1
768 0 1 2850 16 134 24
769 0 2 2853 1 10 1
770 0 4 2857 1 9 1
771 0 23 2861 1 4 1
772 1 41 2866 5 15 7
773 0 3 2871 39011 472245 58516
774 1 1 2875 1 8 1
775 0 8 2878 1 4 1
776 0 27 2882 1 4 1
777 0 6 2887 1 9 1
778 1 4 2891 777 7966 1165
779 1 8 2895 70 264 105
780 0 1 2899 1 8 1
781 0 2 2902 15306 178511 22959
782 0 4 2906 1 10 1
783 1 9 2910 11 34 16
784 1 5 2914 1 11 1
785 1 3 2918 12 99 18
786 0 16 2922 11 34 16
787 1 3 2927 274 2673 411
788 1 5 2931 632 6417 948
789 1 5 2935 19341 227712 29011
790 1 3 2939 1214 12703 1821
791 1 1 2943 15 125 22
792 0 1 2946 1803 19203 2704
793 0 6 2949 1 11 1
794 1 2 2953 94 869 141
795 0 6 2956 1 11 1
796 1 2 2960 1 10 1
797 1 5 2964 19 161 28
798 1 2 2968 1 9 1
799 0 7 2972 2698 13461 4047
800 0 6 2976 83 318 124
801 0 8 2980 93 360 139
802 0 3 2984 19 160 28
803 1 3 2988 38 335 57
804 1 10 2992 5 15 7
805 1 2 2996 786 8062 1179
806 0 1 3000 7 56 10
807 0 7 3003 1 7 1
808 1 1 3007 1 10 1
809 0 1 3010 60 542 90
810 1 2 3013 75 685 112
811 1 1 3017 1 9 1
812 0 4 3020 416 4142 624
813 0 8 3024 63 235 94
814 0 1 3028 1 10 1
815 1 1 3031 1 13 1
816 0 3 3033 3156 34450 4734
817 1 2 3037 1 9 1
818 0 4 3040 2995 32619 4492
819 1 10 3044 1 4 1
820 0 14 3048 1 3 1
821 1 21 3052 3 9 4
822 0 1 3057 23 197 34
823 1 2 3060 1 9 1
824 1 9 3064 1 3 1
825 0 1 3068 7 56 10
826 1 1 3071 23474 278523 35211
827 1 4 3074 1 9 1
828 0 8 3078 4299 22111 6448
829 1 3 3082 1 8 1
830 0 1 3086 1 9 1
831 1 2 3089 2608 28233 3912
832 1 3 3093 4 33 6
833 0 2 3097 1 8 1
834 1 1 3101 1 9 1
835 0 2 3104 6 48 9
836 1 3 3107 5 40 7
837 0 1 3111 2254 24245 3381
838 1 3 3114 820 8428 1230
839 0 2 3118 16 134 24
840 1 3 3121 40 353 60
841 0 2 3125 72 657 108
842 0 4 3129 39 344 58
843 1 2 3133 167 1590 250
844 1 10 3136 681 3087 1021
845 1 2 3140 3 25 4
846 1 10 3144 53 195 79
847 1 1 3148 1 8 1
848 1 11 3151 255 1072 382
849 1 1 3155 1 11 1
850 0 4 3158 367 3632 550
851 0 6 3162 130 1222 195
852 0 2 3166 3881 42744 5821
853 1 2 3169 9 72 13
854 1 3 3173 15 125 22
855 0 3 3177 33698 405595 50547
856 0 3 3181 10 81 15
857 0 2 3185 51 457 76
858 0 1 3189 1 12 1
859 1 6 3192 7 21 10
860 1 8 3196 28 97 42
861 0 5 3200 4 33 6
862 1 1 3204 444 4434 666
863 0 9 3207 1 4 1
864 1 2 3211 2 17 3
865 1 2 3215 2 17 3
866 0 2 3219 7 56 10
867 1 1 3223 1 9 1
868 1 2 3226 943 9754 1414
869 1 3 3230 1 9 1
870 1 6 3234 91 840 136
871 0 8 3238 2808 14047 4212
872 0 5 3242 3 25 4
873 0 3 3246 578 5845 867
874 0 1 3250 1 9 1
875 0 5 3253 1 9 1
876 0 1 3257 19 160 28
877 0 2 3260 1 10 1
878 0 2 3264 539 5433 808
879 1 17 3268 1 3 1
880 1 6 3273 4 33 6
881 1 2 3277 116 1084 174
882 1 2 3281 9 73 13
883 1 2 3285 2 17 3
884 0 2 3288 1 9 1
885 0 2 3291 4 32 6
886 1 2 3295 3 25 4
887 1 1 3298 1 9 1
888 1 1 3301 36 316 54
889 1 4 3304 26 224 39
890 0 6 3308 4660 51727 6990
891 1 4 3312 23 197 34
892 1 2 3316 1 11 1
893 0 11 3320 753 3438 1129
894 1 2 3324 11 90 16
895 1 3 3328 9 73 13
896 1 54 3332 1 4 1
897 0 2 3337 1 9 1
898 1 10 3340 5 15 7
899 0 2 3344 15 125 22
900 1 1 3348 4 32 6
901 1 4 3351 39 344 58
902 0 1 3355 21 179 31
903 1 2 3358 3679 40426 5518
904 0 6 3362 1 9 1
905 1 2 3366 1 10 1
906 0 3 3369 8 64 12
907 0 1 3373 2 17 3
908 0 2 3376 7 56 10
909 0 10 3380 29 100 43
910 0 4 3384 3 25 4
911 1 2 3388 80 733 120
912 1 4 3392 3 25 4
913 0 7 3396 14 45 21
914 0 1 3400 1 9 1
915 1 3 3403 6 48 9
916 0 1 3407 1 9 1
917 0 2 3410 25 215 37
918 0 3 3413 1 9 1
919 1 3 3417 1 9 1
920 0 4 3421 1 12 1
921 1 8 3425 18482 103987 27723
922 1 2 3429 1 11 1
923 0 5 3433 9 73 13
924 1 3 3437 1 11 1
925 0 4 3441 157 1490 235
926 1 37 3445 265 1118 397
927 0 1 3450 1 10 1
928 0 5 3453 17 143 25
929 1 5 3457 1 9 1
930 0 3 3461 422 4204 633
931 0 2 3465 3210 35066 4815
932 1 3 3469 6 48 9
933 0 1 3473 1 10 1
934 0 4 3476 1 9 1
935 1 4 3480 43984 534941 65976
936 1 3 3484 2596 28097 3894
937 1 11 3488 56 207 84
938 0 3 3492 280 2735 420
939 0 1 3496 3 25 4
940 0 4 3499 275 2684 412
941 1 25 3503 20 67 30
942 1 4 3508 1 11 1
943 0 7 3512 3 9 4
944 0 16 3516 13 41 19
945 0 1 3520 2 17 3
946 1 14 3523 2 7 3
947 0 3 3527 4701 52202 7051
948 0 6 3531 5439 60772 8158
949 0 4 3535 1 11 1
950 0 4 3539 214 2063 321
951 1 2 3543 1 9 1
952 0 1 3546 6 48 9
953 1 2 3549 15 125 22
954 0 10 3552 1 4 1
955 1 2 3556 1791 19070 2686
956 0 1 3559 1 9 1
957 1 3 3562 29 251 43
958 1 1 3566 1 10 1
959 0 1 3569 1105 11513 1657
960 0 2 3572 23 197 34
961 1 1 3575 1 10 1
962 0 2 3578 807 8288 1210
963 1 10 3582 6 18 9
964 0 4 3586 1 8 1
965 0 2 3590 1 10 1
966 0 7 3594 418 1827 627
967 0 6 3598 2 17 3
968 1 2 3602 5 40 7
969 0 2 3606 1 8 1
