0 0 12 5 1 4 1
1 0 1 9 22 188 33
2 1 8 12 1 4 1
3 0 2 16 1 10 1
4 0 1 20 31 270 46
5 0 12 23 2 6 3
6 1 4 27 470787 6253705 706180
7 1 4 31 1 9 1
8 1 1 35 3 25 4
9 1 7 38 37 132 55
10 0 2 42 1 9 1
11 1 3 46 817 8396 1225
12 0 5 50 6 48 9
13 1 1 54 3 25 4
14 0 4 57 1811 19292 2716
15 0 2 61 2 17 3
16 1 3 64 881 9085 1321
17 0 28 68 1 4 1
18 0 1 73 16460 192536 24690
19 0 3 76 1 12 1
20 1 6 80 1 3 1
21 0 1 84 19 161 28
22 0 2 87 6 48 9
23 1 4 91 33 289 49
24 0 3 95 6 48 9
25 0 3 99 2 17 3
26 1 11 103 3 10 4
27 1 2 107 59 532 88
28 0 3 111 43 382 64
29 1 1 115 624 6332 936
30 1 3 117 1 9 1
31 1 21 121 1 4 1
32 0 5 126 2 17 3
33 1 1 130 18 152 27
34 0 2 133 51 457 76
35 0 1 137 1778 18925 2667
36 1 5 140 1 10 1
37 1 7 144 4 12 6
38 0 9 148 57 211 85
39 0 1 152 66 599 99
40 0 2 155 1 10 1
41 0 1 159 13 107 19
42 1 9 162 456 2006 684
43 0 3 166 1 9 1
44 1 1 170 7 56 10
45 1 1 172 26919 321141 40378
46 0 1 175 1 9 1
47 0 1 178 1 9 1
48 1 8 181 4 13 6
49 0 3 185 3156 34450 4734
50 0 1 189 8 64 12
51 1 18 192 1 4 1
52 0 1 197 1 10 1
53 1 4 200 6 48 9
54 1 3 204 14124 164189 21186
55 0 2 208 104 967 156
56 0 5 211 33 288 49
57 0 5 215 1 9 1
58 1 3 219 1 8 1
59 0 1 223 2217 23830 3325
60 0 3 226 512 5148 768
61 1 10 230 87 334 130
62 0 8 234 1988 9717 2982
63 0 3 238 1 9 1
64 0 2 242 1 9 1
65 1 2 246 1 9 1
66 1 2 250 1 10 1
67 0 8 253 123 487 184
68 1 3 257 11 90 16
69 0 1 261 1 11 1
70 1 2 264 39 344 58
71 0 16 267 1 4 1
72 0 1 271 28 242 42
73 0 2 274 6 48 9
74 0 2 278 36041 434941 54061
75 0 4 281 1 10 1
76 0 5 285 7 56 10
77 1 5 289 1 11 1
78 1 2 293 1 11 1
79 1 1 296 1 10 1
80 1 6 299 94 869 141
81 0 2 303 1 9 1
82 1 3 307 1 10 1
83 0 6 311 1 10 1
84 0 1 315 3 25 4
85 1 1 318 1 9 1
86 0 2 321 1 9 1
87 0 7 325 1 4 1
88 1 1 329 1 10 1
89 0 3 331 49 438 73
90 1 2 335 7 56 10
91 0 3 339 4 33 6
92 1 3 343 2 17 3
93 1 5 347 1 10 1
94 1 4 351 197 1891 295
95 0 3 355 8 64 12
96 0 16 359 13 41 19
97 0 1 364 2 17 3
98 1 1 367 73 666 109
99 1 1 370 134329 1704674 201493
100 1 2 372 39 344 58
101 1 6 375 30 104 45
102 0 4 379 1 9 1
103 1 4 383 21 179 31
104 1 4 387 1 10 1
105 0 10 391 1 4 1
106 0 6 395 855 8804 1282
107 1 5 399 71 647 106
108 1 21 403 8 24 12
109 1 1 408 2 17 3
110 1 36 411 70 264 105
111 1 5 416 967 10014 1450
112 0 7 420 1689 8164 2533
113 1 2 424 19 160 28
114 0 3 428 1 8 1
115 0 45 432 37 132 55
116 0 4 437 19 161 28
117 0 7 441 37 131 55
118 1 1 445 58 523 87
119 0 3 448 1 9 1
120 1 2 452 16239 189847 24358
121 1 14 455 43 155 64
122 0 3 459 1 10 1
123 0 2 463 4 33 6
124 0 1 467 1 8 1
125 1 2 469 906 9355 1359
126 0 1 473 1 10 1
127 0 1 476 32 279 48
128 1 12 479 3 9 4
129 0 1 483 45 400 67
130 1 10 485 17 56 25
131 1 2 489 4 32 6
132 1 5 493 1048 10893 1572
133 0 4 497 283 2766 424
134 0 1 501 7300 82582 10950
135 1 2 504 1 13 1
136 0 214 508 16 52 24
137 1 1 513 1 10 1
138 1 3 516 8393 95500 12589
139 1 24 520 196 807 294
140 1 2 525 1 9 1
141 1 1 529 3 25 4
142 0 4 532 3148 34359 4722
143 1 1 536 36 316 54
144 1 1 538 31 270 46
145 0 2 541 2206 23706 3309
146 1 7 545 2 7 3
147 1 1 549 8 64 12
148 1 4 552 2 17 3
149 1 187 556 2 6 3
150 0 2 561 533 5369 799
151 0 1 564 187 1791 280
152 0 1 567 1 9 1
153 1 31 570 5 15 7
154 0 2 575 14 116 21
155 0 7 578 1 4 1
156 1 45 582 1718119 12245219 2577178
157 1 2 587 1036864 14160432 1555296
158 1 2 590 1 10 1
159 0 2 593 251 2439 376
160 0 8 597 2 6 3
161 0 3 601 1139 11884 1708
162 1 9 605 2 6 3
163 1 11 609 1 5 1
164 1 4 613 179 1710 268
165 1 1 617 3 25 4
166 0 6 620 10 81 15
167 0 2 624 19 161 28
168 1 2 628 55 494 82
169 1 1 631 1 9 1
170 1 5 633 315 3095 472
171 1 1 637 31 270 46
172 1 1 640 308 3023 462
173 0 5 643 1 11 1
174 0 2 647 116 1084 174
175 1 2 650 16 134 24
176 1 35 654 89 343 133
177 0 7 659 9 27 13
178 0 9 663 38 135 57
179 1 1 667 1 10 1
180 1 3 670 6 48 9
181 1 3 674 1 9 1
182 0 8 678 1 4 1
183 0 1 682 1 9 1
184 0 2 685 63 570 94
185 0 7 689 1 4 1
186 0 2 693 1 9 1
187 0 2 696 19 161 28
188 0 1 700 4 33 6
189 0 1 703 102 947 153
190 0 1 706 11374053 168221285 17061079
191 0 9 709 6 18 9
192 0 9 713 1 4 1
193 0 4 717 23 197 34
194 1 1 721 1697 18026 2545
195 0 2 724 427 4257 640
196 1 2 728 1 10 1
197 0 1 732 134 1262 201
198 1 22 735 1 4 1
199 0 3 740 4 32 6
200 1 7 744 2016 9863 3024
201 1 8 748 23 78 34
202 0 2 752 13 107 19
203 1 2 755 1 11 1
204 0 12 758 68 256 102
205 1 3 762 890 9182 1335
206 0 2 766 196 1881 294
207 1 10 770 1 4 1
208 0 2 774 116 1084 174
209 1 1 777 1 10 1
210 0 3 780 1 12 1
211 0 3 784 771 7902 1156
212 0 5 788 93 859 139
213 1 2 792 19 161 28
214 0 3 796 1 11 1
215 0 1 800 7 56 10
216 0 8 803 9 27 13
217 1 12 807 1 4 1
218 1 6 811 3 10 4
219 1 10 815 140 561 210
220 0 3 819 1 9 1
221 1 5 823 21561 254957 32341
222 0 1 827 5 40 7
223 0 4 830 317 3115 475
224 0 2 834 35 307 52
225 0 1 838 13 107 19
226 1 1 841 283 2766 424
227 1 7 844 1 4 1
228 1 1 848 1 14 1
229 0 2 851 8 64 12
230 0 2 855 5 40 7
231 0 17 858 4 12 6
232 0 2 863 1 9 1
233 0 4 867 4 33 6
234 0 1 871 16 134 24
235 1 2 874 1 9 1
236 1 1 878 1 9 1
237 0 2 881 1 9 1
238 1 2 885 1 11 1
239 1 6 889 1 5 1
240 1 3 893 105 976 157
241 0 11 897 38 135 57
242 0 20 901 10 31 15
243 1 5 906 49 438 73
244 1 5 910 1 9 1
245 1 4 914 2 17 3
246 1 2 918 5 40 7
247 1 7 921 2 7 3
248 1 9 925 226 941 339
249 1 2 929 9 73 13
250 1 4 933 139 1312 208
251 1 1 937 1 9 1
252 1 3 940 7947 90220 11920
253 1 3 944 1 10 1
254 1 7 948 35 124 52
255 1 2 952 387 3840 580
256 0 2 956 1 9 1
257 1 2 959 3 25 4
258 1 6 963 1 9 1
259 0 2 967 105 976 157
260 0 7 971 382 1658 573
261 0 3 975 58 523 87
262 1 1 979 16 134 24
263 1 2 982 18 152 27
264 0 3 986 12 99 18
265 0 5 990 1 11 1
266 0 1 994 27 233 40
267 0 22 997 42 151 63
268 1 2 1002 23 197 34
269 0 1 1006 1 10 1
270 1 2 1009 4161 45965 6241
271 0 5 1013 10 81 15
272 0 2 1017 1 10 1
273 1 6 1021 21 179 31
274 1 3 1025 1 9 1
275 0 3 1029 2 17 3
276 1 1 1033 1 10 1
277 1 2 1036 21 178 31
278 0 5 1040 689 7024 1033
279 0 3 1044 27 233 40
280 1 3 1048 20 170 30
281 0 9 1052 45 163 67
282 1 4 1056 320 3146 480
283 1 1 1060 34167 411463 51250
284 0 3 1063 1 11 1
285 1 2 1067 16372 191466 24558
286 1 3 1071 6 48 9
287 0 1 1075 6 48 9
288 1 1 1078 2 17 3
289 1 1 1081 2985 32505 4477
290 1 1 1084 2 17 3
291 1 2 1087 14 116 21
292 0 8 1091 1 4 1
293 1 26 1095 3416 17310 5124
294 1 2 1100 1 10 1
295 1 5 1104 1 14 1
296 0 3 1108 132 1242 198
297 0 3 1112 1 9 1
298 0 1 1116 3 25 4
299 1 1 1119 1 9 1
300 1 5 1122 1 10 1
301 1 12 1126 256 1077 384
302 1 13 1130 1 4 1
303 1 4 1134 20393 240609 30589
304 1 2 1138 13 108 19
305 0 12 1142 1 5 1
306 0 6 1146 1 9 1
307 1 1 1150 2 17 3
308 1 5 1153 5 41 7
309 1 5 1157 1 10 1
310 0 4 1161 1 9 1
311 1 3 1165 11 90 16
312 0 1 1169 4 33 6
313 1 2 1172 54 485 81
314 1 1 1175 1 9 1
315 0 5 1178 76 695 114
316 1 23 1182 1324 6293 1986
317 1 35 1187 5742 30084 8613
318 1 9 1192 10 31 15
319 1 1 1196 25 215 37
320 0 10 1199 4 12 6
321 0 1 1203 1455 15349 2182
322 0 2 1206 1 12 1
323 1 1 1210 13 108 19
324 0 1 1213 47 419 70
325 1 1 1216 251 2439 376
326 0 9 1219 4 12 6
327 0 5 1223 1777 18914 2665
328 0 1 1227 1 10 1
329 1 1 1230 1 11 1
330 1 3 1233 2 17 3
331 0 18 1237 2524 12537 3786
332 0 1 1242 1 9 1
333 0 3 1245 1 9 1
334 1 2 1249 1 9 1
335 0 6 1252 520727 6941917 781090
336 1 2 1256 5 41 7
337 1 4 1260 41 363 61
338 1 2 1264 4420 48953 6630
339 1 1 1268 67 608 100
340 0 12 1271 1 4 1
341 0 4 1275 2 17 3
342 1 9 1279 1 3 1
343 0 1 1283 11 90 16
344 1 6 1286 11611 133900 17416
345 0 1 1290 1 9 1
346 0 1 1293 11 90 16
347 0 2 1296 3627 39830 5440
348 1 1 1300 1 10 1
349 0 1 1303 35 307 52
350 1 3 1306 2 17 3
351 1 5 1310 1 9 1
352 0 1 1314 5829 65320 8743
353 1 1 1317 20 170 30
354 0 2 1320 2 17 3
355 0 6 1324 1 9 1
356 0 1 1328 662 6736 993
357 0 3 1331 301 2950 451
358 1 9 1335 789 3615 1183
359 1 1 1339 2 17 3
360 1 1 1342 1 11 1
361 1 1 1345 100 928 150
362 0 12 1347 8 24 12
363 0 1 1351 2 17 3
364 0 8 1354 11 34 16
365 0 2 1358 1 9 1
366 1 7 1362 67 252 100
367 0 30 1366 4100 21024 6150
368 1 8 1371 4 13 6
369 1 5 1375 12 98 18
370 0 1 1379 183 1751 274
371 1 7 1382 1 6 1
372 1 7 1386 1 4 1
373 1 2 1390 2 17 3
374 1 1 1394 83 762 124
375 1 2 1397 19782 233115 29673
376 1 2 1401 25 215 37
377 1 1 1404 1 11 1
378 1 2 1407 6 48 9
379 1 2 1411 3 25 4
380 1 3 1415 1 8 1
381 0 2 1419 1 10 1
382 0 1 1423 221 2134 331
383 1 6 1426 4 33 6
384 0 7 1430 5 15 7
385 0 9 1434 13004 71652 19506
386 0 3 1438 2 17 3
387 1 1 1442 1 10 1
388 1 14 1445 1 4 1
389 1 2 1449 3 25 4
390 1 4 1453 16 134 24
391 0 2 1457 784 8041 1176
392 1 3 1460 16 134 24
393 0 3 1464 1 8 1
394 1 2 1468 6 48 9
395 0 6 1471 7 56 10
396 0 4 1475 58 523 87
397 1 11 1479 4 12 6
398 1 5 1483 1 12 1
399 0 2 1487 251 2439 376
400 0 3 1491 1 12 1
401 1 2 1495 3 25 4
402 0 3 1499 41 363 61
403 1 5 1503 41111 498686 61666
404 1 9 1507 27 93 40
405 0 5 1511 858 8837 1287
406 1 3 1515 2 17 3
407 1 8 1519 11 34 16
408 0 16 1523 11 34 16
409 0 2 1528 8 64 12
410 0 4 1532 2820 30632 4230
411 1 1 1536 2659 28810 3988
412 1 6 1539 703 7174 1054
413 0 1 1543 35 307 52
414 0 2 1546 2 17 3
415 1 2 1550 1 9 1
416 1 2 1554 36727 443548 55090
417 1 1 1558 42 372 63
418 1 3 1561 4 32 6
419 1 1 1565 3 25 4
420 1 4 1568 39 344 58
421 1 3 1572 1 9 1
422 1 2 1576 3533 38754 5299
423 0 1 1580 1 12 1
424 0 8 1583 13 41 19
425 0 1 1587 1 9 1
426 1 10 1590 248 1041 372
427 1 1 1594 6 48 9
428 0 3 1597 2 17 3
429 1 1 1601 666 6779 999
430 1 3 1604 1 9 1
431 1 4 1608 2148 23056 3222
432 0 3 1612 1 9 1
433 1 1 1616 10 81 15
434 0 5 1619 6 48 9
435 0 6 1623 464 4643 696
436 0 1 1627 1 8 1
437 1 15 1630 11 34 16
438 0 3 1634 1 10 1
439 0 2 1638 1 9 1
440 0 4 1642 1 9 1
441 0 1 1646 109 1015 163
442 0 2 1649 8 64 12
443 1 2 1652 1 9 1
444 1 8 1656 1 4 1
445 1 4 1660 27 233 40
446 0 17 1664 5 15 7
447 1 2 1669 3 25 4
448 1 2 1673 34 297 51
449 0 3 1677 1708 18148 2562
450 1 3 1681 1 9 1
451 1 1 1685 1 10 1
452 1 6 1688 1 11 1
453 0 12 1692 23 78 34
454 0 8 1696 352 1518 528
455 1 2 1700 1 11 1
456 1 4 1704 6 48 9
457 1 10 1708 2 7 3
458 1 2 1712 242 2347 363
459 1 3 1715 32 279 48
460 1 4 1719 132 1242 198
461 1 8 1723 14578 80877 21867
462 0 12 1727 3316 16770 4974
463 0 8 1731 3 9 4
464 1 2 1735 1 9 1
465 1 2 1738 56 504 84
466 0 1 1741 54 485 81
467 0 3 1744 202 1942 303
468 1 5 1748 13 107 19
469 1 2 1752 1 13 1
470 1 2 1756 1 8 1
471 1 26 1760 106 415 159
472 1 2 1765 6 48 9
473 0 14 1769 61 227 91
474 1 2 1773 24 206 36
475 1 2 1777 1 9 1
476 1 11 1780 1087 5095 1630
477 0 1 1784 987 10231 1480
478 0 3 1787 11053 127207 16579
479 1 3 1791 27 233 40
480 0 9 1795 1 4 1
481 1 4 1799 1 9 1
482 0 10 1803 13 41 19
483 0 1 1807 78 714 117
484 0 2 1810 3598 39498 5397
485 0 2 1814 8 64 12
486 0 1 1818 2 17 3
487 0 1 1821 30 260 45
488 0 3 1824 528 5316 792
489 1 5 1828 299 2930 448
490 0 6 1832 1 10 1
491 1 1 1836 1 9 1
492 1 2 1839 1 9 1
493 0 26 1842 35 123 52
494 0 4 1847 115 1074 172
495 0 22 1851 31 108 46
496 0 21 1856 1 5 1
497 0 22 1861 4816 24952 7224
498 1 4 1866 4 33 6
499 0 7 1870 6 18 9
500 0 1 1874 8 64 12
501 0 3 1877 7375 83466 11062
502 1 5 1881 1 9 1
503 1 13 1885 3 10 4
504 1 3 1889 15068 175624 22602
505 1 2 1893 34 297 51
506 0 4 1896 1 9 1
507 1 8 1900 698 3169 1047
508 0 10 1904 1071 5015 1606
509 1 4 1908 4 33 6
510 1 59 1912 5 15 7
511 0 2 1917 2 17 3
512 1 2 1921 88426 1104663 132639
513 0 1 1925 41 362 61
514 1 2 1928 81 743 121
515 1 12 1931 854 3935 1281
516 0 101 1935 432 1893 648
517 0 3 1940 61 551 91
518 1 1 1944 623 6322 934
519 1 4 1947 1 10 1
520 0 3 1951 881 9085 1321
521 1 3 1955 4 33 6
522 0 4 1959 157 1490 235
523 0 3 1963 260 2530 390
524 1 1 1967 61 551 91
525 1 8 1970 1 4 1
526 1 16 1974 215 892 322
527 0 10 1978 1 3 1
528 1 3 1982 19 160 28
529 1 2 1986 272 2653 408
530 0 2 1990 1 9 1
531 1 1 1994 15462 180405 23193
532 1 17 1997 1 4 1
533 0 2 2002 15 125 22
534 0 1 2006 54 485 81
535 0 2 2008 1 10 1
536 1 2 2012 2 17 3
537 1 2 2016 7 56 10
538 1 1 2020 9 73 13
539 1 2 2023 4 33 6
540 1 8 2027 20 67 30
541 0 1 2031 3926 43261 5889
542 0 13 2034 49 179 73
543 1 10 2038 22 74 33
544 1 10 2042 1 4 1
545 0 1 2046 4 33 6
546 0 4 2049 99 918 148
547 0 8 2053 1 4 1
548 0 2 2057 1 9 1
549 0 3 2061 1 13 1
550 1 6 2065 3 25 4
551 1 11 2069 24 82 36
552 1 2 2073 1 12 1
553 1 8 2076 179 732 268
554 1 48 2080 2 6 3
555 0 2 2085 1 10 1
556 0 3 2089 1167 12189 1750
557 1 3 2093 1 9 1
558 0 2 2097 9 73 13
559 1 14 2101 1 3 1
560 1 1 2105 1 12 1
561 0 3 2108 1 10 1
562 0 1 2112 1 10 1
563 1 40 2115 1 3 1
564 0 4 2120 2078 22272 3117
565 1 1 2124 39967 484275 59950
566 1 4 2127 75 685 112
567 1 2 2131 1 11 1
568 0 16 2134 1 4 1
569 1 2 2138 7 56 10
570 1 3 2142 7 56 10
571 1 1 2146 2 17 3
572 0 16 2149 1 4 1
573 1 2 2153 1 12 1
574 1 5 2157 1 9 1
575 0 4 2161 5613 62800 8419
576 1 6 2165 1 10 1
577 1 1 2169 5 41 7
578 1 3 2172 6998 79025 10497
579 0 10 2176 4627 23911 6940
580 1 8 2180 1 4 1
581 0 2 2184 5 41 7
582 1 13 2188 1 3 1
583 1 19 2192 2388 11817 3582
584 0 4 2197 5 41 7
585 0 21 2201 1 4 1
586 0 20 2206 15 48 22
587 1 15 2211 142 570 213
588 1 2 2215 87 801 130
589 1 1 2219 1 10 1
590 0 1 2222 23 197 34
591 1 1 2225 1 11 1
592 0 4 2228 75563 938353 113344
593 0 5 2232 1 11 1
594 1 2 2236 22 188 33
595 1 37 2239 22 74 33
596 1 6 2244 5745 64340 8617
597 1 2 2248 58 523 87
598 1 2 2252 6 48 9
599 0 4 2256 4 32 6
600 0 3 2260 6 48 9
601 1 21 2264 2 7 3
602 0 1 2269 4 33 6
603 0 2 2272 32001 384387 48001
604 0 2 2276 3 25 4
605 0 2 2280 1 9 1
606 0 1 2284 5841 65461 8761
607 1 3 2287 297 2909 445
608 1 14 2291 1 3 1
609 1 7 2295 13 41 19
610 0 7 2299 83 318 124
611 0 1 2303 12472 144251 18708
612 0 2 2306 152 1440 228
613 1 1 2310 1 9 1
614 1 2 2313 14572 169612 21858
615 1 1 2316 3 25 4
616 0 3 2319 36 316 54
617 0 3 2323 1 9 1
618 0 5 2327 37 325 55
619 0 1 2331 12 98 18
620 0 2 2334 1 8 1
621 0 1 2337 109 1015 163
622 0 3 2340 26 224 39
623 1 1 2344 1 12 1
624 1 2 2347 22 188 33
625 0 10 2350 112368 699389 168552
626 1 2 2354 1 10 1
627 0 2 2358 1 12 1
628 1 2 2362 1 12 1
629 1 3 2365 436 4350 654
630 0 7 2369 16 52 24
631 0 5 2373 288 2817 432
632 0 2 2377 63 570 94
633 0 1 2381 29 251 43
634 0 1 2384 1 10 1
635 0 1 2387 1 10 1
636 0 1 2390 1 11 1
637 0 1 2393 1 12 1
638 1 23 2396 143 574 214
639 0 1 2401 1 9 1
640 0 1 2404 59 532 88
641 0 3 2407 2 17 3
642 1 8 2411 1 4 1
643 0 1 2415 40 353 60
644 1 2 2418 17 143 25
645 0 2 2421 3 25 4
646 1 5 2424 5 40 7
647 0 4 2428 1 11 1
648 1 8 2432 12 38 18
649 1 1 2436 5 40 7
650 1 1 2439 90 830 135
651 0 1 2441 1 9 1
652 0 1 2444 142 1341 213
653 1 2 2447 99 918 148
654 0 1 2450 1 10 1
655 0 1 2453 100 928 150
656 1 4 2455 1 8 1
657 1 2 2459 3 25 4
658 1 18 2463 12 38 18
659 1 4 2468 28757 343967 43135
660 0 3 2472 1 9 1
661 1 2 2476 1 10 1
662 0 11 2479 1 4 1
663 0 4 2483 26 224 39
664 1 1 2487 3 25 4
665 1 1 2489 2 17 3
666 1 2 2492 163 1550 244
667 0 3 2495 1 9 1
668 1 4 2499 1 10 1
669 1 2 2503 1 11 1
670 0 1 2506 1 9 1
671 0 3 2509 82 753 123
672 1 4 2513 5 40 7
673 1 19 2517 16 52 24
674 0 2 2522 439 4382 658
675 0 3 2526 367 3632 550
676 1 2 2530 1 9 1
677 0 1 2534 161 1530 241
678 1 1 2537 32 279 48
679 1 2 2540 5 41 7
680 0 1 2544 1 9 1
681 1 1 2547 125 1173 187
682 0 2 2550 1 9 1
683 1 4 2554 1 10 1
684 0 1 2558 1 9 1
685 1 3 2561 4 33 6
686 1 2 2565 30 261 45
687 1 1 2568 157 1490 235
688 0 1 2571 31 270 46
689 1 1 2574 1 10 1
690 1 14 2577 371 1607 556
691 1 13 2581 1 5 1
692 1 2 2585 15233 177626 22849
693 1 6 2589 14 116 21
694 1 1 2593 783 8030 1174
695 0 5 2596 3436 37645 5154
696 1 2 2600 23 197 34
697 0 1 2604 319 3136 478
698 1 2 2607 1 10 1
699 0 51 2610 485 2144 727
700 1 23 2615 63 235 94
701 1 1 2620 42 372 63
702 0 1 2623 3792 41722 5688
703 1 33 2626 1 3 1
704 1 3 2631 1 9 1
705 0 2 2635 9 73 13
706 1 9 2639 1 4 1
707 0 2 2643 37686 455589 56529
708 1 2 2647 5 41 7
709 1 7 2651 1916 9342 2874
710 0 2 2655 1 8 1
711 1 46 2658 1 4 1
712 1 29 2663 611 2747 916
713 0 3 2668 4 33 6
714 1 2 2672 34 297 51
715 0 21 2676 4 12 6
716 0 2 2681 5 40 7
717 0 1 2685 1239 12976 1858
718 1 1 2688 1 9 1
719 0 2 2691 2 17 3
720 1 7 2694 9 27 13
721 0 3 2698 183 1751 274
722 1 2 2702 52 466 78
723 0 6 2705 32 112 48
724 0 3 2709 1011 10491 1516
725 1 3 2713 25 215 37
726 1 17 2717 142 569 213
727 1 10 2722 1 3 1
728 0 6 2726 102 947 153
729 0 1 2730 24 206 36
730 1 4 2733 1 11 1
731 1 2 2737 1 9 1
732 0 4 2741 2 17 3
733 0 8 2745 171 696 256
734 0 2 2749 1 9 1
735 1 4 2752 1 9 1
736 0 3 2756 1 8 1
737 0 14 2760 1 4 1
738 0 3 2764 1 9 1
739 0 3 2768 25 215 37
740 1 1 2772 4 32 6
741 1 6 2774 192 1841 288
742 0 5 2778 1 12 1
743 1 4 2782 111 1035 166
744 0 2 2786 20 169 30
745 0 2 2790 93 860 139
746 1 2 2794 1 10 1
747 1 5 2798 6 48 9
748 1 7 2802 16 52 24
749 0 3 2806 1 10 1
750 1 3 2810 1 12 1
751 0 32 2814 7860 41998 11790
752 1 3 2819 228 2205 342
753 0 3 2823 459 4591 688
754 1 13 2827 469 2068 703
755 1 12 2831 1 3 1
756 1 3 2835 1 9 1
757 1 2 2839 934 9657 1401
758 1 7 2842 20 67 30
759 0 3 2846 2 17 3
760 0 2 2850 58 523 87
761 1 2 2854 2 17 3
762 1 10 2858 1 5 1
763 1 3 2862 186 1780 279
764 1 4 2866 831 8546 1246
765 1 2 2870 1067 11100 1600
766 0 3 2873 1 9 1
767 0 7 2877 239 1000 358
768 0 2 2881 63 570 94
769 1 1 2885 7 56 10
770 0 19 2888 8 24 12
771 1 4 2893 5728 64141 8592
772 0 2 2897 106456 1339247 159684
773 1 6 2901 21 179 31
774 1 2 2905 41 363 61
775 1 6 2909 17 143 25
776 0 33 2913 55 203 82
777 1 1 2918 1 10 1
778 1 2 2921 11 90 16
779 0 3 2925 33 288 49
780 0 1 2929 3 25 4
781 0 1 2932 14 116 21
782 1 2 2935 12 98 18
783 0 2 2938 214 2063 321
784 0 4 2942 1 11 1
785 1 26 2946 1 3 1
786 0 3 2951 9 73 13
787 0 23 2955 1 6 1
788 1 12 2960 1 4 1
789 0 9 2964 1 5 1
790 0 3 2968 81524 1015305 122286
791 1 2 2972 1 9 1
792 0 4 2976 6 48 9
793 1 11 2980 3 9 4
794 0 2 2984 4 33 6
795 0 2 2988 68 618 102
796 0 8 2992 1 5 1
797 0 1 2996 3 25 4
798 1 14 2999 2 7 3
799 0 2 3003 312 3063 468
800 0 2 3007 14 116 21
801 0 2 3011 1 10 1
802 1 2 3014 58 523 87
803 0 6 3017 192 1841 288
804 1 2 3021 236 2286 354
805 1 3 3024 1002 10393 1503
806 0 2 3028 6482 72964 9723
807 1 8 3032 1 5 1
808 0 1 3036 110 1025 165
809 0 5 3039 112 1045 168
810 0 1 3043 27 233 40
811 0 2 3046 4 33 6
812 0 5 3050 2 17 3
813 1 1 3054 3 25 4
814 0 1 3057 35 307 52
815 1 1 3059 3 25 4
816 0 3 3062 1 11 1
817 0 4 3066 33 288 49
818 1 3 3070 1 9 1
819 1 2 3074 11 90 16
820 0 3 3078 634 6439 951
821 0 4 3082 59 532 88
822 1 4 3086 151 1431 226
823 1 2 3090 2 17 3
824 0 2 3094 89 821 133
825 1 1 3098 1 12 1
826 1 1 3101 169 1610 253
827 0 5 3103 11 90 16
828 1 1 3107 75 685 112
829 1 5 3109 378 3746 567
830 1 1 3113 8267 94008 12400
831 0 2 3116 233 2255 349
832 1 4 3119 1 11 1
833 0 4 3123 6 48 9
834 1 3 3127 4 33 6
835 1 3 3131 259 2520 388
836 0 2 3135 5 40 7
837 1 6 3138 3 25 4
838 1 1 3142 1 9 1
839 0 6 3145 2 17 3
840 0 8 3149 61 227 91
841 0 14 3153 1 4 1
842 1 6 3157 1 3 1
843 0 2 3161 22 188 33
844 1 1 3165 1 10 1
845 0 8 3168 1 4 1
846 1 4 3172 1 9 1
847 1 26 3176 1 3 1
848 0 3 3181 1 9 1
849 0 4 3185 1 12 1
850 1 1 3189 197 1891 295
851 0 5 3192 15 125 22
852 0 1 3196 1 9 1
853 0 6 3199 7 56 10
854 1 1 3203 1 9 1
855 0 2 3206 987 10231 1480
856 0 6 3209 10 81 15
857 1 2 3213 5 41 7
858 1 12 3217 34633 202062 51949
859 1 4 3221 15 125 22
860 0 3 3225 11 90 16
861 1 2 3229 137 1291 205
862 0 4 3233 1 12 1
863 0 5 3237 1 11 1
864 0 8 3241 61 227 91
865 1 2 3245 501 5032 751
866 1 6 3249 58 523 87
867 1 10 3253 1 3 1
868 0 2 3257 34 297 51
869 0 6 3260 23 197 34
870 0 3 3264 1 11 1
871 1 4 3268 110 1026 165
872 1 2 3272 1 10 1
873 0 45 3275 5 15 7
874 0 1 3280 1 10 1
875 0 1 3283 1 8 1
876 0 1 3286 40 353 60
877 0 1 3289 39 344 58
878 1 7 3292 17 56 25
879 0 2 3296 135 1272 202
880 0 5 3299 3 25 4
881 1 1 3303 10 81 15
882 1 2 3306 17 143 25
883 1 2 3309 159211 2033233 238816
884 1 5 3312 1 9 1
885 1 1 3316 3 25 4
886 1 1 3319 1 11 1
887 1 4 3322 563 5686 844
888 0 5 3326 14 116 21
889 1 1 3330 488 4895 732
890 0 4 3333 79 724 118
891 1 6 3337 1 9 1
892 0 13 3341 25 85 37
893 0 4 3345 76 695 114
894 1 2 3349 7 56 10
895 0 1 3353 15650 182688 23475
896 1 2 3356 15 125 22
897 1 8 3360 27 93 40
898 0 2 3364 1607 17028 2410
899 0 1 3368 7 56 10
900 1 2 3370 458 4581 687
901 1 5 3374 1 11 1
902 1 4 3378 1 12 1
903 0 28 3382 601 2699 901
904 0 2 3387 2 17 3
905 1 3 3390 1 11 1
906 0 2 3394 1 11 1
907 0 2 3398 1 9 1
908 0 2 3402 21 179 31
909 1 1 3406 365 3611 547
910 1 5 3409 1 9 1
911 0 2 3413 51493 630106 77239
912 0 1 3417 1 9 1
913 1 1 3420 1 10 1
914 0 2 3423 6 48 9
915 0 4 3426 30 260 45
916 1 12 3430 2660 13258 3990
917 1 3 3434 461016 6119338 691524
918 1 3 3438 33 288 49
919 0 2 3442 823 8460 1234
920 0 3 3446 9 73 13
921 0 1 3450 3 25 4
922 0 5 3453 41 363 61
923 1 1 3457 5 41 7
924 0 4 3460 1 9 1
925 1 7 3464 1 4 1
926 0 1 3468 1 11 1
927 0 3 3471 1 9 1
928 1 1 3475 31 270 46
929 1 5 3478 29 251 43
930 1 3 3482 1 9 1
931 0 1 3486 4 33 6
932 1 8 3489 4 13 6
933 0 6 3493 12938 149865 19407
934 0 3 3497 260 2530 390
935 1 1 3501 6 48 9
936 0 1 3504 244 2367 366
937 1 1 3507 430 4288 645
938 1 1 3510 1 10 1
939 0 2 3513 11 90 16
940 1 74 3517 2 7 3
941 0 6 3522 20 169 30
942 0 1 3526 2 17 3
943 0 5 3529 1 9 1
944 1 1 3533 418 4163 627
945 0 2 3536 61 551 91
946 0 5 3540 1 9 1
947 0 3 3544 49 438 73
948 1 1 3548 4 33 6
949 0 9 3551 14 45 21
950 1 4 3555 66 599 99
951 0 1 3559 2 17 3
952 0 5 3562 565 5707 847
953 0 7 3566 1 3 1
954 1 1 3570 17 143 25
955 1 2 3573 14 116 21
956 1 4 3577 3 25 4
957 1 6 3581 1475 15569 2212
958 0 9 3585 1770 8583 2655
959 0 2 3589 4 32 6
960 0 3 3593 1 9 1
961 1 1 3597 1 9 1
962 0 4 3600 1 11 1
963 1 2 3604 2 17 3
964 0 2 3608 156 1480 234
