0 1 1 5 72 656 108
1 1 10 8 6 18 9
2 0 1 18 1 9 1
3 0 3 22 1 3 1
4 1 7 29 34 120 51
5 1 4 38 26 89 39
6 0 1 46 135 1272 202
7 1 1 51 225 2174 337
8 0 2 57 4489 49749 6733
9 1 1 63 32 279 48
10 0 2 69 1 9 1
11 1 2 75 26 224 39
12 1 10 82 6 18 9
13 0 2 92 248 2408 372
14 1 104 98 1 5 1
15 0 2 111 346 3415 519
16 1 3 117 9 27 13
17 1 1 124 1 8 1
18 1 4 128 1 4 1
19 0 2 136 1 9 1
20 1 2 143 129 1212 193
21 1 19 150 37160 217672 55740
22 1 6 161 28 97 42
23 0 4 170 19 63 28
24 0 14 178 165 670 247
25 1 1 188 98 908 147
26 1 2 193 6 48 9
27 0 2 200 1 11 1
28 0 1 206 2 17 3
29 1 1 211 4 33 6
30 1 1 217 1 9 1
31 0 2 220 6 48 9
32 0 1 226 2 17 3
33 0 2 232 1 9 1
34 1 3 238 1 4 1
35 1 5 245 233 973 349
36 0 14 253 1 4 1
37 0 5 263 1 3 1
38 1 15 271 1 4 1
39 0 3 281 206 852 309
40 1 4 288 1 4 1
41 1 8 296 582 2608 873
42 0 5 305 9 27 13
43 0 1 313 1 9 1
44 0 7 319 1 4 1
45 0 5 328 99 385 148
46 0 5 336 51 187 76
47 1 2 345 1 9 1
48 0 5 351 5057 26282 7585
49 1 2 359 57 513 85
50 1 3 365 117 1094 175
51 1 13 372 1 4 1
52 1 6 382 32 112 48
53 0 2 391 2 17 3
54 1 2 397 1 12 1
55 1 7 403 52 191 78
56 1 2 412 68 618 102
57 0 2 418 83050 1035039 124575
58 1 2 425 19 161 28
59 0 5 432 1454 6956 2181
60 1 1 440 1 11 1
61 1 7 445 2 7 3
62 1 4 454 1 5 1
63 0 3 462 1 10 1
64 1 3 469 12 99 18
65 0 2 476 1 10 1
66 1 2 483 2 17 3
67 1 1 490 1 9 1
68 0 5 495 1 4 1
69 0 3 504 58 215 87
70 0 4 512 128 509 192
71 0 4 520 1 4 1
72 0 3 528 1 10 1
73 1 7 535 4516 23301 6774
74 0 4 544 57 211 85
75 1 8 552 361544 2390181 542316
76 0 6 561 2 7 3
77 1 16 570 1 4 1
78 0 7 580 8 24 12
79 1 2 589 28 242 42
80 0 2 595 1 9 1
81 0 6 601 5341 27855 8011
82 0 5 610 2 6 3
83 0 23 618 31 108 46
84 0 8 629 12 38 18
85 1 1 638 326 3208 489
86 1 4 643 1 4 1
87 1 2 651 1 9 1
88 0 3 657 125 1173 187
89 1 2 664 1 10 1
90 0 4 671 1 3 1
91 1 8 679 32 112 48
92 0 3 688 6 48 9
93 1 1 695 134 1262 201
94 1 3 698 109 428 163
95 1 2 706 2144 23011 3216
96 0 7 712 1 4 1
97 0 1 721 90 830 135
98 1 2 726 7034 79449 10551
99 1 1 733 68 618 102
100 1 7 738 56 207 84
101 0 5 747 1 5 1
102 0 2 755 2847 30938 4270
103 0 6 761 82 314 123
104 0 14 770 109 427 163
105 1 1 780 61 551 91
106 1 8 785 1 4 1
107 0 2 794 4 33 6
108 1 6 800 1388 6619 2082
109 0 40 809 1 3 1
110 0 1 821 2 17 3
111 0 10 826 41 147 61
112 1 3 836 8138 43577 12207
113 0 1 843 1 9 1
114 1 24 847 1 4 1
115 0 5 858 11 34 16
116 1 2 866 1 10 1
117 0 2 873 1 9 1
118 0 6 879 1 4 1
119 1 2 888 1 9 1
120 1 2 894 6 48 9
121 1 2 900 1 11 1
122 0 3 907 1 9 1
123 1 4 914 132 526 198
124 0 2 922 35 307 52
125 0 2 928 1 9 1
126 1 1 935 8 64 12
127 0 2 940 24 206 36
128 1 9 946 58 215 87
129 1 3 955 10 31 15
130 1 1 963 12 99 18
131 1 4 969 1 4 1
132 1 6 977 1229 5811 1843
133 1 1 986 5 41 7
134 1 10 991 214 887 321
135 0 1 1001 3 25 4
136 0 8 1004 73 276 109
137 1 14 1013 723 3291 1084
138 0 2 1023 1 8 1
139 1 3 1029 140 561 210
140 0 8 1037 2 7 3
141 0 27 1046 74 281 111
142 0 7 1057 1 3 1
143 1 3 1066 78 714 117
144 1 6 1073 582 2608 873
145 1 4 1082 29 100 43
146 0 5 1090 66 247 99
147 0 4 1099 1 4 1
148 0 3 1107 23 78 34
149 1 5 1114 5 15 7
150 0 5 1122 402 1752 603
151 1 1 1131 2634 28527 3951
152 0 2 1136 4 33 6
153 0 9 1142 4 13 6
154 0 2 1151 583 5898 874
155 1 1 1158 1 9 1
156 0 1 1161 4 33 6
157 0 2 1165 3 25 4
158 1 2 1172 131 1232 196
159 1 11 1179 7 21 10
160 1 1 1189 152 1440 228
161 0 3 1194 1 3 1
162 0 2 1201 1 9 1
163 1 1 1207 1 9 1
164 0 1 1211 1 11 1
165 1 4 1216 1 5 1
166 0 2 1224 239 2317 358
167 1 1 1230 2 17 3
168 0 5 1236 1 4 1
169 0 1 1244 43 381 64
170 1 6 1249 1 3 1
171 0 1 1258 8 64 12
172 0 16 1263 36 127 54
173 0 2 1273 147 1391 220
174 1 6 1279 20 66 30
175 0 1 1288 1 10 1
176 1 1 1294 11995 138513 17992
177 1 2 1299 1 10 1
178 1 2 1306 1 8 1
179 0 6 1313 1238 5857 1857
180 0 1 1322 1 8 1
181 1 4 1325 2 7 3
182 0 2 1333 6 48 9
183 0 2 1340 4 33 6
184 1 1 1346 15 125 22
185 0 1 1350 2 17 3
186 1 7 1356 1 4 1
187 0 8 1365 6 18 9
188 0 1 1374 1 11 1
189 0 4 1380 1 3 1
190 1 5 1388 1 5 1
191 1 12 1396 1 4 1
192 0 1 1406 1 11 1
193 1 3 1410 267 1127 400
194 1 1 1417 1 9 1
195 0 6 1423 176 718 264
196 1 7 1432 1 4 1
197 0 5 1441 2 7 3
198 1 4 1449 14 45 21
199 0 4 1457 10 31 15
200 0 1 1465 3 25 4
201 1 4 1470 21 70 31
202 0 6 1478 1 4 1
203 0 1 1487 23 197 34
204 1 10 1491 1 5 1
205 0 9 1501 8 24 12
206 0 7 1510 804 3689 1206
207 1 2 1519 15 125 22
208 0 1 1526 1 9 1
209 1 5 1529 1 4 1
210 1 18 1538 165 670 247
211 0 3 1548 1 10 1
212 0 2 1555 1 9 1
213 1 1 1561 1 9 1
214 1 2 1566 1 8 1
215 0 8 1573 1 4 1
216 0 2 1582 7 56 10
217 1 3 1588 115 453 172
218 0 4 1596 7766 41465 11649
219 0 1 1604 1 10 1
220 1 1 1610 2391 25785 3586
221 0 11 1615 65 243 97
222 0 8 1625 313 1338 469
223 1 6 1634 1803 8754 2704
224 0 4 1643 1 4 1
225 0 21 1651 1 4 1
226 1 1 1662 1 9 1
227 1 10 1668 1438 6874 2157
228 0 8 1678 3 10 4
229 1 3 1687 27 93 40
230 0 5 1694 2 7 3
231 1 4 1702 1041 4865 1561
232 1 4 1710 1 4 1
233 1 3 1718 4 12 6
234 1 4 1725 4 13 6
235 0 2 1733 1 9 1
236 0 5 1740 1 4 1
237 0 1 1749 4 33 6
238 1 8 1755 82590 505628 123885
239 0 4 1764 5 15 7
240 1 1 1772 1 9 1
241 1 2 1776 436 4351 654
242 1 6 1782 1224 5786 1836
243 0 1 1791 41 363 61
244 1 1 1796 31 270 46
245 0 11 1799 33 116 49
246 0 1 1809 1 11 1
247 1 13 1815 1 5 1
248 1 9 1825 12 38 18
249 1 2 1834 5 40 7
250 1 1 1841 75 685 112
251 0 9 1846 80 305 120
252 1 10 1855 6 18 9
253 1 7 1865 30 104 45
254 1 4 1874 768 3512 1152
255 0 3 1882 2 17 3
256 0 1 1889 1150 12004 1725
257 1 2 1894 3 25 4
258 0 4 1901 1 3 1
259 0 6 1909 1 3 1
260 1 1 1918 3868 42595 5802
261 1 9 1922 1 5 1
262 0 13 1931 106 415 159
263 1 7 1941 13 41 19
264 0 2 1950 32 279 48
265 1 5 1957 1 5 1
266 1 7 1965 2856 14303 4284
267 1 4 1974 93 360 139
268 0 2 1982 2 17 3
269 0 25 1988 170 692 255
270 1 1 1999 187 1791 280
271 1 11 2005 74 280 111
272 0 1 2015 3 25 4
273 1 1 2020 279 2725 418
274 0 7 2025 16 52 24
275 1 1 2034 1 10 1
276 1 5 2036 1748 8469 2622
277 1 7 2044 3 10 4
278 0 1 2053 2 17 3
279 0 1 2057 4 33 6
280 0 43 2060 1 5 1
281 0 2 2072 1 9 1
282 0 3 2078 6 48 9
283 1 1 2085 11 90 16
284 0 2 2089 1963 20986 2944
285 1 4 2096 2 6 3
286 1 29 2104 45 163 67
287 1 8 2115 1 3 1
288 0 1 2124 26 224 39
289 1 2 2130 161 1530 241
290 0 1 2137 389 3860 583
291 1 1 2140 1 10 1
292 0 1 2145 208 2002 312
293 0 1 2150 240 2327 360
294 0 2 2153 5 40 7
295 0 2 2159 1 9 1
296 0 4 2165 171 696 256
297 1 4 2173 9 27 13
298 0 4 2181 1 4 1
299 1 2 2189 3 25 4
300 0 6 2195 7 21 10
301 0 1 2204 1 9 1
302 1 4 2209 1226 5796 1839
303 0 1 2217 5 40 7
304 1 11 2222 12 38 18
305 1 3 2232 1 4 1
306 0 3 2240 1 3 1
307 1 11 2248 90 347 135
308 1 10 2258 3 10 4
309 0 3 2268 3 10 4
310 1 2 2276 71 647 106
311 1 3 2282 7978 42668 11967
312 1 5 2289 375 1625 562
313 0 2 2297 37 326 55
314 1 1 2303 123 1153 184
315 1 2 2308 135 1271 202
316 1 1 2315 1 9 1
317 0 1 2320 14 116 21
318 0 3 2325 3 10 4
319 0 3 2333 7 21 10
320 1 1 2341 350 3456 525
321 1 12 2343 1 4 1
322 0 1 2353 8012 90989 12018
323 0 7 2358 1 3 1
324 1 1 2367 1 9 1
325 0 1 2373 37 325 55
326 1 3 2379 1 4 1
327 0 1 2387 265 2582 397
328 1 1 2390 11 90 16
329 1 4 2395 12 38 18
330 0 24 2403 1664 8035 2496
331 0 2 2414 1 11 1
332 1 1 2420 1 10 1
333 1 3 2425 27 93 40
334 1 7 2433 30 104 45
335 1 7 2442 1 3 1
336 0 2 2451 2 17 3
337 1 4 2458 1 5 1
338 1 1 2466 121 1133 181
339 0 2 2470 50 447 75
340 0 1 2477 1 11 1
341 1 13 2482 1 4 1
342 1 2 2492 1 11 1
343 0 6 2499 15 48 22
344 0 2 2508 1 9 1
345 1 2 2514 1 9 1
346 1 4 2521 108 423 162
347 0 1 2529 8 64 12
348 0 1 2534 1 10 1
349 0 2 2539 25 215 37
350 1 3 2545 1873 9118 2809
351 1 1 2553 1 9 1
352 1 6 2558 1 5 1
353 0 1 2567 3 25 4
354 1 2 2571 23 197 34
355 0 7 2578 77 293 115
356 1 1 2587 632 6417 948
357 0 3 2592 1 5 1
358 0 12 2599 1 3 1
359 0 5 2609 11636 63686 17454
360 1 5 2617 263 1109 394
361 1 4 2625 84 322 126
362 0 4 2633 1 4 1
363 1 1 2641 1 9 1
364 1 1 2644 9 73 13
365 0 3 2650 2 7 3
366 1 1 2658 4 33 6
367 0 11 2663 1 4 1
368 1 8 2673 4 12 6
369 1 1 2682 710 7249 1065
370 1 2 2686 1 9 1
371 1 8 2692 1 5 1
372 0 5 2701 413 1803 619
373 0 1 2709 1 9 1
374 0 2 2712 1 9 1
375 1 1 2718 9 73 13
376 1 2 2723 24 206 36
377 0 1 2729 41 363 61
378 0 2 2732 379 3756 568
379 0 5 2738 1 3 1
380 0 2 2746 795 8159 1192
381 1 2 2752 111 1035 166
382 0 1 2758 21 179 31
383 1 1 2763 1 10 1
384 1 3 2768 1 5 1
385 1 16 2775 3273 16539 4909
386 0 1 2785 1 10 1
387 0 3 2789 1 8 1
388 1 9 2796 1 3 1
389 1 3 2805 2 6 3
390 0 3 2813 1 11 1
391 0 14 2820 1 4 1
392 0 1 2830 206 1982 309
393 0 3 2835 10 31 15
394 0 3 2842 12 99 18
395 1 7 2849 1 3 1
396 0 1 2858 2 17 3
397 0 13 2860 180 736 270
398 0 6 2870 1 3 1
399 1 1 2879 1 9 1
400 1 7 2884 1 4 1
401 0 8 2893 587 2632 880
402 0 2 2902 337 3321 505
403 0 2 2909 1370 14413 2055
404 0 1 2915 13 107 19
405 1 1 2921 11 90 16
406 1 1 2924 5 41 7
407 1 2 2929 1 9 1
408 0 1 2935 1 10 1
409 0 1 2941 8 64 12
410 0 10 2947 1 3 1
411 0 2 2957 5013 55818 7519
412 0 30 2964 10 31 15
413 1 3 2975 2 6 3
414 1 11 2982 1 4 1
415 0 24 2992 2 7 3
416 1 2 3003 266 2591 399
417 0 5 3009 1 4 1
418 0 2 3017 61 551 91
419 1 3 3023 1 4 1
420 0 8 3031 5 15 7
421 1 2 3040 1 9 1
422 1 9 3046 5 15 7
423 0 1 3055 196 1881 294
424 1 5 3060 6 18 9
425 1 2 3068 221 2134 331
426 1 1 3074 36 316 54
427 1 1 3079 412 4100 618
428 1 1 3084 894 9225 1341
429 1 7 3086 1 5 1
430 0 2 3095 56 504 84
431 1 4 3102 6 18 9
432 1 6 3110 37 131 55
433 0 2 3119 335 3301 502
434 0 2 3126 3 25 4
435 0 9 3132 1275 6044 1912
436 0 3 3141 1193137 8359559 1789705
437 1 6 3149 2 6 3
438 1 1 3158 503 5053 754
439 1 2 3163 6 48 9
440 1 5 3169 2 7 3
441 1 3 3177 10 31 15
442 0 6 3185 9 27 13
443 0 3 3194 1 11 1
444 0 1 3201 53 476 79
445 0 1 3206 3 25 4
446 0 6 3208 1 4 1
447 1 6 3217 1 6 1
448 0 1 3226 7 56 10
449 0 1 3231 70411 872022 105616
450 0 1 3235 101 937 151
451 0 3 3239 1 12 1
452 1 1 3246 1 10 1
453 1 2 3249 2 17 3
454 0 6 3255 1 6 1
455 0 2 3264 110 1025 165
456 0 2 3271 1 9 1
457 1 4 3277 139 557 208
458 0 1 3285 208 2002 312
459 1 13 3289 200 825 300
460 0 5 3299 275 1163 412
461 0 3 3307 414 1808 621
462 0 2 3314 1 10 1
463 1 1 3320 1793 19092 2689
464 0 2 3325 1 11 1
465 1 4 3332 1 4 1
466 0 3 3340 2 6 3
467 1 2 3348 1 9 1
468 0 1 3354 81 743 121
469 0 2 3359 1 9 1
470 1 5 3365 2 6 3
471 1 4 3373 29 100 43
472 0 2 3381 16 134 24
473 1 20 3388 8 24 12
474 1 11 3399 2 6 3
475 1 1 3409 22407 265369 33610
476 0 4 3413 134 535 201
477 0 12 3421 1 4 1
478 0 3 3431 5 15 7
479 0 1 3438 1540 16287 2310
480 1 3 3443 2 6 3
481 0 4 3451 50 183 75
482 1 1 3459 8 64 12
483 1 4 3465 22 74 33
484 0 16 3473 546 2435 819
485 0 3 3483 1 9 1
486 1 1 3490 6028 67646 9042
487 1 1 3496 49 438 73
488 1 1 3501 1 9 1
489 1 4 3506 22 74 33
490 0 1 3514 1 9 1
491 0 2 3520 143 1351 214
492 1 2 3526 14 116 21
493 1 6 3533 9 27 13
494 0 4 3542 7391 39342 11086
495 1 2 3550 22898 271419 34347
496 0 6 3557 3533 17942 5299
497 0 3 3566 43 155 64
498 1 10 3574 1705 8247 2557
499 0 5 3584 9 27 13
500 1 4 3592 2020 9884 3030
501 0 3 3600 1473 7054 2209
502 0 1 3608 5408 60411 8112
