0 0 20 5 2 7 3
1 0 7 16 3955 20233 5932
2 0 3 25 1 5 1
3 0 1 33 82 753 123
4 0 5 39 1163 5478 1744
5 0 2 47 3 25 4
6 1 1 54 6 48 9
7 1 3 59 1 4 1
8 0 3 66 170 692 255
9 1 13 73 126 500 189
10 1 1 83 2 17 3
11 1 2 89 149 1411 223
12 1 5 95 1 4 1
13 1 1 103 19 161 28
14 0 13 108 1 4 1
15 0 16 118 2 7 3
16 0 9 128 113 444 169
17 0 2 137 1165 12167 1747
18 0 6 144 1 5 1
19 1 3 153 1 4 1
20 1 2 161 1 9 1
21 0 1 167 156 1480 234
22 1 4 173 2052 10052 3078
23 1 3 181 1 4 1
24 0 6 189 5113 26592 7669
25 0 2 198 2754 29885 4131
26 1 6 204 59 219 88
27 0 13 213 5311 27688 7966
28 0 17 223 7 21 10
29 1 49 233 1 4 1
30 0 2 245 2 17 3
31 0 4 252 140 561 210
32 0 1 260 5175 57700 7762
33 1 1 266 10 81 15
34 1 2 269 587 5940 880
35 0 2 276 13 107 19
36 0 2 283 8 64 12
37 1 2 290 3 25 4
38 0 3 296 1 4 1
39 1 8 303 16146 90122 24219
40 1 1 312 1 10 1
41 0 1 315 102880 1292597 154320
42 1 5 321 1 3 1
43 0 1 329 9 72 13
44 0 1 334 1 9 1
45 0 3 340 1 10 1
46 0 1 347 3 25 4
47 0 2 352 4 33 6
48 0 2 359 7 56 10
49 1 27 366 201 829 301
50 1 1 377 115 1074 172
51 1 5 380 1 4 1
52 0 3 388 1 4 1
53 1 2 396 4 33 6
54 0 3 402 31 108 46
55 1 2 409 1 9 1
56 0 19 416 21 70 31
57 0 2 427 2 17 3
58 0 4 434 145 582 217
59 1 5 442 2 7 3
60 1 12 450 187 767 280
61 0 5 460 1 5 1
62 0 3 468 1 3 1
63 0 1 475 1 9 1
64 1 2 479 8 64 12
65 0 5 486 6 18 9
66 1 11 495 8 24 12
67 1 3 505 3 9 4
68 1 2 513 1 9 1
69 1 9 519 48 175 72
70 1 1 528 1 11 1
71 0 8 533 11 34 16
72 1 10 542 1 4 1
73 0 1 552 1 10 1
74 1 12 557 10 31 15
75 1 17 567 1 4 1
76 0 1 577 23 197 34
77 1 5 582 103 402 154
78 0 2 590 1 10 1
79 1 4 597 93 360 139
80 1 4 605 1 5 1
81 1 7 613 347 1495 520
82 1 1 622 1 13 1
83 1 7 627 70 264 105
84 0 2 636 8 64 12
85 0 27 643 30 104 45
86 1 8 654 12 38 18
87 1 2 663 1 11 1
88 1 5 669 1 4 1
89 0 3 677 1 9 1
90 1 4 684 2 7 3
91 1 5 692 1 4 1
92 1 3 700 50 447 75
93 1 8 707 1 4 1
94 1 2 716 1 12 1
95 0 1 722 13 107 19
96 1 7 727 1363 6491 2044
97 0 1 736 37 325 55
98 0 6 739 4 13 6
99 0 2 748 4614 51195 6921
100 1 4 754 40 143 60
101 1 2 762 70 637 105
102 0 3 769 139 556 208
103 1 3 777 145 1371 217
104 0 2 784 12 99 18
105 0 1 791 27 233 40
106 1 3 794 6 48 9
107 1 5 801 12 38 18
108 0 7 809 519 2306 778
109 1 5 818 114720 714815 172080
110 1 4 826 2 6 3
111 0 7 834 2 6 3
112 0 2 843 1 9 1
113 1 7 849 1 4 1
114 1 4 858 1 4 1
115 1 3 866 3 25 4
116 0 17 873 1 3 1
117 1 5 883 21 70 31
118 0 1 891 1 9 1
119 1 2 896 21 178 31
120 0 3 903 1 4 1
121 0 1 910 6 48 9
122 0 1 916 6 48 9
123 1 1 922 190 1821 285
124 0 1 927 20 170 30
125 0 1 933 3 25 4
126 1 2 939 17 143 25
127 1 1 945 1 9 1
128 1 6 949 719 3272 1078
129 1 1 958 1 9 1
130 0 5 962 15 48 22
131 0 1 970 1 10 1
132 0 3 974 6 48 9
133 0 2 981 941 9732 1411
134 0 1 988 1 8 1
135 1 5 992 4 12 6
136 1 7 1000 4 12 6
137 1 7 1009 1 6 1
138 0 4 1018 1 3 1
139 0 7 1026 604 2713 906
140 1 10 1035 125 496 187
141 1 4 1045 10 31 15
142 0 11 1053 23 78 34
143 0 2 1063 19 161 28
144 0 11 1069 9 27 13
145 1 2 1079 1 9 1
146 1 9 1085 1 4 1
147 0 3 1094 2326 11490 3489
148 0 3 1101 21213 120321 31819
149 0 1 1108 4 32 6
150 0 1 1112 1 8 1
151 1 8 1117 3 9 4
152 1 2 1126 1 9 1
153 1 11 1133 214 887 321
154 0 19 1143 44 159 66
155 0 1 1154 5856 65636 8784
156 1 2 1159 1 9 1
157 1 4 1165 1812 8801 2718
158 0 2 1173 1 8 1
159 1 8 1180 66 248 99
160 0 3 1189 1 4 1
161 0 1 1196 80 733 120
162 0 16 1201 265 1118 397
163 1 4 1211 49 179 73
164 1 3 1219 199 820 298
165 0 4 1226 1 4 1
166 0 1 1234 11 90 16
167 1 9 1237 214 887 321
168 1 4 1246 281 1191 421
169 1 1 1254 1 9 1
170 0 1 1259 2 17 3
171 1 2 1263 1 10 1
172 0 8 1270 3 10 4
173 1 19 1279 2 6 3
174 1 1 1290 2 17 3
175 0 1 1295 2 17 3
176 0 2 1300 1 12 1
177 1 16 1307 1 5 1
178 1 4 1317 806 3698 1209
179 1 2 1325 65 589 97
180 0 2 1332 33 288 49
181 1 3 1338 60 223 90
182 0 5 1345 2 6 3
183 0 1 1353 211 2033 316
184 1 6 1357 1 4 1
185 1 22 1366 14 45 21
186 0 34 1377 8047 43060 12070
187 0 2 1388 45 400 67
188 1 11 1394 1 3 1
189 0 5 1404 1 5 1
190 1 5 1412 1 5 1
191 0 2 1421 1 12 1
192 0 2 1427 43 381 64
193 1 2 1434 3 25 4
194 1 4 1440 31 108 46
195 1 1 1448 1 10 1
196 0 6 1454 1 5 1
197 1 1 1463 1 10 1
198 1 7 1468 1 4 1
199 0 2 1477 7 56 10
200 0 1 1483 1 9 1
201 0 2 1488 1 9 1
202 1 27 1494 1 5 1
203 1 1 1505 89 821 133
204 0 2 1508 1 10 1
205 1 5 1514 1 4 1
206 1 10 1523 27 93 40
207 1 1 1533 14 116 21
208 1 16 1537 1 4 1
209 0 80 1547 571 2555 856
210 1 27 1559 368 1593 552
211 1 19 1570 1 4 1
212 1 1 1581 4 33 6
213 0 2 1584 1 10 1
214 0 2 1590 6 48 9
215 0 1 1597 35 307 52
216 0 1 1601 1 9 1
217 0 5 1606 1 3 1
218 0 4 1614 1 5 1
219 1 8 1622 18283 102802 27424
220 0 6 1631 2292 11311 3438
221 1 9 1640 4 12 6
222 0 7 1649 8 24 12
223 0 7 1658 330 1416 495
224 1 13 1667 21 71 31
225 0 1 1677 4 33 6
226 0 3 1683 1 3 1
227 0 3 1690 81 309 121
228 0 2 1697 1 10 1
229 0 27 1703 136 543 204
230 1 1 1714 1 10 1
231 0 2 1719 1 9 1
232 0 1 1725 13 108 19
233 0 1 1731 16 134 24
234 0 4 1736 181 741 271
235 0 1 1744 126 1183 189
236 1 10 1749 1 4 1
237 1 2 1759 70 637 105
238 1 2 1766 1 10 1
239 0 2 1772 10 81 15
240 0 3 1779 1 5 1
241 0 5 1787 9 27 13
242 1 3 1795 169 687 253
243 0 3 1802 1 3 1
244 1 1 1809 282 2755 423
245 1 5 1814 56 207 84
246 1 2 1822 1 11 1
247 0 8 1829 1 4 1
248 1 4 1838 10 31 15
249 0 4 1846 57 211 85
250 1 13 1854 1 3 1
251 1 3 1864 1 11 1
252 1 13 1871 2 7 3
253 0 1 1881 1 10 1
254 1 7 1886 3 9 4
255 1 5 1895 516 2291 774
256 0 11 1903 39 139 58
257 0 8 1913 65 243 97
258 1 1 1922 1 11 1
259 0 10 1927 17 56 25
260 0 5 1937 7 21 10
261 1 2 1945 1 10 1
262 1 5 1952 5 15 7
263 1 4 1960 33 116 49
264 1 1 1968 144 1361 216
265 1 19 1973 9 27 13
266 1 1 1984 1 12 1
267 0 2 1988 254 2469 381
268 1 5 1994 2 6 3
269 1 2 2002 1890 20172 2835
270 0 2 2008 15 125 22
271 0 5 2014 8 24 12
272 0 3 2022 1 4 1
273 1 8 2029 105 410 157
274 0 3 2038 8 24 12
275 1 1 2045 4 33 6
276 0 6 2048 1 6 1
277 0 27 2057 585 2622 877
278 0 6 2068 86 330 129
279 0 6 2077 1 4 1
280 0 3 2086 1 4 1
281 0 2 2094 58 523 87
282 0 1 2101 1066 11088 1599
283 0 18 2105 185 758 277
284 0 1 2115 11 90 16
285 1 3 2120 260 1095 390
286 1 3 2127 284 2776 426
287 0 1 2134 1 10 1
288 0 1 2139 1 12 1
289 0 5 2143 191 785 286
290 1 6 2152 141 565 211
291 1 1 2161 1 10 1
292 0 5 2166 19 63 28
293 0 1 2174 47 419 70
294 0 5 2178 12 38 18
295 1 2 2187 1 9 1
296 0 1 2193 272 2653 408
297 0 1 2198 10 81 15
298 1 5 2202 11 34 16
299 0 4 2210 40 143 60
300 1 1 2218 2 17 3
301 0 1 2224 133 1252 199
302 0 1 2229 299 2930 448
303 1 2 2235 1 10 1
304 1 7 2241 817468 5625134 1226202
305 1 16 2250 1 5 1
306 0 7 2260 6 18 9
307 1 2 2269 120 1124 180
308 0 8 2275 49 179 73
309 1 3 2284 1 9 1
310 1 5 2291 13 41 19
311 0 3 2299 1 10 1
312 1 14 2306 3070 15448 4605
313 1 1 2316 524 5274 786
314 0 1 2321 11 90 16
315 1 5 2327 118435 739213 177652
316 1 1 2336 415 4131 622
317 0 2 2341 15 125 22
318 0 4 2347 7323 38957 10984
319 0 3 2355 240 1004 360
320 0 1 2363 63 570 94
321 0 6 2367 540251 3643468 810376
322 1 32 2376 4493 23175 6739
323 1 1 2387 3 25 4
324 0 2 2393 5088 56689 7632
325 0 1 2399 1 9 1
326 0 2 2402 1 9 1
327 0 1 2409 6 48 9
328 0 3 2413 32 112 48
329 1 4 2420 1 4 1
330 0 1 2428 1 8 1
331 0 15 2432 21714 123331 32571
332 1 15 2442 1 6 1
333 0 5 2452 51 187 76
334 0 3 2461 1 4 1
335 0 6 2469 3323 16808 4984
336 0 3 2478 358 1546 537
337 0 1 2486 6 48 9
338 1 1 2491 4 33 6
339 1 1 2497 2 17 3
340 1 1 2502 4 33 6
341 1 1 2507 47 419 70
342 1 10 2511 2208 10869 3312
343 0 21 2520 1 4 1
344 0 5 2531 1 3 1
345 0 3 2539 1 12 1
346 0 3 2546 15 125 22
347 0 8 2553 343 1476 514
348 1 9 2562 6 18 9
349 1 23 2571 25 85 37
350 1 4 2582 796 3649 1194
351 1 1 2590 67 608 100
352 1 1 2594 5 40 7
353 0 3 2598 1 10 1
354 0 4 2605 36 127 54
355 0 3 2613 1 9 1
356 0 3 2620 1 5 1
357 0 1 2628 13881 161250 20821
358 1 1 2634 2 17 3
359 0 3 2636 1424 15008 2136
360 1 5 2643 106 415 159
361 0 2 2651 3 25 4
362 0 2 2658 11 90 16
363 1 39 2665 2 7 3
364 0 4 2677 1 4 1
365 1 2 2685 286 2796 429
366 1 12 2692 1 6 1
367 0 1 2702 6 48 9
368 0 2 2706 1 9 1
369 0 6 2712 254 1068 381
370 0 1 2721 5 40 7
371 0 1 2726 30 261 45
372 0 7 2730 9 27 13
373 1 2 2739 7 56 10
374 1 1 2745 3 25 4
375 0 6 2749 1 4 1
376 0 2 2758 14 116 21
377 0 2 2764 9 73 13
378 0 2 2770 1 10 1
379 1 1 2777 634 6439 951
380 0 2 2782 1 9 1
381 0 5 2788 1 5 1
382 1 4 2796 2392 11838 3588
383 0 3 2804 1 10 1
384 1 4 2811 1 5 1
385 1 20 2819 40 143 60
386 1 2 2830 1 9 1
387 0 6 2836 49 179 73
388 0 2 2845 6 48 9
389 0 1 2851 25 215 37
390 1 2 2855 1 8 1
391 0 12 2862 86 330 129
392 0 1 2872 50 447 75
393 0 3 2877 2 17 3
394 1 2 2884 27 233 40
395 0 1 2891 1 10 1
396 0 5 2895 104 406 156
397 1 1 2903 5 41 7
398 1 2 2908 2 17 3
399 0 5 2914 1 5 1
400 1 33 2922 1 5 1
401 1 1 2933 50 447 75
402 1 3 2937 1 10 1
403 1 3 2944 1 5 1
404 0 3 2951 3 9 4
405 1 1 2958 223 2154 334
406 1 2 2962 27 233 40
407 0 8 2968 5 15 7
408 1 2 2977 1 10 1
409 1 8 2984 1 3 1
410 0 2 2993 2 17 3
411 0 2 2999 10 81 15
412 0 3 3006 787 8073 1180
413 1 2 3013 1 9 1
414 1 1 3020 278 2714 417
415 1 2 3025 1 10 1
416 0 20 3032 2390 11828 3585
417 1 14 3043 23 78 34
418 0 2 3053 1 8 1
419 1 2 3059 11 90 16
420 0 3 3066 1019 10578 1528
421 1 2 3073 4 33 6
422 0 1 3080 61 551 91
423 1 3 3086 35 124 52
424 1 2 3093 17 143 25
425 0 3 3099 8 24 12
426 1 11 3107 7 21 10
427 1 3 3117 10 31 15
428 1 2 3124 1 10 1
429 1 8 3131 3 10 4
430 1 3 3140 8 24 12
431 0 2 3147 26 224 39
432 1 2 3153 1 9 1
433 0 30 3159 27 93 40
434 0 4 3170 2 6 3
435 0 3 3178 70 637 105
436 0 23 3185 1 4 1
437 0 1 3196 24383 289746 36574
438 0 6 3201 7 21 10
439 1 10 3210 4612 23829 6918
440 0 4 3220 1 3 1
441 1 2 3228 1 9 1
442 0 1 3234 7 56 10
443 1 3 3239 81 310 121
444 0 4 3246 1 5 1
445 1 15 3254 2 7 3
446 0 41 3264 1 3 1
447 1 2 3276 3 25 4
448 0 4 3282 1 3 1
449 0 1 3290 5 40 7
450 1 2 3294 21 179 31
451 1 4 3300 8 24 12
452 0 3 3308 1 4 1
453 0 4 3315 1 4 1
454 0 2 3323 281 2745 421
455 1 1 3330 4 32 6
456 1 4 3335 1 3 1
457 1 1 3343 1 8 1
458 0 1 3346 69 628 103
459 1 2 3351 948800 12917909 1423200
460 1 3 3357 176 718 264
461 1 7 3364 19602 110671 29403
462 1 2 3373 17 143 25
463 1 8 3379 6 18 9
464 1 3 3388 635 2863 952
465 0 2 3396 7 56 10
466 1 18 3403 3318 16781 4977
467 0 1 3413 1 10 1
468 0 3 3418 3 10 4
469 0 1 3426 41 362 61
470 1 8 3431 1 4 1
471 0 22 3440 48 175 72
472 0 1 3451 2 17 3
473 0 4 3455 1 4 1
474 1 2 3463 1 10 1
475 1 17 3470 47 171 70
476 1 5 3480 1 3 1
477 1 2 3488 5 41 7
478 1 4 3494 1 3 1
479 1 3 3502 1 4 1
480 0 5 3509 1 4 1
481 1 1 3517 1 9 1
482 0 4 3523 1 3 1
483 0 1 3531 8 64 12
484 0 19 3534 1 4 1
485 1 7 3545 3 10 4
486 0 1 3554 587 5940 880
487 1 7 3558 1 5 1
488 1 1 3567 74 676 111
489 0 3 3570 1 3 1
490 0 3 3578 16 52 24
491 1 8 3586 1 5 1
492 1 1 3595 45481 553868 68221
493 1 2 3599 2400 25887 3600
494 0 4 3605 2019 9879 3028
495 0 2 3613 595 6025 892
