0 1 1 5 748 7655 1122
1 0 12 14 730 3326 1095
2 0 2 34 1 9 1
3 0 2 46 1 9 1
4 1 6 58 3821 19504 5731
5 0 5 75 1 4 1
6 1 2 92 1 10 1
7 0 4 104 337 1448 505
8 0 5 120 228 951 342
9 0 2 137 1104 11502 1656
10 0 2 149 64 580 96
11 1 1 163 15 125 22
12 1 2 167 1 9 1
13 0 2 180 25 215 37
14 0 1 192 371 3673 556
15 1 2 200 1 9 1
16 0 8 213 3 9 4
17 1 1 231 1 11 1
18 1 9 240 14 45 21
19 0 2 259 1 9 1
20 1 1 272 1 9 1
21 0 5 283 1 3 1
22 1 3 299 7 21 10
23 0 5 314 17 56 25
24 1 2 331 2162 23213 3243
25 0 11 345 4 12 6
26 1 8 364 6 18 9
27 0 15 382 4721 24429 7081
28 1 7 402 2 7 3
29 1 4 420 74008 450399 111012
30 1 14 436 4 13 6
31 0 5 456 1 4 1
32 0 3 473 1 4 1
33 1 1 488 1 10 1
34 1 1 493 72 656 108
35 0 3 504 1 4 1
36 0 3 519 20 67 30
37 1 1 533 1102 11480 1653
38 1 3 544 102 398 153
39 1 2 559 7 56 10
40 1 3 572 22359 127211 33538
41 1 9 587 2 7 3
42 0 4 606 5 15 7
43 0 5 622 2 7 3
44 0 2 639 2 17 3
45 1 6 652 3 10 4
46 0 10 670 30 104 45
47 0 8 689 209 865 313
48 1 2 707 13 108 19
49 0 1 721 102 947 153
50 0 1 732 1 10 1
51 1 3 740 30 104 45
52 0 2 754 692 7056 1038
53 1 3 766 115 453 172
54 0 4 781 16 52 24
55 1 18 797 9 27 13
56 0 10 818 1 4 1
57 1 5 837 1 5 1
58 0 2 854 13182 152808 19773
59 1 1 867 22 188 33
60 0 2 877 1 10 1
61 1 1 890 3 25 4
62 0 10 898 1 3 1
63 1 1 917 1 10 1
64 0 6 926 1969 9618 2953
65 1 2 944 6 48 9
66 1 1 958 7 56 10
67 1 2 969 234 2266 351
68 1 1 982 1 10 1
69 1 2 989 15 125 22
70 0 4 1002 12 38 18
71 1 4 1018 254 1068 381
72 0 2 1034 1 9 1
73 0 3 1046 1 8 1
74 1 7 1060 41833 246686 62749
75 1 3 1078 611 2747 916
76 0 4 1093 2 7 3
77 0 6 1108 252 1059 378
78 1 1 1125 2 17 3
79 0 3 1136 1 4 1
80 0 3 1151 15 125 22
81 1 1 1165 1 10 1
82 0 9 1174 4 12 6
83 1 2 1193 2 17 3
84 0 2 1207 1 10 1
85 0 1 1221 4 33 6
86 0 8 1230 1 4 1
87 1 4 1248 1942 9477 2913
88 1 2 1264 1 9 1
89 0 2 1277 389 3861 583
90 0 1 1291 1 9 1
91 0 12 1301 1748 8469 2622
92 0 4 1321 147 591 220
93 1 1 1337 1 12 1
94 0 4 1347 320 1370 480
95 0 6 1362 1 3 1
96 1 2 1380 1 9 1
97 1 7 1394 2 6 3
98 1 4 1412 2 7 3
99 0 16 1428 717 3262 1075
100 1 8 1449 545 2430 817
101 0 3 1467 186 763 279
102 0 4 1482 12 38 18
103 0 2 1498 513 5158 769
104 1 5 1510 1788 8677 2682
105 1 1 1527 3 25 4
106 0 4 1538 665 3009 997
107 1 2 1554 1 9 1
108 0 3 1566 144 1361 216
109 0 3 1580 4 12 6
110 0 1 1595 1 11 1
111 1 5 1606 1 3 1
112 0 1 1622 1 9 1
113 1 1 1633 1 9 1
114 0 9 1640 232 968 348
115 0 5 1659 455 2001 682
116 1 2 1676 1 10 1
117 1 19 1688 8 24 12
118 1 9 1709 3 9 4
119 1 1 1728 8 64 12
120 1 4 1737 1 5 1
121 1 1 1753 26 224 39
122 1 1 1763 10 81 15
123 1 13 1770 20 67 30
124 0 2 1790 1 9 1
125 0 2 1802 1 10 1
126 1 2 1814 1 9 1
127 1 1 1828 280 2735 420
128 0 1 1838 2 17 3
129 1 3 1849 2 6 3
130 1 1 1864 3 25 4
131 0 4 1875 94 364 141
132 1 1 1891 299 2930 448
133 1 4 1900 1 4 1
134 1 17 1915 22 74 33
135 1 5 1936 2 7 3
136 1 5 1953 2677 13349 4015
137 0 3 1970 10 31 15
138 1 13 1985 1 4 1
139 0 9 2005 1 4 1
140 0 6 2024 8 24 12
141 1 7 2041 1 3 1
142 0 27 2059 16 52 24
143 0 15 2081 12 38 18
144 1 2 2101 225 2174 337
145 1 2 2113 111 1035 166
146 1 7 2125 3668 18673 5502
147 1 3 2143 100 928 150
148 0 38 2157 1 3 1
149 0 2 2180 163 1550 244
150 0 6 2194 16 52 24
151 1 2 2211 5 41 7
152 0 2 2225 1 12 1
153 0 1 2238 1 12 1
154 0 7 2245 49 179 73
155 0 1 2263 5 41 7
156 1 4 2273 22 74 33
157 1 5 2289 1 3 1
158 0 5 2306 1399 6675 2098
159 0 1 2323 130 1222 195
160 1 8 2334 252 1059 378
161 1 7 2352 66 247 99
162 1 4 2370 118615 740396 177922
163 1 1 2386 8 64 12
164 0 2 2395 1 10 1
165 0 5 2407 1 4 1
166 1 1 2424 1190 12441 1785
167 0 9 2435 5 15 7
168 1 1 2454 1 9 1
169 0 1 2464 5 41 7
170 1 1 2470 38 335 57
171 0 3 2481 1050 10915 1575
172 0 4 2495 3 10 4
173 0 5 2511 1 4 1
174 0 3 2528 2 17 3
175 1 19 2542 1 3 1
176 1 1 2563 1 9 1
177 0 1 2572 1 13 1
178 1 1 2583 1 10 1
179 0 2 2594 205 1972 307
180 1 2 2606 447789 5937602 671683
181 0 2 2618 4 33 6
182 0 5 2631 1 4 1
183 1 1 2648 5 41 7
184 0 1 2658 1 10 1
185 1 5 2667 1 7 1
186 1 3 2684 20502 116057 30753
187 0 3 2699 2 6 3
188 0 1 2714 17 143 25
189 0 4 2722 25 85 37
190 0 2 2738 1 9 1
191 0 10 2750 1 3 1
192 1 1 2769 1 10 1
193 1 6 2778 1 3 1
194 0 11 2796 1 3 1
195 1 1 2815 447 4465 670
196 0 2 2821 1 9 1
197 1 2 2833 4 33 6
198 0 1 2846 1 9 1
199 1 2 2857 1 9 1
200 0 2 2869 1 13 1
201 1 3 2882 1 9 1
202 0 5 2896 1 5 1
203 0 4 2913 5 15 7
204 0 1 2929 1 10 1
205 0 3 2939 83 318 124
206 1 146 2954 5 15 7
207 0 2 2980 17 143 25
208 0 16 2992 8 24 12
209 1 4 3013 144 578 216
210 1 2 3028 16 134 24
211 0 1 3041 1996 21355 2994
212 0 3 3052 52 191 78
213 0 8 3067 7206 38296 10809
214 1 11 3086 23 78 34
215 1 1 3105 15 125 22
216 1 5 3114 1 4 1
217 0 9 3131 3039 15282 4558
218 0 3 3150 1 3 1
219 0 3 3165 1 4 1
220 1 5 3180 3 10 4
221 0 2 3197 13 108 19
222 0 2 3210 1620 17172 2430
223 1 3 3224 33 116 49
224 1 6 3238 1 3 1
225 1 3 3256 26 89 39
226 1 3 3271 1 4 1
227 1 3 3286 1 5 1
228 0 2 3301 5 41 7
229 0 3 3313 459 2020 688
230 0 1 3328 1 9 1
231 1 1 3339 1 10 1
232 1 6 3348 27 93 40
233 1 5 3365 1 4 1
234 0 6 3382 29 101 43
235 1 4 3400 4 13 6
236 0 4 3416 10059 54570 15088
237 0 1 3432 10 81 15
238 1 15 3443 18 59 27
239 1 4 3463 5 15 7
240 0 4 3479 79 301 118
241 0 7 3495 4 13 6
242 1 3 3513 1 3 1
243 1 3 3528 2 6 3
244 1 5 3543 39 139 58
245 1 3 3560 1 3 1
246 0 6 3575 2 7 3
247 0 2 3593 19 161 28
248 1 5 3606 114 449 171
