0 0 16 5 12 38 18
1 0 1 15 9 73 13
2 1 11 18 13 41 19
3 1 8 28 808 3708 1212
4 0 1 37 26 224 39
5 0 2 41 1 10 1
6 0 1 47 5 40 7
7 1 1 51 4 33 6
8 1 2 54 5762 64538 8643
9 1 1 61 8119 92255 12178
10 1 2 66 1 10 1
11 1 6 73 1 5 1
12 1 5 82 421 1841 631
13 1 14 90 2 7 3
14 1 1 100 1 10 1
15 1 1 105 1 9 1
16 1 2 110 4 33 6
17 1 2 117 3 25 4
18 1 4 124 8842 47590 13263
19 1 4 132 4 12 6
20 1 1 140 17 143 25
21 0 4 145 18 59 27
22 0 6 153 1 4 1
23 0 4 162 8 24 12
24 0 7 170 7007 37174 10510
25 0 8 179 3611 18364 5416
26 0 2 188 123 1153 184
27 0 3 194 183 749 274
28 1 1 201 1 9 1
29 1 1 206 2 17 3
30 1 9 211 7 21 10
31 0 3 220 22 188 33
32 1 2 227 9969 114245 14953
33 1 2 234 5666 63418 8499
34 1 2 241 453 4528 679
35 1 1 247 1 12 1
36 0 8 253 38 135 57
37 1 4 262 1 4 1
38 0 1 270 8 64 12
39 0 12 275 5 15 7
40 1 3 285 256530 1666783 384795
41 0 1 292 2 17 3
42 0 2 295 184 1760 276
43 0 2 302 1 10 1
44 0 2 309 1 9 1
45 0 4 316 1 5 1
46 0 1 324 175 1670 262
47 0 9 328 1 4 1
48 0 10 337 121 478 181
49 0 8 347 1 3 1
50 0 1 356 4 33 6
51 0 17 360 1 5 1
52 1 2 370 2 17 3
53 0 8 376 3 10 4
54 0 2 385 1 11 1
55 0 40 392 30 104 45
56 1 2 404 2 17 3
57 0 3 411 3 10 4
58 1 2 418 72 656 108
59 0 6 424 52 191 78
60 0 4 433 1 5 1
61 1 4 441 1 4 1
62 1 1 449 1 9 1
63 1 1 454 124 1163 186
64 1 2 459 7 56 10
65 0 6 465 1 3 1
66 1 1 474 75293 934872 112939
67 1 5 479 13 41 19
68 1 3 488 1 5 1
69 0 4 495 1 3 1
70 1 10 503 1 6 1
71 1 5 513 1 4 1
72 0 5 522 3 10 4
73 1 2 530 1 9 1
74 0 6 537 176164 1122689 264246
75 1 1 546 41 363 61
76 1 9 550 46 167 69
77 0 6 559 1 3 1
78 0 1 568 1 10 1
79 1 1 573 1 11 1
80 0 4 579 3541 17985 5311
81 1 3 587 1 6 1
82 1 5 595 27 93 40
83 0 1 604 1 9 1
84 1 3 609 3 10 4
85 0 14 616 3821 19504 5731
86 1 1 626 1 10 1
87 0 1 631 3 25 4
88 1 2 636 20 170 30
89 1 3 642 1 9 1
90 0 4 649 29787 172302 44680
91 1 3 657 69 260 103
92 1 3 664 19534 110264 29301
93 0 3 672 37761 221393 56641
94 0 4 679 761 3477 1141
95 1 10 687 29 101 43
96 0 2 697 47 419 70
97 1 60 703 13 41 19
98 0 2 715 32 279 48
99 0 3 722 1188 12419 1782
100 1 2 729 4 33 6
101 1 8 735 6 18 9
102 0 3 744 1508 7233 2262
103 1 3 752 7315 38912 10972
104 1 3 760 1 9 1
105 1 3 767 44 159 66
106 0 2 775 727 7430 1090
107 1 9 782 1 5 1
108 1 3 791 10019 54339 15028
109 0 1 798 4 33 6
110 0 8 804 11 34 16
111 0 3 813 9 27 13
112 1 2 821 4 33 6
113 1 27 827 163 661 244
114 0 2 838 2 17 3
115 0 11 844 2 6 3
116 1 2 854 1 9 1
117 0 3 860 161 1530 241
118 0 2 867 1 9 1
119 1 2 874 7349 83159 11023
120 0 1 881 113 1055 169
121 1 2 886 2 17 3
122 0 1 893 2917 31733 4375
123 0 2 897 542 5464 813
124 1 20 903 108861 676418 163291
125 1 5 914 275 1163 412
126 1 1 922 1 8 1
127 1 39 926 25065 143555 37597
128 1 2 938 9 72 13
129 1 1 945 1 10 1
130 0 17 950 1 3 1
131 1 4 960 1 5 1
132 1 185 968 22 74 33
133 1 2 981 1 10 1
134 0 5 987 2262 11153 3393
135 0 1 996 1 9 1
136 0 2 1000 270 2633 405
137 0 2 1007 1 10 1
138 0 8 1014 292 1241 438
139 0 2 1023 2 17 3
140 0 8 1029 7 21 10
141 1 1 1038 1 8 1
142 0 2 1042 1 11 1
143 1 4 1049 59 219 88
144 0 2 1057 1 8 1
145 1 3 1063 7 21 10
146 1 1 1070 1 9 1
147 1 2 1074 150 1420 225
148 0 3 1080 22 74 33
149 0 1 1088 107 996 160
150 1 7 1092 23 78 34
151 1 7 1101 1 4 1
152 0 5 1110 13 41 19
153 0 1 1118 66464 821326 99696
154 0 3 1123 1 5 1
155 1 2 1131 743 7601 1114
156 1 7 1137 1 3 1
157 0 1 1146 15 125 22
158 1 1 1150 1 9 1
159 1 5 1155 173 705 259
160 0 2 1163 1 8 1
161 0 2 1169 34 297 51
162 0 2 1176 2092 22429 3138
163 1 3 1183 1 8 1
164 0 8 1190 5 15 7
165 0 1 1199 1 12 1
166 1 3 1203 1 6 1
167 0 2 1210 1 10 1
168 0 3 1216 1 9 1
169 1 7 1223 2 6 3
170 0 3 1232 5 15 7
171 0 4 1240 1 7 1
172 1 2 1248 4 33 6
173 0 8 1255 25 85 37
174 1 2 1264 83 763 124
175 0 4 1270 3 10 4
176 1 2 1278 27 233 40
177 1 5 1284 1 4 1
178 1 1 1292 210 2022 315
179 0 4 1297 26 89 39
180 0 1 1305 1 10 1
181 1 13 1309 28 97 42
182 0 3 1319 247 2398 370
183 0 21 1326 1 5 1
184 0 5 1337 5 15 7
185 0 2 1345 1 12 1
186 0 9 1352 1 4 1
187 1 1 1361 1776 18903 2664
188 0 19 1365 1 5 1
189 0 3 1376 8683 46682 13024
190 0 6 1383 1 3 1
191 1 2 1392 1 9 1
192 1 2 1398 1 10 1
193 1 1 1404 1 10 1
194 0 2 1409 7187 81251 10780
195 1 8 1416 27 93 40
196 1 3 1425 14 116 21
197 1 2 1432 711 7259 1066
198 1 1 1438 1 9 1
199 1 16 1442 1 3 1
200 1 4 1452 3 10 4
201 0 2 1460 65 590 97
202 0 8 1467 1755 8506 2632
203 0 1 1476 1 11 1
204 0 12 1479 1 4 1
205 0 2 1489 22 188 33
206 0 4 1496 9 27 13
207 1 1 1504 9 73 13
208 1 5 1508 183 749 274
209 0 1 1517 15 125 22
210 0 8 1523 1 4 1
211 1 1 1532 2468 26653 3702
212 1 1 1538 2 17 3
213 0 3 1544 1 3 1
214 0 3 1552 1 4 1
215 0 4 1559 487 2153 730
216 0 3 1567 1 4 1
217 1 3 1575 30 104 45
218 1 10 1582 1 6 1
219 1 4 1592 91 351 136
220 0 3 1600 202498 1299856 303747
221 0 3 1607 52 191 78
222 0 5 1614 2 7 3
223 0 1 1622 2534 27397 3801
224 1 1 1626 1 11 1
225 0 4 1630 100 389 150
226 0 2 1638 1 9 1
227 0 8 1645 92 355 138
228 1 1 1654 1 10 1
229 1 2 1659 1 9 1
230 0 7 1665 1094 5131 1641
231 1 2 1674 1325 13919 1987
232 1 13 1681 3 10 4
233 1 11 1691 89 343 133
234 1 2 1701 1900 20284 2850
235 1 4 1708 4 12 6
236 1 1 1716 1 10 1
237 0 1 1720 1 9 1
238 1 3 1725 5 15 7
239 1 4 1732 1 4 1
240 1 4 1740 1 4 1
241 1 2 1748 8 64 12
242 1 3 1754 9 27 13
243 0 2 1762 567 5728 850
244 1 6 1769 1 5 1
245 0 6 1778 21 70 31
246 1 4 1787 4 12 6
247 1 4 1795 177 723 265
248 0 2 1803 8 64 12
249 1 2 1809 305 2992 457
250 0 2 1816 2 17 3
251 0 1 1823 45 400 67
252 1 6 1828 3 9 4
253 0 13 1837 1 3 1
254 0 8 1847 1 4 1
255 1 5 1856 539 2401 808
256 1 1 1864 1 10 1
257 0 1 1868 1 11 1
258 1 5 1874 1535 7371 2302
259 1 1 1882 1 10 1
260 0 2 1887 1314 13798 1971
261 0 4 1894 4 12 6
262 0 10 1902 1 4 1
263 1 2 1912 1 10 1
264 0 1 1918 1 12 1
265 0 1 1923 3241 35419 4861
266 1 1 1928 58 523 87
267 0 2 1932 2 17 3
268 0 11 1939 4 12 6
269 1 23 1949 23 78 34
270 1 1 1960 202 1942 303
271 1 6 1964 106 415 159
272 1 4 1973 1 5 1
273 0 2 1981 1 10 1
274 1 1 1987 26 224 39
275 1 15 1993 1 4 1
276 0 6 2003 5 15 7
277 1 8 2012 206 852 309
278 1 5 2021 1 4 1
279 1 1 2029 577 5834 865
280 0 9 2035 1 4 1
281 1 2 2044 233 2255 349
282 1 4 2050 1 3 1
283 0 3 2058 1 10 1
284 1 2 2065 2 17 3
285 1 3 2072 1 11 1
286 0 3 2079 363 1569 544
287 1 1 2087 2 17 3
288 1 4 2093 10 31 15
289 0 2 2101 1 9 1
290 0 6 2108 160 648 240
291 1 1 2117 5 40 7
292 1 11 2122 1 3 1
293 0 18 2132 157 635 235
294 1 5 2142 3 10 4
295 0 4 2150 1 5 1
296 0 2 2158 1 10 1
297 0 2 2164 1 9 1
298 1 4 2170 1 4 1
299 1 1 2178 34 297 51
300 0 1 2182 9 72 13
301 1 3 2187 3 10 4
302 0 5 2194 1 3 1
303 0 5 2202 826 3797 1239
304 0 3 2210 1 3 1
305 0 7 2217 1 4 1
306 1 7 2226 1 5 1
307 0 3 2235 14 116 21
308 0 3 2242 98 908 147
309 1 1 2249 1 10 1
310 1 9 2254 1 4 1
311 1 7 2263 59 219 88
312 0 10 2272 59572 358264 89358
313 1 7 2282 1 4 1
314 1 7 2291 1 4 1
315 1 10 2300 2 6 3
316 1 5 2310 1 3 1
317 1 3 2318 1 9 1
318 0 3 2325 1 3 1
319 0 1 2333 11 90 16
320 1 3 2337 1 9 1
321 1 1 2344 1 9 1
322 1 6 2349 1 4 1
323 0 1 2358 197806 2546426 296709
324 1 4 2363 29 101 43
325 0 12 2371 376 1630 564
326 1 5 2381 7010 37190 10515
327 0 2 2389 132 1242 198
328 0 4 2395 1 5 1
329 1 4 2403 12 38 18
330 1 2 2411 1 11 1
331 0 36 2418 1 4 1
332 0 2 2429 1 9 1
333 0 4 2435 1 3 1
334 1 1 2443 4321972 61943435 6482958
335 0 3 2448 12307377 95739747 18461065
336 1 4 2455 205 847 307
337 0 5 2463 10 31 15
338 0 3 2471 5909 31015 8863
339 0 2 2479 3 25 4
340 0 1 2486 360 3560 540
341 1 6 2491 348 1500 522
342 0 5 2500 559 2497 838
343 1 1 2508 80 733 120
344 1 1 2512 172 1640 258
345 1 2 2518 4 33 6
346 0 3 2524 1 3 1
347 0 3 2532 72 272 108
348 1 2 2539 5 40 7
349 0 6 2546 1 4 1
350 0 3 2555 77 293 115
351 0 1 2562 1 10 1
352 1 4 2566 1 5 1
353 1 2 2574 1 10 1
354 0 1 2580 1 12 1
355 0 1 2584 1 11 1
356 1 5 2587 1 4 1
357 0 2 2595 2033 21769 3049
358 0 4 2601 13 41 19
359 1 6 2609 6 18 9
360 1 3 2618 4 12 6
361 0 5 2625 10 31 15
362 0 21 2633 1 4 1
363 0 22 2644 1 3 1
364 1 1 2655 754 7719 1131
365 0 4 2660 1014 4730 1521
366 0 2 2668 5 41 7
367 0 11 2675 20 67 30
368 0 1 2685 17 143 25
369 0 3 2689 1 5 1
370 1 5 2696 260 1095 390
371 0 1 2704 1 9 1
372 0 3 2709 8 24 12
373 0 5 2716 27 93 40
374 1 5 2724 82 314 123
375 1 4 2732 186 763 279
376 0 8 2740 1 4 1
377 1 2 2749 14 116 21
378 0 1 2755 30 260 45
379 1 37 2760 2 6 3
380 0 2 2771 104 967 156
381 0 25 2778 36 127 54
382 1 4 2789 1 5 1
383 1 1 2797 406 4037 609
384 1 5 2802 2 6 3
385 0 6 2810 2039 9983 3058
386 1 5 2819 1 4 1
387 0 23 2827 2 7 3
388 1 5 2838 11885 65132 17827
389 1 1 2846 2 17 3
390 0 6 2849 1 3 1
391 0 3 2858 1 8 1
392 1 2 2865 4 33 6
393 0 6 2872 13008 71675 19512
394 1 7 2881 4894 25382 7341
395 1 2 2890 84 772 126
396 1 2 2896 764 7826 1146
397 1 3 2903 13 41 19
398 0 7 2910 1 5 1
399 0 3 2919 1 5 1
400 0 1 2927 78 714 117
401 1 1 2932 1 11 1
402 1 1 2935 1 10 1
403 1 1 2941 4 33 6
404 0 9 2944 98398 608113 147597
405 0 7 2953 1 4 1
406 1 1 2962 2 17 3
407 0 1 2967 1161 12124 1741
408 0 5 2972 5 15 7
409 1 7 2980 233 973 349
410 1 14 2989 1150 5412 1725
411 1 2 2999 47 419 70
412 0 7 3006 57 211 85
413 1 6 3015 11 34 16
414 1 3 3024 1 4 1
415 0 2 3031 27 233 40
416 0 2 3038 1 9 1
417 0 1 3045 1 9 1
418 1 2 3050 2208 23729 3312
419 0 2 3056 400 3975 600
420 0 5 3063 1 5 1
421 0 3 3072 63 570 94
422 1 4 3079 5 15 7
423 1 4 3087 1 3 1
424 1 6 3095 1 3 1
425 1 5 3104 396606 2634132 594909
426 0 3 3112 191 1831 286
427 0 3 3119 288 2817 432
428 0 1 3126 45337 552047 68005
429 1 2 3130 905 9344 1357
430 0 2 3137 1 10 1
431 0 3 3143 38 135 57
432 0 2 3150 1 10 1
433 1 2 3156 9 73 13
434 0 1 3162 1 8 1
435 0 2 3167 1 9 1
436 0 1 3173 46 409 69
437 0 3 3177 1 4 1
438 0 6 3185 1 3 1
439 1 1 3194 23 197 34
440 0 3 3199 1 4 1
441 1 10 3206 1 5 1
442 0 2 3216 183 1750 274
443 1 6 3222 1 4 1
444 0 4 3231 2 7 3
445 0 4 3239 12 38 18
446 1 3 3247 4621 23878 6931
447 1 3 3254 1 4 1
448 1 11 3261 29 100 43
449 1 8 3271 1 4 1
450 0 4 3280 1 3 1
451 0 2 3288 1 11 1
452 1 1 3294 131 1232 196
453 1 4 3297 63 235 94
454 0 11 3305 451 1982 676
455 1 1 3315 335 3301 502
456 1 6 3321 2 6 3
457 0 5 3330 1 4 1
458 1 2 3338 41 363 61
459 1 2 3344 69 628 103
460 0 2 3350 321778 4216421 482667
461 1 1 3356 406 4037 609
462 1 5 3358 11 34 16
463 0 1 3366 285 2786 427
464 0 3 3370 4658 51704 6987
465 1 4 3377 4 12 6
466 0 23 3385 519 2306 778
467 0 6 3396 3 10 4
468 1 1 3405 1 10 1
469 0 5 3411 6 18 9
470 0 3 3419 13 107 19
471 1 1 3426 15 125 22
472 1 2 3429 32 279 48
473 0 1 3435 3 25 4
474 1 7 3440 7 21 10
475 0 2 3449 1 10 1
476 0 1 3456 2 17 3
477 0 7 3461 1 3 1
478 0 1 3470 42 372 63
479 1 2 3475 67 609 100
480 0 4 3481 12978 71500 19467
481 0 2 3489 581 5877 871
482 1 3 3496 8 24 12
483 1 1 3504 11 90 16
484 0 8 3510 6 18 9
485 1 4 3519 10 31 15
486 1 2 3527 196 1881 294
487 1 3 3533 2 6 3
488 0 7 3540 12108 66429 18162
489 1 6 3549 5 15 7
490 0 3 3558 1 5 1
491 1 2 3565 21 179 31
492 0 1 3571 1277 13392 1915
493 0 1 3576 867 8934 1300
494 0 2 3581 9 72 13
495 1 2 3587 1 8 1
496 1 1 3594 1 9 1
497 0 2 3599 60 542 90
498 1 1 3606 1 9 1
