0 0 5 5 1224 12812 1836
1 1 35 9 138 552 207
2 0 2 15 5 40 7
3 1 2 18 2 17 3
4 1 4 21 1793 19092 2689
5 1 18 25 2 7 3
6 1 1 30 9 72 13
7 1 3 33 1 9 1
8 0 3 37 26294 313393 39441
9 1 16 41 101 393 151
10 0 2 46 1 10 1
11 1 2 49 4 33 6
12 1 8 52 59 219 88
13 1 3 57 86 792 129
14 0 24 61 15 48 22
15 0 1 66 33 288 49
16 1 10 68 1 4 1
17 1 21 73 19163 108049 28744
18 0 1 78 1 10 1
19 1 1 80 1 10 1
20 1 1 82 2 17 3
21 1 1 85 49 438 73
22 1 18 88 3 9 4
23 0 1 93 4 33 6
24 0 2 94 3 25 4
25 1 27 97 1 4 1
26 0 11 103 10 31 15
27 0 1 108 61 551 91
28 0 2 110 25 215 37
29 0 1 113 1 9 1
30 1 3 115 10 81 15
31 0 2 119 1 11 1
32 0 4 122 1 11 1
33 0 5 126 1 10 1
34 0 10 130 1 3 1
35 0 11 135 10 31 15
36 1 1 140 83 762 124
37 0 1 142 36 316 54
38 1 6 144 1 10 1
39 1 1 148 1 10 1
40 1 9 151 1 5 1
41 1 6 156 1 9 1
42 1 4 160 3 25 4
43 1 9 164 6 18 9
44 0 38 169 122821 768067 184231
45 1 2 175 2823 30666 4234
46 1 2 178 1 10 1
47 0 1 181 38 335 57
48 1 10 183 2 7 3
49 0 1 188 12 99 18
50 0 2 190 43090 523650 64635
51 1 9 193 1 3 1
52 0 3 198 1 8 1
53 0 5 202 1 9 1
54 1 4 206 1 9 1
55 1 3 210 1 11 1
56 1 13 214 1 4 1
57 1 2 219 2 17 3
58 1 1 222 7341 83065 11011
59 1 16 225 9 27 13
60 0 2 230 21 179 31
61 1 1 233 9 73 13
62 1 29 234 7748 41363 11622
63 0 4 240 27 233 40
64 0 1 244 5 40 7
65 0 2 246 3 25 4
66 0 1 249 663 6747 994
67 0 10 251 19 63 28
68 0 4 256 18 152 27
69 1 4 260 21 179 31
70 0 4 264 1474 15559 2211
71 0 3 268 106077 1334300 159115
72 1 20 272 1 3 1
73 1 4 277 699 7131 1048
74 1 2 281 1 13 1
75 1 3 284 1 9 1
76 0 6 288 1 4 1
77 0 2 292 272 2653 408
78 1 15 295 2 7 3
79 1 2 300 2 17 3
80 0 2 303 54 485 81
81 1 3 306 1 9 1
82 0 4 310 3 25 4
83 0 7 314 50159 298798 75238
84 0 3 319 8779 100079 13168
85 1 4 323 2 17 3
86 0 7 327 316 1352 474
87 1 4 332 13 107 19
88 0 2 336 25 215 37
89 1 3 339 1847 19693 2770
90 1 1 343 2 17 3
91 0 2 345 4 33 6
92 1 2 348 442 4413 663
93 1 3 351 22 188 33
94 1 2 354 7364 83336 11046
95 1 1 357 439 4382 658
96 0 4 358 11 90 16
97 1 18 362 24 81 36
98 1 1 367 21 179 31
99 1 2 370 14656319 218523407 21984478
100 1 1 373 305 2991 457
101 0 1 376 1 9 1
102 0 3 378 6 48 9
103 0 2 381 1 9 1
104 1 11 384 1 3 1
105 0 7 389 3 9 4
106 0 1 393 81 743 121
107 0 9 395 9 27 13
108 0 4 400 223 2154 334
109 0 1 404 4 33 6
110 0 3 407 1 9 1
111 1 3 411 2060 22071 3090
112 0 5 415 7 56 10
113 1 2 419 3 25 4
114 1 5 422 1 12 1
115 0 20 426 526 2339 789
116 1 7 431 2 6 3
117 1 7 435 1 4 1
118 0 1 440 876 9031 1314
119 1 7 443 2029 9931 3043
120 1 3 448 1 10 1
121 1 2 452 566 5718 849
122 1 1 455 1 8 1
123 0 1 456 1 10 1
124 0 2 459 1 10 1
125 1 3 462 1 10 1
126 0 1 466 1 9 1
127 0 15 467 10 31 15
128 1 1 472 3806629 54328811 5709943
129 0 2 474 1 9 1
130 1 2 477 3 25 4
131 0 1 480 1 10 1
132 1 14 483 1 5 1
133 1 5 488 1 9 1
134 0 1 492 1 10 1
135 0 2 494 1 13 1
136 0 2 497 2927308 41415306 4390962
137 0 2 500 1 10 1
138 0 2 503 6570 73996 9855
139 0 1 506 1 11 1
140 0 3 508 3 25 4
141 0 3 512 1 9 1
142 0 1 516 1 10 1
143 1 5 519 1 12 1
144 0 3 523 1 9 1
145 0 12 527 1 4 1
146 0 13 532 4 12 6
147 1 4 537 74 676 111
148 1 1 541 16 134 24
149 1 3 543 1 9 1
150 1 7 547 988 4600 1482
151 1 1 551 91 840 136
152 0 1 553 1569 16608 2353
153 1 3 555 2 17 3
154 1 4 559 3 25 4
155 0 2 563 3 25 4
156 0 1 566 196 1881 294
157 1 1 568 1 10 1
158 1 3 571 16 134 24
159 0 41 575 1 4 1
160 1 46 581 1 4 1
161 1 4 587 48 428 72
162 0 3 591 1 10 1
163 0 3 595 1 9 1
164 0 6 599 1 9 1
165 1 16 603 5 15 7
166 0 9 608 1 6 1
167 1 13 613 1 3 1
168 0 3 618 950 9830 1425
169 1 7 622 1 3 1
170 0 2 626 40 353 60
171 0 2 629 1 10 1
172 0 5 632 316 3105 474
173 0 2 636 4 33 6
174 0 4 639 49 438 73
175 0 6 643 7 56 10
176 1 4 647 3 25 4
177 1 4 651 1 11 1
178 1 17 655 38 135 57
179 1 2 660 667566 8977898 1001349
180 1 3 663 56439 693077 84658
181 0 3 667 28 242 42
182 1 3 671 11 90 16
183 0 8 675 355 1532 532
184 1 4 680 1 10 1
185 1 3 684 17 143 25
186 1 32 688 1 5 1
187 0 1 694 5 40 7
188 1 3 696 6 48 9
189 0 3 700 6 48 9
190 1 3 704 1 11 1
191 0 3 708 1 11 1
192 0 6 712 199 1911 298
193 1 31 716 13 41 19
194 0 2 722 1 10 1
195 1 4 725 14 116 21
196 1 4 729 1 10 1
197 0 13 733 1 5 1
198 1 3 738 1 9 1
199 0 4 742 1 11 1
200 1 35 746 48 175 72
201 1 2 752 51 456 76
202 1 1 755 2 17 3
203 0 5 756 1 10 1
204 1 4 760 1 9 1
205 1 6 764 1 9 1
206 1 4 768 3 25 4
207 0 1 772 1 10 1
208 0 2 774 1 9 1
209 1 12 777 1 5 1
210 0 1 782 1037 10773 1555
211 0 2 785 26 224 39
212 1 1 788 1 9 1
213 1 3 791 3 25 4
214 0 8 795 2 7 3
215 1 7 800 1 6 1
216 0 2 805 5 41 7
217 0 5 808 1 9 1
218 1 1 812 1 9 1
219 0 1 814 54 485 81
220 0 2 816 14 116 21
221 0 7 819 1 3 1
222 0 6 824 75 685 112
223 0 2 828 1887 20139 2830
224 0 5 831 2 17 3
225 0 5 835 1 9 1
226 1 13 839 8 24 12
227 0 3 844 329 3239 493
228 0 1 848 1 10 1
229 1 1 851 1 10 1
230 0 1 853 5 40 7
231 0 1 854 1 10 1
232 0 4 857 394 3913 591
233 1 3 861 9 73 13
234 0 1 865 1 9 1
235 0 4 868 86 791 129
236 1 1 872 7 56 10
237 0 1 875 35 307 52
238 0 2 877 1 10 1
239 0 6 880 11 34 16
240 0 1 884 158 1500 237
241 0 3 886 2 17 3
242 1 1 890 133 1252 199
243 0 3 892 85 782 127
244 1 3 896 1 9 1
245 0 5 900 125 1173 187
246 1 3 904 46 409 69
247 1 2 908 3 25 4
248 1 2 911 8 64 12
249 0 3 914 2 17 3
250 0 20 918 9661 52281 14491
251 1 16 923 1 5 1
252 1 3 928 1 8 1
253 1 1 931 76149 945908 114223
254 0 6 933 1 9 1
255 0 3 937 6 48 9
256 1 5 941 2 17 3
257 1 3 945 159 1510 238
258 1 5 949 1 12 1
259 0 13 953 183 749 274
260 1 3 958 5 41 7
261 0 3 962 1 8 1
262 1 1 966 3 25 4
263 1 2 968 34 297 51
264 0 21 971 93 360 139
265 0 2 976 1 9 1
266 0 8 979 2 7 3
267 0 2 984 173 1650 259
268 1 4 987 228 2205 342
269 1 4 991 69 628 103
270 1 3 995 30 261 45
271 0 5 999 10 81 15
272 1 1 1003 148 1401 222
273 0 1 1006 14 116 21
274 1 3 1009 262 2551 393
275 0 6 1013 1 10 1
276 1 42 1017 2560 12728 3840
277 0 1 1023 8503 96805 12754
278 1 5 1024 1 8 1
279 1 5 1028 6 48 9
280 1 3 1032 1 9 1
281 1 8 1036 1 4 1
282 1 4 1041 1 13 1
283 1 5 1045 2 17 3
284 1 1 1049 45 400 67
285 1 2 1052 131 1232 196
286 0 11 1055 10 31 15
287 0 4 1060 4 33 6
288 0 3 1064 7 56 10
289 1 4 1068 1 11 1
290 0 3 1072 59 532 88
291 1 12 1076 367 1588 550
292 0 7 1081 13 41 19
293 0 2 1086 4 33 6
294 0 2 1089 5248 58549 7872
295 1 13 1092 25 85 37
296 1 2 1097 58 523 87
297 0 1 1100 15 125 22
298 1 4 1103 2 17 3
299 1 8 1107 1 5 1
300 0 3 1112 1 9 1
301 1 1 1116 4 33 6
302 1 4 1118 157 1490 235
303 0 5 1122 1 9 1
304 1 61 1126 29154 168433 43731
305 0 1 1132 1 12 1
306 0 3 1134 1 11 1
307 1 6 1138 13 41 19
308 0 1 1142 26 224 39
309 0 3 1144 1 9 1
310 1 19 1148 125 496 187
311 1 1 1153 2 17 3
312 1 6 1155 1 9 1
313 1 1 1159 2 17 3
314 1 3 1162 3 25 4
315 1 1 1166 3 25 4
316 0 8 1168 16382 91518 24573
317 0 3 1173 1 10 1
318 0 3 1177 36 316 54
319 0 1 1181 37 325 55
320 0 1 1182 3 25 4
321 1 4 1184 1 11 1
322 0 9 1188 14 45 21
323 0 14 1193 1 3 1
324 0 1 1198 2 17 3
325 0 2 1201 1 10 1
326 1 6 1204 238 2306 357
327 1 2 1208 7 56 10
328 0 1 1211 132 1242 198
329 1 5 1213 1 10 1
330 0 2 1217 6385 71826 9577
331 1 25 1220 12421 68251 18631
332 0 2 1225 11 90 16
333 0 3 1228 1 9 1
334 0 10 1232 6217 32736 9325
335 1 45 1237 86 330 129
336 0 1 1243 12 99 18
337 0 1 1245 1 12 1
338 0 3 1248 1 10 1
339 1 2 1252 624 6333 936
340 1 13 1255 207 856 310
341 1 3 1260 1 9 1
342 1 11 1264 615 2767 922
343 0 33 1269 1 3 1
344 0 5 1275 43 381 64
345 1 1 1279 44 391 66
346 1 1 1281 166 1580 249
347 0 1 1283 1873 19983 2809
348 0 21 1285 126 500 189
349 0 1 1290 369 3653 553
350 0 1 1292 1583 16763 2374
351 1 1 1294 1682 17859 2523
352 0 4 1297 35 307 52
353 0 2 1301 17 143 25
354 0 2 1304 6 48 9
355 1 21 1307 2 6 3
356 0 4 1312 10 81 15
357 1 16 1316 119 470 178
358 1 5 1321 2 17 3
359 1 1 1325 27 233 40
360 1 1 1327 1 10 1
361 0 6 1330 78 714 117
362 0 5 1334 1 10 1
363 1 1 1338 3 25 4
364 0 1 1341 650 6609 975
365 1 2 1344 1 10 1
366 0 1 1347 1 10 1
367 1 2 1349 1 10 1
368 0 1 1352 797 8180 1195
369 1 2 1354 6 48 9
370 0 2 1357 132 1242 198
371 1 5 1360 1 9 1
372 0 2 1364 1914 20440 2871
373 1 2 1367 1 9 1
374 1 18 1370 1 4 1
375 1 3 1375 34 298 51
376 0 4 1379 19 161 28
377 1 5 1383 1 9 1
378 0 3 1387 1 9 1
379 0 3 1391 8 64 12
380 1 2 1395 1 9 1
381 1 1 1398 1142 11916 1713
382 0 2 1401 2 17 3
383 0 13 1404 26 89 39
384 0 27 1409 1 3 1
385 1 1 1415 9 73 13
386 0 3 1418 1 10 1
387 0 6 1422 193 1851 289
388 1 15 1426 4 12 6
389 1 8 1431 542 2415 813
390 0 2 1436 1932 20641 2898
391 0 1 1439 743 7602 1114
392 0 1 1442 12 99 18
393 1 8 1445 74 281 111
394 0 2 1450 2 17 3
395 1 2 1453 1893 20206 2839
396 0 1 1456 12 98 18
397 1 2 1458 46 410 69
398 0 3 1461 1174 12265 1761
399 0 5 1465 6 48 9
400 0 1 1469 3780 41584 5670
401 1 1 1471 1 9 1
402 1 9 1474 536 2387 804
403 0 3 1479 12 99 18
404 1 2 1483 4 33 6
405 1 6 1486 61 551 91
406 0 1 1490 2 17 3
407 0 7 1491 5077 26393 7615
408 0 1 1496 3 25 4
409 1 1 1499 142 1341 213
410 0 3 1501 5 40 7
411 1 3 1505 1 9 1
412 0 10 1509 1 6 1
413 0 1 1514 1 9 1
414 1 6 1516 78 714 117
415 1 3 1520 1 12 1
416 1 2 1524 9 72 13
417 0 8 1527 31 108 46
418 0 1 1532 272 2653 408
419 1 5 1534 132 1242 198
420 1 8 1538 1 4 1
421 0 4 1543 2 17 3
422 1 9 1547 1 5 1
423 1 6 1552 58 215 87
424 1 2 1556 1 8 1
425 0 3 1559 18 152 27
426 0 1 1563 806 8277 1209
427 1 1 1566 3 25 4
428 0 3 1569 77 705 115
429 1 5 1573 1 10 1
430 0 2 1577 1 10 1
431 1 13 1580 2 7 3
432 1 1 1585 710 7249 1065
433 1 1 1587 1 10 1
434 0 4 1589 35 307 52
435 1 7 1593 21152 119955 31728
436 1 1 1598 1 9 1
437 1 1 1600 422 4204 633
438 1 1 1602 1 10 1
439 0 3 1604 2361 25448 3541
440 1 2 1608 10801 124189 16201
441 1 6 1611 1368 14391 2052
442 0 2 1615 1 10 1
443 1 2 1618 882 9095 1323
444 0 1 1621 223 2154 334
445 0 8 1623 143 574 214
446 1 1 1628 6 48 9
447 1 1 1630 440 4392 660
448 0 2 1632 10 81 15
449 1 10 1635 5088 26453 7632
450 0 2 1640 52606 644258 78909
451 1 2 1643 31 270 46
452 0 3 1646 1 10 1
453 1 4 1650 128 1202 192
454 0 5 1654 15 125 22
455 0 2 1658 8 64 12
456 1 1 1661 1 11 1
457 1 16 1664 13 41 19
458 1 2 1669 7 56 10
459 1 5 1672 32536 391069 48804
460 1 9 1676 804 3689 1206
461 0 7 1681 46 167 69
462 1 1 1685 1 9 1
463 0 4 1688 391 3881 586
464 0 1 1692 1 9 1
465 0 1 1695 11 90 16
466 0 2 1698 1 9 1
467 0 2 1701 1 9 1
468 1 2 1704 33383 401655 50074
469 1 1 1707 31 270 46
470 0 5 1710 23 197 34
471 1 1 1714 7812 88624 11718
472 1 2 1715 1261 13217 1891
473 0 2 1718 11 90 16
474 1 1 1721 383 3798 574
475 1 2 1723 6 48 9
476 1 3 1726 1 11 1
477 0 26 1730 87 335 130
478 0 2 1735 2 17 3
479 1 1 1738 499 5011 748
480 1 2 1740 75 685 112
481 1 39 1743 93 360 139
482 0 8 1749 4 12 6
483 1 1 1754 18 152 27
484 1 6 1757 13 41 19
485 1 2 1761 1 12 1
486 1 1 1764 1 10 1
487 0 1 1767 1 9 1
488 0 6 1769 2 17 3
489 1 3 1773 1 12 1
490 0 2 1777 5 40 7
491 1 5 1780 1 9 1
492 1 4 1784 107 996 160
493 1 4 1788 2441 26348 3661
494 1 8 1792 1 4 1
495 1 1 1797 1 9 1
496 1 1 1799 113 1055 169
497 0 19 1801 13 41 19
498 1 1 1806 22 188 33
499 0 3 1809 3 25 4
500 0 1 1813 10389 119261 15583
501 1 6 1816 1 12 1
502 0 2 1820 30 261 45
503 1 4 1823 14 116 21
504 1 14 1827 1 6 1
505 0 10 1832 23415 133577 35122
506 1 1 1837 1 10 1
507 1 8 1839 778 3561 1167
508 0 6 1844 3 9 4
509 1 2 1848 36 316 54
510 1 2 1851 9 72 13
511 0 9 1854 5 15 7
512 0 11 1859 1 3 1
513 1 3 1864 11 90 16
514 0 4 1868 1 9 1
515 0 1 1872 4 33 6
516 0 8 1875 15 49 22
517 1 1 1880 3 25 4
518 0 19 1883 2 6 3
519 1 2 1888 2 17 3
520 0 5 1891 1 10 1
521 0 2 1895 1 9 1
522 0 15 1898 53 195 79
523 1 1 1903 1 10 1
524 1 3 1905 210 2022 315
525 1 1 1909 1 10 1
526 1 1 1911 14 116 21
527 0 9 1913 11 34 16
528 0 10 1918 1 4 1
529 1 1 1923 1 9 1
530 1 2 1925 5075 56538 7612
531 1 2 1928 67 609 100
532 0 2 1931 2 17 3
533 1 1 1934 1601 16962 2401
534 1 3 1936 14653 170593 21979
535 0 1 1940 2 17 3
536 0 2 1943 6 48 9
537 1 1 1946 1 11 1
538 0 6 1948 1 9 1
539 1 14 1952 1 3 1
540 0 1 1957 1 11 1
541 0 3 1960 1 9 1
542 0 2 1964 34 298 51
543 1 3 1967 1 9 1
544 1 1 1971 420 4183 630
545 1 2 1973 1 9 1
546 1 22 1976 14 45 21
547 0 1 1981 180 1720 270
548 0 4 1984 102 947 153
549 0 1 1988 1 9 1
550 0 3 1990 1 10 1
551 1 2 1994 1 9 1
552 0 4 1997 6 48 9
553 0 1 2001 1 9 1
554 1 3 2003 1 9 1
555 1 14 2007 4 12 6
556 0 3 2012 1 10 1
557 0 3 2016 550 5548 825
558 0 3 2020 5 41 7
559 1 4 2024 1 12 1
560 0 2 2028 1 9 1
561 0 1 2031 8728 99474 13092
562 0 1 2033 994 10306 1491
563 1 2 2036 2 17 3
564 0 9 2039 3 9 4
565 0 4 2044 47 419 70
566 0 4 2048 1 9 1
567 0 3 2052 23 197 34
568 1 11 2055 1 5 1
569 1 2 2060 14 116 21
570 1 1 2063 1 10 1
571 0 3 2066 1 9 1
572 0 2 2070 1 11 1
573 0 6 2073 17 55 25
574 0 7 2077 7 21 10
575 1 4 2081 10 81 15
576 0 2 2085 711 7259 1066
577 1 4 2088 1 9 1
578 0 3 2092 170 1620 255
579 0 2 2096 3 25 4
580 0 4 2099 33 288 49
581 0 1 2103 10 81 15
582 0 20 2106 265886 1730727 398829
583 1 2 2111 1 11 1
584 0 12 2114 3 9 4
585 1 1 2119 2 17 3
586 1 4 2121 68 618 102
587 0 2 2125 185 1770 277
588 1 2 2128 1540 16287 2310
589 1 2 2131 6 48 9
590 0 4 2134 22 188 33
591 1 2 2138 1 10 1
592 1 1 2141 13 107 19
593 1 2 2144 1 8 1
594 1 3 2147 195 1871 292
595 0 1 2151 1 9 1
596 0 3 2153 1 12 1
597 0 1 2157 1 10 1
598 0 2 2160 8 64 12
599 1 3 2163 764 7826 1146
600 1 6 2167 1 8 1
601 1 2 2171 20 169 30
602 1 11 2174 24 82 36
603 1 1 2179 4 33 6
604 0 1 2180 1 10 1
605 0 2 2182 177 1690 265
606 0 6 2185 965 9992 1447
607 1 3 2189 1 10 1
608 0 3 2193 16 134 24
609 0 2 2197 3 25 4
610 1 1 2200 42 372 63
611 0 2 2203 1 10 1
612 0 5 2206 5 41 7
613 1 1 2210 2 17 3
614 0 16 2213 4 13 6
615 1 2 2218 823 8460 1234
616 1 1 2221 915 9452 1372
617 0 1 2222 78189 972226 117283
618 1 1 2224 690 7035 1035
619 0 1 2227 1 10 1
620 0 5 2229 17 143 25
621 1 5 2233 6 48 9
622 1 7 2237 4960 25746 7440
623 0 1 2242 2 17 3
624 0 2 2244 11 90 16
625 0 3 2247 2761 29964 4141
626 1 3 2251 660 6715 990
627 0 2 2255 1 12 1
628 0 1 2258 831 8546 1246
629 1 3 2261 6 48 9
630 1 1 2265 4 33 6
631 0 3 2267 1 9 1
632 0 10 2271 1 4 1
633 0 9 2276 43 155 64
634 1 5 2281 3 25 4
635 0 2 2285 6 48 9
636 0 1 2288 2580 27917 3870
637 0 1 2290 401 3985 601
638 1 4 2292 1 12 1
639 0 1 2296 1 8 1
640 1 1 2299 1 9 1
641 0 1 2302 151 1431 226
642 0 6 2305 27 233 40
643 1 1 2309 48 428 72
644 0 3 2311 23 197 34
645 1 4 2315 86 792 129
646 0 1 2319 1951 20853 2926
647 0 2 2321 1 10 1
648 1 5 2324 1 9 1
649 1 4 2328 12 99 18
650 1 3 2332 1 9 1
651 0 4 2336 2 17 3
652 0 3 2340 111 1035 166
653 1 16 2344 20 67 30
654 1 2 2349 306 3002 459
655 1 2 2352 43 381 64
656 1 16 2355 2879 14425 4318
657 0 17 2360 1 4 1
658 0 6 2365 19 161 28
659 0 5 2369 1 9 1
660 1 1 2373 43 381 64
661 1 2 2375 56 504 84
662 0 1 2378 1 11 1
663 1 7 2381 9 27 13
664 1 2 2385 3 25 4
665 0 3 2388 600 6077 900
666 0 1 2392 4 32 6
667 1 2 2394 190 1821 285
668 0 3 2397 614 6226 921
669 0 3 2401 78 714 117
670 0 4 2405 1 9 1
671 1 2 2409 125 1173 187
672 1 5 2412 1 10 1
673 0 1 2416 3 25 4
674 1 2 2418 1 10 1
675 0 12 2421 44365 262480 66547
676 0 16 2426 18 59 27
677 1 2 2431 1 8 1
678 1 1 2434 2 17 3
679 1 17 2437 1 3 1
680 0 13 2442 1 4 1
681 0 4 2447 1 9 1
682 0 1 2451 135 1272 202
683 0 8 2454 1 5 1
684 0 11 2459 24 82 36
685 0 8 2464 20 66 30
686 0 8 2469 3 9 4
687 1 7 2474 2 7 3
688 0 6 2478 1 11 1
689 1 4 2482 44 391 66
690 1 2 2486 2 17 3
691 1 6 2489 71 647 106
692 1 2 2493 89717 1121406 134575
693 1 5 2496 50 447 75
694 1 1 2500 1 10 1
695 0 1 2501 2 17 3
696 0 1 2503 27 233 40
697 1 1 2505 26233 312637 39349
698 1 7 2508 4 12 6
699 1 5 2512 1 13 1
700 1 2 2516 3 25 4
701 1 2 2519 165 1570 247
702 1 3 2522 16 134 24
703 1 1 2526 23 197 34
704 0 2 2529 1 9 1
705 1 3 2532 1 10 1
706 1 3 2536 1 8 1
707 1 5 2540 1 10 1
708 1 6 2544 1 4 1
709 0 5 2548 1 10 1
710 0 4 2552 30 261 45
711 1 3 2556 1 11 1
712 0 2 2560 4 33 6
713 0 8 2563 5363 27977 8044
714 0 1 2568 22 188 33
715 1 5 2571 3703 40701 5554
716 0 2 2575 1 9 1
717 1 1 2578 3 25 4
718 1 2 2580 1 8 1
719 1 6 2583 147 1391 220
720 1 10 2587 1 4 1
721 1 27 2592 7 21 10
722 0 6 2598 1 4 1
723 1 4 2602 1727 18359 2590
724 0 3 2606 1 9 1
725 0 10 2610 1 5 1
726 1 11 2615 384 1667 576
727 1 3 2620 6224 69940 9336
728 1 16 2624 3 9 4
729 1 2 2629 1 10 1
730 1 4 2632 81 743 121
731 1 2 2636 25 215 37
732 1 3 2639 1 9 1
733 0 4 2643 239 2316 358
734 1 3 2647 31939 383613 47908
735 1 2 2651 2 17 3
736 1 1 2654 1911 20406 2866
737 1 4 2657 19 161 28
738 1 4 2661 77 704 115
739 0 1 2665 328 3229 492
740 1 10 2667 9 27 13
741 0 2 2672 1 10 1
742 0 6 2675 50 447 75
743 1 17 2679 29 101 43
744 1 5 2684 1 9 1
745 0 3 2688 2 17 3
746 1 5 2692 1 9 1
747 0 4 2696 3 25 4
748 0 4 2700 299 2930 448
749 0 3 2704 41 363 61
750 0 3 2708 229 2215 343
751 1 1 2712 244 2367 366
752 0 9 2713 1 4 1
753 1 1 2718 11 90 16
754 0 2 2721 15 125 22
755 0 4 2724 3 25 4
756 0 1 2728 6 48 9
757 0 4 2730 186 1780 279
758 0 1 2734 1 9 1
759 1 2 2736 1 10 1
760 1 3 2739 1 9 1
761 1 3 2743 86620 1081256 129930
762 1 2 2747 1 10 1
763 1 18 2750 1 4 1
764 1 1 2755 1139 11884 1708
765 0 11 2757 1 4 1
766 0 5 2762 11 90 16
767 1 11 2766 1 3 1
768 0 2 2771 1 9 1
769 1 1 2774 10681 122753 16021
770 1 1 2777 3 25 4
771 0 3 2780 7 56 10
772 0 2 2784 1 13 1
773 0 6 2787 1 9 1
774 0 2 2791 99 918 148
775 1 15 2794 2303 11369 3454
776 0 1 2799 11 90 16
777 0 5 2802 28 242 42
778 0 3 2806 558 5633 837
779 1 3 2810 94 869 141
780 1 3 2814 7 56 10
781 1 1 2818 1 9 1
782 1 11 2820 1 4 1
783 0 2 2825 1 9 1
784 1 1 2828 3 25 4
785 0 5 2830 7824854 114344546 11737281
786 0 5 2834 1 15 1
787 1 2 2838 64 580 96
788 1 2 2841 1 13 1
789 1 4 2844 1 10 1
790 1 1 2848 2 17 3
791 0 10 2851 94 364 141
792 1 5 2856 2 17 3
793 1 1 2860 1 9 1
794 1 8 2862 3 9 4
795 0 1 2867 1 11 1
796 0 2 2869 32587 391706 48880
797 1 7 2872 1 4 1
798 0 4 2877 1 9 1
799 1 16 2881 48 175 72
800 1 3 2886 336 3311 504
801 1 1 2890 7 56 10
802 1 2 2893 1 9 1
803 1 2 2896 1 11 1
804 0 13 2899 3 10 4
805 0 13 2904 487 2153 730
806 0 2 2909 1 9 1
807 1 4 2912 591 5983 886
808 1 1 2916 1 8 1
809 0 4 2918 527 5306 790
810 0 2 2922 1 10 1
811 0 3 2925 366 3622 549
812 1 3 2929 20 170 30
813 1 1 2933 1 8 1
814 0 2 2936 1 9 1
815 1 4 2939 165 1570 247
816 1 1 2943 130 1222 195
817 0 3 2946 20498 241897 30747
818 1 4 2950 1 11 1
819 1 14 2954 2 6 3
820 1 20 2959 15 48 22
821 0 10 2964 1 5 1
822 0 7 2969 15 48 22
823 1 2 2973 1 9 1
824 0 32 2976 1 6 1
825 1 3 2982 1884 20105 2826
826 1 2 2986 7448 84327 11172
827 0 32 2989 4 12 6
828 0 17 2995 36 128 54
829 0 5 3000 135 1272 202
830 1 1 3004 4 33 6
831 0 2 3006 1 10 1
832 1 2 3009 1477 15592 2215
833 1 2 3012 18 152 27
834 0 4 3015 1 13 1
835 1 3 3019 420 4183 630
836 1 5 3023 19 161 28
837 1 1 3027 1 9 1
838 0 1 3030 1 9 1
839 0 1 3033 20 170 30
840 0 2 3035 365 3611 547
841 1 1 3038 1 10 1
842 0 2 3040 57 513 85
843 0 4 3043 75 685 112
844 0 10 3047 2 6 3
845 0 2 3052 1 11 1
846 0 7 3055 22 74 33
847 0 6 3060 4 33 6
848 1 16 3064 775 3546 1162
849 1 2 3069 2 17 3
850 0 1 3072 2 17 3
851 0 2 3074 5 40 7
852 1 1 3077 156 1480 234
853 1 2 3080 1 9 1
854 1 15 3083 5 15 7
855 0 1 3088 19 161 28
856 0 2 3091 18 152 27
857 1 4 3094 73 666 109
858 0 1 3098 1 11 1
859 1 16 3100 1 4 1
860 1 2 3105 9460 108177 14190
861 1 11 3108 1 4 1
862 0 1 3113 647 6577 970
863 1 1 3116 1 9 1
864 1 1 3119 57705 709230 86557
865 1 2 3120 5 40 7
866 1 5 3123 140 1321 210
867 0 3 3127 1 8 1
868 0 3 3131 3 25 4
869 0 1 3135 202 1942 303
870 0 3 3138 4 33 6
871 1 1 3142 1038 10784 1557
872 1 1 3144 61 551 91
873 0 2 3147 102 947 153
874 1 6 3150 1 8 1
875 0 1 3154 54 485 81
876 1 8 3157 6 18 9
877 1 3 3162 28 242 42
878 1 10 3166 2 7 3
879 1 1 3171 62 561 93
880 1 3 3173 38 335 57
881 1 2 3177 1 10 1
882 0 2 3180 5 40 7
883 1 58 3183 6 18 9
884 1 2 3189 200570 2583324 300855
885 0 11 3192 1 3 1
886 1 5 3197 9 72 13
887 0 9 3201 54 199 81
888 1 7 3206 1 5 1
889 0 4 3210 6 48 9
890 0 2 3214 2886 31381 4329
891 1 4 3217 341 3363 511
892 1 5 3221 4633 51414 6949
893 0 44 3225 1 3 1
894 1 1 3231 27 233 40
895 1 4 3233 1 9 1
896 1 1 3237 643 6535 964
897 1 1 3239 1 12 1
898 0 5 3242 320 3146 480
899 1 10 3246 550 2454 825
900 1 5 3251 1 9 1
901 1 2 3255 25 215 37
902 1 5 3258 208 2002 312
903 0 1 3262 1 9 1
904 1 2 3264 1 12 1
905 1 3 3267 680 6928 1020
906 0 8 3271 1 5 1
907 0 4 3276 15 125 22
908 0 3 3280 1 8 1
909 0 2 3284 4 33 6
910 1 3 3287 7 56 10
911 1 3 3291 3 25 4
912 1 4 3295 1 10 1
913 1 1 3299 967 10014 1450
914 0 1 3301 1 9 1
915 1 1 3304 1 11 1
916 1 2 3306 4093 45182 6139
917 1 1 3309 136 1281 204
918 0 1 3310 346 3414 519
919 1 5 3312 193 1851 289
920 0 4 3316 3898 42939 5847
921 1 5 3320 391 3881 586
922 0 4 3324 1 9 1
923 1 7 3328 10 31 15
924 1 4 3332 1 9 1
925 0 5 3336 1141 11905 1711
926 0 6 3340 10055 115271 15082
927 0 1 3344 1 9 1
928 1 2 3345 1 9 1
929 1 5 3348 11 90 16
930 1 3 3352 1 9 1
931 1 1 3356 7 56 10
932 1 5 3359 43 381 64
933 0 1 3363 18 152 27
934 1 12 3364 1 3 1
935 1 1 3369 7 56 10
936 1 2 3372 1 11 1
937 1 1 3375 1 8 1
938 1 10 3378 1 5 1
939 0 5 3383 24 206 36
940 0 5 3387 12 99 18
941 0 1 3391 5 40 7
942 1 2 3394 740 7569 1110
943 1 23 3397 288 1223 432
944 1 11 3402 1 4 1
945 1 3 3407 4 33 6
946 1 4 3411 1 9 1
947 0 2 3415 287 2807 430
948 1 3 3418 12749 147587 19123
949 1 4 3422 12 98 18
950 1 2 3426 1 10 1
951 1 2 3429 1 9 1
952 0 3 3432 4 33 6
953 1 6 3436 197 1891 295
954 0 1 3440 10 81 15
955 1 2 3442 1 9 1
956 1 17 3445 1 7 1
957 1 6 3450 391 3881 586
958 1 5 3454 7 56 10
959 0 1 3458 1 9 1
960 1 2 3461 412 4100 618
961 1 3 3464 24 206 36
962 0 1 3468 1 9 1
963 1 2 3471 7410 83879 11115
964 0 2 3474 1269 13305 1903
965 0 1 3477 15 125 22
966 1 3 3480 7363 83324 11044
967 0 9 3484 17 56 25
968 0 1 3489 1 9 1
969 1 1 3491 3 25 4
970 1 8 3494 1 4 1
971 1 4 3499 1 10 1
972 1 1 3503 1 11 1
973 0 17 3505 1 4 1
974 1 10 3510 729 3321 1093
975 1 4 3515 5 40 7
976 0 1 3519 13 108 19
977 1 2 3522 13 107 19
978 0 2 3525 6 48 9
979 1 2 3528 3215 35123 4822
980 1 11 3531 1 4 1
981 1 2 3536 1 11 1
982 0 1 3539 729 7452 1093
983 1 8 3542 1 5 1
984 0 12 3547 187 767 280
985 0 1 3552 100 928 150
986 0 59 3554 19 63 28
987 0 1 3560 10 81 15
988 0 9 3562 1 4 1
989 0 1 3567 1 11 1
990 1 3 3569 1 11 1
991 0 1 3573 1 9 1
992 1 4 3575 51 457 76
993 1 6 3579 208375 2687615 312562
994 0 3 3583 5 40 7
995 0 2 3587 33 288 49
996 1 4 3590 1 9 1
997 0 4 3594 4 33 6
998 0 2 3598 5 41 7
999 1 4 3601 180465 2315357 270697
1000 1 1 3605 1 9 1
1001 1 1 3607 2 17 3
