0 0 5 5 2 17 3
1 1 1 13 91 840 136
2 1 4 18 1 11 1
3 0 2 26 172 1640 258
4 0 32 33 2 6 3
5 1 2 44 9 72 13
6 1 7 51 6 18 9
7 0 1 60 21606 255510 32409
8 0 30 64 31 108 46
9 0 2 75 1 10 1
10 1 1 81 2 17 3
11 1 5 83 19 161 28
12 0 2 91 1 9 1
13 1 1 98 114 1065 171
14 1 23 101 940 4361 1410
15 1 2 112 1 11 1
16 0 3 119 457 4570 685
17 0 2 126 3 25 4
18 1 2 132 23 197 34
19 1 6 139 5 41 7
20 1 9 148 5 15 7
21 0 1 157 1 10 1
22 0 9 162 9 27 13
23 1 1 171 261 2541 391
24 1 6 176 1396 14699 2094
25 1 1 185 4 33 6
26 1 2 191 179607 2303944 269410
27 1 4 198 3 25 4
28 0 1 206 5 40 7
29 1 3 211 3706 40736 5559
30 1 1 219 274 2673 411
31 0 4 223 1 9 1
32 0 34 231 1 3 1
33 0 4 242 149 1411 223
34 1 6 250 525 5285 787
35 0 11 259 1 4 1
36 1 19 269 1 3 1
37 1 8 280 9693 52465 14539
38 0 3 289 1 10 1
39 1 8 296 537 2392 805
40 0 3 305 5 40 7
41 0 1 312 1 10 1
42 1 6 316 101 937 151
43 0 1 325 11 90 16
44 0 1 328 5 41 7
45 1 3 333 1 9 1
46 1 2 340 56 504 84
47 0 3 347 1 11 1
48 0 24 354 3 10 4
49 0 7 365 1 4 1
50 1 1 374 20 170 30
51 0 1 379 7977 90575 11965
52 1 11 384 18 59 27
53 0 1 394 3 25 4
54 0 3 398 15 125 22
55 1 1 405 2861 31097 4291
56 1 2 411 10 81 15
57 0 5 417 3 25 4
58 0 6 425 2 17 3
59 0 1 434 13 107 19
60 1 2 440 78 714 117
61 0 5 446 7 56 10
62 0 3 454 1 9 1
63 0 2 462 6 48 9
64 0 4 468 1 9 1
65 0 2 476 18 152 27
66 0 3 483 19 161 28
67 1 7 490 1 4 1
68 0 1 499 8 64 12
69 0 2 503 119 1114 178
70 0 3 510 10 81 15
71 0 14 518 1 4 1
72 0 3 528 26 224 39
73 1 4 535 1 9 1
74 0 3 543 45 400 67
75 1 7 551 1 4 1
76 0 3 560 5149 57398 7723
77 1 2 567 3 25 4
78 0 1 573 5 41 7
79 1 2 576 29 251 43
80 1 1 582 1 11 1
81 0 9 587 14192 78609 21288
82 1 3 596 1 9 1
83 0 1 603 12 99 18
84 0 2 609 217 2093 325
85 0 18 615 1179 5559 1768
86 1 11 625 3284 16598 4926
87 0 1 635 1 10 1
88 1 13 640 15 49 22
89 0 2 650 47 419 70
90 0 1 656 1111 11578 1666
91 0 3 660 3 25 4
92 1 11 667 1 5 1
93 1 3 677 4 32 6
94 0 11 684 45 163 67
95 1 2 694 3941 43434 5911
96 0 2 700 1 11 1
97 0 9 707 2 6 3
98 0 1 716 1 9 1
99 0 1 719 10239 117469 15358
100 1 3 725 8 64 12
101 1 1 732 6 48 9
102 1 3 736 1 14 1
103 1 10 743 340 1463 510
104 0 2 753 4 33 6
105 0 9 760 19 63 28
106 1 2 769 317 3115 475
107 1 8 775 111 436 166
108 0 2 784 5 40 7
109 0 3 790 98 908 147
110 1 4 797 112 1045 168
111 0 1 805 12 99 18
112 1 7 809 3 9 4
113 1 9 818 16 52 24
114 0 3 827 2 17 3
115 1 2 835 1 9 1
116 0 10 842 10 31 15
117 1 2 852 61 551 91
118 1 2 859 1 9 1
119 0 1 865 5 40 7
120 1 2 868 124 1163 186
121 1 2 874 4221 46656 6331
122 0 2 880 1 8 1
123 1 4 886 1 10 1
124 0 2 894 1 9 1
125 1 1 900 94 869 141
126 1 1 904 6 48 9
127 0 3 909 1 10 1
128 0 5 917 1 9 1
129 0 3 925 3658 40185 5487
130 1 2 932 38 335 57
131 0 2 939 2 17 3
132 0 1 945 1 9 1
133 0 1 946 36 316 54
134 0 6 952 17 143 25
135 1 3 961 1342 14106 2013
136 1 3 968 155 1471 232
137 0 2 976 2 17 3
138 1 2 982 197 1891 295
139 0 12 988 1 4 1
140 0 3 998 25 215 37
141 0 3 1005 1 12 1
142 0 6 1012 34 298 51
143 0 1 1021 1 9 1
144 1 1 1025 50 447 75
145 1 2 1031 66 599 99
146 0 3 1037 10 81 15
147 1 1 1044 19693 232024 29539
148 0 1 1048 1 11 1
149 0 2 1052 1 10 1
150 0 30 1059 40 143 60
151 0 1 1070 1 11 1
152 1 8 1076 1 3 1
153 1 1 1085 1 10 1
154 1 5 1090 17 143 25
155 1 8 1098 3 10 4
156 1 2 1107 12 99 18
157 0 1 1114 21 178 31
158 1 13 1118 5 15 7
159 1 3 1128 13 108 19
160 1 11 1135 1 3 1
161 0 8 1145 1 3 1
162 0 2 1154 11 90 16
163 0 2 1161 49 438 73
164 1 4 1167 119 1114 178
165 0 6 1175 3 9 4
166 1 6 1184 22 188 33
167 0 1 1193 4 33 6
168 1 9 1199 121 479 181
169 0 1 1208 1038 10784 1557
170 0 11 1211 1 4 1
171 1 1 1221 2 17 3
172 0 3 1225 445 4445 667
173 0 9 1232 1 4 1
174 1 4 1241 7 56 10
175 0 2 1249 149891 1909933 224836
176 0 1 1255 44 391 66
177 0 7 1260 1 4 1
178 1 8 1269 224 932 336
179 0 1 1278 28 242 42
180 1 2 1284 184 1760 276
181 0 1 1291 1 8 1
182 1 1 1296 51 457 76
183 0 4 1301 1 9 1
184 0 1 1309 1 9 1
185 1 12 1314 1 4 1
186 0 2 1324 8247 93771 12370
187 0 5 1330 186 1780 279
188 0 3 1339 103 957 154
189 1 4 1346 9 73 13
190 1 2 1354 10 81 15
191 1 8 1360 1 4 1
192 1 35 1369 1 5 1
193 1 11 1380 3 9 4
194 0 1 1390 1 10 1
195 1 1 1396 15 125 22
196 1 13 1401 771 3526 1156
197 1 8 1411 1 4 1
198 1 34 1420 49004 291540 73506
199 0 7 1431 1 3 1
200 1 3 1440 1 10 1
201 1 2 1447 1 9 1
202 1 4 1453 11 90 16
203 1 3 1461 2 17 3
204 1 2 1469 2 17 3
205 1 5 1476 1 11 1
206 0 1 1484 36 316 54
207 1 8 1489 5 15 7
208 1 4 1498 7 56 10
209 0 5 1506 1 9 1
210 0 2 1515 1 13 1
211 1 19 1521 24 81 36
212 1 1 1532 2 17 3
213 0 9 1537 679 3077 1018
214 0 6 1546 56 504 84
215 0 42 1555 1 4 1
216 1 16 1567 1 4 1
217 0 10 1577 2 7 3
218 0 2 1587 197 1891 295
219 1 1 1593 66 599 99
220 0 6 1597 3 25 4
221 0 1 1606 1 10 1
222 1 5 1611 3 25 4
223 0 8 1619 154 622 231
224 0 8 1628 189 776 283
225 0 1 1637 476 4769 714
226 0 5 1642 1 10 1
227 0 1 1650 19 161 28
228 0 2 1653 57 513 85
229 1 1 1660 1 10 1
230 1 1 1664 1 12 1
231 0 4 1668 88 811 132
232 0 1 1676 1 11 1
233 0 19 1680 1 4 1
234 1 10 1691 112 440 168
235 0 7 1700 1 4 1
236 1 1 1709 1 11 1
237 0 6 1714 2 17 3
238 1 2 1723 2 17 3
239 1 1 1729 9 72 13
240 1 7 1735 1 3 1
241 0 4 1744 79 724 118
242 1 38 1752 262 1104 393
243 0 8 1763 2 6 3
244 1 1 1772 1 9 1
245 0 11 1774 4 12 6
246 0 1 1784 3 25 4
247 0 7 1787 9182 49534 13773
248 1 1 1796 1 10 1
249 0 5 1802 1 11 1
250 1 3 1810 91 840 136
251 1 2 1817 5 40 7
252 1 2 1824 4550 50454 6825
253 0 8 1830 8 24 12
254 0 1 1839 2 17 3
255 1 2 1844 1 9 1
256 0 4 1850 39 344 58
257 0 36 1858 7 21 10
258 0 1 1869 1 10 1
259 0 6 1873 2 17 3
260 1 1 1882 114 1065 171
261 1 5 1887 17 143 25
262 1 35 1895 1 5 1
263 1 8 1906 503 2229 754
264 1 1 1915 5 41 7
265 1 7 1921 2 7 3
266 1 4 1930 167 1590 250
267 1 5 1938 5 40 7
268 0 2 1946 297 2909 445
269 1 2 1952 1 10 1
270 0 1 1959 6 48 9
271 1 3 1963 1421 14974 2131
272 0 3 1970 1 10 1
273 0 7 1977 16 52 24
274 1 4 1986 1 9 1
275 0 3 1994 153 1451 229
276 1 11 2001 2 7 3
277 0 12 2011 8 24 12
278 0 6 2021 1 6 1
279 0 3 2030 2393 25808 3589
280 0 2 2037 1 9 1
281 0 4 2043 73 666 109
282 1 2 2051 25157 299315 37735
283 1 3 2057 3 25 4
284 0 5 2064 1 10 1
285 1 4 2072 4 33 6
286 1 2 2080 1968 21042 2952
287 1 18 2087 1 4 1
288 1 3 2097 6 48 9
289 0 5 2105 47 419 70
290 1 1 2114 14846 172932 22269
291 1 3 2117 1 11 1
292 0 6 2125 1 9 1
293 1 1 2134 819952 11107037 1229928
294 1 3 2137 471 4717 706
295 1 13 2144 1 4 1
296 1 1 2154 1461 15415 2191
297 0 1 2159 2 17 3
298 1 12 2164 12 38 18
299 0 1 2174 1 9 1
300 0 28 2178 27 93 40
301 0 7 2189 518 2301 777
302 1 3 2198 18 152 27
303 1 3 2206 11 90 16
304 0 4 2213 1 9 1
305 1 1 2221 35 307 52
306 1 2 2226 303 2971 454
307 0 7 2232 33 116 49
308 0 8 2241 35 124 52
309 1 5 2250 1 11 1
310 0 2 2258 1 9 1
311 0 1 2264 2 17 3
312 1 1 2266 1 10 1
313 1 2 2271 36 316 54
314 1 3 2277 1 9 1
315 1 6 2284 1 11 1
316 0 4 2293 69067 854748 103600
317 1 1 2301 1 9 1
318 0 2 2306 1 9 1
319 0 2 2312 93 859 139
320 0 9 2318 3 10 4
321 0 2 2327 3 25 4
322 0 2 2334 208 2002 312
323 0 6 2341 1 9 1
324 1 4 2350 10 81 15
325 0 3 2358 1 11 1
326 1 4 2365 1 12 1
327 0 3 2373 5 40 7
328 0 2 2381 12 98 18
329 0 6 2387 4 33 6
330 0 5 2396 2 17 3
331 1 3 2404 1 11 1
332 0 21 2411 352 1518 528
333 0 2 2422 48589 593237 72883
334 1 6 2429 1 11 1
335 0 1 2438 19 161 28
336 0 1 2443 6 48 9
337 1 4 2448 2033 21769 3049
338 1 7 2456 1 5 1
339 0 10 2465 4 12 6
340 0 14 2475 30 104 45
341 0 4 2485 1 9 1
342 1 3 2493 16428 192147 24642
343 0 2 2500 1 9 1
344 0 8 2506 1 4 1
345 1 1 2515 1 12 1
346 0 3 2518 21 179 31
347 1 4 2526 3 25 4
348 0 1 2534 33 288 49
349 1 3 2538 1 13 1
350 1 1 2545 2 17 3
351 1 3 2551 2 17 3
352 1 17 2558 1 3 1
353 0 6 2568 9674 52356 14511
354 0 4 2577 139 1311 208
355 0 9 2585 24 82 36
356 0 1 2594 53 475 79
357 1 3 2597 3 25 4
358 1 7 2604 2 7 3
359 0 4 2613 1 9 1
360 1 1 2621 1 10 1
361 1 1 2624 1 11 1
362 1 1 2628 346 3414 519
363 0 2 2632 1 9 1
364 1 4 2639 110 1025 165
365 1 2 2647 235 2276 352
366 0 4 2654 213 2053 319
367 1 16 2662 3581 18202 5371
368 1 1 2672 10 81 15
369 1 3 2676 2 17 3
370 0 2 2683 19 161 28
371 0 5 2689 1 8 1
372 1 3 2697 45 400 67
373 0 1 2704 1 9 1
374 0 7 2709 1 6 1
375 1 2 2718 18 152 27
376 1 6 2725 6 48 9
377 1 2 2734 333 3280 499
378 0 24 2740 27 93 40
379 1 3 2751 397 3944 595
380 1 1 2758 2403 25921 3604
381 0 1 2762 3 25 4
382 0 3 2765 2 17 3
383 1 3 2773 1 12 1
384 0 7 2780 574 2569 861
385 1 2 2789 1 10 1
386 0 10 2795 813 3733 1219
387 0 1 2805 16 134 24
388 1 2 2807 611 6195 916
389 1 3 2813 90 830 135
390 1 8 2820 67 252 100
391 1 3 2829 8 64 12
392 0 2 2836 23 197 34
393 0 4 2842 83 762 124
394 0 3 2850 3367 36857 5050
395 0 1 2857 2587 27996 3880
396 0 2 2860 3173 34644 4759
397 1 3 2867 5 41 7
398 0 3 2875 8 64 12
399 1 2 2882 1491 15746 2236
400 1 7 2889 10 31 15
401 0 1 2898 1 9 1
402 1 1 2901 16 134 24
403 1 5 2907 1 9 1
404 0 15 2915 946 4391 1419
405 1 5 2925 757 7752 1135
406 0 1 2933 17 143 25
407 1 3 2938 1 10 1
408 1 2 2946 1 10 1
409 1 13 2953 49 179 73
410 0 2 2963 11 90 16
411 1 1 2970 7 56 10
412 1 1 2975 1 9 1
413 0 2 2979 1 9 1
414 0 1 2985 972 10068 1458
415 1 4 2988 1 10 1
416 0 9 2996 1 3 1
417 1 2 3005 2 17 3
418 0 1 3011 1 9 1
419 0 2 3016 96 889 144
420 1 2 3022 2 17 3
421 0 1 3028 149 1411 223
422 0 3 3030 116 1084 174
423 1 5 3037 2916 31721 4374
424 1 8 3045 436 1912 654
425 1 4 3054 5 40 7
426 0 6 3062 74 676 111
427 0 2 3071 258 2510 387
428 0 3 3078 1 9 1
429 0 4 3086 1 9 1
430 0 2 3094 1 11 1
431 1 3 3101 13 108 19
432 0 6 3108 3 10 4
433 0 2 3117 18 152 27
434 0 9 3123 3 9 4
435 1 6 3132 1 11 1
436 1 1 3141 130585 1655416 195877
437 1 5 3146 4 32 6
438 1 3 3154 1 10 1
439 1 5 3161 17 143 25
440 0 4 3169 2935 31937 4402
441 1 3 3177 1 10 1
442 1 1 3184 2 17 3
443 1 9 3189 7911 42287 11866
444 0 3 3198 39 344 58
445 1 5 3205 36 316 54
446 0 2 3213 136226 1729651 204339
447 1 2 3220 1 8 1
448 0 5 3227 2 17 3
449 0 3 3235 3294 36023 4941
450 1 3 3242 374 3705 561
451 0 1 3249 1 9 1
452 0 12 3254 1 3 1
453 0 1 3264 10 81 15
454 1 5 3268 1 10 1
455 1 3 3276 7 56 10
456 1 19 3283 2422980 17544635 3634470
457 0 29 3294 1 5 1
458 1 2 3305 16 134 24
459 1 9 3311 4 12 6
460 1 2 3320 21 179 31
461 0 3 3326 1 9 1
462 0 3 3333 162 1540 243
463 1 3 3340 2 17 3
464 1 1 3348 42 372 63
465 0 7 3353 981 4565 1471
466 0 3 3362 1 14 1
467 0 3 3369 459 4591 688
468 0 1 3376 93291 1167802 139936
469 1 11 3380 204021 1310139 306031
470 0 7 3390 260 1095 390
471 1 7 3399 1 3 1
472 1 3 3408 1 10 1
473 0 2 3415 1 9 1
474 0 1 3421 87 801 130
475 0 2 3426 1 9 1
476 1 1 3432 1 10 1
477 1 5 3437 1 9 1
478 1 5 3445 118 1104 177
479 1 8 3453 1 5 1
480 0 3 3462 25 215 37
481 1 4 3470 1 9 1
482 0 2 3478 22 188 33
483 0 5 3484 153 1451 229
484 0 1 3492 1 10 1
485 1 1 3497 1 9 1
486 0 2 3500 1 10 1
487 0 1 3506 1 11 1
488 1 2 3512 1450 15294 2175
489 0 2 3519 29 252 43
490 0 6 3525 16 134 24
491 0 60 3534 29 100 43
492 1 2 3546 13 107 19
493 0 18 3553 1 3 1
494 0 2 3564 356 3518 534
495 0 11 3570 3 9 4
496 1 23 3580 24 82 36
497 0 2 3591 1 10 1
498 0 17 3597 2 6 3
499 0 5 3607 1 10 1
