0 1 1 5 18 152 27
1 1 3 6 7 21 10
2 0 79 10 716 3257 1074
3 0 1 16 58 523 87
4 0 1 18 15 125 22
5 0 2 21 1 10 1
6 1 2 24 42607 517553 63910
7 0 8 27 1 3 1
8 1 2 32 1 10 1
9 0 3 35 1 3 1
10 1 1 39 1230 12878 1845
11 0 1 42 1 10 1
12 1 12 44 87 334 130
13 0 1 49 1 9 1
14 0 6 51 2 6 3
15 0 4 55 8 24 12
16 1 1 59 534 5380 801
17 0 5 61 6 18 9
18 0 2 65 19 161 28
19 0 4 68 102 398 153
20 1 1 72 283 2766 424
21 1 6 75 2 6 3
22 1 25 79 28 97 42
23 0 2 84 642 6524 963
24 0 60 87 1 4 1
25 1 3 93 1 4 1
26 1 1 97 3 25 4
27 0 3 99 12 38 18
28 0 2 103 1 9 1
29 1 1 106 1 9 1
30 0 1 108 42 372 63
31 1 4 110 1 4 1
32 1 2 114 4090 45147 6135
33 1 1 117 6 48 9
34 0 1 120 1 8 1
35 0 1 122 2 17 3
36 1 1 124 42 372 63
37 0 11 126 24 81 36
38 0 1 131 1 9 1
39 0 12 133 592 2656 888
40 1 5 138 2 6 3
41 1 5 142 18 59 27
42 0 14 146 26 89 39
43 1 2 151 1 9 1
44 0 12 154 6 18 9
45 0 1 159 1 12 1
46 1 5 162 3 9 4
47 1 6 166 1803 8754 2704
48 0 2 170 1 11 1
49 0 6 173 1 4 1
50 0 1 177 7129 80568 10693
51 0 7 179 533 2372 799
52 1 1 183 15 125 22
53 0 1 185 1 9 1
54 0 1 188 65 589 97
55 1 3 191 4 13 6
56 1 9 195 5877 30837 8815
57 1 5 200 1 3 1
58 1 1 204 46 410 69
59 1 1 207 1 8 1
60 1 2 209 4 32 6
61 1 27 212 915 4237 1372
62 0 1 218 1 10 1
63 0 2 220 1 9 1
64 1 4 223 4 12 6
65 0 1 227 6 48 9
66 1 10 230 1 4 1
67 1 11 235 214 887 321
68 1 9 240 1 3 1
69 1 1 245 8 64 12
70 1 1 248 64 580 96
71 0 2 249 4 33 6
72 1 2 252 1 11 1
73 0 9 255 45 163 67
74 0 3 260 1 5 1
75 0 4 264 2 6 3
76 1 3 268 6 18 9
77 1 1 272 6 48 9
78 0 4 275 1 4 1
79 0 3 279 18 59 27
80 0 2 283 3 25 4
81 1 2 286 1 10 1
82 0 1 289 77 705 115
83 1 7 291 3768 19216 5652
84 0 2 295 11 90 16
85 1 9 298 1 6 1
86 1 1 303 1 10 1
87 0 4 305 1 4 1
88 0 2 309 16397 191770 24595
89 0 3 312 96003 592528 144004
90 1 1 316 2090 22406 3135
91 1 7 319 2391 11833 3586
92 0 3 323 1 3 1
93 1 1 327 28 242 42
94 0 5 330 7 21 10
95 0 4 334 1 4 1
96 1 32 338 19 63 28
97 1 3 344 3 9 4
98 0 5 348 6 18 9
99 1 2 352 1 9 1
100 1 15 355 2 6 3
101 1 3 360 4 33 6
102 0 1 364 1 9 1
103 1 4 366 1039 4855 1558
104 1 5 370 1739 8423 2608
105 0 2 374 58 523 87
106 1 28 377 1 4 1
107 1 1 383 4 33 6
108 1 6 385 13 41 19
109 1 3 389 4 12 6
110 0 9 393 28 97 42
111 0 7 398 93 360 139
112 0 8 403 11 34 16
113 1 2 408 1 10 1
114 0 3 411 1 3 1
115 0 7 415 1 4 1
116 1 1 420 1 10 1
117 1 1 422 4717 52387 7075
118 1 2 425 1 9 1
119 0 2 428 261 2541 391
120 1 3 431 1615 17117 2422
121 1 4 435 12 38 18
122 0 5 439 53 195 79
123 0 5 443 1 4 1
124 1 3 447 1 9 1
125 0 3 451 29 251 43
126 1 1 454 27 233 40
127 1 6 455 7 21 10
128 0 2 459 1 10 1
129 1 2 462 2 17 3
130 1 16 465 62 231 93
131 1 9 470 66 248 99
132 0 9 475 15 48 22
133 0 2 480 5 41 7
134 0 3 483 1 10 1
135 0 8 487 1 4 1
136 0 1 492 3 25 4
137 1 7 495 1 4 1
138 1 3 499 2 6 3
139 0 13 503 4 12 6
140 1 12 508 30 104 45
141 1 5 513 1 4 1
142 1 4 517 7828 41817 11742
143 0 2 521 1 9 1
144 1 1 524 1 9 1
145 1 2 527 9 73 13
146 0 10 530 1 3 1
147 0 3 535 17 56 25
148 0 14 539 9 27 13
149 0 1 544 61 551 91
150 0 10 546 12 38 18
151 1 6 551 38 135 57
152 0 1 555 2 17 3
153 1 8 558 5 15 7
154 1 2 563 7781 88258 11671
155 0 1 566 1 9 1
156 0 3 568 528 5316 792
157 0 8 572 1 3 1
158 0 1 577 212 2043 318
159 0 1 579 1 10 1
160 1 5 582 4 12 6
161 0 7 586 1 4 1
162 1 4 590 1 3 1
163 0 2 594 1 9 1
164 1 5 597 15486 86224 23229
165 0 1 601 1 10 1
166 0 1 604 39 344 58
167 0 6 606 115594 720552 173391
168 1 1 610 3501 38388 5251
169 0 3 613 1 8 1
170 0 2 617 42049 510513 63073
171 1 7 620 66 248 99
172 1 9 625 20 67 30
173 0 2 630 313 3074 469
174 0 1 633 1 11 1
175 1 3 634 1 6 1
176 1 7 638 41 147 61
177 1 3 642 232 968 348
178 0 1 646 48 428 72
179 0 1 649 8 64 12
180 1 1 652 1 9 1
181 1 5 654 1 3 1
182 0 5 658 5 15 7
183 1 4 662 79 301 118
184 0 3 666 3 10 4
185 0 8 670 137 548 205
186 1 12 675 34 120 51
187 0 5 680 8 24 12
188 0 2 684 26 224 39
189 0 7 687 29 100 43
190 0 2 692 1 10 1
191 1 3 695 33 116 49
192 0 13 699 1 4 1
193 1 3 704 1 12 1
194 0 12 708 1 4 1
195 0 2 713 1 10 1
196 0 3 716 3 25 4
197 0 1 720 1 9 1
198 1 2 722 47 419 70
199 0 1 725 35 307 52
200 0 16 727 1 3 1
201 1 4 732 1 3 1
202 1 2 736 43 381 64
203 1 3 739 8669 46602 13003
204 1 1 743 36 316 54
205 0 4 746 97 376 145
206 0 2 750 21 179 31
207 1 5 753 4 12 6
208 0 1 757 1 13 1
209 0 8 758 1 3 1
210 1 3 763 1 5 1
211 1 11 767 2 7 3
212 0 7 772 1 4 1
213 0 6 776 2480 12303 3720
214 1 12 780 91 351 136
215 1 11 785 1 4 1
216 0 1 790 7998 90824 11997
217 1 2 791 1 9 1
218 0 2 794 133 1252 199
219 0 1 797 656 6673 984
220 0 2 798 3 25 4
221 1 3 801 19 63 28
222 0 3 805 1 12 1
223 1 2 809 1 9 1
224 0 2 812 28 242 42
225 0 3 815 2 6 3
226 1 2 819 6 48 9
227 1 3 822 1 11 1
228 0 2 826 64 580 96
229 1 1 829 2 17 3
230 0 3 831 1 5 1
231 1 3 835 4 12 6
232 1 2 839 186 1781 279
233 1 1 842 59 532 88
234 1 1 845 993 10296 1489
235 1 3 847 5 41 7
236 1 6 851 3810 19444 5715
237 0 6 855 105 410 157
238 1 3 859 13 41 19
239 0 1 863 147 1391 220
240 1 4 865 1 4 1
241 0 1 869 1 8 1
242 0 1 871 876 9030 1314
243 1 3 873 1 10 1
244 0 1 877 3 25 4
245 1 1 880 3 25 4
246 0 8 883 1 3 1
247 0 2 888 1 11 1
248 1 3 891 1 3 1
249 1 4 895 1 4 1
250 1 4 899 1 5 1
251 1 4 903 1 4 1
252 1 4 907 2 7 3
253 0 10 911 10 31 15
254 0 1 916 1 9 1
255 1 1 919 2 17 3
256 1 8 922 164 665 246
257 0 6 927 3 10 4
258 1 2 931 12427 143709 18640
259 1 2 934 75 685 112
260 0 2 937 7 56 10
261 0 1 940 5 40 7
262 0 1 942 25 215 37
263 0 5 944 9752 52804 14628
264 0 3 948 3 10 4
265 1 3 952 53 195 79
266 1 4 956 65 243 97
267 0 3 960 2 6 3
268 1 4 964 1 4 1
269 1 2 968 1 9 1
270 0 2 971 83 763 124
271 1 6 974 2 7 3
272 1 2 978 2 17 3
273 0 3 981 1 4 1
274 0 2 985 5280 58921 7920
275 1 1 988 180 1720 270
276 0 8 991 1 3 1
277 1 1 996 1 9 1
278 0 9 999 3 9 4
279 0 1 1004 2 17 3
280 0 11 1005 2943 14767 4414
281 0 1 1010 132894 1685789 199341
282 0 4 1012 1 5 1
283 0 3 1016 405 1766 607
284 0 5 1020 1537 7381 2305
285 0 67 1024 1195 5639 1792
286 1 1 1030 36 316 54
287 0 7 1033 10 31 15
288 1 18 1037 19 63 28
289 1 47 1042 2 7 3
290 1 3 1048 276 1168 414
291 1 6 1052 1 4 1
292 0 1 1056 4 33 6
293 0 5 1058 1 3 1
294 0 5 1062 5 15 7
295 0 3 1066 73 276 109
296 0 1 1070 316570 4145734 474855
297 0 2 1073 3 25 4
298 1 1 1076 183 1750 274
299 1 3 1079 5 15 7
300 0 17 1083 10191 55330 15286
301 1 7 1088 1 3 1
302 0 2 1092 485729 6459365 728593
303 1 2 1095 48 428 72
304 1 2 1098 1 10 1
305 0 1 1101 1 9 1
306 0 2 1103 1 11 1
307 1 1 1106 48 428 72
308 1 8 1108 33 116 49
309 0 5 1113 2 6 3
310 1 2 1117 93 859 139
311 0 4 1120 464 2044 696
312 1 6 1124 186 763 279
313 0 9 1128 1 4 1
314 0 3 1133 1 4 1
315 0 5 1137 22 74 33
316 1 5 1141 7699 41085 11548
317 1 7 1145 1 4 1
318 1 6 1150 9 27 13
319 1 16 1154 13 41 19
320 0 5 1159 5 15 7
321 1 4 1163 1 4 1
322 0 19 1167 305 1301 457
323 1 2 1172 1972 21087 2958
324 0 8 1175 2 6 3
325 1 25 1180 19 63 28
326 1 1 1185 1 12 1
327 0 1 1188 1589 16829 2383
328 0 9 1190 10 31 15
329 1 5 1195 17 56 25
330 1 1 1199 17 143 25
331 1 4 1201 61 227 91
332 1 2 1205 140011 1779525 210016
333 0 2 1208 1 12 1
334 0 3 1211 1 5 1
335 0 40 1215 114366 712492 171549
336 1 3 1221 1 9 1
337 1 2 1225 1 10 1
338 1 5 1228 412 1799 618
339 1 1 1232 1343 14117 2014
340 1 1 1234 285 2786 427
341 1 5 1236 510 2262 765
342 0 6 1240 1 3 1
343 0 5 1244 7 21 10
344 0 1 1248 6966 78649 10449
345 0 5 1251 4 12 6
346 1 4 1255 3 10 4
347 1 9 1259 2 6 3
348 1 2 1264 3 25 4
349 1 2 1267 1 10 1
350 0 4 1270 2 6 3
351 1 7 1274 14405 79860 21607
352 0 6 1278 192 789 288
353 0 10 1282 1 3 1
354 0 3 1287 26 224 39
355 1 2 1291 2 17 3
356 1 5 1294 4 12 6
357 1 2 1298 4 33 6
358 1 2 1301 1 8 1
359 0 2 1304 11597 133731 17395
360 1 1 1307 1 11 1
361 1 2 1309 2 17 3
362 0 2 1312 51 456 76
363 0 10 1315 227 946 340
364 0 2 1320 1 10 1
365 1 5 1323 13 41 19
366 0 1 1327 1 9 1
367 1 17 1329 356622 2356023 534933
368 0 4 1334 1 3 1
369 0 14 1338 1864 9071 2796
370 0 1 1343 3 25 4
371 1 11 1345 6 18 9
372 0 3 1350 1705 8247 2557
373 0 1 1354 1 11 1
374 0 2 1356 167641 2144980 251461
375 0 3 1359 2 6 3
376 1 1 1363 3 25 4
377 0 3 1365 4 12 6
378 0 1 1369 84 772 126
379 1 5 1371 23 78 34
380 1 2 1375 35 307 52
381 1 3 1378 1 4 1
382 0 2 1382 1 9 1
383 0 3 1385 1 10 1
384 0 5 1389 2 7 3
385 0 4 1393 39 139 58
386 1 5 1397 172 701 258
387 0 2 1401 54 485 81
388 0 1 1404 1 10 1
389 0 6 1407 308 1315 462
390 1 2 1411 1450 15294 2175
391 1 1 1414 1 9 1
392 1 2 1417 748 7655 1122
393 0 5 1420 1 5 1
394 1 6 1424 1 4 1
395 0 2 1428 13 107 19
396 1 2 1431 1 10 1
397 1 4 1434 1 3 1
398 1 2 1438 1 9 1
399 0 1 1441 1 8 1
400 0 1 1443 4 32 6
401 0 4 1444 29109 168158 43663
402 0 3 1448 84 322 126
403 0 13 1452 1 3 1
404 1 2 1457 1 8 1
405 1 2 1460 1 9 1
406 0 9 1463 1 3 1
407 0 1 1468 91 840 136
408 1 4 1471 1 5 1
409 0 2 1475 1 10 1
410 0 1 1478 40824 495069 61236
411 1 123 1481 456 2006 684
412 1 1 1487 1 9 1
413 0 8 1489 2 6 3
414 0 1 1494 1 8 1
415 0 8 1496 9 27 13
416 1 2 1501 2052 21981 3078
417 1 1 1504 665 6769 997
418 0 2 1506 99 918 148
419 1 1 1509 1 11 1
420 0 25 1511 6153 32378 9229
421 1 1 1516 2233 24009 3349
422 0 3 1519 128 1202 192
423 1 3 1523 4366 22478 6549
424 0 85 1527 2 7 3
425 1 15 1533 1 4 1
426 0 3 1538 1 4 1
427 1 2 1542 4 33 6
428 0 4 1545 71 268 106
429 1 6 1549 82 314 123
430 0 2 1553 22 188 33
431 0 2 1556 3 25 4
432 1 1 1559 9033 103097 13549
433 0 1 1560 1 11 1
434 1 11 1562 1 3 1
435 0 1 1567 14 116 21
436 1 2 1570 767 7859 1150
437 1 2 1573 4 33 6
438 1 1 1576 1 8 1
439 1 1 1578 186 1780 279
440 1 1 1579 3 25 4
441 0 7 1581 1 3 1
442 0 18 1585 45 163 67
443 1 3 1590 1 9 1
444 1 9 1594 12 38 18
445 0 8 1599 1 4 1
446 1 2 1604 29230 349850 43845
447 0 3 1607 868 4004 1302
448 1 1 1611 13 107 19
449 0 13 1614 4198 21559 6297
450 0 6 1619 16 52 24
451 1 1 1623 21878 258857 32817
452 1 6 1625 1 5 1
453 0 8 1629 2 6 3
454 1 12 1634 2 7 3
455 0 9 1639 1 4 1
456 1 1 1644 8 64 12
457 1 7 1646 25 85 37
458 1 3 1650 212 878 318
459 0 7 1654 1 4 1
460 0 3 1659 712 3238 1068
461 0 2 1663 901 9300 1351
462 0 1 1666 1984 21221 2976
463 1 5 1669 1 5 1
464 1 1 1673 1539 16276 2308
465 1 8 1676 1 3 1
466 1 9 1681 3 10 4
467 0 6 1686 236966 1533443 355449
468 1 3 1690 1 3 1
469 0 2 1694 599 6067 898
470 1 5 1697 1 4 1
471 0 3 1701 1 4 1
472 0 2 1705 4 33 6
473 0 1 1708 4 33 6
474 0 9 1711 1 5 1
475 1 2 1716 249 2418 373
476 0 3 1719 2 6 3
477 0 2 1723 197 1891 295
478 1 20 1726 99 385 148
479 0 2 1731 51 457 76
480 0 4 1734 1 6 1
481 0 2 1738 1 10 1
482 1 23 1741 2 6 3
483 0 4 1746 1 4 1
484 1 2 1750 10 81 15
485 1 4 1753 11 34 16
486 1 7 1757 15 48 22
487 0 1 1761 2574 27849 3861
488 1 2 1763 434 4330 651
489 1 3 1766 33 116 49
490 1 10 1770 22 74 33
491 0 6 1775 1 4 1
492 0 1 1779 3 25 4
493 1 2 1781 21 179 31
494 1 2 1784 31 270 46
495 1 7 1787 46 167 69
496 0 4 1791 3 10 4
497 0 5 1795 14 45 21
498 0 1 1799 3 25 4
499 0 8 1802 7 21 10
500 0 7 1807 1 5 1
501 0 1 1811 313 3074 469
502 0 1 1814 8056 91510 12084
503 1 2 1817 176 1680 264
504 0 5 1820 3265 16495 4897
505 1 2 1824 2 17 3
506 0 16 1827 244 1023 366
507 1 15 1832 9 27 13
508 1 1 1837 199 1911 298
509 1 4 1840 17 56 25
510 1 2 1844 330 3249 495
511 0 4 1847 28 97 42
512 0 10 1851 49 179 73
513 1 2 1856 2 17 3
514 0 7 1859 2 6 3
515 1 4 1863 2 7 3
516 1 8 1867 1 4 1
517 0 5 1872 1 3 1
518 1 3 1876 111 436 166
519 1 2 1880 2 17 3
520 1 1 1883 45 400 67
521 0 6 1886 9 27 13
522 1 6 1890 8 24 12
523 0 7 1894 11 34 16
524 1 6 1898 1 3 1
525 0 1 1902 1332 13996 1998
526 0 4 1905 1 3 1
527 1 3 1909 57119 342717 85678
528 0 2 1913 6 48 9
529 1 2 1916 42 372 63
530 0 1 1919 2 17 3
531 0 1 1921 1 10 1
532 0 2 1923 7 56 10
533 0 1 1926 740 7570 1110
534 0 10 1927 45 163 67
535 1 5 1932 1 4 1
536 0 9 1936 1 4 1
537 0 19 1941 75 285 112
538 1 5 1946 26 89 39
539 0 1 1950 1 10 1
540 1 19 1952 27050 155606 40575
541 0 2 1957 1 9 1
542 0 2 1960 13 108 19
543 1 2 1963 3 25 4
544 1 2 1966 2247 24166 3370
545 0 5 1969 1 5 1
546 0 1 1973 53 475 79
547 1 17 1974 9 27 13
548 1 2 1979 60 542 90
549 1 2 1982 278 2714 417
550 1 2 1985 3 25 4
551 0 2 1988 1 10 1
552 0 1 1991 8 64 12
553 0 1 1994 48 428 72
554 1 6 1996 1 4 1
555 1 15 2000 9 27 13
556 0 4 2005 4 13 6
557 1 8 2009 1 3 1
558 1 11 2014 2 7 3
559 1 3 2019 1 4 1
560 0 1 2023 359 3549 538
561 0 1 2026 88 811 132
562 1 1 2029 176 1680 264
563 1 7 2032 18 59 27
564 0 2 2036 2 17 3
565 1 3 2039 41 147 61
566 0 12 2043 9 27 13
567 0 1 2048 262 2551 393
568 0 13 2051 2 6 3
569 0 2 2056 1 8 1
570 0 1 2059 8 64 12
571 0 3 2062 452 1987 678
572 1 5 2066 1 4 1
573 1 1 2070 3485 38205 5227
574 0 1 2073 34 297 51
575 1 8 2075 1581 7608 2371
576 0 4 2080 1 4 1
577 0 12 2084 1 3 1
578 0 2 2089 3 25 4
579 0 8 2092 5535 28932 8302
580 0 59 2097 9 27 13
581 0 2 2103 4 33 6
582 0 3 2106 71 647 106
583 1 6 2110 3 9 4
584 1 2 2114 319 3136 478
585 0 2 2117 4 33 6
586 0 3 2120 4 33 6
587 0 1 2124 12 99 18
588 0 3 2127 1 10 1
589 1 2 2131 26 224 39
590 0 5 2134 81031 495572 121546
591 0 3 2138 2372 11733 3558
592 1 4 2142 334 1435 501
593 0 6 2146 17315 97047 25972
594 1 3 2150 22 188 33
595 1 1 2154 1 9 1
596 1 2 2155 1 10 1
597 1 5 2158 2 6 3
598 0 2 2162 352 3477 528
599 0 2 2165 141 1331 211
600 0 19 2168 295 1255 442
601 0 1 2173 1 10 1
602 0 2 2176 10368 119010 15552
603 0 4 2179 1647 7947 2470
604 1 2 2183 30 261 45
605 1 4 2186 17 56 25
606 1 3 2190 23 78 34
607 0 2 2194 8070 91675 12105
608 1 4 2197 1 5 1
609 0 1 2201 28 242 42
610 1 5 2204 1 5 1
611 0 5 2208 7757 41414 11635
612 1 7 2212 1 4 1
613 0 8 2216 133778 840372 200667
614 1 5 2221 1 5 1
615 0 2 2225 62 561 93
616 0 4 2228 96 372 144
617 1 1 2232 19 161 28
618 0 1 2234 1 9 1
619 0 2 2237 1 9 1
620 1 3 2240 5 15 7
621 1 3 2244 17 56 25
622 0 4 2248 166 674 249
623 1 9 2252 1 5 1
624 0 1 2257 1 10 1
625 1 1 2260 6 48 9
626 0 3 2262 1 9 1
627 0 1 2266 1 9 1
628 0 1 2269 70 637 105
629 0 2 2272 7 56 10
630 0 2 2275 383 3798 574
631 1 6 2278 474 2091 711
632 0 6 2282 11 34 16
633 0 1 2286 11165 128549 16747
634 0 1 2288 6 48 9
635 0 1 2291 64 580 96
636 0 10 2294 2 7 3
637 1 1 2299 4 33 6
638 0 33 2302 401 1747 601
639 1 3 2308 1 4 1
640 0 5 2312 1 4 1
641 1 2 2316 13 108 19
642 0 2 2319 372 3684 558
643 1 2 2322 6193 69577 9289
644 0 1 2325 17019 199344 25528
645 1 3 2328 12519 68822 18778
646 1 1 2332 44 390 66
647 1 3 2334 2 17 3
648 0 11 2338 3 10 4
649 1 8 2343 8 24 12
650 0 1 2348 3 25 4
651 0 2 2350 1235 12932 1852
652 1 1 2353 1 10 1
653 1 2 2355 1 9 1
654 1 1 2358 1 12 1
655 1 6 2360 21 70 31
656 0 16 2364 866 3994 1299
657 1 2 2369 1 9 1
658 0 6 2372 10 31 15
659 1 8 2376 22 74 33
660 1 12 2381 1 4 1
661 0 1 2386 23855 283225 35782
662 0 11 2388 11 34 16
663 0 1 2393 10 81 15
664 1 6 2395 725 3301 1087
665 0 5 2399 2 6 3
666 1 1 2403 12270 141820 18405
667 1 5 2405 4 12 6
668 0 1 2409 12 98 18
669 1 2 2411 12 98 18
670 0 2 2414 1 10 1
671 0 1 2417 1 10 1
672 1 1 2419 79 724 118
673 0 1 2421 181 1731 271
674 1 16 2424 51 187 76
675 1 1 2429 2361 25448 3541
676 0 4 2430 1 3 1
677 0 1 2434 1 10 1
678 1 3 2437 256 1077 384
679 0 2 2441 13 108 19
680 1 3 2444 1 4 1
681 0 1 2448 16 134 24
682 0 3 2450 1 4 1
683 0 6 2454 1 4 1
684 0 8 2458 9 27 13
685 0 1 2463 1 10 1
686 0 3 2465 2 7 3
687 0 1 2469 298626 3902500 447939
688 1 2 2471 3 25 4
689 0 7 2474 2 7 3
690 0 7 2478 166 674 249
691 1 2 2482 1 9 1
692 0 2 2485 2 17 3
693 0 7 2488 59 219 88
694 0 2 2493 4 33 6
695 1 3 2496 1 4 1
696 1 1 2500 5036 56086 7554
697 1 9 2503 2 6 3
698 1 2 2508 4 33 6
699 1 4 2511 81 309 121
700 0 1 2515 338 3332 507
701 0 2 2517 10 81 15
702 0 1 2520 162 1540 243
703 1 10 2523 1 3 1
704 0 2 2528 4 33 6
705 0 1 2531 211329 2727122 316993
706 0 3 2534 3 9 4
707 1 8 2538 1 4 1
708 1 1 2543 33 288 49
709 0 1 2546 67 609 100
710 1 3 2547 10 81 15
711 0 1 2551 6 48 9
712 0 7 2553 1 6 1
713 1 3 2557 408 4058 612
714 1 4 2561 16 52 24
715 1 13 2565 2 6 3
716 1 4 2570 1 4 1
717 1 8 2574 578 2588 867
718 1 1 2579 3 25 4
719 1 2 2582 1 10 1
720 1 1 2585 126 1183 189
721 1 2 2587 1 10 1
722 1 7 2590 1 6 1
723 1 1 2594 1 10 1
724 1 3 2597 174 1660 261
725 0 1 2601 6 48 9
726 0 5 2603 6 18 9
727 1 9 2607 71 268 106
728 1 3 2612 31 270 46
729 0 1 2616 6843 77203 10264
730 0 4 2618 48 175 72
731 1 2 2622 89 820 133
732 1 2 2625 163 1550 244
733 0 1 2628 74 675 111
734 0 7 2631 10 31 15
735 0 4 2636 1 3 1
736 0 3 2640 115 453 172
737 1 2 2644 26 224 39
738 0 2 2647 4 33 6
739 1 18 2650 9 27 13
740 1 1 2655 292 2858 438
741 0 4 2657 1 3 1
742 0 1 2661 1 9 1
743 0 3 2663 1 5 1
744 0 8 2667 1 4 1
745 1 1 2672 18 152 27
746 1 24 2675 199 821 298
747 1 2 2680 9865 113004 14797
748 1 7 2683 218 905 327
749 1 2 2687 1 10 1
750 0 2 2690 17 143 25
751 0 2 2693 1 9 1
752 1 2 2696 326 3208 489
753 0 2 2699 1 10 1
754 0 1 2702 1 10 1
755 1 1 2704 6 48 9
756 1 2 2706 3 25 4
757 0 8 2709 5419 28288 8128
758 0 8 2714 3 10 4
759 1 4 2719 189 776 283
760 1 1 2723 6969 78684 10453
761 1 2 2726 7101 80238 10651
762 0 2 2729 1 10 1
763 0 5 2732 1 4 1
764 1 2 2736 1 9 1
765 0 2 2739 4 33 6
766 1 1 2742 237 2296 355
767 0 15 2744 2 6 3
768 0 1 2749 5832 65356 8748
769 1 2 2751 416 4142 624
770 0 3 2754 1 10 1
771 1 2 2758 1 9 1
772 0 4 2761 4 12 6
773 0 3 2765 494 4958 741
774 1 3 2769 1 3 1
775 1 2 2773 37 325 55
776 1 3 2776 1 4 1
777 1 2 2780 58 523 87
778 0 5 2783 47 171 70
779 1 2 2787 1 9 1
780 1 1 2790 1744 18548 2616
781 0 2 2792 388 3850 582
782 1 6 2795 11 34 16
783 1 6 2799 1 3 1
784 1 4 2803 3 9 4
785 0 1 2807 37 325 55
786 0 2 2809 3560 39063 5340
787 0 5 2812 99 385 148
788 0 7 2816 1 4 1
789 0 3 2821 46 167 69
790 1 14 2825 5 15 7
791 1 1 2830 2091 22418 3136
792 1 5 2833 1 3 1
793 0 6 2837 2 7 3
794 0 1 2841 6724 75804 10086
795 1 3 2843 14 116 21
796 1 2 2847 1094 11393 1641
797 0 2 2850 2 17 3
798 1 3 2853 1 9 1
799 0 2 2857 2 17 3
800 1 3 2860 2490 12357 3735
801 0 1 2864 13711 159195 20566
802 0 14 2866 1 4 1
803 0 4 2871 1 4 1
804 0 2 2875 1 9 1
805 1 5 2878 69 260 103
806 0 7 2882 1 4 1
807 0 3 2887 40 353 60
808 1 1 2890 1 9 1
809 1 1 2892 411 4089 616
810 1 10 2894 21 70 31
811 1 12 2899 40 143 60
812 0 2 2904 39 344 58
813 0 2 2907 65 589 97
814 1 2 2910 1 10 1
815 0 2 2913 6 48 9
816 0 1 2916 1112 11589 1668
817 1 7 2919 108 423 162
818 1 26 2923 1 3 1
819 0 2 2928 359 3549 538
820 1 3 2931 1 4 1
821 0 1 2935 1 10 1
822 0 5 2938 1 4 1
823 0 4 2942 123880 775042 185820
824 1 4 2946 43 155 64
825 0 3 2950 5 40 7
826 0 1 2954 5170 57642 7755
827 0 4 2957 80 305 120
828 1 7 2961 1 4 1
829 0 9 2965 33 116 49
830 0 2 2970 31 270 46
831 0 1 2973 35 307 52
832 1 3 2975 2 6 3
833 0 2 2979 228 2205 342
834 1 8 2982 1 4 1
835 1 8 2987 1 3 1
836 1 1 2992 78 714 117
837 0 1 2994 1 8 1
838 1 1 2997 1 10 1
839 1 4 3000 1 4 1
840 0 2 3004 126 1183 189
841 1 3 3007 2 6 3
842 1 1 3011 263 2561 394
843 0 1 3014 464 4644 696
844 1 4 3017 2478 12293 3717
845 0 4 3021 1 5 1
846 0 2 3025 258925 3366209 388387
847 0 1 3028 1 10 1
848 0 12 3031 271 1145 406
849 1 7 3036 1 4 1
850 0 2 3040 2 17 3
851 0 1 3043 83 762 124
852 0 12 3046 20 67 30
853 0 1 3051 348 3435 522
854 1 4 3053 1 7 1
855 1 6 3057 2 7 3
856 0 1 3061 8 64 12
857 0 2 3063 1 9 1
858 0 21 3066 1 3 1
859 1 2 3071 159 1510 238
860 1 8 3074 1 4 1
861 1 2 3079 2 17 3
862 1 15 3082 43 155 64
863 0 1 3087 71 647 106
864 1 5 3088 6 18 9
865 0 5 3092 142174 895980 213261
866 1 3 3096 604 6120 906
867 1 6 3100 23319 132997 34978
868 0 1 3104 599 6067 898
869 0 2 3105 91 840 136
870 1 3 3108 180 736 270
871 0 2 3112 8 64 12
872 1 5 3115 3 9 4
873 1 11 3119 33 116 49
874 1 1 3124 5 40 7
875 1 5 3127 169 687 253
876 1 5 3131 1 3 1
877 0 1 3135 1 9 1
878 1 3 3137 10 31 15
879 0 8 3141 372 1611 558
880 1 2 3146 6009 67424 9013
881 0 3 3149 4 12 6
882 0 4 3153 11102 60591 16653
883 0 1 3157 11 90 16
884 0 1 3159 2072 22205 3108
885 1 3 3161 393 3902 589
886 1 1 3165 8 64 12
887 1 5 3168 35 124 52
888 0 3 3172 1 3 1
889 0 2 3176 427583 5660335 641374
890 0 3 3179 11 34 16
891 1 8 3183 134 535 201
892 1 2 3188 716 7313 1074
893 0 1 3191 30 261 45
894 0 1 3193 1 10 1
895 1 4 3195 1 6 1
896 1 3 3199 1 4 1
897 0 3 3203 2 17 3
898 0 1 3207 1 9 1
899 1 10 3210 3 9 4
900 0 1 3215 1 9 1
901 1 8 3217 1 5 1
902 1 4 3222 2 6 3
903 0 2 3226 1 9 1
904 0 3 3229 5 15 7
905 0 8 3233 3 9 4
906 0 2 3238 24 206 36
907 0 6 3241 5 15 7
908 0 5 3245 707 3213 1060
909 1 1 3249 5 40 7
910 0 3 3251 99 385 148
911 1 3 3255 1 5 1
912 1 14 3259 1 3 1
913 1 1 3264 5 40 7
914 0 8 3266 1 4 1
915 0 20 3271 752 3433 1128
916 0 1 3276 5 40 7
917 1 3 3278 1 4 1
918 0 20 3282 1 4 1
919 0 7 3287 71876 436729 107814
920 0 3 3291 9 27 13
921 0 1 3295 1 11 1
922 1 2 3297 3602 39544 5403
923 0 2 3300 2 17 3
924 1 1 3303 2 17 3
925 1 14 3305 21194 120207 31791
926 0 1 3310 145 1371 217
927 0 1 3313 1 9 1
928 1 2 3315 44 390 66
929 1 1 3318 1 9 1
930 0 1 3321 14 116 21
931 0 2 3324 1 10 1
932 0 2 3327 36 316 54
933 1 18 3330 2 7 3
934 0 1 3335 173 1650 259
935 1 2 3337 1 9 1
936 0 19 3340 118551 739975 177826
937 0 2 3345 1 9 1
938 1 1 3348 287666 3754185 431499
939 0 5 3351 1 4 1
940 0 4 3355 1 4 1
941 0 4 3359 6 18 9
942 0 7 3363 8 24 12
943 0 2 3368 1 9 1
944 1 2 3371 4 33 6
945 1 2 3374 198 1901 297
946 1 14 3377 1 4 1
947 0 14 3382 11191 61106 16786
948 0 2 3387 1 11 1
949 0 5 3390 1 4 1
950 1 1 3394 32 279 48
951 1 9 3396 2 7 3
952 0 2 3401 4020 44342 6030
953 1 12 3404 2 6 3
954 1 2 3409 3 25 4
955 0 5 3412 1 5 1
956 0 1 3416 1 10 1
957 1 1 3418 1 12 1
958 1 1 3419 5923 66419 8884
959 1 1 3421 40 353 60
960 0 7 3423 1 4 1
961 0 3 3428 1 4 1
962 1 3 3432 3910 19988 5865
963 0 2 3436 1 9 1
964 0 4 3439 1 4 1
965 0 1 3443 18 152 27
966 0 2 3445 1 10 1
967 0 2 3448 46 409 69
968 1 4 3451 12 38 18
969 0 4 3455 24 82 36
970 0 13 3459 11 34 16
971 0 1 3464 1 11 1
972 0 12 3466 2 7 3
973 0 3 3471 56 207 84
974 1 1 3475 4 33 6
975 1 4 3477 1 4 1
976 1 2 3481 12 99 18
977 1 2 3484 1830 19504 2745
978 0 5 3487 5 15 7
979 1 4 3491 83 318 124
980 0 3 3495 1 4 1
981 0 1 3499 1 10 1
982 0 1 3501 6 48 9
983 1 1 3503 20 170 30
984 1 8 3506 284 1205 426
985 0 1 3511 8 64 12
986 1 7 3514 252 1059 378
987 1 2 3519 2 17 3
988 1 2 3522 5 41 7
989 1 8 3525 106979 664107 160468
990 0 2 3530 118 1104 177
991 0 2 3533 75 685 112
992 0 2 3536 214997 2776207 322495
993 0 16 3539 25 85 37
994 0 5 3544 1 6 1
995 1 1 3548 284 2776 426
996 1 2 3550 3 25 4
997 1 2 3553 1 9 1
998 0 7 3556 1 3 1
999 0 2 3560 14 116 21
1000 0 6 3563 27 93 40
1001 1 1 3567 1 10 1
1002 1 3 3568 1 4 1
1003 0 1 3572 1 9 1
1004 1 9 3575 7098 37687 10647
1005 0 5 3580 1 5 1
1006 1 2 3584 304 2981 456
1007 0 3 3587 1 10 1
1008 0 1 3591 1 10 1
1009 0 3 3594 1695 8195 2542
1010 1 8 3598 4 12 6
1011 1 4 3603 6 18 9
1012 0 2 3607 8 64 12
