0 1 1 5 1 12 1
1 1 6 13 179 731 268
2 0 4 30 19 63 28
3 0 3 46 5651 63243 8476
4 0 3 60 5 41 7
5 0 2 74 1 11 1
6 1 3 86 1 3 1
7 1 5 101 1 3 1
8 1 5 118 2 6 3
9 0 7 135 1295 6146 1942
10 1 3 153 30 104 45
11 1 1 168 1 10 1
12 0 2 179 3 25 4
13 0 8 192 4 12 6
14 0 1 210 686 6993 1029
15 1 9 213 1 5 1
16 0 11 232 1 4 1
17 0 5 251 3 9 4
18 0 2 268 5 40 7
19 0 4 281 1 4 1
20 0 6 297 601 2699 901
21 0 15 314 1 4 1
22 1 9 334 5 15 7
23 1 3 353 1 3 1
24 1 3 368 1 3 1
25 1 11 383 26 89 39
26 0 30 403 1 4 1
27 1 5 425 1 5 1
28 1 2 442 56 504 84
29 1 5 454 1 3 1
30 0 3 470 368 1593 552
31 0 16 485 4 12 6
32 0 10 505 4 12 6
33 0 2 524 179 1710 268
34 0 4 536 1 5 1
35 1 5 552 136 543 204
36 1 1 568 1 9 1
37 1 8 575 1 3 1
38 0 1 594 1 11 1
39 0 7 605 1 4 1
40 0 1 623 1 10 1
41 1 3 632 1 4 1
42 0 3 647 11 34 16
43 1 1 662 2 17 3
44 0 4 671 32 112 48
45 0 2 687 2804 30451 4206
46 0 6 701 1 4 1
47 0 6 718 8 24 12
48 0 4 736 3 10 4
49 1 3 752 13 41 19
50 0 5 767 65 243 97
51 0 4 784 1 4 1
52 0 2 800 1 9 1
53 1 18 813 357 1541 535
54 0 2 834 1 14 1
55 0 1 848 4 33 6
56 1 16 859 1 4 1
57 1 1 880 124 1163 186
58 0 6 890 14913 82847 22369
59 1 3 908 61246 754476 91869
60 0 1 922 1 9 1
61 0 1 932 3 25 4
62 0 1 942 4 33 6
63 0 8 948 1 4 1
64 0 12 966 1 4 1
65 1 2 986 1 8 1
66 1 15 998 1 4 1
67 0 2 1018 1 10 1
68 0 2 1030 18 152 27
69 1 6 1043 12 38 18
70 0 5 1061 1 3 1
71 1 2 1078 8546 97315 12819
72 1 26 1090 3 9 4
73 1 6 1112 1 5 1
74 0 3 1130 286 1214 429
75 1 3 1145 1775 8609 2662
76 1 1 1159 7 56 10
77 1 1 1169 202 1942 303
78 0 6 1178 1 4 1
79 1 2 1195 1952 20864 2928
80 1 3 1208 762 7805 1143
81 0 2 1222 1 9 1
82 0 10 1236 167 679 250
83 0 4 1255 18 59 27
84 0 1 1270 124270 1572447 186405
85 0 7 1280 1 5 1
86 1 3 1298 129 513 193
87 0 7 1313 39 139 58
88 0 6 1331 2189 10769 3283
89 0 4 1349 1 4 1
90 1 4 1365 3 10 4
91 1 5 1381 40 143 60
92 0 7 1398 3505326 25810441 5257989
93 0 14 1416 1 3 1
94 0 1 1436 27 233 40
95 0 14 1444 24 82 36
96 0 1 1464 20 170 30
97 1 2 1473 2 17 3
98 0 3 1485 16 52 24
99 0 2 1500 6 48 9
100 0 3 1512 18055 101445 27082
101 1 6 1527 9 27 13
102 0 2 1544 2797 30371 4195
103 1 2 1557 2 17 3
104 1 3 1569 1 10 1
105 0 1 1583 1 9 1
106 0 4 1592 37 131 55
107 0 2 1608 1 9 1
108 1 1 1620 652 6630 978
109 0 4 1631 1 5 1
110 1 1 1647 26 224 39
111 1 2 1656 87 801 130
112 0 2 1669 34 297 51
113 0 3 1683 18 59 27
114 1 1 1698 48 428 72
115 1 2 1708 31 270 46
116 0 2 1720 9 72 13
117 0 4 1732 1 5 1
118 1 5 1748 5 15 7
119 0 1 1765 39 344 58
120 1 3 1774 3 25 4
121 1 3 1788 13305 73411 19957
122 1 1 1802 9055 103358 13582
123 1 1 1812 205 1972 307
124 1 1 1823 1 12 1
125 1 9 1834 1 3 1
126 0 1 1853 990 10263 1485
127 0 4 1859 157 635 235
128 0 2 1875 28 242 42
129 1 3 1887 4346 48098 6519
130 1 1 1901 134 1262 201
131 1 3 1912 1 4 1
132 0 5 1927 13 41 19
133 1 4 1944 1 4 1
134 1 2 1960 9 73 13
135 1 8 1972 1 3 1
136 1 3 1991 2000 9780 3000
137 0 1 2006 41 362 61
138 0 2 2011 166 1580 249
139 1 4 2024 2 7 3
140 0 7 2040 1 4 1
141 0 18 2058 1 3 1
142 1 2 2079 1 9 1
143 0 1 2091 1336 14040 2004
144 0 1 2100 7 56 10
145 0 2 2109 1 9 1
146 0 1 2121 1 10 1
147 0 1 2131 9 73 13
148 0 3 2142 3 25 4
149 0 6 2156 1 4 1
150 0 3 2174 6 18 9
151 0 1 2189 709 7238 1063
152 1 3 2196 4661 24098 6991
153 1 2 2211 1 9 1
154 1 2 2223 1 10 1
155 0 2 2236 3 25 4
156 0 4 2250 1 4 1
157 1 3 2266 3 10 4
158 1 1 2281 37 325 55
159 1 2 2285 1419 14953 2128
160 1 2 2298 3 25 4
161 1 2 2310 1 10 1
162 1 2 2323 669 6811 1003
163 1 2 2337 34 297 51
164 0 2 2349 1 11 1
165 0 6 2361 1 4 1
166 0 2 2378 49 438 73
167 1 11 2392 40 143 60
168 1 2 2411 17024 199405 25536
169 0 18 2425 1 4 1
170 0 1 2446 4 33 6
171 0 2 2457 3 25 4
172 0 1 2471 52 466 78
173 1 4 2481 1 4 1
174 0 6 2497 8 24 12
175 1 5 2515 1 5 1
176 0 4 2532 1 5 1
177 0 1 2548 46 409 69
178 0 3 2559 33 288 49
179 1 15 2573 2141 10517 3211
180 0 1 2593 1 10 1
181 1 16 2601 1 4 1
182 0 7 2622 1 3 1
183 0 3 2640 22 188 33
184 0 3 2654 1 4 1
185 1 8 2669 1 6 1
186 0 3 2687 3228 16296 4842
187 0 1 2702 60528 745294 90792
188 1 2 2712 1 12 1
189 0 3 2724 7 21 10
190 0 8 2739 2 6 3
191 1 3 2757 184 754 276
192 1 8 2772 12 38 18
193 1 3 2790 13 41 19
194 1 2 2805 1 10 1
195 0 1 2818 5 41 7
196 0 3 2829 3 9 4
197 1 7 2844 12 38 18
198 1 1 2862 133 1252 199
199 0 2 2872 1071 11143 1606
200 0 4 2885 1 3 1
201 1 4 2901 1 3 1
202 0 1 2917 2 17 3
203 1 1 2927 1 11 1
204 1 1 2938 1 11 1
205 1 12 2948 1 3 1
206 1 2 2968 1 12 1
207 0 3 2981 1330 6324 1995
208 1 5 2996 6588 34816 9882
209 0 12 3013 1 4 1
210 1 8 3033 15 48 22
211 1 8 3051 1 3 1
212 0 2 3069 8 64 12
213 0 7 3081 1 5 1
214 1 3 3099 29 252 43
215 0 5 3113 10 31 15
216 1 5 3130 53 195 79
217 1 2 3147 12 98 18
218 0 2 3161 2 17 3
219 1 1 3175 3384 37051 5076
220 1 5 3186 1 3 1
221 1 4 3203 189 776 283
222 1 10 3219 1 4 1
223 1 2 3238 8 64 12
224 1 3 3251 1 4 1
225 0 3 3266 504 2234 756
226 0 2 3281 20315 239651 30472
227 1 2 3295 34 298 51
228 1 4 3309 1 4 1
229 1 3 3325 190 780 285
230 1 4 3339 1 4 1
231 1 1 3355 42 372 63
232 1 1 3365 1 10 1
233 0 1 3376 1 13 1
234 0 16 3386 140 561 210
235 0 2 3407 70 637 105
236 0 9 3419 1 5 1
237 0 3 3438 9156 49386 13734
238 1 10 3453 315 1347 472
239 1 1 3472 127 1193 190
240 1 2 3483 372 3684 558
241 0 1 3496 174 1660 261
242 0 7 3508 5185 26990 7777
243 0 6 3526 191 785 286
244 1 3 3543 1 5 1
245 0 6 3558 145 582 217
246 1 4 3575 23836 136119 35754
247 0 3 3591 12 38 18
248 1 1 3606 3 25 4
