0 0 6 5 7 21 10
1 0 11 23 1 5 1
2 0 3 42 5 40 7
3 1 5 56 1 10 1
4 1 3 73 9 72 13
5 1 8 88 1 3 1
6 0 3 106 471 4717 706
7 0 14 120 8 24 12
8 0 1 140 46 409 69
9 0 3 150 7 56 10
10 0 1 164 229 2215 343
11 1 3 171 1 9 1
12 1 1 186 150 1421 225
13 0 5 197 1 9 1
14 0 9 214 1 4 1
15 1 31 233 1 5 1
16 1 1 255 2 17 3
17 0 6 266 4 33 6
18 1 15 283 329 1412 493
19 0 1 303 1 9 1
20 1 1 312 3 25 4
21 1 7 320 5461 28521 8191
22 0 4 338 204 1962 306
23 0 5 354 1 11 1
24 1 14 370 1 4 1
25 0 4 390 25 215 37
26 0 2 406 1 9 1
27 0 5 418 13 107 19
28 0 8 435 407 1775 610
29 1 24 453 11 34 16
30 0 3 475 33 288 49
31 0 2 490 5355 59794 8032
32 1 12 502 83 318 124
33 0 9 522 1 5 1
34 0 1 541 13 108 19
35 0 1 551 1 9 1
36 0 2 560 1 9 1
37 0 4 574 85 782 127
38 1 10 590 1 6 1
39 1 2 609 4371 48386 6556
40 1 12 622 42 151 63
41 1 2 642 1 11 1
42 0 1 656 5 41 7
43 1 2 659 143 1351 214
44 0 1 672 1 11 1
45 0 2 681 1 9 1
46 0 2 695 76 695 114
47 1 2 709 42 372 63
48 0 2 721 1 9 1
49 1 5 734 118 1104 177
50 0 1 751 30 261 45
51 0 2 757 473 4738 709
52 1 2 769 22 188 33
53 1 11 783 1 4 1
54 0 6 802 1 3 1
55 0 2 820 70510 873295 105765
56 0 3 833 1 10 1
57 0 3 848 1 10 1
58 0 3 862 1 12 1
59 0 4 876 1 9 1
60 0 3 892 3 25 4
61 1 1 907 202 1942 303
62 1 4 915 2 17 3
63 1 3 931 7 56 10
64 0 1 946 1 8 1
65 1 1 956 2 17 3
66 0 6 968 1 10 1
67 0 2 985 2 17 3
68 1 2 997 12 99 18
69 0 1 1010 6 48 9
70 1 2 1020 897 9257 1345
71 0 9 1033 1 4 1
72 1 3 1052 1 9 1
73 1 2 1067 1 10 1
74 0 4 1080 1 10 1
75 0 4 1096 529 5327 793
76 0 3 1112 36 316 54
77 0 3 1127 2 17 3
78 1 4 1142 1 10 1
79 1 1 1158 35 307 52
80 0 28 1167 3 10 4
81 0 3 1189 17434 204403 26151
82 1 9 1204 14 45 21
83 0 6 1223 22 188 33
84 1 8 1240 1 3 1
85 1 4 1258 1267 13283 1900
86 1 1 1273 206 1982 309
87 0 5 1281 14 116 21
88 1 2 1298 1174 12265 1761
89 1 4 1310 152 1440 228
90 1 4 1326 306 3002 459
91 0 5 1342 2068 22160 3102
92 1 5 1359 5005 55726 7507
93 1 2 1375 8 64 12
94 1 1 1387 4 33 6
95 0 7 1398 177 723 265
96 1 6 1416 222 2144 333
97 0 2 1433 78 714 117
98 0 7 1447 1 3 1
99 0 23 1465 2 6 3
100 1 3 1487 1 9 1
101 1 2 1502 1 8 1
102 1 2 1514 16289 190456 24433
103 0 1 1526 4657 51692 6985
104 1 9 1535 1 4 1
105 1 1 1554 25 215 37
106 0 4 1563 3 25 4
107 1 2 1579 14950 174193 22425
108 0 1 1591 1 10 1
109 0 2 1600 1 9 1
110 1 2 1614 1 9 1
111 0 2 1626 1 9 1
112 0 2 1639 7 56 10
113 0 2 1652 2 17 3
114 1 30 1664 2 7 3
115 0 4 1686 1 10 1
116 1 1 1702 1617 17139 2425
117 1 3 1713 14 116 21
118 0 4 1727 1 12 1
119 0 1 1742 79 724 118
120 0 11 1751 11 34 16
121 0 1 1770 565 5707 847
122 1 1 1775 3 25 4
123 0 2 1786 648 6588 972
124 0 10 1798 3 9 4
125 1 5 1817 3 25 4
126 0 8 1834 27 93 40
127 0 5 1852 631 6407 946
128 1 1 1869 1 10 1
129 1 1 1879 3 25 4
130 1 1 1890 1 12 1
131 0 1 1896 58 523 87
132 0 2 1906 1 10 1
133 0 2 1920 125 1173 187
134 1 7 1934 6 18 9
135 1 2 1952 1 9 1
136 1 3 1966 1 9 1
137 0 2 1981 49 438 73
138 1 5 1993 1 10 1
139 0 4 2010 996 10328 1494
140 1 7 2026 36 127 54
141 1 5 2044 45 400 67
142 0 3 2061 58 523 87
143 1 25 2076 2 6 3
144 0 3 2098 1 8 1
145 1 6 2113 8 24 12
146 1 1 2131 2 17 3
147 0 3 2142 40 353 60
148 0 4 2156 3 25 4
149 1 3 2172 34 298 51
150 0 3 2186 1 9 1
151 0 1 2200 1 9 1
152 0 3 2210 96 889 144
153 0 1 2225 4511 50004 6766
154 0 8 2235 1 3 1
155 0 8 2253 3 9 4
156 0 2 2271 15 125 22
157 0 1 2284 87333 1090495 130999
158 1 2 2294 9 72 13
159 0 1 2306 2 17 3
160 0 7 2313 1 4 1
161 0 3 2331 12217 141182 18325
162 0 2 2346 55 494 82
163 0 31 2359 1 4 1
164 0 4 2381 1 9 1
165 1 3 2397 1 9 1
166 0 26 2411 1 4 1
167 1 11 2433 3 10 4
168 0 12 2452 8110 43418 12165
169 1 1 2472 2236 24043 3354
170 0 5 2483 41333 501484 61999
171 0 2 2500 3 25 4
172 1 3 2513 2140 22966 3210
173 1 10 2528 2 6 3
174 0 7 2547 262 1104 393
175 1 1 2565 61 551 91
176 1 4 2576 1 9 1
177 1 2 2592 3661 40220 5491
178 0 1 2605 1 12 1
179 1 1 2616 27 233 40
180 0 1 2626 3 25 4
181 0 5 2636 32 279 48
182 0 19 2653 2 7 3
183 0 3 2674 745 7623 1117
184 0 6 2688 1 10 1
185 1 1 2705 1 9 1
186 1 5 2715 30981 371661 46471
187 0 1 2732 37 326 55
188 1 5 2741 65 589 97
189 1 5 2758 4 33 6
190 0 2 2775 1 9 1
191 0 2 2788 3 25 4
192 0 11 2800 2 7 3
193 1 5 2819 17 143 25
194 1 3 2836 8099 92019 12148
195 0 2 2850 4 33 6
196 0 2 2863 655 6662 982
197 1 24 2877 6 18 9
198 0 3 2899 3 25 4
199 0 2 2914 7790 88364 11685
200 0 2 2927 1 11 1
201 1 7 2940 7 21 10
202 1 6 2958 602 6099 903
203 0 5 2975 4 33 6
204 1 9 2991 11 34 16
205 1 4 3010 1 10 1
206 1 11 3026 166 674 249
207 0 43 3045 18 59 27
208 0 2 3068 323 3177 484
209 1 2 3081 1 9 1
210 1 1 3094 2072 22205 3108
211 0 1 3101 11 90 16
212 0 14 3111 1 4 1
213 1 9 3131 1 6 1
214 1 1 3150 1 8 1
215 1 5 3158 2 17 3
216 1 2 3175 260 2530 390
217 1 3 3188 3 25 4
218 1 1 3203 1732 18414 2598
219 0 3 3214 35 307 52
220 1 1 3229 1367 14381 2050
221 1 2 3240 1 9 1
222 1 4 3252 10 81 15
223 1 2 3267 1 11 1
224 1 4 3279 1 8 1
225 1 3 3295 1 11 1
226 1 5 3309 15 125 22
227 0 1 3326 1 9 1
228 0 54 3335 7614 40604 11421
229 0 8 3359 1 4 1
230 0 4 3377 1183 12364 1774
231 0 1 3392 1 11 1
232 1 6 3402 5419 60539 8128
233 0 4 3419 208 2002 312
234 1 2 3435 3 25 4
235 0 3 3448 1 9 1
236 0 8 3462 2 7 3
237 1 1 3480 1 9 1
238 1 1 3485 29 252 43
239 1 4 3493 1 9 1
240 0 1 3509 1 10 1
241 0 11 3518 14 45 21
242 1 11 3537 1 4 1
243 1 4 3556 3 25 4
244 1 11 3572 1 4 1
245 1 2 3592 24919 296372 37378
246 1 2 3604 1 10 1
247 1 3 3616 246 2388 369
