0 0 6 5 1 11 1
1 1 3 13 14 116 21
2 1 13 20 1 3 1
3 0 2 29 13 108 19
4 0 1 36 1 8 1
5 0 1 42 14 116 21
6 1 14 48 23 78 34
7 0 2 57 19 160 28
8 1 1 64 4 33 6
9 1 16 71 63 235 94
10 1 1 80 1 9 1
11 1 1 86 12 98 18
12 0 4 93 25 215 37
13 0 1 101 18 152 27
14 1 13 107 1 4 1
15 1 2 116 5 40 7
16 1 1 123 1 9 1
17 1 12 129 1 4 1
18 0 12 138 13 41 19
19 0 1 147 1 9 1
20 1 11 154 11 34 16
21 0 1 163 1 10 1
22 1 1 169 41 363 61
23 0 1 175 9 72 13
24 0 9 182 890 4113 1335
25 0 3 191 1 11 1
26 1 4 199 213419 2755086 320128
27 1 7 207 1 5 1
28 0 2 215 49267 601838 73900
29 0 14 222 7 21 10
30 1 3 231 15 125 22
31 1 8 238 1 4 1
32 1 1 246 265 2581 397
33 1 2 251 4 32 6
34 0 38 258 458 2016 687
35 1 7 267 977 4545 1465
36 0 2 275 1 9 1
37 1 4 282 478 4790 717
38 1 3 290 22 188 33
39 1 3 297 1 9 1
40 0 7 305 752 3433 1128
41 1 28 313 7 21 10
42 1 2 322 1 11 1
43 0 3 329 9 73 13
44 1 2 337 13 107 19
45 1 10 344 1 4 1
46 1 1 353 1 11 1
47 0 3 359 16357 191283 24535
48 0 71 367 3 9 4
49 1 1 377 92 850 138
50 0 2 383 589 5961 883
51 1 2 390 1 9 1
52 0 4 397 355 3508 532
53 1 1 405 1 8 1
54 0 2 412 109 1016 163
55 0 9 419 1 4 1
56 1 1 428 633 6428 949
57 0 3 434 18 152 27
58 0 11 442 22 74 33
59 1 1 451 1 10 1
60 1 6 458 1816 19348 2724
61 1 3 466 5 40 7
62 0 2 473 4885 54334 7327
63 0 10 480 1 4 1
64 1 3 489 303 2971 454
65 0 2 497 1 9 1
66 1 4 504 3 25 4
67 1 1 512 49 438 73
68 0 2 518 1 8 1
69 1 5 525 170 1620 255
70 0 1 533 5 41 7
71 0 17 537 66964 405313 100446
72 1 1 546 1 8 1
73 1 4 552 64 580 96
74 0 2 560 1652 17527 2478
75 0 6 567 107 996 160
76 1 1 575 76661 952511 114991
77 0 13 581 8 24 12
78 0 6 590 151 609 226
79 1 1 598 42 372 63
80 0 1 604 51663 632267 77494
81 1 2 610 1 10 1
82 0 2 617 1 9 1
83 0 8 624 1 5 1
84 1 1 633 198 1901 297
85 1 3 639 1 9 1
86 1 2 647 1 10 1
87 0 4 654 1 10 1
88 1 1 662 1691 17959 2536
89 0 5 669 1 8 1
90 0 4 677 1 9 1
91 0 1 685 3 25 4
92 1 5 691 1 10 1
93 1 1 699 8 64 12
94 0 5 705 3 25 4
95 1 1 713 6 48 9
96 0 3 719 2 17 3
97 1 2 727 1 8 1
98 1 6 734 4129 45596 6193
99 1 1 742 1 9 1
100 1 2 748 402 3996 603
101 1 2 755 1 11 1
102 1 2 762 5131 57189 7696
103 1 3 769 41 363 61
104 0 1 777 1 10 1
105 1 2 783 7 56 10
106 1 2 790 37 325 55
107 1 3 797 7 56 10
108 1 19 805 1 3 1
109 0 1 814 1 8 1
110 0 3 819 1 10 1
111 0 4 827 2 17 3
112 1 1 835 213 2053 319
113 1 5 842 1223 12801 1834
114 0 4 850 96 889 144
115 0 5 858 1 10 1
116 0 1 866 12 99 18
117 1 4 873 13 108 19
118 1 12 881 489 2162 733
119 0 4 890 530 5337 795
120 0 8 898 1 4 1
121 1 3 906 8 64 12
122 1 22 914 4 12 6
123 0 4 923 1 9 1
124 1 5 931 1 9 1
125 0 9 939 9 27 13
126 0 2 948 17 143 25
127 1 4 955 2115 22686 3172
128 0 2 963 5 40 7
129 1 29 970 2 7 3
130 1 2 979 2 17 3
131 0 4 986 378 3746 567
132 0 1 994 1 9 1
133 1 25 999 1 4 1
134 1 2 1008 5 41 7
135 0 2 1015 1 9 1
136 1 6 1022 6254 32943 9381
137 0 3 1030 3 25 4
138 0 1 1038 4 33 6
139 1 3 1043 242 2347 363
140 1 7 1051 374 1621 561
141 1 6 1059 19 161 28
142 0 6 1067 2 17 3
143 0 3 1075 19773 233005 29659
144 1 2 1083 78 714 117
145 1 2 1090 2 17 3
146 0 2 1097 1 10 1
147 1 6 1104 1 9 1
148 1 1 1112 225 2174 337
149 1 1 1119 2 17 3
150 0 75 1125 1 4 1
151 0 2 1135 11 90 16
152 1 2 1142 1 13 1
153 1 2 1149 2 17 3
154 0 12 1156 1 5 1
155 0 3 1165 15260 177953 22890
156 0 6 1172 1 9 1
157 0 19 1180 1 4 1
158 1 4 1189 24734 294084 37101
159 0 14 1197 7 21 10
160 1 9 1206 2 7 3
161 1 3 1215 1733 18425 2599
162 1 2 1222 78 714 117
163 1 1 1229 494 4959 741
164 1 1 1236 1 9 1
165 0 1 1240 19 161 28
166 0 3 1247 903 9322 1354
167 0 20 1255 1476 7069 2214
168 1 6 1264 37 131 55
169 1 1 1272 76 695 114
170 0 4 1278 8 64 12
171 0 1 1286 39 344 58
172 1 5 1292 2408 25977 3612
173 1 5 1300 1 11 1
174 0 3 1308 1 9 1
175 1 11 1316 8 24 12
176 1 2 1325 795 8159 1192
177 1 3 1332 1662 17637 2493
178 0 3 1340 1 9 1
179 1 1 1348 25 215 37
180 0 1 1354 13 107 19
181 0 2 1360 26 224 39
182 1 3 1367 97 898 145
183 0 2 1375 32 279 48
184 0 1 1382 897 9257 1345
185 1 5 1388 3 25 4
186 1 5 1396 18 152 27
187 1 4 1404 1 10 1
188 0 1 1412 1 11 1
189 0 4 1418 1 9 1
190 1 11 1426 7 21 10
191 1 2 1435 3 25 4
192 0 3 1442 22 188 33
193 0 3 1450 330 3249 495
194 1 3 1458 1 9 1
195 1 2 1466 1 9 1
196 0 6 1473 427 4257 640
197 1 6 1481 1 10 1
198 1 2 1489 1 9 1
199 1 3 1496 1 11 1
200 1 3 1504 2 17 3
201 1 1 1512 31 270 46
202 1 2 1519 34 298 51
203 1 1 1526 180 1720 270
204 1 10 1533 1 5 1
205 0 2 1542 5247 58537 7870
206 1 2 1549 1331 13985 1996
207 1 2 1556 3 25 4
208 1 2 1563 56 504 84
209 1 1 1570 27 233 40
210 1 3 1576 95 879 142
211 0 1 1583 3 25 4
212 1 2 1588 1094 11393 1641
213 1 4 1595 19 161 28
214 0 1 1603 1 10 1
215 1 1 1609 61 551 91
216 0 13 1615 17 56 25
217 0 3 1624 100 927 150
218 1 2 1632 1 9 1
219 1 2 1639 81 743 121
220 0 8 1646 46 167 69
221 0 1 1655 648 6588 972
222 0 1 1661 2571 27815 3856
223 1 10 1666 7643 40768 11464
224 1 10 1675 42 151 63
225 0 2 1684 112 1045 168
226 0 2 1691 1 10 1
227 1 1 1698 56 504 84
228 0 1 1704 3 25 4
229 0 2 1710 13199 153013 19798
230 0 1 1717 107 996 160
231 0 3 1723 1 12 1
232 1 2 1731 11 90 16
233 0 7 1738 24 81 36
234 0 5 1746 58 523 87
235 1 3 1754 26 224 39
236 0 3 1762 1 11 1
237 1 33 1770 98 381 147
238 0 2 1779 1 10 1
239 0 1 1786 9888 113278 14832
240 0 9 1792 24887 142477 37330
241 1 11 1801 1 4 1
242 1 6 1810 1 9 1
243 0 6 1818 1 10 1
244 0 2 1826 3 25 4
245 1 5 1833 1625 17227 2437
246 0 17 1841 313 1338 469
247 1 9 1850 2 6 3
248 0 4 1859 90 830 135
249 0 4 1867 1 11 1
250 0 6 1875 1 5 1
251 0 1 1883 19 161 28
252 1 19 1889 25 85 37
253 1 2 1898 74075 919178 111112
254 0 2 1905 1 9 1
255 0 1 1912 23 197 34
256 1 3 1918 33609 404482 50413
257 0 2 1926 1 8 1
258 0 1 1933 28 242 42
259 0 3 1939 156 1480 234
260 1 1 1947 1 9 1
261 0 2 1953 1 14 1
262 0 1 1960 1 10 1
263 1 4 1966 1 10 1
264 1 1 1974 1 11 1
265 0 2 1980 94 869 141
266 0 7 1987 1 4 1
267 0 2 1995 3346 36617 5019
268 1 2 2002 6 48 9
269 0 1 2009 1225 12823 1837
270 1 6 2015 1 12 1
271 0 1 2023 1 12 1
272 0 2 2030 1 9 1
273 0 1 2037 106 986 159
274 0 2 2043 1 9 1
275 0 2 2050 50995 623778 76492
276 1 2 2057 1 10 1
277 1 1 2064 1 9 1
278 1 6 2070 1 9 1
279 0 2 2078 1 10 1
280 0 3 2085 1 10 1
281 1 2 2093 1 11 1
282 0 3 2100 11 90 16
283 0 4 2107 86 792 129
284 0 2 2115 1 11 1
285 1 1 2122 1 10 1
286 0 1 2127 1 9 1
287 1 2 2133 132 1242 198
288 1 1 2140 142 1341 213
289 0 1 2146 21 179 31
290 1 4 2152 2 17 3
291 1 2 2160 281 2745 421
292 1 3 2167 38 335 57
293 1 2 2175 3 25 4
294 0 2 2182 1 9 1
295 0 3 2189 1 11 1
296 1 4 2197 7 56 10
297 1 5 2205 175 1670 262
298 1 3 2213 88 811 132
299 1 1 2221 9 72 13
300 0 1 2227 228 2205 342
301 1 4 2233 14 116 21
302 1 2 2241 1 9 1
303 1 5 2248 77 705 115
304 1 5 2256 385 3819 577
305 1 3 2264 20 170 30
306 1 3 2271 3 25 4
307 0 2 2278 3 25 4
308 0 10 2285 2571 12786 3856
309 1 2 2294 36 316 54
310 1 2 2301 4673 51877 7009
311 1 3 2308 1 9 1
312 0 2 2316 1 10 1
313 1 1 2323 70 637 105
314 0 8 2329 1 4 1
315 1 1 2338 1 9 1
316 0 3 2343 43 381 64
317 0 3 2351 1 8 1
318 0 18 2359 9 27 13
319 1 7 2368 1 4 1
320 0 4 2376 44 390 66
321 1 4 2384 1 9 1
322 1 5 2392 368 3643 552
323 0 2 2400 1 10 1
324 1 4 2407 1 11 1
325 0 2 2415 7 56 10
326 1 7 2422 335 1439 502
327 0 9 2430 1 4 1
328 1 16 2439 2 6 3
329 0 1 2448 173 1650 259
330 1 1 2454 1 9 1
331 0 7 2458 40 143 60
332 0 3 2466 24 206 36
333 0 1 2474 1 9 1
334 0 3 2480 2 17 3
335 0 3 2488 1 9 1
336 0 6 2496 6 48 9
337 0 2 2504 62 561 93
338 1 3 2511 35 307 52
339 1 2 2519 3 25 4
340 0 6 2526 4 33 6
341 1 4 2534 14 116 21
342 1 4 2542 51 457 76
343 1 6 2550 8 64 12
344 0 4 2558 2040 21847 3060
345 1 4 2566 98 908 147
346 0 2 2574 7 56 10
347 1 1 2581 2892 31449 4338
348 0 1 2587 6 48 9
349 0 6 2592 1 9 1
350 0 4 2600 14 116 21
351 0 4 2608 94 869 141
352 1 6 2616 1 11 1
353 1 2 2624 39 344 58
354 0 1 2631 1 10 1
355 0 2 2637 1049 10904 1573
356 0 4 2644 1 11 1
357 0 1 2652 44 391 66
358 1 1 2658 3 25 4
359 1 5 2664 31 270 46
360 1 3 2672 1255 13152 1882
361 1 4 2680 347 3425 520
362 1 3 2688 1 8 1
363 0 1 2696 8 64 12
364 0 1 2702 1 10 1
365 0 3 2707 1 10 1
366 1 1 2714 86 791 129
367 0 2 2720 1 10 1
368 1 6 2727 976 10111 1464
369 1 1 2735 595 6025 892
370 0 1 2742 19 161 28
371 1 2 2748 229 2215 343
372 0 9 2755 352 1518 528
373 1 6 2764 837 3851 1255
374 0 1 2772 3 25 4
375 1 2 2779 1 9 1
376 1 2 2786 1 9 1
377 0 3 2793 24 206 36
378 0 6 2801 45 400 67
379 1 2 2809 9634 110250 14451
380 0 6 2816 44 391 66
381 0 5 2824 1 11 1
382 1 13 2832 1 4 1
383 1 1 2841 70 637 105
384 0 1 2847 2709 29375 4063
385 0 7 2854 1 4 1
386 0 3 2862 1 10 1
387 0 12 2869 1 3 1
388 0 2 2878 3 25 4
389 1 8 2885 6201 32647 9301
390 1 2 2893 1 9 1
391 0 5 2900 1004 10415 1506
392 0 6 2908 1 12 1
393 1 3 2916 12 99 18
394 0 2 2924 1 11 1
395 0 5 2931 65941 814617 98911
396 1 4 2939 2432 26247 3648
397 0 1 2947 8 64 12
398 0 1 2953 1 10 1
399 1 14 2958 1 4 1
400 0 8 2967 2 7 3
401 1 2 2975 737 7537 1105
402 1 2 2982 4405 48779 6607
403 0 10 2989 15 48 22
404 1 1 2998 21 178 31
405 1 1 3003 3 25 4
406 1 5 3010 15 125 22
407 0 9 3018 93 360 139
408 0 3 3027 1 9 1
409 1 1 3035 1 10 1
410 1 1 3040 1 10 1
411 1 5 3046 17 143 25
412 1 9 3054 10 31 15
413 0 1 3063 2 17 3
414 1 1 3069 31 270 46
415 0 6 3075 1 10 1
416 1 1 3083 4 33 6
417 0 3 3088 48 428 72
418 1 2 3095 522 5253 783
419 0 61 3102 13 41 19
420 1 2 3112 1 9 1
421 1 2 3119 1 11 1
422 1 3 3126 50 447 75
423 1 1 3134 1 9 1
424 1 3 3141 28 242 42
425 0 11 3149 1 4 1
426 0 2 3158 3 25 4
427 0 1 3165 455 4549 682
428 1 1 3171 3 25 4
429 0 5 3175 1 11 1
430 1 16 3183 1 5 1
431 1 1 3192 143 1351 214
432 0 1 3199 95 879 142
433 0 10 3205 2 7 3
434 1 5 3214 1 10 1
435 0 2 3222 1 10 1
436 1 4 3229 1 10 1
437 1 2 3237 299 2930 448
438 1 5 3244 16675 195154 25012
439 0 2 3252 1 9 1
440 0 24 3259 1 5 1
441 1 4 3268 1174 12265 1761
442 1 5 3276 1 9 1
443 0 1 3284 545 5496 817
444 1 2 3290 1 9 1
445 1 2 3297 107 996 160
446 0 21 3304 459 2020 688
447 1 3 3313 38720 468585 58080
448 0 4 3320 10 81 15
449 1 4 3328 51 457 76
450 1 2 3336 1 10 1
451 0 5 3343 1 10 1
452 1 2 3351 2 17 3
453 1 2 3358 3 25 4
454 1 21 3365 1 4 1
455 1 7 3374 25 85 37
456 1 2 3382 137 1292 205
457 1 1 3389 8 64 12
458 1 2 3395 1424 15008 2136
459 0 2 3402 1 10 1
460 1 3 3409 14 116 21
461 0 1 3417 1 12 1
462 0 16 3421 67 252 100
463 1 1 3430 14 116 21
464 1 4 3436 498 5000 747
465 1 10 3444 177 723 265
466 0 1 3453 2 17 3
467 0 2 3458 82 753 123
468 0 8 3465 1 5 1
469 1 2 3474 1 10 1
470 0 5 3481 50 447 75
471 0 16 3489 38 135 57
472 0 67 3498 15 48 22
473 1 3 3508 1 11 1
474 0 1 3516 19 161 28
475 1 1 3522 1 9 1
476 1 2 3528 7 56 10
477 1 2 3535 1 13 1
478 1 2 3542 3691 40564 5536
479 0 5 3549 73 666 109
480 0 6 3557 4155 21324 6232
481 1 2 3565 13 107 19
482 0 2 3572 44 391 66
483 1 4 3579 3 25 4
484 0 6 3587 1 4 1
485 1 4 3595 1 9 1
486 0 3 3603 1 10 1
487 0 2 3611 204 1962 306
