0 1 1 5 26 224 39
1 1 2 10 11 90 16
2 1 3 17 13458675 200124023 20188012
3 1 3 24 15 125 22
4 1 5 32 1 4 1
5 1 5 40 1 4 1
6 1 3 48 20 170 30
7 1 5 55 1 5 1
8 0 6 63 1 4 1
9 1 2 71 137 1292 205
10 0 7 78 1 3 1
11 0 2 86 62 561 93
12 1 58 93 3 10 4
13 1 1 103 58 523 87
14 0 5 109 1 5 1
15 1 1 117 15 125 22
16 0 6 123 24 82 36
17 0 3 131 5413 60469 8119
18 1 1 138 2271 24436 3406
19 0 1 143 1 9 1
20 0 2 148 1 9 1
21 0 2 155 111 1035 166
22 1 2 162 17 143 25
23 1 4 169 7 21 10
24 0 6 177 11 34 16
25 1 1 185 4 33 6
26 1 1 192 17334 203184 26001
27 1 3 196 61 227 91
28 0 1 204 726 7419 1089
29 0 10 211 1 3 1
30 1 2 220 1 12 1
31 0 2 227 78 714 117
32 0 1 234 26125 311299 39187
33 0 4 241 224 932 336
34 1 5 249 78 297 117
35 0 25 257 85698 525704 128547
36 1 1 266 7 56 10
37 1 1 271 1 9 1
38 1 4 277 1865057 13343138 2797585
39 0 3 285 6 48 9
40 1 2 292 10 81 15
41 1 2 299 404 4016 606
42 1 3 306 95 879 142
43 1 2 313 6 48 9
44 1 3 320 2 7 3
45 0 13 328 24 81 36
46 0 2 337 101 937 151
47 0 3 344 1 3 1
48 0 15 352 34 120 51
49 1 2 361 1 9 1
50 1 3 368 13 107 19
51 1 1 375 5 40 7
52 1 1 381 1 9 1
53 0 1 386 121804 1540089 182706
54 0 1 391 2 17 3
55 1 3 397 1 4 1
56 1 2 405 1 9 1
57 0 24 412 184 754 276
58 0 8 421 5161 26858 7741
59 1 1 430 1456 15360 2184
60 1 1 437 24 206 36
61 1 6 444 7260 38601 10890
62 1 2 452 2 17 3
63 0 8 459 71 268 106
64 1 1 468 4 32 6
65 1 5 474 1 6 1
66 0 3 482 1 4 1
67 0 2 490 2446 26405 3669
68 0 4 497 284 1204 426
69 0 8 505 7 21 10
70 0 5 513 1467 7023 2200
71 0 1 521 1 8 1
72 1 2 527 2897 31506 4345
73 0 2 534 41 363 61
74 1 1 541 3 25 4
75 0 27 547 1 4 1
76 0 3 556 9 72 13
77 0 2 563 428 4267 642
78 1 6 570 2 7 3
79 1 1 578 1 8 1
80 1 3 584 7314 38906 10971
81 0 3 592 8 24 12
82 1 4 600 51 187 76
83 0 2 608 13 108 19
84 1 1 615 12 99 18
85 1 3 621 7 56 10
86 1 1 629 15 125 22
87 0 4 636 73 276 109
88 0 1 644 2 17 3
89 0 2 651 30 261 45
90 0 1 658 1933 20652 2899
91 0 2 663 2 17 3
92 1 4 670 1 4 1
93 0 11 678 1 4 1
94 0 3 687 9 73 13
95 1 1 694 35 307 52
96 0 6 700 1 5 1
97 1 7 708 66 247 99
98 1 10 716 2 6 3
99 0 9 725 1 3 1
100 1 2 734 5 40 7
101 0 3 741 1 14 1
102 1 1 749 1 9 1
103 1 2 755 23 197 34
104 1 1 762 17 143 25
105 1 3 766 35 307 52
106 1 2 773 14 116 21
107 0 1 780 13431 155813 20146
108 1 12 786 2 6 3
109 0 1 795 845 8696 1267
110 0 8 802 11 34 16
111 0 1 810 3 25 4
112 1 24 817 1 4 1
113 1 2 826 2350 25324 3525
114 0 1 833 22469 266133 33703
115 1 3 840 1 6 1
116 0 16 848 497 2201 745
117 0 1 857 165 1570 247
118 1 5 863 4 12 6
119 1 5 871 1 4 1
120 1 125 879 6340 33425 9510
121 0 12 889 1 4 1
122 0 2 898 8 64 12
123 1 1 905 1244 13031 1866
124 1 5 910 1 4 1
125 0 2 918 17 143 25
126 0 7 925 2 7 3
127 0 25 933 1 6 1
128 1 5 942 11 34 16
129 1 10 950 38018 222985 57027
130 0 3 959 29 101 43
131 0 3 967 7 21 10
132 0 10 975 17 56 25
133 1 2 984 11 90 16
134 1 2 991 1 9 1
135 0 1 998 14 116 21
136 0 3 1004 1 9 1
137 0 2 1011 101 937 151
138 0 71 1018 1 4 1
139 1 24 1028 5 15 7
140 0 3 1037 1 5 1
141 0 1 1045 1 12 1
142 1 2 1051 1 9 1
143 0 16 1058 1 5 1
144 1 4 1067 3 9 4
145 1 2 1075 1281 13436 1921
146 1 3 1082 1 9 1
147 1 3 1089 20 67 30
148 1 1 1097 1 9 1
149 1 2 1104 33 288 49
150 0 2 1111 12 99 18
151 1 1 1118 1 11 1
152 1 1 1123 43 381 64
153 0 1 1129 1 9 1
154 1 3 1135 1 3 1
155 1 8 1143 28488 164367 42732
156 0 2 1151 1 9 1
157 1 4 1158 805 3693 1207
158 1 3 1166 67 608 100
159 0 1 1174 59 532 88
160 0 10 1180 2408 11923 3612
161 0 2 1189 2 17 3
162 0 1 1196 10 81 15
163 1 1 1202 9 72 13
164 0 3 1208 2 6 3
165 0 4 1216 1 3 1
166 1 3 1224 14 116 21
167 0 2 1232 1 9 1
168 1 1 1239 19 161 28
169 1 3 1244 5 15 7
170 1 1 1252 1 8 1
171 0 2 1258 1 10 1
172 1 11 1265 1 4 1
173 1 2 1274 2 17 3
174 0 6 1281 7293 38788 10939
175 1 1 1289 4 33 6
176 1 13 1296 1 4 1
177 1 3 1305 1 4 1
178 1 3 1313 481 2125 721
179 1 3 1321 4 12 6
180 1 3 1329 255 1073 382
181 0 4 1337 561 2507 841
182 1 1 1345 934 9657 1401
183 0 1 1350 1 10 1
184 0 3 1355 1054 4930 1581
185 0 1 1363 18 152 27
186 0 1 1369 1913 20429 2869
187 0 2 1375 20 169 30
188 1 10 1382 5124 26653 7686
189 1 2 1391 1563 16541 2344
190 1 9 1398 90 347 135
191 0 2 1407 1 11 1
192 0 3 1414 11112 127914 16668
193 0 6 1421 9 27 13
194 0 2 1429 4 33 6
195 0 7 1436 4 12 6
196 0 3 1444 1 3 1
197 1 2 1452 1 10 1
198 0 1 1459 33 288 49
199 1 1 1464 1 9 1
200 1 4 1469 5 15 7
201 1 1 1477 1 9 1
202 1 1 1484 3 25 4
203 0 1 1491 1712 18192 2568
204 1 1 1498 285 2786 427
205 1 3 1505 4167 21390 6250
206 1 1 1513 3 25 4
207 0 2 1519 59 532 88
208 1 5 1526 13 41 19
209 1 9 1534 12 38 18
210 1 2 1543 1 11 1
211 1 13 1550 10 31 15
212 1 1 1559 3 25 4
213 0 4 1564 4 13 6
214 1 4 1572 137 548 205
215 1 7 1580 3 9 4
216 0 6 1588 21 70 31
217 1 4 1596 4 12 6
218 1 1 1604 14 116 21
219 1 1 1610 10 81 15
220 0 2 1616 2 17 3
221 0 3 1623 1 4 1
222 1 11 1631 1 4 1
223 0 9 1640 23 78 34
224 0 5 1649 15582 86790 23373
225 1 5 1657 3 10 4
226 1 1 1665 1 10 1
227 0 3 1671 76 289 114
228 1 2 1679 154 1460 231
229 1 2 1686 17278 202501 25917
230 0 43 1693 11 34 16
231 0 15 1703 7 21 10
232 0 6 1712 406 1770 609
233 0 1 1720 31 270 46
234 1 10 1726 1 5 1
235 0 1 1735 992 10285 1488
236 0 2 1740 1 10 1
237 1 4 1747 7 21 10
238 0 1 1755 15 125 22
239 1 2 1761 351 3466 526
240 0 1 1768 1 9 1
241 1 2 1775 1 11 1
242 0 2 1782 209 2012 313
243 0 2 1789 6 48 9
244 1 2 1796 47 419 70
245 1 4 1803 25 85 37
246 1 2 1811 7 56 10
247 1 3 1818 20 170 30
248 0 8 1826 99096 612659 148644
249 1 8 1834 8 24 12
250 1 4 1842 1 5 1
251 0 7 1850 442 1940 663
252 0 2 1858 1 9 1
253 0 8 1865 7 21 10
254 0 8 1874 1 7 1
255 0 13 1883 545 2430 817
256 0 1 1892 295 2889 442
257 1 1 1897 35 307 52
258 0 3 1902 56 207 84
259 1 16 1910 4 13 6
260 0 16 1919 698 3169 1047
261 1 11 1928 13 41 19
262 0 3 1937 1 3 1
263 1 1 1945 1 12 1
264 0 2 1952 1 10 1
265 0 2 1959 1 11 1
266 1 4 1966 266 1122 399
267 0 1 1974 1 9 1
268 1 1 1980 31 270 46
269 0 1 1986 35 307 52
270 1 16 1993 9 27 13
271 1 26 2002 1 3 1
272 1 5 2011 136 543 204
273 1 3 2019 370 3663 555
274 1 9 2027 1 4 1
275 0 7 2036 1 5 1
276 0 1 2044 32 279 48
277 0 4 2050 2 7 3
278 0 1 2058 296 2899 444
279 0 5 2064 4 12 6
280 0 1 2072 1 9 1
281 0 2 2077 107 996 160
282 1 1 2084 18 152 27
283 1 2 2090 772 7912 1158
284 1 4 2097 318 1361 477
285 0 8 2105 158605 1005272 237907
286 0 10 2114 1 3 1
287 1 2 2123 1 8 1
288 0 2 2130 1 10 1
289 1 3 2137 6 18 9
290 1 6 2145 103 402 154
291 1 2 2153 467 4675 700
292 1 2 2160 178 1700 267
293 1 2 2167 1146 11960 1719
294 0 1 2174 1 9 1
295 0 3 2178 49 179 73
296 1 1 2186 1 11 1
297 0 2 2192 2 17 3
298 1 4 2199 735 3350 1102
299 0 2 2207 1 10 1
300 1 9 2214 5 15 7
301 0 3 2223 748 7655 1122
302 1 6 2231 3 10 4
303 0 1 2239 1 10 1
304 1 1 2244 23 197 34
305 0 1 2250 1 10 1
306 1 2 2255 15170 176861 22755
307 1 1 2262 54 485 81
308 0 3 2268 1 4 1
309 0 5 2276 19681 111143 29521
310 0 10 2284 4 12 6
311 1 9 2293 2 7 3
312 1 1 2302 1 11 1
313 0 6 2306 175 714 262
314 0 1 2314 57 513 85
315 1 3 2320 2 7 3
316 1 1 2328 505 5074 757
317 0 2 2334 1 10 1
318 1 3 2341 10 31 15
319 1 1 2349 4 33 6
320 0 2 2353 18 152 27
321 0 3 2360 11464 132135 17196
322 1 4 2368 1 4 1
323 0 2 2376 607 6152 910
324 1 10 2383 1 5 1
325 1 3 2392 108 1006 162
326 1 3 2400 1108 5201 1662
327 0 3 2408 5 41 7
328 0 1 2416 1 9 1
329 1 2 2422 99 918 148
330 0 1 2429 1 9 1
331 1 4 2435 13 41 19
332 1 1 2443 1390 14634 2085
333 1 2 2449 1360 14304 2040
334 1 3 2456 1 3 1
335 1 4 2464 4096 21002 6144
336 1 1 2472 1 9 1
337 0 1 2478 1 9 1
338 0 4 2484 11 34 16
339 0 4 2492 1564 7520 2346
340 1 2 2500 6749 76098 10123
341 1 5 2507 11357 62068 17035
342 1 1 2515 7493 84858 11239
343 0 1 2522 52 466 78
344 0 2 2528 16 134 24
345 0 19 2535 1 4 1
346 1 44 2544 10363 56321 15544
347 1 1 2554 1 9 1
348 0 2 2560 306 3002 459
349 0 1 2567 2680 29047 4020
350 1 3 2574 145 582 217
351 0 4 2582 44 159 66
352 0 1 2590 2 17 3
353 0 7 2596 6 18 9
354 0 12 2604 1 4 1
355 1 1 2613 3 25 4
356 0 1 2620 2 17 3
357 1 3 2626 2 7 3
358 0 6 2634 58 215 87
359 1 1 2642 2 17 3
360 0 2 2649 18 152 27
361 0 1 2656 87 801 130
362 0 7 2662 1429 6828 2143
363 0 9 2670 139001 874945 208501
364 1 3 2679 94 869 141
365 0 2 2686 1081 11252 1621
366 1 8 2693 1 4 1
367 1 5 2701 1 4 1
368 0 16 2709 16623 92944 24934
369 1 12 2718 1 5 1
370 1 7 2727 168 683 252
371 1 3 2735 1 4 1
372 1 2 2743 2 17 3
373 0 1 2750 7 56 10
374 1 1 2757 1 9 1
375 0 1 2763 1 12 1
376 0 2 2768 2 17 3
377 0 2 2775 529 5327 793
378 1 8 2782 1 4 1
379 1 2 2790 4 33 6
380 0 5 2797 1 3 1
381 0 3 2805 1 3 1
382 1 2 2813 1 9 1
383 1 4 2820 2 6 3
384 1 3 2828 1231 5821 1846
385 1 1 2836 2 17 3
386 0 3 2842 10 31 15
387 1 6 2850 3 10 4
388 1 2 2858 1 9 1
389 0 6 2865 1 3 1
390 0 1 2873 2 17 3
391 0 15 2880 118 466 177
392 0 2 2889 130 1222 195
393 0 2 2896 11331 130540 16996
394 1 1 2903 100 928 150
395 0 19 2909 2 7 3
396 1 1 2918 16 134 24
397 1 1 2923 1 9 1
398 1 3 2930 17 56 25
399 0 2 2938 177 1690 265
400 0 4 2945 1 4 1
401 1 16 2953 1 3 1
402 1 5 2962 5 15 7
403 1 2 2970 72 657 108
404 1 6 2977 4 12 6
405 1 1 2985 9313 106427 13969
406 1 1 2991 2 17 3
407 1 6 2997 120 474 180
408 1 2 3005 2 17 3
409 0 5 3012 4 12 6
410 0 2 3020 1 8 1
411 1 17 3027 1 4 1
412 1 3 3036 8 64 12
413 1 2 3043 1 10 1
414 1 4 3050 11941 65458 17911
415 0 1 3058 57 513 85
416 0 5 3065 89 343 133
417 0 2 3073 1 9 1
418 0 1 3080 1 9 1
419 0 3 3086 35 124 52
420 1 6 3094 53 195 79
421 0 2 3102 10 81 15
422 0 13 3109 1338 6364 2007
423 0 2 3118 328 3228 492
424 1 2 3125 2 17 3
425 1 2 3132 5 40 7
426 0 3 3139 4 13 6
427 1 2 3147 1 13 1
428 0 6 3154 56 207 84
429 1 5 3162 1 5 1
430 0 3 3170 44 390 66
431 0 1 3177 3 25 4
432 0 14 3183 1 5 1
433 0 1 3192 21 178 31
434 0 2 3198 20 170 30
435 0 2 3205 26 224 39
436 1 2 3212 10 81 15
437 1 2 3219 124 1163 186
438 1 2 3226 41 363 61
439 1 7 3233 43 155 64
440 1 2 3241 10 81 15
441 1 3 3248 1 3 1
442 0 2 3256 1 10 1
443 0 2 3263 361 3570 541
444 0 1 3270 20 170 30
445 0 2 3276 5 40 7
446 0 25 3283 14 45 21
447 0 3 3292 170 692 255
448 0 7 3300 1 3 1
449 1 3 3308 2 7 3
450 0 1 3316 73 666 109
451 0 1 3322 16123 188437 24184
452 1 1 3328 1 11 1
453 1 2 3333 4 33 6
454 0 7 3340 60 223 90
455 0 7 3348 1 4 1
456 1 1 3356 1 11 1
457 0 6 3362 110 432 165
458 1 2 3370 221 2134 331
459 1 1 3377 2 17 3
460 0 3 3383 344 3394 516
461 1 2 3390 1 9 1
462 0 2 3397 32 279 48
463 0 1 3404 433 4319 649
464 0 5 3411 1 3 1
465 0 4 3419 25 85 37
466 1 2 3427 339 3342 508
467 1 3 3434 1 3 1
468 0 2 3442 1149 11993 1723
469 0 6 3449 227 946 340
470 1 26 3457 38747 227505 58120
471 0 3 3466 1 10 1
472 1 3 3474 151 608 226
473 0 4 3482 68 256 102
474 0 4 3490 236 986 354
475 1 1 3498 437 4361 655
476 1 7 3504 182 745 273
477 0 3 3512 1 4 1
478 1 6 3520 3 9 4
479 0 6 3528 1 4 1
480 1 9 3536 15917 88768 23875
481 0 4 3545 1 3 1
482 1 1 3553 1 10 1
483 1 4 3560 1 4 1
484 1 2 3568 1 11 1
485 0 16 3575 2 6 3
486 1 7 3584 6 18 9
487 1 6 3592 1 5 1
488 1 23 3600 2 7 3
489 1 6 3609 260 1095 390
