0 1 1 5 1 12 1
1 0 6 11 1 4 1
2 0 22 19 5978 31400 8967
3 1 2 28 2884 31358 4326
4 0 4 35 3 10 4
5 0 3 43 47 171 70
6 1 2 51 237 2296 355
7 1 2 58 2206 23706 3309
8 0 5 65 1 4 1
9 1 1 73 720 7356 1080
10 0 2 79 247 2398 370
11 1 2 86 11466 132159 17199
12 1 4 93 605 2718 907
13 1 2 101 26 224 39
14 1 2 108 168 1600 252
15 1 2 115 408 4058 612
16 0 1 122 80 733 120
17 1 2 128 130 1222 195
18 1 2 135 5 41 7
19 1 1 142 2 17 3
20 1 2 149 1 10 1
21 1 1 156 1 10 1
22 1 4 163 697 3165 1045
23 1 17 171 6 18 9
24 0 8 180 4 12 6
25 1 1 189 1 12 1
26 1 4 194 25 85 37
27 1 4 202 5672 29694 8508
28 1 1 210 13 107 19
29 1 3 216 221 919 331
30 1 3 224 1 3 1
31 0 4 232 3 10 4
32 1 2 240 1578 16707 2367
33 1 2 247 70 637 105
34 1 2 254 3 25 4
35 1 1 261 2422 26135 3633
36 1 6 267 45 163 67
37 1 14 275 171 696 256
38 1 11 284 88 339 132
39 0 4 293 11 34 16
40 1 14 301 310 1324 465
41 1 10 310 7 21 10
42 1 1 319 50 447 75
43 1 2 326 1 12 1
44 0 3 333 1 3 1
45 1 1 341 4 33 6
46 0 2 348 1 9 1
47 0 1 355 6 48 9
48 0 1 361 1 9 1
49 1 2 367 1 11 1
50 1 1 374 1 12 1
51 0 3 380 2 17 3
52 0 3 388 1 10 1
53 0 4 395 6219 32747 9328
54 0 14 403 2268 11185 3402
55 1 4 412 34 120 51
56 1 1 420 10 81 15
57 1 1 426 3 25 4
58 0 16 432 780 3571 1170
59 1 3 441 2 7 3
60 0 4 449 2 7 3
61 0 5 457 1 3 1
62 0 4 465 1 3 1
63 1 3 473 1 4 1
64 1 4 481 154 622 231
65 0 2 489 73 666 109
66 1 9 496 1 4 1
67 1 1 505 511 5137 766
68 1 1 511 287 2807 430
69 0 2 518 373 3694 559
70 1 2 525 1 9 1
71 1 16 532 1 4 1
72 0 1 541 106 986 159
73 1 4 547 1 3 1
74 0 6 555 25 85 37
75 0 7 563 7 21 10
76 0 1 571 2 17 3
77 0 1 577 62 561 93
78 0 5 582 1 4 1
79 1 7 590 1 5 1
80 0 1 598 509 5116 763
81 0 2 604 2 17 3
82 0 5 611 72 272 108
83 1 2 619 9 73 13
84 1 2 626 91 840 136
85 0 2 633 163 1550 244
86 1 4 640 30 104 45
87 1 6 648 130 517 195
88 0 11 656 4495 23186 6742
89 0 1 665 3102 33835 4653
90 1 1 671 558 5633 837
91 0 6 678 1 3 1
92 1 1 686 1 9 1
93 0 3 691 561 5665 841
94 1 6 699 2 6 3
95 1 1 707 1 10 1
96 1 3 713 52 191 78
97 0 4 721 1 3 1
98 1 1 729 11 90 16
99 1 4 735 5 15 7
100 1 1 743 1 9 1
101 1 2 748 38 334 57
102 1 2 755 95 879 142
103 0 1 762 1 9 1
104 1 2 769 1 8 1
105 0 1 776 32 279 48
106 0 2 782 104145 1309093 156217
107 1 2 789 11 90 16
108 0 1 796 1 10 1
109 1 4 802 31 108 46
110 0 5 810 20 67 30
111 1 2 818 1 9 1
112 1 4 825 1 3 1
113 1 8 833 3 10 4
114 1 1 841 9 73 13
115 0 7 848 1 5 1
116 0 5 856 1 5 1
117 0 40 864 2 7 3
118 0 1 874 21 178 31
119 1 8 880 7 21 10
120 0 8 889 1 4 1
121 1 2 898 1 9 1
122 0 2 905 22 188 33
123 1 6 912 1 3 1
124 0 8 920 30 104 45
125 0 1 929 2794 30338 4191
126 0 2 936 1 10 1
127 0 3 943 6 48 9
128 0 7 951 1 3 1
129 0 2 959 1140 11895 1710
130 1 15 966 5708 29894 8562
131 0 13 975 1 4 1
132 0 2 984 1 11 1
133 1 10 991 1 3 1
134 1 11 1000 1 4 1
135 0 4 1009 103 402 154
136 1 3 1017 1 11 1
137 1 6 1025 1 4 1
138 1 5 1033 1 4 1
139 0 3 1041 1 3 1
140 1 1 1049 1 11 1
141 0 3 1053 2 7 3
142 0 5 1061 17 55 25
143 1 4 1069 1738 8418 2607
144 1 2 1077 186 1781 279
145 0 10 1084 2 6 3
146 0 2 1093 235 2276 352
147 1 1 1100 593 6004 889
148 0 6 1107 1 5 1
149 0 3 1115 1 4 1
150 0 4 1123 1 4 1
151 1 1 1131 9 73 13
152 1 1 1138 8 64 12
153 1 1 1143 1 9 1
154 1 2 1150 7 56 10
155 0 4 1157 53 195 79
156 0 5 1165 1 4 1
157 1 4 1173 1651 7968 2476
158 0 6 1181 9 27 13
159 1 2 1189 3443 37725 5164
160 1 4 1196 93 360 139
161 1 4 1204 2 6 3
162 1 7 1212 203 838 304
163 1 4 1220 27 93 40
164 0 5 1228 13 41 19
165 1 3 1236 6578 34760 9867
166 1 6 1244 4 12 6
167 0 1 1252 1 10 1
168 1 8 1255 1 5 1
169 1 10 1263 880 4064 1320
170 1 2 1272 1 10 1
171 1 1 1279 1 10 1
172 0 1 1286 327 3218 490
173 1 1 1291 2 17 3
174 0 1 1297 1 10 1
175 0 4 1303 9 27 13
176 0 2 1311 2 17 3
177 0 2 1318 4 33 6
178 1 4 1325 10688 58197 16032
179 1 4 1333 317750 2087072 476625
180 1 12 1341 1 3 1
181 0 3 1350 1 9 1
182 0 3 1357 1 9 1
183 1 11 1364 1966 9602 2949
184 1 3 1373 1 10 1
185 0 1 1381 1246 13053 1869
186 1 4 1386 126 500 189
187 1 2 1394 3 25 4
188 0 1 1401 1 10 1
189 0 1 1407 1 10 1
190 1 3 1413 1 9 1
191 0 1 1420 4366 48329 6549
192 0 1 1427 1 10 1
193 0 4 1433 115 453 172
194 0 1 1441 1 9 1
195 0 2 1447 3 25 4
196 1 3 1454 12 99 18
197 0 2 1461 1 9 1
198 0 1 1468 681 6939 1021
199 0 1 1475 1 10 1
200 1 1 1479 21 179 31
201 0 11 1485 673 3048 1009
202 1 3 1494 1 6 1
203 1 7 1502 1 4 1
204 1 4 1510 1 6 1
205 0 2 1518 10 81 15
206 1 11 1525 206 852 309
207 1 10 1534 84 322 126
208 1 6 1543 10 31 15
209 0 23 1551 1 3 1
210 1 4 1560 1 4 1
211 1 4 1568 1236 5847 1854
212 1 1 1576 5 41 7
213 0 4 1582 9 27 13
214 1 1 1590 1377 14490 2065
215 1 4 1595 421 1841 631
216 1 8 1603 50 183 75
217 0 3 1612 1 9 1
218 0 2 1619 11 90 16
219 1 39 1626 1 4 1
220 0 15 1636 73 276 109
221 0 4 1645 2 6 3
222 1 6 1653 1 5 1
223 1 1 1661 6 48 9
224 0 1 1667 7 56 10
225 1 1 1672 1 10 1
226 0 3 1678 3 25 4
227 0 3 1685 1 10 1
228 1 6 1692 3 10 4
229 1 7 1700 3603 18321 5404
230 0 4 1708 3 10 4
231 1 1 1716 1 11 1
232 0 4 1723 5820 30519 8730
233 0 2 1731 88 811 132
234 0 1 1738 1 10 1
235 1 4 1744 86105 528336 129157
236 1 7 1752 7 21 10
237 0 1 1760 7 56 10
238 0 4 1766 1 5 1
239 0 4 1774 6 18 9
240 0 4 1782 242470 1570904 363705
241 1 2 1790 12 99 18
242 1 5 1797 1 6 1
243 0 2 1805 9908 113517 14862
244 1 12 1812 6 18 9
245 1 4 1821 327 1402 490
246 0 2 1829 41 362 61
247 0 14 1836 454 1997 681
248 0 2 1845 521 5242 781
249 0 5 1852 668 3023 1002
250 1 2 1860 24 206 36
251 1 1 1867 9 72 13
252 1 2 1873 84781 1057439 127171
253 0 1 1880 181 1731 271
254 1 3 1885 2765 13817 4147
255 1 3 1893 1202 5675 1803
256 0 3 1901 433 1897 649
257 0 3 1909 697 7110 1045
258 1 1 1917 1 12 1
259 0 2 1924 5 40 7
260 0 2 1931 2 17 3
261 0 15 1938 1 3 1
262 0 4 1947 1 4 1
263 1 2 1955 1 10 1
264 1 15 1962 28 97 42
265 0 2 1971 37 326 55
266 0 2 1978 22 188 33
267 1 2 1985 1446 15250 2169
268 0 2 1992 7932 90043 11898
269 1 7 1999 1 4 1
270 0 6 2007 5 15 7
271 1 1 2015 1598 16929 2397
272 1 29 2020 123 487 184
273 0 1 2029 2177 23381 3265
274 0 2 2035 22865 271012 34297
275 0 10 2042 3 9 4
276 0 1 2051 71 647 106
277 1 5 2057 119 470 178
278 0 5 2065 1 5 1
279 0 3 2073 53 195 79
280 1 3 2081 13 41 19
281 1 6 2089 4 12 6
282 0 3 2097 3 10 4
283 1 7 2105 2 6 3
284 0 47 2113 4761 24649 7141
285 1 4 2123 24 81 36
286 0 3 2131 3 10 4
287 0 1 2139 123 1153 184
288 1 3 2146 1 4 1
289 1 4 2154 4637 23966 6955
290 0 2 2162 1 9 1
291 1 2 2169 1 9 1
292 1 3 2176 7 21 10
293 1 2 2184 7 56 10
294 1 1 2191 2 17 3
295 0 11 2195 1 5 1
296 0 10 2204 1 3 1
297 1 1 2213 15 125 22
298 0 6 2220 7 21 10
299 0 3 2228 1 4 1
300 0 2 2236 1242 13009 1863
301 0 3 2243 113 1055 169
302 1 1 2251 25 215 37
303 1 28 2257 2 6 3
304 1 3 2266 23 78 34
305 0 3 2274 1 10 1
306 1 1 2281 37 325 55
307 1 25 2287 61017 367439 91525
308 1 1 2296 24441 290463 36661
309 1 8 2302 6 18 9
310 0 3 2311 34 120 51
311 0 1 2319 1 9 1
312 0 2 2325 1 9 1
313 1 1 2332 7 56 10
314 0 2 2338 1 10 1
315 0 2 2345 5 41 7
316 0 1 2352 23 197 34
317 0 2 2357 2297 24728 3445
318 1 2 2364 25 215 37
319 0 3 2371 1 10 1
320 0 2 2378 1 9 1
321 1 2 2385 1 10 1
322 0 2 2392 1 9 1
323 1 2 2399 21 178 31
324 0 4 2406 1 4 1
325 1 3 2414 1 5 1
326 0 6 2422 1 5 1
327 0 8 2430 1286 6100 1929
328 0 4 2438 9151 49357 13726
329 1 5 2446 1 4 1
330 0 1 2454 815 8374 1222
331 0 1 2459 4 33 6
332 0 1 2465 5 40 7
333 0 1 2472 1 10 1
334 1 2 2478 1 9 1
335 1 1 2485 14 116 21
336 0 2 2492 4 33 6
337 1 3 2499 1 4 1
338 0 3 2507 29 101 43
339 1 1 2515 12 99 18
340 1 1 2521 143 1351 214
341 1 1 2526 1 9 1
342 1 2 2532 3 25 4
343 0 2 2539 244 2367 366
344 1 2 2546 59 532 88
345 1 3 2553 52 191 78
346 1 2 2561 2 17 3
347 1 1 2568 5 40 7
348 1 5 2575 6 18 9
349 1 2 2583 1 10 1
350 0 4 2590 66 247 99
351 0 37 2598 1 5 1
352 1 1 2607 3 25 4
353 1 7 2613 1161 5468 1741
354 1 21 2621 2 6 3
355 0 1 2630 571 5771 856
356 0 11 2636 1 4 1
357 0 7 2645 75 284 112
358 0 37 2653 33 116 49
359 1 2 2662 4519 50096 6778
360 0 6 2669 5 15 7
361 1 9 2677 1 4 1
362 1 2 2686 7 56 10
363 0 2 2693 1 11 1
364 1 4 2700 10 31 15
365 0 1 2708 213 2053 319
366 0 4 2714 4 12 6
367 0 2 2722 5 41 7
368 1 5 2729 1 4 1
369 1 7 2737 3038 15276 4557
370 1 8 2745 1 3 1
371 0 7 2754 1 4 1
372 0 1 2762 106 986 159
373 1 1 2768 2 17 3
374 1 19 2773 18 59 27
375 0 5 2782 319 1365 478
376 1 3 2790 174 709 261
377 1 5 2798 1008 4700 1512
378 1 13 2806 1 4 1
379 1 2 2815 1176 12287 1764
380 1 3 2822 20446 115721 30669
381 0 7 2830 1 5 1
382 1 1 2838 92 850 138
383 1 2 2845 150 1420 225
384 1 1 2852 1 10 1
385 1 7 2858 1 3 1
386 0 2 2866 72243 895589 108364
387 1 6 2873 1 3 1
388 1 10 2881 14 45 21
389 0 1 2890 1 10 1
390 1 3 2896 55 494 82
391 1 2 2903 6 48 9
392 1 2 2910 14 116 21
393 0 3 2917 1 4 1
394 1 2 2925 1 11 1
395 0 8 2932 1 4 1
396 1 13 2941 12 38 18
397 0 3 2950 1 3 1
398 1 9 2958 1 3 1
399 0 3 2967 9 27 13
400 1 2 2975 102 947 153
401 1 1 2982 101 937 151
402 0 2 2989 2 17 3
403 0 8 2996 1 4 1
404 0 4 3004 19 63 28
405 1 7 3012 12 38 18
406 0 1 3020 323 3177 484
407 1 4 3025 1 5 1
408 0 10 3033 1093 5126 1639
409 0 2 3042 1 11 1
410 1 3 3049 1 3 1
411 1 4 3057 2 7 3
412 0 4 3065 235 982 352
413 0 2 3073 41 363 61
414 0 30 3080 14328 79408 21492
415 1 52 3089 1 4 1
416 0 1 3099 1 10 1
417 0 1 3106 7592 86026 11388
418 0 2 3110 2 17 3
419 0 3 3117 486 2148 729
420 0 1 3125 24 206 36
421 1 3 3131 22 74 33
422 0 5 3139 32 112 48
423 0 23 3147 312 1333 468
424 1 3 3156 3 10 4
425 1 8 3164 4 12 6
426 0 11 3173 2 7 3
427 1 2 3182 1 12 1
428 1 3 3189 6896 36548 10344
429 0 6 3197 3 10 4
430 0 1 3205 20 170 30
431 0 2 3211 965 9992 1447
432 0 1 3218 39 344 58
433 1 6 3225 1 3 1
434 1 4 3233 52 191 78
435 1 1 3241 3 25 4
436 1 1 3247 50 447 75
437 0 1 3253 1 10 1
438 0 18 3260 442 1940 663
439 1 4 3269 1 4 1
440 0 3 3277 2 6 3
441 1 9 3285 3 10 4
442 0 2 3294 8 64 12
443 1 1 3301 1 9 1
444 0 2 3306 324 3187 486
445 0 5 3313 1 3 1
446 1 3 3321 11 34 16
447 0 1 3329 104476 1313410 156714
448 1 4 3335 356 1537 534
449 1 1 3343 1 10 1
450 1 7 3349 56442 338432 84663
451 0 2 3357 18 152 27
452 1 2 3364 43 381 64
453 0 2 3371 1 10 1
454 1 3 3378 1 3 1
455 1 10 3386 7 21 10
456 0 3 3395 420376 2800107 630564
457 0 6 3403 15 49 22
458 0 3 3411 1 10 1
459 0 1 3418 2 17 3
460 0 11 3424 54 199 81
461 0 6 3433 161 652 241
462 1 4 3441 8 24 12
463 1 2 3449 1 9 1
464 0 4 3456 2006 9811 3009
465 0 6 3464 1078 5050 1617
466 1 1 3472 4742 52676 7113
467 0 5 3476 237 991 355
468 1 1 3484 62 561 93
469 1 5 3490 1 7 1
470 0 2 3498 12 99 18
471 1 1 3505 1 10 1
472 0 1 3511 285 2786 427
473 0 10 3518 310 1324 465
474 1 2 3527 70 637 105
475 0 2 3534 7 56 10
476 0 4 3541 304 1296 456
477 1 2 3549 21 179 31
478 0 2 3556 3352 36685 5028
479 1 3 3563 14 45 21
480 0 2 3571 732 7484 1098
481 0 1 3578 1 11 1
482 1 5 3585 1 5 1
483 1 4 3593 41 147 61
484 0 11 3601 1 3 1
485 0 11 3610 1 4 1
