0 0 5 5 1 11 1
1 0 3 9 2 17 3
2 0 2 13 776 7955 1164
3 1 2 16 245 2378 367
4 1 41 19 248 1041 372
5 1 1 25 117 1094 175
6 1 1 28 941 9732 1411
7 0 2 31 15 125 22
8 0 1 34 1 9 1
9 0 2 37 1 9 1
10 1 5 40 11 90 16
11 1 6 44 2 7 3
12 1 2 48 1 10 1
13 0 18 51 1 5 1
14 1 4 56 7 56 10
15 0 4 60 1 9 1
16 1 3 64 1 10 1
17 0 14 68 2 6 3
18 1 2 73 3 25 4
19 1 24 76 4 12 6
20 0 8 81 1 3 1
21 0 4 86 3072 33494 4608
22 0 10 90 233 973 349
23 0 6 95 55 494 82
24 1 5 99 1 8 1
25 1 1 103 800 8213 1200
26 0 3 105 324 3187 486
27 1 2 109 851358 11547598 1277037
28 0 1 112 1 10 1
29 1 2 115 1 11 1
30 0 4 118 72 657 108
31 1 1 122 1 9 1
32 0 1 125 8116 92220 12174
33 1 1 126 1 11 1
34 0 3 129 4800 53348 7200
35 0 2 133 14 116 21
36 1 4 136 1 9 1
37 0 4 140 1 9 1
38 0 1 144 73813 915803 110719
39 0 1 146 4447 49264 6670
40 0 1 149 2 17 3
41 0 1 151 13873 161153 20809
42 0 2 154 1 9 1
43 1 7 157 5 15 7
44 0 1 161 5 40 7
45 0 11 163 4 12 6
46 0 2 168 7 56 10
47 0 3 171 60 542 90
48 0 1 175 1 10 1
49 1 3 178 199 1912 298
50 1 5 182 537 5411 805
51 1 6 186 1 4 1
52 0 2 190 2 17 3
53 0 2 193 3784840 54007557 5677260
54 1 3 196 1 14 1
55 1 2 200 1 9 1
56 1 2 203 116 1084 174
57 0 1 206 178316 2286775 267474
58 1 10 207 309 1319 463
59 1 3 212 1 10 1
60 0 5 216 451 4507 676
61 0 13 220 1 4 1
62 1 3 225 1 9 1
63 0 1 229 1 9 1
64 1 14 231 287 1218 430
65 0 1 236 2 17 3
66 1 5 239 433 4319 649
67 1 2 243 11 90 16
68 1 19 246 1 4 1
69 0 2 251 1 11 1
70 1 2 254 2 17 3
71 1 5 257 1 8 1
72 0 3 261 127 1193 190
73 1 3 265 26 224 39
74 0 3 269 1 10 1
75 0 3 273 425 4236 637
76 1 3 277 326 3208 489
77 0 2 281 1 8 1
78 1 1 284 281 2745 421
79 0 1 287 2 17 3
80 1 2 288 1 9 1
81 1 5 291 1 12 1
82 1 2 295 18 152 27
83 0 5 298 1 12 1
84 1 6 302 44 159 66
85 1 6 306 25 215 37
86 0 1 310 14 116 21
87 0 4 312 19 161 28
88 1 1 316 7 56 10
89 1 3 318 359 3549 538
90 0 4 321 775 7944 1162
91 0 4 325 1 9 1
92 1 8 329 4 12 6
93 0 25 334 1 3 1
94 0 5 339 2 17 3
95 1 9 343 14 45 21
96 1 1 348 1 10 1
97 0 2 350 17 143 25
98 1 5 353 1 10 1
99 1 2 357 1 9 1
100 0 1 360 79 724 118
101 0 2 361 157 1490 235
102 0 1 364 3 25 4
103 0 4 367 1104 11502 1656
104 1 1 371 1 11 1
105 0 4 373 1 11 1
106 1 3 377 3 25 4
107 0 3 381 128 1202 192
108 0 3 385 718 7334 1077
109 1 4 389 1 10 1
110 1 1 393 36 316 54
111 1 2 395 1 9 1
112 1 1 398 1 9 1
113 0 1 401 1 10 1
114 1 3 403 714 7291 1071
115 0 1 407 5 40 7
116 0 1 409 56 504 84
117 1 4 412 1 9 1
118 0 4 416 4 33 6
119 1 13 420 11298 61726 16947
120 0 12 425 32 112 48
121 0 2 430 1 11 1
122 0 6 433 13 107 19
123 0 3 437 1 10 1
124 1 6 440 24 206 36
125 0 4 444 1 9 1
126 1 2 448 24 206 36
127 1 1 451 63 570 94
128 0 3 454 4 33 6
129 1 1 458 2 17 3
130 1 10 461 142 570 213
131 0 8 466 1 4 1
132 0 3 471 1 8 1
133 0 3 475 13 107 19
134 1 4 479 7 56 10
135 0 1 483 1 11 1
136 0 2 485 1 9 1
137 1 4 488 6 48 9
138 1 2 492 1 8 1
139 0 8 495 194 798 291
140 1 4 500 807 8288 1210
141 1 6 504 38 135 57
142 0 1 508 2 17 3
143 0 3 510 1 8 1
144 0 2 514 2 17 3
145 0 7 517 131 522 196
146 1 3 522 2 17 3
147 0 2 526 139 1311 208
148 0 2 529 7 56 10
149 1 5 532 1 10 1
150 0 3 536 1 10 1
151 0 7 540 7 21 10
152 1 2 545 8 64 12
153 0 9 548 1 6 1
154 1 27 553 24 82 36
155 1 6 559 50 447 75
156 1 2 563 1 9 1
157 1 1 566 32 279 48
158 1 7 568 1 4 1
159 0 61 573 1 3 1
160 1 4 579 7 56 10
161 1 13 583 1379 6573 2068
162 0 2 588 3841 42285 5761
163 1 6 591 20 170 30
164 1 9 595 79 301 118
165 1 11 600 1 3 1
166 0 14 605 5 15 7
167 0 2 610 23 197 34
168 0 3 613 18 152 27
169 0 5 617 187 1791 280
170 0 11 621 7 21 10
171 0 3 626 4012 44250 6018
172 1 10 630 284 1205 426
173 0 1 635 528 5316 792
174 0 5 637 93 859 139
175 0 1 641 32 279 48
176 1 20 644 8533 45826 12799
177 0 2 649 3 25 4
178 1 1 652 8 64 12
179 1 2 655 24818 295123 37227
180 0 5 658 1 9 1
181 1 9 662 5 15 7
182 0 5 667 1 10 1
183 1 1 671 13 107 19
184 0 5 673 36 316 54
185 0 1 677 1 9 1
186 0 3 679 301 2950 451
187 1 9 683 63 235 94
188 0 3 688 10 81 15
189 0 76 692 560 2502 840
190 0 9 698 145080 915266 217620
191 0 3 703 53 475 79
192 1 19 707 23 78 34
193 1 1 712 54 485 81
194 1 1 714 1 14 1
195 0 1 716 4 33 6
196 0 8 718 6 18 9
197 1 24 723 16 52 24
198 1 3 728 16 134 24
199 0 4 732 27 233 40
200 1 8 736 1 4 1
201 1 1 741 1 10 1
202 1 2 744 214 2063 321
203 1 1 747 988159 13472781 1482238
204 1 1 749 526090 7015961 789135
205 1 11 751 574 2569 861
206 0 8 756 9 27 13
207 0 2 761 228 2205 342
208 1 7 764 618 2781 927
209 1 4 768 1056 10980 1584
210 0 1 772 3 25 4
211 1 1 774 1 10 1
212 0 3 777 7 56 10
213 1 1 781 1 10 1
214 0 1 784 86 791 129
215 1 2 787 14 116 21
216 1 1 790 1 9 1
217 0 7 793 3 10 4
218 0 4 797 1 9 1
219 1 1 801 5 40 7
220 1 2 803 16 134 24
221 1 1 806 1 10 1
222 1 3 808 1 10 1
223 1 1 812 1 9 1
224 1 2 815 9 73 13
225 1 2 818 4486 49715 6729
226 1 1 821 2 17 3
227 0 2 823 1 10 1
228 1 1 826 24918 296359 37377
229 0 2 828 63328 781125 94992
230 1 2 831 7 56 10
231 0 3 834 1 9 1
232 1 1 838 1 9 1
233 1 6 840 324 3187 486
234 0 3 844 386 3829 579
235 1 2 848 1 10 1
236 0 14 851 61 227 91
237 1 3 856 61 551 91
238 0 7 860 65 243 97
239 0 3 865 272 2653 408
240 0 2 869 1 10 1
241 1 8 872 1 5 1
242 1 1 877 6 48 9
243 0 2 880 347 3425 520
244 0 3 883 42 372 63
245 1 1 887 2 17 3
246 1 2 889 152365 1942637 228547
247 1 3 892 11164 128537 16746
248 0 2 896 9 72 13
249 1 1 899 1 10 1
250 0 3 901 1 10 1
251 1 3 905 66 599 99
252 1 1 909 1 9 1
253 1 1 912 4 33 6
254 1 3 914 56 504 84
255 0 1 918 3 25 4
256 0 1 919 158 1500 237
257 1 15 922 35 124 52
258 1 2 927 1 9 1
259 1 1 930 2 17 3
260 0 5 932 5007 55749 7510
261 1 5 936 1 9 1
262 0 14 940 48 175 72
263 0 1 945 1 12 1
264 0 3 947 2 17 3
265 0 2 951 1 10 1
266 0 2 954 39 344 58
267 1 3 957 893 9214 1339
268 0 3 961 177 1690 265
269 1 1 965 1 10 1
270 1 2 967 159 1510 238
271 0 2 970 1481 15636 2221
272 1 3 973 3 25 4
273 0 8 977 1 3 1
274 0 3 982 1 13 1
275 0 7 986 1 5 1
276 1 1 990 110 1026 165
277 1 2 992 49 437 73
278 0 5 995 1994 21333 2991
279 1 1 999 209 2012 313
280 0 9 1001 250 1050 375
281 0 3 1006 1 8 1
282 0 11 1010 1 3 1
283 0 3 1015 1 11 1
284 1 9 1019 1 3 1
285 0 1 1024 1 10 1
286 0 3 1026 1 9 1
287 1 6 1029 6 18 9
288 1 5 1033 152 1440 228
289 1 4 1037 1 9 1
290 0 3 1041 15 125 22
291 1 1 1045 4 33 6
292 0 3 1048 194 1861 291
293 1 6 1052 1342 6385 2013
294 1 13 1056 351 1513 526
295 0 7 1061 3 9 4
296 1 3 1066 66 599 99
297 0 3 1070 25346 301654 38019
298 0 3 1073 1 11 1
299 1 11 1077 350703 2314975 526054
300 1 1 1082 2 17 3
301 0 1 1085 1 10 1
302 0 5 1087 1 9 1
303 0 2 1091 252 2449 378
304 1 2 1094 4 32 6
305 1 5 1097 1822 19415 2733
306 0 1 1101 122 1143 183
307 1 6 1103 3 10 4
308 0 1 1107 1 8 1
309 0 1 1110 45 400 67
310 0 1 1113 1 11 1
311 0 8 1115 7 21 10
312 1 2 1120 1894 20217 2841
313 1 1 1123 255549 3320732 383323
314 1 2 1126 36 316 54
315 0 24 1129 2 7 3
316 0 3 1134 34 298 51
317 1 4 1138 2 17 3
318 0 3 1142 2 17 3
319 0 1 1146 682 6950 1023
320 0 1 1148 2 17 3
321 0 6 1150 1 10 1
322 0 3 1154 7 56 10
323 0 3 1157 26 224 39
324 1 27 1161 85 326 127
325 1 2 1167 3 25 4
326 0 25 1170 1 4 1
327 0 2 1175 1 9 1
328 0 1 1178 15 125 22
329 0 9 1180 1587 7639 2380
330 0 3 1185 444 4434 666
331 0 8 1189 2 7 3
332 0 5 1194 20 170 30
333 1 2 1198 1 9 1
334 1 15 1201 15 48 22
335 1 4 1206 1 9 1
336 0 1 1210 1 12 1
337 1 4 1212 1 12 1
338 0 1 1216 2790 30292 4185
339 0 2 1218 2 17 3
340 0 9 1221 44 159 66
341 0 4 1226 1 9 1
342 0 1 1230 1 13 1
343 0 1 1232 326 3208 489
344 0 2 1235 1 9 1
345 0 3 1238 1 9 1
346 1 3 1242 37 325 55
347 1 4 1246 241 2337 361
348 0 4 1250 1 10 1
349 1 8 1254 36 127 54
350 1 2 1259 1 10 1
351 1 1 1262 53 475 79
352 0 2 1265 783 8030 1174
353 1 5 1268 1 8 1
354 1 1 1272 10 81 15
355 1 11 1275 4 12 6
356 1 2 1280 1 8 1
357 0 2 1283 2241 24099 3361
358 1 4 1286 1 9 1
359 1 12 1290 1 5 1
360 0 3 1295 1 9 1
361 1 3 1299 1187 12407 1780
362 0 1 1303 4 33 6
363 1 2 1306 23 197 34
364 0 2 1309 179 1710 268
365 0 2 1312 9 72 13
366 1 1 1315 1 10 1
367 0 1 1317 362 3580 543
368 0 1 1320 1 12 1
369 0 4 1323 119 1114 178
370 1 3 1327 3 25 4
371 1 4 1331 2 17 3
372 0 4 1335 3 25 4
373 1 7 1339 6 18 9
374 0 1 1343 7 56 10
375 0 1 1346 8709 99249 13063
376 0 11 1347 131 522 196
377 0 7 1352 1 4 1
378 0 17 1356 44 159 66
379 0 3 1361 1 11 1
380 0 94 1365 83 318 124
381 1 1 1371 2 17 3
382 0 8 1373 672 3043 1008
383 0 1 1378 1 9 1
384 0 26 1380 68590 415700 102885
385 0 1 1385 6 48 9
386 1 1 1388 6234 70057 9351
387 1 5 1391 1 11 1
388 1 1 1395 1 9 1
389 0 6 1397 207615 1334418 311422
390 1 2 1401 2 17 3
391 0 2 1404 1 10 1
392 0 1 1407 1 9 1
393 0 3 1409 371 3673 556
394 0 2 1413 1 12 1
395 0 2 1416 1 10 1
396 1 1 1419 1 10 1
397 0 7 1421 1 4 1
398 0 3 1425 21 179 31
399 0 3 1429 4206 46484 6309
400 0 9 1433 16 52 24
401 0 8 1438 189 776 283
402 1 3 1443 55541 681629 83311
403 0 8 1447 1 3 1
404 1 5 1452 1 10 1
405 1 2 1456 90 830 135
406 1 1 1459 1 9 1
407 0 1 1461 8 64 12
408 1 3 1464 1 9 1
409 0 1 1468 2 17 3
410 0 1 1471 3 25 4
411 1 4 1473 407 4048 610
412 0 7 1477 33257 193587 49885
413 1 1 1481 17 143 25
414 1 5 1484 1 9 1
415 1 3 1488 1 10 1
416 0 3 1492 1 10 1
417 1 2 1496 15 125 22
418 0 1 1499 28 243 42
419 1 7 1502 1 3 1
420 1 1 1507 46 409 69
421 0 7 1510 986 4590 1479
422 1 3 1514 2 17 3
423 0 1 1518 1 10 1
424 0 4 1519 1 11 1
425 0 1 1523 1583 16763 2374
426 1 3 1526 1 9 1
427 1 6 1530 855 8804 1282
428 1 3 1534 361 3570 541
429 1 1 1538 12 99 18
430 1 4 1539 1 9 1
431 0 32 1543 1 3 1
432 1 1 1549 1 9 1
433 0 4 1551 55 494 82
434 0 17 1555 1074 5030 1611
435 0 1 1560 204 1962 306
436 0 7 1563 2 7 3
437 1 5 1567 1 9 1
438 1 2 1571 521 5243 781
439 0 1 1574 3304 36138 4956
440 1 1 1577 59 532 88
441 0 1 1579 14 116 21
442 1 1 1582 21 179 31
443 0 4 1585 1 9 1
444 1 2 1589 17 143 25
445 1 11 1592 1 4 1
446 1 2 1597 2 17 3
447 1 13 1600 81 309 121
448 1 3 1605 1 9 1
449 0 3 1609 1 15 1
450 1 9 1613 4 12 6
451 0 1 1618 16 134 24
452 1 1 1620 5 41 7
453 0 3 1623 1 10 1
454 1 2 1627 33 288 49
455 0 7 1630 18 59 27
456 1 3 1635 47 419 70
457 0 3 1639 8 64 12
458 1 4 1643 48 428 72
459 1 7 1647 1 4 1
460 1 2 1651 1 10 1
461 1 1 1654 4 32 6
462 0 1 1657 12 99 18
463 0 1 1658 744 7612 1116
464 1 1 1660 4 33 6
465 0 6 1662 1 10 1
466 0 6 1666 1 5 1
467 0 2 1670 1779 18937 2668
468 1 6 1673 1 6 1
469 1 2 1677 331 3260 496
470 1 1 1680 1 12 1
471 1 4 1683 2 17 3
472 0 2 1687 44 390 66
473 1 13 1690 59499 357801 89248
474 0 3 1695 3 25 4
475 0 1 1699 1 10 1
476 0 3 1702 1 9 1
477 0 5 1706 4 33 6
478 1 4 1710 1 9 1
479 0 2 1714 2 17 3
480 1 5 1717 12 99 18
481 0 1 1721 242 2347 363
482 0 1 1723 29 251 43
483 0 3 1725 2 17 3
484 1 5 1729 41 363 61
485 0 2 1733 1 10 1
486 1 4 1736 1 9 1
487 1 3 1740 1 10 1
488 1 5 1744 26 224 39
489 0 10 1748 1 5 1
490 1 3 1753 42346 514259 63519
491 0 162 1757 45 163 67
492 1 22 1764 94 364 141
493 1 4 1769 189 1811 283
494 1 3 1773 130 1222 195
495 1 2 1777 1 10 1
496 1 2 1780 1 10 1
497 0 6 1783 142 1341 213
498 1 2 1787 1 10 1
499 0 5 1790 1 11 1
500 0 1 1794 3 25 4
501 1 5 1796 3 25 4
502 0 1 1800 5 40 7
503 0 4 1803 5 41 7
504 1 6 1807 1 3 1
505 1 11 1811 815 3743 1222
506 1 27 1816 60 223 90
507 0 2 1822 75 685 112
508 0 2 1825 5 40 7
509 1 3 1828 339 3342 508
510 1 2 1832 1 9 1
511 1 4 1835 6 48 9
512 1 3 1839 3294712 46797571 4942068
513 0 2 1843 1 11 1
514 0 11 1846 1 4 1
515 1 9 1851 3 9 4
516 1 4 1856 4 33 6
517 0 7 1860 1 4 1
518 1 4 1864 15 125 22
519 1 1 1868 1 10 1
520 0 4 1871 243 2357 364
521 0 3 1875 17 143 25
522 0 4 1879 8351 95003 12526
523 0 4 1883 4 33 6
524 0 2 1887 21042 248578 31563
525 0 1 1890 2154 23123 3231
526 1 2 1893 10 81 15
527 1 1 1896 31 270 46
528 1 2 1898 1 10 1
529 1 3 1901 1 9 1
530 1 6 1905 911998 12399784 1367997
531 1 2 1909 335 3301 502
532 1 14 1912 1 4 1
533 1 3 1917 746 7634 1119
534 1 1 1921 5 40 7
535 0 15 1923 1 4 1
536 1 9 1928 3 9 4
537 0 4 1933 10 81 15
538 1 4 1937 72 657 108
539 1 1 1941 1 10 1
540 1 1 1943 1 9 1
541 0 1 1945 736 7527 1104
542 1 5 1947 6 48 9
543 1 16 1951 1033 4825 1549
544 0 2 1956 1 8 1
545 0 3 1959 12 99 18
546 0 4 1963 5 41 7
547 0 5 1967 735 7516 1102
548 0 17 1971 24 82 36
549 0 2 1976 3 25 4
550 0 8 1979 292 1241 438
551 1 2 1984 95 879 142
552 1 2 1987 249 2418 373
553 0 9 1990 1 3 1
554 1 2 1995 16269 190212 24403
555 1 1 1998 678 6907 1017
556 0 1 2001 20 170 30
557 1 7 2003 6 18 9
558 1 3 2008 6 48 9
559 1 7 2012 16441 91867 24661
560 0 4 2017 1 8 1
561 1 2 2021 1 9 1
562 0 4 2024 1 11 1
563 0 1 2028 165 1570 247
564 0 16 2031 5935 31160 8902
565 0 11 2036 1 4 1
566 0 1 2041 1 11 1
567 0 2 2043 1 11 1
568 0 6 2046 1 11 1
569 0 5 2050 1 9 1
570 1 7 2054 1 4 1
571 1 2 2059 37 325 55
572 1 2 2062 1 9 1
573 0 2 2065 49 438 73
574 0 5 2068 2295 24705 3442
575 0 8 2072 1771 8588 2656
576 0 1 2077 2 17 3
577 1 2 2078 11 90 16
578 0 2 2081 20 170 30
579 1 2 2084 1 10 1
580 1 1 2087 6 48 9
581 1 2 2089 23 197 34
582 1 2 2092 1 10 1
583 0 10 2095 203 838 304
584 0 2 2100 6 48 9
585 0 7 2103 1 3 1
586 0 5 2107 2 17 3
587 0 1 2111 4558 50547 6837
588 0 6 2113 338 3332 507
589 1 1 2117 991 10274 1486
590 0 3 2119 98539 1236047 147808
591 0 3 2123 1 12 1
592 1 6 2127 91 840 136
593 1 1 2131 3 25 4
594 1 3 2133 5 40 7
595 1 9 2137 1 4 1
596 1 1 2142 20 170 30
597 0 2 2144 553 5580 829
598 0 4 2147 1 10 1
599 0 1 2151 1 11 1
600 1 1 2153 1162 12135 1743
601 0 3 2155 183 1751 274
602 1 2 2159 1 9 1
603 0 6 2162 2 17 3
604 0 1 2166 2 17 3
605 1 1 2167 56 504 84
606 1 6 2169 264 2571 396
607 1 3 2173 14 116 21
608 1 3 2177 29 252 43
609 0 1 2181 28040 335056 42060
610 0 1 2184 186 1780 279
611 0 5 2186 24 206 36
612 1 3 2190 208 2002 312
613 0 7 2194 4 13 6
614 0 3 2199 1 9 1
615 1 2 2203 17 143 25
616 1 39 2206 1 4 1
617 0 7 2212 4 12 6
618 1 8 2216 1 4 1
619 0 9 2221 30 104 45
620 1 4 2226 137 1291 205
621 1 3 2230 3 25 4
622 0 4 2233 2 17 3
623 1 3 2237 2 17 3
624 1 3 2241 1 10 1
625 1 2 2245 35 307 52
626 1 3 2248 1 10 1
627 0 9 2252 2 7 3
628 1 9 2257 2 7 3
629 0 3 2262 75 685 112
630 0 9 2266 192 789 288
631 0 5 2271 131 1232 196
632 0 2 2275 138 1301 207
633 1 1 2278 986 10220 1479
634 0 1 2280 27 233 40
635 1 7 2283 1 3 1
636 0 7 2288 70 264 105
637 1 1 2292 1 8 1
638 1 2 2294 10 81 15
639 0 7 2297 1 4 1
640 1 4 2301 5 40 7
641 0 6 2305 245317 1590297 367975
642 0 12 2309 1 4 1
643 1 14 2314 1 4 1
644 1 1 2319 1 11 1
645 0 8 2321 4469 23043 6703
646 1 2 2326 3 25 4
647 1 6 2329 1 11 1
648 0 2 2333 1 9 1
649 1 3 2336 1 9 1
650 1 2 2340 1 9 1
651 0 1 2343 2 17 3
652 0 2 2346 1 9 1
653 0 5 2349 1 10 1
654 1 10 2353 1 4 1
655 0 11 2358 161 652 241
656 1 6 2363 2092 22429 3138
657 1 2 2367 1 10 1
658 0 6 2370 3155 34439 4732
659 1 11 2374 1 7 1
660 1 4 2379 1 12 1
661 0 4 2383 7 56 10
662 0 1 2387 1 9 1
663 0 6 2389 24 206 36
664 0 6 2393 4 33 6
665 1 21 2397 17134 95973 25701
666 1 8 2402 1 4 1
667 1 8 2407 16 52 24
668 0 7 2412 32 112 48
669 1 9 2416 53 195 79
670 0 20 2421 2 6 3
671 0 1 2426 4 33 6
672 1 4 2428 1 10 1
673 0 1 2432 1 10 1
674 0 1 2435 237 2296 355
675 1 1 2438 1 10 1
676 1 1 2441 15 125 22
677 0 1 2443 23 197 34
678 1 1 2446 715 7302 1072
679 1 10 2448 35 124 52
680 0 3 2453 12 99 18
681 1 1 2457 12 99 18
682 0 12 2459 37 131 55
683 0 3 2464 11 90 16
684 1 3 2468 62 561 93
685 0 3 2472 1 9 1
686 1 10 2476 804 3688 1206
687 1 4 2481 11222 129233 16833
688 1 3 2485 1 10 1
689 0 8 2489 1 3 1
690 0 2 2494 1 9 1
691 0 7 2497 1 4 1
692 1 1 2502 33 288 49
693 1 2 2504 102 947 153
694 0 2 2507 12 99 18
695 0 3 2510 868 8944 1302
696 0 2 2514 120 1124 180
697 1 2 2517 3 25 4
698 0 2 2520 85 782 127
699 1 1 2523 1 9 1
700 1 7 2525 2 6 3
701 0 4 2529 8 64 12
702 1 2 2533 1 9 1
703 0 3 2536 1 9 1
704 1 1 2540 3 25 4
705 1 10 2542 1 5 1
706 0 4 2547 2 17 3
707 1 2 2551 1 9 1
708 1 3 2554 2 17 3
709 1 10 2558 13 41 19
710 0 16 2563 28802 166283 43203
711 1 2 2568 4 33 6
712 1 1 2571 1 10 1
713 1 11 2574 1 4 1
714 1 1 2579 29 251 43
715 1 13 2581 1 3 1
716 0 2 2586 1 10 1
717 1 6 2589 1 10 1
718 0 4 2593 18 152 27
719 0 1 2597 9861 112956 14791
720 0 3 2600 7 56 10
721 0 1 2604 76325 948178 114487
722 0 15 2607 344 1481 516
723 1 2 2612 7 56 10
724 1 3 2615 97976 1228719 146964
725 0 1 2619 19 161 28
726 1 1 2621 1 10 1
727 1 6 2623 1 4 1
728 1 1 2627 24 206 36
729 0 2 2630 1 9 1
730 1 1 2633 12 99 18
731 1 7 2635 25 85 37
732 1 1 2639 2 17 3
733 1 5 2642 1 9 1
734 1 2 2646 1 11 1
735 1 2 2649 1 11 1
736 1 1 2652 2 17 3
737 1 3 2653 1 9 1
738 0 1 2657 334 3290 501
739 0 1 2659 1 10 1
740 0 3 2661 29 251 43
741 1 2 2665 1 10 1
742 0 4 2668 843 8675 1264
743 0 7 2672 6 18 9
744 0 6 2677 102 947 153
745 0 28 2681 1 3 1
746 0 4 2687 1 9 1
747 0 1 2691 1 9 1
748 1 5 2692 3135 34211 4702
749 0 2 2696 1 9 1
750 1 2 2699 515 5179 772
751 1 3 2702 459 4591 688
752 0 1 2706 16 134 24
753 0 5 2707 1 8 1
754 0 3 2711 923 9538 1384
755 1 3 2715 1 11 1
756 0 4 2719 3 25 4
757 1 3 2723 12 98 18
758 0 7 2727 10134 55001 15201
759 1 2 2731 1 10 1
760 0 8 2734 1793 8703 2689
761 1 2 2739 3 25 4
762 1 4 2742 85 782 127
763 0 1 2746 78 714 117
764 0 2 2747 1 10 1
765 1 2 2750 28 242 42
766 1 18 2753 395 1719 592
767 1 2 2758 61856 762280 92784
768 0 2 2761 18 152 27
769 0 7 2764 25 85 37
770 1 35 2768 1 4 1
771 1 4 2774 3 25 4
772 1 3 2778 6 48 9
773 0 1 2782 21 179 31
774 0 5 2783 2 17 3
775 1 2 2787 4 33 6
776 1 3 2790 444 4434 666
777 0 19 2794 15 48 22
778 0 3 2799 1876 20016 2814
779 0 2 2803 87909 1097960 131863
780 1 2 2806 44 391 66
781 0 40 2809 1 4 1
782 1 2 2815 1 9 1
783 1 2 2818 1 9 1
784 1 3 2821 5 40 7
785 1 3 2825 19 160 28
786 0 10 2829 863 3979 1294
787 0 34 2834 1807 8775 2710
788 1 1 2840 101 938 151
789 1 4 2842 6 48 9
790 1 3 2846 165 1570 247
791 1 12 2850 3 9 4
792 1 2 2855 9 73 13
793 0 1 2858 739 7559 1108
794 0 3 2860 5 40 7
795 1 4 2864 15 125 22
796 0 2 2868 101 938 151
797 0 2 2871 1 10 1
798 1 10 2874 1 3 1
799 0 5 2879 64 580 96
800 0 5 2883 1 9 1
801 1 1 2887 1 8 1
802 0 1 2889 20 170 30
803 0 2 2891 440 4392 660
804 0 3 2894 5 40 7
805 1 2 2898 31 270 46
806 0 1 2901 1 9 1
807 0 2 2903 1 9 1
808 0 1 2906 10 81 15
809 1 3 2908 18 152 27
810 1 11 2912 432 1893 648
811 0 2 2917 12 99 18
812 1 27 2920 3090 15555 4635
813 0 11 2926 172 701 258
814 1 10 2931 1 4 1
815 0 3 2936 1 10 1
816 0 7 2940 2 7 3
817 0 2 2945 2154 23123 3231
818 1 1 2948 1 10 1
819 0 4 2950 1 11 1
820 1 18 2954 80 305 120
821 1 10 2959 576 2579 864
822 0 7 2964 1 4 1
823 0 7 2968 174 709 261
824 0 7 2972 1 5 1
825 1 2 2977 3 25 4
826 1 7 2980 1 4 1
827 1 4 2985 1 9 1
828 0 2 2989 2921 31778 4381
829 1 16 2992 30 104 45
830 1 5 2997 1370 14413 2055
831 1 1 3001 1 9 1
832 1 1 3003 124111 1570360 186166
833 0 2 3006 1 8 1
834 1 2 3009 2758 29930 4137
835 1 1 3012 1 9 1
836 1 2 3015 265 2581 397
837 1 10 3018 1 3 1
838 0 1 3023 2284 24582 3426
839 0 6 3026 54 485 81
840 1 3 3030 1 9 1
841 1 8 3034 3955 20233 5932
842 0 3 3039 9 72 13
843 1 2 3043 209 2012 313
844 0 4 3046 3 25 4
845 0 5 3050 2 17 3
846 1 3 3054 35 307 52
847 1 2 3058 2 17 3
848 0 3 3061 1 9 1
849 1 4 3065 1 8 1
850 1 7 3069 1 4 1
851 0 6 3073 1 9 1
852 0 8 3077 9 27 13
853 1 6 3082 1 9 1
854 0 4 3086 738 7548 1107
855 1 6 3090 1 10 1
856 1 1 3094 136 1281 204
857 1 21 3097 1 5 1
858 1 6 3102 95 879 142
859 0 1 3106 9 72 13
860 0 1 3109 2 17 3
861 0 1 3111 91 840 136
862 0 1 3113 3037 33096 4555
863 0 18 3116 24 82 36
864 1 2 3121 2 17 3
865 1 4 3124 3 25 4
866 0 3 3128 43183 524824 64774
867 1 3 3132 1 9 1
868 0 4 3136 1 9 1
869 1 3 3140 10 81 15
870 1 10 3144 2 6 3
871 0 2 3149 1 11 1
872 0 6 3152 27 233 40
873 1 1 3156 21320 251994 31980
874 0 3 3158 329 3239 493
875 0 2 3162 1 9 1
876 1 9 3165 1 5 1
877 1 2 3170 1 9 1
878 1 1 3173 69 628 103
879 1 1 3175 33 288 49
880 1 1 3176 9 72 13
881 0 1 3179 1 10 1
882 1 17 3182 63313 382039 94969
883 0 1 3187 1 9 1
884 1 12 3190 1 4 1
885 0 5 3195 14 116 21
886 0 1 3199 1 9 1
887 1 1 3200 2 17 3
888 1 4 3202 19149 225361 28723
889 1 4 3206 2920 31767 4380
890 0 1 3210 3 25 4
891 1 1 3213 268 2612 402
892 1 2 3215 105 977 157
893 1 5 3218 5 40 7
894 0 1 3222 7 56 10
895 0 1 3225 1 9 1
896 0 1 3227 2 17 3
897 0 2 3230 308 3023 462
898 0 1 3233 4 33 6
899 1 1 3236 9445 107998 14167
900 0 1 3239 1 9 1
901 0 2 3241 162 1540 243
902 1 1 3244 101 937 151
903 0 7 3247 1 4 1
904 1 2 3251 204 1962 306
905 1 2 3254 2 17 3
906 0 6 3257 6 48 9
907 0 4 3261 1 9 1
908 1 5 3265 9 73 13
909 0 6 3269 1 9 1
910 0 2 3273 1 10 1
911 1 1 3276 9 73 13
912 0 3 3278 1 10 1
913 1 1 3282 422862 5595618 634293
914 1 1 3285 2990 32562 4485
915 1 4 3287 32 279 48
916 0 1 3291 117154 1479138 175731
917 1 6 3294 21040 119283 31560
918 0 26 3298 18 59 27
919 0 2 3303 1 10 1
920 1 1 3306 366 3621 549
921 0 1 3309 1 9 1
922 1 18 3311 6 18 9
923 1 1 3316 9 73 13
924 1 7 3319 544 2425 816
925 0 5 3324 1 11 1
926 1 3 3328 1 10 1
927 0 5 3332 1 10 1
928 1 1 3336 3109 33915 4663
929 1 1 3337 95 879 142
930 0 4 3338 1 8 1
931 1 9 3342 1 4 1
932 0 14 3347 15751 87788 23626
933 1 2 3352 2 17 3
934 1 10 3355 1 3 1
935 1 10 3360 1 3 1
936 0 2 3365 230 2225 345
937 1 3 3368 4 33 6
938 1 6 3372 13 107 19
939 0 4 3376 4 33 6
940 1 2 3380 18620 218888 27930
941 1 9 3383 1 5 1
942 0 19 3388 6 18 9
943 0 2 3393 215 2073 322
944 1 8 3396 662933 4515758 994399
945 0 1 3401 140 1321 210
946 0 4 3402 1 10 1
947 1 4 3406 1 9 1
948 0 3 3410 2074 22227 3111
949 0 2 3414 20 170 30
950 1 3 3417 13 107 19
951 0 2 3421 5 40 7
952 0 1 3424 3 25 4
953 1 3 3426 9 73 13
954 0 2 3430 1 11 1
955 1 3 3433 3 25 4
956 0 5 3437 1 9 1
957 1 4 3441 13 107 19
958 1 2 3445 23 197 34
959 1 10 3448 252 1059 378
960 0 2 3453 4 33 6
961 1 1 3456 2 17 3
962 1 4 3458 3 25 4
963 1 8 3462 9382 50681 14073
964 1 3 3467 83 762 124
965 1 3 3471 2318 24964 3477
966 1 1 3475 1 11 1
967 1 16 3478 7 21 10
968 0 5 3483 4 33 6
969 0 8 3487 390163 2589224 585244
970 1 2 3492 3 25 4
971 0 5 3495 1 9 1
972 0 2 3499 108 1006 162
973 1 7 3502 15 48 22
974 1 1 3506 1 9 1
975 1 3 3509 1 9 1
976 0 1 3513 146 1381 219
977 1 6 3516 1677 17804 2515
978 0 1 3520 1187 12407 1780
979 1 1 3522 2 17 3
980 0 5 3524 1 10 1
981 0 6 3528 1 4 1
982 0 4 3532 3 25 4
983 1 1 3536 6 48 9
984 0 2 3538 5 40 7
985 1 3 3541 2 17 3
986 0 2 3545 9 72 13
987 0 2 3548 1 12 1
988 0 2 3551 9 73 13
989 0 12 3554 272 1150 408
990 1 2 3559 9 73 13
991 0 4 3562 147 1391 220
992 1 13 3566 920 4262 1380
993 1 2 3571 2 17 3
994 0 2 3574 222 2144 333
995 1 3 3577 22 188 33
996 1 1 3581 1 11 1
997 1 3 3584 1 9 1
998 0 1 3588 245 2378 367
999 0 1 3591 1 9 1
1000 1 7 3594 1 3 1
1001 0 2 3598 5 41 7
1002 0 2 3601 1 9 1
1003 1 2 3604 1 9 1
1004 1 4 3607 1 13 1
