0 0 11 5 1 4 1
1 1 3 9 8 64 12
2 1 6 13 1 9 1
3 0 7 17 1 3 1
4 0 8 21 1 4 1
5 0 2 25 13 107 19
6 0 1 29 1 9 1
7 0 1 32 162 1540 243
8 0 1 35 1 9 1
9 0 1 38 15 125 22
10 1 6 40 40 353 60
11 1 2 44 1282 13447 1923
12 1 11 47 1 5 1
13 0 2 51 3 25 4
14 1 2 55 64 580 96
15 0 1 59 1 9 1
16 1 4 62 1 11 1
17 1 3 66 2 17 3
18 1 22 70 20064 113434 30096
19 1 1 75 44224 537974 66336
20 0 2 77 10341 118687 15511
21 1 7 80 1 4 1
22 1 6 84 248 2408 372
23 1 3 88 67 609 100
24 0 3 92 1 9 1
25 0 2 96 417 4152 625
26 1 2 100 1707 18137 2560
27 1 3 104 8 64 12
28 1 1 108 1 9 1
29 0 2 111 6 48 9
30 1 5 114 1 8 1
31 1 2 118 1 12 1
32 0 1 121 5643 63150 8464
33 0 3 124 803 8245 1204
34 0 14 128 1 4 1
35 0 3 132 1 8 1
36 0 1 136 5 40 7
37 0 1 139 2 17 3
38 1 3 142 3996 44066 5994
39 1 4 146 1 8 1
40 1 2 150 4 33 6
41 1 2 154 1 10 1
42 0 8 158 17 56 25
43 0 4 162 1 9 1
44 0 4 166 2831 30757 4246
45 0 18 170 1 4 1
46 0 2 175 7 56 10
47 1 3 178 79 724 118
48 1 3 182 1 10 1
49 0 7 186 3 9 4
50 1 2 190 1 11 1
51 1 10 194 1548 7438 2322
52 1 2 198 17 143 25
53 1 4 202 1 11 1
54 0 3 206 15 125 22
55 1 1 210 19 161 28
56 1 1 213 29 251 43
57 1 5 216 1 10 1
58 1 7 220 784 3590 1176
59 0 3 224 83 763 124
60 0 4 228 1 8 1
61 0 2 232 2 17 3
62 1 3 236 20 169 30
63 0 4 240 1 8 1
64 1 1 244 6 48 9
65 1 1 246 11 90 16
66 1 1 249 23 197 34
67 1 1 252 1 10 1
68 0 2 255 1 10 1
69 0 7 259 1 4 1
70 0 2 263 1151 12014 1726
71 1 1 266 1 9 1
72 1 1 268 11 90 16
73 1 2 271 1 11 1
74 1 9 275 176 718 264
75 1 6 279 487 4885 730
76 0 2 283 144 1361 216
77 0 11 286 1451 6941 2176
78 0 4 290 1 9 1
79 1 1 294 93 859 139
80 1 2 297 476 4769 714
81 1 8 301 1 3 1
82 1 2 305 1 9 1
83 1 18 308 9605 51960 14407
84 0 4 313 4 33 6
85 1 4 317 9 73 13
86 0 2 321 29 251 43
87 1 4 324 38 334 57
88 0 3 328 879 9063 1318
89 1 6 332 1 9 1
90 0 2 336 1 11 1
91 0 2 339 1 9 1
92 1 2 342 9 73 13
93 1 2 346 649 6598 973
94 0 1 349 7294 82511 10941
95 0 16 352 1 3 1
96 0 6 356 24 81 36
97 1 2 360 1 10 1
98 0 1 363 1 10 1
99 1 4 366 453 4528 679
100 1 1 370 330 3249 495
101 0 1 373 1 12 1
102 0 3 376 1 9 1
103 0 2 380 92 850 138
104 1 19 383 4175 21433 6262
105 0 2 388 59 532 88
106 0 1 392 40 353 60
107 1 1 395 2 17 3
108 1 1 398 1 9 1
109 0 4 401 1 9 1
110 1 4 405 1 9 1
111 1 3 409 1 9 1
112 1 3 413 235 2276 352
113 0 1 417 1 9 1
114 0 2 420 1803 19203 2704
115 0 3 423 32 279 48
116 0 2 427 64 580 96
117 1 6 431 33 288 49
118 0 29 435 27 93 40
119 1 13 440 2 6 3
120 0 4 444 3 25 4
121 1 2 448 1 11 1
122 1 3 452 6979 78802 10468
123 1 4 456 1630 17283 2445
124 1 6 460 1 4 1
125 0 2 464 8 64 12
126 0 2 467 31475 377822 47212
127 1 2 470 1 9 1
128 1 1 474 2443 26371 3664
129 0 7 477 3 9 4
130 1 6 481 281 2745 421
131 1 23 485 12 38 18
132 1 6 490 1 9 1
133 1 5 494 5 40 7
134 1 5 498 1 9 1
135 1 5 502 23 197 34
136 1 2 506 31 270 46
137 0 5 509 69 628 103
138 0 1 513 1 9 1
139 0 2 516 1 9 1
140 1 1 520 1 9 1
141 1 2 523 1 9 1
142 1 1 526 374 3704 561
143 1 7 529 54 199 81
144 1 3 533 1301 13656 1951
145 0 5 537 143 1351 214
146 1 14 541 429 1878 643
147 0 2 545 45 400 67
148 0 2 548 7 56 10
149 1 2 552 587 5940 880
150 0 11 556 10 31 15
151 1 3 560 474 4748 711
152 1 2 564 16 134 24
153 1 3 568 1 11 1
154 0 1 572 1 10 1
155 1 3 575 37 325 55
156 0 1 579 6 48 9
157 0 2 582 179 1710 268
158 1 1 586 1475 15570 2212
159 0 2 588 609 6173 913
160 1 10 591 15 48 22
161 0 3 595 50 447 75
162 0 1 599 7 56 10
163 0 1 602 3 25 4
164 1 1 605 5 40 7
165 0 13 608 1 4 1
166 0 10 612 93359 575346 140038
167 0 2 616 1 10 1
168 0 2 619 348 3435 522
169 1 1 622 2 17 3
170 0 5 625 251 2438 376
171 1 5 629 590 5972 885
172 1 6 633 10 81 15
173 0 6 637 15 48 22
174 0 1 641 1 9 1
175 1 2 644 5 41 7
176 1 2 648 5 40 7
177 0 2 651 1 9 1
178 0 1 655 1 10 1
179 1 6 658 34 297 51
180 1 1 662 117 1094 175
181 0 2 665 3 25 4
182 1 3 669 1 9 1
183 1 1 673 1 9 1
184 1 3 676 1 10 1
185 0 1 680 124 1163 186
186 1 3 683 5 41 7
187 1 6 687 5 41 7
188 1 1 691 2172 23325 3258
189 1 1 694 1 10 1
190 0 6 697 120 1124 180
191 0 2 701 1 9 1
192 0 3 705 84 772 126
193 0 1 709 1 10 1
194 1 1 712 986 10220 1479
195 0 37 715 1 4 1
196 1 2 720 80 734 120
197 0 2 723 658 6694 987
198 0 1 727 9 72 13
199 1 2 729 1 9 1
200 1 2 733 17 143 25
201 1 1 737 1 10 1
202 1 3 740 2 17 3
203 1 38 744 1 4 1
204 0 3 749 181 1730 271
205 1 12 753 1 4 1
206 1 2 757 178 1700 267
207 0 3 761 171 1630 256
208 0 1 765 497 4990 745
209 1 4 768 63 570 94
210 1 2 772 1 11 1
211 1 2 775 134 1262 201
212 1 2 778 1 9 1
213 1 1 781 1 9 1
214 1 13 784 655 2960 982
215 1 3 788 1 9 1
216 1 3 792 1 11 1
217 0 10 796 2574 12802 3861
218 0 8 800 1 4 1
219 0 2 804 53 475 79
220 0 1 808 16 134 24
221 0 20 811 179 732 268
222 0 1 816 3 25 4
223 0 4 819 70 637 105
224 1 5 823 3 25 4
225 1 1 827 8 64 12
226 1 12 830 140 561 210
227 1 1 834 206 1982 309
228 1 6 837 29 100 43
229 1 5 841 2 17 3
230 0 5 845 58 523 87
231 1 2 849 1 9 1
232 1 6 853 1 4 1
233 0 13 857 18 59 27
234 0 8 861 748 3413 1122
235 0 7 865 1 4 1
236 0 2 869 136 1282 204
237 1 4 873 127 1192 190
238 0 2 877 14 116 21
239 0 6 880 1 12 1
240 0 2 884 13 107 19
241 0 6 888 4855 53986 7282
242 1 2 892 26397 314670 39595
243 1 4 895 10 81 15
244 1 2 899 29 251 43
245 0 1 903 570 5760 855
246 0 2 906 1 11 1
247 1 45 910 63 235 94
248 0 3 915 23 197 34
249 1 10 919 940 4361 1410
250 1 26 923 1 4 1
251 0 1 928 2892 31449 4338
252 1 2 931 543 5475 814
253 0 7 935 1 7 1
254 1 25 939 49 179 73
255 0 1 944 216 2083 324
256 1 3 947 1 9 1
257 0 6 951 2 17 3
258 0 2 955 1 9 1
259 1 6 958 159 1510 238
260 0 10 962 1 5 1
261 0 1 966 4090 45147 6135
262 0 2 969 40 353 60
263 1 2 972 87 801 130
264 0 1 975 189 1811 283
265 1 2 978 6 48 9
266 0 5 982 1 9 1
267 0 2 986 30024 359734 45036
268 0 10 990 864 3984 1296
269 1 1 994 1 9 1
270 0 6 997 2 17 3
271 0 6 1001 1 10 1
272 1 1 1005 3 25 4
273 1 4 1008 603 6109 904
274 0 4 1012 1617 17139 2425
275 1 2 1016 1 11 1
276 1 1 1020 88 811 132
277 1 1 1023 5 41 7
278 1 7 1026 1 4 1
279 1 2 1030 1 11 1
280 1 2 1034 27 233 40
281 0 1 1038 1 10 1
282 1 4 1041 28 242 42
283 1 1 1045 60481 744693 90721
284 1 30 1048 2 6 3
285 1 2 1053 121 1133 181
286 0 2 1057 4 33 6
287 1 1 1060 16 134 24
288 0 1 1063 1 9 1
289 0 8 1066 2 6 3
290 0 2 1070 420 4183 630
291 0 7 1074 1 4 1
292 0 10 1078 10 31 15
293 1 2 1082 1 10 1
294 1 2 1086 1 9 1
295 1 4 1090 1 9 1
296 1 1 1094 3171 34621 4756
297 0 1 1097 35 307 52
298 1 22 1100 26 89 39
299 1 6 1105 3 25 4
300 0 36 1109 38 135 57
301 1 4 1114 9 72 13
302 1 1 1118 56 504 84
303 1 9 1121 1 4 1
304 1 3 1125 14 116 21
305 0 4 1129 740 7569 1110
306 0 3 1133 1 10 1
307 0 1 1137 2294 24695 3441
308 1 2 1140 1 10 1
309 1 3 1143 1 10 1
310 0 2 1147 1593388 22084705 2390082
311 1 1 1151 132 1242 198
312 1 13 1154 1 6 1
313 0 14 1158 673 3048 1009
314 1 5 1162 2 17 3
315 0 2 1166 23 197 34
316 1 7 1170 188 771 282
317 1 22 1174 182 745 273
318 1 2 1179 5 41 7
319 0 1 1183 1 11 1
320 0 4 1186 93 859 139
321 0 2 1190 2 17 3
322 0 3 1193 1 9 1
323 1 3 1197 1 13 1
324 1 2 1201 15 125 22
325 0 1 1204 31 270 46
326 1 9 1207 1 3 1
327 1 4 1211 1 8 1
328 1 6 1215 1 9 1
329 0 13 1219 38 135 57
330 0 6 1223 411895 5445375 617842
331 0 2 1227 1820 19392 2730
332 0 1 1230 1166 12178 1749
333 1 1 1233 882 9095 1323
334 1 4 1236 1 9 1
335 0 2 1240 3 25 4
336 1 2 1244 298 2920 447
337 1 1 1247 27 233 40
338 1 1 1250 561 5665 841
339 1 3 1253 23 197 34
340 0 3 1257 1 13 1
341 0 2 1261 1 12 1
342 0 1 1265 7 56 10
343 0 4 1268 1 9 1
344 0 3 1272 1 8 1
345 1 6 1276 613 6216 919
346 0 3 1280 24141 286756 36211
347 1 1 1284 1 11 1
348 1 1 1287 258 2510 387
349 0 14 1290 28543 164703 42814
350 1 2 1294 1 9 1
351 1 4 1298 1 9 1
352 1 1 1302 76 695 114
353 1 3 1305 153 1450 229
354 1 1 1309 10 81 15
355 1 1 1312 1 11 1
356 1 10 1315 22 74 33
357 0 9 1319 1675 8092 2512
358 0 3 1323 131 1232 196
359 1 4 1327 113 1055 169
360 1 2 1331 121 1134 181
361 0 6 1335 1 5 1
362 1 3 1339 1 9 1
363 1 2 1343 1 11 1
364 0 1 1347 1 10 1
365 0 4 1350 9 72 13
366 1 5 1354 26 224 39
367 0 1 1358 1 8 1
368 1 7 1361 15 48 22
369 0 1 1365 5 41 7
370 1 9 1368 297 1264 445
371 0 5 1372 739 7559 1108
372 1 2 1376 2562 27714 3843
373 0 5 1379 296 2899 444
374 0 1 1383 31 270 46
375 1 17 1386 1 4 1
376 1 3 1391 51 457 76
377 1 8 1395 3 10 4
378 1 5 1399 9 73 13
379 1 6 1403 6 48 9
380 0 1 1407 1 11 1
381 0 2 1410 1 9 1
382 1 1 1414 1 10 1
383 0 6 1417 18 152 27
384 0 1 1421 18 152 27
385 0 2 1424 24 206 36
386 1 2 1428 4 33 6
387 1 7 1432 1 3 1
388 1 2 1436 1 9 1
389 0 1 1440 1 11 1
390 0 4 1443 45 400 67
391 1 2 1447 20 170 30
392 1 4 1451 47 419 70
393 0 4 1455 16 134 24
394 1 2 1459 1 11 1
395 0 3 1463 71 647 106
396 1 3 1467 8 64 12
397 0 3 1471 20008 235886 30012
398 1 8 1475 4823 24990 7234
399 0 1 1479 4 33 6
400 1 2 1482 92 850 138
401 0 2 1485 373755 4923974 560632
402 1 3 1488 5 40 7
403 1 6 1492 1 9 1
404 0 1 1496 13 107 19
405 1 5 1499 9521 108903 14281
406 0 3 1503 1 10 1
407 1 3 1507 4 33 6
408 0 2 1511 8 64 12
409 1 1 1514 1360 14303 2040
410 0 7 1517 458 2015 687
411 1 6 1521 2 17 3
412 1 8 1525 196 807 294
413 1 2 1529 1 9 1
414 0 2 1533 1 9 1
415 0 3 1537 21 179 31
416 1 2 1541 1 9 1
417 0 2 1545 38 335 57
418 0 12 1549 3156 15910 4734
419 1 4 1553 1 9 1
420 1 1 1557 1 10 1
421 1 2 1560 22 188 33
422 1 1 1564 4056 44756 6084
423 1 2 1567 1 10 1
424 1 1 1571 3 25 4
425 1 13 1574 395 1719 592
426 1 3 1578 2 17 3
427 1 3 1582 809844 10965362 1214766
428 0 3 1586 1 8 1
429 1 15 1590 14 45 21
430 0 4 1594 8 64 12
431 1 1 1598 1 9 1
432 0 2 1601 6371 71662 9556
433 1 3 1605 10 81 15
434 0 2 1609 1 10 1
435 1 2 1613 3 25 4
436 0 4 1617 46 410 69
437 0 7 1621 3 10 4
438 1 2 1625 5 40 7
439 1 1 1628 3 25 4
440 1 3 1631 7 56 10
441 1 5 1635 1 10 1
442 0 2 1639 1 9 1
443 1 1 1643 20 169 30
444 1 1 1646 1 9 1
445 0 1 1649 1 9 1
446 0 2 1652 50 447 75
447 0 4 1656 1 10 1
448 0 3 1660 1 10 1
449 0 4 1664 14 116 21
450 1 6 1668 17 143 25
451 0 13 1672 290 1232 435
452 0 7 1676 1 5 1
453 1 3 1680 15 125 22
454 1 2 1684 6 48 9
455 1 9 1687 9 27 13
456 0 1 1691 3 25 4
457 0 5 1694 1207 12626 1810
458 0 2 1698 1 10 1
459 1 13 1701 559 2497 838
460 0 2 1705 5015 55842 7522
461 0 2 1709 1 12 1
462 1 54 1712 64 239 96
463 0 2 1717 1 9 1
464 0 2 1721 1 10 1
465 0 2 1724 1 10 1
466 0 2 1728 6 48 9
467 0 8 1732 47 171 70
468 0 1 1736 2 17 3
469 0 5 1739 1 12 1
470 0 1 1743 16 134 24
471 0 5 1746 31 270 46
472 1 4 1750 1927 20585 2890
473 1 3 1754 440 4392 660
474 0 6 1758 4 33 6
475 0 2 1762 2 17 3
476 1 1 1766 17 143 25
477 1 1 1769 35 307 52
478 0 10 1772 327 1402 490
479 0 1 1776 7 56 10
480 1 4 1779 1 10 1
481 1 13 1783 85 326 127
482 0 3 1787 1 9 1
483 0 5 1791 2659 28809 3988
484 1 1 1795 18 152 27
485 1 2 1798 42 372 63
486 0 1 1801 2062 22093 3093
487 1 2 1804 9 73 13
488 1 4 1808 870 8966 1305
489 0 2 1812 190 1821 285
490 1 10 1816 65 243 97
491 1 10 1820 1 3 1
492 1 3 1824 1747 18581 2620
493 0 2 1828 4 32 6
494 0 1 1831 6 48 9
495 0 3 1834 1 9 1
496 1 3 1838 1 10 1
497 1 2 1842 3 25 4
498 0 3 1846 1 8 1
499 0 10 1850 35 124 52
500 0 3 1854 76586 951544 114879
501 1 2 1858 7 56 10
502 1 6 1861 10 81 15
503 0 3 1865 79535 989605 119302
504 1 3 1869 41 363 61
505 0 1 1873 1 10 1
506 0 1 1876 54 485 81
507 0 4 1879 13 107 19
508 0 1 1883 1 9 1
509 0 5 1886 1 8 1
510 1 10 1890 3 10 4
511 1 2 1894 16 134 24
512 0 8 1898 9286 50130 13929
513 0 1 1902 5 40 7
514 0 2 1905 13650 158458 20475
515 0 4 1908 232 2245 348
516 1 8 1912 1 4 1
517 0 2 1916 7 56 10
518 0 2 1920 39 344 58
519 0 4 1924 5 40 7
520 0 4 1928 29 252 43
521 0 1 1932 3 25 4
522 1 1 1935 9 72 13
523 0 14 1938 48 175 72
524 1 3 1942 52 466 78
525 1 2 1946 4 33 6
526 1 14 1950 1 4 1
527 1 2 1954 1 9 1
528 1 8 1958 49 179 73
529 0 1 1962 1 9 1
530 1 3 1965 1 11 1
531 1 10 1969 9 27 13
532 0 17 1973 1 4 1
533 0 5 1978 2788 30270 4182
534 1 4 1982 1 9 1
535 0 1 1986 1 10 1
536 0 2 1988 56 504 84
537 1 3 1991 1 10 1
538 1 8 1995 5 15 7
539 1 3 1999 1 8 1
540 0 1 2003 3782 41608 5673
541 1 5 2006 18 152 27
542 0 20 2010 273 1154 409
543 0 13 2015 1 4 1
544 1 4 2019 1 10 1
545 0 17 2023 1 4 1
546 0 3 2028 1 9 1
547 1 9 2032 1 3 1
548 0 10 2036 1 3 1
549 0 2 2040 1 9 1
550 1 6 2044 11 90 16
551 0 5 2048 372837 4911446 559255
552 1 2 2052 1 9 1
553 0 6 2056 34 120 51
554 1 7 2060 1 3 1
555 1 3 2064 2 17 3
556 0 2 2068 1 12 1
557 1 1 2072 7 56 10
558 1 3 2075 1 10 1
559 0 41 2079 1 3 1
560 1 6 2084 29623 354741 44434
561 0 3 2088 2162 23213 3243
562 1 9 2092 1 4 1
563 0 1 2096 1509 15945 2263
564 0 3 2099 1 9 1
565 0 1 2103 126 1183 189
566 1 5 2106 4 33 6
567 0 2 2110 67 608 100
568 0 2 2113 1 15 1
569 0 3 2117 2 17 3
570 1 2 2121 752 7698 1128
571 0 7 2124 1 4 1
572 1 4 2128 370 3663 555
573 1 4 2132 2 17 3
574 1 1 2136 1 10 1
575 1 10 2139 70 264 105
576 1 3 2143 87 801 130
577 0 1 2147 91 840 136
578 0 3 2150 4 33 6
579 0 4 2154 32 279 48
580 1 1 2158 239 2316 358
581 1 1 2161 1 10 1
582 0 2 2164 1 12 1
583 0 1 2167 1 8 1
584 0 2 2170 107 996 160
585 0 2 2173 1 11 1
586 1 5 2177 183 1751 274
587 0 13 2181 6 18 9
588 1 2 2185 1157 12080 1735
589 1 1 2188 2 17 3
590 0 6 2191 373 3694 559
591 1 1 2195 12 98 18
592 1 1 2198 1 8 1
593 0 3 2201 5864 65729 8796
594 1 10 2205 644 2907 966
595 0 13 2209 202 834 303
596 0 6 2213 867 3999 1300
597 1 2 2217 1 11 1
598 0 4 2221 133 1252 199
599 1 2 2225 1858 19816 2787
600 0 1 2228 1129 11775 1693
601 0 6 2230 3 9 4
602 0 2 2234 3 25 4
603 1 1 2237 1 9 1
604 1 1 2240 1 9 1
605 1 3 2243 1 10 1
606 0 2 2247 1 9 1
607 0 2 2250 1 9 1
608 1 2 2254 3 25 4
609 1 7 2257 445 1954 667
610 0 1 2261 1 10 1
611 1 3 2264 1 9 1
612 1 3 2268 16 134 24
613 1 15 2272 1 3 1
614 1 6 2276 1 4 1
615 1 3 2280 792 8127 1188
616 1 8 2284 4 12 6
617 1 1 2288 1 9 1
618 1 10 2291 1 4 1
619 1 28 2295 1 3 1
620 1 2 2300 33 288 49
621 0 3 2304 4363 48294 6544
622 1 3 2308 7 56 10
623 0 2 2312 7 56 10
624 0 14 2316 6 18 9
625 1 8 2320 1 5 1
626 0 2 2324 1 10 1
627 1 7 2328 2 6 3
628 0 1 2332 13083 151613 19624
629 0 2 2335 1 9 1
630 1 8 2339 51 187 76
631 1 13 2343 10 31 15
632 0 1 2347 3 25 4
633 1 1 2350 503 5053 754
634 0 8 2352 1 3 1
635 1 5 2356 34 297 51
636 1 9 2360 66 247 99
637 1 1 2364 209433 2701762 314149
638 1 2 2367 1 10 1
639 1 3 2370 13743 159582 20614
640 0 9 2374 1 4 1
641 1 27 2378 15 49 22
642 1 2 2383 16868 197504 25302
643 1 2 2387 123 1153 184
644 1 9 2391 1 4 1
645 0 3 2395 1 10 1
646 0 1 2399 1 11 1
647 0 3 2402 3 25 4
648 1 1 2406 16 134 24
649 1 6 2409 46 409 69
650 1 2 2413 1 11 1
651 1 1 2417 11 90 16
652 0 1 2420 1 8 1
653 0 4 2423 3482 38171 5223
654 0 5 2427 1 9 1
655 0 4 2431 1 10 1
656 0 1 2435 35 307 52
657 1 7 2438 15 48 22
658 0 6 2442 25 215 37
659 0 3 2446 2 17 3
660 0 4 2450 1 9 1
661 1 2 2454 8 64 12
662 1 4 2458 29 251 43
663 0 5 2462 21 179 31
664 1 1 2466 1 12 1
665 0 2 2468 4 33 6
666 1 21 2471 490 2167 735
667 0 10 2476 4 12 6
668 0 2 2480 72 656 108
669 1 6 2484 145 1371 217
670 1 4 2488 196 1881 294
671 1 16 2492 1 4 1
672 1 11 2497 2 7 3
673 1 10 2501 1 4 1
674 1 1 2505 29 251 43
675 1 3 2508 16 134 24
676 1 2 2512 34 298 51
677 0 5 2515 4 33 6
678 0 5 2519 1 9 1
679 1 4 2523 1 9 1
680 0 8 2527 1 4 1
681 0 5 2531 244 2367 366
682 1 6 2535 71 268 106
683 0 7 2539 1 3 1
684 1 3 2543 5 40 7
685 1 2 2547 2367 25515 3550
686 0 1 2551 1 10 1
687 1 14 2554 49 179 73
688 0 8 2558 1 6 1
689 1 1 2562 22190 262697 33285
690 0 9 2565 1179575 8260074 1769362
691 1 4 2569 2 17 3
692 0 4 2573 1 9 1
693 0 3 2577 3 25 4
694 1 6 2581 2 17 3
695 1 4 2585 1 10 1
696 1 2 2589 1 12 1
697 0 2 2593 1 9 1
698 0 4 2597 700 7142 1050
699 0 2 2601 1316 13820 1974
700 1 6 2604 3965 43710 5947
701 1 1 2608 1 9 1
702 0 4 2611 78 714 117
703 1 1 2615 57006 700310 85509
704 1 6 2618 1 9 1
705 1 18 2622 1 4 1
706 0 3 2627 19 161 28
707 1 3 2631 1 9 1
708 1 2 2635 55 494 82
709 0 41 2638 1 5 1
710 1 27 2643 371 1607 556
711 1 8 2648 4 12 6
712 0 2 2652 5 40 7
713 0 4 2655 42 372 63
714 0 1 2659 3 25 4
715 0 4 2662 254 2469 381
716 0 1 2666 81 743 121
717 0 6 2669 3767 41435 5650
718 0 6 2673 1 9 1
719 1 2 2677 3 25 4
720 1 8 2681 539 2401 808
721 0 1 2685 1 9 1
722 0 1 2688 1 9 1
723 0 1 2691 18 152 27
724 1 5 2694 220 2123 330
725 0 1 2698 1 9 1
726 1 2 2701 11 90 16
727 0 5 2705 5 41 7
728 1 4 2709 41 363 61
729 0 3 2713 1 10 1
730 0 2 2717 1 9 1
731 0 5 2721 10714 123148 16071
732 0 1 2725 1 9 1
733 1 1 2728 162 1540 243
734 1 1 2731 20 170 30
735 1 3 2734 171813 2200359 257719
736 0 1 2738 5 40 7
737 0 3 2741 2 17 3
738 1 1 2745 1 9 1
739 1 2 2748 705 7195 1057
740 0 12 2752 111 436 166
741 1 1 2756 193 1851 289
742 0 37 2759 439 1926 658
743 1 6 2764 685 6982 1027
744 1 3 2768 58 523 87
745 0 2 2772 136781 1736961 205171
746 0 2 2775 50 447 75
747 1 2 2778 30 261 45
748 1 2 2781 2775 30122 4162
749 0 4 2785 11921 137623 17881
750 0 2 2789 24 206 36
751 1 2 2793 2049 21948 3073
752 1 17 2796 1 5 1
753 0 5 2801 90870 1136366 136305
754 0 1 2805 1 11 1
755 1 3 2808 222051 2870684 333076
756 0 1 2812 106 986 159
757 0 1 2815 3 25 4
758 0 4 2818 5 40 7
759 1 12 2822 7028 37292 10542
760 1 5 2826 1052 10936 1578
761 1 5 2830 1 9 1
762 1 7 2834 169 688 253
763 0 5 2838 105 976 157
764 1 3 2842 1 10 1
765 1 1 2846 23 197 34
766 0 5 2849 1 11 1
767 1 5 2853 1 10 1
768 1 2 2857 4 33 6
769 0 12 2861 45 163 67
770 1 4 2865 23 197 34
771 1 2 2869 113 1055 169
772 1 4 2872 41 363 61
773 0 13 2876 45 163 67
774 0 6 2880 1 4 1
775 0 4 2884 63524 783636 95286
776 1 2 2888 1 10 1
777 0 2 2892 48 428 72
778 1 2 2895 2 17 3
779 1 32 2899 8 24 12
780 0 3 2904 14 116 21
781 0 5 2908 1 10 1
782 1 8 2912 21 70 31
783 1 4 2916 3 25 4
784 0 2 2920 1 11 1
785 1 3 2923 94 869 141
786 0 1 2927 3715 40839 5572
787 0 2 2930 8 64 12
788 1 10 2934 12 38 18
789 0 1 2938 10 81 15
790 1 3 2941 1261 13217 1891
791 1 1 2945 4 33 6
792 0 9 2948 1 6 1
793 1 2 2952 23281 276141 34921
794 1 3 2955 3 25 4
795 1 2 2959 1 10 1
796 0 10 2963 26596 152846 39894
797 1 1 2967 342 3373 513
798 1 3 2970 1 9 1
799 1 2 2974 4 33 6
800 1 9 2978 2 7 3
801 1 2 2982 1 9 1
802 1 1 2986 453 4528 679
803 1 9 2989 56 207 84
804 0 2 2993 267 2602 400
805 0 2 2997 637 6470 955
806 0 4 3001 6974 78743 10461
807 1 6 3005 1 9 1
808 1 11 3009 1 4 1
809 1 8 3013 18 59 27
810 0 6 3017 1 10 1
811 0 3 3021 468 4685 702
812 0 2 3025 9534 109059 14301
813 1 1 3029 2 17 3
814 0 5 3032 5 40 7
815 0 3 3036 51 457 76
816 1 3 3040 1 12 1
817 0 2 3044 1 9 1
818 1 4 3047 48342 590104 72513
819 1 5 3051 3159 34484 4738
820 0 1 3055 38 334 57
821 0 9 3058 5 15 7
822 0 1 3062 1 8 1
823 1 2 3065 1 9 1
824 0 1 3068 1 9 1
825 1 9 3071 1 3 1
826 1 10 3075 2 6 3
827 0 3 3079 1 10 1
828 1 1 3083 1 11 1
829 0 1 3086 1 9 1
830 1 4 3089 18 152 27
831 0 3 3093 2853 31006 4279
832 1 2 3097 406 4037 609
833 0 1 3100 1 8 1
834 1 1 3103 1 11 1
835 0 3 3106 1430 15074 2145
836 0 1 3110 72 656 108
837 0 1 3112 1 10 1
838 0 2 3114 13 107 19
839 1 1 3117 148 1401 222
840 1 2 3120 6 48 9
841 0 5 3124 58 523 87
842 1 4 3128 8351 95003 12526
843 1 9 3132 4 12 6
844 1 1 3136 13 107 19
845 1 2 3139 456 4559 684
846 1 2 3142 478 4790 717
847 0 130 3145 71 268 106
848 1 1 3150 59 532 88
849 1 4 3153 2 17 3
850 0 5 3157 1 10 1
851 1 6 3161 178 1700 267
852 0 1 3165 15 125 22
853 1 6 3167 253 2459 379
854 0 8 3171 1 3 1
855 0 1 3175 1 9 1
856 0 5 3178 1 10 1
857 0 1 3182 6 48 9
858 0 1 3185 1 10 1
859 1 6 3188 1825 8869 2737
860 0 1 3192 295 2889 442
861 1 1 3195 91 840 136
862 1 11 3198 1 3 1
863 1 9 3202 47 171 70
864 1 3 3206 4 33 6
865 1 1 3210 384 3808 576
866 0 7 3213 88 339 132
867 1 2 3217 32 279 48
868 1 3 3221 1 9 1
869 0 3 3225 34 298 51
870 1 2 3229 775 7944 1162
871 1 3 3233 21 179 31
872 0 10 3237 1 4 1
873 1 3 3241 19 161 28
874 0 3 3245 5 40 7
875 1 8 3249 22 74 33
876 1 4 3253 1767 18803 2650
877 1 3 3257 3 25 4
878 1 1 3261 1 9 1
879 0 1 3264 1 9 1
880 1 2 3267 1 10 1
881 0 2 3271 1 13 1
882 0 2 3275 1 12 1
883 0 4 3278 1 9 1
884 1 3 3282 1 12 1
885 0 2 3286 1 9 1
886 1 5 3290 1 9 1
887 1 6 3294 148 1401 222
888 1 2 3298 1 11 1
889 0 11 3302 398 1733 597
890 1 2 3306 29606 354530 44409
891 1 5 3310 29 252 43
892 1 1 3314 714 7292 1071
893 1 3 3317 51 456 76
894 0 3 3321 10752 123602 16128
895 0 1 3325 5 41 7
896 0 1 3328 6 48 9
897 1 4 3330 1973 21098 2959
898 0 3 3334 1 10 1
899 1 1 3338 1 10 1
900 0 2 3341 1 10 1
901 0 2 3345 1 9 1
902 0 1 3348 92 850 138
903 1 1 3351 2 17 3
904 0 10 3354 1 4 1
905 0 4 3358 1 9 1
906 1 12 3362 111 436 166
907 1 1 3366 1 9 1
908 1 1 3369 74 676 111
909 0 4 3372 1 10 1
910 0 1 3376 1 8 1
911 1 5 3379 2847 30938 4270
912 1 11 3383 664 3004 996
913 1 2 3387 5 40 7
914 0 2 3391 14 116 21
915 1 5 3394 1 11 1
916 1 1 3398 14 116 21
917 0 9 3401 1 5 1
918 0 2 3405 1 11 1
919 1 6 3409 1 9 1
920 1 3 3413 22 188 33
921 0 2 3417 9032 103085 13548
922 1 5 3421 4 32 6
923 0 1 3425 51 457 76
924 0 1 3428 72 657 108
925 1 1 3431 4 33 6
926 1 3 3434 18 152 27
927 1 2 3438 1 10 1
928 1 4 3442 1 9 1
929 1 19 3446 4 12 6
930 1 4 3451 1 9 1
931 0 1 3455 1 10 1
932 1 2 3458 2517 27205 3775
933 0 1 3461 1 9 1
934 0 2 3464 570 5760 855
935 1 2 3467 1 9 1
936 1 13 3470 1 4 1
937 0 6 3474 33 288 49
938 0 3 3478 2 17 3
939 1 2 3482 1 10 1
940 1 1 3486 1 11 1
941 1 1 3489 63 571 94
942 0 19 3492 1 4 1
943 1 11 3497 6 18 9
944 0 2 3501 1 11 1
945 1 2 3505 1 11 1
946 0 2 3509 1 10 1
947 0 1 3513 1 9 1
948 0 3 3516 11 90 16
949 0 3 3520 1 9 1
950 1 3 3524 3 25 4
951 1 3 3528 571 5770 856
952 1 1 3532 5 41 7
953 1 1 3534 1 10 1
954 1 1 3537 273 2663 409
955 0 4 3540 134 1262 201
956 0 3 3544 72 657 108
957 1 2 3548 30 261 45
958 1 8 3551 67 252 100
959 1 9 3555 607686 4121919 911529
960 0 1 3559 19 160 28
961 1 4 3562 238 2306 357
962 0 1 3566 13 107 19
963 1 2 3569 1 9 1
964 0 1 3572 24 206 36
965 0 1 3575 1 9 1
966 0 6 3578 3125 34097 4687
967 1 2 3582 1 10 1
968 1 4 3586 1 10 1
969 1 4 3590 1 9 1
970 1 4 3594 2 17 3
971 1 1 3598 673 6854 1009
972 1 2 3601 1 9 1
973 1 1 3605 224 2164 336
974 1 1 3608 9322 106534 13983
