0 1 1 5 37 325 55
1 1 1 13 1 9 1
2 1 1 19 1 9 1
3 1 8 31 27 93 40
4 1 9 49 1 4 1
5 0 2 68 50 447 75
6 0 8 81 8 24 12
7 0 2 99 3 25 4
8 0 2 111 60 542 90
9 1 27 125 1 5 1
10 1 2 147 14417 167735 21625
11 0 5 161 1065 4985 1597
12 0 2 178 1 12 1
13 1 2 191 25 215 37
14 1 4 205 22 74 33
15 0 3 221 28891 345634 43336
16 1 1 235 6 48 9
17 0 4 242 8 24 12
18 0 3 258 39 344 58
19 0 2 272 3 25 4
20 1 8 285 34 120 51
21 1 1 303 5 40 7
22 0 1 313 5 40 7
23 1 5 322 1 5 1
24 1 1 339 2716 29454 4074
25 0 4 346 3 10 4
26 1 3 362 1 3 1
27 0 6 377 1606 7736 2409
28 0 1 394 1 9 1
29 1 3 405 1 3 1
30 1 4 420 23731 135485 35596
31 1 1 436 13 107 19
32 1 7 448 3219 16248 4828
33 0 4 466 1421 6788 2131
34 0 2 482 2335 25155 3502
35 1 3 494 1 10 1
36 1 2 508 10 81 15
37 1 2 521 207 1992 310
38 1 2 534 84 772 126
39 1 4 546 1 4 1
40 0 3 562 1833 19537 2749
41 1 1 576 7 56 10
42 1 1 585 765 7837 1147
43 0 8 595 38 135 57
44 1 11 613 1 4 1
45 1 1 633 752 7698 1128
46 0 1 644 1 11 1
47 1 1 652 1 11 1
48 1 2 662 557 5622 835
49 0 6 675 386 1677 579
50 0 1 692 1 12 1
51 1 3 703 22 74 33
52 0 1 717 9077 103620 13615
53 0 2 728 55 494 82
54 0 4 741 1 4 1
55 0 2 757 178 1700 267
56 1 2 769 30 261 45
57 0 33 781 193 794 289
58 0 3 804 36 128 54
59 1 3 819 1 5 1
60 0 2 834 2059 22059 3088
61 0 2 846 190 1821 285
62 1 4 858 1 3 1
63 0 3 874 1 9 1
64 0 6 888 6 18 9
65 1 1 906 23 197 34
66 0 2 915 342 3373 513
67 0 2 927 24 206 36
68 1 1 941 110 1025 165
69 1 11 950 6 18 9
70 1 17 970 1 3 1
71 0 10 991 8440 45296 12660
72 1 5 1010 1 6 1
73 1 2 1027 543 5475 814
74 1 2 1040 31473 377797 47209
75 0 1 1053 20 170 30
76 1 2 1063 1 10 1
77 0 5 1077 7 21 10
78 0 2 1094 1 10 1
79 1 2 1106 130 1222 195
80 1 4 1119 1 4 1
81 0 7 1135 4 12 6
82 1 4 1153 1 4 1
83 1 1 1168 7 56 10
84 1 1 1174 53 475 79
85 1 1 1183 1 9 1
86 0 1 1194 1 10 1
87 1 2 1204 78 714 117
88 0 1 1217 1 9 1
89 0 3 1225 34207 199436 51310
90 1 8 1240 6 18 9
91 1 15 1258 753 3438 1129
92 1 3 1278 1 4 1
93 1 2 1293 1 9 1
94 1 3 1305 9 27 13
95 1 3 1320 1 9 1
96 1 1 1334 1 8 1
97 0 1 1343 29234 349900 43851
98 0 2 1350 1 11 1
99 1 3 1363 238 2306 357
100 1 9 1377 561 2506 841
101 1 3 1396 44 159 66
102 0 5 1410 9 27 13
103 0 2 1427 26 224 39
104 1 8 1440 23218 132388 34827
105 0 3 1458 80 305 120
106 1 1 1473 1 9 1
107 1 1 1481 1 12 1
108 0 10 1491 481 2124 721
109 1 3 1510 191 1831 286
110 1 2 1524 50 447 75
111 1 7 1536 64 240 96
112 1 5 1554 1 5 1
113 1 2 1571 1725 18337 2587
114 0 1 1584 37 325 55
115 1 7 1589 11 34 16
116 0 3 1607 227 946 340
117 1 2 1622 1 9 1
118 0 3 1635 2 7 3
119 0 1 1650 1 9 1
120 1 5 1660 1 3 1
121 0 5 1677 1 5 1
122 1 3 1694 541 5454 811
123 1 17 1708 5 15 7
124 0 2 1729 8 64 12
125 0 20 1741 2 7 3
126 1 3 1762 32 112 48
127 0 2 1777 1 9 1
128 0 5 1790 3133 15786 4699
129 0 2 1806 1 9 1
130 1 1 1819 20 170 30
131 1 2 1830 1 12 1
132 1 6 1843 1 4 1
133 1 29 1861 185 758 277
134 1 2 1883 40 353 60
135 0 1 1896 18 152 27
136 1 2 1902 2 17 3
137 1 2 1915 35 307 52
138 0 3 1929 91 351 136
139 0 4 1944 77 293 115
140 0 2 1959 1 13 1
141 1 16 1971 6 18 9
142 0 2 1992 1 10 1
143 1 2 2004 2659 28809 3988
144 0 1 2016 1 11 1
145 1 1 2027 1 9 1
146 1 4 2038 76 289 114
147 0 2 2054 56 504 84
148 1 1 2068 3 25 4
149 1 2 2075 1 9 1
150 1 1 2088 235 2276 352
151 0 5 2099 1 3 1
152 1 4 2116 2 7 3
153 0 8 2132 78 297 117
154 0 3 2150 3382 17126 5073
155 1 4 2165 85679 525581 128518
156 1 7 2181 49 179 73
157 1 11 2199 8 24 12
158 1 9 2219 206 852 309
159 0 11 2238 3 9 4
160 0 2 2258 42 372 63
161 1 35 2271 1 5 1
162 0 1 2294 1 11 1
163 1 3 2304 8 24 12
164 0 1 2319 55651 683031 83476
165 1 8 2327 22 74 33
166 1 3 2345 27089 323250 40633
167 0 24 2359 1 3 1
168 1 11 2381 1 4 1
169 0 1 2400 1 10 1
170 1 2 2411 8892 101421 13338
171 0 9 2424 5 15 7
172 1 2 2443 94 869 141
173 0 4 2455 62182 374843 93273
174 1 3 2471 1 11 1
175 0 4 2485 123 487 184
176 1 6 2501 1 3 1
177 0 2 2518 2 17 3
178 0 19 2530 1 6 1
179 1 7 2551 1340 6374 2010
180 0 5 2569 1 5 1
181 0 56 2585 598 2684 897
182 0 1 2609 679508 9144201 1019262
183 1 2 2618 1 9 1
184 0 6 2630 78 297 117
185 1 1 2648 2 17 3
186 1 14 2658 1 4 1
187 1 9 2678 6 18 9
188 0 1 2697 1 11 1
189 0 1 2708 335 3301 502
190 1 3 2719 1135 5337 1702
191 1 3 2734 10 31 15
192 1 4 2748 53 195 79
193 0 2 2764 1 9 1
194 1 5 2777 721705 4936399 1082557
195 0 3 2794 212 878 318
196 1 1 2809 47 419 70
197 1 1 2820 29 251 43
198 1 1 2831 36 316 54
199 0 7 2840 89 343 133
200 0 3 2858 1 4 1
201 1 10 2873 2 6 3
202 0 1 2892 46 410 69
203 1 13 2902 506 2244 759
204 0 1 2922 1 9 1
205 1 4 2932 1021 4765 1531
206 1 5 2948 12 38 18
207 0 1 2965 1 9 1
208 0 3 2975 1316 13820 1974
209 0 2 2989 78 714 117
210 0 1 3003 1284 13469 1926
211 1 3 3010 1 9 1
212 1 1 3024 34 298 51
213 0 4 3033 1 4 1
214 1 1 3049 4 33 6
215 0 3 3051 1 5 1
216 0 1 3066 8 64 12
217 1 2 3072 61 551 91
218 1 2 3084 144 1361 216
219 0 6 3098 794 3639 1191
220 1 6 3115 1 4 1
221 1 3 3132 1 9 1
222 0 7 3146 1 4 1
223 1 1 3164 1 9 1
224 0 1 3173 1 8 1
225 1 9 3180 49 179 73
226 1 2 3199 4 33 6
227 1 3 3212 1 10 1
228 1 2 3226 2 17 3
229 1 3 3239 34083 198672 51124
230 0 4 3254 3 9 4
231 1 4 3270 4855 25167 7282
232 0 2 3286 2 17 3
233 1 3 3298 6 18 9
234 1 3 3313 6 48 9
235 0 2 3327 1522 16089 2283
236 0 4 3340 1 5 1
237 0 2 3356 798 8191 1197
238 1 8 3370 12741 70117 19111
239 1 6 3388 2 7 3
240 0 3 3406 6 18 9
241 1 3 3421 23 197 34
242 0 32 3435 5 15 7
243 0 7 3458 30621 177406 45931
244 1 4 3476 1 3 1
245 0 2 3492 2 17 3
246 0 2 3505 1 9 1
247 1 3 3519 2 7 3
248 1 2 3534 1 9 1
249 0 34 3547 1 6 1
250 0 4 3570 1 4 1
251 1 39 3586 5 15 7
252 0 1 3609 427 4256 640
