0 1 1 5 8 64 12
1 1 17 7 17 56 25
2 0 2 12 65 590 97
3 0 1 15 10 81 15
4 1 1 16 1 11 1
5 0 2 18 40 353 60
6 1 5 21 1 4 1
7 1 2 25 2 17 3
8 1 8 28 2 6 3
9 0 4 33 1 3 1
10 1 5 37 523 2325 784
11 1 9 41 6943406 52697146 10415109
12 0 1 46 29 251 43
13 1 9 48 137 548 205
14 1 3 53 1 9 1
15 1 3 57 399 3964 598
16 0 2 61 10 81 15
17 0 1 64 13 107 19
18 0 5 66 109 427 163
19 0 2 70 241047 3125624 361570
20 0 2 73 1 10 1
21 0 1 76 2 17 3
22 0 3 78 1 10 1
23 1 2 82 1 10 1
24 1 7 85 21 70 31
25 0 4 90 1 5 1
26 0 4 94 31 108 46
27 0 5 98 1 4 1
28 1 2 102 18586 218473 27879
29 1 6 105 1 5 1
30 1 2 109 1301 13656 1951
31 0 7 112 392 1705 588
32 1 2 116 339 3342 508
33 1 3 119 23 78 34
34 1 2 123 2 17 3
35 1 2 126 1 9 1
36 0 1 129 305 2991 457
37 1 2 131 8607 98038 12910
38 1 5 134 1 5 1
39 0 8 138 90 347 135
40 1 2 143 1 12 1
41 0 2 146 794 8148 1191
42 1 4 149 8 24 12
43 0 2 153 10 81 15
44 1 4 156 1 3 1
45 0 2 160 1 10 1
46 1 2 163 13 107 19
47 0 1 166 2 17 3
48 0 4 167 1 3 1
49 1 6 171 28 97 42
50 0 1 175 1 11 1
51 1 31 177 1 3 1
52 0 2 183 10 81 15
53 0 14 186 3 9 4
54 0 18 191 1 4 1
55 1 1 196 2 17 3
56 1 9 199 6010 31579 9015
57 1 2 204 1 9 1
58 0 4 207 1 5 1
59 0 3 211 9 27 13
60 1 2 215 4382 48514 6573
61 1 15 218 27 93 40
62 0 7 223 4034 20664 6051
63 0 4 228 10 31 15
64 1 2 232 1 11 1
65 1 3 235 990 4610 1485
66 0 1 239 4 33 6
67 0 1 240 2074 22227 3111
68 1 5 242 1 4 1
69 1 3 246 1288 13513 1932
70 1 1 250 3 25 4
71 0 7 252 1 3 1
72 1 2 256 24 206 36
73 0 2 259 6 48 9
74 1 22 262 1 3 1
75 0 6 267 9262 49993 13893
76 0 1 271 4 33 6
77 0 3 274 31 270 46
78 0 4 278 1 5 1
79 0 2 282 194 1861 291
80 1 3 285 271 1145 406
81 1 1 289 2180 23415 3270
82 1 1 292 1 9 1
83 0 1 294 191 1831 286
84 0 4 297 1 4 1
85 1 2 301 1 9 1
86 1 4 304 8 24 12
87 0 11 308 1 4 1
88 0 1 313 5 41 7
89 0 3 315 641 2892 961
90 1 3 319 5098 26509 7647
91 0 2 323 1 9 1
92 1 4 326 1 4 1
93 0 1 330 1 9 1
94 1 4 332 3 10 4
95 0 2 336 183 1751 274
96 0 20 339 711 3233 1066
97 0 2 344 1 10 1
98 0 1 347 15 125 22
99 1 1 350 20 170 30
100 1 2 352 4 33 6
101 1 2 355 21 179 31
102 0 5 358 1 4 1
103 1 1 362 8 64 12
104 1 6 365 1 5 1
105 1 6 369 1 3 1
106 0 3 373 540 5443 810
107 1 13 377 1 3 1
108 0 12 382 123 487 184
109 1 6 387 1 4 1
110 1 3 391 21 70 31
111 1 1 395 7 56 10
112 0 2 397 1 8 1
113 0 4 400 76 289 114
114 1 6 404 1292 6131 1938
115 1 4 408 130 517 195
116 0 4 412 2 6 3
117 0 1 416 1 9 1
118 0 2 418 97 898 145
119 0 4 421 1 3 1
120 1 1 425 1 13 1
121 1 1 428 1 8 1
122 0 5 430 1 4 1
123 1 1 434 1 10 1
124 0 13 436 2051 10046 3076
125 1 3 441 1 11 1
126 0 4 445 12 38 18
127 1 3 449 1 3 1
128 1 1 453 256 2489 384
129 1 4 456 9 27 13
130 0 2 460 12 99 18
131 0 6 463 1 5 1
132 1 1 467 77680 965657 116520
133 1 3 468 1492 15757 2238
134 1 8 472 28 97 42
135 0 12 477 23 78 34
136 0 6 482 12 38 18
137 0 1 486 1 10 1
138 1 2 489 5 40 7
139 0 2 492 1 9 1
140 1 4 495 1 4 1
141 1 10 499 9 27 13
142 0 1 504 20 169 30
143 0 5 507 7 21 10
144 1 1 511 1 9 1
145 1 1 513 1 10 1
146 1 4 515 11 34 16
147 1 3 519 2 6 3
148 0 4 523 1 3 1
149 1 4 527 1 4 1
150 0 2 531 23703 281348 35554
151 1 4 534 1550 7448 2325
152 1 1 538 202 1942 303
153 1 1 540 6 48 9
154 1 2 542 11 90 16
155 0 14 545 1 3 1
156 0 6 550 273 1154 409
157 1 1 554 1 10 1
158 1 1 556 64 580 96
159 1 3 558 13 107 19
160 0 3 562 791 8116 1186
161 1 4 566 2 7 3
162 1 2 570 1 11 1
163 0 2 573 12 99 18
164 1 1 576 11 90 16
165 1 1 579 2002 21422 3003
166 1 1 582 1 9 1
167 0 11 585 1 4 1
168 0 3 590 10 81 15
169 1 7 594 61411 369942 92116
170 1 3 598 1 5 1
171 1 17 602 1 4 1
172 0 8 607 2 6 3
173 1 3 612 11 90 16
174 0 1 616 1 9 1
175 1 3 617 18243 102564 27364
176 1 3 621 57 211 85
177 1 5 625 29084 168005 43626
178 0 2 629 3 25 4
179 1 17 632 2 7 3
180 0 4 637 4 13 6
181 0 6 641 1681 8123 2521
182 1 2 645 1 12 1
183 1 2 648 11345 130708 17017
184 0 1 651 477 4780 715
185 0 7 653 1746 8459 2619
186 1 1 657 24 206 36
187 0 1 660 43 381 64
188 0 1 662 3 25 4
189 0 3 664 3 10 4
190 1 2 668 33 288 49
191 0 14 671 1 5 1
192 0 2 676 12 99 18
193 0 5 679 20 67 30
194 1 1 683 229 2215 343
195 0 2 685 939 9711 1408
196 1 1 688 1 9 1
197 1 4 691 128 509 192
198 1 6 695 1 3 1
199 1 3 699 1 11 1
200 1 3 703 4 33 6
201 1 1 707 1 9 1
202 1 5 710 6 18 9
203 1 5 714 391 1700 586
204 0 3 718 1528 16155 2292
205 1 2 722 2 17 3
206 1 4 725 1865 9076 2797
207 0 3 729 1 4 1
208 0 4 733 1 4 1
209 1 24 737 197 811 295
210 0 18 742 23013 131152 34519
211 0 2 747 105 976 157
212 1 3 750 18 59 27
213 1 2 754 18 152 27
214 0 1 757 3 25 4
215 0 9 760 66 247 99
216 0 3 765 4 33 6
217 1 2 768 145 1371 217
218 0 5 771 8 24 12
219 1 11 775 1 4 1
220 0 3 780 33109648 268410947 49664472
221 1 1 784 1 10 1
222 1 3 787 10 31 15
223 0 3 791 25 215 37
224 1 2 795 1 9 1
225 1 2 798 2 17 3
226 0 2 801 77 705 115
227 0 1 804 1 9 1
228 0 7 806 44 159 66
229 1 8 810 15 49 22
230 0 6 815 11 34 16
231 1 11 819 78 297 117
232 0 3 824 86 791 129
233 0 4 828 1 5 1
234 1 2 832 5 40 7
235 1 1 835 2 17 3
236 1 2 837 69 628 103
237 1 2 840 2 17 3
238 0 9 843 32 112 48
239 1 8 848 4128 21176 6192
240 1 6 853 716 3257 1074
241 0 2 857 1645062 22825752 2467593
242 1 3 860 343 1477 514
243 1 5 864 244 1023 366
244 0 3 868 4 12 6
245 1 11 872 1 4 1
246 1 10 877 177 723 265
247 0 12 882 15 49 22
248 0 3 887 10 31 15
249 1 1 891 1 10 1
250 1 1 893 3 25 4
251 0 3 896 1 3 1
252 0 1 900 1 10 1
253 1 12 902 345 1486 517
254 0 2 907 7 56 10
255 1 4 910 1 3 1
256 1 5 914 2 7 3
257 0 2 918 10607 121868 15910
258 0 2 921 1115 11622 1672
259 1 2 924 4 33 6
260 1 1 927 1 10 1
261 0 1 930 17 143 25
262 0 5 933 879 4059 1318
263 1 1 937 317 3115 475
264 1 4 939 64 239 96
265 0 1 943 1 9 1
266 1 3 945 86 792 129
267 0 12 949 2 7 3
268 0 3 954 1249 13086 1873
269 0 3 958 157 635 235
270 0 1 962 3807 41894 5710
271 1 8 963 4 12 6
272 0 9 968 5 15 7
273 1 12 973 847 3900 1270
274 1 2 978 1132 11807 1698
275 0 1 981 979 10144 1468
276 1 1 983 664 6758 996
277 0 12 986 8825 47493 13237
278 1 8 991 1 5 1
279 1 5 996 339 1458 508
280 0 14 1000 376 1630 564
281 1 1 1005 1 9 1
282 0 1 1007 1 10 1
283 0 6 1010 6488 34255 9732
284 1 22 1014 38 135 57
285 0 2 1019 1 8 1
286 0 1 1022 4 33 6
287 0 2 1024 3 25 4
288 1 1 1027 47 419 70
289 0 1 1029 1 10 1
290 1 2 1031 1 11 1
291 0 1 1034 1 11 1
292 0 2 1036 1 9 1
293 1 1 1039 1 9 1
294 0 2 1041 1 9 1
295 0 5 1044 1 4 1
296 0 4 1048 1 5 1
297 1 18 1052 1 4 1
298 0 1 1057 82 753 123
299 0 5 1059 48 175 72
300 1 1 1063 2678 29024 4017
301 1 1 1065 52 466 78
302 0 2 1068 16 134 24
303 0 2 1071 4 33 6
304 1 3 1074 2 17 3
305 0 3 1078 9714 111203 14571
306 1 2 1082 2 17 3
307 1 2 1085 1 9 1
308 1 3 1088 4 12 6
309 0 7 1092 85 326 127
310 0 8 1097 1 3 1
311 1 1 1102 1 9 1
312 0 1 1104 240 2327 360
313 0 2 1106 1 9 1
314 1 3 1109 440 4392 660
315 0 9 1113 1 5 1
316 1 4 1118 11 34 16
317 1 11 1122 1 6 1
318 1 5 1127 31 108 46
319 0 2 1131 1 9 1
320 1 1 1134 44 391 66
321 1 1 1136 22 188 33
322 0 3 1139 1 3 1
323 1 19 1143 1 3 1
324 1 3 1148 1 3 1
325 0 2 1152 15 125 22
326 1 1 1155 1 9 1
327 0 3 1158 2 6 3
328 1 8 1162 3 9 4
329 1 2 1167 1 9 1
330 1 1 1170 1 12 1
331 1 1 1173 1 9 1
332 1 2 1174 1 11 1
333 0 2 1177 1 11 1
334 0 2 1180 1 9 1
335 0 7 1183 1 4 1
336 1 1 1187 4 33 6
337 0 5 1189 1 5 1
338 0 2 1193 5 41 7
339 0 2 1196 1 8 1
340 0 1 1199 1 9 1
341 1 3 1202 5 15 7
342 0 3 1206 144 578 216
343 0 1 1210 1 11 1
344 0 2 1213 25 215 37
345 1 2 1216 1 10 1
346 1 19 1219 19 63 28
347 0 9 1224 3 10 4
348 1 2 1229 64 580 96
349 0 2 1232 3 25 4
350 0 4 1235 14641 81247 21961
351 0 2 1239 1 10 1
352 0 1 1242 1 9 1
353 0 4 1245 1 4 1
354 0 14 1249 1 3 1
355 1 7 1254 14487 80342 21730
356 1 4 1258 45 163 67
357 0 2 1262 9624 110131 14436
358 0 1 1265 1 9 1
359 1 7 1268 11 34 16
360 0 5 1273 1 4 1
361 1 12 1277 1 3 1
362 0 2 1282 3 25 4
363 1 5 1285 2 6 3
364 1 3 1289 74 281 111
365 0 3 1293 140 561 210
366 1 6 1297 39 139 58
367 0 6 1301 1 3 1
368 1 5 1305 4 12 6
369 0 7 1309 1 4 1
370 0 4 1313 1 3 1
371 0 3 1317 1 4 1
372 1 1 1321 1 9 1
373 0 1 1324 16 134 24
374 1 1 1327 33 288 49
375 1 2 1330 1 10 1
376 1 1 1333 1 12 1
377 1 6 1335 1 4 1
378 0 3 1339 1 3 1
379 1 2 1343 6 48 9
380 1 5 1346 2 6 3
381 0 8 1350 53 195 79
382 0 4 1355 115 453 172
383 1 1 1359 1 10 1
384 1 5 1361 742 3384 1113
385 0 6 1365 2 7 3
386 0 1 1369 31414 377061 47121
387 1 5 1372 1 4 1
388 1 5 1376 1 4 1
389 1 40 1380 40 143 60
390 1 1 1386 5 40 7
391 0 1 1387 18 152 27
392 1 2 1390 2 17 3
393 0 4 1393 1 5 1
394 0 3 1397 1 10 1
395 1 3 1401 3 10 4
396 0 2 1405 1 10 1
397 1 8 1408 14 45 21
398 1 1 1413 876840 11905461 1315260
399 0 2 1415 4 33 6
400 1 7 1418 46 167 69
401 1 6 1422 50 183 75
402 1 7 1426 5 15 7
403 1 1 1431 595 6025 892
404 0 13 1433 2749 13732 4123
405 0 2 1438 1 10 1
406 0 9 1441 4 12 6
407 0 4 1446 2 6 3
408 1 4 1450 8 24 12
409 0 12 1454 53 195 79
410 1 4 1459 1 5 1
411 0 3 1463 69648 422465 104472
412 0 3 1467 6354 33504 9531
413 0 3 1471 1 6 1
414 0 8 1475 1 4 1
415 1 1 1480 9357 106951 14035
416 0 5 1482 1 4 1
417 0 5 1486 3 9 4
418 0 1 1490 45 400 67
419 0 1 1493 24 206 36
420 0 11 1495 5 15 7
421 0 1 1500 45 400 67
422 1 3 1502 1 4 1
423 1 6 1506 1 5 1
424 0 4 1510 1 5 1
425 1 17 1514 1383 6594 2074
426 1 13 1519 1116 5241 1674
427 1 3 1524 9 27 13
428 1 2 1528 29 251 43
429 0 5 1531 1 3 1
430 0 2 1535 21 179 31
431 1 7 1538 33 116 49
432 1 1 1543 1 9 1
433 1 8 1546 1 4 1
434 1 1 1551 203 1952 304
435 1 4 1553 307 1310 460
436 0 1 1557 1 9 1
437 1 11 1558 104 406 156
438 0 2 1563 1 10 1
439 1 3 1566 1 4 1
440 0 4 1570 2379 11770 3568
441 0 7 1574 5 15 7
442 1 3 1578 173 705 259
443 1 2 1582 1628 17261 2442
444 0 12 1585 53967 322790 80950
445 0 1 1590 12 99 18
446 1 2 1592 1 11 1
447 1 2 1595 148922 1897129 223383
448 1 12 1598 65878 398383 98817
449 0 2 1603 1 9 1
450 1 7 1606 1 5 1
451 0 4 1610 1 5 1
452 1 7 1614 4 12 6
453 0 8 1618 1 5 1
454 1 15 1623 11 34 16
455 0 2 1628 1 9 1
456 0 12 1631 65 243 97
457 0 20 1636 536 2387 804
458 0 8 1641 381 1653 571
459 1 22 1646 1 3 1
460 0 2 1651 4 33 6
461 1 1 1654 18 152 27
462 0 2 1657 2 17 3
463 0 8 1660 30 104 45
464 1 3 1665 77 293 115
465 0 8 1669 5 15 7
466 0 6 1674 2454 12166 3681
467 0 1 1678 15 125 22
468 1 4 1680 1 4 1
469 1 6 1684 1 6 1
470 1 13 1688 4304 22139 6456
471 1 2 1693 1 11 1
472 1 2 1696 1 11 1
473 0 6 1699 4 13 6
474 1 3 1703 1 3 1
475 1 3 1707 260 1095 390
476 0 5 1711 214 887 321
477 1 1 1715 1 11 1
478 0 1 1717 1 9 1
479 0 21 1720 1 4 1
480 0 14 1725 1 4 1
481 1 1 1730 30 261 45
482 1 20 1733 1 4 1
483 0 3 1738 44 159 66
484 0 6 1742 1 4 1
485 1 1 1746 1 11 1
486 0 2 1748 20 170 30
487 0 5 1751 32395 188288 48592
488 0 1 1755 4 33 6
489 0 4 1758 3 10 4
490 0 2 1762 3 25 4
491 0 3 1765 1725 8350 2587
492 0 1 1769 327 3218 490
493 0 7 1771 1 3 1
494 0 8 1775 1 4 1
495 0 2 1780 6 48 9
496 0 1 1783 23 197 34
497 1 10 1784 5 15 7
498 1 4 1789 30719 178006 46078
499 0 1 1793 5 40 7
500 1 3 1795 1 4 1
501 1 4 1799 159 644 238
502 0 8 1803 7068 37518 10602
503 0 3 1808 6 18 9
504 1 8 1812 1 4 1
505 1 2 1817 2 17 3
506 0 6 1820 1094 5131 1641
507 1 1 1824 1627 17250 2440
508 1 1 1826 1 11 1
509 0 15 1829 68 256 102
510 0 2 1834 14 116 21
511 1 3 1837 33 116 49
512 0 7 1841 15 48 22
513 1 11 1845 1 5 1
514 1 25 1850 3 9 4
515 0 1 1855 12154 140424 18231
516 1 1 1858 1 8 1
517 1 14 1860 186 763 279
518 1 1 1865 2 17 3
519 0 1 1868 20 170 30
520 1 11 1871 4 12 6
521 1 20 1876 17 55 25
522 1 21 1881 1 3 1
523 0 5 1886 1 4 1
524 0 3 1890 151 609 226
525 1 1 1894 23 197 34
526 1 2 1896 2151 23090 3226
527 1 4 1899 22 74 33
528 0 54 1903 67 252 100
529 0 1 1909 1 9 1
530 1 4 1911 6845 36261 10267
531 1 14 1915 10718 58370 16077
532 1 3 1920 421 4194 631
533 0 1 1924 1 10 1
534 0 3 1926 23 78 34
535 0 2 1930 11 90 16
536 1 2 1933 3 25 4
537 1 3 1936 1 3 1
538 0 3 1940 1 4 1
539 1 2 1944 699 7131 1048
540 1 7 1947 1 4 1
541 1 3 1952 6 18 9
542 0 1 1956 9 73 13
543 1 2 1958 1 10 1
544 0 4 1961 1 4 1
545 1 1 1965 873 8998 1309
546 0 8 1967 1 4 1
547 0 8 1972 4 12 6
548 1 3 1977 1 4 1
549 1 4 1981 1 5 1
550 1 1 1985 2 17 3
551 1 6 1987 1 4 1
552 1 4 1991 1324 6293 1986
553 0 2 1995 22 188 33
554 0 1 1998 2 17 3
555 0 3 2001 1 8 1
556 0 2 2005 3 25 4
557 1 9 2008 25 85 37
558 0 1 2013 1 10 1
559 0 1 2016 536 5401 804
560 0 1 2018 89 820 133
561 1 47 2021 8 24 12
562 1 5 2027 1 4 1
563 0 7 2031 1 3 1
564 1 2 2035 528 5316 792
565 1 2 2038 1625 17228 2437
566 0 6 2041 1 3 1
567 0 1 2045 2 17 3
568 0 4 2048 3 10 4
569 0 4 2052 753 3438 1129
570 1 1 2056 31 270 46
571 0 3 2059 648 2926 972
572 1 2 2063 1 10 1
573 1 2 2066 16 134 24
574 1 2 2069 8531 97136 12796
575 1 3 2072 1 9 1
576 1 3 2076 1 3 1
577 0 2 2080 255 2479 382
578 1 2 2083 7 56 10
579 1 3 2086 1 4 1
580 1 3 2090 63677 384357 95515
581 0 3 2094 843 3880 1264
582 1 23 2098 1 4 1
583 1 14 2103 130 517 195
584 1 3 2108 35 123 52
585 0 5 2112 156 631 234
586 1 2 2116 1 10 1
587 0 11 2119 124 492 186
588 1 1 2124 16 134 24
589 1 1 2125 1 8 1
590 0 2 2128 1 10 1
591 1 1 2131 16 134 24
592 0 1 2134 187 1791 280
593 0 4 2137 21 70 31
594 0 6 2141 1 4 1
595 0 1 2145 4 33 6
596 1 7 2147 1 5 1
597 0 1 2151 78 714 117
598 0 1 2154 1 9 1
599 0 3 2156 89 343 133
600 1 1 2160 9 72 13
601 1 3 2163 1 10 1
602 1 3 2167 1 4 1
603 0 3 2171 1 4 1
604 1 2 2175 3 25 4
605 0 4 2178 1 4 1
606 1 1 2182 1 9 1
607 1 1 2184 2 17 3
608 1 1 2186 1 9 1
609 0 14 2187 3 9 4
610 1 5 2192 36 127 54
611 1 3 2196 1 4 1
612 1 7 2200 7937 42435 11905
613 0 1 2205 2 17 3
614 1 5 2206 1 4 1
615 0 1 2210 1 10 1
616 0 2 2213 2 17 3
617 0 5 2216 5 15 7
618 0 5 2220 168 683 252
619 0 5 2224 3834 19574 5751
620 0 7 2228 4 13 6
621 1 2 2232 22 188 33
622 1 7 2235 15932 88857 23898
623 1 2 2239 5 40 7
624 1 4 2242 1596 7685 2394
625 1 5 2246 2027 9921 3040
626 1 3 2250 5 41 7
627 0 2 2254 1 12 1
628 1 6 2257 87201 535426 130801
629 0 10 2261 108 423 162
630 0 3 2266 20 67 30
631 1 1 2270 62 561 93
632 0 1 2273 52 466 78
633 1 4 2276 70 264 105
634 0 1 2280 1291 13546 1936
635 0 12 2283 61 227 91
636 0 6 2288 1 3 1
637 0 3 2292 75 285 112
638 1 1 2296 17 143 25
639 0 4 2298 1 3 1
640 1 2 2302 1594 16884 2391
641 1 3 2305 61 227 91
642 1 1 2309 1 9 1
643 1 1 2312 16 134 24
644 0 6 2314 23 78 34
645 0 2 2318 20 170 30
646 0 2 2321 1 9 1
647 1 3 2324 2112 10365 3168
648 0 7 2328 4 13 6
649 1 3 2332 139 556 208
650 1 2 2336 398 3954 597
651 1 2 2339 3 25 4
652 1 5 2342 591 2651 886
653 1 2 2346 2 17 3
654 0 2 2349 1 10 1
655 1 1 2352 2366 25504 3549
656 0 3 2354 45 400 67
657 1 6 2358 2 6 3
658 1 3 2362 183 749 274
659 1 2 2366 1 9 1
660 1 1 2369 5 40 7
661 1 5 2371 1 5 1
662 1 8 2375 868 4004 1302
663 1 1 2380 5 40 7
664 1 5 2382 3 9 4
665 1 1 2386 438 4371 657
666 1 8 2389 3 10 4
667 1 1 2394 14 116 21
668 1 6 2397 3 10 4
669 1 1 2401 19 161 28
670 0 5 2403 1 4 1
671 1 8 2407 453 1992 679
672 1 1 2412 28 242 42
673 1 2 2414 7 56 10
674 0 1 2417 462 4623 693
675 1 2 2420 982 10177 1473
676 1 2 2423 1 9 1
677 0 7 2426 14 45 21
678 1 10 2430 1 4 1
679 1 8 2435 2 6 3
680 1 2 2440 94 869 141
681 0 2 2443 3354 36708 5031
682 0 2 2446 50085 612220 75127
683 0 5 2449 1 5 1
684 0 1 2453 656 6673 984
685 1 2 2455 17 143 25
686 1 5 2458 1 4 1
687 1 10 2462 658 2975 987
688 1 9 2467 195 803 292
689 1 1 2472 3 25 4
690 1 4 2474 5840 30630 8760
691 1 2 2478 1 10 1
692 0 10 2481 1 4 1
693 0 3 2486 2 7 3
694 0 3 2490 111 1035 166
695 1 7 2494 157 635 235
696 1 4 2498 1 4 1
697 0 2 2502 5862 65706 8793
698 1 13 2505 1 4 1
699 1 1 2510 910 9397 1365
700 0 8 2513 1 4 1
701 0 3 2518 402 1752 603
702 1 1 2522 1 10 1
703 1 1 2524 39 344 58
704 1 3 2527 141 565 211
705 0 4 2531 24 81 36
706 0 4 2535 93 360 139
707 1 8 2539 2 6 3
708 0 1 2544 45 400 67
709 1 2 2547 5 40 7
710 0 1 2550 16 134 24
711 1 1 2553 1 10 1
712 0 6 2555 391 1700 586
713 1 8 2559 1 5 1
714 1 7 2564 9 27 13
715 0 1 2569 2168 23280 3252
716 1 1 2571 2 17 3
717 0 1 2573 1 9 1
718 0 6 2576 1 4 1
719 1 1 2580 2 17 3
720 0 5 2582 92 356 138
721 1 2 2586 428 4267 642
722 0 1 2589 1406 14809 2109
723 0 5 2591 1 4 1
724 1 12 2595 1 3 1
725 0 11 2600 18 59 27
726 0 1 2605 1 10 1
727 0 3 2607 2 17 3
728 0 6 2611 21 70 31
729 0 4 2615 53 195 79
730 0 2 2619 1 9 1
731 0 20 2622 4 12 6
732 0 2 2627 530 5337 795
733 1 2 2630 4 33 6
734 0 10 2633 1 4 1
735 1 5 2638 1 4 1
736 0 3 2642 790 3620 1185
737 1 1 2646 59 532 88
738 0 2 2649 19 161 28
739 1 1 2652 63 571 94
740 0 6 2655 8 24 12
741 0 3 2659 3170 34610 4755
742 0 2 2663 1 9 1
743 0 3 2666 20 67 30
744 1 1 2670 43 381 64
745 0 1 2672 1 11 1
746 1 5 2674 2902 14548 4353
747 1 1 2678 1404 14787 2106
748 1 3 2681 1 4 1
749 1 11 2685 1 4 1
750 1 2 2690 31 270 46
751 0 2 2693 1 11 1
752 1 7 2696 1075 5035 1612
753 1 1 2700 181 1730 271
754 0 1 2702 1 9 1
755 1 1 2704 1 9 1
756 0 5 2706 238 996 357
757 1 2 2710 4 33 6
758 1 2 2713 3 25 4
759 0 1 2716 1 10 1
760 0 6 2718 1 3 1
761 0 2 2722 1 9 1
762 0 2 2725 1 10 1
763 0 12 2728 1 4 1
764 0 7 2733 16 52 24
765 0 2 2737 28 242 42
766 1 1 2740 588 5951 882
767 0 26 2742 1 5 1
768 0 1 2747 1 11 1
769 0 2 2749 302 2961 453
770 0 8 2752 32 112 48
771 1 3 2757 192 789 288
772 1 4 2761 735 3350 1102
773 1 2 2765 1 11 1
774 0 6 2768 1 5 1
775 1 2 2772 1604 16995 2406
776 0 3 2775 1 11 1
777 1 8 2779 100 389 150
778 0 5 2784 1 3 1
779 1 4 2788 506824 3407317 760236
780 1 8 2792 92647 570724 138970
781 0 18 2797 1 5 1
782 1 3 2802 1 4 1
783 1 8 2806 298 1269 447
784 1 2 2811 215 2073 322
785 1 15 2814 1 4 1
786 0 8 2819 4 13 6
787 0 5 2824 19841 112100 29761
788 1 2 2828 9 72 13
789 0 1 2831 13 107 19
790 0 10 2832 2 7 3
791 0 3 2837 99888 617819 149832
792 1 1 2841 1 9 1
793 0 9 2843 23 78 34
794 0 2 2848 589 5961 883
795 0 7 2851 818 3757 1227
796 1 2 2856 1 9 1
797 0 3 2859 1 4 1
798 1 5 2863 1 4 1
799 0 4 2867 137 548 205
800 0 18 2871 340 1463 510
801 1 4 2876 264 1113 396
802 0 2 2880 1 10 1
803 0 2 2883 13 107 19
804 0 6 2886 90 347 135
805 0 1 2890 18 152 27
806 1 2 2892 8 64 12
807 1 3 2895 70087 425274 105130
808 0 2 2899 1 11 1
809 1 2 2902 3 25 4
810 1 3 2905 45 163 67
811 0 4 2909 1 3 1
812 0 2 2913 129 1212 193
813 0 3 2916 6 48 9
814 0 2 2920 9 72 13
815 1 1 2923 15 125 22
816 0 1 2925 1 9 1
817 1 1 2928 522 5253 783
818 0 1 2931 1 9 1
819 1 2 2934 7 56 10
820 0 6 2937 2 6 3
821 1 10 2941 1 4 1
822 0 6 2946 4 12 6
823 0 1 2950 2368 25527 3552
824 0 2 2953 31533 378546 47299
825 0 12 2956 2 7 3
826 0 1 2961 3 25 4
827 1 2 2964 83102 1035712 124653
828 0 12 2967 3 9 4
829 0 2 2972 1 9 1
830 1 1 2975 11914 137539 17871
831 1 1 2977 1 9 1
832 0 13 2980 336 1444 504
833 0 12 2985 20 66 30
834 0 1 2990 5 40 7
835 1 1 2993 17324 203062 25986
836 1 4 2996 1 4 1
837 1 2 3000 1 11 1
838 1 4 3003 2 7 3
839 1 1 3007 6 48 9
840 0 1 3009 1 10 1
841 0 3 3011 3502 17774 5253
842 1 1 3015 4402 48745 6603
843 1 4 3018 1 4 1
844 0 4 3022 12 38 18
845 1 2 3026 6 48 9
846 0 1 3029 331 3259 496
847 0 6 3031 1 3 1
848 0 2 3035 1 10 1
849 1 6 3038 5 15 7
850 0 3 3042 1 4 1
851 1 6 3046 719 3272 1078
852 0 1 3050 300 2940 450
853 0 3 3053 1 3 1
854 0 3 3057 684 3101 1026
855 1 1 3061 2 17 3
856 1 31 3063 6 18 9
857 0 1 3069 215 2073 322
858 0 1 3071 1 9 1
859 0 1 3073 841 8654 1261
860 1 11 3075 3 9 4
861 0 2 3080 1 9 1
862 0 8 3083 7049 37411 10573
863 0 1 3088 2145 23022 3217
864 1 5 3091 1 4 1
865 1 2 3095 1 9 1
866 0 12 3098 1 5 1
867 0 6 3103 1 4 1
868 1 1 3107 114 1065 171
869 1 3 3108 1 11 1
870 0 2 3112 1 10 1
871 1 2 3115 505 5074 757
872 1 13 3118 1991 9733 2986
873 1 2 3123 4 33 6
874 0 9 3126 70145 425644 105217
875 1 4 3131 1 3 1
876 1 2 3135 20 170 30
877 1 2 3138 44 391 66
878 0 2 3141 297 2909 445
879 0 3 3144 1 4 1
880 0 1 3148 1 8 1
881 0 2 3151 5 41 7
882 0 4 3154 32 112 48
883 1 2 3158 34 298 51
884 0 1 3161 224 2164 336
885 1 4 3163 1 4 1
886 1 2 3167 1675 17782 2512
887 0 4 3170 1 4 1
888 0 7 3174 5 15 7
889 0 4 3179 12 38 18
890 1 2 3183 21 179 31
891 1 1 3186 41 363 61
892 1 4 3189 1 3 1
893 1 2 3193 5 41 7
894 1 9 3196 1 3 1
895 0 1 3201 21 179 31
896 0 4 3203 14 45 21
897 1 2 3207 14 116 21
898 1 5 3210 1 4 1
899 0 2 3214 1 11 1
900 0 7 3217 14 45 21
901 0 2 3221 8 64 12
902 0 1 3224 2465 26619 3697
903 0 2 3226 1 9 1
904 0 1 3229 5 40 7
905 1 5 3231 176804 1126980 265206
906 0 1 3235 1 9 1
907 1 3 3237 16 52 24
908 0 2 3241 31 270 46
909 0 8 3244 4 12 6
910 1 2 3249 3924 43238 5886
911 1 4 3252 1 4 1
912 0 3 3256 1 13 1
913 1 1 3260 416 4141 624
914 0 1 3263 328 3228 492
915 1 1 3265 78 714 117
916 0 1 3267 1303 13678 1954
917 1 20 3269 23 78 34
918 0 4 3274 1 4 1
919 1 8 3278 2599 12934 3898
920 1 1 3283 103 957 154
921 0 12 3286 1 4 1
922 1 1 3291 1 9 1
923 1 17 3294 1 4 1
924 1 6 3299 1 4 1
925 1 3 3303 352 1518 528
926 0 2 3307 4530 50223 6795
927 1 1 3310 23 197 34
928 0 2 3313 9630 110202 14445
929 1 4 3316 464 2044 696
930 0 11 3320 1 3 1
931 1 2 3325 1 9 1
932 0 9 3328 1 3 1
933 0 7 3333 6 18 9
934 1 7 3338 69 260 103
935 0 4 3342 44 159 66
936 0 2 3346 1 9 1
937 0 1 3349 1 9 1
938 0 1 3351 1 9 1
939 0 1 3354 9 73 13
940 0 1 3356 168 1600 252
941 0 2 3357 4 33 6
942 1 12 3360 1 5 1
943 1 3 3365 1 5 1
944 1 12 3369 2 7 3
945 0 6 3374 113 444 169
946 0 1 3378 3025 32959 4537
947 0 3 3380 384 1667 576
948 0 1 3384 1 8 1
949 1 13 3387 42 151 63
950 0 5 3392 1 3 1
951 1 5 3396 249 1045 373
952 0 1 3400 1911 20407 2866
953 1 2 3403 37 325 55
954 1 2 3406 39 344 58
955 0 1 3409 28 242 42
956 1 3 3411 1 8 1
957 0 1 3415 4 33 6
958 0 9 3418 17 56 25
959 0 2 3423 14 116 21
960 0 3 3426 1637 17360 2455
961 1 4 3430 24 81 36
962 1 2 3434 10 81 15
963 1 2 3437 2 17 3
964 0 4 3440 6 18 9
965 1 5 3444 1 3 1
966 0 2 3448 139 1311 208
967 1 5 3451 1 5 1
968 0 2 3455 1 10 1
969 0 2 3458 111 1035 166
970 1 5 3461 44 159 66
971 1 6 3465 1 3 1
972 1 1 3469 1 9 1
973 1 3 3471 61031 367528 91546
974 0 1 3475 1 8 1
975 0 1 3478 3 25 4
976 1 3 3480 146 587 219
977 0 7 3484 10 31 15
978 0 5 3489 60298 362872 90447
979 0 6 3493 1 3 1
980 1 5 3497 41 147 61
981 0 4 3501 1 4 1
982 0 6 3505 7 21 10
983 1 1 3509 1 8 1
984 1 2 3511 1 9 1
985 0 1 3514 1 8 1
986 0 2 3516 1784 18992 2676
987 1 4 3519 421 1841 631
988 0 4 3523 1 4 1
989 1 2 3527 6 48 9
990 1 11 3530 1 4 1
991 1 7 3535 1 4 1
992 1 2 3540 1 11 1
993 0 1 3543 1 9 1
994 0 1 3545 12839 148672 19258
995 0 6 3547 3034 15255 4551
996 0 2 3551 187 1790 280
997 0 4 3554 2 7 3
998 1 4 3558 35 124 52
999 1 2 3562 3 25 4
1000 0 5 3565 56881 341210 85321
1001 0 2 3569 16 134 24
1002 0 3 3572 265 1118 397
1003 0 2 3576 275 2684 412
1004 0 2 3579 82 753 123
1005 1 3 3582 111 436 166
1006 0 5 3586 1 5 1
1007 0 2 3590 1 10 1
1008 0 2 3593 2913 31687 4369
1009 0 5 3596 1 5 1
1010 1 3 3600 1 4 1
1011 0 2 3604 129 1212 193
1012 0 2 3607 524 5274 786
