0 0 14 5 194 798 291
1 0 1 14 26 224 39
2 1 6 21 1 9 1
3 1 16 29 3 9 4
4 0 1 38 1 9 1
5 1 2 44 1 12 1
6 0 12 51 7851 41947 11776
7 0 4 60 27 233 40
8 1 3 68 6 48 9
9 0 4 76 1 12 1
10 1 25 84 2 6 3
11 1 6 93 1 9 1
12 0 2 101 1 9 1
13 1 2 108 7 56 10
14 0 7 115 1 4 1
15 1 1 123 1 11 1
16 0 3 128 1 9 1
17 0 4 136 21 179 31
18 0 5 144 1 9 1
19 1 10 152 3 10 4
20 0 16 161 1 6 1
21 1 3 170 5 41 7
22 0 3 178 1 13 1
23 0 4 186 1 9 1
24 1 1 194 4733 52572 7099
25 0 12 200 34 120 51
26 1 11 209 1 5 1
27 0 2 218 2 17 3
28 0 10 225 316 1352 474
29 1 4 234 1 10 1
30 1 4 242 268 2612 402
31 1 3 250 1 11 1
32 0 3 258 19 161 28
33 1 3 266 20 170 30
34 0 2 274 1381 14534 2071
35 0 29 281 1 4 1
36 0 2 290 6 48 9
37 0 2 297 1 9 1
38 0 5 304 4 33 6
39 1 3 312 1 9 1
40 0 2 320 5 40 7
41 1 5 327 11600 133768 17400
42 1 2 335 1 10 1
43 1 4 342 5 40 7
44 0 1 350 6 48 9
45 1 10 356 3 9 4
46 0 1 365 1 10 1
47 0 1 371 560 5654 840
48 1 2 377 44 391 66
49 1 4 384 3501 38388 5251
50 0 3 392 134 1262 201
51 0 11 400 8 24 12
52 0 3 409 1 11 1
53 1 10 417 1 6 1
54 1 3 426 1 9 1
55 1 2 434 3 25 4
56 0 9 441 1 3 1
57 1 3 450 2 17 3
58 0 4 458 358 3539 537
59 1 23 466 1 4 1
60 0 1 475 2 17 3
61 1 1 481 1 11 1
62 0 8 487 4 12 6
63 0 10 495 944 4381 1416
64 0 5 504 161 1530 241
65 1 2 512 2760 29953 4140
66 0 1 519 12 99 18
67 1 1 524 51 456 76
68 1 2 530 1 9 1
69 1 2 537 847 8718 1270
70 0 1 544 1 10 1
71 0 3 550 111 1035 166
72 1 3 557 1 9 1
73 0 3 565 16671 195105 25006
74 1 1 573 1 9 1
75 0 2 577 1169 12211 1753
76 0 7 584 818 3757 1227
77 1 25 592 44 159 66
78 0 11 601 14 45 21
79 0 4 610 1 9 1
80 1 8 618 164 665 246
81 0 5 627 42 372 63
82 0 2 635 1067 11099 1600
83 1 5 642 326 3208 489
84 1 3 650 15 125 22
85 0 5 658 13 108 19
86 0 3 666 1 11 1
87 0 1 674 230 2225 345
88 1 15 680 1 5 1
89 0 6 689 3 25 4
90 0 2 697 15659 182797 23488
91 1 2 704 6 48 9
92 1 18 711 68 256 102
93 0 2 720 1 9 1
94 1 2 727 1 11 1
95 0 1 734 4 33 6
96 1 4 739 4943 55006 7414
97 0 2 747 1 9 1
98 0 6 754 7 56 10
99 1 2 762 10 81 15
100 0 3 769 1 9 1
101 1 2 777 39 344 58
102 0 4 784 29123 348519 43684
103 0 2 792 1 10 1
104 0 1 799 4 33 6
105 1 2 805 37 325 55
106 0 2 812 4 33 6
107 0 10 819 2 6 3
108 0 1 828 1 10 1
109 0 2 834 1 10 1
110 1 1 841 1 10 1
111 0 14 847 29 101 43
112 0 4 856 146 1381 219
113 0 27 864 1 3 1
114 0 2 873 2 17 3
115 0 19 880 1 5 1
116 0 12 889 1 5 1
117 1 18 898 1 3 1
118 0 2 907 6 48 9
119 1 2 914 1 9 1
120 1 1 921 35 307 52
121 1 1 927 2 17 3
122 1 23 934 12786 70379 19179
123 1 1 943 1 10 1
124 0 5 949 1 10 1
125 0 2 957 18 152 27
126 0 5 964 1 11 1
127 1 3 972 1 9 1
128 0 15 980 150 604 225
129 0 1 989 5478 61226 8217
130 1 1 995 11105 127831 16657
131 0 16 1001 350 1509 525
132 1 1 1010 35 307 52
133 0 18 1017 1 6 1
134 1 2 1026 484 4854 726
135 1 3 1033 159 1510 238
136 1 2 1041 1 9 1
137 1 7 1048 15 48 22
138 1 5 1056 49 438 73
139 0 3 1064 1 9 1
140 1 2 1072 2946 32062 4419
141 1 4 1079 3 25 4
142 1 3 1087 1 13 1
143 1 1 1095 1 9 1
144 0 8 1099 2407 11918 3610
145 1 2 1108 8 64 12
146 0 2 1115 1 10 1
147 0 3 1122 15 125 22
148 1 4 1130 4 33 6
149 1 1 1138 3 25 4
150 1 5 1144 1 10 1
151 1 11 1152 949318 6579418 1423977
152 0 4 1161 1 8 1
153 1 4 1169 41 362 61
154 0 6 1177 6 48 9
155 1 2 1185 12 99 18
156 0 1 1192 1 10 1
157 0 5 1198 20 170 30
158 0 3 1206 33 288 49
159 1 5 1214 79 724 118
160 0 5 1222 1 9 1
161 1 3 1230 13 107 19
162 0 3 1238 1 10 1
163 1 13 1246 1 3 1
164 1 1 1255 1 11 1
165 0 6 1261 1 4 1
166 0 2 1269 1 8 1
167 1 3 1276 2 17 3
168 0 6 1284 23 78 34
169 0 2 1292 9 73 13
170 0 4 1299 19 161 28
171 1 3 1307 181 1730 271
172 0 6 1315 751 3428 1126
173 0 1 1323 1 9 1
174 1 2 1329 1 10 1
175 1 2 1336 1 10 1
176 0 2 1343 1 10 1
177 1 2 1350 4 33 6
178 0 3 1357 121 1133 181
179 1 4 1364 1 8 1
180 1 1 1372 44664 543536 66996
181 0 2 1379 2 17 3
182 1 1 1386 1 11 1
183 0 1 1392 1 9 1
184 0 18 1399 1 4 1
185 1 12 1408 11 34 16
186 1 9 1417 1 3 1
187 1 2 1426 6 48 9
188 1 1 1433 6 48 9
189 0 7 1440 12 38 18
190 1 1 1448 1 9 1
191 1 3 1455 4673 51877 7009
192 0 3 1463 407 4048 610
193 1 3 1471 1 13 1
194 1 1 1479 2 17 3
195 1 3 1486 1 13 1
196 0 8 1494 3 9 4
197 1 2 1502 4387 48571 6580
198 1 6 1509 19 161 28
199 0 10 1517 5 15 7
200 0 6 1526 1 9 1
201 1 12 1534 3 9 4
202 1 3 1543 19 161 28
203 0 2 1551 1 11 1
204 0 7 1558 751 3428 1126
205 1 1 1566 65 589 97
206 1 5 1573 95 879 142
207 1 1 1581 1 9 1
208 1 6 1587 5 40 7
209 0 2 1595 34 297 51
210 1 2 1602 767 7859 1150
211 1 1 1609 4 32 6
212 1 13 1615 253 1063 379
213 0 2 1624 2 17 3
214 0 5 1631 127 1193 190
215 0 4 1639 47 419 70
216 1 4 1647 2 17 3
217 0 3 1655 2627 28448 3940
218 1 9 1663 14 45 21
219 1 5 1672 1 11 1
220 1 10 1680 9 27 13
221 1 1 1689 10 81 15
222 0 1 1695 1 9 1
223 1 2 1700 1 11 1
224 0 2 1707 1 9 1
225 1 1 1714 1 11 1
226 0 1 1720 1 10 1
227 1 4 1727 247 2398 370
228 1 5 1735 1693 17981 2539
229 0 5 1743 1 9 1
230 0 6 1751 1 3 1
231 1 3 1759 14928 173926 22392
232 0 4 1767 28 242 42
233 1 1 1775 1 11 1
234 0 1 1780 2 17 3
235 1 5 1786 960 9938 1440
236 1 2 1794 10 81 15
237 1 3 1801 2 17 3
238 1 4 1809 2 17 3
239 1 3 1817 1 9 1
240 1 9 1825 3 10 4
241 1 3 1834 380 3767 570
242 1 1 1841 1 10 1
243 1 2 1846 5 40 7
244 0 16 1853 144 578 216
245 0 3 1862 14 116 21
246 1 40 1870 1 4 1
247 1 1 1880 1 11 1
248 0 4 1887 3 25 4
249 0 1 1895 59 532 88
250 1 4 1900 903 9322 1354
251 1 2 1908 1 10 1
252 0 3 1915 1 11 1
253 0 3 1922 73 666 109
254 0 3 1930 1 10 1
255 1 3 1938 5 40 7
256 0 3 1946 5 40 7
257 0 1 1954 8 64 12
258 1 1 1961 26 224 39
259 1 4 1966 1 11 1
260 1 10 1974 18 59 27
261 0 4 1983 1 9 1
262 0 3 1991 1 11 1
263 1 5 1998 3 25 4
264 1 1 2006 1 11 1
265 1 2 2013 275 2684 412
266 0 2 2020 6137 68921 9205
267 0 6 2027 39 139 58
268 1 9 2035 5 15 7
269 1 1 2044 1 12 1
270 0 4 2050 1 12 1
271 0 1 2058 3686 40506 5529
272 1 1 2063 21 179 31
273 0 3 2069 1 10 1
274 0 1 2077 1 10 1
275 1 4 2083 7 56 10
276 0 1 2091 1 9 1
277 0 2 2097 269 2622 403
278 0 3 2104 1 9 1
279 0 1 2112 11574 133456 17361
280 1 1 2119 4 33 6
281 1 20 2125 3 9 4
282 0 3 2134 10 81 15
283 1 6 2141 45 400 67
284 0 1 2149 1 11 1
285 1 1 2156 5 41 7
286 1 1 2162 1 10 1
287 1 11 2168 128 509 192
288 0 3 2177 3 25 4
289 0 4 2185 3 25 4
290 1 4 2193 11 90 16
291 0 5 2201 7 56 10
292 1 1 2209 2 17 3
293 0 1 2215 2151 23090 3226
294 0 1 2221 51 457 76
295 0 1 2228 5 40 7
296 0 14 2234 38959 228820 58438
297 1 9 2243 2143 10528 3214
298 1 5 2252 5 41 7
299 1 2 2260 33 289 49
300 0 2 2267 264463 3440854 396694
301 1 4 2274 2 17 3
302 0 3 2282 19142 225275 28713
303 0 2 2290 12 99 18
304 0 3 2297 1 9 1
305 0 5 2304 8 64 12
306 0 1 2312 1 13 1
307 1 1 2317 1 9 1
308 0 4 2324 981 10166 1471
309 1 1 2332 46 409 69
310 1 2 2338 19 161 28
311 0 19 2345 7 21 10
312 1 5 2354 69297 857703 103945
313 1 10 2362 4 12 6
314 0 4 2371 3 25 4
315 0 1 2379 9 73 13
316 0 6 2385 2 17 3
317 1 3 2393 1977 21143 2965
318 0 1 2401 133 1252 199
319 1 2 2407 1 9 1
320 0 3 2414 1 9 1
321 1 4 2422 1 14 1
322 0 5 2430 12 98 18
323 1 1 2438 3939 43411 5908
324 0 11 2444 613 2757 919
325 1 9 2453 79 301 118
326 0 2 2462 27 233 40
327 0 4 2469 2 17 3
328 1 7 2477 241 1009 361
329 1 1 2485 325 3197 487
330 0 4 2491 1 9 1
331 0 2 2499 45 400 67
332 1 8 2506 89 343 133
333 0 3 2515 3 25 4
334 0 19 2523 413 1803 619
335 0 2 2532 8 64 12
336 0 2 2539 1 9 1
337 0 5 2546 257 2500 385
338 1 2 2554 3465 37977 5197
339 0 10 2561 6204 32663 9306
340 0 15 2570 124 491 186
341 0 2 2579 31 270 46
342 0 1 2586 61 551 91
343 0 17 2592 1 4 1
344 0 1 2601 2 17 3
345 0 1 2607 382 3787 573
346 1 5 2613 1 10 1
347 0 3 2621 5 41 7
348 1 4 2629 390 3871 585
349 1 2 2637 1092 11371 1638
350 1 2 2644 240 2326 360
351 0 2 2651 5 40 7
352 1 3 2658 284 2776 426
353 1 4 2666 3005 32732 4507
354 1 3 2674 13 108 19
355 0 2 2682 3 25 4
356 1 26 2689 2 7 3
357 1 1 2698 7056 79708 10584
358 0 2 2702 101458 1274063 152187
359 1 7 2709 1 4 1
360 1 1 2717 1 9 1
361 0 1 2723 2 17 3
362 1 1 2728 1 11 1
363 1 10 2734 1 3 1
364 1 9 2743 10 31 15
365 0 3 2752 1095 11404 1642
366 1 5 2760 12 99 18
367 0 2 2768 1 10 1
368 0 3 2775 2 17 3
369 0 2 2783 8 64 12
370 0 5 2790 348 3435 522
371 1 11 2798 1 4 1
372 0 2 2807 1 9 1
373 1 1 2814 285 2786 427
374 1 38 2819 54 199 81
375 1 2 2828 159 1510 238
376 1 6 2835 1 12 1
377 1 3 2843 1 11 1
378 0 6 2851 1 9 1
379 0 2 2859 151 1430 226
380 1 8 2866 1 4 1
381 1 7 2875 12371 67960 18556
382 0 6 2883 1 8 1
383 1 16 2891 1 5 1
384 0 1 2900 108 1006 162
385 1 4 2905 459 4591 688
386 0 3 2913 2 17 3
387 1 1 2921 3 25 4
388 1 1 2928 2 17 3
389 1 3 2933 5 41 7
390 1 2 2941 1 9 1
391 1 2 2948 38 335 57
392 0 4 2955 98 908 147
393 1 1 2963 1 13 1
394 1 2 2968 1 9 1
395 0 3 2975 1 12 1
396 0 1 2983 4 33 6
397 0 1 2988 9 72 13
398 0 2 2994 183 1750 274
399 0 3 3001 263 2561 394
400 0 13 3008 1 3 1
401 0 3 3017 1 9 1
402 0 10 3024 2 7 3
403 1 1 3033 15 125 22
404 0 3 3039 3 25 4
405 0 3 3047 1 9 1
406 1 1 3055 13 108 19
407 0 2 3062 9 73 13
408 0 1 3069 346 3415 519
409 0 3 3073 4 33 6
410 1 2 3080 9 73 13
411 1 3 3087 3444 37736 5166
412 0 18 3095 1 3 1
413 0 2 3104 11 90 16
414 1 3 3111 2 17 3
415 0 1 3119 1 9 1
416 0 2 3126 1 11 1
417 1 6 3133 71 647 106
418 1 3 3141 13 107 19
419 1 3 3149 29 251 43
420 1 3 3157 5 41 7
421 1 1 3164 1 9 1
422 1 1 3171 27 233 40
423 1 2 3178 1640 17394 2460
424 0 12 3185 1 4 1
425 0 1 3194 3 25 4
426 1 8 3201 7 21 10
427 1 7 3210 1 4 1
428 0 1 3218 242683 3147615 364024
429 0 8 3225 3129 15764 4693
430 0 2 3234 1 9 1
431 1 2 3241 5 41 7
432 0 7 3248 10 31 15
433 1 2 3256 3 25 4
434 0 1 3263 3 25 4
435 0 4 3269 356 3518 534
436 0 1 3277 1 9 1
437 1 5 3282 1 9 1
438 0 1 3290 1 10 1
439 0 3 3296 95 879 142
440 0 1 3304 1 10 1
441 1 12 3311 1 4 1
442 1 5 3320 1 8 1
443 1 1 3328 23 197 34
444 1 2 3335 1483 15658 2224
445 0 2 3342 32 279 48
446 1 1 3349 15 125 22
447 1 2 3355 1 8 1
448 1 2 3362 6099 68477 9148
449 1 7 3369 18 59 27
450 1 4 3377 1 10 1
451 1 1 3385 6 48 9
452 1 7 3391 70 264 105
453 1 3 3399 1 10 1
454 0 2 3407 11550 133167 17325
455 1 2 3414 8811 100460 13216
456 0 1 3421 6 48 9
457 0 3 3427 12 98 18
458 0 2 3435 9 73 13
459 0 2 3442 19 161 28
460 0 53 3449 1 4 1
461 0 2 3459 1 9 1
462 0 1 3466 1 12 1
463 0 1 3470 67 609 100
464 0 1 3476 63 571 94
465 0 10 3483 98 381 147
466 1 1 3492 18 152 27
467 0 15 3497 1 4 1
468 1 3 3506 30 261 45
469 0 2 3514 5065 56422 7597
470 0 17 3521 5037 26172 7555
471 0 1 3530 1 10 1
472 1 2 3537 461 4612 691
473 0 3 3544 74 675 111
474 0 8 3552 223 928 334
475 1 4 3561 434680 5757670 652020
476 0 6 3569 503 5053 754
477 0 48 3577 2 7 3
478 0 4 3587 21943 259656 32914
479 0 3 3595 1 9 1
480 0 3 3603 22 188 33
481 0 1 3610 268 2612 402
