0 0 11 5 90 347 135
1 0 12 9 43 155 64
2 0 1 13 2326 25054 3489
3 0 2 16 1 9 1
4 1 2 19 1 9 1
5 1 4 22 1 8 1
6 1 7 26 1 4 1
7 1 4 30 470 4706 705
8 1 5 34 68 618 102
9 0 2 38 2 17 3
10 0 39 42 1 4 1
11 1 6 47 2 17 3
12 0 1 51 4 33 6
13 1 5 54 1 9 1
14 0 8 58 2 6 3
15 1 5 62 10 81 15
16 0 1 66 70 637 105
17 1 40 69 14 45 21
18 1 3 74 88 811 132
19 1 12 78 487 2153 730
20 0 20 82 1 5 1
21 1 2 87 2 17 3
22 0 1 91 152 1440 228
23 1 2 94 39 344 58
24 1 2 98 6 48 9
25 1 1 102 157 1490 235
26 0 12 105 1 4 1
27 1 19 109 1 4 1
28 0 5 114 1 10 1
29 1 3 118 20 170 30
30 0 1 122 7 56 10
31 0 2 125 4 33 6
32 1 3 128 3 25 4
33 0 1 132 1 9 1
34 0 5 135 3 25 4
35 0 4 139 1 9 1
36 0 8 143 36 128 54
37 1 2 147 1 11 1
38 0 1 151 10 81 15
39 0 19 154 19657 111000 29485
40 0 3 159 40491 490874 60736
41 1 47 163 27 93 40
42 1 4 168 733 7494 1099
43 0 12 172 718 3267 1077
44 1 4 176 1 11 1
45 1 11 180 99 385 148
46 1 2 184 853 8783 1279
47 0 6 188 437208 5792354 655812
48 1 3 192 581 5877 871
49 0 2 196 1 10 1
50 1 2 199 1 9 1
51 0 3 203 11916 137563 17874
52 0 2 207 6 48 9
53 1 2 210 1 10 1
54 0 5 213 1 9 1
55 1 2 217 257 2500 385
56 0 3 221 1 11 1
57 1 2 225 585 5919 877
58 0 8 229 1 5 1
59 0 8 233 89660 551350 134490
60 1 2 237 4 33 6
61 1 5 240 1 10 1
62 1 2 244 375 3715 562
63 1 1 247 19 161 28
64 0 3 250 1 11 1
65 0 2 254 27 233 40
66 1 3 257 27 233 40
67 0 7 261 3147 15861 4720
68 0 5 265 1 10 1
69 0 1 269 87 801 130
70 0 4 272 272 2653 408
71 0 2 276 1 11 1
72 0 3 280 7 56 10
73 0 2 284 3 25 4
74 1 3 288 1 10 1
75 1 9 292 14 45 21
76 1 1 296 1 10 1
77 0 2 299 6 48 9
78 0 5 303 1 9 1
79 1 3 307 8 64 12
80 0 2 311 2 17 3
81 0 1 315 29 252 43
82 0 6 318 735 7516 1102
83 1 2 322 1 10 1
84 0 2 326 1 9 1
85 1 5 330 13 108 19
86 0 3 334 3 25 4
87 1 39 338 773 3536 1159
88 0 8 343 1 6 1
89 0 2 347 1 9 1
90 0 9 351 192 789 288
91 0 3 355 1 12 1
92 1 13 359 8 24 12
93 1 3 363 1 9 1
94 0 7 367 3 9 4
95 0 1 371 7731 87667 11596
96 1 2 374 2196 23594 3294
97 1 4 377 8103 92066 12154
98 1 11 381 136 544 204
99 1 2 385 1 9 1
100 1 1 389 1 10 1
101 1 8 392 1 3 1
102 1 3 396 3 25 4
103 1 1 400 75 685 112
104 1 3 403 766 7848 1149
105 1 3 407 1 9 1
106 1 3 411 284 2776 426
107 1 4 415 417 4152 625
108 0 3 419 1 9 1
109 0 12 423 5 15 7
110 1 3 427 61436 756907 92154
111 1 2 431 455 4549 682
112 1 2 434 759 7773 1138
113 1 2 438 41 363 61
114 1 1 442 89 821 133
115 0 6 445 1 9 1
116 0 5 449 3 25 4
117 1 4 453 14 116 21
118 0 4 457 93 859 139
119 0 1 461 1 9 1
120 1 1 464 3159 34485 4738
121 1 4 467 1 10 1
122 0 1 471 1 10 1
123 0 1 474 6 48 9
124 1 2 477 1 9 1
125 1 2 480 118 1104 177
126 1 9 483 50 183 75
127 0 3 487 1 8 1
128 0 2 491 72 657 108
129 0 2 495 1 9 1
130 1 10 499 99 385 148
131 1 7 503 1 3 1
132 0 17 507 1228 5806 1842
133 1 1 512 18 152 27
134 0 1 515 1 10 1
135 0 2 518 1 9 1
136 0 1 522 12182 140761 18273
137 0 6 525 1 12 1
138 1 11 529 1740 8428 2610
139 0 1 533 2 17 3
140 0 2 536 568 5739 852
141 0 6 539 1 4 1
142 1 2 543 36807 444552 55210
143 0 4 547 2 17 3
144 0 6 551 279 1182 418
145 0 3 555 5 40 7
146 1 6 559 4163 45988 6244
147 1 1 563 6 48 9
148 0 1 566 3 25 4
149 1 7 569 9 27 13
150 0 2 573 1 11 1
151 1 7 576 1 3 1
152 1 6 580 1701 18070 2551
153 1 1 584 2 17 3
154 1 1 587 8456 96247 12684
155 0 6 590 2 17 3
156 0 1 594 141 1331 211
157 1 2 597 1 9 1
158 1 5 601 17838 209334 26757
159 0 4 605 29 251 43
160 1 3 609 1614 17106 2421
161 0 3 613 1 9 1
162 1 9 617 2284 11269 3426
163 1 9 621 1 4 1
164 0 1 625 25 215 37
165 1 3 628 1 9 1
166 1 14 632 4 12 6
167 1 1 636 1 11 1
168 1 2 639 1 9 1
169 0 5 642 73 666 109
170 0 2 646 83 762 124
171 1 3 650 398 3954 597
172 0 1 654 1 9 1
173 1 3 657 15 125 22
174 0 1 661 1 11 1
175 1 3 664 1 9 1
176 0 24 668 193 794 289
177 0 2 673 7895 89606 11842
178 1 5 677 1 9 1
179 0 3 681 6584 74160 9876
180 0 1 685 1 9 1
181 1 8 688 1 5 1
182 0 1 692 1 9 1
183 1 3 695 1 10 1
184 0 2 699 3 25 4
185 0 3 702 1 9 1
186 1 2 706 1 12 1
187 0 6 709 1 9 1
188 0 2 713 3000 32675 4500
189 1 3 716 1 12 1
190 1 1 720 14 116 21
191 0 9 723 79 301 118
192 1 1 727 1 11 1
193 0 1 730 1 8 1
194 0 1 733 1 10 1
195 1 4 736 8 64 12
196 0 2 740 965 9992 1447
197 1 4 743 40 353 60
198 1 2 747 6 48 9
199 0 10 751 1 4 1
200 1 3 755 1 9 1
201 1 4 759 336 3311 504
202 0 7 763 281 1191 421
203 1 2 767 9 73 13
204 0 2 770 179 1710 268
205 1 1 773 5052 56271 7578
206 1 11 776 1 3 1
207 1 2 780 1 9 1
208 0 5 784 1 10 1
209 0 3 788 3596 39475 5394
210 0 2 792 1016 10545 1524
211 0 2 796 97 898 145
212 1 3 799 1 8 1
213 1 2 803 1 11 1
214 0 3 806 17 143 25
215 0 5 810 1 10 1
216 1 4 814 13 107 19
217 1 5 818 1 11 1
218 0 4 822 2 17 3
219 1 11 826 2 7 3
220 0 3 830 1 9 1
221 0 3 834 5 40 7
222 1 3 838 1 11 1
223 1 3 842 1 9 1
224 1 2 846 1 11 1
225 0 1 850 1 8 1
226 1 5 853 333 3280 499
227 1 3 857 642 6524 963
228 1 7 861 59 219 88
229 0 3 865 745 7623 1117
230 0 1 869 30 261 45
231 0 2 872 6353 71451 9529
232 0 3 876 15 125 22
233 0 9 880 1 6 1
234 0 5 884 1 10 1
235 1 1 888 57 513 85
236 0 1 891 1 10 1
237 0 3 894 3 25 4
238 1 2 898 3 25 4
239 0 2 902 1 9 1
240 1 5 905 45 400 67
241 0 6 909 2 6 3
242 0 1 913 665 6769 997
243 0 1 916 1 9 1
244 1 4 919 226 2184 339
245 1 2 923 90 830 135
246 1 1 927 1 10 1
247 1 2 930 2 17 3
248 1 3 934 1 12 1
249 1 5 938 70 637 105
250 1 23 942 1 4 1
251 0 1 947 1 9 1
252 0 2 950 4 33 6
253 0 1 953 260 2531 390
254 0 2 956 23 197 34
255 0 6 960 1 3 1
256 1 3 964 948 9808 1422
257 0 5 968 2 17 3
258 1 5 972 718 7334 1077
259 1 10 976 3 10 4
260 0 14 980 1 3 1
261 0 3 984 13 107 19
262 0 14 988 1 4 1
263 0 14 992 607 2728 910
264 0 4 996 1 10 1
265 0 3 1000 520 5232 780
266 1 7 1004 16 52 24
267 0 12 1008 1 4 1
268 1 5 1012 1 10 1
269 1 3 1016 1 10 1
270 1 2 1020 7 56 10
271 1 2 1023 414 4121 621
272 1 2 1026 574 5802 861
273 1 1 1030 1 10 1
274 0 2 1033 1 9 1
275 0 2 1037 3 25 4
276 0 3 1040 3 25 4
277 0 3 1044 14 116 21
278 1 6 1048 62 561 93
279 1 2 1052 1 9 1
280 1 7 1056 1 3 1
281 1 1 1060 11 90 16
282 0 6 1063 167 679 250
283 1 3 1067 1 9 1
284 1 4 1071 155 1470 232
285 1 12 1075 22 74 33
286 0 1 1079 1 11 1
287 0 5 1082 1830 19504 2745
288 0 1 1086 20 170 30
289 1 4 1089 1 10 1
290 0 13 1093 1 4 1
291 0 1 1097 8 64 12
292 0 1 1100 365663 4813582 548494
293 1 2 1103 19 161 28
294 1 4 1106 2841 30870 4261
295 0 1 1110 1 11 1
296 1 6 1112 1 9 1
297 0 3 1116 313 3074 469
298 0 4 1120 89 821 133
299 0 3 1124 1 11 1
300 1 6 1128 71 647 106
301 0 5 1132 430 4288 645
302 0 1 1136 1 10 1
303 1 15 1139 189 776 283
304 0 12 1143 1 4 1
305 1 1 1147 1 13 1
306 1 3 1150 160 1520 240
307 1 1 1154 25069 298227 37603
308 1 2 1157 11 90 16
309 0 1 1160 3766 41424 5649
310 0 2 1163 11361 130900 17041
311 1 10 1166 1 3 1
312 1 1 1170 1 9 1
313 0 3 1173 56073 688411 84109
314 1 1 1177 1 9 1
315 0 3 1180 1 10 1
316 0 14 1184 1 4 1
317 1 2 1188 140146 1781304 210219
318 0 5 1192 2 17 3
319 0 2 1196 22 188 33
320 1 5 1199 3 25 4
321 1 2 1203 4 33 6
322 0 122 1207 1 4 1
323 0 1 1212 448 4476 672
324 0 2 1215 14 116 21
325 1 7 1219 5392 28138 8088
326 0 4 1223 1 9 1
327 1 4 1227 2 17 3
328 1 3 1231 92999 1164009 139498
329 0 1 1235 606 6141 909
330 0 1 1238 100 928 150
331 0 2 1240 1 10 1
332 0 2 1244 1 11 1
333 0 5 1248 6 48 9
334 1 10 1252 6 18 9
335 0 4 1256 1 9 1
336 1 9 1260 104 406 156
337 0 1 1264 608 6163 912
338 0 2 1267 1 9 1
339 1 7 1270 1 4 1
340 1 16 1274 2 7 3
341 0 2 1278 1 13 1
342 0 2 1282 1 9 1
343 1 6 1285 2 17 3
344 1 1 1289 1 9 1
345 0 2 1292 9 73 13
346 0 4 1296 2 17 3
347 0 2 1300 2954 32153 4431
348 1 2 1304 1 9 1
349 1 8 1308 1 4 1
350 0 13 1312 17 56 25
351 0 3 1316 4 33 6
352 0 2 1320 1 10 1
353 1 35 1324 145 582 217
354 1 1 1329 1 10 1
355 0 54 1331 1 4 1
356 0 2 1336 11 90 16
357 0 3 1340 4 33 6
358 0 1 1344 1 9 1
359 0 6 1346 1 9 1
360 1 2 1350 321 3156 481
361 0 4 1354 13 108 19
362 0 5 1358 1 9 1
363 0 2 1362 1 8 1
364 1 2 1365 7065 79814 10597
365 1 5 1369 3 25 4
366 0 2 1373 65 589 97
367 0 1 1376 11 90 16
368 1 2 1379 351 3466 526
369 1 1 1383 572 5781 858
370 0 5 1386 208 2002 312
371 1 2 1390 222 2144 333
372 1 3 1394 7 56 10
373 0 3 1398 3 25 4
374 0 2 1402 1 9 1
375 0 2 1406 3 25 4
376 1 3 1410 37 325 55
377 0 1 1414 2 17 3
378 1 2 1417 1 11 1
379 0 3 1420 43809 532730 65713
380 1 3 1424 4 33 6
381 1 2 1428 155 1470 232
382 0 1 1432 1 9 1
383 0 1 1434 23 197 34
384 1 5 1437 1 10 1
385 0 5 1441 44 390 66
386 1 3 1445 5 40 7
387 0 2 1449 47285 576707 70927
388 1 9 1453 1 4 1
389 0 8 1457 5 15 7
390 0 5 1461 36 316 54
391 1 1 1465 2 17 3
392 1 10 1467 2055 10067 3082
393 1 2 1471 304 2981 456
394 0 10 1474 82 313 123
395 1 6 1478 1 11 1
396 1 5 1482 2 17 3
397 0 2 1486 82998 1034367 124497
398 0 3 1490 161 1530 241
399 0 2 1494 2 17 3
400 0 25 1497 17 56 25
401 1 4 1502 2 17 3
402 0 9 1506 1 4 1
403 0 5 1510 4 33 6
404 0 2 1514 7 56 10
405 0 3 1518 17 143 25
406 1 2 1522 266 2592 399
407 1 5 1526 3 25 4
408 1 5 1530 59 532 88
409 0 3 1534 20 170 30
410 1 3 1538 273 2663 409
411 1 15 1542 1 3 1
412 0 13 1546 1 4 1
413 0 6 1550 41 363 61
414 1 2 1554 1 10 1
415 1 1 1558 1 11 1
416 0 4 1561 1 10 1
417 0 7 1565 10 31 15
418 0 3 1569 34 298 51
419 0 3 1573 19 160 28
420 1 8 1577 1 4 1
421 1 4 1581 221 2134 331
422 1 10 1585 1 3 1
423 1 3 1589 1 10 1
424 0 8 1593 3 9 4
425 0 1 1597 1 8 1
426 1 11 1600 2 7 3
427 1 1 1604 1 9 1
428 0 3 1606 1 10 1
429 1 1 1610 37 325 55
430 0 5 1613 280 2735 420
431 0 7 1617 1 3 1
432 0 1 1621 4091 45159 6136
433 0 7 1624 1 4 1
434 0 6 1628 27 233 40
435 0 2 1632 1 9 1
436 0 1 1636 1 10 1
437 1 1 1639 3 25 4
438 0 9 1642 150 604 225
439 0 1 1646 411 4090 616
440 0 5 1648 26 224 39
441 0 4 1652 1 11 1
442 0 1 1656 52 466 78
443 1 11 1659 1 3 1
444 1 7 1663 91 351 136
445 0 5 1667 37 325 55
446 0 1 1671 1 9 1
447 1 2 1674 931 9624 1396
448 1 23 1678 11 34 16
449 0 1 1683 7 56 10
450 1 8 1686 15 48 22
451 0 5 1690 1 8 1
452 0 2 1694 12 99 18
453 1 3 1697 24 206 36
454 0 1 1701 1 10 1
455 0 2 1704 1 9 1
456 0 1 1707 6695 75464 10042
457 0 2 1710 163 1550 244
458 1 2 1714 2240 24088 3360
459 0 2 1717 1615 17117 2422
460 1 2 1720 1 12 1
461 1 2 1723 1 11 1
462 1 1 1726 13 107 19
463 0 1 1729 2 17 3
464 0 1 1732 600 6078 900
465 0 1 1735 2 17 3
466 0 3 1737 1 11 1
467 1 35 1741 908 4202 1362
468 0 1 1746 34 298 51
469 1 8 1749 115 453 172
470 1 1 1753 1 9 1
471 1 6 1756 1 9 1
472 1 9 1760 5 15 7
473 1 4 1764 1 9 1
474 1 1 1768 2 17 3
475 1 7 1771 1 4 1
476 1 3 1775 3 25 4
477 0 2 1779 1 9 1
478 1 3 1783 14 116 21
479 1 1 1787 45583 555159 68374
480 0 10 1790 45 163 67
481 0 2 1794 621 6301 931
482 0 7 1798 70 264 105
483 1 2 1802 6429 72342 9643
484 1 3 1806 513 5158 769
485 0 2 1810 1 12 1
486 1 12 1814 1304 6191 1956
487 0 3 1818 1 9 1
488 0 1 1822 184 1760 276
489 1 7 1825 1 4 1
490 1 2 1829 1 9 1
491 1 2 1832 1 10 1
492 1 2 1836 8 64 12
493 1 5 1840 4542 50362 6813
494 1 9 1844 1 4 1
495 0 1 1848 2 17 3
496 0 3 1850 1202 12572 1803
497 0 2 1854 10 81 15
498 0 1 1858 3 25 4
499 0 4 1861 10 81 15
500 0 18 1865 38 135 57
501 1 11 1870 87 335 130
502 1 1 1874 235 2276 352
503 0 1 1877 86 792 129
504 1 2 1880 1 11 1
505 1 11 1883 252 1059 378
506 1 9 1887 1 4 1
507 1 3 1891 8 64 12
508 1 3 1895 162 1540 243
509 1 1 1899 20 170 30
510 0 1 1901 18 152 27
511 1 3 1904 80 734 120
512 1 1 1908 1 9 1
513 0 2 1911 1 9 1
514 0 1 1914 137 1291 205
515 1 5 1917 1148 11982 1722
516 0 7 1921 140 561 210
517 0 2 1925 1 9 1
518 0 4 1929 1 10 1
519 0 4 1933 1 11 1
520 0 9 1937 1 4 1
521 1 3 1941 1 11 1
522 0 1 1945 143 1351 214
523 1 2 1948 490 4917 735
524 0 5 1951 1 8 1
525 1 2 1955 53711 658319 80566
526 0 4 1958 15 125 22
527 0 6 1962 8231 93582 12346
528 0 4 1966 1 9 1
529 1 13 1970 3957 20244 5935
530 0 6 1974 1 9 1
531 0 8 1978 1 4 1
532 0 1 1982 46 409 69
533 1 1 1985 448 4476 672
534 0 7 1988 5 15 7
535 1 2 1992 3 25 4
536 0 1 1996 8994 102634 13491
537 0 4 1999 10 81 15
538 0 2 2003 1 9 1
539 1 4 2006 5 40 7
540 1 2 2010 67 608 100
541 1 9 2013 1 4 1
542 1 7 2017 1 3 1
543 1 3 2021 1 10 1
544 1 18 2025 18 59 27
545 1 1 2030 1894 20217 2841
546 1 1 2033 5 40 7
547 0 1 2035 1 9 1
548 1 2 2038 15 125 22
549 0 1 2041 1 10 1
550 1 3 2044 1 10 1
551 1 5 2048 3 25 4
552 1 2 2052 2 17 3
553 0 7 2055 239 1000 358
554 0 1 2059 3 25 4
555 1 5 2061 29 251 43
556 0 1 2065 7 56 10
557 0 2 2068 5 41 7
558 1 4 2071 6 48 9
559 0 2 2075 83 763 124
560 0 1 2078 2 17 3
561 1 3 2080 323 3177 484
562 1 2 2084 43 381 64
563 0 13 2088 4 12 6
564 0 1 2092 1678 17815 2517
565 0 12 2095 2 7 3
566 0 2 2099 299 2930 448
567 1 1 2102 1 10 1
568 0 9 2105 1217 5750 1825
569 0 1 2109 125 1173 187
570 0 1 2112 194 1861 291
571 0 1 2115 1 9 1
572 1 6 2118 6 48 9
573 0 4 2122 23372 277264 35058
574 0 2 2126 790 8105 1185
575 0 2 2129 1 10 1
576 1 14 2133 6537 34530 9805
577 0 1 2137 1 9 1
578 0 2 2140 1 11 1
579 1 2 2144 3 25 4
580 0 3 2148 2 17 3
581 1 3 2152 3 25 4
582 1 6 2156 17 56 25
583 1 1 2160 3 25 4
584 1 2 2163 71 647 106
585 0 14 2167 15 48 22
586 1 1 2171 1 10 1
587 1 4 2174 4 33 6
588 0 4 2178 11 90 16
589 1 2 2182 19 161 28
590 1 2 2186 147664 1880510 221496
591 1 1 2189 1 9 1
592 0 7 2192 310 1324 465
593 1 5 2196 4 33 6
594 0 1 2200 4484 49692 6726
595 0 1 2203 1097 11426 1645
596 0 3 2206 1 9 1
597 0 15 2210 1 3 1
598 1 4 2214 1 12 1
599 1 7 2218 53 195 79
600 0 4 2222 5 41 7
601 0 11 2226 247 1036 370
602 0 3 2230 154 1461 231
603 0 2 2234 62 561 93
604 1 1 2238 2823 30666 4234
605 0 6 2241 8 64 12
606 0 5 2245 433 4319 649
607 1 1 2249 1613 17095 2419
608 0 2 2251 3 25 4
609 0 1 2255 3 25 4
610 1 4 2258 204 1962 306
611 0 1 2262 11 90 16
612 0 2 2264 1 9 1
613 0 2 2268 68 618 102
614 1 3 2271 1 13 1
615 0 3 2275 14072 163560 21108
616 1 1 2279 441 4403 661
617 0 1 2282 1 10 1
618 1 1 2285 3 25 4
619 1 8 2288 1 3 1
620 1 2 2292 1 9 1
621 1 4 2295 145 1371 217
622 0 2 2299 1 9 1
623 1 5 2303 45 400 67
624 1 4 2307 6 48 9
625 1 6 2311 6 48 9
626 0 23 2315 2 7 3
627 1 1 2320 5 41 7
628 1 3 2323 41 363 61
629 1 1 2327 1 9 1
630 0 7 2330 2 7 3
631 1 3 2334 26 224 39
632 0 1 2338 2 17 3
633 1 3 2341 3 25 4
634 1 20 2345 51 187 76
635 0 2 2350 947 9798 1420
636 0 2 2354 2 17 3
637 0 1 2357 21002 248086 31503
638 1 1 2360 1 11 1
639 0 12 2363 197 812 295
640 0 1 2367 1 9 1
641 0 2 2370 2 17 3
642 1 4 2373 1 14 1
643 1 2 2377 1 9 1
644 0 1 2381 235 2276 352
645 0 1 2384 206 1982 309
646 1 12 2386 1 3 1
647 0 3 2390 11 90 16
648 1 6 2394 3 9 4
649 0 1 2398 1 11 1
650 0 1 2401 63 570 94
651 0 2 2404 10 81 15
652 0 2 2408 1 10 1
653 0 1 2412 2 17 3
654 0 5 2415 89 820 133
655 1 7 2419 1 4 1
656 0 2 2423 1 10 1
657 1 2 2427 514 5169 771
658 1 1 2430 24 206 36
659 0 6 2433 1 9 1
660 1 6 2437 218 2103 327
661 1 40 2441 1 4 1
662 1 3 2446 31 270 46
663 0 4 2450 615 6237 922
664 1 3 2454 1 10 1
665 1 4 2458 1211 12670 1816
666 0 1 2462 1 12 1
667 0 1 2465 1 13 1
668 0 2 2468 44 390 66
669 1 1 2471 15 125 22
670 0 3 2474 15 125 22
671 1 2 2478 204 1962 306
672 0 3 2482 9 72 13
673 0 2 2486 1 12 1
674 1 4 2489 18 152 27
675 1 2 2493 1 10 1
676 1 5 2496 1 9 1
677 0 5 2500 14092 163802 21138
678 0 2 2504 1 10 1
679 0 1 2508 416 4141 624
680 0 5 2511 13781277 205075370 20671915
681 1 15 2515 1 4 1
682 1 2 2519 935 9668 1402
683 1 3 2522 24587 292267 36880
684 1 12 2526 1 3 1
685 1 3 2530 11 90 16
686 0 2 2534 1 9 1
687 1 7 2538 1 3 1
688 1 4 2542 1 9 1
689 0 7 2546 137 548 205
690 1 2 2550 14425 167832 21637
691 0 1 2554 24 206 36
692 0 3 2557 1 11 1
693 0 16 2561 52 191 78
694 1 3 2566 2 17 3
695 0 6 2570 4 33 6
696 1 8 2574 77 293 115
697 0 3 2578 1 8 1
698 0 4 2582 1 9 1
699 0 1 2586 1 10 1
700 0 5 2589 1 8 1
701 0 1 2593 1 9 1
702 1 3 2596 996 10328 1494
703 1 45 2600 19 63 28
704 1 3 2605 1 11 1
705 0 1 2609 1 11 1
706 0 4 2612 722 7377 1083
707 1 1 2616 48 428 72
708 1 1 2619 1404 14787 2106
709 0 4 2622 5 40 7
710 0 1 2626 61579 758736 92368
711 0 3 2629 3 25 4
712 1 2 2633 98 908 147
713 0 5 2637 1 9 1
714 1 2 2641 3 25 4
715 0 2 2644 30 261 45
716 1 4 2648 2 17 3
717 0 28 2652 430 1883 645
718 0 2 2657 18 152 27
719 0 1 2660 113 1055 169
720 1 1 2663 39 344 58
721 1 18 2666 10 31 15
722 0 1 2671 2467 26642 3700
723 1 5 2674 1579 16718 2368
724 0 3 2678 1 9 1
725 1 2 2682 2889 31415 4333
726 1 26 2685 1 3 1
727 1 2 2690 1 10 1
728 1 2 2693 2 17 3
729 1 4 2696 1 9 1
730 0 2 2700 125 1173 187
731 0 3 2703 2 17 3
732 1 17 2707 5 15 7
733 0 1 2712 7 56 10
734 1 4 2715 1 9 1
735 1 3 2719 1 9 1
736 1 11 2723 158 639 237
737 1 5 2727 24 206 36
738 1 1 2731 1 9 1
739 0 7 2734 1 4 1
740 0 1 2738 429 4277 643
741 0 2 2741 21 179 31
742 1 7 2745 63 235 94
743 0 3 2749 30 261 45
744 0 2 2753 1 9 1
745 0 1 2756 73 666 109
746 0 7 2759 15 49 22
747 1 10 2763 72 272 108
748 1 2 2767 156 1480 234
749 0 3 2771 62 561 93
750 1 1 2775 1 11 1
751 1 3 2778 4657 51692 6985
752 1 2 2782 1 10 1
753 0 2 2786 40 353 60
754 1 6 2790 1 9 1
755 0 6 2794 594 6014 891
756 1 4 2798 2500 27014 3750
757 1 3 2802 167 1590 250
758 0 3 2806 1 9 1
759 1 1 2810 58 523 87
760 0 1 2813 4 33 6
761 1 2 2816 1708 18148 2562
762 1 1 2819 8 64 12
763 1 3 2822 1 11 1
764 1 2 2826 12 99 18
765 1 2 2830 332 3270 498
766 1 7 2833 25 85 37
767 1 8 2837 1 4 1
768 0 1 2841 1 9 1
769 1 2 2844 26 224 39
770 0 30 2848 1 3 1
771 1 4 2853 3 25 4
772 0 7 2857 18 59 27
773 0 2 2861 422 4204 633
774 1 3 2864 2 17 3
775 0 3 2868 305 2991 457
776 0 1 2872 17 143 25
777 1 9 2875 20 67 30
778 0 2 2879 1 9 1
779 0 5 2883 1 9 1
780 0 1 2887 3 25 4
781 1 2 2889 1 12 1
782 1 4 2893 944 9765 1416
783 0 11 2897 770 3521 1155
784 0 5 2901 1 11 1
785 1 1 2905 4 33 6
786 1 8 2908 1 6 1
787 0 2 2912 3 25 4
788 0 13 2915 5 15 7
789 0 5 2919 40146 486529 60219
790 0 17 2923 5 15 7
791 0 4 2928 425 4235 637
792 0 12 2932 36 128 54
793 1 1 2936 736 7527 1104
794 1 2 2939 2 17 3
795 0 8 2943 51 187 76
796 1 1 2947 17 143 25
797 1 9 2950 23 78 34
798 1 8 2954 315 1347 472
799 1 1 2958 49 438 73
800 0 9 2961 2963 14875 4444
801 1 6 2965 105 410 157
802 0 2 2969 1 9 1
803 0 1 2973 10 81 15
804 0 3 2976 58 523 87
805 0 2 2980 926 9571 1389
806 0 5 2983 1 11 1
807 1 2 2987 1 12 1
808 1 8 2991 136 543 204
809 1 4 2995 111 1035 166
810 1 3 2999 4 33 6
811 0 3 3003 4 33 6
812 1 2 3007 10960 126093 16440
813 1 2 3010 22508 266613 33762
814 0 15 3013 1 4 1
815 0 2 3017 2 17 3
816 0 7 3021 3 10 4
817 0 11 3025 7553 40258 11329
818 0 3 3029 1 10 1
819 1 6 3033 1 9 1
820 0 1 3037 3 25 4
821 0 2 3040 411 4090 616
822 0 6 3044 1 9 1
823 0 3 3048 11 90 16
824 0 1 3052 26 224 39
825 0 12 3055 1 4 1
826 0 28 3059 1 4 1
827 0 4 3064 1 9 1
828 1 9 3068 16 52 24
829 1 9 3072 508 2253 762
830 1 2 3076 3 25 4
831 0 6 3080 4395 48664 6592
832 0 5 3084 5 40 7
833 1 2 3088 1 10 1
834 0 2 3092 378 3746 567
835 1 8 3096 4 12 6
836 0 2 3100 1131 11796 1696
837 0 5 3104 1 11 1
838 0 2 3108 51230 626764 76845
839 0 1 3112 344 3394 516
840 0 4 3115 1 13 1
841 1 2 3119 1 10 1
842 0 3 3123 72 657 108
843 0 3 3127 1 9 1
844 0 15 3131 4 12 6
845 0 47 3135 17 56 25
846 1 1 3140 45 400 67
847 1 2 3143 5 40 7
848 0 2 3147 7 56 10
849 0 1 3151 436 4350 654
850 1 3 3154 2755 29896 4132
851 1 4 3158 3 25 4
852 0 1 3162 1 10 1
853 1 54 3165 1 4 1
854 1 2 3170 365 3611 547
855 1 6 3174 96 888 144
856 0 3 3178 476 4769 714
857 1 2 3182 1 11 1
858 1 24 3186 5 15 7
859 0 4 3191 1 12 1
860 0 1 3195 2 17 3
861 0 1 3198 58 523 87
862 0 5 3201 1 9 1
863 0 2 3205 1 10 1
864 1 3 3209 37 325 55
865 0 3 3213 8 64 12
866 0 2 3217 100 928 150
867 0 2 3221 1 9 1
868 0 15 3225 18 59 27
869 1 2 3229 1 9 1
870 1 7 3233 1 4 1
871 0 5 3237 874 9009 1311
872 1 5 3241 35 307 52
873 0 1 3245 6 48 9
874 1 2 3248 82 753 123
875 0 3 3251 1 9 1
876 0 5 3255 167 1590 250
877 1 2 3259 1 9 1
878 1 12 3263 2 7 3
879 0 5 3267 1 10 1
880 0 1 3271 5 40 7
881 0 6 3274 29644 355003 44466
882 0 4 3278 1 10 1
883 1 6 3282 7 56 10
884 1 6 3286 3060 33357 4590
885 0 7 3290 25 85 37
886 0 1 3294 2 17 3
887 0 8 3297 1 4 1
888 0 1 3301 5 40 7
889 0 2 3304 1 10 1
890 0 3 3308 109 1016 163
891 0 3 3312 3 25 4
892 1 1 3316 1375 14468 2062
893 0 2 3319 31559 378871 47338
894 1 1 3323 1 9 1
895 1 3 3326 1 10 1
896 0 2 3330 4 33 6
897 1 3 3334 26 224 39
898 1 2 3338 9 73 13
899 0 6 3341 181 1730 271
900 0 6 3345 97 898 145
901 0 1 3349 882 9096 1323
902 0 4 3352 1 9 1
903 1 1 3356 3 25 4
904 1 2 3359 1 9 1
905 1 1 3363 785 8052 1177
906 0 1 3366 3 25 4
907 1 2 3369 340 3353 510
908 1 2 3373 1 9 1
909 0 2 3377 4 32 6
910 1 4 3381 79 724 118
911 0 2 3385 2 17 3
912 1 3 3388 1 10 1
913 1 5 3392 1460 15405 2190
914 1 4 3396 308 3022 462
915 1 9 3400 24 82 36
916 1 1 3404 64 580 96
917 1 5 3407 1 10 1
918 1 41 3411 8441 45302 12661
919 1 2 3416 6 48 9
920 1 5 3420 206 1982 309
921 0 7 3424 440 1930 660
922 1 1 3428 1 9 1
923 1 2 3431 705 7195 1057
924 1 1 3435 26 224 39
925 1 1 3438 1 9 1
926 1 5 3441 3 25 4
927 0 5 3445 2 17 3
928 1 1 3449 15 125 22
929 0 10 3452 8 24 12
930 1 1 3456 341 3363 511
931 1 2 3459 5 41 7
932 0 1 3463 1389 14623 2083
933 1 2 3466 2 17 3
934 0 7 3469 1 4 1
935 0 2 3473 131 1232 196
936 1 2 3476 50 447 75
937 0 1 3480 1 10 1
938 0 1 3483 30 261 45
939 0 2 3486 27 233 40
940 1 1 3489 1 11 1
941 1 1 3492 1 8 1
942 0 3 3495 21 179 31
943 1 2 3499 13 107 19
944 0 7 3503 70 264 105
945 0 2 3507 1958 20931 2937
946 0 1 3511 1 10 1
947 1 11 3514 1 4 1
948 1 4 3518 7437 84197 11155
949 0 1 3522 1 13 1
950 0 2 3525 6 48 9
951 0 2 3528 2 17 3
952 0 7 3532 1676 8097 2514
953 1 2 3536 3 25 4
954 1 3 3540 5 40 7
955 0 1 3544 793 8137 1189
956 0 3 3547 406 4037 609
957 1 5 3551 57 513 85
958 1 2 3555 3000 32675 4500
959 0 1 3559 2 17 3
960 0 2 3562 30 261 45
961 0 7 3566 43 155 64
962 1 10 3570 5840 30630 8760
963 1 2 3574 1 10 1
964 0 11 3577 368 1593 552
965 1 5 3581 1 11 1
966 1 2 3585 6 48 9
967 1 1 3589 1 9 1
968 0 4 3592 44 390 66
969 0 1 3596 5 40 7
970 1 1 3599 1 10 1
971 1 1 3602 13 107 19
972 0 7 3605 12 38 18
973 1 5 3609 13450 156043 20175
