0 0 5 5 596 6035 894
1 0 91 13 5 15 7
2 0 73 26 1 4 1
3 0 9 38 1 3 1
4 0 1 47 1002 10393 1503
5 1 3 52 456 4560 684
6 0 6 59 1 8 1
7 0 4 68 1 11 1
8 1 1 76 669 6811 1003
9 1 1 81 1 9 1
10 0 2 84 1 10 1
11 0 2 90 1 10 1
12 0 3 96 1 9 1
13 0 5 104 11 90 16
14 0 2 112 1289 13524 1933
15 0 4 118 6197 69624 9295
16 1 5 126 3 25 4
17 1 5 134 837 8610 1255
18 1 14 142 162 657 243
19 1 2 152 106 986 159
20 1 2 159 5 40 7
21 0 2 166 6 48 9
22 1 3 173 2 17 3
23 1 1 180 2 17 3
24 0 1 185 8 64 12
25 0 2 191 26 224 39
26 0 16 197 331 1421 496
27 0 5 207 2 17 3
28 1 6 215 6 18 9
29 0 8 224 58 215 87
30 0 1 233 4 33 6
31 1 6 237 18 59 27
32 0 3 246 8 64 12
33 0 1 253 22 188 33
34 0 1 256 1 9 1
35 0 4 261 41 363 61
36 0 3 269 1 11 1
37 0 1 276 833 8567 1249
38 1 6 280 1 11 1
39 0 1 289 10 81 15
40 1 3 294 591 5982 886
41 1 1 301 46 409 69
42 1 8 304 5 15 7
43 1 2 313 1 10 1
44 0 4 319 517 5201 775
45 1 2 327 1 11 1
46 1 5 334 1 9 1
47 1 3 343 32 279 48
48 1 1 350 816 8385 1224
49 1 2 355 11479 132315 17218
50 1 3 361 1833 19537 2749
51 1 9 368 1 3 1
52 0 2 377 1 9 1
53 0 4 384 4707 52271 7060
54 0 9 392 63 235 94
55 0 2 401 13 107 19
56 0 2 407 14 116 21
57 0 2 414 1 9 1
58 0 1 421 208 2002 312
59 1 4 427 1 10 1
60 1 7 435 12505 68740 18757
61 0 1 444 1 10 1
62 0 4 448 1 9 1
63 0 2 456 3 25 4
64 1 1 462 105747 1329993 158620
65 0 2 466 11 90 16
66 1 2 473 1657 17582 2485
67 1 10 480 595 2670 892
68 1 2 489 3221 35191 4831
69 0 5 495 1744 18548 2616
70 0 8 503 1482 7100 2223
71 0 10 512 633 2854 949
72 0 2 522 605 6131 907
73 0 3 529 55 494 82
74 1 10 537 2 7 3
75 1 4 547 2 17 3
76 0 2 555 73 666 109
77 1 3 562 1 10 1
78 1 2 569 14 116 21
79 1 2 575 1 10 1
80 1 2 581 14 116 21
81 1 2 587 104 967 156
82 1 2 594 10 81 15
83 0 2 600 8 64 12
84 0 1 606 19 161 28
85 0 2 611 162 1540 243
86 1 1 617 1 9 1
87 0 11 620 48 175 72
88 0 1 630 53 475 79
89 0 9 635 5 15 7
90 1 7 644 1 3 1
91 0 7 653 2 7 3
92 0 2 662 1 10 1
93 1 6 668 1 11 1
94 1 2 677 55 494 82
95 0 8 684 15 48 22
96 1 2 693 1 11 1
97 0 1 700 8 64 12
98 1 1 704 1 9 1
99 0 2 708 1 9 1
100 0 2 714 36 316 54
101 1 1 720 4 33 6
102 0 8 724 1 4 1
103 0 14 733 58 215 87
104 1 2 743 25 215 37
105 0 1 750 125 1173 187
106 0 8 755 423 1850 634
107 1 2 764 11 90 16
108 0 13 770 21302 120856 31953
109 1 1 780 293 2868 439
110 1 14 785 42 151 63
111 1 13 795 466723 3124984 700084
112 1 27 805 1 3 1
113 0 1 816 613 6216 919
114 1 1 821 1 10 1
115 1 3 825 13 107 19
116 1 8 833 1 6 1
117 1 5 842 1 9 1
118 0 28 850 118 466 177
119 0 2 861 1 9 1
120 0 6 867 412 4100 618
121 1 12 876 130 518 195
122 1 1 886 37 326 55
123 1 1 890 1 11 1
124 0 4 895 67 609 100
125 1 4 903 53 475 79
126 1 1 911 4241 46887 6361
127 0 2 915 1 11 1
128 1 14 921 3469 17596 5203
129 1 1 931 16 134 24
130 1 5 936 391 3881 586
131 0 3 944 4 33 6
132 1 7 951 1 5 1
133 0 5 960 80324 999797 120486
134 0 1 968 12 99 18
135 0 4 972 1 10 1
136 1 7 980 4 12 6
137 0 2 989 5 40 7
138 0 2 995 13 107 19
139 0 1 1001 745 7623 1117
140 0 1 1006 2 17 3
141 0 3 1011 106 986 159
142 0 2 1018 3 25 4
143 1 2 1024 3 25 4
144 1 15 1031 16 52 24
145 1 1 1041 7012 79190 10518
146 0 1 1046 1 10 1
147 0 15 1049 319 1365 478
148 0 3 1059 164 1560 246
149 1 2 1066 2014 21556 3021
150 0 4 1073 33867 407709 50800
151 0 1 1081 138 1301 207
152 1 6 1086 61 552 91
153 0 3 1095 1 9 1
154 1 3 1102 229 2215 343
155 1 3 1110 1 9 1
156 1 2 1117 85361 1064949 128041
157 1 6 1123 910860 12383774 1366290
158 1 1 1132 75 685 112
159 0 2 1138 16 134 24
160 1 2 1144 1 10 1
161 0 5 1151 1 8 1
162 1 1 1159 1 9 1
163 0 1 1164 17 143 25
164 1 5 1170 1 9 1
165 1 29 1179 83 318 124
166 1 2 1190 1 11 1
167 1 4 1197 25 215 37
168 1 1 1205 10 81 15
169 0 3 1211 1 10 1
170 1 1 1218 12 99 18
171 1 3 1223 3553 38983 5329
172 1 3 1231 1 11 1
173 1 2 1238 75 686 112
174 0 3 1245 1 8 1
175 1 8 1252 3 10 4
176 1 13 1261 81 309 121
177 0 5 1271 35 307 52
178 0 2 1279 6 48 9
179 0 1 1286 218 2103 327
180 0 5 1291 1 9 1
181 1 1 1299 192 1841 288
182 0 7 1304 1 6 1
183 1 8 1313 6 18 9
184 1 1 1322 20716 244573 31074
185 1 1 1327 30353 363833 45529
186 0 3 1332 41 363 61
187 1 2 1339 3 25 4
188 1 5 1345 205 1972 307
189 0 2 1353 333 3280 499
190 0 2 1360 341 3363 511
191 0 2 1367 13 108 19
192 1 2 1373 77 705 115
193 1 2 1379 5 41 7
194 1 2 1386 12 98 18
195 1 7 1392 5 15 7
196 1 1 1401 1 9 1
197 1 5 1407 2 17 3
198 1 3 1415 29 251 43
199 0 3 1422 1 10 1
200 1 1 1429 1 9 1
201 1 2 1433 2 17 3
202 1 6 1439 542 5464 813
203 0 3 1448 1 9 1
204 0 10 1456 332 1425 498
205 0 2 1466 16 134 24
206 0 6 1473 556 2483 834
207 1 2 1482 1 10 1
208 1 5 1488 1 11 1
209 0 2 1497 1679802 23324386 2519703
210 1 3 1504 52793 646636 79189
211 0 8 1511 346 1490 519
212 0 3 1520 28 242 42
213 1 1 1527 474 4748 711
214 1 31 1533 2595 12913 3892
215 0 4 1544 2 17 3
216 0 5 1552 21 179 31
217 0 2 1560 9 72 13
218 1 2 1567 1185 12386 1777
219 0 67 1574 1 3 1
220 0 1 1586 2496 26969 3744
221 0 1 1590 34908 420741 52362
222 0 10 1595 15 48 22
223 1 5 1605 98 908 147
224 0 1 1613 7 56 10
225 0 9 1618 16758658 132079556 25137987
226 1 2 1627 1190 12440 1785
227 0 18 1633 2 7 3
228 1 11 1643 202 834 303
229 1 1 1653 73 666 109
230 0 1 1658 8 64 12
231 0 2 1663 30321 363434 45481
232 0 3 1669 7 56 10
233 0 1 1676 531 5348 796
234 0 1 1680 40 353 60
235 1 8 1682 3 10 4
236 0 6 1691 11 90 16
237 1 2 1700 8 64 12
238 1 4 1706 2 17 3
239 1 3 1714 1 11 1
240 0 2 1721 1 10 1
241 0 2 1728 25 215 37
242 0 1 1735 63 570 94
243 0 1 1737 51208 626484 76812
244 1 1 1743 5 40 7
245 0 5 1747 17 143 25
246 1 12 1755 1 4 1
247 0 12 1765 1 4 1
248 0 2 1775 1 9 1
249 1 2 1781 1 10 1
250 0 1 1787 4 32 6
251 1 2 1792 1 12 1
252 1 1 1799 1 10 1
253 1 3 1803 103 957 154
254 1 1 1811 12 99 18
255 0 19 1816 8 24 12
256 0 1 1827 135302 1717484 202953
257 1 5 1831 508 5106 762
258 1 9 1839 24 82 36
259 0 4 1848 1 9 1
260 0 2 1856 95 879 142
261 0 6 1863 71 268 106
262 1 8 1872 115 453 172
263 0 5 1881 1 8 1
264 0 7 1889 2973746 21734373 4460619
265 1 10 1898 18 59 27
266 0 7 1908 13 41 19
267 1 24 1917 3 9 4
268 1 1 1928 1 9 1
269 0 4 1933 2 17 3
270 0 6 1941 1 9 1
271 0 1 1950 8247 93771 12370
272 0 1 1954 2 17 3
273 1 2 1959 36 316 54
274 1 2 1966 4336 47983 6504
275 0 4 1972 1 14 1
276 1 3 1980 161 1530 241
277 0 3 1987 17 143 25
278 1 17 1994 11378 62190 17067
279 1 7 2004 454 1996 681
280 1 2 2013 1 11 1
281 1 2 2020 1 9 1
282 1 2 2027 5 40 7
283 0 1 2034 14 116 21
284 1 1 2039 3 25 4
285 0 3 2045 1 9 1
286 1 1 2053 4 33 6
287 0 2 2056 1 10 1
288 0 1 2063 256 2490 384
289 1 4 2069 1 9 1
290 1 2 2077 6 48 9
291 1 2 2084 2073 22216 3109
292 1 1 2091 16 134 24
293 0 1 2095 1 9 1
294 0 1 2100 96 889 144
295 1 1 2104 3 25 4
296 1 2 2108 6 48 9
297 0 1 2115 472 4727 708
298 1 3 2119 5 41 7
299 1 3 2126 1 9 1
300 0 1 2133 9 73 13
301 0 3 2138 37 325 55
302 1 1 2146 24 206 36
303 1 2 2151 1 8 1
304 0 3 2157 1 10 1
305 0 2 2164 686 6992 1029
306 1 3 2170 1 9 1
307 1 1 2177 1 10 1
308 0 1 2182 7 56 10
309 1 5 2187 784 8041 1176
310 0 1 2196 2 17 3
311 0 2 2199 114003 1437884 171004
312 1 3 2205 1 10 1
313 0 6 2212 1 9 1
314 0 6 2221 1 10 1
315 1 2 2230 1 9 1
316 1 3 2237 1 9 1
317 1 2 2244 1 9 1
318 1 4 2250 410 4079 615
319 0 1 2258 32297 388083 48445
320 1 4 2262 1 11 1
321 1 5 2270 11507 132651 17260
322 0 4 2278 1947 20808 2920
323 1 5 2286 74 676 111
324 1 3 2295 1 9 1
325 1 4 2302 5 40 7
326 1 14 2310 1 4 1
327 1 11 2320 20 67 30
328 0 6 2330 14 116 21
329 1 2 2339 1 11 1
330 0 1 2345 92 850 138
331 1 2 2348 99 918 148
332 1 5 2354 66 599 99
333 0 49 2362 1 5 1
334 0 2 2374 1 9 1
335 0 3 2381 2 17 3
336 1 2 2388 2 17 3
337 0 9 2395 1 4 1
338 1 1 2404 1 9 1
339 0 1 2409 13670 158700 20505
340 1 1 2415 1 9 1
341 0 5 2420 430 4288 645
342 0 3 2428 1 10 1
343 1 3 2435 41791 507259 62686
344 0 1 2442 9 73 13
345 0 1 2446 8 64 12
346 1 1 2451 23 197 34
347 0 9 2457 1 4 1
348 1 8 2466 1 4 1
349 0 4 2475 1215 12714 1822
350 0 3 2483 27 233 40
351 0 2 2491 1 9 1
352 0 7 2497 12853 70770 19279
353 0 1 2506 1 9 1
354 0 7 2511 27 93 40
355 1 10 2520 5 15 7
356 1 3 2530 1 11 1
357 1 3 2537 19 161 28
358 1 1 2544 1 10 1
359 1 2 2548 1 8 1
360 0 2 2555 1 9 1
361 1 2 2561 10 81 15
362 1 4 2568 7 56 10
363 1 3 2576 36 316 54
364 0 4 2583 90 830 135
365 1 1 2591 2 17 3
366 0 4 2595 11 90 16
367 0 10 2603 3 9 4
368 1 3 2613 11 90 16
369 0 8 2620 2 6 3
370 1 5 2629 24 206 36
371 0 21 2638 9 27 13
372 1 1 2649 1 11 1
373 0 5 2654 1 8 1
374 1 3 2662 19 161 28
375 0 1 2669 119 1114 178
376 0 2 2674 154 1460 231
377 0 9 2681 1 4 1
378 1 1 2690 1 9 1
379 0 4 2694 1 9 1
380 1 3 2702 1 9 1
381 1 1 2709 1 9 1
382 1 3 2714 1 10 1
383 0 14 2722 1 6 1
384 1 2 2732 1 10 1
385 1 1 2739 17 143 25
386 1 2 2742 1 10 1
387 1 10 2748 1556 7479 2334
388 1 5 2757 38 335 57
389 1 2 2765 75 685 112
390 0 1 2771 30 261 45
391 0 6 2773 11 90 16
392 1 4 2782 1 12 1
393 0 6 2790 1 9 1
394 0 1 2799 6 48 9
395 0 1 2804 1 10 1
396 1 3 2809 27794 332001 41691
397 1 1 2816 1 10 1
398 1 3 2821 144 1361 216
399 1 2 2828 4 33 6
400 1 8 2835 1 4 1
401 1 64 2844 43 155 64
402 1 5 2856 1 9 1
403 1 5 2864 12594 145720 18891
404 0 1 2872 1 9 1
405 1 1 2876 1 10 1
406 0 5 2880 1 9 1
407 0 4 2888 184 1761 276
408 0 5 2896 920 9505 1380
409 0 5 2904 7 56 10
410 1 2 2912 1 10 1
411 0 2 2919 1 9 1
412 0 28 2926 11 34 16
413 1 8 2937 1 3 1
414 1 3 2946 3090 33699 4635
415 0 2 2954 2047 21925 3070
416 0 1 2961 63 570 94
417 0 2 2967 14 116 21
418 1 12 2974 1201 5670 1801
419 0 3 2984 2 17 3
420 1 7 2991 1 4 1
421 0 2 3000 1 10 1
422 0 2 3007 1 10 1
423 0 12 3013 1 3 1
424 1 3 3023 1 9 1
425 0 4 3030 2 17 3
426 1 1 3038 10 81 15
427 0 1 3044 74 676 111
428 0 2 3050 1 11 1
429 0 4 3057 2 17 3
430 0 8 3065 7 21 10
431 1 4 3074 70 637 105
432 0 3 3082 33 289 49
433 1 6 3090 717 7323 1075
434 1 1 3099 6 48 9
435 0 14 3104 1 5 1
436 1 7 3114 1 3 1
437 0 13 3123 1 5 1
438 0 9 3133 1 4 1
439 1 1 3142 240 2327 360
440 1 3 3146 56 504 84
441 0 2 3154 353 3487 529
442 1 4 3160 1 10 1
443 1 1 3168 1 9 1
444 0 3 3174 4 33 6
445 0 2 3182 1235 12932 1852
446 0 1 3189 1 11 1
447 0 2 3193 1 10 1
448 1 2 3199 34 297 51
449 0 6 3206 231690 2999955 347535
450 0 4 3215 2 17 3
451 0 2 3223 1 9 1
452 1 2 3229 1035 10751 1552
453 1 9 3235 95 368 142
454 0 2 3244 2 17 3
455 0 3 3250 1 8 1
456 0 1 3258 8 64 12
457 1 4 3262 30 261 45
458 1 5 3270 1 10 1
459 0 3 3278 11 90 16
460 1 7 3285 1 4 1
461 1 4 3294 135 1272 202
462 1 12 3302 2 6 3
463 0 3 3312 15 125 22
464 0 11 3319 1 4 1
465 0 12 3329 691357 4718987 1037035
466 1 3 3339 75 685 112
467 1 1 3346 63 570 94
468 1 1 3349 48 428 72
469 1 5 3354 2 17 3
470 0 9 3362 10 31 15
471 0 1 3371 1 10 1
472 0 1 3375 1 10 1
473 1 10 3378 1 4 1
474 1 1 3388 4 33 6
475 0 1 3393 271 2643 406
476 0 2 3398 1 8 1
477 0 13 3404 1 4 1
478 0 2 3414 1 11 1
479 1 18 3420 1 4 1
480 1 19 3430 63 235 94
481 1 5 3441 1 9 1
482 1 1 3449 3 25 4
483 1 2 3452 1 9 1
484 1 5 3459 51 456 76
485 0 3 3467 7 56 10
486 1 2 3475 97 899 145
487 0 1 3481 2 17 3
488 1 2 3485 1 12 1
489 1 6 3491 170 1620 255
490 0 5 3500 1 9 1
491 0 6 3509 2 17 3
492 0 7 3518 57 211 85
493 0 5 3527 5948 66711 8922
494 0 3 3535 1 9 1
495 1 3 3542 159390 2035603 239085
496 1 28 3549 45 163 67
497 0 4 3560 1138 11873 1707
498 1 8 3568 2 7 3
499 0 2 3577 1 11 1
500 1 4 3584 28 242 42
501 0 2 3592 4 33 6
502 1 2 3598 4 33 6
503 1 1 3604 77 705 115
504 1 13 3609 4 12 6
