0 1 1 5 9507 108737 14260
1 0 1 10 282 2755 423
2 1 2 16 5 41 7
3 1 2 23 345 3404 517
4 1 3 30 50902 303472 76353
5 0 1 38 1 9 1
6 1 2 44 79 724 118
7 0 3 51 30 104 45
8 0 1 59 164 1560 246
9 1 2 65 26873 320571 40309
10 1 2 72 1 11 1
11 1 2 79 3 25 4
12 1 5 86 4 12 6
13 1 3 94 485 2144 727
14 0 3 102 4 12 6
15 0 1 110 485 4864 727
16 1 3 116 4 12 6
17 1 1 124 4 32 6
18 1 8 130 1 5 1
19 1 7 139 1 5 1
20 1 20 147 50 183 75
21 0 7 156 1 5 1
22 1 3 164 1 4 1
23 1 3 172 1 3 1
24 0 2 180 739311 9978473 1108966
25 0 5 187 1 3 1
26 0 6 195 3 9 4
27 1 5 203 1 5 1
28 0 2 211 1 9 1
29 1 3 218 1 4 1
30 1 3 226 1412 6742 2118
31 0 5 234 1 4 1
32 0 5 242 1 3 1
33 0 5 250 1 5 1
34 1 2 258 2 17 3
35 1 4 265 21 70 31
36 0 3 273 1 4 1
37 1 4 281 1517 7279 2275
38 0 10 289 1 4 1
39 1 2 298 2 17 3
40 0 4 305 14 45 21
41 1 2 313 1 9 1
42 0 8 320 15837 88295 23755
43 1 4 328 5 15 7
44 0 2 336 1 9 1
45 0 13 343 3582 18207 5373
46 0 45 352 290 1232 435
47 1 2 362 1 13 1
48 1 1 369 1 8 1
49 0 5 374 1 5 1
50 0 2 382 2 17 3
51 0 3 389 1 5 1
52 0 16 397 1 3 1
53 0 1 406 20 169 30
54 0 4 412 4 12 6
55 1 2 420 1 9 1
56 1 3 427 9 72 13
57 0 3 434 1 3 1
58 0 39 442 36 128 54
59 0 7 452 109 427 163
60 0 3 460 1 3 1
61 0 5 468 1 6 1
62 0 3 476 11 34 16
63 0 4 484 7 21 10
64 0 11 492 143 574 214
65 0 2 501 1 11 1
66 0 1 508 1 9 1
67 1 4 513 2 7 3
68 1 4 521 2 7 3
69 0 14 529 1 7 1
70 0 3 538 49 437 73
71 0 17 545 20281 114733 30421
72 0 2 554 1 12 1
73 1 1 561 1 11 1
74 0 7 567 334 1435 501
75 0 1 575 922 9527 1383
76 0 3 580 9 27 13
77 1 4 588 2 7 3
78 1 1 596 1 10 1
79 0 1 602 476 4769 714
80 0 1 608 1 10 1
81 0 3 612 1 9 1
82 1 2 620 1 10 1
83 0 4 627 6 18 9
84 0 8 635 6 18 9
85 1 4 643 3 10 4
86 0 3 651 5 15 7
87 1 3 659 3 9 4
88 1 3 667 211 2032 316
89 1 2 674 14 116 21
90 0 3 681 52 191 78
91 1 3 689 114906 716036 172359
92 0 2 697 223 2154 334
93 0 2 704 1 9 1
94 1 2 711 1 10 1
95 0 20 718 5826 30552 8739
96 1 5 727 1 3 1
97 1 2 735 11 90 16
98 0 5 742 42 151 63
99 1 4 750 26 89 39
100 1 7 758 1 3 1
101 1 3 766 118 466 177
102 0 3 774 1 4 1
103 0 30 782 866 3994 1299
104 0 5 791 1 3 1
105 0 14 799 23 78 34
106 1 1 808 1 11 1
107 0 2 814 70 637 105
108 0 3 821 146 1381 219
109 0 2 828 1 10 1
110 1 1 835 1395 14689 2092
111 0 5 841 3326 16824 4989
112 1 4 849 1 4 1
113 0 2 857 1558 16486 2337
114 0 16 864 1 4 1
115 0 2 873 3095 33756 4642
116 0 1 880 1 9 1
117 0 1 886 1 10 1
118 0 80 893 1 4 1
119 1 6 903 869 4009 1303
120 0 6 911 1 5 1
121 0 1 919 1 9 1
122 0 2 926 2 17 3
123 0 1 933 8 64 12
124 0 111 939 6 18 9
125 0 1 949 7 56 10
126 0 4 956 7 21 10
127 1 2 964 209 2013 313
128 0 10 971 8 24 12
129 1 2 980 8 64 12
130 1 5 987 5 15 7
131 0 2 995 1 11 1
132 1 2 1002 4 33 6
133 0 5 1009 129 513 193
134 0 2 1017 441313 5848690 661969
135 0 2 1024 1 9 1
136 0 1 1031 1 10 1
137 0 1 1036 24 206 36
138 0 6 1043 1 4 1
139 0 35 1051 141 565 211
140 1 4 1060 1 4 1
141 1 2 1068 46 409 69
142 0 4 1075 16226 90595 24339
143 1 2 1083 1 9 1
144 1 4 1090 1 6 1
145 0 6 1098 1 3 1
146 1 1 1106 1 10 1
147 1 29 1112 37 131 55
148 0 4 1121 3327 16830 4990
149 0 2 1129 415 4131 622
150 1 1 1136 8898 101493 13347
151 0 1 1142 1 9 1
152 0 5 1148 11 34 16
153 0 4 1156 3 10 4
154 0 28 1164 3013034 22034613 4519551
155 0 3 1173 4191 46311 6286
156 1 19 1180 8 24 12
157 1 4 1189 687 3116 1030
158 1 3 1197 1 3 1
159 0 1 1205 5 41 7
160 1 1 1211 209 2012 313
161 1 2 1217 3 25 4
162 1 3 1224 1 4 1
163 1 5 1232 14 45 21
164 1 3 1240 18 59 27
165 1 1 1248 5 40 7
166 0 2 1254 73 666 109
167 1 3 1261 5 15 7
168 0 7 1269 103 402 154
169 0 19 1277 7 21 10
170 0 7 1286 1 4 1
171 1 2 1294 9 73 13
172 0 6 1301 1522 7305 2283
173 1 2 1309 113 1055 169
174 0 4 1316 3842 19618 5763
175 1 1 1324 9 73 13
176 1 7 1329 6 18 9
177 0 2 1337 1 10 1
178 1 119 1344 873 4029 1309
179 1 1 1354 15 125 22
180 0 2 1361 1 11 1
181 0 3 1368 3596 18283 5394
182 0 3 1376 916 4242 1374
183 1 3 1384 1 5 1
184 1 7 1392 18160 102070 27240
185 1 2 1400 6 48 9
186 1 2 1407 2 17 3
187 1 2 1414 6 48 9
188 1 2 1421 166371 2128132 249556
189 1 3 1428 200 825 300
190 0 2 1436 1 10 1
191 0 14 1443 1 3 1
192 0 1 1452 5027 55981 7540
193 1 10 1459 106 415 159
194 1 3 1468 2 17 3
195 0 3 1475 184 1760 276
196 0 3 1482 1 9 1
197 1 1 1490 23 197 34
198 0 1 1496 1 9 1
199 0 1 1501 13 108 19
200 0 15 1503 3 10 4
201 0 4 1512 46327 274752 69490
202 0 1 1520 1 9 1
203 0 4 1526 24 82 36
204 0 10 1534 59 219 88
205 0 2 1543 50 447 75
206 0 1 1550 18 152 27
207 1 4 1555 4 12 6
208 0 1 1563 1 9 1
209 1 3 1568 1 3 1
210 0 1 1576 58 523 87
211 0 3 1582 11 90 16
212 1 7 1590 36 127 54
213 1 3 1598 5 40 7
214 1 1 1605 3 25 4
215 1 7 1610 2 6 3
216 1 2 1618 22 188 33
217 0 2 1625 1 10 1
218 1 13 1632 3 10 4
219 0 2 1641 2 17 3
220 1 1 1648 1 9 1
221 0 3 1655 1 9 1
222 0 3 1662 12 38 18
223 1 9 1670 5 15 7
224 0 1 1679 760 7784 1140
225 1 2 1685 1 8 1
226 1 5 1692 489 2163 733
227 0 17 1700 1 4 1
228 0 4 1709 1 5 1
229 0 2 1717 4 33 6
230 1 2 1724 30 261 45
231 1 4 1731 10 31 15
232 1 2 1739 9 72 13
233 0 3 1746 5 15 7
234 1 20 1754 1 4 1
235 1 3 1763 1 4 1
236 0 1 1771 117 1094 175
237 0 5 1777 2 6 3
238 0 2 1785 1 10 1
239 0 3 1792 5 41 7
240 0 25 1799 9693 52465 14539
241 1 9 1808 1 4 1
242 1 7 1817 5 15 7
243 1 4 1825 4 12 6
244 1 26 1833 41 147 61
245 1 2 1842 51 457 76
246 1 2 1849 52 466 78
247 0 2 1856 398 3954 597
248 0 4 1863 1678 8107 2517
249 0 1 1871 1 9 1
250 1 9 1877 10 31 15
251 1 2 1886 11322 130432 16983
252 0 12 1893 3927 20080 5890
253 0 2 1902 13981 162459 20971
254 1 3 1909 628 2829 942
255 1 2 1917 1 11 1
256 0 8 1924 617 2776 925
257 0 2 1933 19 161 28
258 1 1 1940 1 9 1
259 1 1 1946 1 9 1
260 0 1 1953 11 90 16
261 0 5 1959 4 12 6
262 1 7 1967 1 5 1
263 0 5 1975 148 595 222
264 1 1 1983 22 187 33
265 1 2 1988 1 9 1
266 0 1 1995 8 64 12
267 0 3 2000 15 48 22
268 1 5 2008 3 10 4
269 1 11 2016 5 15 7
270 1 2 2025 22 188 33
271 0 7 2032 516 2291 774
272 1 5 2040 3888 19868 5832
273 0 10 2048 3 10 4
274 1 6 2057 1 3 1
275 1 5 2065 555 2478 832
276 0 1 2073 1 10 1
277 1 5 2079 1 4 1
278 0 1 2087 1 8 1
279 0 4 2094 73 276 109
280 0 1 2102 1 9 1
281 0 6 2108 1 4 1
282 1 2 2116 1518 16044 2277
283 1 4 2123 1 3 1
284 0 5 2131 1 4 1
285 0 3 2139 2474 12272 3711
286 1 1 2147 784 8041 1176
287 1 2 2152 1 9 1
288 0 1 2159 1 13 1
289 1 11 2166 1992 9738 2988
290 0 36 2175 1 3 1
291 0 4 2184 1 4 1
292 1 5 2192 1 3 1
293 1 6 2200 861 3969 1291
294 0 1 2208 178 1700 267
295 0 4 2214 173 705 259
296 0 8 2222 1 5 1
297 1 3 2230 181 740 271
298 1 2 2238 211 2033 316
299 1 3 2245 1 3 1
300 1 1 2253 3877 42698 5815
301 0 12 2259 1 5 1
302 1 5 2268 3 10 4
303 0 15 2276 2 6 3
304 0 1 2285 4 32 6
305 0 1 2292 5587 62497 8380
306 0 6 2298 28 97 42
307 1 12 2306 4286 22040 6429
308 0 2 2315 15 125 22
309 0 1 2322 1 10 1
310 1 10 2328 613 2757 919
311 1 1 2337 1 10 1
312 0 2 2342 1 8 1
313 1 4 2349 391 1700 586
314 0 3 2357 1 11 1
315 0 2 2364 1 10 1
316 0 2 2371 1 12 1
317 0 2 2378 1 9 1
318 1 2 2385 1 9 1
319 0 4 2392 82750 506661 124125
320 1 6 2400 15861 88437 23791
321 0 1 2408 7494 84870 11241
322 1 1 2414 447 4465 670
323 0 2 2420 412 4100 618
324 0 7 2427 1 3 1
325 0 5 2435 624 2810 936
326 0 1 2443 42 372 63
327 1 8 2449 33 116 49
328 0 5 2458 3 10 4
329 1 2 2466 3 25 4
330 1 2 2473 5 41 7
331 0 10 2480 1 3 1
332 1 1 2489 28 242 42
333 0 20 2495 2 7 3
334 0 2 2504 1 10 1
335 1 1 2511 160 1520 240
336 0 15 2516 1 4 1
337 1 4 2525 186 763 279
338 0 2 2533 3 25 4
339 0 1 2540 1 11 1
340 0 1 2546 1 10 1
341 1 3 2553 36 128 54
342 1 4 2561 138 552 207
343 1 1 2569 4 33 6
344 0 1 2576 206 1982 309
345 0 1 2581 1 9 1
346 1 4 2587 41297 243349 61945
347 1 4 2595 29 101 43
348 0 6 2603 1 4 1
349 0 1 2611 234 2266 351
350 1 5 2617 20 67 30
351 1 7 2625 19 63 28
352 0 1 2633 1 9 1
353 0 4 2640 69 260 103
354 1 1 2648 84 772 126
355 1 1 2654 1 10 1
356 0 4 2660 3574 18164 5361
357 0 2 2668 1 10 1
358 1 1 2675 1 10 1
359 1 4 2682 1 4 1
360 1 3 2690 1 4 1
361 1 3 2698 3 25 4
362 0 68 2705 7 21 10
363 0 1 2715 5 41 7
364 0 4 2720 149 600 223
365 0 6 2728 1 4 1
366 0 4 2736 25 85 37
367 1 1 2744 1 13 1
368 0 2 2751 272 2653 408
369 0 2 2758 1 8 1
370 1 5 2765 1261 5973 1891
371 1 2 2773 39 344 58
372 1 1 2780 1063 11056 1594
373 1 5 2786 66868 404700 100302
374 1 2 2794 85 782 127
375 0 4 2801 27 93 40
376 1 2 2809 1 8 1
377 0 1 2816 3 25 4
378 0 7 2821 430 1883 645
379 0 8 2829 11 34 16
380 1 3 2838 2 7 3
381 1 2 2846 407 4048 610
382 0 2 2853 1 9 1
383 1 1 2860 9 72 13
384 1 2 2867 5 41 7
385 1 8 2874 78790 481135 118185
386 0 2 2883 3009 32778 4513
387 0 4 2890 1 3 1
388 1 4 2898 164 666 246
389 0 1 2906 135 1272 202
390 1 4 2912 59 219 88
391 1 4 2920 14 45 21
392 1 4 2928 4 12 6
393 1 3 2936 1 3 1
394 1 9 2944 42380 250094 63570
395 1 15 2953 1 5 1
396 1 1 2962 18896 222264 28344
397 0 10 2967 1 3 1
398 1 3 2976 22 74 33
399 0 2 2984 11 90 16
400 0 2 2991 6 48 9
401 1 2 2998 8 64 12
402 0 1 3005 1 11 1
403 1 16 3011 2 7 3
404 1 2 3020 1 9 1
405 1 2 3027 14 116 21
406 0 11 3034 1312 6232 1968
407 0 10 3043 17 56 25
408 0 4 3052 40 143 60
409 1 1 3060 4191 46311 6286
410 1 1 3067 5 40 7
411 0 1 3073 1 10 1
412 1 1 3080 1 10 1
413 1 48 3087 1 5 1
414 0 9 3097 1 5 1
415 0 6 3106 115 453 172
416 1 3 3114 1 3 1
417 1 13 3122 130 517 195
418 0 1 3131 10450 119990 15675
419 0 8 3138 1 4 1
420 1 5 3146 2 6 3
421 1 2 3154 1 9 1
422 1 6 3161 1 4 1
423 1 2 3169 905 9343 1357
424 0 3 3176 1 3 1
425 1 6 3184 1 3 1
426 1 6 3192 14 45 21
427 1 2 3200 3 25 4
428 1 1 3207 413 4110 619
429 0 3 3213 2 6 3
430 0 2 3221 1 9 1
431 0 5 3228 1 4 1
432 1 2 3236 1 9 1
433 1 3 3243 1 9 1
434 1 17 3250 1199 5659 1798
435 1 1 3259 1 9 1
436 0 5 3264 1 5 1
437 0 2 3272 1 12 1
438 1 1 3279 1 9 1
439 0 1 3285 233 2255 349
440 1 1 3291 42 372 63
441 0 7 3297 42 151 63
442 1 1 3305 1 10 1
443 0 5 3309 5 15 7
444 0 8 3317 17 56 25
445 0 1 3325 1 9 1
446 0 4 3331 1 5 1
447 1 31 3339 1 3 1
448 1 4 3348 34 120 51
449 1 1 3356 13 107 19
450 1 7 3361 103 402 154
451 1 2 3369 20622 243419 30933
452 0 5 3376 33 116 49
453 1 1 3384 2 17 3
454 0 2 3389 1 9 1
455 1 6 3396 10 31 15
456 0 2 3404 394 3913 591
457 1 4 3411 1 4 1
458 1 5 3419 545720 3682171 818580
459 1 4 3427 1 4 1
460 1 10 3435 21 70 31
461 1 4 3444 134 535 201
462 0 4 3452 9 27 13
463 1 29 3460 1 4 1
464 1 2 3469 12 99 18
465 1 6 3476 8 24 12
466 0 3 3484 10 81 15
467 0 3 3492 15 48 22
468 0 1 3500 18 152 27
469 1 3 3504 18 59 27
470 0 11 3512 16 52 24
471 0 8 3521 271 1145 406
472 1 18 3530 13 41 19
473 0 1 3539 4 33 6
474 0 1 3544 7741 87786 11611
475 0 4 3550 2 6 3
476 1 1 3558 1 9 1
477 1 2 3565 4 33 6
478 1 2 3572 9 73 13
479 0 2 3579 10 81 15
480 0 1 3586 6 48 9
481 0 2 3592 122 1143 183
482 0 12 3599 79 301 118
483 1 4 3608 1 5 1
