0 0 14 5 1 3 1
1 1 2 9 14 116 21
2 1 3 13 2 17 3
3 0 1 17 1897 20250 2845
4 0 1 20 114 1065 171
5 0 4 23 2 17 3
6 1 1 27 83 763 124
7 1 1 30 52 466 78
8 1 1 33 2625 28425 3937
9 0 2 36 35 307 52
10 0 3 40 1 10 1
11 0 4 44 1 11 1
12 1 1 48 3860 42503 5790
13 0 3 51 3 25 4
14 1 3 55 1 12 1
15 1 3 59 1 11 1
16 1 3 63 10 81 15
17 0 2 67 129750 1644437 194625
18 1 17 71 1 3 1
19 1 3 76 6 48 9
20 0 28 80 1 3 1
21 0 4 85 28779 344241 43168
22 0 3 89 211 2032 316
23 0 2 93 55 494 82
24 1 1 97 9 73 13
25 0 2 100 969 10036 1453
26 0 3 103 1 9 1
27 1 1 107 57 513 85
28 0 7 110 294240 1925163 441360
29 0 1 114 379 3757 568
30 0 2 117 1 13 1
31 1 3 121 601 6088 901
32 1 3 125 3 25 4
33 0 3 129 1 8 1
34 1 17 133 1147 5397 1720
35 1 12 138 3 10 4
36 0 19 142 16 52 24
37 0 9 147 142 569 213
38 0 5 151 38 335 57
39 1 10 155 132 526 198
40 0 1 159 1 10 1
41 1 3 162 212 2043 318
42 0 2 166 1960 20953 2940
43 0 1 170 1 10 1
44 0 2 173 6 48 9
45 1 1 176 144 1361 216
46 1 1 179 12 99 18
47 1 45 182 419 1832 628
48 1 5 187 759 7773 1138
49 0 2 191 1976 21132 2964
50 1 2 195 1132 11807 1698
51 1 4 199 1 10 1
52 1 3 203 17 143 25
53 1 1 207 8 64 12
54 1 2 210 324 3187 486
55 1 1 214 1 9 1
56 0 3 217 5 41 7
57 1 1 221 43 381 64
58 1 2 223 1 13 1
59 1 2 227 2 17 3
60 1 2 231 7 56 10
61 1 4 235 6 48 9
62 1 1 239 1 9 1
63 0 2 241 1 9 1
64 0 1 245 1 9 1
65 0 4 248 2064 22115 3096
66 1 4 252 1 9 1
67 1 1 256 1 9 1
68 0 4 259 3 25 4
69 0 3 263 147 1391 220
70 0 5 267 77 705 115
71 0 24 271 35 123 52
72 0 2 276 1 12 1
73 0 47 280 651 2941 976
74 0 1 285 109 1016 163
75 0 1 288 14 116 21
76 0 6 290 2459 26552 3688
77 1 5 294 203 1952 304
78 0 4 298 75 685 112
79 1 2 302 1120 11677 1680
80 1 4 305 6 48 9
81 0 1 309 1 12 1
82 0 5 311 270 2632 405
83 0 5 315 1 9 1
84 1 4 319 2 17 3
85 1 1 323 1 9 1
86 1 1 326 1 9 1
87 0 2 329 10 81 15
88 1 4 332 2 17 3
89 0 2 336 382 3788 573
90 1 2 340 2269 24413 3403
91 1 22 343 3 10 4
92 1 1 348 1 10 1
93 0 2 351 3 25 4
94 0 5 355 669 6811 1003
95 0 19 359 1 5 1
96 0 2 364 35339 426141 53008
97 0 2 367 1 9 1
98 1 2 371 1 13 1
99 1 1 375 3 25 4
100 1 3 378 38 335 57
101 1 4 382 8 64 12
102 0 2 386 1 10 1
103 0 5 389 217 2093 325
104 0 4 393 1 8 1
105 0 8 397 11203 61176 16804
106 1 15 401 153 617 229
107 1 2 405 1 9 1
108 1 4 409 254 2469 381
109 0 1 413 1 9 1
110 1 1 416 31 270 46
111 0 3 419 16 134 24
112 1 7 423 1 5 1
113 0 3 427 104187 1309640 156280
114 1 2 431 1 10 1
115 1 4 435 1 10 1
116 1 2 439 1 9 1
117 0 3 443 547 5517 820
118 1 3 447 10 81 15
119 0 3 451 633 6428 949
120 1 13 455 1 4 1
121 1 1 459 19 161 28
122 0 1 462 1 10 1
123 0 3 465 1 9 1
124 1 5 469 1 9 1
125 0 2 473 833 8568 1249
126 1 3 476 4822 53603 7233
127 1 2 480 1 10 1
128 1 1 483 36 316 54
129 1 6 486 1 12 1
130 0 1 490 2 17 3
131 0 5 493 1 9 1
132 0 1 497 1897 20250 2845
133 1 2 500 33 289 49
134 1 3 503 4 33 6
135 0 2 507 2 17 3
136 0 7 511 1 5 1
137 1 1 515 1 10 1
138 0 4 518 68 618 102
139 0 4 522 21 179 31
140 0 1 526 5 41 7
141 0 22 529 118 466 177
142 0 7 534 1 4 1
143 0 1 538 1 10 1
144 1 4 541 20 170 30
145 0 1 545 5 41 7
146 0 3 548 3440 37691 5160
147 1 1 552 3 25 4
148 1 11 555 1 5 1
149 0 2 559 2 17 3
150 1 7 563 1 4 1
151 0 4 567 44 391 66
152 0 4 571 3 25 4
153 1 1 575 1 9 1
154 0 2 578 1 9 1
155 1 4 582 35 307 52
156 0 3 586 1 10 1
157 0 4 590 5 41 7
158 1 6 594 7 56 10
159 1 8 598 1556 7479 2334
160 0 1 602 124 1163 186
161 0 2 605 56 504 84
162 1 4 609 1 9 1
163 1 14 613 3647 18559 5470
164 0 4 617 508 5106 762
165 0 3 621 1 10 1
166 0 1 625 1 10 1
167 0 2 628 167 1590 250
168 0 3 631 2595 28086 3892
169 1 1 635 60 542 90
170 1 4 638 2 17 3
171 1 4 642 1 9 1
172 1 1 646 164 1560 246
173 0 5 649 61 551 91
174 1 1 653 115 1075 172
175 0 3 656 1 11 1
176 0 6 660 1 9 1
177 0 3 664 1 9 1
178 1 8 668 60 223 90
179 1 2 672 1 9 1
180 1 3 676 1 9 1
181 0 9 680 1 3 1
182 0 9 684 47 171 70
183 1 2 688 2 17 3
184 1 6 691 2 17 3
185 0 3 695 108 1006 162
186 1 3 699 2 17 3
187 0 1 703 1 12 1
188 0 28 706 11 34 16
189 0 1 711 1 11 1
190 0 1 714 1 9 1
191 1 2 717 1526 16133 2289
192 1 4 720 176 1680 264
193 1 2 724 266 2592 399
194 1 2 727 32 279 48
195 0 5 731 1 11 1
196 1 38 735 1 5 1
197 0 1 740 600 6078 900
198 1 6 743 3 25 4
199 1 2 747 1 9 1
200 0 1 751 3 25 4
201 0 1 754 65 589 97
202 0 1 757 1 10 1
203 1 2 760 646 6566 969
204 1 4 764 21 179 31
205 0 9 768 1 3 1
206 0 1 772 3 25 4
207 1 2 775 3716 40850 5574
208 0 2 778 7 56 10
209 0 5 782 79 724 118
210 0 7 786 2 6 3
211 1 6 790 99 918 148
212 0 2 794 1 9 1
213 0 7 798 2363 11685 3544
214 1 7 802 377 1635 565
215 1 5 806 3885 42790 5827
216 0 1 810 4 33 6
217 0 6 813 64 580 96
218 1 1 817 1 10 1
219 0 7 820 3 10 4
220 1 5 824 1 9 1
221 0 1 828 10023 114889 15034
222 0 3 831 2 17 3
223 1 4 835 190 1821 285
224 0 3 839 1 10 1
225 1 6 843 1811 19293 2716
226 0 4 847 2 17 3
227 1 1 851 1 11 1
228 1 2 854 41 363 61
229 1 1 857 13 108 19
230 0 2 860 1 9 1
231 0 5 864 6 48 9
232 1 4 868 7 56 10
233 1 2 872 137 1292 205
234 0 14 876 1 4 1
235 1 6 880 30 261 45
236 0 4 884 4 33 6
237 0 11 888 17 56 25
238 0 5 892 92 850 138
239 1 1 896 1 10 1
240 0 7 899 83 318 124
241 1 22 903 1 4 1
242 1 4 908 1 11 1
243 0 2 912 59 532 88
244 1 1 916 48 428 72
245 0 1 919 1 13 1
246 1 2 922 221 2134 331
247 1 10 925 732 3335 1098
248 0 3 929 288 2817 432
249 1 1 933 279 2725 418
250 1 3 936 1 9 1
251 1 1 940 1 11 1
252 0 4 943 116 1084 174
253 1 1 947 1 9 1
254 1 4 950 281 2745 421
255 1 2 954 3 25 4
256 1 2 957 146 1381 219
257 0 2 961 6646 74888 9969
258 0 4 964 1 9 1
259 1 1 968 45 400 67
260 1 7 971 11 34 16
261 1 3 975 379 3756 568
262 0 3 979 1 10 1
263 0 2 983 10 81 15
264 1 4 986 1 9 1
265 1 1 990 1 11 1
266 1 4 993 2 17 3
267 1 2 997 1 11 1
268 0 3 1001 2 17 3
269 1 5 1005 514 5169 771
270 1 1 1009 9 73 13
271 1 2 1012 1 10 1
272 0 13 1016 10662 58047 15993
273 0 3 1020 1 9 1
274 1 3 1024 1 11 1
275 1 1 1028 512 5148 768
276 0 8 1031 1 3 1
277 1 2 1035 1 12 1
278 0 5 1039 15 125 22
279 0 1 1043 2 17 3
280 1 9 1046 1 3 1
281 0 1 1050 13 107 19
282 0 2 1053 5 40 7
283 1 6 1057 1 10 1
284 0 11 1061 1 4 1
285 0 1 1065 1 9 1
286 1 1 1068 9 73 13
287 0 2 1070 224631 2905266 336946
288 0 2 1073 32590 391743 48885
289 0 7 1076 10 31 15
290 1 4 1080 1 9 1
291 0 2 1084 37 326 55
292 1 3 1088 1 11 1
293 1 3 1092 3 25 4
294 1 2 1096 12 98 18
295 0 2 1100 137 1292 205
296 0 2 1103 36 316 54
297 1 2 1106 3 25 4
298 1 4 1109 207 1992 310
299 1 4 1113 293 2868 439
300 0 9 1117 7 21 10
301 1 1 1121 1784573 24830225 2676859
302 0 2 1124 3 25 4
303 0 6 1127 22 188 33
304 0 1 1131 884 9117 1326
305 1 4 1134 1 9 1
306 1 2 1138 3 25 4
307 1 2 1142 1 9 1
308 1 13 1145 9 27 13
309 1 1 1149 59 532 88
310 0 8 1152 8 24 12
311 0 2 1156 25 215 37
312 1 3 1159 4 33 6
313 0 1 1163 1 9 1
314 0 1 1166 1 11 1
315 0 5 1169 1 9 1
316 0 9 1173 8664 46574 12996
317 0 3 1177 41 363 61
318 0 4 1181 1 9 1
319 1 4 1185 1 9 1
320 1 1 1189 46 410 69
321 1 10 1192 2 7 3
322 1 3 1196 2 17 3
323 0 5 1200 7 56 10
324 0 1 1204 47 419 70
325 0 1 1207 1060 11023 1590
326 0 4 1210 1 9 1
327 1 1 1214 8 64 12
328 0 3 1217 364057 4791682 546085
329 1 7 1221 1 3 1
330 0 1 1225 264 2571 396
331 0 7 1228 10 31 15
332 1 2 1232 148 1401 222
333 0 3 1235 6 48 9
334 1 4 1239 76381 948900 114571
335 0 2 1243 1 9 1
336 0 3 1247 1 10 1
337 1 4 1251 2 17 3
338 1 7 1255 5 15 7
339 0 1 1259 6 48 9
340 0 1 1262 11 90 16
341 0 1 1265 1279 13415 1918
342 0 1 1268 36 316 54
343 1 1 1271 170 1620 255
344 1 2 1274 33 288 49
345 0 12 1277 253 1063 379
346 0 12 1281 1 4 1
347 1 2 1285 65 590 97
348 1 3 1289 12849 148792 19273
349 0 7 1293 2 7 3
350 0 13 1297 1 3 1
351 1 1 1301 1 9 1
352 0 6 1304 1215 12713 1822
353 1 6 1308 2 17 3
354 0 3 1312 1141 11905 1711
355 1 2 1316 1 10 1
356 0 2 1320 1 9 1
357 1 3 1324 1 9 1
358 1 8 1328 78 297 117
359 1 2 1332 302 2961 453
360 0 1 1335 1 10 1
361 1 1 1338 1 10 1
362 0 11 1341 1 4 1
363 1 1 1345 31 270 46
364 0 5 1348 8185 93037 12277
365 0 3 1352 4 33 6
366 1 13 1356 86 330 129
367 1 8 1360 3 9 4
368 0 2 1364 1 9 1
369 1 1 1368 5 40 7
370 0 2 1371 1 11 1
371 1 1 1374 6495 73116 9742
372 0 1 1376 11 90 16
373 0 5 1379 9 73 13
374 1 2 1383 8 64 12
375 1 2 1386 22 188 33
376 0 3 1389 69 628 103
377 1 2 1393 4032 44480 6048
378 1 7 1397 156 630 234
379 0 1 1401 23 197 34
380 1 1 1404 5160 57526 7740
381 0 4 1407 1 9 1
382 1 1 1411 1 9 1
383 1 4 1414 1 8 1
384 0 4 1418 460 4602 690
385 0 10 1422 116 457 174
386 1 1 1426 1 9 1
387 1 5 1429 76 695 114
388 1 2 1433 7 56 10
389 1 1 1437 3656 40163 5484
390 0 3 1440 2 17 3
391 0 1 1444 58 523 87
392 0 1 1446 75 685 112
393 1 1 1449 2726 29567 4089
394 1 3 1452 52267 639946 78400
395 1 11 1456 2 6 3
396 0 5 1460 1 10 1
397 0 4 1464 7 56 10
398 1 2 1468 2 17 3
399 0 2 1471 1 10 1
400 1 6 1475 1 5 1
401 0 6 1479 181 1730 271
402 1 1 1483 1 10 1
403 1 7 1486 118 466 177
404 1 29 1490 10 31 15
405 1 3 1495 35 307 52
406 1 2 1499 1 10 1
407 0 1 1503 1 10 1
408 0 6 1506 1 9 1
409 1 42 1510 25892 148570 38838
410 0 13 1515 380 1649 570
411 1 3 1519 9 73 13
412 1 2 1523 199 1911 298
413 1 3 1527 971 10057 1456
414 1 1 1531 40 353 60
415 1 3 1534 5 40 7
416 1 1 1538 17057 199807 25585
417 0 3 1541 3 25 4
418 0 2 1545 1 10 1
419 1 3 1549 1 10 1
420 0 6 1553 71 647 106
421 1 3 1557 179 1710 268
422 0 13 1561 5 15 7
423 1 5 1565 3127 34120 4690
424 1 3 1569 47 419 70
425 0 1 1573 1 9 1
426 0 2 1576 6869 77508 10303
427 1 1 1579 1 9 1
428 0 2 1582 48 428 72
429 0 1 1586 1 10 1
430 0 6 1589 19 161 28
431 1 2 1593 106 986 159
432 1 2 1597 11 90 16
433 1 3 1600 590 5972 885
434 0 13 1604 1 4 1
435 1 8 1608 296 1260 444
436 1 6 1612 1 12 1
437 1 6 1616 488 4895 732
438 0 1 1620 825 8482 1237
439 1 3 1623 23 197 34
440 0 2 1627 82 753 123
441 1 4 1631 1538471 21298020 2307706
442 1 7 1635 41 147 61
443 1 5 1639 27 233 40
444 0 9 1643 1 3 1
445 1 1 1647 845 8697 1267
446 0 2 1649 116 1084 174
447 0 1 1652 2095 22462 3142
448 1 5 1655 1 10 1
449 0 4 1659 259 2520 388
450 0 9 1663 10 31 15
451 0 2 1667 8 64 12
452 0 2 1671 1 8 1
453 0 3 1674 5 40 7
454 1 1 1678 1 11 1
455 1 4 1681 2805 30462 4207
456 1 12 1685 42 151 63
457 0 3 1689 1 11 1
458 1 3 1693 4 33 6
459 1 2 1697 57 513 85
460 1 18 1701 1 4 1
461 0 1 1706 2 17 3
462 0 1 1709 11 90 16
463 1 1 1712 79 724 118
464 0 2 1715 74 676 111
465 1 1 1719 2 17 3
466 1 2 1721 162 1540 243
467 0 2 1725 576 5823 864
468 0 1 1728 10 81 15
469 0 2 1731 9472 108320 14208
470 0 2 1735 93 859 139
471 0 3 1738 29 251 43
472 0 44 1742 309 1319 463
473 1 2 1747 54 485 81
474 0 9 1750 4 12 6
475 0 11 1754 5 15 7
476 0 6 1758 2716 29454 4074
477 0 1 1762 1 11 1
478 1 7 1765 5 15 7
479 0 5 1769 3145 34325 4717
480 0 1 1773 37 325 55
481 0 2 1776 12 99 18
482 0 7 1779 23 78 34
483 1 2 1783 153 1451 229
484 0 9 1786 1 4 1
485 0 7 1790 2950 14805 4425
486 1 3 1794 230 2225 345
487 0 1 1798 1 9 1
488 1 18 1801 850 3915 1275
489 0 13 1806 1 4 1
490 1 6 1810 3 25 4
491 1 1 1814 1 8 1
492 1 2 1817 1 9 1
493 1 2 1821 1 10 1
494 0 2 1824 7178 81144 10767
495 1 3 1828 17384 203794 26076
496 0 9 1832 54 199 81
497 1 3 1836 92719 1160372 139078
498 1 4 1840 1 9 1
499 1 7 1844 4 12 6
500 0 4 1848 1 10 1
501 0 2 1852 4401 48733 6601
502 1 5 1856 1 12 1
503 1 2 1860 1 12 1
504 0 2 1864 6 48 9
505 1 1 1868 6564 73926 9846
506 1 5 1871 224 2164 336
507 1 4 1875 23 197 34
508 0 3 1879 66 599 99
509 1 2 1883 2 17 3
510 1 1 1887 7 56 10
511 0 3 1890 52 466 78
512 1 1 1894 719 7345 1078
513 0 6 1896 21 179 31
514 1 2 1900 1 10 1
515 0 2 1904 35 307 52
516 0 1 1907 7 56 10
517 1 3 1910 829 8524 1243
518 1 2 1914 1 10 1
519 1 3 1917 1 9 1
520 0 4 1921 310 3043 465
521 0 4 1925 6 48 9
522 0 2 1929 1 9 1
523 1 1 1932 1 9 1
524 0 3 1935 532 5359 798
525 1 1 1939 1764 18770 2646
526 1 2 1942 1 9 1
527 0 8 1946 2 7 3
528 0 2 1950 1 9 1
529 1 3 1953 3 25 4
530 1 2 1957 1 9 1
531 1 6 1961 1 12 1
532 0 2 1965 7 56 10
533 0 1 1969 269 2622 403
534 1 3 1972 1 10 1
535 0 1 1976 5 40 7
536 0 5 1979 22 188 33
537 1 2 1983 259172 3369537 388758
538 0 1 1986 1 9 1
539 0 10 1989 1 3 1
540 1 1 1993 1833 19537 2749
541 0 1 1996 2026 21691 3039
542 1 4 1998 1 10 1
543 0 2 2002 1 9 1
544 0 1 2006 1 9 1
545 0 2 2009 26723 318711 40084
546 0 8 2013 50 183 75
547 1 1 2017 10 81 15
548 1 3 2020 55 494 82
549 0 2 2024 2 17 3
550 1 1 2028 1 10 1
551 1 1 2031 1 12 1
552 0 4 2034 51 456 76
553 0 1 2038 267 2602 400
554 1 2 2041 60 542 90
555 0 2 2045 4 33 6
556 0 5 2048 4 33 6
557 0 2 2052 123 1153 184
558 1 27 2055 967 4496 1450
559 0 7 2060 1 3 1
560 0 1 2064 2 17 3
561 0 2 2066 1259 13195 1888
562 1 10 2070 194 798 291
563 1 14 2074 17281 96846 25921
564 1 17 2078 1 4 1
565 1 3 2083 5 40 7
566 0 1 2087 2 17 3
567 1 1 2090 108 1006 162
568 0 3 2093 1 9 1
569 0 2 2097 3 25 4
570 1 2 2101 25 215 37
571 1 1 2104 89 820 133
572 1 2 2107 202959 2615231 304438
573 0 5 2111 61 551 91
574 1 4 2115 3 25 4
575 0 1 2119 3 25 4
576 1 8 2122 4 12 6
577 1 4 2126 3 25 4
578 0 2 2130 176 1680 264
579 1 1 2134 4661 51738 6991
580 0 1 2137 44 391 66
581 1 5 2140 1 9 1
582 1 2 2144 2 17 3
583 0 1 2147 1288 13513 1932
584 1 3 2150 1 11 1
585 1 2 2154 2 17 3
586 0 1 2157 2 17 3
587 1 2 2160 4 33 6
588 1 1 2163 2 17 3
589 0 2 2166 69 628 103
590 1 11 2170 69 260 103
591 0 6 2174 5 40 7
592 1 2 2178 6 48 9
593 1 4 2182 1 9 1
594 1 3 2186 2 17 3
595 1 1 2190 1 10 1
596 0 1 2193 188 1801 282
597 0 2 2196 5 41 7
598 0 2 2200 2 17 3
599 1 1 2204 76 695 114
600 0 11 2207 1 3 1
601 0 1 2211 2 17 3
602 1 4 2214 1 10 1
603 1 2 2218 418 4163 627
604 1 1 2221 331 3260 496
605 1 5 2224 1 9 1
606 0 2 2228 1 10 1
607 1 4 2232 99 918 148
608 1 5 2236 243 2357 364
609 0 11 2240 4 12 6
610 0 4 2244 13 107 19
611 1 6 2248 1 9 1
612 1 2 2252 1 9 1
613 0 2 2256 45 400 67
614 1 3 2260 1 10 1
615 0 2 2264 124 1163 186
616 0 14 2268 32 112 48
617 1 4 2272 12 99 18
618 1 4 2276 12 99 18
619 1 2 2280 1 8 1
620 0 3 2284 7 56 10
621 1 3 2288 11 90 16
622 1 3 2292 23 197 34
623 1 2 2296 197 1891 295
624 1 1 2299 200 1922 300
625 1 2 2302 979 10144 1468
626 1 47 2306 3 10 4
627 0 1 2311 3747 41206 5620
628 1 1 2314 30 260 45
629 1 5 2317 47 419 70
630 0 13 2321 1 3 1
631 1 19 2325 594 2665 891
632 0 3 2330 154 1460 231
633 0 1 2334 3 25 4
634 1 11 2337 7393 39353 11089
635 1 1 2341 184 1760 276
636 0 1 2344 1 9 1
637 1 2 2347 1 9 1
638 0 1 2351 2 17 3
639 1 1 2354 4 33 6
640 1 7 2357 803 3684 1204
641 1 2 2361 13 107 19
642 0 3 2365 97 898 145
643 1 1 2369 40 353 60
644 0 6 2372 2193 23560 3289
645 0 4 2376 61 551 91
646 0 1 2380 1 9 1
647 0 3 2383 42 372 63
648 1 5 2387 1 9 1
649 1 6 2391 1 9 1
650 1 2 2395 53 475 79
651 1 2 2399 161 1530 241
652 0 10 2402 1 4 1
653 1 1 2406 26 224 39
654 1 9 2409 1 3 1
655 1 1 2413 464 4644 696
656 1 8 2416 2 6 3
657 1 5 2420 3 25 4
658 0 16 2424 1 4 1
659 0 1 2429 2 17 3
660 1 10 2432 7 21 10
661 0 4 2436 862076 11698075 1293114
662 0 3 2440 7 56 10
663 1 4 2444 3 25 4
664 1 3 2448 2 17 3
665 0 1 2452 3 25 4
666 0 9 2455 1 3 1
667 1 3 2459 2203 23673 3304
668 0 1 2463 19066 224345 28599
669 0 9 2466 24 81 36
670 1 13 2470 25 85 37
671 1 1 2474 621 6300 931
672 0 3 2477 8 64 12
673 0 2 2481 1 9 1
674 0 8 2485 47 171 70
675 1 5 2489 7 56 10
676 0 2 2493 1 12 1
677 0 2 2497 5 40 7
678 1 5 2501 7 56 10
679 1 4 2505 181 1730 271
680 1 3 2509 1 9 1
681 0 2 2513 27 233 40
682 1 1 2517 2 17 3
683 1 2 2520 4 33 6
684 1 1 2524 1 11 1
685 0 5 2527 1 10 1
686 1 3 2531 1 9 1
687 0 3 2535 4 33 6
688 1 1 2539 2 17 3
689 0 1 2542 11 90 16
690 0 2 2545 11718 135184 17577
691 0 1 2549 1 10 1
692 0 1 2552 1 10 1
693 1 4 2555 31 270 46
694 1 4 2559 66 599 99
695 0 1 2563 3 25 4
696 0 2 2566 467 4675 700
697 1 1 2570 1 9 1
698 0 1 2572 9 72 13
699 1 4 2575 1 11 1
700 0 3 2579 10 81 15
701 0 1 2583 4 33 6
702 1 2 2586 1 10 1
703 1 2 2590 1 12 1
704 0 7 2594 105 410 157
705 1 3 2598 10696 122933 16044
706 0 5 2602 1 9 1
707 1 1 2606 84 772 126
708 1 1 2609 7 56 10
709 1 1 2612 1 12 1
710 1 10 2615 1 3 1
711 1 4 2619 167 1590 250
712 1 2 2623 9644 110369 14466
713 0 1 2626 11474 132255 17211
714 1 2 2629 25 215 37
715 1 3 2633 3 25 4
716 0 18 2637 1 5 1
717 1 2 2642 26 224 39
718 1 8 2645 247 1036 370
719 1 8 2649 1 5 1
720 1 6 2653 1 9 1
721 0 10 2657 1 3 1
722 1 2 2661 1059 11012 1588
723 0 2 2665 28 242 42
724 0 16 2668 1 4 1
725 0 1 2672 7 56 10
726 1 2 2675 3 25 4
727 0 8 2678 403 1756 604
728 0 3 2682 1 11 1
729 1 1 2686 1 12 1
730 0 20 2689 1 3 1
731 1 2 2694 1 10 1
732 0 10 2697 954 4431 1431
733 1 1 2701 3 25 4
734 0 5 2704 3 25 4
735 0 3 2708 1 11 1
736 1 15 2712 1 5 1
737 0 4 2716 1 9 1
738 1 1 2720 51 457 76
739 0 1 2723 1 10 1
740 1 6 2725 126215 1597986 189322
741 0 1 2729 2 17 3
742 1 1 2732 61 551 91
743 1 3 2735 173730 2225822 260595
744 1 3 2739 1 8 1
745 0 12 2743 32 112 48
746 0 3 2747 1 9 1
747 1 6 2751 1 10 1
748 1 1 2755 1 9 1
749 0 1 2758 1 13 1
750 1 1 2761 8510 96888 12765
751 1 3 2764 44 390 66
752 1 5 2768 1 11 1
753 1 1 2772 70 637 105
754 1 8 2775 2 7 3
755 0 5 2779 14 116 21
756 0 15 2783 42928 253510 64392
757 1 29 2787 24618 140848 36927
758 1 1 2792 95 879 142
759 0 4 2794 1 9 1
760 1 5 2798 4 33 6
761 0 2 2802 286 2796 429
762 0 1 2806 3 25 4
763 1 5 2809 1 11 1
764 1 6 2813 4531 50235 6796
765 0 2 2817 353 3487 529
766 0 7 2821 294 1251 441
767 1 10 2825 9 27 13
768 0 1 2829 1 9 1
769 1 3 2832 1 9 1
770 0 2 2836 1 9 1
771 0 13 2840 1366 6507 2049
772 1 7 2844 1 4 1
773 1 1 2848 1033 10730 1549
774 0 5 2851 5382 60108 8073
775 0 2 2855 3 25 4
776 1 1 2859 2061 22082 3091
777 1 2 2862 1976 21132 2964
778 1 2 2866 1 9 1
779 0 15 2870 114 449 171
780 1 6 2874 2435 26281 3652
781 1 28 2878 20 67 30
782 1 3 2883 1006 10437 1509
783 0 1 2887 3 25 4
784 1 2 2889 1 9 1
785 1 1 2893 77 705 115
786 1 2 2896 33 288 49
787 1 2 2900 5676 63534 8514
788 0 3 2903 89 820 133
789 0 1 2907 31 270 46
790 0 11 2910 8 24 12
791 1 1 2914 3125 34097 4687
792 0 1 2917 1 10 1
793 1 1 2920 6 48 9
794 0 4 2923 1 9 1
795 0 1 2927 1 11 1
796 1 1 2930 41494 503514 62241
797 1 1 2933 41 362 61
798 1 1 2936 582650 7798391 873975
799 0 4 2939 1 9 1
800 0 2 2943 1 10 1
801 1 2 2946 1 9 1
802 0 7 2950 3 9 4
803 0 6 2954 859 8847 1288
804 1 14 2958 1 4 1
805 0 5 2962 9 73 13
806 0 1 2966 1 10 1
807 0 3 2969 272 2653 408
808 0 1 2973 46 409 69
809 1 12 2976 56 207 84
810 0 1 2980 1 10 1
811 1 2 2983 281 2745 421
812 1 1 2986 1 9 1
813 1 2 2989 2 17 3
814 1 7 2993 10491 57060 15736
815 1 1 2997 1 12 1
816 0 8 3000 5 15 7
817 0 2 3004 25 215 37
818 0 6 3007 2 17 3
819 0 5 3011 9 73 13
820 0 2 3015 1 9 1
821 0 1 3018 1 9 1
822 1 9 3021 315064 2068544 472596
823 1 1 3025 1 9 1
824 1 9 3028 1 4 1
825 1 2 3032 1102 11480 1653
826 0 45 3036 1 4 1
827 0 2 3041 5331 59514 7996
828 1 29 3045 730 3326 1095
829 1 2 3050 45 400 67
830 1 1 3054 26 224 39
831 1 11 3057 75 285 112
832 1 1 3061 1 9 1
833 1 8 3064 2919 14639 4378
834 0 4 3068 218 2103 327
835 1 1 3072 46 409 69
836 1 8 3075 90 347 135
837 1 7 3079 1 3 1
838 0 7 3083 1 3 1
839 0 4 3087 3 25 4
840 0 3 3091 51 456 76
841 0 2 3095 1 10 1
842 0 3 3099 3996 44066 5994
843 1 39 3103 590 2646 885
844 0 10 3108 9 27 13
845 1 5 3112 4 33 6
846 0 13 3116 1 5 1
847 1 11 3120 1 4 1
848 1 6 3124 54 485 81
849 0 1 3128 1 9 1
850 1 4 3131 1 10 1
851 0 1 3135 193028 2482684 289542
852 1 2 3138 1 9 1
853 0 3 3141 1 10 1
854 1 2 3145 1 10 1
855 0 1 3149 1 10 1
856 1 3 3152 11 90 16
857 0 16 3156 2687 13402 4030
858 1 1 3160 6320 71064 9480
859 1 3 3163 2 17 3
860 0 1 3167 1 10 1
861 1 9 3170 2 7 3
862 1 4 3174 2663 28855 3994
863 0 3 3178 33 288 49
864 1 3 3182 100 928 150
865 1 1 3186 3 25 4
866 0 8 3189 1 5 1
867 0 2 3193 156 1480 234
868 0 16 3197 4 12 6
869 0 4 3201 2 17 3
870 0 4 3205 208 2002 312
871 1 4 3209 13 107 19
872 0 14 3213 1 5 1
873 1 4 3217 2198 23617 3297
874 0 17 3221 740 3374 1110
875 0 2 3226 179 1710 268
876 1 2 3230 1 10 1
877 1 3 3234 1 10 1
878 0 6 3238 1 10 1
879 0 2 3242 1 11 1
880 1 1 3246 20 169 30
881 1 4 3249 2073 22216 3109
882 0 5 3253 17 143 25
883 1 25 3257 14 45 21
884 0 6 3262 34 298 51
885 1 21 3266 4 12 6
886 0 1 3271 5 41 7
887 1 5 3274 36 316 54
888 0 3 3278 128 1203 192
889 1 4 3282 124 1163 186
890 1 2 3286 67 609 100
891 0 12 3289 1 4 1
892 1 3 3293 14 116 21
893 1 3 3297 810 8320 1215
894 1 1 3301 1 9 1
895 1 31 3304 9 27 13
896 0 2 3309 1 11 1
897 1 2 3313 151 1430 226
898 0 6 3316 286 2796 429
899 1 1 3320 351 3466 526
900 0 3 3323 1 9 1
901 0 4 3327 52 466 78
902 1 1 3331 2 17 3
903 1 2 3334 8942 102015 13413
904 1 11 3337 150 604 225
905 1 15 3341 91 351 136
906 0 5 3345 20 170 30
907 0 1 3349 9 73 13
908 1 1 3352 44 390 66
909 0 1 3355 17 143 25
910 0 2 3358 1 9 1
911 0 2 3362 79 724 118
912 0 1 3366 1 9 1
913 1 7 3369 99282 613870 148923
914 0 8 3373 2 6 3
915 0 80 3377 1 4 1
916 0 1 3382 63 570 94
917 0 1 3385 6 48 9
918 1 5 3388 32365 388932 48547
919 1 3 3392 2 17 3
920 0 2 3396 1 9 1
921 1 5 3400 1 10 1
922 1 7 3404 1 4 1
923 0 1 3408 380 3767 570
924 1 7 3411 1 4 1
925 1 4 3415 14 116 21
926 1 7 3419 14 45 21
927 1 9 3423 81 310 121
928 1 1 3427 2 17 3
929 1 2 3430 3 25 4
930 1 8 3434 1 4 1
931 0 3 3438 221 2134 331
932 1 3 3442 1107 11535 1660
933 0 1 3446 3334 36480 5001
934 1 3 3449 1 11 1
935 1 3 3453 49 437 73
936 1 4 3457 2 17 3
937 0 7 3461 17 56 25
938 1 1 3465 23978 284744 35967
939 0 3 3468 1134 11829 1701
940 1 3 3472 2 17 3
941 1 6 3476 1 9 1
942 0 4 3480 1 12 1
943 0 3 3484 18 152 27
944 0 2 3488 1 10 1
945 0 7 3492 47744 283632 71616
946 1 2 3496 4864 54090 7296
947 1 3 3500 1 9 1
948 0 3 3504 1 9 1
949 1 2 3508 1 11 1
950 0 8 3512 2 7 3
951 1 1 3516 1 9 1
952 0 5 3519 276 2694 414
953 1 5 3523 1 8 1
954 1 3 3527 75 685 112
955 1 3 3531 131 1232 196
956 0 10 3535 2 7 3
957 0 13 3539 1 4 1
958 0 2 3543 1 8 1
959 1 2 3546 5 40 7
960 1 1 3550 1 10 1
961 0 25 3553 1 4 1
962 1 5 3558 1 9 1
963 0 2 3562 9 72 13
964 0 13 3566 3287 16614 4930
965 0 2 3570 6378 71744 9567
966 1 2 3573 58 523 87
967 0 3 3577 1 9 1
968 0 2 3581 99 918 148
969 0 6 3584 27 93 40
970 0 64 3588 1 4 1
971 0 6 3593 200 1921 300
972 0 23 3597 4148 21286 6222
973 0 4 3602 1 8 1
974 1 3 3606 15 125 22
