0 0 5 5 27 233 40
1 1 21 9 1 3 1
2 0 2 14 14 116 21
3 1 9 17 18 59 27
4 1 1 22 1 11 1
5 1 1 25 3 25 4
6 0 1 27 42 372 63
7 0 1 29 29 251 43
8 1 5 32 78 714 117
9 1 3 36 1 9 1
10 1 1 40 1 9 1
11 1 1 42 1 10 1
12 1 2 45 1 9 1
13 1 7 48 2 7 3
14 1 4 52 12 99 18
15 0 5 56 2150 23078 3225
16 0 7 60 1584 7623 2376
17 1 6 65 1 9 1
18 0 28 69 2 7 3
19 0 2 75 1 11 1
20 1 1 78 1 9 1
21 0 12 80 2 7 3
22 1 3 85 286 2796 429
23 1 1 89 9 73 13
24 1 2 92 1 9 1
25 1 4 95 1 9 1
26 0 3 99 13 108 19
27 0 4 103 2140 22966 3210
28 0 8 107 1 3 1
29 0 5 112 1 10 1
30 0 1 116 1 9 1
31 0 3 118 2 17 3
32 0 6 122 50264 299459 75396
33 0 6 126 169 688 253
34 0 3 130 16 134 24
35 0 1 134 1 11 1
36 0 4 137 274 2674 411
37 1 6 141 14 45 21
38 1 8 145 3 9 4
39 0 4 150 30 261 45
40 1 2 154 10049 115199 15073
41 0 2 157 4 33 6
42 0 3 160 9506 108725 14259
43 1 6 164 42 372 63
44 1 1 168 204 1962 306
45 1 1 171 189 1811 283
46 1 1 173 1 9 1
47 1 2 175 1 9 1
48 1 5 178 1 9 1
49 0 1 182 1 9 1
50 0 2 184 2 17 3
51 1 3 187 4 33 6
52 0 2 191 1 9 1
53 1 2 194 1 10 1
54 0 2 197 1 9 1
55 1 2 200 83 762 124
56 0 5 203 41 362 61
57 1 6 207 22 188 33
58 0 6 211 10 81 15
59 1 6 215 166 1580 249
60 1 13 219 2 6 3
61 1 4 224 10 81 15
62 1 4 228 1 9 1
63 0 5 232 1 10 1
64 0 7 236 12 38 18
65 0 2 240 1 8 1
66 0 1 243 1 9 1
67 1 2 245 4538 50316 6807
68 1 3 248 2 17 3
69 1 1 251 9 72 13
70 1 20 253 9899 53649 14848
71 0 2 258 2177 23381 3265
72 0 4 261 429 4277 643
73 1 5 265 1 10 1
74 0 22 269 3 10 4
75 0 2 274 1 10 1
76 0 2 277 998 10350 1497
77 0 15 280 1 4 1
78 0 2 285 2 17 3
79 0 23 288 1 3 1
80 1 4 293 123 1153 184
81 0 2 297 23 197 34
82 1 23 300 1 4 1
83 1 2 305 1 9 1
84 1 2 308 118278 1493863 177417
85 1 2 311 1 10 1
86 0 2 314 3008 32766 4512
87 0 21 317 1 3 1
88 1 2 322 5 41 7
89 1 5 325 4 33 6
90 1 3 329 13 107 19
91 0 8 333 58 215 87
92 1 2 338 248 2408 372
93 1 4 341 1 10 1
94 1 5 345 1 9 1
95 1 8 349 27 93 40
96 0 1 354 953 9862 1429
97 1 2 356 338 3332 507
98 1 7 359 1 3 1
99 1 4 363 3614 39682 5421
100 1 2 367 1 11 1
101 1 3 370 55878 685925 83817
102 0 2 374 20 170 30
103 0 4 377 2 17 3
104 1 13 381 1555 7474 2332
105 0 6 386 344 3394 516
106 1 1 390 313 3074 469
107 0 13 392 3 10 4
108 1 6 397 11 90 16
109 1 10 401 1 3 1
110 1 2 406 11 90 16
111 1 1 409 2 17 3
112 0 20 411 1 3 1
113 1 1 416 1 9 1
114 0 2 418 2 17 3
115 1 5 421 1 10 1
116 0 1 425 1 9 1
117 0 1 427 2 17 3
118 0 9 430 15 48 22
119 0 2 435 1 9 1
120 0 1 438 1 9 1
121 0 7 440 8 24 12
122 0 2 445 18403 216235 27604
123 1 2 448 67 609 100
124 0 4 451 1 10 1
125 1 2 455 135 1272 202
126 0 3 458 1 9 1
127 1 2 462 2 17 3
128 0 1 465 2 17 3
129 0 9 468 813 3733 1219
130 1 2 473 35 307 52
131 0 2 476 1 10 1
132 1 1 479 2 17 3
133 1 4 481 462 4622 693
134 1 2 485 144 1361 216
135 1 14 488 20 67 30
136 1 2 493 6904 77920 10356
137 1 17 496 2 6 3
138 1 4 501 1058 11001 1587
139 0 7 505 521 2315 781
140 0 4 509 583 5898 874
141 0 7 513 47862 284372 71793
142 1 8 517 1 6 1
143 1 6 522 7 56 10
144 0 2 526 2 17 3
145 1 13 529 2 7 3
146 0 1 534 1 8 1
147 1 1 536 133 1252 199
148 0 15 539 1 5 1
149 0 3 544 8295 94339 12442
150 1 7 548 157 635 235
151 1 43 552 1 3 1
152 1 2 558 4 33 6
153 1 2 561 49088 599566 73632
154 0 15 564 18 59 27
155 1 6 569 1 4 1
156 1 2 573 87094 1087398 130641
157 1 1 576 1 10 1
158 0 6 578 1 10 1
159 0 2 582 2 17 3
160 0 8 585 1 6 1
161 0 4 590 109 1015 163
162 1 3 594 195 1871 292
163 0 1 598 1 9 1
164 0 2 601 518 5211 777
165 0 6 604 1 10 1
166 1 4 608 1 9 1
167 0 1 612 1 9 1
168 1 1 615 141931 1804842 212896
169 1 2 617 1 9 1
170 1 2 620 7113 80379 10669
171 1 3 623 2869 31188 4303
172 1 2 627 2 17 3
173 0 2 630 5 41 7
174 0 2 633 415 4131 622
175 0 2 636 1 10 1
176 1 1 639 1447 15261 2170
177 1 2 641 1 9 1
178 0 4 644 2 17 3
179 0 3 648 1 10 1
180 0 6 652 1 10 1
181 1 9 656 1 4 1
182 0 5 661 2 17 3
183 1 1 665 10 81 15
184 1 3 668 84 772 126
185 1 2 672 1 11 1
186 0 1 675 1 9 1
187 1 5 678 1 9 1
188 0 1 682 1 11 1
189 1 7 684 30 104 45
190 0 3 688 11182 128753 16773
191 0 2 692 3 25 4
192 1 2 695 122 1143 183
193 0 9 698 82 313 123
194 1 2 703 2 17 3
195 0 3 706 1 9 1
196 0 11 710 3367 17045 5050
197 1 8 715 4 12 6
198 0 6 720 23 197 34
199 1 3 724 1 10 1
200 1 4 728 7211 81533 10816
201 0 3 732 2155 23134 3232
202 0 1 736 1 11 1
203 0 5 739 32957 396329 49435
204 1 2 743 184 1760 276
205 1 5 746 14 116 21
206 0 6 750 1 4 1
207 0 6 754 1 10 1
208 0 2 758 1 10 1
209 0 3 761 53 475 79
210 0 2 765 1 9 1
211 1 2 768 1 9 1
212 1 17 771 1 4 1
213 0 4 776 138 1301 207
214 0 2 780 449 4487 673
215 0 5 783 3 25 4
216 0 1 787 11 90 16
217 1 4 790 17 143 25
218 0 3 794 2 17 3
219 0 6 798 1 10 1
220 1 5 802 2 17 3
221 1 4 806 1 11 1
222 1 19 810 5 15 7
223 1 2 815 64 580 96
224 0 2 818 151 1430 226
225 1 5 821 34 298 51
226 1 6 825 3448 17482 5172
227 1 5 829 39 344 58
228 1 1 833 613 6215 919
229 0 4 835 1255 13151 1882
230 0 5 839 881 9084 1321
231 1 2 843 1 10 1
232 1 2 846 12 99 18
233 1 3 849 51 457 76
234 1 1 853 4278 47314 6417
235 0 1 856 1 11 1
236 0 5 859 1 12 1
237 0 8 863 1 5 1
238 1 1 868 9 72 13
239 0 3 871 1 14 1
240 1 2 875 63 570 94
241 1 7 878 14 45 21
242 0 1 882 2 17 3
243 0 1 884 71 647 106
244 1 2 886 92 850 138
245 0 2 889 1 11 1
246 1 3 892 15 125 22
247 1 2 896 11169 128597 16753
248 0 1 899 1 9 1
249 0 2 901 5 40 7
250 1 5 904 177 1690 265
251 0 5 908 150 1421 225
252 0 6 912 7 56 10
253 1 2 916 120 1124 180
254 1 6 919 6 18 9
255 1 5 923 1 10 1
256 1 5 927 1 12 1
257 0 2 931 120 1124 180
258 0 15 934 23 78 34
259 0 9 939 51 187 76
260 1 6 944 264 2571 396
261 1 21 948 2 6 3
262 1 1 953 173 1650 259
263 1 9 955 1 4 1
264 1 1 960 15111 176145 22666
265 0 3 962 16 134 24
266 0 2 966 1 9 1
267 1 1 969 320 3146 480
268 1 3 971 234 2266 351
269 1 7 975 1 5 1
270 0 5 979 2484 26833 3726
271 1 17 983 1 3 1
272 1 3 988 1 10 1
273 0 5 992 229 2215 343
274 0 3 996 1 9 1
275 0 1 1000 566 5718 849
276 0 1 1002 1 9 1
277 1 16 1005 8091 43310 12136
278 0 19 1010 131469 825110 197203
279 0 11 1015 87 335 130
280 0 1 1020 1 12 1
281 1 2 1022 1 10 1
282 0 1 1025 3 25 4
283 0 2 1028 721 7366 1081
284 0 2 1031 2885 31369 4327
285 0 2 1034 3412 37371 5118
286 0 2 1037 1 9 1
287 0 4 1040 1 9 1
288 1 2 1044 802 8234 1203
289 1 1 1047 2 17 3
290 0 2 1049 5 41 7
291 1 4 1052 16 134 24
292 1 3 1056 1 9 1
293 0 3 1060 1 10 1
294 1 3 1064 1022513 13957700 1533769
295 0 3 1068 3 25 4
296 0 1 1072 1 9 1
297 0 2 1074 1 9 1
298 1 5 1077 4 33 6
299 0 1 1081 334 3290 501
300 0 8 1083 1 3 1
301 1 1 1088 1 9 1
302 0 2 1090 1 9 1
303 0 5 1093 54 485 81
304 1 3 1097 12 99 18
305 1 2 1101 1 10 1
306 1 15 1104 4 12 6
307 0 3 1109 1 9 1
308 0 1 1113 7 56 10
309 0 2 1116 1 11 1
310 0 3 1119 5445 60842 8167
311 1 1 1123 1 9 1
312 1 3 1125 3513 38525 5269
313 0 8 1129 1 4 1
314 1 4 1134 4290 47452 6435
315 0 3 1138 12 99 18
316 0 1 1142 1 9 1
317 1 1 1144 1 10 1
318 1 2 1147 545 5496 817
319 0 1 1150 52 466 78
320 0 1 1152 113 1055 169
321 0 4 1154 12 99 18
322 0 2 1158 280 2735 420
323 0 6 1161 9 72 13
324 0 2 1165 14 116 21
325 1 3 1168 24 206 36
326 1 5 1172 3 25 4
327 0 1 1176 72 656 108
328 1 25 1179 1 3 1
329 1 9 1184 22 74 33
330 0 2 1189 110 1026 165
331 0 4 1192 4 33 6
332 0 2 1196 289 2827 433
333 0 4 1199 4 33 6
334 1 5 1203 16 134 24
335 0 2 1207 58 523 87
336 1 5 1210 9 73 13
337 1 2 1214 3320 36320 4980
338 1 3 1217 2 17 3
339 0 2 1221 132 1242 198
340 1 2 1224 969 10036 1453
341 0 3 1227 3 25 4
342 0 3 1231 1 9 1
343 0 3 1235 20 170 30
344 1 3 1239 84 772 126
345 1 1 1243 1 8 1
346 1 2 1246 1 9 1
347 1 2 1249 1 10 1
348 1 1 1252 13 108 19
349 1 1 1255 9 72 13
350 1 5 1257 1 11 1
351 0 7 1261 1155 5438 1732
352 1 15 1265 12 38 18
353 1 1 1270 1 9 1
354 1 1 1272 1 10 1
355 1 4 1275 18 152 27
356 0 5 1279 1 10 1
357 1 1 1283 1241 12998 1861
358 0 9 1285 616 2771 924
359 0 11 1290 40 143 60
360 0 4 1295 1 10 1
361 1 6 1299 122 1143 183
362 0 2 1303 92217 1153853 138325
363 0 3 1306 1 9 1
364 0 5 1310 6 48 9
365 1 6 1314 2 17 3
366 1 3 1318 30 260 45
367 0 1 1322 1 9 1
368 0 6 1324 2 17 3
369 1 6 1328 259 2520 388
370 1 7 1332 5919 31071 8878
371 0 2 1337 1 10 1
372 1 3 1340 1 11 1
373 0 8 1343 1 5 1
374 0 1 1348 31 270 46
375 1 9 1350 1 4 1
376 1 3 1355 50 447 75
377 1 10 1359 11 34 16
378 0 3 1364 932651 12690468 1398976
379 1 5 1368 395 3923 592
380 0 2 1372 9 73 13
381 1 3 1375 391 3881 586
382 1 2 1379 1 8 1
383 1 4 1382 61082 752379 91623
384 1 1 1386 19 161 28
385 1 3 1389 1 9 1
386 0 4 1393 2 17 3
387 1 6 1397 13 107 19
388 1 1 1401 174 1660 261
389 0 2 1404 1 10 1
390 0 13 1407 1 4 1
391 0 1 1412 86 791 129
392 0 1 1415 1 12 1
393 1 2 1417 1 10 1
394 0 7 1420 14 45 21
395 0 1 1424 1 11 1
396 0 10 1425 719 3272 1078
397 0 10 1430 1 3 1
398 0 1 1435 6 48 9
399 0 3 1437 42 372 63
400 0 2 1441 1 9 1
401 1 1 1444 17 143 25
402 1 4 1446 1 9 1
403 0 1 1450 6024 67599 9036
404 1 11 1452 2660 13258 3990
405 1 1 1457 25 215 37
406 0 10 1460 1 4 1
407 1 2 1465 3 25 4
408 1 1 1468 4 33 6
409 0 3 1470 1 11 1
410 0 1 1474 601 6088 901
411 1 1 1477 918 9484 1377
412 0 1 1479 1 9 1
413 1 3 1481 2 17 3
414 0 2 1485 7 56 10
415 1 1 1488 14 116 21
416 1 3 1490 151 1430 226
417 0 1 1494 5501 61494 8251
418 0 4 1497 11 90 16
419 1 1 1501 198 1901 297
420 1 1 1503 3 25 4
421 0 3 1506 1 12 1
422 1 11 1510 9 27 13
423 1 2 1515 2 17 3
424 0 1 1518 5 41 7
425 0 6 1521 70 637 105
426 0 4 1525 1 9 1
427 1 5 1529 3425 37519 5137
428 1 1 1533 7 56 10
429 0 2 1534 1 9 1
430 0 1 1537 61696 760233 92544
431 1 2 1539 1 10 1
432 1 4 1542 1 10 1
433 0 2 1546 17967 210909 26950
434 0 4 1549 1 9 1
435 1 21 1553 25 85 37
436 0 2 1558 1 9 1
437 0 12 1561 428 1874 642
438 0 8 1566 6325 33341 9487
439 1 2 1571 11 90 16
440 0 1 1574 16841 197175 25261
441 0 1 1577 1 9 1
442 0 4 1579 16 134 24
443 0 2 1583 1 9 1
444 0 1 1586 116 1084 174
445 0 7 1588 12061 66155 18091
446 1 8 1593 26099 149826 39148
447 0 1 1598 13 108 19
448 1 1 1600 1 9 1
449 0 2 1603 1 9 1
450 0 14 1606 1 4 1
451 1 2 1611 1 9 1
452 0 6 1614 1 8 1
453 1 2 1618 14 116 21
454 0 2 1621 80368 1000366 120552
455 1 3 1624 1 9 1
456 1 3 1628 1 11 1
457 0 25 1632 640 2887 960
458 0 2 1637 209 2013 313
459 1 9 1640 28 97 42
460 0 4 1645 138 1302 207
461 1 1 1649 3 25 4
462 1 2 1652 1 9 1
463 1 4 1655 60 542 90
464 1 4 1659 1 10 1
465 1 4 1663 4245 46933 6367
466 0 2 1667 5 41 7
467 1 7 1670 1 4 1
468 1 1 1675 52 466 78
469 0 2 1677 1 11 1
470 1 2 1680 86 792 129
471 1 3 1683 5918 66360 8877
472 0 3 1687 1 9 1
473 0 1 1691 6 48 9
474 0 3 1693 1 9 1
475 0 2 1697 69 628 103
476 1 2 1700 29 252 43
477 1 11 1703 199 820 298
478 0 1 1708 1 8 1
479 1 1 1711 1 9 1
480 1 13 1713 226 941 339
481 1 2 1718 1 9 1
482 0 2 1721 1 9 1
483 1 5 1724 10 81 15
484 1 7 1728 10 31 15
485 1 2 1732 180 1720 270
486 1 3 1735 3 25 4
487 0 3 1739 10 81 15
488 1 3 1743 1 11 1
489 1 5 1747 1 13 1
490 1 1 1751 36 316 54
491 1 4 1754 177 1690 265
492 0 3 1758 10 81 15
493 1 1 1762 1 10 1
494 1 9 1764 4 13 6
495 1 2 1769 1 9 1
496 1 4 1772 1 9 1
497 1 2 1776 1 10 1
498 1 5 1779 1 9 1
499 1 1 1783 77 704 115
500 0 1 1785 1 9 1
501 0 2 1788 2 17 3
502 0 70 1791 2 7 3
503 1 4 1797 2096 22474 3144
504 0 6 1801 422 4204 633
505 0 3 1805 1 10 1
506 1 1 1809 2 17 3
507 1 9 1810 1 4 1
508 0 3 1815 22 188 33
509 1 6 1819 1 9 1
510 0 2 1823 67 609 100
511 0 2 1826 2 17 3
512 0 8 1829 94224 580965 141336
513 0 4 1834 2 17 3
514 1 1 1838 19927 234892 29890
515 1 1 1840 1 9 1
516 0 3 1843 65 590 97
517 0 1 1847 3 25 4
518 0 1 1848 56 504 84
519 1 16 1851 1 3 1
520 0 2 1856 13 107 19
521 0 2 1859 103 957 154
522 0 2 1862 389 3860 583
523 1 1 1865 6121 68734 9181
524 1 3 1867 1 10 1
525 1 4 1871 1 11 1
526 0 2 1875 2 17 3
527 0 23 1878 1 4 1
528 1 3 1883 1 9 1
529 0 1 1887 16180 189130 24270
530 0 4 1889 284 2776 426
531 1 2 1893 1 8 1
532 1 3 1896 977 10122 1465
533 1 12 1900 9 27 13
534 1 2 1905 12 99 18
535 0 3 1908 1 9 1
536 0 3 1912 2471 26687 3706
537 0 2 1916 65 589 97
538 0 9 1919 4 12 6
539 0 2 1924 10973 126249 16459
540 0 5 1927 69 628 103
541 0 2 1931 6027 67635 9040
542 0 2 1934 45 400 67
543 1 3 1937 15 125 22
544 0 2 1941 50 447 75
545 0 3 1944 4 32 6
546 0 2 1948 1 9 1
547 0 10 1951 1 4 1
548 0 2 1956 7 56 10
549 0 2 1959 2 17 3
550 1 10 1962 709 3223 1063
551 0 10 1967 28 97 42
552 1 2 1972 11 90 16
553 1 3 1975 2 17 3
554 0 7 1979 8268 44317 12402
555 1 5 1983 41 363 61
556 0 7 1987 4057 20789 6085
557 0 5 1991 1 10 1
558 0 14 1995 74 281 111
559 1 2 2000 495 4969 742
560 1 13 2003 1 3 1
561 1 18 2008 125 496 187
562 1 2 2013 1 13 1
563 0 3 2016 1 9 1
564 1 1 2020 1 10 1
565 0 1 2022 20 170 30
566 1 4 2024 1 10 1
567 0 2 2028 16 134 24
568 1 1 2031 2 17 3
569 1 2 2033 1 11 1
570 1 1 2036 4 33 6
571 1 4 2038 16 134 24
572 1 7 2042 150 604 225
573 1 2 2046 5915 66325 8872
574 0 4 2049 1 9 1
575 1 2 2053 57 513 85
576 1 3 2056 1 10 1
577 0 9 2060 1 4 1
578 1 2 2065 3 25 4
579 1 4 2068 3 25 4
580 1 2 2072 194 1861 291
581 0 2 2075 4339 48017 6508
582 0 10 2078 28 97 42
583 0 3 2083 1 10 1
584 0 6 2087 170 1620 255
585 0 1 2091 13 107 19
586 0 2 2094 106 986 159
587 0 1 2097 70 637 105
588 1 6 2099 1 11 1
589 1 8 2103 6 18 9
590 0 2 2108 7 56 10
591 0 5 2111 2 17 3
592 1 12 2115 4 12 6
593 1 2 2120 6 48 9
594 1 2 2123 1 9 1
595 0 1 2126 1 9 1
596 0 14 2128 1 4 1
597 0 2 2133 1 11 1
598 1 5 2136 7 56 10
599 0 30 2140 166 674 249
600 0 3 2146 2 17 3
601 1 3 2150 8 64 12
602 1 2 2154 1 11 1
603 1 1 2157 2 17 3
604 1 3 2159 1 9 1
605 0 8 2163 113 445 169
606 0 3 2168 1 9 1
607 0 10 2172 324 1388 486
608 1 1 2177 18 152 27
609 0 1 2180 92 850 138
610 1 4 2181 31 270 46
611 1 6 2185 32 279 48
612 0 1 2189 1 9 1
613 1 1 2191 1 8 1
614 0 6 2194 1 4 1
615 1 1 2198 1 11 1
616 1 9 2201 292 1241 438
617 0 5 2206 5165 57584 7747
618 1 3 2210 38 335 57
619 0 1 2214 5 40 7
620 0 2 2217 17267 202367 25900
621 1 5 2220 3 25 4
622 1 5 2224 84 772 126
623 0 8 2228 1 3 1
624 0 33 2233 1 4 1
625 0 2 2239 1 9 1
626 0 2 2242 2 17 3
627 0 10 2245 22 74 33
628 0 12 2250 1 4 1
629 0 1 2255 392 3892 588
630 1 1 2258 3804 41860 5706
631 1 6 2261 84 772 126
632 1 2 2265 5 40 7
633 0 3 2268 1 10 1
634 1 1 2272 1 9 1
635 1 1 2274 5 41 7
636 1 2 2276 92 849 138
637 1 3 2279 1 11 1
638 1 1 2283 11 90 16
639 1 4 2285 1 10 1
640 1 1 2289 1290 13535 1935
641 1 7 2292 1 5 1
642 0 2 2296 11 90 16
643 0 1 2299 32622 392143 48933
644 1 2 2301 215 2073 322
645 1 2 2304 1 9 1
646 0 3 2307 2 17 3
647 0 4 2311 143 1351 214
648 1 4 2315 1 9 1
649 0 9 2319 1 4 1
650 1 5 2324 5 40 7
651 0 49 2328 1 4 1
652 0 3 2334 1 9 1
653 0 2 2338 85485 1066555 128227
654 1 1 2341 1 10 1
655 1 4 2344 408 4058 612
656 0 5 2348 1 9 1
657 0 1 2352 1 11 1
658 0 1 2354 234 2265 351
659 0 3 2357 178 1700 267
660 1 2 2361 121 1133 181
661 1 14 2364 13 41 19
662 0 1 2369 4 33 6
663 1 14 2371 389 1691 583
664 1 1 2376 1 9 1
665 1 2 2379 4 33 6
666 0 3 2382 8980812 131821872 13471218
667 1 2 2386 1 9 1
668 0 2 2389 1 9 1
669 0 2 2392 2 17 3
670 1 1 2395 55 494 82
671 1 2 2397 3 25 4
672 0 1 2400 55 494 82
673 0 4 2402 3 25 4
674 1 4 2406 1 10 1
675 1 7 2410 1 5 1
676 0 3 2414 1 10 1
677 1 22 2418 1 5 1
678 1 1 2423 6 48 9
679 1 2 2426 59 532 88
680 1 2 2429 4934 54902 7401
681 0 18 2432 97089 599593 145633
682 1 2 2437 70 637 105
683 0 2 2440 1 9 1
684 0 2 2443 1 9 1
685 1 4 2446 7 56 10
686 0 2 2450 6 48 9
687 1 1 2453 1 9 1
688 0 6 2456 1 8 1
689 1 1 2460 10 81 15
690 1 3 2463 1 9 1
691 1 3 2467 1 9 1
692 1 6 2471 4 33 6
693 0 2 2475 2 17 3
694 1 1 2478 11 90 16
695 1 33 2480 578 2588 867
696 1 7 2486 1 3 1
697 1 2 2490 782 8020 1173
698 1 3 2493 16598 194216 24897
699 0 4 2497 2 17 3
700 0 7 2501 8 24 12
701 1 1 2505 1 9 1
702 0 2 2507 1 9 1
703 1 2 2510 48 428 72
704 0 1 2513 44 391 66
705 0 8 2515 74 280 111
706 1 7 2520 82 313 123
707 0 1 2524 1 9 1
708 1 15 2527 2 7 3
709 0 15 2532 142 569 213
710 0 4 2537 47 419 70
711 1 4 2541 1 11 1
712 0 13 2545 11 34 16
713 0 1 2550 2 17 3
714 1 7 2553 1 3 1
715 1 8 2557 190 780 285
716 0 2 2562 586 5929 879
717 1 2 2565 12 99 18
718 0 2 2568 1 9 1
719 1 7 2571 1 4 1
720 0 1 2576 161 1530 241
721 0 2 2578 2143 23000 3214
722 0 1 2581 1 8 1
723 0 1 2584 4912 54646 7368
724 1 6 2587 4 33 6
725 0 3 2591 1 9 1
726 0 3 2595 1 9 1
727 1 26 2599 44 159 66
728 0 19 2604 1 4 1
729 1 4 2609 1 10 1
730 0 5 2613 13 107 19
731 0 6 2617 1162 12134 1743
732 0 3 2621 7 56 10
733 1 4 2625 35 307 52
734 1 3 2629 1 10 1
735 0 1 2633 10 81 15
736 0 25 2635 1 3 1
737 0 3 2640 1 8 1
738 0 5 2644 3 25 4
739 1 3 2648 22024 260654 33036
740 0 6 2652 1 9 1
741 0 2 2656 1 9 1
742 1 4 2659 6 48 9
743 1 1 2663 8 64 12
744 1 2 2666 27 233 40
745 1 1 2669 1 11 1
746 0 1 2671 193 1851 289
747 0 1 2674 1 10 1
748 1 8 2677 82 314 123
749 1 5 2682 10 81 15
750 0 4 2686 1 9 1
751 0 4 2690 12 99 18
752 0 2 2694 23 197 34
753 1 2 2697 159 1510 238
754 0 1 2700 21 178 31
755 1 3 2702 176 1680 264
756 0 2 2706 16 134 24
757 1 3 2709 885311 12024504 1327966
758 0 1 2713 412 4100 618
759 1 6 2716 5 41 7
760 1 2 2720 37 325 55
761 0 17 2723 91 351 136
762 0 7 2728 3 10 4
763 1 4 2732 9 73 13
764 1 10 2736 42 151 63
765 1 2 2741 428 4267 642
766 0 5 2744 1 11 1
767 1 2 2748 1 11 1
768 1 1 2751 14 116 21
769 1 1 2753 2 17 3
770 1 2 2756 60 542 90
771 0 2 2759 290952 3798633 436428
772 0 3 2762 1 9 1
773 0 6 2766 365 3611 547
774 0 14 2770 1 5 1
775 1 3 2775 1 9 1
776 1 2 2779 1 10 1
777 1 4 2782 1 10 1
778 1 3 2786 3 25 4
779 0 6 2790 111 1035 166
780 0 2 2794 7 56 10
781 0 4 2797 16 134 24
782 1 3 2801 12 99 18
783 0 2 2805 2 17 3
784 1 1 2808 1 9 1
785 0 5 2811 26803 319703 40204
786 1 1 2815 36 316 54
787 1 1 2818 34 298 51
788 0 2 2820 8791 100222 13186
789 0 22 2823 1 3 1
790 1 1 2828 1 9 1
791 1 6 2830 8 64 12
792 0 5 2834 1 8 1
793 0 1 2838 1 11 1
794 0 4 2841 1 11 1
795 0 6 2845 1 12 1
796 1 3 2849 1 13 1
797 1 8 2853 1 4 1
798 1 3 2858 1 10 1
799 1 2 2862 8351 95003 12526
800 1 13 2865 1 4 1
801 1 1 2870 1 9 1
802 1 5 2872 9 73 13
803 0 2 2876 65 590 97
804 0 4 2879 499 5011 748
805 1 4 2883 341 3363 511
806 1 32 2887 1 4 1
807 1 7 2893 1582 7613 2373
808 0 1 2898 3 25 4
809 0 2 2901 1 9 1
810 1 1 2904 56 504 84
811 1 2 2906 7 56 10
812 0 3 2909 499 5011 748
813 0 1 2913 1 9 1
814 1 13 2915 697 3164 1045
815 1 3 2920 1 10 1
816 1 3 2924 165 1570 247
817 1 3 2928 6 48 9
818 0 10 2932 63 235 94
819 0 5 2937 60 542 90
820 1 1 2941 1 9 1
821 0 5 2943 28 242 42
822 1 1 2947 66 599 99
823 1 5 2949 4 33 6
824 1 3 2953 1 9 1
825 1 4 2957 42 372 63
826 0 4 2961 1 9 1
827 1 4 2965 2 17 3
828 1 3 2969 130 1222 195
829 1 1 2973 3 25 4
830 1 3 2975 9 72 13
831 0 2 2979 264 2571 396
832 1 2 2982 1 10 1
833 1 7 2985 5 15 7
834 1 13 2989 248 1041 372
835 0 1 2994 1 9 1
836 0 13 2997 13 41 19
837 0 3 3002 694 7078 1041
838 1 3 3006 25 215 37
839 0 12 3010 1 3 1
840 1 14 3015 3 9 4
841 0 69 3020 83 318 124
842 0 18 3026 1 4 1
843 0 2 3031 24 206 36
844 0 1 3034 26 224 39
845 0 1 3037 1 12 1
846 1 21 3039 5 15 7
847 0 27 3044 4 12 6
848 1 1 3050 1 10 1
849 0 13 3053 72 272 108
850 0 6 3058 13 107 19
851 0 7 3062 263 1109 394
852 0 8 3066 1 4 1
853 1 12 3071 288 1223 432
854 0 1 3076 17421 204245 26131
855 1 8 3078 45 163 67
856 1 4 3083 8 64 12
857 0 14 3087 33951 197859 50926
858 1 3 3092 4 32 6
859 1 1 3096 1 11 1
860 1 1 3098 1 10 1
861 1 8 3100 40 143 60
862 1 4 3105 61 551 91
863 1 1 3109 1066859 14584465 1600288
864 0 2 3112 1 11 1
865 1 3 3115 13 107 19
866 1 1 3119 25 215 37
867 1 10 3122 1 3 1
868 0 7 3127 1 4 1
869 1 1 3132 4358 48237 6537
870 0 3 3134 329 3239 493
871 0 18 3138 119 470 178
872 1 7 3143 1 3 1
873 0 2 3148 6 48 9
874 0 1 3151 14 116 21
875 0 1 3154 163 1550 244
876 0 1 3157 428194 5668713 642291
877 0 9 3159 63 235 94
878 1 2 3164 108 1006 162
879 1 7 3167 450 1978 675
880 1 5 3171 10 81 15
881 1 1 3175 1 11 1
882 1 2 3177 7 56 10
883 1 5 3180 41148 499152 61722
884 0 2 3184 48 428 72
885 0 17 3187 2 7 3
886 1 5 3192 217 2093 325
887 1 1 3196 26595 317124 39892
888 1 14 3199 2 7 3
889 0 14 3204 58 215 87
890 0 1 3209 1281 13436 1921
891 0 3 3211 1 9 1
892 0 4 3214 1 9 1
893 0 5 3218 101 938 151
894 1 2 3222 10 81 15
895 0 2 3225 184 1760 276
896 1 3 3228 1273 13348 1909
897 0 2 3232 1 11 1
898 1 4 3235 1 11 1
899 0 14 3239 42 151 63
900 0 17 3244 1 5 1
901 0 42 3249 677 3067 1015
902 1 8 3255 1 3 1
903 0 2 3260 1 8 1
904 0 7 3263 11 34 16
905 0 1 3267 1 10 1
906 1 1 3268 1 10 1
907 1 6 3269 1 10 1
908 1 4 3273 1115 11622 1672
909 0 6 3277 143 1351 214
910 0 3 3281 1 10 1
911 1 1 3285 2 17 3
912 0 3 3288 1 10 1
913 0 1 3292 2303 24796 3454
914 0 9 3294 30258 175183 45387
915 0 3 3299 1 11 1
916 1 7 3303 16105 89879 24157
917 1 5 3308 53 475 79
918 0 3 3312 1289 13524 1933
919 1 2 3316 1 10 1
920 0 7 3319 25 85 37
921 0 6 3323 11 90 16
922 1 9 3327 1 5 1
923 1 1 3332 1 9 1
924 1 2 3335 7 56 10
925 1 5 3338 1762 18747 2643
926 0 1 3342 74 676 111
927 0 8 3344 13 41 19
928 0 2 3349 1 9 1
929 0 5 3352 13 107 19
930 0 1 3356 1 9 1
931 1 2 3358 241 2337 361
932 1 14 3361 1 3 1
933 0 2 3366 1 10 1
934 0 2 3369 1 10 1
935 1 1 3372 6 48 9
936 1 6 3374 1 10 1
937 0 23 3378 165 670 247
938 1 2 3383 3 25 4
939 0 1 3386 1 9 1
940 1 3 3388 1 8 1
941 1 2 3392 3 25 4
942 1 1 3395 2 17 3
943 0 3 3397 1 11 1
944 1 2 3401 16 134 24
945 1 1 3404 24 206 36
946 1 21 3406 6 18 9
947 0 2 3411 18 152 27
948 0 2 3414 11389 131235 17083
949 0 1 3417 17 143 25
950 1 16 3420 1 3 1
951 0 16 3425 1 4 1
952 1 3 3430 59 532 88
953 1 3 3434 1 8 1
954 0 19 3438 1 4 1
955 0 5 3443 6 48 9
956 1 2 3447 258 2510 387
957 1 12 3450 1 3 1
958 1 3 3455 1 9 1
959 1 2 3459 138 1301 207
960 0 5 3462 11 90 16
961 0 2 3466 1636 17349 2454
962 1 4 3469 1 10 1
963 1 3 3473 1 10 1
964 1 4 3477 1 11 1
965 0 4 3481 2 17 3
966 0 4 3485 2 17 3
967 1 1 3489 285 2786 427
968 0 3 3491 1744 18547 2616
969 0 1 3495 1 11 1
970 1 6 3496 2 17 3
971 0 11 3500 5 15 7
972 0 2 3505 1 10 1
973 1 15 3508 1 4 1
974 0 3 3513 1 11 1
975 1 2 3517 1 9 1
976 1 1 3520 223 2154 334
977 0 1 3523 29 251 43
978 0 2 3526 1 9 1
979 0 3 3529 1 9 1
980 1 1 3533 3 25 4
981 1 9 3536 2586 12865 3879
982 0 11 3541 23 78 34
983 0 3 3546 273 2663 409
984 0 1 3550 2 17 3
985 1 1 3553 19 161 28
986 1 51 3555 1 4 1
987 1 3 3561 4215 46587 6322
988 0 1 3565 10 81 15
989 0 1 3567 926 9571 1389
990 1 12 3569 2 7 3
991 0 7 3574 1 6 1
992 0 3 3578 1597 16918 2395
993 1 5 3582 20 170 30
994 1 1 3586 1 9 1
995 1 9 3588 74 280 111
996 0 3 3593 1 9 1
997 0 3 3597 1 10 1
998 1 3 3601 5 40 7
999 0 3 3605 976 10112 1464
1000 1 9 3609 2 7 3
