0 0 7 5 2 7 3
1 1 7 22 2 7 3
2 0 15 39 2373 11738 3559
3 0 2 57 4244 46921 6366
4 0 15 71 7099 37692 10648
5 1 1 89 123 1153 184
6 1 2 97 3 25 4
7 1 2 111 2 17 3
8 0 2 125 1 10 1
9 0 2 139 26 224 39
10 1 7 154 21 71 31
11 0 8 171 1 4 1
12 1 8 188 13 41 19
13 0 2 205 1 9 1
14 1 2 219 2 17 3
15 0 9 233 5 15 7
16 1 2 250 11 90 16
17 1 13 264 3353 16970 5029
18 1 17 282 1 5 1
19 0 4 300 8 24 12
20 0 3 316 1853 19760 2779
21 1 1 331 48360 590332 72540
22 0 5 344 1 5 1
23 0 3 360 1 9 1
24 0 2 375 60 542 90
25 1 2 390 75 686 112
26 1 4 405 3 10 4
27 0 3 421 17 56 25
28 1 8 436 126 500 189
29 1 13 453 2 7 3
30 0 1 471 347 3425 520
31 0 1 484 32 279 48
32 1 9 497 736 3355 1104
33 1 1 514 8 64 12
34 0 1 527 534 5380 801
35 0 5 539 32 112 48
36 0 1 555 220 2124 330
37 0 2 568 468 4685 702
38 0 1 582 1 9 1
39 0 3 595 1 9 1
40 1 1 610 2 17 3
41 1 2 623 6 48 9
42 1 2 637 2 17 3
43 1 2 651 3 25 4
44 0 6 665 2 6 3
45 0 5 681 6 18 9
46 1 22 697 522 2320 783
47 1 3 715 1 5 1
48 1 10 730 1 3 1
49 0 5 747 8 24 12
50 1 23 763 1 3 1
51 1 3 781 10 31 15
52 0 2 796 63962 789247 95943
53 1 4 811 6 18 9
54 0 19 827 1 4 1
55 0 3 845 2108 22608 3162
56 0 1 860 1 10 1
57 0 1 871 321 3156 481
58 0 17 882 1036 4840 1554
59 1 2 900 18106 212607 27159
60 1 2 915 3 25 4
61 0 3 929 3 10 4
62 1 4 944 6 18 9
63 0 2 960 1 9 1
64 0 5 974 1 4 1
65 0 2 990 1 9 1
66 1 2 1004 8 64 12
67 0 2 1019 1 8 1
68 1 8 1033 1 6 1
69 1 7 1050 1 6 1
70 0 3 1067 1 4 1
71 1 10 1082 898 4153 1347
72 1 5 1099 1 6 1
73 1 6 1115 1 3 1
74 1 1 1131 3 25 4
75 0 1 1142 1 13 1
76 1 2 1154 287 2807 430
77 1 1 1168 1 9 1
78 1 7 1178 58 215 87
79 0 1 1195 1 9 1
80 1 3 1207 1 10 1
81 1 19 1222 1 4 1
82 1 3 1240 289 1228 433
83 0 3 1255 8 24 12
84 1 11 1270 28200 162611 42300
85 0 1 1288 1 9 1
86 1 4 1300 1 4 1
87 0 2 1316 15 125 22
88 0 4 1330 1 4 1
89 1 3 1346 70 264 105
90 0 3 1361 1 3 1
91 0 3 1376 3767 19210 5650
92 0 1 1391 28 243 42
93 0 6 1401 7 21 10
94 0 2 1418 4 32 6
95 1 5 1432 1 5 1
96 0 2 1448 2 17 3
97 0 7 1462 1 4 1
98 0 1 1479 4 33 6
99 0 1 1487 1 12 1
100 0 4 1500 16 52 24
101 1 4 1516 35 124 52
102 0 1 1532 1 10 1
103 0 3 1544 7 56 10
104 1 1 1559 2 17 3
105 1 1 1570 1 9 1
106 0 2 1583 1 11 1
107 1 3 1597 1 5 1
108 0 8 1612 2 6 3
109 1 2 1629 1 10 1
110 1 6 1644 1185 5589 1777
111 0 2 1660 1 10 1
112 1 4 1674 1 5 1
113 1 2 1690 256 2490 384
114 1 1 1704 4 32 6
115 0 3 1714 563 2516 844
116 0 3 1729 1 4 1
117 0 4 1744 2 7 3
118 1 4 1760 2 7 3
119 1 7 1776 1 5 1
120 1 1 1793 1 11 1
121 0 2 1802 1 11 1
122 0 3 1816 1 4 1
123 1 4 1831 1 5 1
124 0 2 1847 1 11 1
125 1 1 1861 282 2755 423
126 1 8 1873 1 4 1
127 0 3 1890 17 143 25
128 0 4 1905 227 946 340
129 1 9 1921 115 453 172
130 1 4 1938 1 4 1
131 0 4 1954 1 4 1
132 1 4 1970 4 12 6
133 0 8 1986 34 120 51
134 1 2 2003 1 9 1
135 0 4 2017 7 21 10
136 0 4 2033 1 3 1
137 1 2 2049 1 12 1
138 0 15 2064 1 4 1
139 0 13 2082 1 5 1
140 0 3 2100 59 219 88
141 1 1 2115 459 4591 688
142 0 8 2127 1 4 1
143 0 5 2144 66 248 99
144 0 6 2160 1271 6024 1906
145 1 14 2177 139 556 208
146 0 3 2195 7751 41380 11626
147 1 4 2210 2 7 3
148 1 3 2226 43451 256773 65176
149 0 3 2242 485 2144 727
150 1 3 2258 96 372 144
151 1 4 2273 4293 22079 6439
152 1 4 2289 14 45 21
153 1 2 2305 9 73 13
154 1 8 2319 21906 124485 32859
155 1 2 2336 5747 64363 8620
156 0 1 2351 1 12 1
157 1 2 2364 358 3539 537
158 1 1 2378 16 134 24
159 1 1 2389 166 1580 249
160 1 4 2400 1 5 1
161 0 5 2416 1 4 1
162 0 4 2432 50 183 75
163 0 1 2448 205 1972 307
164 0 10 2459 2 6 3
165 1 3 2476 686 3111 1029
166 0 3 2491 1 3 1
167 1 4 2506 1 3 1
168 0 3 2522 1 3 1
169 0 4 2537 6 18 9
170 1 2 2553 5 40 7
171 1 1 2567 1474 15559 2211
172 0 1 2580 1 11 1
173 1 8 2593 6 18 9
174 1 6 2610 1 4 1
175 0 2 2627 212 2043 318
176 0 2 2641 3 25 4
177 0 2 2655 4084 45078 6126
178 0 6 2669 1 4 1
179 0 11 2685 8 24 12
180 0 2 2703 1 9 1
181 0 3 2717 76 289 114
182 0 2 2732 9 73 13
183 0 2 2746 1 9 1
184 1 2 2761 3 25 4
185 0 2 2776 1 9 1
186 0 1 2790 127828 1619175 191742
187 1 2 2801 7 56 10
188 1 2 2815 4 33 6
189 1 2 2830 6 48 9
190 0 15 2845 127 504 190
191 0 10 2863 119 470 178
192 1 15 2880 10 31 15
193 0 1 2898 29 251 43
194 0 1 2911 1 11 1
195 1 2 2922 46 410 69
196 1 11 2936 1 4 1
197 0 7 2953 54 199 81
198 1 3 2970 1 3 1
199 0 3 2986 1216 12725 1824
200 0 11 3001 17 56 25
201 1 1 3018 56 504 84
202 0 2 3029 6 48 9
203 1 1 3043 1 9 1
204 1 5 3055 96 372 144
205 1 4 3071 1 5 1
206 1 2 3087 1 9 1
207 1 1 3101 7585 85943 11377
208 1 3 3114 30 104 45
209 0 1 3130 2744 29771 4116
210 1 6 3143 60 223 90
211 1 7 3159 7 21 10
212 1 15 3176 11 34 16
213 1 3 3194 1 4 1
214 0 3 3209 8562 45992 12843
215 0 1 3224 1 11 1
216 0 6 3237 2919 14639 4378
217 1 3 3253 129 513 193
218 1 5 3268 7716 41181 11574
219 0 2 3284 2024 21668 3036
220 0 3 3298 20 67 30
221 0 1 3313 30715 368344 46072
222 1 1 3326 378 3746 567
223 0 18 3338 1 3 1
224 0 8 3356 1531 7351 2296
225 0 3 3373 703 7174 1054
226 1 7 3388 1 6 1
227 1 1 3405 36 316 54
228 1 2 3418 1 9 1
229 1 14 3433 2 6 3
230 0 4 3451 235 982 352
231 0 10 3467 98 381 147
232 0 2 3484 3 25 4
233 0 3 3498 3 10 4
234 0 33 3513 41671 245677 62506
235 1 2 3532 3 25 4
236 0 1 3546 12 99 18
237 1 5 3557 4 12 6
238 0 20 3573 1 5 1
239 0 4 3591 1 4 1
240 1 1 3607 5 40 7
