0 0 26 5 1 4 1
1 1 21 24 1 3 1
2 0 7 42 217 901 325
3 1 5 59 1 11 1
4 0 2 75 10 81 15
5 0 4 90 1 10 1
6 0 3 106 1 11 1
7 0 7 121 14261 79014 21391
8 1 3 138 1 9 1
9 0 2 153 3 25 4
10 0 11 168 1370 6527 2055
11 0 4 186 1 12 1
12 1 2 202 1782 18970 2673
13 1 3 217 1 10 1
14 0 2 233 5 40 7
15 1 4 247 9 73 13
16 0 10 263 4 12 6
17 0 1 280 110 1025 165
18 1 4 293 40 353 60
19 0 1 309 319 3136 478
20 0 16 321 84 322 126
21 1 1 339 1 10 1
22 0 2 349 144 1361 216
23 0 1 363 11 90 16
24 1 2 376 59 532 88
25 1 6 390 2 17 3
26 0 1 407 1 9 1
27 0 2 418 5 40 7
28 1 1 433 4 33 6
29 1 5 445 1 9 1
30 0 12 461 1 4 1
31 0 3 479 1 9 1
32 0 4 494 1 9 1
33 0 12 510 46 167 69
34 1 5 528 53 475 79
35 1 4 544 36 316 54
36 0 8 560 4220 21679 6330
37 1 2 577 1 9 1
38 1 23 591 51 187 76
39 0 14 609 1 4 1
40 0 1 627 21 179 31
41 0 1 640 37 325 55
42 1 2 653 7 56 10
43 0 4 667 1926 20574 2889
44 1 2 683 14 116 21
45 1 6 697 14 45 21
46 1 2 714 1 11 1
47 0 1 727 174 1660 261
48 1 3 739 178 1700 267
49 1 1 754 73 666 109
50 0 10 767 3 9 4
51 1 1 784 1123 11709 1684
52 1 1 796 18772 220747 28158
53 1 1 809 81 743 121
54 1 4 822 1 10 1
55 0 2 838 2 17 3
56 1 1 853 5 40 7
57 1 2 866 1 12 1
58 0 3 880 22 188 33
59 0 1 895 16416 192001 24624
60 0 2 908 5 41 7
61 1 2 922 1 9 1
62 0 7 937 1 5 1
63 1 3 954 53 476 79
64 0 3 969 2014 21556 3021
65 1 4 984 1 12 1
66 0 3 1000 593 6003 889
67 1 2 1015 1 9 1
68 0 3 1029 1 10 1
69 1 15 1044 2 7 3
70 0 5 1062 1 9 1
71 0 2 1078 53 475 79
72 0 3 1093 256 2490 384
73 1 3 1108 7 56 10
74 1 1 1123 1 9 1
75 1 4 1136 272 2653 408
76 0 7 1152 1 4 1
77 1 4 1169 4 33 6
78 0 1 1185 1 10 1
79 0 15 1195 1 3 1
80 1 7 1213 3 10 4
81 1 1 1230 1 10 1
82 1 10 1243 1 3 1
83 0 1 1260 1 12 1
84 1 1 1270 2 17 3
85 0 3 1282 7 56 10
86 0 5 1297 52 466 78
87 0 1 1313 1 9 1
88 1 7 1326 5 15 7
89 1 3 1343 6632 74724 9948
90 0 6 1358 301 2950 451
91 1 4 1374 1 9 1
92 1 3 1390 931 9624 1396
93 0 7 1405 1 4 1
94 1 17 1422 14 45 21
95 1 1 1440 156 1480 234
96 0 1 1452 1368 14391 2052
97 0 14 1465 1 3 1
98 1 3 1483 1 10 1
99 1 4 1498 895 9235 1342
100 0 29 1514 1 5 1
101 1 3 1533 1023 10621 1534
102 1 2 1548 1 9 1
103 0 7 1562 3157 15915 4735
104 1 2 1579 15 125 22
105 0 104 1594 87 334 130
106 1 3 1614 1 9 1
107 1 2 1629 1 15 1
108 0 2 1643 1 9 1
109 1 5 1656 1 9 1
110 1 2 1672 238 2306 357
111 0 4 1686 196 1881 294
112 1 2 1702 585 5919 877
113 0 1 1717 24 206 36
114 1 1 1729 1678 17815 2517
115 1 5 1738 2082 22317 3123
116 0 1 1754 1 9 1
117 1 4 1767 4 33 6
118 1 4 1783 126 1183 189
119 0 2 1799 22 188 33
120 1 1 1813 774 7934 1161
121 0 15 1825 1 4 1
122 1 4 1843 41 362 61
123 0 2 1859 1 10 1
124 0 4 1874 5 41 7
125 1 2 1890 4 33 6
126 0 2 1904 1816 19348 2724
127 1 1 1918 1 8 1
128 0 3 1929 1 9 1
129 0 3 1944 3 25 4
130 0 7 1959 1 7 1
131 1 5 1976 719 7345 1078
132 1 2 1992 1 9 1
133 1 2 2006 1 10 1
134 1 1 2020 1 11 1
135 1 2 2033 136 1282 204
136 0 2 2048 49685 607142 74527
137 1 2 2062 13 107 19
138 0 9 2076 1 5 1
139 1 3 2093 2 17 3
140 0 1 2108 249 2418 373
141 0 2 2120 13 108 19
142 1 8 2134 1 3 1
143 1 10 2151 1 5 1
144 1 2 2168 64 580 96
145 0 4 2182 1 9 1
146 0 2 2198 2 17 3
147 0 6 2212 695 3155 1042
148 1 7 2229 8 24 12
149 0 9 2246 2929 14693 4393
150 0 1 2263 15 125 22
151 0 4 2276 1 10 1
152 0 2 2292 4 33 6
153 1 1 2306 37 325 55
154 0 2 2317 3 25 4
155 1 1 2331 80 734 120
156 1 11 2341 8787 47276 13180
157 0 4 2359 29 252 43
158 0 1 2375 1 9 1
159 1 6 2384 1 10 1
160 0 3 2401 3714 40828 5571
161 0 3 2416 13 107 19
162 1 4 2431 5390 60201 8085
163 0 6 2447 39 344 58
164 0 4 2464 166 1580 249
165 1 2 2480 10 81 15
166 1 2 2495 10 81 15
167 1 3 2509 224 2164 336
168 1 4 2524 1 9 1
169 0 3 2540 1 9 1
170 1 1 2555 2 17 3
171 0 2 2567 7 56 10
172 0 6 2582 3 10 4
173 1 1 2599 38 335 57
174 1 3 2611 1 14 1
175 1 4 2626 3624 39796 5436
176 0 1 2642 81 743 121
177 0 6 2655 1 5 1
178 0 4 2672 20 170 30
179 0 1 2688 286 2796 429
180 0 1 2698 1 8 1
181 1 11 2707 1 4 1
182 0 20 2724 5 15 7
183 0 35 2742 40 143 60
184 0 4 2761 382 3787 573
185 0 1 2777 52 466 78
186 0 3 2790 43 381 64
187 0 1 2805 102445 1286926 153667
188 0 2 2818 312188 4086290 468282
189 0 9 2833 58505 351497 87757
190 1 4 2850 34 298 51
191 0 1 2866 3664 40254 5496
192 1 4 2877 1 8 1
193 0 1 2893 1 9 1
194 0 2 2905 1 10 1
195 0 2 2919 5 40 7
196 0 7 2934 1 5 1
197 1 43 2951 1 5 1
198 0 4 2970 5119 57049 7678
199 1 5 2986 7 56 10
200 0 1 3002 18 152 27
201 0 49 3014 1 4 1
202 0 1 3033 507 5095 760
203 0 17 3045 23 78 34
204 1 1 3063 1 11 1
205 1 3 3076 1 9 1
206 0 2 3091 114 1065 171
207 1 2 3105 9050 103299 13575
208 1 1 3120 2455 26507 3682
209 0 2 3132 1 11 1
210 0 2 3147 15004 174848 22506
211 0 1 3162 1 10 1
212 0 1 3174 1 10 1
213 1 1 3184 31307 375726 46960
214 1 6 3197 420 4184 630
215 1 5 3213 2 17 3
216 1 5 3229 2 17 3
217 1 18 3245 41 147 61
218 0 1 3263 629 6386 943
219 1 1 3276 22 188 33
220 1 26 3287 282 1195 423
221 0 3 3306 1 10 1
222 0 5 3321 49524 605099 74286
223 0 1 3337 1 11 1
224 1 1 3349 76 695 114
225 1 11 3362 1 4 1
226 1 3 3379 208 2002 312
227 0 3 3394 848 8729 1272
228 1 2 3409 1 10 1
229 1 4 3424 1020 10588 1530
230 0 20 3440 4 12 6
231 0 11 3458 1 4 1
232 1 10 3475 1 5 1
233 0 1 3492 1 10 1
234 0 13 3501 3 10 4
235 1 8 3519 2993 15035 4489
236 0 13 3536 1 4 1
237 0 11 3554 1 4 1
238 1 2 3571 3 25 4
239 1 1 3585 7 56 10
240 1 8 3597 1 5 1
241 0 1 3614 1 10 1
