0 0 11 5 4 13 6
1 1 1 9 12 98 18
2 1 2 12 10 81 15
3 1 1 16 16 134 24
4 1 1 19 3 25 4
5 0 2 21 1 9 1
6 1 8 24 10 31 15
7 0 1 28 252 2449 378
8 1 4 31 2 17 3
9 1 12 35 20 67 30
10 1 3 39 1 8 1
11 1 1 43 1 9 1
12 0 1 46 9 73 13
13 0 1 49 1 9 1
14 1 11 52 108 423 162
15 1 12 56 1 4 1
16 0 9 60 1 4 1
17 0 1 64 11 90 16
18 0 2 67 2 17 3
19 0 1 70 1 9 1
20 1 6 72 1 4 1
21 0 7 76 907 4197 1360
22 1 3 80 1 11 1
23 0 14 84 6 18 9
24 1 7 88 68129 412754 102193
25 1 1 92 132703 1683276 199054
26 1 2 95 1 9 1
27 1 6 99 5 41 7
28 0 12 103 1 4 1
29 1 20 107 3 10 4
30 0 10 112 1 4 1
31 0 3 116 1 10 1
32 0 4 120 522 5253 783
33 1 9 124 1 3 1
34 1 4 128 3 25 4
35 1 2 132 12 99 18
36 1 11 136 3 10 4
37 1 10 140 1 4 1
38 1 5 144 1 10 1
39 1 3 148 1 11 1
40 0 3 152 2 17 3
41 0 3 156 23 197 34
42 0 14 160 43 155 64
43 0 3 164 540 5443 810
44 1 8 168 6 18 9
45 1 3 172 6 48 9
46 0 4 176 4 33 6
47 1 5 180 17388 203843 26082
48 0 1 184 6 48 9
49 1 4 187 1 10 1
50 1 1 191 1 9 1
51 0 8 193 9 27 13
52 1 11 197 71 268 106
53 0 1 201 1 9 1
54 0 11 204 1966 9602 2949
55 0 1 208 27 233 40
56 0 4 211 1866 19905 2799
57 1 9 215 27 93 40
58 0 3 219 2 17 3
59 0 4 223 121 1133 181
60 0 10 227 896 4143 1344
61 1 2 231 1 11 1
62 1 2 234 1 10 1
63 1 1 238 137 1292 205
64 0 11 241 54 199 81
65 1 6 245 3 25 4
66 0 3 249 32 279 48
67 0 2 253 1 8 1
68 0 3 256 1 11 1
69 1 8 260 98 381 147
70 1 11 264 15618 87003 23427
71 0 3 268 1 9 1
72 0 2 272 687 7003 1030
73 0 7 275 72 272 108
74 0 1 279 2 17 3
75 0 1 282 1 9 1
76 0 1 284 42 372 63
77 1 2 287 3 25 4
78 0 1 291 22 188 33
79 1 2 294 1 9 1
80 1 6 298 7 56 10
81 0 1 302 230 2225 345
82 1 4 305 5287 59003 7930
83 0 1 309 18087 212374 27130
84 0 2 312 19 161 28
85 1 4 316 1 10 1
86 0 6 320 3 25 4
87 1 2 324 251 2439 376
88 0 1 327 2 17 3
89 1 5 330 7 56 10
90 0 1 334 9 73 13
91 0 8 337 3 10 4
92 0 5 341 14 116 21
93 0 2 345 39 344 58
94 0 2 349 99 918 148
95 1 3 352 2 17 3
96 1 1 356 16155 188826 24232
97 0 2 359 151 1431 226
98 0 4 363 57 513 85
99 0 8 367 2 7 3
100 1 1 371 176 1680 264
101 1 5 374 9 72 13
102 0 2 378 4 33 6
103 1 9 382 3 9 4
104 0 3 386 1 8 1
105 1 1 390 8 64 12
106 1 1 393 99073 1242999 148609
107 0 1 396 88 811 132
108 0 2 399 8 64 12
109 1 2 403 153 1450 229
110 1 10 407 19 63 28
111 0 8 411 1 5 1
112 0 2 415 14027 163015 21040
113 0 7 419 1 4 1
114 0 4 423 5 40 7
115 1 1 427 217 2093 325
116 0 23 430 4 12 6
117 1 3 435 1 11 1
118 0 2 439 636 6460 954
119 0 21 443 727 3311 1090
120 0 2 448 6 48 9
121 0 1 452 63 570 94
122 1 1 455 1 9 1
123 1 5 458 3522 38628 5283
124 1 1 462 2 17 3
125 1 18 465 6 18 9
126 1 2 470 1 9 1
127 1 2 474 30 261 45
128 0 1 478 1 8 1
129 0 6 481 1 11 1
130 0 1 485 799 8202 1198
131 1 3 488 1 9 1
132 0 5 492 4 33 6
133 0 31 496 416 1817 624
134 1 6 501 39 344 58
135 1 11 505 3 9 4
136 0 20 509 45 163 67
137 0 3 514 1394 14678 2091
138 0 2 518 1 9 1
139 0 3 522 1 11 1
140 0 17 526 21 70 31
141 1 7 531 7 21 10
142 1 3 535 1 8 1
143 0 1 539 1 13 1
144 1 3 542 2 17 3
145 0 5 546 2 17 3
146 0 2 550 1874 19994 2811
147 1 3 554 18 152 27
148 1 3 558 10171 116656 15256
149 0 1 562 28675 342948 43012
150 1 3 565 1 9 1
151 1 5 569 1 13 1
152 1 2 573 1 9 1
153 0 2 576 1 10 1
154 1 3 579 17 143 25
155 0 1 583 2 17 3
156 1 4 586 1 9 1
157 1 2 590 1 10 1
158 1 1 594 4 33 6
159 1 13 597 84 322 126
160 0 21 601 1 4 1
161 0 3 606 6 48 9
162 1 7 610 1 3 1
163 1 44 614 61 227 91
164 0 8 619 1 4 1
165 0 2 623 1004 10415 1506
166 1 7 627 7 21 10
167 1 19 631 36 127 54
168 1 7 636 1 4 1
169 0 18 640 281 1191 421
170 0 19 645 91 351 136
171 1 1 650 12 98 18
172 0 3 653 1 10 1
173 0 5 657 96 889 144
174 1 1 661 84 772 126
175 1 4 664 1 8 1
176 1 3 668 898 9268 1347
177 0 1 672 1 9 1
178 0 2 675 47 419 70
179 0 27 678 1 3 1
180 1 1 683 1 9 1
181 1 5 686 1 9 1
182 0 2 690 1 13 1
183 1 1 694 1 10 1
184 0 4 697 4 33 6
185 1 4 701 1 8 1
186 1 1 705 19082 224541 28623
187 1 3 707 156 1480 234
188 1 3 711 1 9 1
189 1 3 715 10 81 15
190 0 7 719 1 3 1
191 1 1 723 1884 20105 2826
192 1 7 726 1 5 1
193 1 7 730 2 6 3
194 1 1 734 1887 20139 2830
195 0 2 737 17 143 25
196 0 2 741 17 143 25
197 1 2 745 4191 46311 6286
198 0 3 749 212 2043 318
199 0 3 753 208 2002 312
200 1 4 757 30 260 45
201 1 7 761 7 21 10
202 0 14 765 3101 15614 4651
203 0 1 769 1 9 1
204 1 1 772 4 33 6
205 1 10 775 604 2714 906
206 0 4 779 11 90 16
207 0 5 783 5 40 7
208 1 4 787 29 251 43
209 0 1 791 15 125 22
210 1 10 794 2 7 3
211 0 3 798 4 33 6
212 1 1 802 1 9 1
213 1 18 805 1 3 1
214 1 1 810 1 10 1
215 1 1 813 1 9 1
216 1 7 816 1 4 1
217 1 1 820 1 9 1
218 1 4 823 1 10 1
219 0 2 827 179 1710 268
220 0 3 830 33 288 49
221 0 1 834 12 98 18
222 0 5 836 578 5845 867
223 0 2 840 4 33 6
224 1 10 843 3 10 4
225 0 1 847 1 9 1
226 0 1 850 2 17 3
227 1 2 853 59 532 88
228 0 6 857 1 10 1
229 1 2 861 1 9 1
230 1 1 865 106 986 159
231 1 6 868 1 9 1
232 0 2 872 1 9 1
233 1 4 875 1 9 1
234 1 1 879 5 40 7
235 1 7 882 1 3 1
236 1 5 886 4 33 6
237 1 5 890 2 17 3
238 0 3 894 13017 150817 19525
239 0 3 898 57 513 85
240 1 1 902 4018 44319 6027
241 1 1 905 3 25 4
242 1 4 908 2 17 3
243 1 13 912 826 3797 1239
244 1 2 916 2 17 3
245 1 2 920 2479 26777 3718
246 0 17 924 1 7 1
247 1 2 929 1586 16796 2379
248 1 4 933 1 8 1
249 1 2 937 11211 129101 16816
250 0 4 940 802 8234 1203
251 1 3 944 1 9 1
252 1 19 948 1 3 1
253 1 1 953 15 125 22
254 1 9 956 1 4 1
255 0 1 960 5 41 7
256 1 1 963 3 25 4
257 0 2 966 1 11 1
258 0 3 970 1 10 1
259 0 1 974 1 10 1
260 1 2 977 1 9 1
261 1 2 980 1 13 1
262 1 1 983 1 11 1
263 1 3 985 1 11 1
264 0 2 989 214394 2768136 321591
265 1 4 992 68 618 102
266 0 3 996 1 12 1
267 1 1 1000 9 72 13
268 0 1 1003 364 3601 546
269 1 6 1006 1 9 1
270 0 1 1010 5 41 7
271 1 1 1013 99 918 148
272 0 1 1016 22 188 33
273 1 2 1019 7 56 10
274 1 12 1022 299 1273 448
275 0 1 1026 1 9 1
276 1 15 1029 19 63 28
277 1 4 1033 4 33 6
278 1 6 1037 2 7 3
279 1 7 1041 1 4 1
280 0 5 1045 33 288 49
281 1 4 1049 2700 29273 4050
282 0 7 1053 54 199 81
283 1 4 1057 10 81 15
284 1 5 1061 11 90 16
285 0 2 1065 1 8 1
286 1 1 1069 771 7902 1156
287 0 2 1072 144 1361 216
288 1 1 1076 438 4371 657
289 0 3 1079 115 1074 172
290 0 4 1083 1 10 1
291 1 11 1087 2250192 16238367 3375288
292 1 6 1091 19 161 28
293 0 1 1095 1 11 1
294 0 6 1098 2 17 3
295 1 4 1102 1 8 1
296 0 1 1106 7240 81875 10860
297 1 5 1109 2 17 3
298 1 5 1113 6 48 9
299 0 6 1117 1 4 1
300 0 3 1121 232230 3007202 348345
301 1 14 1125 1 3 1
302 0 14 1129 4 12 6
303 1 1 1133 17 143 25
304 1 5 1136 4 33 6
305 0 12 1140 1 5 1
306 1 2 1144 1 11 1
307 1 2 1147 1 9 1
308 0 1 1151 83 762 124
309 1 3 1154 172 1640 258
310 1 4 1158 274383 3574700 411574
311 1 1 1162 361 3570 541
312 0 3 1165 1 9 1
313 1 1 1169 1 12 1
314 1 3 1172 1 9 1
315 1 3 1176 52 466 78
316 1 3 1180 1 9 1
317 0 2 1184 6 48 9
318 0 2 1187 14 116 21
319 1 4 1190 1 9 1
320 0 13 1194 4 12 6
321 0 2 1198 4 32 6
322 0 14 1202 1 4 1
323 1 8 1206 57 211 85
324 0 28 1210 560 2502 840
325 1 1 1215 1 10 1
326 0 10 1218 7 21 10
327 0 3 1222 38 335 57
328 0 3 1226 1 9 1
329 0 6 1230 2 17 3
330 1 4 1234 2 17 3
331 0 5 1238 2 17 3
332 0 3 1242 17493 205123 26239
333 0 3 1246 126 1183 189
334 0 3 1250 109 1016 163
335 1 3 1254 72 656 108
336 0 2 1258 7 56 10
337 1 3 1262 19 161 28
338 0 31 1266 359 1551 538
339 1 4 1271 1 9 1
340 0 4 1275 2 17 3
341 0 3 1279 652 6630 978
342 1 1 1283 2 17 3
343 0 4 1286 1 9 1
344 0 3 1290 1 9 1
345 0 1 1294 67 608 100
346 0 1 1297 6 48 9
347 1 3 1299 2 17 3
348 1 1 1303 1 11 1
349 1 4 1306 13782 160053 20673
350 0 1 1310 73 666 109
351 0 6 1313 1 10 1
352 0 4 1317 1 9 1
353 1 7 1321 261 1100 391
354 1 2 1325 1 9 1
355 0 1 1329 2 17 3
356 1 1 1332 1 9 1
357 0 2 1335 1 9 1
358 0 2 1339 1 9 1
359 0 16 1343 81 309 121
360 1 6 1348 293 2868 439
361 1 1 1352 4 33 6
362 0 1 1355 8233 93605 12349
363 0 2 1358 147 1391 220
364 1 1 1362 41 363 61
365 1 2 1365 232847 3015484 349270
366 1 3 1368 1 10 1
367 1 3 1372 7 56 10
368 0 3 1376 64 580 96
369 0 5 1380 224 2164 336
370 0 6 1384 1 10 1
371 0 8 1388 54 199 81
372 1 2 1392 1 12 1
373 1 3 1395 133 1252 199
374 0 3 1399 1 11 1
375 0 6 1403 4 12 6
376 0 2 1407 1 13 1
377 0 3 1411 399 3965 598
378 0 7 1415 237 991 355
379 0 1 1419 2347 25290 3520
380 0 3 1422 11 90 16
381 0 4 1426 24 206 36
382 1 5 1430 47 419 70
383 1 3 1434 1 9 1
384 0 18 1438 1 5 1
385 0 8 1443 24 81 36
386 0 2 1447 1 9 1
387 0 1 1450 2 17 3
388 1 2 1453 44 391 66
389 0 3 1457 470 4706 705
390 1 5 1461 612 6205 918
391 1 26 1465 1 4 1
392 1 3 1470 141 1331 211
393 1 4 1474 21 178 31
394 1 7 1478 1990 9727 2985
395 0 1 1482 3 25 4
396 0 13 1485 243053 1574874 364579
397 1 3 1489 57 513 85
398 0 9 1493 172730 1099678 259095
399 1 1 1497 1 11 1
400 0 2 1500 1 11 1
401 1 12 1504 1 6 1
402 0 5 1508 14 116 21
403 0 1 1512 1 10 1
404 0 8 1515 52 191 78
405 0 1 1519 3475 38091 5212
406 1 8 1522 1 3 1
407 1 8 1526 1 5 1
408 1 7 1530 1 4 1
409 1 2 1534 1 9 1
410 0 2 1538 29 251 43
411 0 1 1541 1 9 1
412 0 2 1543 7 56 10
413 1 5 1547 48 428 72
414 0 3 1551 1 10 1
415 0 1 1555 895 9235 1342
416 0 9 1557 68404 414511 102606
417 0 4 1561 6 48 9
418 1 7 1565 56 207 84
419 1 7 1569 225 937 337
420 0 2 1573 32 279 48
421 1 2 1577 6242 70151 9363
422 0 1 1581 1 9 1
423 1 1 1584 43 381 64
424 1 1 1587 1 9 1
425 0 80 1590 3 10 4
426 0 3 1595 12 99 18
427 1 1 1599 3 25 4
428 1 2 1601 222 2144 333
429 1 5 1604 4 33 6
430 1 4 1608 3 25 4
431 0 1 1612 106 986 159
432 0 5 1615 28 243 42
433 0 9 1619 584 2617 876
434 1 7 1623 331 1421 496
435 1 2 1627 2361 25448 3541
436 0 3 1631 22 188 33
437 0 23 1635 6 18 9
438 1 3 1640 1 9 1
439 0 2 1644 32 279 48
440 1 2 1648 1 9 1
441 1 7 1652 50823 302975 76234
442 1 7 1656 1 4 1
443 0 30 1660 176 718 264
444 0 5 1665 5 41 7
445 0 2 1669 1 9 1
446 1 9 1672 36 127 54
447 1 4 1676 1 10 1
448 0 11 1680 18 59 27
449 1 1 1684 2 17 3
450 1 4 1687 1 10 1
451 0 7 1691 17 56 25
452 1 7 1695 1 3 1
453 0 2 1699 5 41 7
454 1 1 1702 18 152 27
455 0 3 1705 11 90 16
456 0 2 1709 115 1074 172
457 1 2 1712 1 10 1
458 1 3 1716 3 25 4
459 0 2 1720 1656 17571 2484
460 1 8 1724 1 4 1
461 1 3 1728 2 17 3
462 0 2 1732 13110 151939 19665
463 0 1 1735 1 9 1
464 1 7 1738 2 6 3
465 0 2 1742 2 17 3
466 0 1 1746 6 48 9
467 1 1 1748 233 2256 349
468 1 4 1750 1028 10676 1542
469 0 3 1754 1028 10676 1542
470 0 6 1758 78 714 117
471 0 3 1762 1 10 1
472 0 3 1766 461 4612 691
473 0 3 1770 28 242 42
474 0 6 1774 21 179 31
475 0 1 1778 3 25 4
476 0 2 1781 40 353 60
477 0 2 1785 1 10 1
478 0 2 1788 1 10 1
479 0 1 1792 1 9 1
480 1 2 1795 1 9 1
481 0 8 1798 4 13 6
482 1 1 1802 24 206 36
483 1 8 1805 1 3 1
484 0 5 1809 28465 340337 42697
485 0 2 1813 19173 225655 28759
486 0 9 1817 5 15 7
487 0 5 1821 2429 26213 3643
488 1 2 1825 15 125 22
489 1 1 1829 20 170 30
490 1 2 1832 68 618 102
491 0 4 1836 7 56 10
492 0 1 1840 19 161 28
493 1 2 1843 1 9 1
494 1 9 1847 38 135 57
495 1 8 1851 1 4 1
496 0 1 1855 22 188 33
497 1 3 1858 7592 86026 11388
498 1 2 1862 19534 230076 29301
499 1 3 1866 9 73 13
500 0 2 1870 16 134 24
501 1 3 1874 7 56 10
502 0 3 1878 5 40 7
503 0 3 1882 116 1084 174
504 0 3 1886 1 9 1
505 0 7 1890 1 3 1
506 1 1 1894 1 10 1
507 1 2 1897 10682 122765 16023
508 0 2 1901 1 11 1
509 1 2 1905 1 9 1
510 1 4 1908 1 12 1
511 0 5 1912 1 10 1
512 1 5 1916 1 9 1
513 0 5 1920 1 9 1
514 1 2 1924 1 11 1
515 0 9 1927 6 18 9
516 1 3 1931 3 25 4
517 1 1 1935 1 9 1
518 1 4 1938 1 11 1
519 0 2 1942 210 2022 315
520 1 2 1946 1 9 1
521 0 3 1950 1 9 1
522 1 2 1954 31 270 46
523 0 1 1957 3 25 4
524 1 2 1960 3246 35476 4869
525 1 2 1964 24 206 36
526 0 1 1967 55 494 82
527 0 1 1970 42 372 63
528 1 8 1973 2031 9942 3046
529 0 2 1977 2 17 3
530 0 11 1981 160 648 240
531 0 4 1985 1 9 1
532 0 10 1989 61 227 91
533 0 13 1993 1 3 1
534 1 1 1997 58 523 87
535 0 10 2000 1 5 1
536 1 1 2004 1 11 1
537 0 3 2007 1 13 1
538 0 4 2011 1 9 1
539 1 1 2015 12 99 18
540 1 2 2018 1 10 1
541 1 1 2022 105810 1330815 158715
542 1 2 2025 2609 28244 3913
543 0 2 2029 7261 82122 10891
544 1 1 2032 946 9787 1419
545 0 4 2034 2 17 3
546 1 13 2038 1 4 1
547 0 10 2042 19 63 28
548 0 2 2046 1 11 1
549 0 1 2049 1 9 1
550 1 9 2051 9 27 13
551 1 2 2055 1 10 1
552 0 3 2058 640 6502 960
553 1 2 2062 1 9 1
554 0 6 2066 1 10 1
555 0 2 2070 148 1401 222
556 0 3 2073 5 41 7
557 1 11 2077 29 101 43
558 0 2 2081 2 17 3
559 0 6 2085 80 733 120
560 0 1 2089 1 9 1
561 1 9 2092 1 4 1
562 0 6 2096 68 618 102
563 0 3 2100 1 8 1
564 0 17 2104 11364 62109 17046
565 1 4 2109 45 400 67
566 0 1 2113 3 25 4
567 1 2 2116 4755 52827 7132
568 0 2 2119 1135 11840 1702
569 1 5 2123 1 10 1
570 1 34 2127 3947 20189 5920
571 1 12 2132 19 63 28
572 1 3 2136 1 11 1
573 1 1 2140 1 11 1
574 1 7 2143 14061 77840 21091
575 1 4 2147 14 116 21
576 1 2 2151 1 9 1
577 1 3 2155 1 10 1
578 0 7 2159 37 131 55
579 1 7 2163 38 135 57
580 0 3 2167 214 2063 321
581 1 1 2171 1 8 1
582 0 2 2174 32 279 48
583 0 2 2178 1 10 1
584 0 2 2182 4 33 6
585 1 6 2186 26 224 39
586 1 1 2190 127 1192 190
587 1 2 2193 493 4948 739
588 0 1 2197 8 64 12
589 0 7 2200 1 4 1
590 0 2 2204 606 6141 909
591 0 7 2208 2 7 3
592 1 6 2212 18 152 27
593 1 4 2216 6952 78484 10428
594 0 10 2220 6161 32423 9241
595 1 3 2224 2 17 3
596 0 2 2228 3 25 4
597 1 10 2231 4 12 6
598 0 24 2235 8 24 12
599 0 22 2240 5 15 7
600 0 2 2245 22 188 33
601 0 2 2249 4871 54171 7306
602 0 3 2253 4260 47106 6390
603 0 1 2257 52 466 78
604 0 1 2260 60 542 90
605 1 1 2263 1 10 1
606 1 1 2266 1 12 1
607 0 3 2269 378 3746 567
608 0 2 2273 24 206 36
609 0 10 2277 971 4516 1456
610 0 2 2281 44 391 66
611 0 7 2285 9 27 13
612 1 3 2289 2079 22283 3118
613 0 2 2293 6309 70936 9463
614 1 2 2296 120 1123 180
615 0 3 2299 45939 559663 68908
616 1 1 2303 77 705 115
617 1 1 2306 5710 63931 8565
618 0 1 2309 1 10 1
619 1 3 2311 3 25 4
620 0 3 2315 15 125 22
621 0 1 2319 893 9214 1339
622 1 6 2322 4 33 6
623 0 5 2326 4179 46172 6268
624 0 3 2330 575 5813 862
625 1 2 2334 1 9 1
626 1 4 2338 278 2715 417
627 0 4 2342 1 10 1
628 0 3 2346 35 307 52
629 0 3 2350 1 11 1
630 1 6 2354 2 7 3
631 1 5 2358 1 9 1
632 0 5 2362 1 11 1
633 0 3 2366 1 9 1
634 1 4 2370 57 513 85
635 1 12 2374 9 27 13
636 1 4 2378 4 33 6
637 1 2 2382 1 8 1
638 0 7 2386 1 3 1
639 1 4 2390 1234 12921 1851
640 0 1 2394 45 400 67
641 0 6 2397 1 9 1
642 1 1 2401 6 48 9
643 1 2 2404 4 33 6
644 0 1 2408 1 9 1
645 1 1 2411 1 8 1
646 0 1 2414 55296 678506 82944
647 1 3 2417 2963 32255 4444
648 0 5 2421 1 9 1
649 1 1 2425 2 17 3
650 1 1 2428 1 9 1
651 1 6 2431 1105 11513 1657
652 0 1 2435 115 1074 172
653 1 7 2438 2 7 3
654 0 2 2442 50 447 75
655 0 4 2446 51 456 76
656 0 3 2450 4 33 6
657 0 3 2454 1 12 1
658 0 13 2458 48 175 72
659 0 2 2462 1 9 1
660 0 3 2466 2 17 3
661 0 2 2470 117 1094 175
662 0 2 2474 6 48 9
663 1 2 2478 3 25 4
664 0 1 2482 1 9 1
665 1 6 2485 351 3466 526
666 0 1 2489 1 8 1
667 1 4 2492 3 25 4
668 0 10 2496 5 15 7
669 1 2 2500 6 48 9
670 0 4 2504 11 90 16
671 1 3 2508 3005370 42557134 4508055
672 1 3 2512 1 8 1
673 1 9 2516 2819 14105 4228
674 1 1 2520 27 233 40
675 0 4 2523 46 410 69
676 0 5 2527 1 9 1
677 0 2 2531 413 4110 619
678 0 1 2535 3 25 4
679 1 1 2538 2 17 3
680 0 4 2541 10657 122466 15985
681 1 1 2545 327543 4294713 491314
682 1 5 2548 9 72 13
683 1 1 2552 1 9 1
684 1 4 2555 6750 76110 10125
685 0 5 2559 434 4330 651
686 0 1 2563 10 81 15
687 1 6 2566 121 1133 181
688 0 1 2570 1 11 1
689 1 1 2573 10 81 15
690 1 2 2576 4 33 6
691 0 2 2579 1 11 1
692 1 5 2583 1 9 1
693 0 1 2587 1 10 1
694 0 3 2590 2 17 3
695 1 1 2594 1 9 1
696 1 10 2597 16 52 24
697 1 1 2601 1140 11894 1710
698 0 2 2604 1 9 1
699 0 4 2608 27 233 40
700 1 1 2612 1 9 1
701 0 3 2615 50 447 75
702 0 1 2619 1198 12528 1797
703 0 11 2622 70 264 105
704 0 4 2626 1 8 1
705 0 3 2630 23 197 34
706 0 2 2634 333 3280 499
707 1 3 2637 13 107 19
708 1 4 2641 1 9 1
709 1 6 2645 490 4916 735
710 1 8 2649 4 12 6
711 0 10 2653 1 3 1
712 1 1 2657 9845 112766 14767
713 1 1 2660 4 33 6
714 1 1 2663 2551 27589 3826
715 1 5 2666 2 17 3
716 1 2 2670 2 17 3
717 0 7 2674 45 163 67
718 0 5 2678 16 134 24
719 1 1 2682 1 9 1
720 0 2 2685 63 570 94
721 1 1 2688 40 353 60
722 1 3 2691 61 551 91
723 1 9 2695 1 5 1
724 1 1 2699 5 40 7
725 1 4 2702 1 13 1
726 1 3 2706 33108 398217 49662
727 0 2 2710 2 17 3
728 1 2 2713 8 64 12
729 1 3 2716 1 9 1
730 1 13 2720 4 12 6
731 1 5 2724 1 12 1
732 0 2 2728 10 81 15
733 1 21 2732 1 4 1
734 1 2 2737 673 6854 1009
735 1 2 2741 1703 18092 2554
736 1 12 2744 11 34 16
737 0 1 2748 4030 44457 6045
738 0 2 2751 60 542 90
739 0 2 2754 1 10 1
740 0 2 2758 1 9 1
741 1 6 2762 1 10 1
742 0 1 2766 102 947 153
743 1 1 2769 1 11 1
744 1 1 2772 3 25 4
745 0 1 2775 26 224 39
746 0 1 2777 1 9 1
747 1 1 2780 2 17 3
748 0 4 2783 1 10 1
749 0 2 2787 504 5064 756
750 0 2 2791 58230 715932 87345
751 0 1 2795 28 242 42
752 1 1 2798 10 81 15
753 0 2 2801 1 10 1
754 0 2 2805 3 25 4
755 0 2 2809 27 233 40
756 0 3 2813 2 17 3
757 1 2 2817 2 17 3
758 1 2 2821 8668 98762 13002
759 1 15 2824 1 3 1
760 0 2 2828 2 17 3
761 1 2 2832 50 447 75
762 0 8 2835 1 4 1
763 0 3 2839 157 1490 235
764 0 2 2843 10 81 15
765 0 1 2847 143 1351 214
766 0 1 2850 2673 28968 4009
767 1 5 2852 1 11 1
768 0 1 2856 1 10 1
769 1 13 2859 1 3 1
770 0 23 2863 58 215 87
771 0 4 2868 56499 693843 84748
772 1 3 2872 68 618 102
773 1 1 2876 8 64 12
774 1 2 2879 1 10 1
775 0 5 2882 1 10 1
776 1 2 2886 1 13 1
777 0 5 2889 49 438 73
778 1 1 2893 18 152 27
779 0 1 2896 3 25 4
780 0 3 2899 2 17 3
781 0 4 2903 1 9 1
782 0 5 2907 13 107 19
783 1 8 2911 1275 6044 1912
784 0 1 2915 1 9 1
785 0 1 2918 22 188 33
786 0 5 2921 267 2602 400
787 0 4 2925 57 513 85
788 0 1 2929 4 33 6
789 1 9 2932 5 15 7
790 1 11 2936 1 4 1
791 0 1 2940 4 33 6
792 0 1 2943 1150637 15770895 1725955
793 1 2 2946 1 10 1
794 0 4 2950 1 9 1
795 0 15 2954 45 163 67
796 0 9 2958 1 4 1
797 1 1 2962 1 9 1
798 1 4 2965 2 17 3
799 0 1 2969 19 161 28
800 1 2 2972 520 5232 780
801 1 8 2975 1 4 1
802 0 4 2979 1 10 1
803 0 23 2983 948 4401 1422
804 0 7 2988 172 701 258
805 1 4 2992 51 457 76
806 1 2 2996 110 1025 165
807 1 2 3000 4 33 6
808 0 8 3004 4139 21237 6208
809 1 5 3008 1 9 1
810 1 4 3012 5458 60993 8187
811 1 1 3016 205 1972 307
812 0 1 3019 1 11 1
813 0 5 3022 1 9 1
814 0 1 3026 2 17 3
815 1 1 3029 10 81 15
816 0 8 3032 121 479 181
817 1 12 3036 36 127 54
818 1 3 3040 1 9 1
819 0 4 3044 16 134 24
820 1 8 3048 24 81 36
821 1 9 3052 1 4 1
822 1 1 3056 26 224 39
823 1 7 3059 245 1027 367
824 1 5 3063 5 40 7
825 0 1 3067 4117 45458 6175
826 0 3 3070 1 12 1
827 1 24 3074 1 4 1
828 0 5 3079 1 12 1
829 1 1 3083 1 8 1
830 1 11 3086 1 4 1
831 1 5 3090 1 8 1
832 0 15 3094 32 112 48
833 1 5 3098 27 233 40
834 0 3 3102 1 9 1
835 1 2 3106 744 7612 1116
836 0 3 3110 1580 16729 2370
837 1 1 3114 181 1730 271
838 0 1 3117 5935 66559 8902
839 0 9 3120 1 4 1
840 1 1 3124 1014 10523 1521
841 0 1 3127 11 90 16
842 1 5 3130 1 9 1
843 0 1 3134 383 3798 574
844 1 6 3137 129 1212 193
845 0 9 3141 2569482 18655393 3854223
846 1 3 3145 1 10 1
847 0 3 3149 1 9 1
848 1 5 3153 625 6343 937
849 0 1 3157 77110 958303 115665
850 0 3 3160 137 1291 205
851 0 11 3164 5 15 7
852 0 1 3168 309 3033 463
853 1 2 3169 1 10 1
854 1 2 3172 1 9 1
855 0 2 3176 1 10 1
856 1 2 3180 1 9 1
857 0 1 3184 1 11 1
858 0 6 3187 1 10 1
859 1 3 3191 1 10 1
860 0 9 3195 1 4 1
861 1 1 3199 317 3115 475
862 1 3 3202 130 1222 195
863 1 6 3206 2 17 3
864 0 4 3210 1 11 1
865 1 5 3214 8 64 12
866 0 4 3218 8 64 12
867 1 9 3222 1 4 1
868 0 2 3226 1 10 1
869 0 1 3230 1 11 1
870 1 9 3233 2 7 3
871 0 2 3237 1 10 1
872 0 16 3240 129 513 193
873 1 11 3245 35 123 52
874 0 8 3249 1 5 1
875 0 2 3253 93 859 139
876 0 1 3256 135 1272 202
877 1 2 3259 71 647 106
878 1 66 3263 3 10 4
879 0 48 3268 2650 13205 3975
880 1 7 3273 1 6 1
881 1 13 3277 1 3 1
882 0 11 3281 1 3 1
883 1 1 3285 3 25 4
884 0 10 3288 29 101 43
885 0 2 3292 1 9 1
886 0 1 3295 1 10 1
887 1 2 3298 73 666 109
888 0 5 3302 114 1065 171
889 1 2 3306 61 551 91
890 1 4 3309 1 9 1
891 1 13 3313 591 2651 886
892 0 2 3317 26 224 39
893 0 3 3320 3 25 4
894 0 1 3324 1 10 1
895 1 3 3327 1 12 1
896 0 6 3331 1 12 1
897 0 1 3335 1 9 1
898 1 2 3338 13 107 19
899 1 12 3342 16 52 24
900 0 1 3346 1 9 1
901 1 1 3349 1 9 1
902 0 3 3352 5 40 7
903 0 4 3356 2 17 3
904 0 1 3360 17 143 25
905 0 17 3363 21 70 31
906 1 3 3368 54 485 81
907 0 3 3372 23 197 34
908 1 1 3376 26 224 39
909 0 9 3379 4 12 6
910 0 2 3383 2 17 3
911 0 3 3387 1 10 1
912 1 3 3391 969 10036 1453
913 0 12 3395 38 135 57
914 1 3 3399 2 17 3
915 0 4 3403 50093 612322 75139
916 1 2 3407 46 409 69
917 1 12 3411 1 5 1
918 1 1 3415 2 17 3
919 0 21 3418 1 5 1
920 0 2 3423 20 170 30
921 1 2 3427 75 685 112
922 1 3 3431 17 143 25
923 0 1 3435 1 10 1
924 1 2 3438 32 279 48
925 1 7 3442 1 3 1
926 1 4 3446 12 98 18
927 0 5 3450 2 17 3
928 0 2 3454 6 48 9
929 1 5 3458 78 714 117
930 1 1 3462 1 10 1
931 1 1 3465 386 3829 579
932 1 18 3468 1 4 1
933 1 6 3473 3079 33574 4618
934 1 6 3477 810 8320 1215
935 1 1 3481 242 2347 363
936 0 10 3484 3 10 4
937 1 4 3488 47 419 70
938 1 5 3492 3 25 4
939 1 2 3496 36 316 54
940 0 16 3499 1113 5226 1669
941 0 8 3503 2 6 3
942 0 2 3507 1 9 1
943 1 3 3511 1 9 1
944 0 3 3515 1 10 1
945 1 9 3519 340 1463 510
946 1 6 3523 10 31 15
947 1 1 3527 19 161 28
948 0 6 3530 533 2372 799
949 0 8 3534 1 4 1
950 1 1 3538 2722 29522 4083
951 0 5 3541 13 107 19
952 1 2 3545 2 17 3
953 1 3 3548 643 6534 964
954 1 5 3552 1 9 1
955 1 1 3556 35 307 52
956 1 5 3559 1 13 1
957 0 2 3563 1 9 1
958 1 12 3567 7 21 10
959 1 12 3571 8 24 12
960 1 2 3575 11 90 16
961 1 1 3579 1 9 1
962 0 2 3582 34 298 51
963 0 4 3586 1 10 1
964 1 7 3590 1 5 1
965 1 4 3594 43 381 64
966 0 3 3598 1581 16741 2371
967 1 2 3602 220 2124 330
968 0 1 3606 1519 16055 2278
