0 0 5 5 1 3 1
1 0 6 9 1 4 1
2 0 10 13 1 4 1
3 0 14 17 1 4 1
4 0 4 21 1 4 1
5 1 4 25 4 13 6
6 0 9 29 13 41 19
7 0 3 33 274 1159 411
8 0 2 37 7758 87987 11637
9 1 1 41 35654804 546600923 53482206
10 0 1 44 8 64 12
11 1 9 47 317 1356 475
12 0 1 51 25 215 37
13 0 1 54 11 90 16
14 0 3 57 1 10 1
15 0 3 61 442 4413 663
16 1 3 65 58 523 87
17 0 1 69 3 25 4
18 1 1 72 3 25 4
19 0 12 74 20 67 30
20 1 1 78 4 33 6
21 0 2 81 1 9 1
22 0 5 85 15 48 22
23 0 2 89 3161 34507 4741
24 1 1 93 1293 13568 1939
25 1 5 96 68 256 102
26 1 7 100 434 1902 651
27 0 1 104 1723 18314 2584
28 1 4 107 2001 9785 3001
29 1 12 111 6915 36655 10372
30 1 3 115 4 33 6
31 1 1 119 1 12 1
32 1 1 122 1 8 1
33 1 2 125 1 9 1
34 1 2 129 2 17 3
35 1 2 133 1 9 1
36 1 2 136 8 64 12
37 0 2 140 20 170 30
38 0 3 144 8 24 12
39 0 4 148 457 2011 685
40 1 4 152 8 24 12
41 0 7 156 93 360 139
42 1 1 160 121 1133 181
43 0 2 163 51 456 76
44 0 1 166 1 8 1
45 1 1 169 34 297 51
46 1 4 172 10 31 15
47 1 9 176 229 955 343
48 1 3 180 6 48 9
49 0 1 184 166 1580 249
50 0 1 186 1308 13733 1962
51 1 1 189 8 64 12
52 0 3 192 3 25 4
53 0 1 196 16 134 24
54 1 3 199 2 17 3
55 1 1 203 1 10 1
56 0 1 206 2 17 3
57 1 2 209 1 10 1
58 0 1 212 4 33 6
59 1 1 215 952 9851 1428
60 1 8 218 46 167 69
61 1 1 222 473 4738 709
62 1 3 225 2 17 3
63 0 1 229 994 10306 1491
64 1 1 232 33 288 49
65 0 12 235 626 2820 939
66 1 3 239 7 21 10
67 0 1 243 2 17 3
68 1 1 246 19 161 28
69 1 3 249 2 17 3
70 1 8 253 21316 120940 31974
71 1 1 257 1 10 1
72 1 4 260 2 6 3
73 0 7 264 24 81 36
74 1 1 268 1 10 1
75 1 20 271 1 3 1
76 0 4 276 1787 8672 2680
77 0 7 280 310 1324 465
78 0 3 284 7 21 10
79 1 1 288 1 10 1
80 0 2 291 223 2154 334
81 1 1 295 1 11 1
82 0 4 298 3 10 4
83 1 1 302 1 10 1
84 1 1 305 379 3756 568
85 1 8 308 2 7 3
86 1 2 312 17 143 25
87 1 1 316 187 1791 280
88 1 3 319 49 437 73
89 1 22 323 6062 31870 9093
90 1 1 328 1 9 1
91 1 2 330 4726 52491 7089
92 0 1 334 78 714 117
93 1 9 337 1 3 1
94 0 2 341 1 9 1
95 0 3 345 299 1273 448
96 1 7 349 1 4 1
97 1 1 353 1 9 1
98 1 6 356 392 1705 588
99 0 4 360 1 4 1
100 1 2 364 1 11 1
101 0 2 367 252 2449 378
102 1 3 371 1 3 1
103 1 9 375 1 3 1
104 1 2 379 3 25 4
105 1 4 383 142 570 213
106 1 3 387 1 3 1
107 1 6 391 1 4 1
108 1 1 395 5 40 7
109 0 4 398 82 314 123
110 1 2 402 4 33 6
111 1 1 406 67 608 100
112 1 2 409 1 9 1
113 1 2 413 1 10 1
114 1 1 416 1 10 1
115 1 34 419 1 5 1
116 1 4 424 1 5 1
117 1 2 428 14 116 21
118 1 1 431 9 73 13
119 0 7 434 21 70 31
120 0 5 438 2808 14046 4212
121 0 2 442 4 33 6
122 1 7 445 2 6 3
123 1 5 449 1 5 1
124 1 2 453 1 9 1
125 1 5 456 145 583 217
126 1 1 460 2 17 3
127 1 1 462 1 8 1
128 1 1 465 47331 577290 70996
129 1 11 468 6 18 9
130 0 26 472 4 12 6
131 1 2 477 1 10 1
132 0 4 481 180 736 270
133 1 2 485 73 666 109
134 1 5 489 23 78 34
135 0 7 493 1 4 1
136 1 4 497 1 3 1
137 1 1 501 1 10 1
138 1 4 504 8 24 12
139 1 5 508 2 6 3
140 0 3 512 1 3 1
141 1 1 516 4 33 6
142 1 11 519 815 3742 1222
143 1 8 523 10 31 15
144 0 1 527 1 9 1
145 0 1 530 1 9 1
146 0 4 533 1415 6757 2122
147 1 1 537 1 13 1
148 1 4 540 3 10 4
149 0 7 544 88 339 132
150 0 4 548 553 2468 829
151 1 4 552 468 2063 702
152 0 5 556 8 24 12
153 1 3 560 54 485 81
154 0 4 564 1 4 1
155 0 31 568 11 34 16
156 0 2 573 1 9 1
157 0 1 577 1 9 1
158 1 17 580 36 128 54
159 0 10 585 1 3 1
160 1 1 589 61 551 91
161 1 3 592 1 4 1
162 1 3 596 134 535 201
163 1 5 600 148 596 222
164 0 24 604 2 7 3
165 0 8 609 1 4 1
166 1 6 613 1 3 1
167 1 1 617 73 666 109
168 1 6 620 1 3 1
169 1 9 624 4163 21368 6244
170 0 2 628 20313 239627 30469
171 1 3 632 504 2234 756
172 1 3 636 2 6 3
173 1 7 640 4 12 6
174 1 1 644 6 48 9
175 0 2 647 224 2164 336
176 1 2 650 1 11 1
177 0 10 654 107 419 160
178 0 4 658 1 3 1
179 1 6 662 26 89 39
180 1 2 666 7 56 10
181 1 27 670 1885 9180 2827
182 1 13 675 1 4 1
183 1 3 679 4323 22243 6484
184 1 1 683 174 1660 261
185 1 3 686 1 9 1
186 0 5 690 3164 15953 4746
187 1 6 694 72 272 108
188 1 3 698 3 25 4
189 1 3 702 2 6 3
190 0 4 706 1 3 1
191 1 1 710 4 33 6
192 0 1 713 1 9 1
193 0 1 716 208 2002 312
194 1 2 719 4 33 6
195 0 2 722 23 197 34
196 0 3 725 108 1006 162
197 0 1 729 4 33 6
198 0 1 732 592 5993 888
199 0 48 735 167 679 250
200 1 9 740 3 10 4
201 1 3 744 7 56 10
202 1 5 748 4 13 6
203 0 5 752 2 6 3
204 0 2 756 1 8 1
205 1 8 759 14 45 21
206 0 2 763 1 12 1
207 1 6 767 147 591 220
208 1 1 771 2 17 3
209 1 1 774 1 10 1
210 0 16 777 9 27 13
211 0 2 782 16 134 24
212 0 4 785 27 93 40
213 0 8 789 78 297 117
214 0 7 793 1 4 1
215 0 2 797 12 99 18
216 1 3 800 1 4 1
217 1 2 804 1 9 1
218 0 2 807 287 2807 430
219 0 2 811 8 64 12
220 1 14 815 1 4 1
221 0 2 819 2 17 3
222 1 13 822 1 4 1
223 1 5 826 23 78 34
224 1 3 830 1 3 1
225 0 1 834 1 9 1
226 1 1 837 1 10 1
227 1 2 839 1 9 1
228 1 5 842 16 52 24
229 1 2 846 778 7977 1167
230 0 9 850 1 4 1
231 0 2 854 3 25 4
232 0 3 857 4485 49703 6727
233 0 1 861 1 9 1
234 1 4 864 629 2834 943
235 0 2 868 1 10 1
236 1 2 871 40 353 60
237 1 6 874 23 78 34
238 0 2 878 1 9 1
239 1 2 881 508 5106 762
240 0 6 885 54 199 81
241 0 10 889 521 2315 781
242 1 13 893 7 21 10
243 0 4 897 156 630 234
244 0 1 901 1 9 1
245 0 12 904 2 7 3
246 0 5 908 9 27 13
247 1 1 912 4 33 6
248 1 5 915 1 4 1
249 1 1 919 20 170 30
250 0 20 922 1 4 1
251 0 1 927 44 391 66
252 1 1 930 1 9 1
253 0 4 933 1 5 1
254 1 1 937 326 3208 489
255 1 2 940 2978 32425 4467
256 1 35 943 3 9 4
257 1 3 948 1328 13952 1992
258 0 5 952 30 104 45
259 0 12 956 9869 53476 14803
260 0 21 960 1 3 1
261 1 4 965 1 4 1
262 1 14 969 1903 9274 2854
263 0 2 973 6 48 9
264 0 4 977 77 293 115
265 1 3 981 37 325 55
266 1 4 985 35 124 52
267 1 8 989 6 18 9
268 0 2 993 25 215 37
269 1 1 997 1 10 1
270 0 2 1000 5 40 7
271 1 1 1003 5 40 7
272 0 12 1006 1 5 1
273 1 2 1010 17 143 25
274 1 5 1014 1 4 1
275 1 4 1018 196 807 294
276 0 14 1022 23 78 34
277 0 9 1026 34 120 51
278 0 1 1030 3 25 4
279 1 16 1033 1 4 1
280 0 1 1037 7 56 10
281 0 3 1040 18 152 27
282 1 6 1044 992 4620 1488
283 1 3 1048 2 6 3
284 0 1 1052 43 381 64
285 0 21 1055 2 7 3
286 0 7 1060 2 7 3
287 1 2 1064 11 90 16
288 1 5 1068 1 4 1
289 1 6 1072 3 9 4
290 1 6 1076 1 5 1
291 0 5 1080 142 569 213
292 0 2 1084 1 9 1
293 1 1 1088 9 73 13
294 1 10 1091 131 522 196
295 1 4 1095 1 4 1
296 0 2 1099 6385 71826 9577
297 1 4 1102 14 45 21
298 0 2 1106 2 17 3
299 1 5 1109 5 15 7
300 0 1 1113 23 197 34
301 0 1 1116 365 3611 547
302 0 5 1119 5148 26786 7722
303 1 2 1123 2 17 3
304 0 1 1126 1 10 1
305 1 2 1128 4808 53441 7212
306 1 2 1132 1 9 1
307 0 1 1136 3 25 4
308 0 3 1139 113 1055 169
309 0 1 1143 4185 46241 6277
310 0 8 1146 129 513 193
311 1 5 1150 9517 51455 14275
312 1 2 1154 1 11 1
313 0 19 1158 448 1968 672
314 1 10 1163 156 631 234
315 1 2 1167 10 81 15
316 0 8 1171 1 4 1
317 1 2 1175 207 1992 310
318 0 3 1179 16052 89566 24078
319 1 5 1183 2 6 3
320 1 2 1187 7 56 10
321 1 2 1191 1 9 1
322 0 3 1194 1 3 1
323 1 1 1198 1 10 1
324 0 1 1201 1 10 1
325 0 2 1204 1 10 1
326 0 3 1207 2 17 3
327 0 2 1211 3 25 4
328 0 1 1214 2267 24391 3400
329 1 2 1216 1785 19003 2677
330 0 9 1220 7 21 10
331 0 9 1224 1 4 1
332 0 4 1228 2 7 3
333 1 6 1232 5 15 7
334 1 1 1236 1 10 1
335 0 3 1239 7 21 10
336 0 1 1243 3 25 4
337 1 2 1246 59 532 88
338 0 1 1249 7152 80838 10728
339 1 3 1251 1 3 1
340 1 2 1255 1 9 1
341 1 7 1259 50 183 75
342 0 7 1263 26 89 39
343 0 9 1267 23 78 34
344 0 6 1271 195 802 292
345 1 3 1275 28 243 42
346 0 5 1279 3971 20320 5956
347 1 2 1283 1 10 1
348 1 1 1287 1 10 1
349 0 1 1290 9 73 13
350 1 3 1293 4798 24852 7197
351 0 7 1297 1 4 1
352 1 3 1301 24 81 36
353 0 1 1305 36 316 54
354 0 1 1307 1 9 1
355 1 3 1310 5 15 7
356 0 1 1314 2 17 3
357 1 6 1317 1 4 1
358 0 18 1321 1 4 1
359 0 2 1326 7 56 10
360 1 7 1330 1 3 1
361 1 3 1334 1 3 1
362 0 5 1338 1 4 1
363 0 2 1342 2 17 3
364 0 16 1346 27 93 40
365 0 2 1351 909 9387 1363
366 0 2 1355 20 170 30
367 1 6 1358 1 4 1
368 1 2 1362 289 2827 433
369 1 3 1365 1420 14964 2130
370 1 17 1369 288 1223 432
371 1 4 1374 6 18 9
372 0 48 1378 133 530 199
373 1 2 1383 1 8 1
374 0 2 1387 12 98 18
375 0 1 1391 72 657 108
376 1 2 1394 2 17 3
377 1 3 1397 15 48 22
378 0 4 1401 1 4 1
379 1 2 1405 3 25 4
380 0 9 1409 16 52 24
381 0 4 1413 1 6 1
382 1 2 1417 49 438 73
383 0 2 1421 2 17 3
384 1 2 1424 6 48 9
385 0 2 1428 1 8 1
386 1 4 1431 11 34 16
387 1 2 1435 110 1025 165
388 1 1 1439 923 9538 1384
389 0 2 1442 1 10 1
390 1 5 1446 1 4 1
391 0 2 1450 5 41 7
392 1 2 1453 1 9 1
393 1 3 1456 2 7 3
394 1 3 1460 2 7 3
395 0 18 1464 2 6 3
396 1 4 1469 2 7 3
397 0 6 1473 1 3 1
398 0 4 1477 33 116 49
399 1 4 1481 1 6 1
400 0 10 1485 669 3028 1003
401 1 6 1489 870 4014 1305
402 1 2 1493 1 11 1
403 0 2 1497 1 10 1
404 0 3 1501 9480 51243 14220
405 1 6 1505 21 70 31
406 0 20 1509 3 9 4
407 1 4 1514 10 31 15
408 1 9 1518 27 93 40
409 0 3 1522 1 9 1
410 0 4 1526 1 4 1
411 1 1 1530 304 2981 456
412 1 10 1533 1 4 1
413 0 1 1537 1 13 1
414 0 2 1540 1111 11578 1666
415 0 3 1543 7376 39257 11064
416 1 7 1547 804 3688 1206
417 1 2 1551 16 134 24
418 1 1 1555 1 9 1
419 1 1 1558 1690 17948 2535
420 0 1 1561 1 9 1
421 0 5 1564 1 3 1
422 1 1 1568 839 8632 1258
423 0 2 1571 50 447 75
424 0 1 1575 1 9 1
425 0 5 1578 1 3 1
426 0 2 1582 1 9 1
427 0 4 1586 19359 109219 29038
428 0 8 1590 3 10 4
429 1 1 1594 1 9 1
430 1 1 1597 122 1143 183
431 1 5 1599 17 56 25
432 0 9 1603 4028 20631 6042
433 0 3 1607 235697 3053749 353545
434 1 2 1611 1 9 1
435 1 4 1615 77971 475864 116956
436 1 1 1619 38 335 57
437 1 1 1622 21 179 31
438 1 12 1625 1 3 1
439 0 3 1629 10 31 15
440 0 4 1633 80 305 120
441 0 7 1637 2002 9790 3003
442 1 7 1641 342 1472 513
443 1 3 1645 56781 340577 85171
444 0 7 1649 1 3 1
445 1 6 1653 1 6 1
446 0 8 1657 9 27 13
447 1 4 1661 1 4 1
448 0 2 1665 1 9 1
449 0 1 1669 2 17 3
450 1 2 1672 1 11 1
451 1 6 1676 1 5 1
452 1 2 1680 238 2306 357
453 0 2 1684 1 8 1
454 1 1 1687 384 3809 576
455 1 3 1690 1 5 1
456 0 1 1694 13 107 19
457 0 5 1697 3758 19161 5637
458 1 2 1701 3 25 4
459 1 1 1705 4681 51970 7021
460 0 11 1708 1 3 1
461 0 2 1712 1 9 1
462 1 9 1715 1 4 1
463 0 3 1719 14 45 21
464 1 3 1723 2969 32323 4453
465 0 4 1727 1 4 1
466 1 5 1731 1 3 1
467 1 1 1735 1 10 1
468 0 1 1737 4 33 6
469 0 16 1740 30483 176561 45724
470 1 1 1744 428 4267 642
471 0 5 1747 258 1086 387
472 1 3 1751 14 45 21
473 1 19 1755 5952 31255 8928
474 0 2 1760 490 4916 735
475 1 1 1764 1 9 1
476 1 2 1767 965 9992 1447
477 1 4 1771 11 34 16
478 1 9 1775 1 4 1
479 1 3 1779 10 31 15
480 0 9 1783 366 1583 549
481 0 4 1787 1 3 1
482 0 8 1791 19947 112734 29920
483 1 6 1795 2245 11064 3367
484 0 5 1799 80 305 120
485 0 8 1803 751 3428 1126
486 0 25 1807 1 4 1
487 1 7 1812 35 124 52
488 1 2 1816 4 33 6
489 0 1 1820 3 25 4
490 0 3 1822 6 48 9
491 0 4 1826 1 4 1
492 0 2 1830 5 40 7
493 0 2 1834 1 9 1
494 1 1 1837 1 9 1
495 0 7 1839 1074 5030 1611
496 0 4 1843 23 78 34
497 1 4 1847 12 38 18
498 1 2 1851 1 9 1
499 1 3 1854 1 10 1
500 0 17 1858 2 6 3
501 1 2 1863 2 17 3
502 1 2 1867 2 17 3
503 0 9 1871 18 59 27
504 1 5 1875 1 3 1
505 0 2 1879 8 64 12
506 0 3 1882 6 18 9
507 1 3 1886 4 12 6
508 1 1 1890 68 618 102
509 0 4 1893 14 45 21
510 1 2 1897 44 390 66
511 1 2 1901 60 542 90
512 0 1 1905 39 344 58
513 0 2 1908 6 48 9
514 1 2 1911 1 10 1
515 0 20 1914 4 12 6
516 0 1 1919 320 3146 480
517 1 2 1922 1 12 1
518 0 4 1926 1 4 1
519 0 2 1930 7 56 10
520 0 7 1933 1262 5978 1893
521 0 5 1937 14 45 21
522 0 1 1941 1 10 1
523 1 2 1944 1 9 1
524 0 6 1948 2 7 3
525 0 5 1952 2 7 3
526 1 3 1956 4509 23263 6763
527 1 2 1960 6 48 9
528 0 5 1964 1 4 1
529 0 10 1968 1 3 1
530 1 1 1972 45 400 67
531 0 2 1975 1665 17671 2497
532 0 3 1979 9 72 13
533 0 2 1983 1429 15063 2143
534 0 3 1987 1 4 1
535 1 2 1991 23 197 34
536 1 1 1995 1 9 1
537 1 2 1998 7 56 10
538 1 1 2001 2 17 3
539 0 38 2004 15 48 22
540 1 1 2009 1 9 1
541 0 1 2012 11784 135977 17676
542 1 15 2015 1 3 1
543 0 2 2019 8 64 12
544 0 2 2023 1 10 1
545 0 1 2027 4 33 6
546 1 2 2030 5 40 7
547 0 2 2034 11 90 16
548 0 3 2038 1 6 1
549 0 4 2042 1 5 1
550 0 3 2046 6 48 9
551 1 9 2050 10 31 15
552 0 9 2054 1 3 1
553 0 5 2058 269 1136 403
554 0 36 2062 346 1490 519
555 1 2 2067 1 10 1
556 1 3 2070 5 15 7
557 0 3 2074 6267 33016 9400
558 0 1 2078 17 143 25
559 0 4 2081 1 4 1
560 1 14 2085 438 1921 657
561 1 1 2089 3 25 4
562 1 2 2092 2 17 3
563 0 4 2096 51 187 76
564 0 3 2100 4 33 6
565 0 1 2104 2 17 3
566 0 3 2107 2 6 3
567 0 1 2111 112 1045 168
568 1 15 2114 101910 631001 152865
569 0 12 2118 82 314 123
570 0 4 2122 3 10 4
571 1 8 2126 104925 650682 157387
572 0 10 2130 1 4 1
573 0 2 2134 1 10 1
574 1 2 2138 92 850 138
575 1 4 2142 9 27 13
576 0 4 2146 988 4600 1482
577 1 7 2150 1 3 1
578 0 3 2154 1 4 1
579 0 2 2158 5 41 7
580 0 1 2162 6 48 9
581 1 1 2165 1 9 1
582 0 2 2168 36 316 54
583 1 2 2171 267 2602 400
584 1 2 2174 13 108 19
585 0 38 2178 117 462 175
586 1 11 2183 1 4 1
587 1 10 2187 4 12 6
588 0 1 2191 1 9 1
589 1 1 2194 1 9 1
590 0 3 2197 26 224 39
591 1 2 2201 163 1550 244
592 1 1 2204 550 5548 825
593 0 2 2206 264 2571 396
594 0 1 2209 3 25 4
595 1 5 2212 39 139 58
596 1 1 2216 1 9 1
597 0 3 2219 4 33 6
598 0 9 2223 1049 4905 1573
599 1 3 2227 1 9 1
600 1 1 2231 21 179 31
601 1 4 2234 5956205 44902312 8934307
602 1 2 2238 18 152 27
603 0 2 2242 20 169 30
604 0 1 2246 114 1064 171
605 0 70 2249 54 199 81
606 1 2 2254 1 10 1
607 1 1 2258 3408 37325 5112
608 1 8 2261 1 4 1
609 0 2 2265 1 11 1
610 1 6 2269 1 4 1
611 1 10 2273 34 120 51
612 1 3 2277 3621 18418 5431
613 1 10 2281 1 3 1
614 1 3 2285 1 4 1
615 1 17 2289 47 171 70
616 1 4 2294 20 67 30
617 0 1 2298 24 206 36
618 1 1 2301 25 215 37
619 1 2 2304 6 48 9
620 0 4 2307 1 4 1
621 0 5 2311 2 6 3
622 0 6 2315 1 4 1
623 1 8 2319 1 5 1
624 1 10 2323 9 27 13
625 0 2 2327 4 33 6
626 0 20 2330 4 12 6
627 1 3 2335 155 1470 232
628 0 4 2339 4 12 6
629 0 18 2343 1 4 1
630 1 1 2348 2 17 3
631 1 2 2351 1 9 1
632 0 1 2355 1 9 1
633 1 1 2358 40 353 60
634 1 16 2361 12 38 18
635 0 5 2366 164 666 246
636 0 1 2370 1 10 1
637 0 3 2373 47 171 70
638 0 6 2377 1 4 1
639 1 3 2381 18 59 27
640 1 3 2385 149 1411 223
641 0 4 2389 182 745 273
642 1 12 2393 1550 7448 2325
643 1 3 2397 27 233 40
644 0 1 2401 12704 147045 19056
645 1 38 2404 47 171 70
646 1 1 2409 5 40 7
647 0 3 2412 9 73 13
648 1 5 2416 26534 152469 39801
649 1 4 2420 2 7 3
650 1 7 2424 1 4 1
651 0 8 2428 2 7 3
652 1 25 2432 69 260 103
653 0 7 2437 1 4 1
654 1 1 2441 104 967 156
655 1 3 2444 394 1714 591
656 1 7 2448 311 1329 466
657 1 5 2452 1 5 1
658 1 2 2456 75 685 112
659 0 1 2460 50 447 75
660 0 3 2463 179141 2297746 268711
661 0 1 2467 16 134 24
662 0 6 2470 1 3 1
663 1 2 2474 1 9 1
664 0 16 2478 1 4 1
665 0 3 2482 2 7 3
666 0 11 2486 1 4 1
667 1 2 2490 451 4507 676
668 1 3 2493 18 59 27
669 1 2 2497 2 17 3
670 0 15 2500 5 15 7
671 1 3 2504 3 25 4
672 1 7 2508 45 163 67
673 0 3 2512 1 5 1
674 1 1 2516 122 1143 183
675 0 8 2519 30 104 45
676 1 14 2523 751 3428 1126
677 1 1 2527 1 10 1
678 0 13 2530 1 4 1
679 1 1 2534 1 10 1
680 1 6 2537 1 5 1
681 1 1 2541 360754 4746653 541131
682 0 8 2544 33 116 49
683 0 11 2548 1940 9467 2910
684 0 10 2552 1 6 1
685 0 1 2556 1317 13831 1975
686 0 3 2559 3 10 4
687 0 3 2563 3 10 4
688 0 5 2567 1 3 1
689 0 1 2571 139 1311 208
690 1 4 2574 3651 18581 5476
691 1 1 2578 25908 308611 38862
692 0 2 2581 6 48 9
693 1 5 2585 2175022 15671438 3262533
694 1 9 2589 127 504 190
695 0 1 2593 3 25 4
696 1 1 2596 1 10 1
697 1 8 2599 605 2719 907
698 1 3 2603 763 3487 1144
699 1 2 2607 2 17 3
700 0 2 2610 1 9 1
701 0 11 2614 1 5 1
702 0 1 2618 1 11 1
703 0 4 2621 2581 12839 3871
704 0 6 2625 5 15 7
705 1 1 2629 1 9 1
706 1 4 2632 1 5 1
707 0 15 2636 2 7 3
708 1 8 2640 1 3 1
709 0 1 2644 871 8977 1306
710 0 5 2647 3 9 4
711 1 1 2651 1 10 1
712 1 2 2654 6 48 9
713 0 3 2658 6 48 9
714 0 11 2662 914 4232 1371
715 0 1 2666 72 656 108
716 0 3 2669 1 5 1
717 0 2 2673 2 17 3
718 1 1 2677 1 10 1
719 1 4 2679 21 70 31
720 0 5 2683 14348 79525 21522
721 0 5 2687 1 3 1
722 0 1 2691 108 1006 162
723 1 3 2694 9 72 13
724 0 1 2698 2 17 3
725 0 4 2701 1 5 1
726 1 6 2705 4 12 6
727 1 3 2709 25 85 37
728 0 3 2713 1 5 1
729 0 13 2717 1 5 1
730 1 2 2721 51127 625455 76690
731 0 1 2725 1 12 1
732 1 1 2728 1417614 19570060 2126421
733 0 2 2731 192 1841 288
734 0 2 2734 10 81 15
735 1 1 2738 5786 64818 8679
736 1 10 2741 31 108 46
737 1 3 2745 5089 26459 7633
738 1 7 2749 1 4 1
739 0 5 2753 2 7 3
740 0 2 2757 10 81 15
741 0 1 2761 13 108 19
742 0 5 2764 29 100 43
743 0 37 2768 118 466 177
744 0 7 2773 35 124 52
745 0 1 2777 17 143 25
746 1 2 2780 152 1440 228
747 0 2 2783 1 11 1
748 1 5 2786 1 3 1
749 0 1 2790 90 830 135
750 1 7 2793 1 3 1
751 0 9 2797 3 10 4
752 1 12 2801 5830 30574 8745
753 0 4 2805 3540 17980 5310
754 0 1 2809 7 56 10
755 0 4 2812 187 767 280
756 0 3 2816 1 9 1
757 0 3 2820 8 64 12
758 1 1 2824 1 9 1
759 0 1 2827 30227 362263 45340
760 0 1 2830 1 9 1
761 1 2 2833 1 9 1
762 0 4 2836 40 143 60
763 1 2 2840 4 33 6
764 1 3 2844 1 3 1
765 0 4 2848 1 3 1
766 1 9 2852 1 4 1
767 1 2 2856 16297 190553 24445
768 1 2 2859 1 9 1
769 0 3 2862 68 256 102
770 1 8 2866 9 27 13
771 1 2 2870 2 17 3
772 0 1 2874 11 90 16
773 1 1 2877 23241 275648 34861
774 1 1 2880 31 270 46
775 0 3 2882 2 7 3
776 1 31 2886 1 4 1
777 1 12 2891 11 34 16
778 1 10 2895 7 21 10
779 1 4 2899 322 1379 483
780 0 3 2903 6 18 9
781 0 4 2907 1 5 1
782 1 2 2911 1 9 1
783 0 17 2915 1 3 1
784 1 3 2920 1 5 1
785 0 1 2924 4 33 6
786 0 3 2927 1 5 1
787 0 8 2931 1 4 1
788 0 5 2935 1 3 1
789 1 8 2939 1 5 1
790 0 8 2943 876 4044 1314
791 0 2 2947 38 335 57
792 0 10 2951 1 3 1
793 0 1 2955 514 5169 771
794 0 2 2958 3 25 4
795 1 1 2962 49 438 73
796 0 7 2965 5 15 7
797 0 2 2969 331 3259 496
798 0 6 2973 85 326 127
799 1 2 2977 1 9 1
800 0 2 2981 24944 296681 37416
801 1 1 2984 1 9 1
802 0 1 2987 55 494 82
803 0 2 2990 115 1074 172
804 1 5 2994 1 4 1
805 0 1 2998 18 152 27
806 1 2 3001 6 48 9
807 0 2 3004 149 1410 223
808 0 8 3008 2 6 3
809 1 1 3012 2 17 3
810 0 4 3015 17 56 25
811 1 68 3019 72 272 108
812 0 2 3024 9 73 13
813 1 3 3028 1 5 1
814 0 8 3032 19808 111903 29712
815 0 4 3036 1 4 1
816 0 2 3040 71 647 106
817 0 6 3044 1 4 1
818 1 1 3048 7 56 10
819 1 13 3051 1144 5382 1716
820 0 2 3055 53 475 79
821 1 1 3058 5 40 7
822 1 9 3061 528 2349 792
823 1 8 3065 1 3 1
824 0 25 3069 94 364 141
825 1 18 3074 5 15 7
826 1 2 3079 7 56 10
827 0 4 3083 3 9 4
828 1 1 3087 1021 10599 1531
829 1 1 3090 88 811 132
830 0 2 3093 17 143 25
831 1 3 3097 8 64 12
832 0 55 3101 19 63 28
833 1 5 3106 8 24 12
834 1 2 3110 162 1540 243
835 1 16 3113 1 4 1
836 1 6 3118 5036 26166 7554
837 0 7 3122 5151 26802 7726
838 1 6 3126 71 268 106
839 1 4 3130 1 4 1
840 1 1 3134 11 90 16
841 1 1 3136 93 859 139
842 0 5 3139 163 661 244
843 0 1 3143 2 17 3
844 1 2 3146 9 72 13
845 0 11 3149 4861 25200 7291
846 1 4 3153 4 13 6
847 1 21 3157 85 326 127
848 1 11 3162 2 6 3
849 1 1 3166 118 1104 177
850 0 12 3168 64 239 96
851 1 1 3172 26 224 39
852 1 2 3175 297 2909 445
853 0 5 3179 127 505 190
854 0 1 3183 1 9 1
855 1 2 3186 1 10 1
856 0 2 3189 232 2245 348
857 0 4 3193 131 522 196
858 1 4 3197 147 591 220
859 1 6 3201 260 1095 390
860 1 3 3205 756 3453 1134
861 1 3 3209 27 233 40
862 0 2 3213 5 40 7
863 1 1 3217 3 25 4
864 0 3 3220 110 432 165
865 1 3 3224 109 1016 163
866 1 1 3228 1 11 1
867 1 8 3231 1 3 1
868 1 46 3235 1 4 1
869 0 3 3240 1 3 1
870 0 8 3244 1 3 1
871 1 7 3248 1434136 10135450 2151204
872 1 5 3252 26 89 39
873 1 1 3256 87 801 130
874 1 2 3259 1 9 1
875 0 2 3263 1271 13327 1906
876 0 3 3267 1 4 1
877 1 2 3271 1 9 1
878 0 1 3275 1 10 1
879 0 4 3278 327 1402 490
880 0 5 3282 2 6 3
881 1 2 3286 303 2971 454
882 0 1 3289 10 81 15
883 1 3 3292 1 5 1
884 0 3 3296 1 4 1
885 0 5 3300 2 7 3
886 0 4 3304 2502 12420 3753
887 1 2 3308 49035 598894 73552
888 0 3 3312 28872 166711 43308
889 1 13 3316 1 3 1
890 0 5 3320 1003 4675 1504
891 1 3 3324 3 10 4
892 0 4 3328 85 326 127
893 0 1 3332 1 9 1
894 0 3 3335 1 5 1
895 0 7 3339 285 1209 427
896 1 10 3343 21993 125009 32989
897 1 6 3347 1 4 1
898 1 1 3351 168 1600 252
899 0 2 3354 197 1891 295
900 1 5 3358 2 7 3
901 1 3 3362 7 21 10
902 0 1 3366 12 99 18
903 0 7 3368 3 10 4
904 1 7 3372 633974 4309120 950961
905 1 2 3376 1323 13897 1984
906 1 2 3380 5 40 7
907 0 3 3384 5184 26985 7776
908 1 1 3388 331 3259 496
909 0 3 3391 1288 13513 1932
910 0 1 3395 60 542 90
911 1 14 3398 223 928 334
912 1 1 3402 1 10 1
913 0 1 3404 1 9 1
914 0 3 3406 1 3 1
915 0 5 3410 1 3 1
916 1 8 3414 22 74 33
917 0 1 3418 1 9 1
918 1 5 3420 42 151 63
919 0 1 3424 1 9 1
920 0 3 3427 2 7 3
921 0 4 3431 15 48 22
922 1 29 3435 41 147 61
923 1 1 3440 1 9 1
924 0 3 3443 2 17 3
925 0 3 3447 5 15 7
926 0 2 3451 1 9 1
927 0 3 3455 1 10 1
928 1 3 3459 352 3476 528
929 0 2 3463 17 143 25
930 0 2 3466 132 1242 198
931 0 2 3470 4 33 6
932 0 7 3473 4 12 6
933 1 4 3477 1 3 1
934 1 2 3481 1 11 1
935 1 1 3484 16 134 24
936 1 2 3487 22 188 33
937 0 1 3490 1 9 1
938 0 1 3493 25 215 37
939 0 2 3496 11 90 16
940 1 1 3499 382 3788 573
941 1 1 3502 45 400 67
942 0 1 3505 226 2184 339
943 1 10 3508 110 432 165
944 0 2 3512 213 2053 319
945 1 4 3516 5 15 7
946 0 6 3520 60 223 90
947 0 1 3524 2 17 3
948 1 11 3527 131 522 196
949 1 4 3531 9 27 13
950 1 1 3535 95 879 142
951 0 17 3538 1 5 1
952 1 2 3543 1867 19916 2800
953 0 2 3547 10 81 15
954 0 3 3551 1 9 1
955 1 1 3555 1 9 1
956 0 11 3558 509 2258 763
957 0 3 3562 2 17 3
958 0 3 3566 35 124 52
959 0 2 3570 62 561 93
960 0 7 3574 10 31 15
961 1 5 3578 1 5 1
962 0 1 3582 1 9 1
963 1 4 3585 1 5 1
964 0 5 3589 73 276 109
965 1 7 3593 2555 12701 3832
966 0 3 3597 30 104 45
967 0 2 3601 6 48 9
968 0 7 3605 1 4 1
969 0 2 3609 1 10 1
