0 0 17 5 1 3 1
1 1 3 15 5 15 7
2 0 7 23 1 4 1
3 0 2 32 16 134 24
4 0 6 39 1 4 1
5 0 4 48 1 3 1
6 1 4 56 46 167 69
7 1 30 64 28679 165533 43018
8 0 3 75 619 6279 928
9 1 2 82 1 9 1
10 0 1 88 37 325 55
11 0 1 92 4 33 6
12 0 1 97 20 170 30
13 1 4 103 5 15 7
14 0 1 111 471 4717 706
15 1 4 115 1 3 1
16 1 20 123 15 49 22
17 1 1 134 1 9 1
18 1 1 137 171 1630 256
19 0 4 141 6 18 9
20 1 1 149 34 298 51
21 1 4 154 65 243 97
22 1 2 162 1 9 1
23 0 11 169 1 4 1
24 1 1 179 7 56 10
25 0 3 183 874 4034 1311
26 0 2 190 3424 37508 5136
27 0 1 196 1 10 1
28 1 4 201 1 4 1
29 0 6 209 1 3 1
30 0 3 218 77 293 115
31 0 1 225 50 447 75
32 0 2 230 2 17 3
33 1 4 237 495 2191 742
34 1 6 245 50 183 75
35 1 4 254 1 3 1
36 1 1 262 1574 16663 2361
37 1 1 267 1 8 1
38 0 4 273 1 3 1
39 1 1 281 12 99 18
40 1 2 286 1136 11851 1704
41 1 7 292 1 3 1
42 0 1 301 6 48 9
43 0 4 307 503 2229 754
44 1 15 315 1 5 1
45 1 2 325 1 11 1
46 0 1 332 104 967 156
47 1 4 338 164 666 246
48 1 3 346 1 4 1
49 1 1 353 1 8 1
50 0 9 358 39 139 58
51 1 1 367 307 3012 460
52 1 2 370 1 16 1
53 1 21 376 26 89 39
54 1 3 387 1 4 1
55 1 4 395 68822 417183 103233
56 0 2 403 6791 76591 10186
57 0 1 409 1 9 1
58 0 7 415 1 3 1
59 0 4 424 1 4 1
60 0 1 432 1 12 1
61 1 25 436 6 18 9
62 1 2 447 877 9041 1315
63 0 1 453 2 17 3
64 1 3 458 86 330 129
65 1 3 465 12 98 18
66 0 3 472 5 15 7
67 0 2 479 10 81 15
68 0 2 486 644 6545 966
69 0 3 492 2 7 3
70 0 4 500 1 4 1
71 0 7 508 58 215 87
72 1 4 517 436 1911 654
73 0 3 525 1 4 1
74 1 1 532 6 48 9
75 1 3 537 1 4 1
76 0 1 545 10 81 15
77 1 5 549 700 3179 1050
78 1 1 558 25032 297769 37548
79 1 2 562 1 12 1
80 1 7 569 2 7 3
81 1 1 578 10 81 15
82 0 10 583 13 41 19
83 1 9 593 117 462 175
84 1 21 602 142 569 213
85 0 13 613 1 3 1
86 0 1 623 8 64 12
87 1 8 628 12 38 18
88 0 1 637 3712 40804 5568
89 1 4 642 1 4 1
90 1 7 650 2 7 3
91 0 2 659 1 9 1
92 1 10 665 1 5 1
93 0 1 675 616 6247 924
94 0 1 680 3 25 4
95 1 5 686 61 227 91
96 0 3 694 16 52 24
97 0 7 701 45103 267093 67654
98 1 3 710 18 152 27
99 0 1 717 11747 135533 17620
100 0 3 722 137 1292 205
101 1 3 729 1 5 1
102 1 18 736 26 89 39
103 1 2 746 3 25 4
104 1 2 753 1 10 1
105 1 1 760 1 10 1
106 0 2 764 8 64 12
107 1 1 770 1081 11252 1621
108 0 1 774 24 206 36
109 0 5 779 2 7 3
110 0 2 787 1 9 1
111 0 1 794 267 2602 400
112 1 2 796 201120 2590669 301680
113 1 4 802 1 4 1
114 1 5 810 3771 19232 5656
115 0 8 818 1 3 1
116 0 2 827 416 4142 624
117 1 1 833 1 9 1
118 0 4 836 1 4 1
119 1 2 844 4907 54589 7360
120 1 10 851 1 4 1
121 0 1 861 1 9 1
122 0 4 864 2 7 3
123 0 1 872 14 116 21
124 1 3 876 1 10 1
125 0 2 883 209 2012 313
126 1 10 889 1 3 1
127 0 18 899 9 27 13
128 0 3 909 181 1730 271
129 0 2 916 65 589 97
130 1 2 922 714 7291 1071
131 0 5 929 2 6 3
132 0 1 937 5 40 7
133 0 6 942 3932 20108 5898
134 1 5 951 30 104 45
135 1 4 959 267 1127 400
136 1 1 967 1 9 1
137 1 13 969 581 2603 871
138 0 3 979 1 9 1
139 1 1 986 641 6513 961
140 0 1 991 35 307 52
141 0 9 997 37 131 55
142 0 5 1006 1 3 1
143 0 1 1014 1 9 1
144 0 2 1020 72 657 108
145 0 3 1027 5947 31227 8920
146 0 2 1034 1 10 1
147 0 3 1040 3 10 4
148 1 1 1048 33 288 49
149 0 5 1054 4 12 6
150 0 4 1062 2 6 3
151 0 2 1070 1 9 1
152 1 7 1076 1 5 1
153 0 4 1085 1 3 1
154 0 13 1093 8 24 12
155 0 2 1103 1 9 1
156 1 5 1109 47 171 70
157 0 2 1118 73 666 109
158 1 20 1124 49 179 73
159 0 2 1135 8 64 12
160 0 1 1142 1 10 1
161 0 2 1147 74085 919307 111127
162 1 1 1153 221 2134 331
163 0 4 1158 1 3 1
164 0 3 1166 1 4 1
165 1 1 1173 78 714 117
166 0 5 1179 1 4 1
167 1 49 1187 1 4 1
168 0 2 1199 38 335 57
169 0 1 1205 1 10 1
170 0 1 1210 3012 32812 4518
171 1 9 1215 2 6 3
172 1 9 1224 1 6 1
173 1 1 1233 427 4257 640
174 0 1 1235 39 344 58
175 1 22 1240 1 4 1
176 1 4 1251 1 5 1
177 1 1 1259 9 73 13
178 0 4 1265 2 7 3
179 1 1 1273 9 73 13
180 0 1 1279 1 9 1
181 0 1 1284 1 9 1
182 1 5 1289 11 34 16
183 1 7 1297 3 10 4
184 0 2 1306 2214 23796 3321
185 1 2 1313 1 9 1
186 1 6 1319 1 4 1
187 0 3 1328 89 343 133
188 1 1 1336 78 714 117
189 1 4 1340 1 4 1
190 0 4 1348 86 330 129
191 1 9 1356 6 18 9
192 0 5 1365 1 5 1
193 1 3 1373 5 15 7
194 0 3 1381 57 513 85
195 1 16 1388 179 732 268
196 1 1 1398 1 10 1
197 1 1 1404 291 2848 436
198 1 1 1409 87 801 130
199 0 3 1412 1 10 1
200 1 15 1419 2 7 3
201 1 14 1429 5 15 7
202 0 34 1439 10 31 15
203 1 11 1450 1 3 1
204 0 3 1460 7 21 10
205 1 2 1467 1 11 1
206 1 1 1474 4 33 6
207 1 5 1479 823 3782 1234
208 1 6 1487 1 5 1
209 1 2 1496 487 4885 730
210 1 4 1502 1 3 1
211 1 5 1510 159 643 238
212 1 2 1518 24 206 36
213 1 6 1525 26 89 39
214 1 1 1534 280 2735 420
215 0 3 1540 1522 7305 2283
216 1 22 1548 1 4 1
217 1 8 1559 2 7 3
218 0 2 1568 624 6332 936
219 0 13 1574 13 41 19
220 1 4 1584 1 3 1
221 0 3 1592 1 9 1
222 1 2 1599 34 298 51
223 1 6 1606 9109 49117 13663
224 1 6 1615 29 100 43
225 1 3 1624 14 116 21
226 0 1 1631 5 40 7
227 1 1 1636 24 206 36
228 0 1 1641 23 197 34
229 1 1 1646 1 10 1
230 0 1 1651 1 9 1
231 1 3 1653 3082 15512 4623
232 1 20 1661 111 436 166
233 1 2 1672 1 9 1
234 1 6 1679 56 207 84
235 1 5 1688 1 3 1
236 0 2 1696 1 10 1
237 1 15 1702 6 18 9
238 1 18 1712 16 52 24
239 1 1 1722 28 242 42
240 0 2 1727 1 11 1
241 1 4 1733 1 4 1
242 1 7 1741 5 15 7
243 0 11 1750 323 1384 484
244 0 6 1760 1 4 1
245 0 2 1769 1 9 1
246 1 2 1775 42 372 63
247 0 6 1782 65 243 97
248 1 18 1791 15 48 22
249 1 6 1801 136 543 204
250 1 1 1810 1 9 1
251 1 3 1814 159 644 238
252 0 5 1821 2 6 3
253 0 3 1829 8 24 12
254 0 1 1836 261 2540 391
255 0 8 1840 1 3 1
256 1 7 1849 1 4 1
257 1 10 1858 1 4 1
258 1 2 1868 2 17 3
259 1 1 1874 19089 224627 28633
260 1 5 1879 262 1104 393
261 1 2 1887 1 9 1
262 0 2 1894 6 48 9
263 0 6 1900 1 4 1
264 1 20 1909 3 9 4
265 0 3 1920 1 4 1
266 0 2 1928 11 90 16
267 0 14 1935 2191 10780 3286
268 0 3 1945 1 3 1
269 0 6 1952 55 203 82
270 0 3 1961 8 24 12
271 0 1 1968 39 344 58
272 1 14 1973 1 4 1
273 1 1 1983 162 1540 243
274 0 4 1988 1 3 1
275 1 2 1996 68 618 102
276 1 1 2003 1 10 1
277 0 16 2006 29 101 43
278 1 6 2016 6 18 9
279 0 1 2025 18 152 27
280 1 1 2031 58 523 87
281 1 1 2036 17 143 25
282 0 2 2041 1 10 1
283 0 2 2047 7 56 10
284 0 8 2053 478 2110 717
285 0 5 2062 1 6 1
286 1 55 2070 2 7 3
287 0 16 2082 19 63 28
288 1 7 2092 1 4 1
289 1 1 2101 78 714 117
290 0 1 2105 2 17 3
291 0 1 2110 1352 14216 2028
292 1 1 2114 3 25 4
293 0 2 2119 1 10 1
294 0 6 2126 1 5 1
295 0 7 2135 125 496 187
296 1 2 2144 1 10 1
297 1 2 2151 1 9 1
298 0 1 2157 1 10 1
299 1 1 2163 1 9 1
300 0 1 2166 1 10 1
301 0 13 2170 23 78 34
302 1 10 2180 35 124 52
303 0 1 2190 4035 44514 6052
304 0 1 2195 664719 8938265 997078
305 0 2 2199 1 10 1
306 0 1 2205 1 9 1
307 1 1 2210 2021 21634 3031
308 0 4 2214 274 1159 411
309 1 1 2222 12053 139210 18079
310 1 2 2226 8906 101587 13359
311 1 6 2233 22 74 33
312 0 4 2242 8 24 12
313 1 2 2250 54 485 81
314 1 1 2256 1161 12123 1741
315 1 6 2262 2287 11285 3430
316 0 2 2271 5 41 7
317 0 7 2277 1 3 1
318 1 9 2286 1 5 1
319 1 1 2295 1 9 1
320 1 9 2299 1 5 1
321 1 16 2308 1 7 1
322 1 8 2318 4 12 6
323 0 3 2327 1 4 1
324 1 2 2334 10348 118771 15522
325 0 1 2340 1 9 1
326 0 4 2345 1 4 1
327 1 4 2353 1 5 1
328 0 1 2361 2945 32050 4417
329 1 46 2366 23039 131308 34558
330 1 3 2378 351 1514 526
331 1 1 2385 498 5001 747
332 0 5 2390 97 376 145
333 0 4 2398 1 3 1
334 0 1 2406 1 9 1
335 1 1 2412 2 17 3
336 1 2 2417 4 33 6
337 0 1 2424 2402 25909 3603
338 1 5 2428 1 6 1
339 0 1 2437 1 9 1
340 1 26 2443 1 5 1
341 1 3 2454 1 9 1
342 0 5 2461 1 4 1
343 0 21 2469 5 15 7
344 0 1 2480 43 381 64
345 1 5 2485 1 3 1
346 1 5 2493 3036 15265 4554
347 1 5 2501 632 2849 948
348 1 3 2510 1 4 1
349 1 2 2517 25 215 37
350 0 1 2523 2898 31517 4347
351 0 5 2528 3 9 4
352 0 3 2536 567 2535 850
353 1 7 2543 7 21 10
354 1 3 2552 126 500 189
355 1 8 2559 1 5 1
356 0 3 2568 1 11 1
357 0 1 2575 44 391 66
358 1 1 2580 189 1811 283
359 1 1 2583 91 840 136
360 1 7 2589 3 10 4
361 1 2 2598 80262 998996 120393
362 1 3 2604 1 9 1
363 0 1 2611 25 215 37
364 0 5 2614 1 4 1
365 1 2 2623 7 56 10
366 0 7 2629 2056 10072 3084
367 1 1 2638 141 1331 211
368 1 6 2644 26268 150853 39402
369 1 2 2653 1 10 1
370 1 13 2660 2 7 3
371 0 8 2670 1 4 1
372 0 3 2679 2 7 3
373 0 1 2686 20920 247079 31380
374 0 12 2689 1 3 1
375 0 15 2699 1 4 1
376 1 1 2709 5 41 7
377 1 27 2712 78117 476804 117175
378 0 1 2723 1 9 1
379 0 2 2727 1 11 1
380 0 7 2733 1 3 1
381 1 3 2742 225 937 337
382 0 3 2749 2919 31756 4378
383 1 3 2756 1 4 1
384 0 7 2764 620 2791 930
385 1 14 2773 2 6 3
386 0 10 2783 1 4 1
387 0 2 2793 1431 15085 2146
388 1 6 2799 1 4 1
389 1 2 2808 1251 13108 1876
390 0 3 2815 92591 570360 138886
391 0 1 2823 3 25 4
392 1 3 2828 1 3 1
393 1 6 2835 62 231 93
394 1 1 2844 38 335 57
395 0 10 2848 1 3 1
396 1 4 2858 34 120 51
397 0 2 2866 1 9 1
398 1 6 2873 1 3 1
399 0 4 2882 204 843 306
400 0 5 2890 121 479 181
401 0 4 2899 1 3 1
402 0 6 2907 1 4 1
403 1 2 2916 1 10 1
404 0 2 2923 12 98 18
405 0 2 2930 1 9 1
406 0 3 2936 4 33 6
407 1 3 2943 1 5 1
408 0 4 2950 1 3 1
409 0 2 2958 2 17 3
410 1 1 2964 77 704 115
411 0 13 2967 669 3028 1003
412 1 8 2977 1 4 1
413 1 1 2986 5 41 7
414 0 2 2989 6106 68559 9159
415 1 2 2996 1 13 1
416 0 2 3002 1 9 1
417 0 3 3008 234 2265 351
418 1 3 3015 5 41 7
419 1 1 3022 9 72 13
420 0 2 3025 28 242 42
421 1 2 3031 1 11 1
422 0 4 3037 4 12 6
423 0 16 3045 93 360 139
424 1 4 3055 18 59 27
425 0 3 3063 19 63 28
426 0 3 3071 350 1509 525
427 0 3 3078 1 4 1
428 1 3 3085 5 15 7
429 1 10 3093 12 38 18
430 0 2 3103 5 40 7
431 0 3 3109 1 4 1
432 0 4 3117 198 816 297
433 0 4 3125 93 360 139
434 0 2 3133 1 10 1
435 0 2 3140 27 233 40
436 1 2 3147 1 10 1
437 1 2 3153 21 179 31
438 0 1 3159 75 685 112
439 0 5 3164 4 12 6
440 0 9 3172 4 13 6
441 0 4 3181 1 4 1
442 1 3 3189 7 21 10
443 0 1 3196 3089 33688 4633
444 1 4 3201 1 4 1
445 0 3 3209 56492 338748 84738
446 0 4 3216 67 252 100
447 0 3 3224 25 85 37
448 0 1 3231 14 116 21
449 1 13 3237 7 21 10
450 1 9 3247 36 127 54
451 1 3 3256 1 4 1
452 1 1 3263 130 1222 195
453 1 1 3267 134 1262 201
454 1 1 3269 859 8848 1288
455 1 7 3275 17 55 25
456 1 2 3284 58 523 87
457 0 2 3290 1 9 1
458 1 8 3297 1 5 1
459 1 2 3306 1 9 1
460 1 1 3313 4152 45861 6228
461 0 3 3319 1 5 1
462 0 1 3326 2473 26709 3709
463 0 3 3331 8 64 12
464 0 2 3338 22 188 33
465 0 5 3345 322176 2117619 483264
466 1 5 3353 2 7 3
467 1 2 3361 318 3125 477
468 0 1 3368 7 56 10
469 1 2 3373 1 10 1
470 0 1 3379 113 1055 169
471 1 2 3382 14 116 21
472 1 3 3389 847 3901 1270
473 1 2 3396 2838 30836 4257
474 0 10 3402 1 5 1
475 1 2 3412 2 17 3
476 0 8 3418 358 1546 537
477 0 3 3427 1 9 1
478 1 2 3434 1 9 1
479 0 2 3440 40210 487335 60315
480 1 2 3447 110 1025 165
481 1 3 3454 6 18 9
482 0 5 3462 5 15 7
483 1 8 3470 5 15 7
484 0 3 3479 1 4 1
485 1 2 3486 1 9 1
486 0 4 3492 98 381 147
487 1 6 3500 1103 5176 1654
488 0 3 3509 2811 14063 4216
489 0 2 3516 31 270 46
490 1 3 3522 2 6 3
491 0 5 3530 2 7 3
492 1 11 3538 1 4 1
493 1 1 3548 562 5675 843
494 0 22 3552 3 10 4
495 1 6 3563 162 657 243
496 0 5 3572 22 74 33
497 0 1 3580 78 714 117
498 0 2 3585 2958 32198 4437
499 1 4 3591 140 561 210
500 1 1 3599 6562 73902 9843
501 0 4 3604 1 3 1
502 0 7 3612 32948 191687 49422
