0 0 5 5 1 4 1
1 1 4 9 1 4 1
2 0 16 13 142 569 213
3 0 1 17 18 152 27
4 0 1 20 1 12 1
5 0 2 23 651 6619 976
6 1 3 27 1 3 1
7 0 3 31 6487 73022 9730
8 1 3 35 1 4 1
9 1 2 39 1 11 1
10 1 23 42 81 310 121
11 1 4 47 1 3 1
12 0 1 51 751 7687 1126
13 0 5 54 1 5 1
14 1 3 58 8 24 12
15 0 4 62 2 7 3
16 0 1 66 4 33 6
17 0 6 69 13 41 19
18 1 2 73 57 513 85
19 1 4 77 1 4 1
20 0 3 81 1 10 1
21 0 23 85 1 3 1
22 0 7 90 111 436 166
23 1 1 94 1 10 1
24 1 1 97 7 56 10
25 0 20 100 1 5 1
26 0 5 105 861 3969 1291
27 0 1 109 2 17 3
28 0 1 112 8782 100115 13173
29 0 7 114 480 2120 720
30 0 2 118 38 335 57
31 1 6 122 1230 5816 1845
32 1 6 126 36218 211846 54327
33 1 4 130 306 1306 459
34 0 2 134 70 637 105
35 1 6 138 5 15 7
36 1 3 142 5 41 7
37 0 5 146 8871 47755 13306
38 0 1 150 2469 26664 3703
39 1 4 153 8 24 12
40 1 2 157 1 9 1
41 0 2 161 1 10 1
42 0 2 165 1 9 1
43 0 1 169 3 25 4
44 0 2 172 697 7110 1045
45 0 2 176 1 9 1
46 1 1 180 1 10 1
47 1 3 183 22 74 33
48 1 3 187 76 289 114
49 0 2 191 1 9 1
50 0 1 194 20535 242352 30802
51 0 3 197 1 9 1
52 0 1 201 1 9 1
53 1 1 204 14 116 21
54 1 8 207 91 351 136
55 0 15 211 7 21 10
56 1 4 215 10 31 15
57 1 6 219 1 3 1
58 0 9 223 2 6 3
59 1 3 227 44 159 66
60 1 2 231 78 714 117
61 0 4 234 4 13 6
62 0 6 238 29 100 43
63 0 2 242 47 419 70
64 0 8 246 2 7 3
65 0 1 250 1 9 1
66 0 2 253 4 33 6
67 1 7 256 8 24 12
68 1 1 260 119262 1506758 178893
69 1 1 263 2 17 3
70 0 2 266 1 8 1
71 1 3 270 48 175 72
72 1 13 274 197 812 295
73 1 2 278 2 17 3
74 0 1 282 1 9 1
75 1 3 285 1 4 1
76 1 2 289 1 13 1
77 0 14 293 6 18 9
78 0 5 297 1 3 1
79 0 1 301 143 1351 214
80 1 18 304 1 3 1
81 0 2 309 2 17 3
82 1 1 312 1 9 1
83 0 4 315 133 530 199
84 1 1 319 194 1861 291
85 0 1 322 6353 71451 9529
86 1 5 325 1 5 1
87 0 8 329 2 6 3
88 1 43 333 3 9 4
89 0 3 338 8 64 12
90 1 1 342 1 10 1
91 0 6 344 31 108 46
92 1 1 348 1 10 1
93 1 2 350 1 11 1
94 0 2 353 2435 26281 3652
95 1 3 357 2408 11923 3612
96 0 7 361 1 4 1
97 0 1 365 271 2643 406
98 1 1 368 1 11 1
99 0 2 370 6 48 9
100 1 1 374 28400 339529 42600
101 0 4 377 1 3 1
102 1 5 381 1 5 1
103 1 5 385 1 4 1
104 1 1 389 763 7816 1144
105 0 17 392 1 5 1
106 1 3 397 6 18 9
107 0 3 401 289 1227 433
108 0 6 405 759 3467 1138
109 0 1 409 3596 39475 5394
110 0 9 412 496 2196 744
111 1 5 416 158 639 237
112 0 14 420 4 12 6
113 0 1 424 2 17 3
114 0 6 427 1 4 1
115 1 2 431 556 5612 834
116 0 2 434 9 73 13
117 1 2 438 3 25 4
118 0 5 441 1 5 1
119 1 3 445 1 4 1
120 1 29 449 4 12 6
121 1 2 454 85 782 127
122 0 6 458 21 70 31
123 1 2 462 1 9 1
124 0 11 466 1 4 1
125 0 1 470 2 17 3
126 1 4 472 7 21 10
127 0 4 476 2 6 3
128 0 2 480 234 2266 351
129 1 2 484 7 56 10
130 1 5 488 88 339 132
131 1 2 492 4 33 6
132 1 6 495 37 132 55
133 1 3 499 3 10 4
134 0 2 503 22 188 33
135 1 3 507 6 18 9
136 1 4 511 1006 4690 1509
137 1 4 515 1264 5989 1896
138 1 2 519 1 9 1
139 0 4 523 1 4 1
140 1 3 527 10 31 15
141 0 1 531 1 9 1
142 0 2 534 6 48 9
143 0 2 538 35 307 52
144 0 1 542 7 56 10
145 1 2 545 1 8 1
146 1 4 548 2 6 3
147 0 15 552 5 15 7
148 1 4 556 564 2521 846
149 0 1 560 6 48 9
150 0 2 563 101 937 151
151 1 21 567 586 2627 879
152 1 4 572 11 34 16
153 0 4 576 6 18 9
154 0 4 580 1 3 1
155 1 1 584 61 551 91
156 0 2 587 2 17 3
157 1 10 591 1 5 1
158 1 7 595 3 9 4
159 0 3 599 3 10 4
160 0 3 603 26 89 39
161 1 27 607 187 767 280
162 1 1 612 1 10 1
163 1 3 615 16 134 24
164 1 1 619 52 466 78
165 0 4 622 1 3 1
166 0 1 626 10 81 15
167 0 6 629 30 104 45
168 1 14 633 1 3 1
169 0 1 637 1 10 1
170 1 1 640 1 9 1
171 1 3 642 1 4 1
172 0 2 646 37 325 55
173 1 2 650 3 25 4
174 0 4 654 4 12 6
175 1 5 658 1 4 1
176 0 3 662 1 10 1
177 0 9 666 2981 14971 4471
178 1 3 670 1 3 1
179 0 1 674 6361 71545 9541
180 1 3 677 8 64 12
181 1 21 681 5650 29572 8475
182 0 19 686 2 7 3
183 1 4 691 4 12 6
184 1 13 695 1 4 1
185 0 1 699 72 656 108
186 1 1 701 15 125 22
187 0 3 704 7 21 10
188 1 2 708 1 9 1
189 0 1 712 161 1530 241
190 0 12 715 2 6 3
191 1 5 719 7 21 10
192 0 1 723 242 2347 363
193 1 6 726 1 5 1
194 1 7 730 8429 45233 12643
195 1 2 734 2 17 3
196 1 3 737 124 491 186
197 1 6 741 164 666 246
198 1 6 745 1 3 1
199 0 10 749 1 4 1
200 1 2 753 140 1321 210
201 0 1 757 27 233 40
202 0 4 760 866 3994 1299
203 0 1 764 8 64 12
204 0 6 766 10 31 15
205 1 3 770 9 73 13
206 0 2 774 2 17 3
207 0 7 777 3 10 4
208 1 2 781 1 13 1
209 0 1 785 1 9 1
210 0 4 788 795 3644 1192
211 1 6 792 18 59 27
212 0 4 796 1 3 1
213 1 5 800 31 108 46
214 0 1 804 2 17 3
215 1 5 807 1 5 1
216 0 3 811 3 9 4
217 0 9 815 1 4 1
218 1 2 819 187 1791 280
219 0 13 822 26881 154578 40321
220 0 4 826 432 1893 648
221 0 2 830 11 90 16
222 0 9 834 7 21 10
223 0 1 838 1742 18525 2613
224 0 6 841 63 235 94
225 1 35 845 6 18 9
226 1 3 850 1 6 1
227 1 2 854 351 3466 526
228 0 3 857 6802 76721 10203
229 0 1 861 1 10 1
230 1 7 864 28 97 42
231 0 1 868 495347 6591863 743020
232 1 14 871 3 9 4
233 0 4 875 36 127 54
234 1 42 879 6 18 9
235 1 1 884 2953 32141 4429
236 0 6 887 82970 508081 124455
237 0 2 891 237 2296 355
238 0 1 895 22 188 33
239 0 3 897 5 15 7
240 0 13 901 3 10 4
241 1 7 905 1065 4985 1597
242 1 6 909 2 7 3
243 0 2 913 583 5898 874
244 0 29 916 1 4 1
245 1 3 921 125 1173 187
246 1 1 925 210 2022 315
247 1 1 928 36454 440122 54681
248 0 2 931 1 9 1
249 1 5 935 22 74 33
250 1 2 939 24 206 36
251 1 3 942 4 12 6
252 0 2 946 142 1341 213
253 0 1 949 1 9 1
254 0 5 952 1 5 1
255 1 6 956 1 4 1
256 1 1 960 1 9 1
257 0 2 963 14 116 21
258 1 1 967 1 11 1
259 0 3 970 10 81 15
260 0 1 974 2 17 3
261 1 1 977 981 10166 1471
262 1 1 980 2 17 3
263 1 1 983 2 17 3
264 0 10 985 21255 120574 31882
265 1 5 989 2170 10670 3255
266 0 2 993 1 9 1
267 1 1 996 8 64 12
268 1 3 998 12308 67593 18462
269 1 3 1002 15177 84402 22765
270 0 1 1006 1 9 1
271 1 2 1009 2 17 3
272 0 8 1013 12274 67395 18411
273 0 1 1017 1 11 1
274 0 11 1020 1 3 1
275 0 1 1024 1 10 1
276 1 1 1027 6054 67950 9081
277 0 1 1030 1 9 1
278 0 3 1032 32 112 48
279 0 5 1036 85 326 127
280 0 4 1040 1 5 1
281 0 11 1044 1 3 1
282 1 2 1048 1 9 1
283 0 2 1052 15 125 22
284 1 1 1056 4 33 6
285 0 3 1059 95050 1190661 142575
286 1 3 1063 24 81 36
287 1 1 1067 1 9 1
288 1 1 1070 1 9 1
289 1 3 1073 33 116 49
290 1 3 1077 1258 5958 1887
291 1 3 1081 1 10 1
292 0 2 1085 22 188 33
293 1 4 1089 1 5 1
294 0 1 1093 5 40 7
295 0 1 1096 1 10 1
296 0 3 1099 1 12 1
297 0 2 1103 1 10 1
298 1 5 1107 1 3 1
299 1 1 1111 1 11 1
300 1 3 1114 1 4 1
301 0 1 1118 1 10 1
302 0 1 1121 2063 22104 3094
303 1 1 1124 1 11 1
304 0 2 1127 514 5169 771
305 0 3 1131 482 4832 723
306 0 1 1135 1 11 1
307 1 4 1138 32066 186267 48099
308 0 3 1142 2343 11580 3514
309 1 1 1146 3 25 4
310 1 4 1149 79 301 118
311 1 1 1153 78 714 117
312 1 5 1156 745 3399 1117
313 1 2 1160 192 1841 288
314 0 2 1164 11 90 16
315 1 2 1168 2 17 3
316 0 9 1172 1 4 1
317 0 2 1176 1 9 1
318 0 1 1180 1 9 1
319 1 5 1183 639 2883 958
320 0 2 1187 12 98 18
321 1 29 1191 1 4 1
322 0 1 1196 1 9 1
323 1 6 1199 1 3 1
324 1 4 1203 3 10 4
325 1 3 1207 1 4 1
326 1 9 1211 2 6 3
327 0 11 1215 11 34 16
328 1 12 1219 20 67 30
329 0 2 1223 1 10 1
330 0 6 1227 74 280 111
331 1 3 1231 1 11 1
332 1 4 1235 98 381 147
333 1 1 1239 2 17 3
334 0 6 1242 1825124 13044366 2737686
335 0 9 1246 3 9 4
336 0 2 1250 1 10 1
337 1 2 1254 42 372 63
338 1 11 1258 2 6 3
339 1 3 1262 38 334 57
340 1 2 1266 136530 1733656 204795
341 1 2 1270 1 10 1
342 0 8 1274 1 3 1
343 1 4 1278 2 7 3
344 1 2 1282 338 3332 507
345 1 3 1286 1 5 1
346 1 3 1290 2 7 3
347 0 5 1294 2 7 3
348 0 2 1298 1 9 1
349 1 4 1302 1 4 1
350 0 2 1306 4 33 6
351 1 1 1309 246 2388 369
352 1 5 1312 22 74 33
353 1 4 1316 1 5 1
354 0 1 1320 164 1560 246
355 1 21 1323 1 3 1
356 0 10 1328 1 3 1
357 1 2 1332 392 3891 588
358 1 3 1336 1 4 1
359 0 2 1340 3575 39235 5362
360 1 17 1344 1 3 1
361 0 1 1349 1 11 1
362 0 2 1352 1 9 1
363 1 10 1355 1910 9311 2865
364 0 9 1359 1 5 1
365 0 2 1363 149 1410 223
366 0 2 1367 1146 11960 1719
367 0 4 1371 635 2863 952
368 0 3 1375 36 316 54
369 0 4 1379 148 596 222
370 1 3 1383 19 63 28
371 1 9 1387 20087 113572 30130
372 1 3 1391 3 9 4
373 1 3 1395 5 15 7
374 0 1 1399 1 10 1
375 1 9 1402 1 3 1
376 1 3 1406 12 38 18
377 1 5 1410 379 1644 568
378 1 5 1414 2 7 3
379 1 4 1418 59 219 88
380 0 2 1422 310 3043 465
381 1 4 1426 1 3 1
382 0 2 1430 94 869 141
383 1 2 1433 2 17 3
384 1 10 1436 2 7 3
385 1 16 1440 3 9 4
386 0 3 1444 1 5 1
387 0 2 1448 1 9 1
388 0 1 1452 1 10 1
389 0 3 1455 1 5 1
390 1 14 1459 80 305 120
391 1 1 1463 1637 17360 2455
392 0 1 1466 178 1700 267
393 1 1 1469 1 9 1
394 0 2 1472 1 9 1
395 1 2 1475 1 9 1
396 0 2 1479 1 13 1
397 0 16 1483 48 175 72
398 0 6 1488 1 3 1
399 1 4 1492 1 4 1
400 1 4 1496 45 163 67
401 0 1 1500 1224 12812 1836
402 1 3 1503 1 9 1
403 0 6 1507 79 301 118
404 0 8 1511 1 3 1
405 0 4 1515 4 13 6
406 1 4 1519 2 6 3
407 1 8 1523 234 977 351
408 0 16 1527 1 4 1
409 0 2 1531 310 3043 465
410 1 9 1535 1 4 1
411 0 8 1539 12386 68047 18579
412 1 2 1543 5020 55900 7530
413 0 7 1547 1 3 1
414 0 2 1551 14 116 21
415 0 5 1555 1 5 1
416 1 9 1559 1 6 1
417 1 9 1563 6 18 9
418 1 1 1567 77725 966238 116587
419 1 5 1570 85 326 127
420 0 1 1574 40 353 60
421 1 2 1577 7 56 10
422 0 6 1580 3846 19640 5769
423 1 1 1584 1714 18215 2571
424 0 1 1587 1 9 1
425 0 13 1590 2 6 3
426 0 2 1594 24 206 36
427 0 3 1598 1 5 1
428 1 8 1602 4 13 6
429 0 10 1606 1 4 1
430 0 7 1610 1 4 1
431 1 2 1614 45 400 67
432 0 19 1618 68 256 102
433 0 24 1623 22 74 33
434 0 6 1628 1 4 1
435 0 1 1632 1 8 1
436 1 2 1635 2 17 3
437 1 3 1639 5302 27639 7953
438 0 5 1643 1 4 1
439 0 1 1647 43 381 64
440 0 9 1650 1 5 1
441 0 5 1654 23 78 34
442 1 9 1658 2 7 3
443 1 9 1662 1845 8972 2767
444 0 2 1666 2 17 3
445 0 4 1670 380 1649 570
446 1 7 1674 1292 6130 1938
447 0 7 1678 3 9 4
448 0 4 1682 65 243 97
449 0 7 1686 13 41 19
450 0 3 1690 853 3930 1279
451 1 1 1694 4 33 6
452 0 3 1697 7 56 10
453 0 5 1701 8 24 12
454 1 1 1705 4 33 6
455 1 11 1708 43 155 64
456 1 1 1712 34021 409636 51031
457 1 5 1715 1 3 1
458 1 4 1719 1 4 1
459 1 1 1723 4 33 6
460 0 4 1726 19 63 28
461 0 2 1730 9 72 13
462 1 3 1733 36 127 54
463 0 5 1737 2 6 3
464 0 4 1741 24 82 36
465 1 2 1745 34 298 51
466 0 8 1748 1320 6273 1980
467 0 10 1752 15 49 22
468 0 5 1756 18 59 27
469 0 1 1760 42 372 63
470 1 4 1762 1 3 1
471 0 2 1766 1 11 1
472 0 28 1770 3 10 4
473 0 2 1775 7 56 10
474 1 2 1779 9 72 13
475 0 2 1782 2 17 3
476 1 6 1786 7 21 10
477 1 1 1790 1 9 1
478 0 8 1793 134 535 201
479 0 1 1797 93 859 139
480 0 2 1800 2 17 3
481 1 1 1803 6 48 9
482 0 3 1806 1 13 1
483 1 2 1810 2 17 3
484 0 15 1813 1 4 1
485 0 5 1817 216 896 324
486 1 9 1821 1 6 1
487 0 24 1825 83 318 124
488 0 7 1830 1 3 1
489 1 4 1834 689 3125 1033
490 1 8 1838 307 1310 460
491 1 29 1842 5 15 7
492 1 2 1847 86 792 129
493 1 1 1851 67 608 100
494 1 6 1854 1 3 1
495 1 1 1858 1 12 1
496 1 1 1861 1 9 1
497 0 5 1864 2 7 3
498 0 6 1868 4 12 6
499 1 1 1872 1 9 1
500 1 1 1875 13 107 19
501 1 5 1878 1807 8775 2710
502 0 11 1882 20480 115925 30720
503 1 5 1886 30 104 45
504 1 5 1890 1 5 1
505 0 3 1894 56 207 84
506 1 3 1898 200 825 300
507 0 4 1902 24 81 36
508 0 2 1906 50 447 75
509 0 1 1910 2 17 3
510 0 2 1913 1 9 1
511 0 6 1916 1 4 1
512 1 5 1920 1 4 1
513 0 7 1924 53 195 79
514 1 3 1928 17 56 25
515 1 3 1932 33 288 49
516 1 34 1936 1 5 1
517 1 7 1941 1605 7731 2407
518 1 4 1945 1 3 1
519 1 6 1949 1 3 1
520 1 2 1953 17 143 25
521 0 1 1957 1 10 1
522 1 7 1960 3 9 4
523 0 1 1964 1 11 1
524 1 12 1967 1 4 1
525 0 4 1971 7528 40116 11292
526 1 4 1975 1201 5670 1801
527 1 1 1979 1 10 1
528 0 1 1982 58 523 87
529 0 12 1985 1 3 1
530 0 5 1989 1 4 1
531 0 2 1993 6 48 9
532 1 3 1997 1 3 1
533 1 2 2001 1 9 1
534 1 2 2005 4 33 6
535 1 3 2008 370 1602 555
536 0 3 2012 1 10 1
537 0 5 2016 3 9 4
538 0 4 2020 18 59 27
539 0 3 2024 1 4 1
540 1 2 2028 5 41 7
541 1 3 2032 34 298 51
542 1 1 2036 1 9 1
543 1 3 2039 4 33 6
544 0 2 2043 1 9 1
545 1 2 2047 686 6992 1029
546 1 9 2051 76 289 114
547 0 4 2055 2 7 3
548 0 3 2059 11 90 16
549 0 5 2063 1 3 1
550 1 3 2067 1 4 1
551 0 7 2071 49362 293789 74043
552 1 12 2075 9 27 13
553 0 11 2079 1 4 1
554 1 8 2083 1 3 1
555 1 2 2087 58 523 87
556 0 1 2090 6 48 9
557 0 2 2093 1274 13359 1911
558 0 8 2096 1 5 1
559 0 5 2100 328 1407 492
560 0 3 2104 3 10 4
561 1 2 2108 1 9 1
562 0 7 2111 37 131 55
563 1 2 2115 4 33 6
564 1 5 2119 5 15 7
565 1 3 2123 231 2235 346
566 1 3 2127 1 4 1
567 0 1 2131 712 7270 1068
568 1 4 2134 1 4 1
569 0 1 2138 40 353 60
570 1 1 2141 1454 15338 2181
571 0 3 2144 2 6 3
572 0 1 2148 1 10 1
573 0 2 2151 1 9 1
574 1 1 2155 6240 70127 9360
575 0 3 2158 1 4 1
576 1 5 2162 8 24 12
577 1 1 2166 100 928 150
578 0 4 2169 1 3 1
579 0 1 2173 1 9 1
580 0 5 2176 346 1490 519
581 1 16 2180 2 6 3
582 1 2 2184 1 10 1
583 0 3 2188 237 991 355
584 1 1 2192 89 821 133
585 0 5 2195 4 12 6
586 0 1 2199 2 17 3
587 1 9 2202 4 12 6
588 1 1 2206 1 11 1
589 1 5 2209 131 522 196
590 1 1 2213 15 125 22
591 0 5 2216 119 470 178
592 1 2 2220 6 48 9
593 1 15 2223 3722 18966 5583
594 1 1 2227 60 542 90
595 1 1 2230 1 10 1
596 0 8 2233 60 223 90
597 1 3 2237 3 9 4
598 1 1 2241 8 64 12
599 0 2 2243 1 9 1
600 0 1 2247 1 10 1
601 0 6 2250 98 381 147
602 1 1 2254 1 9 1
603 1 1 2257 1 9 1
604 1 1 2260 3 25 4
605 1 2 2263 2 17 3
606 1 12 2267 4 12 6
607 0 14 2271 35 124 52
608 1 2 2275 59 532 88
609 1 1 2278 8 64 12
610 1 13 2281 306 1306 459
611 0 20 2285 6 18 9
612 1 3 2290 7 21 10
613 0 4 2294 71 268 106
614 0 34 2298 81 310 121
615 0 3 2303 139424 877748 209136
616 0 2 2307 19647 231460 29470
617 1 24 2311 811 3723 1216
618 1 3 2316 2 6 3
619 1 14 2320 525 2334 787
620 0 1 2324 17 143 25
621 1 2 2327 937 9689 1405
622 1 24 2330 97 377 145
623 1 3 2335 11 34 16
624 0 14 2339 1017 4745 1525
625 1 2 2343 9 73 13
626 1 3 2346 8 24 12
627 1 3 2350 1 4 1
628 1 5 2354 3 10 4
629 0 2 2358 4 33 6
630 1 4 2361 4 12 6
631 1 3 2365 58 523 87
632 0 1 2369 4 33 6
633 1 1 2372 1 10 1
634 1 4 2375 733 3340 1099
635 1 1 2379 1 11 1
636 1 1 2382 53494 655557 80241
637 1 3 2385 108805 676052 163207
638 0 1 2389 1 10 1
639 1 1 2392 98 908 147
640 1 3 2395 7 21 10
641 1 4 2399 8 24 12
642 0 9 2403 35 124 52
643 1 5 2407 2 7 3
644 1 3 2411 11 34 16
645 0 11 2415 1 4 1
646 0 3 2419 5 40 7
647 1 1 2423 1 10 1
648 0 2 2426 3 25 4
649 0 3 2429 10 81 15
650 0 5 2433 1 4 1
651 1 2 2437 3102 33835 4653
652 0 2 2441 344 3394 516
653 0 38 2445 1 4 1
654 0 5 2450 16 52 24
655 1 1 2454 199 1911 298
656 0 7 2457 20223 114386 30334
657 1 1 2461 5 40 7
658 1 1 2464 2 17 3
659 0 2 2467 21 179 31
660 0 1 2471 9 72 13
661 0 5 2474 90 347 135
662 1 6 2478 99 385 148
663 0 6 2482 8 24 12
664 0 7 2486 3626 18445 5439
665 1 2 2490 1 10 1
666 1 2 2494 88 811 132
667 0 1 2497 6 48 9
668 0 6 2500 7 21 10
669 1 1 2504 210 2022 315
670 0 1 2507 933 9646 1399
671 1 23 2510 1 4 1
672 1 4 2515 25 85 37
673 1 2 2519 6053 67939 9079
674 1 25 2523 11666 63860 17499
675 1 1 2528 1 9 1
676 0 7 2531 215 892 322
677 1 6 2535 1 5 1
678 1 23 2539 1 3 1
679 0 1 2544 2 17 3
680 1 2 2547 1 9 1
681 1 7 2551 14 45 21
682 1 3 2555 1 3 1
683 1 6 2559 3269 16517 4903
684 0 3 2563 1 4 1
685 1 2 2567 1304 13689 1956
686 0 2 2571 161 1530 241
687 0 4 2575 3 10 4
688 1 1 2579 9 73 13
689 0 7 2582 2344 11585 3516
690 0 12 2586 963 4475 1444
691 0 3 2590 9 27 13
692 0 6 2594 1 3 1
693 1 6 2598 6978 37010 10467
694 0 3 2602 119 470 178
695 1 1 2606 240 2326 360
696 1 19 2609 2 6 3
697 1 10 2614 28 97 42
698 0 7 2618 1 5 1
699 0 3 2622 2 6 3
700 1 2 2626 2 17 3
701 0 9 2630 1 4 1
702 1 1 2634 221 2134 331
703 1 1 2637 1 9 1
704 0 4 2640 1 4 1
705 1 1 2644 1 10 1
706 0 13 2647 5 15 7
707 0 4 2651 4 12 6
708 1 4 2655 15 48 22
709 0 2 2659 8 64 12
710 0 1 2662 7 56 10
711 1 5 2665 25 85 37
712 0 21 2669 50 183 75
713 0 32 2674 2 6 3
714 1 2 2679 394 3912 591
715 0 13 2683 32 112 48
716 0 3 2687 1 3 1
717 1 2 2691 1 9 1
718 1 3 2695 1 11 1
719 0 9 2699 1 4 1
720 0 7 2703 1 3 1
721 0 2 2707 1 11 1
722 1 3 2710 18 59 27
723 1 1 2714 4 32 6
724 1 4 2717 591 2651 886
725 1 2 2721 61 551 91
726 0 4 2725 2 7 3
727 0 9 2729 2 7 3
728 0 1 2733 892 9203 1338
729 0 5 2736 8 24 12
730 1 3 2740 17 56 25
731 1 1 2744 37 325 55
732 1 7 2747 3 10 4
733 1 1 2751 881 9085 1321
734 0 4 2754 94654 583759 141981
735 0 2 2758 264 2571 396
736 1 7 2762 15 48 22
737 1 2 2766 2 17 3
738 0 1 2770 1254 13141 1881
739 1 3 2773 1 4 1
740 0 11 2777 1 5 1
741 1 1 2781 140 1321 210
742 0 6 2784 27005 155333 40507
743 1 4 2788 2 6 3
744 0 19 2792 1 5 1
745 1 2 2797 5 41 7
746 0 2 2800 1 9 1
747 0 4 2804 28 97 42
748 1 1 2808 2 17 3
749 1 6 2810 211 874 316
750 0 3 2814 1 10 1
751 1 1 2818 1 12 1
752 0 5 2821 478021 3204417 717031
753 0 7 2825 1 3 1
754 0 1 2829 8132 92409 12198
755 0 4 2832 99 385 148
756 0 5 2836 2 7 3
757 0 2 2840 42 372 63
758 0 7 2844 129 513 193
759 1 10 2848 3 9 4
760 1 1 2852 939 9711 1408
761 0 4 2855 419 1832 628
762 0 14 2859 1 4 1
763 1 4 2863 153 617 229
764 1 4 2867 1 3 1
765 1 2 2871 17 143 25
766 1 2 2875 18 152 27
767 1 1 2879 42 372 63
768 0 3 2882 2 7 3
769 1 1 2886 1 9 1
770 0 2 2889 1 9 1
771 1 6 2893 16 52 24
772 0 1 2897 1 9 1
773 0 4 2900 21 70 31
774 1 3 2904 1 9 1
775 0 16 2908 24 81 36
776 1 6 2913 42 151 63
777 0 2 2917 1 10 1
778 0 5 2921 1 3 1
779 0 5 2925 60 223 90
780 0 5 2929 35 124 52
781 0 10 2933 225 937 337
782 1 4 2937 45 163 67
783 1 1 2941 15278 178172 22917
784 1 1 2944 224 2164 336
785 0 3 2947 1 9 1
786 1 1 2951 39681 480675 59521
787 0 1 2954 26 224 39
788 1 1 2957 6 48 9
789 1 3 2960 3 10 4
790 1 8 2964 5 15 7
791 0 1 2968 1 10 1
792 1 3 2971 2 17 3
793 0 1 2975 5 40 7
794 0 3 2978 17 143 25
795 0 2 2982 7 56 10
796 0 2 2986 639 6492 958
797 1 2 2990 3 25 4
798 0 1 2994 294 2879 441
799 0 6 2997 1 3 1
800 0 4 3001 151 609 226
801 0 1 3005 1 10 1
802 1 2 3008 22 188 33
803 1 1 3012 147 1391 220
804 1 1 3015 59 532 88
805 0 6 3018 1 3 1
806 0 1 3022 3 25 4
807 1 2 3025 65 589 97
808 0 1 3029 491 4927 736
809 1 3 3032 1 10 1
810 0 11 3036 1 4 1
811 1 1 3040 57 513 85
812 0 3 3043 8 64 12
813 1 12 3047 1 3 1
814 0 13 3051 10 31 15
815 0 5 3055 22 74 33
816 0 4 3059 13 41 19
817 0 1 3063 4 33 6
818 1 4 3065 47 171 70
819 0 1 3069 4 33 6
820 0 3 3072 1 4 1
821 0 7 3076 2 7 3
822 0 2 3080 6 48 9
823 1 4 3084 785 3595 1177
824 1 3 3088 172 1640 258
825 1 3 3092 4 33 6
826 0 1 3096 1 11 1
827 1 4 3098 210 870 315
828 1 5 3102 7 21 10
829 1 2 3106 1 9 1
830 0 6 3110 1 5 1
831 0 1 3114 1 9 1
832 0 1 3117 12 99 18
833 1 7 3120 66 247 99
834 0 3 3124 1 9 1
835 1 10 3128 12 38 18
836 1 1 3132 104 966 156
837 1 1 3134 18 152 27
838 0 3 3137 165 670 247
839 0 9 3141 58 215 87
840 1 16 3145 24 82 36
841 1 2 3150 1 10 1
842 1 4 3154 1 4 1
843 1 2 3158 7 56 10
844 0 2 3161 10 81 15
845 1 5 3164 4 13 6
846 1 2 3168 2 17 3
847 1 1 3172 4612 51172 6918
848 1 2 3175 56 504 84
849 1 3 3178 1 4 1
850 0 9 3182 2 6 3
851 0 1 3186 29 252 43
852 1 3 3189 15 125 22
853 1 1 3193 8 64 12
854 0 1 3196 890 9181 1335
855 1 3 3199 1041 10817 1561
856 0 2 3203 15 125 22
857 0 4 3207 1 4 1
858 0 1 3211 19496 229610 29244
859 1 3 3214 18 59 27
860 0 3 3218 1 10 1
861 0 1 3222 8770 99972 13155
862 1 2 3225 18 152 27
863 1 4 3228 2 6 3
864 0 2 3232 3259 35624 4888
865 0 2 3236 1 11 1
866 0 2 3239 1 9 1
867 1 3 3243 1332 6334 1998
868 0 2 3247 3 25 4
869 1 4 3251 7 21 10
870 1 1 3255 1 9 1
871 0 1 3257 2 17 3
872 1 9 3260 1 6 1
873 1 5 3264 5 15 7
874 0 8 3268 10648 57966 15972
875 0 1 3272 6 48 9
876 0 14 3275 344 1481 516
877 0 2 3279 126 1183 189
878 1 3 3283 3 10 4
879 1 2 3287 1 13 1
880 0 4 3290 1 5 1
881 0 2 3294 433 4319 649
882 0 1 3297 7 56 10
883 1 4 3300 1 3 1
884 0 3 3304 1 9 1
885 1 1 3308 1 10 1
886 0 1 3311 1 10 1
887 0 6 3314 12 38 18
888 1 1 3318 2 17 3
889 1 3 3321 1 9 1
890 0 3 3325 618 2781 927
891 1 2 3329 1 9 1
892 0 2 3332 8543 97279 12814
893 0 1 3335 7 56 10
894 0 7 3338 1 4 1
895 0 1 3342 1 10 1
896 0 5 3345 1 4 1
897 0 3 3349 23 78 34
898 0 1 3353 56 504 84
899 0 15 3356 1 5 1
900 0 3 3360 1 5 1
901 0 6 3364 5 15 7
902 1 2 3368 210 2022 315
903 0 5 3371 4 13 6
904 1 4 3375 715 3252 1072
905 0 5 3379 1 4 1
906 0 6 3383 1 5 1
907 1 11 3387 1 3 1
908 1 1 3391 1 11 1
909 1 2 3393 642 6524 963
910 0 3 3397 1 10 1
911 1 1 3401 4 33 6
912 1 1 3403 3 25 4
913 1 5 3406 1 4 1
914 0 1 3410 397 3944 595
915 0 2 3413 373 3694 559
916 0 1 3417 5 41 7
917 1 11 3420 17 56 25
918 1 7 3424 1 3 1
919 1 6 3428 1 5 1
920 0 8 3432 232 968 348
921 0 33 3436 857 3950 1285
922 1 7 3441 2 7 3
923 1 1 3445 2 17 3
924 0 4 3448 1 4 1
925 0 3 3452 1 4 1
926 0 3 3456 5 15 7
927 0 5 3460 21 70 31
928 0 1 3464 76 695 114
929 1 5 3467 115 453 172
930 1 1 3471 239 2316 358
931 1 2 3474 1 9 1
932 0 7 3478 3 9 4
933 0 7 3482 1 4 1
934 0 1 3486 6 48 9
935 1 3 3489 6 48 9
936 0 1 3493 1 10 1
937 0 1 3496 1 13 1
938 1 2 3499 2607 28222 3910
939 1 1 3502 2826 30700 4239
940 0 3 3505 15 48 22
941 0 1 3509 615 6237 922
942 1 2 3512 324 3187 486
943 0 3 3516 1 10 1
944 0 2 3520 1 9 1
945 1 11 3523 259 1091 388
946 1 2 3527 118220 1493103 177330
947 1 4 3531 141 565 211
948 1 4 3535 6 18 9
949 1 2 3539 578 5844 867
950 1 1 3543 9 72 13
951 0 1 3546 1 8 1
952 0 2 3549 1 9 1
953 1 3 3553 137 548 205
954 1 5 3557 16 52 24
955 0 3 3561 128 509 192
956 0 13 3565 708 3218 1062
957 1 1 3569 28 243 42
958 1 9 3571 1 4 1
959 0 2 3575 97 898 145
960 1 4 3579 44 159 66
961 0 1 3583 1 11 1
962 1 1 3586 1 11 1
963 0 1 3588 5 40 7
964 1 20 3591 1 5 1
965 0 1 3596 6 48 9
966 1 3 3599 6 18 9
967 0 4 3603 42 151 63
968 0 2 3607 35 307 52
