0 0 6 5 3 10 4
1 0 1 23 28 242 42
2 1 2 33 11446 131919 17169
3 1 3 46 1 9 1
4 1 3 61 1 9 1
5 1 4 76 1 12 1
6 0 3 92 10 81 15
7 1 1 106 253 2459 379
8 0 2 115 9664 110607 14496
9 1 2 128 4965 55262 7447
10 0 2 142 784 8041 1176
11 1 4 155 1 10 1
12 1 1 171 1 10 1
13 1 11 176 523 2325 784
14 1 5 195 2 17 3
15 1 2 211 1 9 1
16 1 6 223 15 125 22
17 1 8 240 1 4 1
18 1 2 258 2 17 3
19 0 22 271 1 5 1
20 1 2 292 1 11 1
21 1 9 306 44447 262993 66670
22 0 3 325 8 64 12
23 0 5 340 5 41 7
24 1 3 357 561 5665 841
25 1 2 372 350 3456 525
26 0 2 386 3 25 4
27 1 30 399 2985 14992 4477
28 0 2 421 1 9 1
29 1 2 433 475 4759 712
30 1 6 445 1 9 1
31 0 1 462 1 11 1
32 0 3 469 1 11 1
33 0 1 484 384 3809 576
34 0 5 495 330 3249 495
35 0 2 512 1 9 1
36 1 3 524 867 8934 1300
37 1 4 539 1 9 1
38 0 15 555 1 7 1
39 0 1 575 143 1351 214
40 1 4 585 14 116 21
41 0 2 601 683 6960 1024
42 0 2 614 27 233 40
43 0 5 626 21 179 31
44 0 1 643 2 17 3
45 1 4 654 1 10 1
46 0 3 670 97 899 145
47 0 3 685 1 10 1
48 0 2 699 20 170 30
49 1 1 713 954 9873 1431
50 1 1 723 958 9917 1437
51 1 1 733 1 12 1
52 1 6 744 1 9 1
53 0 1 761 1 9 1
54 0 10 769 1 4 1
55 0 1 788 1 10 1
56 1 4 797 20 170 30
57 0 8 812 6 18 9
58 1 2 830 3 25 4
59 1 6 843 2 17 3
60 0 2 861 1086 11306 1629
61 1 1 875 72 657 108
62 1 2 885 4955 55146 7432
63 1 4 899 119 1114 178
64 0 5 914 1 9 1
65 1 5 931 52 466 78
66 1 1 948 1 9 1
67 1 2 954 1 11 1
68 0 5 966 1 11 1
69 0 5 982 14418 167747 21627
70 1 13 999 18 59 27
71 0 9 1019 84 322 126
72 0 1 1038 4 33 6
73 0 3 1044 4 33 6
74 0 6 1059 3 25 4
75 1 9 1076 2 6 3
76 0 1 1095 1 9 1
77 1 7 1103 1 3 1
78 1 1 1121 1 13 1
79 1 2 1132 20 170 30
80 0 2 1145 393 3902 589
81 0 2 1157 1 13 1
82 1 7 1170 21 70 31
83 1 2 1188 131 1232 196
84 1 3 1200 25 215 37
85 0 5 1215 395 3923 592
86 0 3 1231 24 206 36
87 0 2 1246 10 81 15
88 1 2 1259 46 409 69
89 1 1 1272 15 125 22
90 0 9 1281 1 4 1
91 0 7 1300 2 7 3
92 0 7 1318 903 4177 1354
93 1 8 1336 1 6 1
94 1 7 1354 14 45 21
95 1 5 1372 2 17 3
96 1 1 1389 7770 88128 11655
97 1 1 1395 1293 13568 1939
98 1 3 1406 2 17 3
99 0 3 1421 10 81 15
100 1 3 1435 351 3466 526
101 1 3 1449 1 10 1
102 1 2 1464 2 17 3
103 0 1 1477 3 25 4
104 0 2 1486 61355 755871 92032
105 1 1 1499 777 7966 1165
106 1 1 1509 596 6035 894
107 0 2 1516 1 9 1
108 0 6 1529 3670 40323 5505
109 0 1 1546 12 98 18
110 1 1 1554 1 9 1
111 1 2 1562 1 10 1
112 0 1 1575 1 12 1
113 1 1 1585 1 12 1
114 0 8 1594 172 701 258
115 1 4 1612 1 10 1
116 1 3 1628 11348 130743 17022
117 0 3 1642 1 10 1
118 0 1 1657 256 2489 384
119 1 9 1664 1 4 1
120 1 2 1683 249 2418 373
121 0 12 1695 92 356 138
122 1 2 1715 86 791 129
123 0 2 1728 38 335 57
124 1 18 1741 19555 110390 29332
125 1 2 1762 7 56 10
126 0 7 1775 1 4 1
127 0 12 1793 155 626 232
128 0 1 1813 4 33 6
129 0 1 1824 1 10 1
130 0 2 1833 3 25 4
131 1 5 1846 3 25 4
132 1 8 1863 4781 24759 7171
133 1 6 1882 977 4545 1465
134 1 2 1900 104 967 156
135 0 2 1913 43 381 64
136 0 1 1927 1 9 1
137 1 1 1936 83 762 124
138 0 2 1944 7 56 10
139 0 5 1956 1 9 1
140 0 1 1972 1 11 1
141 0 3 1983 15136 176449 22704
142 0 4 1997 1270 13316 1905
143 1 7 2013 10446 56800 15669
144 1 3 2031 6 48 9
145 0 3 2046 41455 503022 62182
146 0 6 2061 28 242 42
147 0 13 2079 4 12 6
148 0 5 2099 1 9 1
149 1 16 2116 200 825 300
150 0 1 2137 4 33 6
151 1 1 2147 213 2053 319
152 1 7 2157 1 3 1
153 1 18 2175 1 4 1
154 0 2 2196 4 33 6
155 0 6 2208 3 25 4
156 1 2 2225 1 9 1
157 1 3 2238 1 9 1
158 1 2 2253 18 152 27
159 0 5 2266 1 9 1
160 1 1 2283 1 10 1
161 0 2 2294 58 523 87
162 1 2 2306 1 11 1
163 0 20 2319 2 7 3
164 0 4 2340 4181 46195 6271
165 1 1 2356 2 17 3
166 1 1 2362 1 9 1
167 1 2 2372 8 64 12
168 0 1 2384 6955 78520 10432
169 1 3 2389 2153 23112 3229
170 0 2 2404 26093 310903 39139
171 1 3 2416 1 10 1
172 0 6 2430 1 9 1
173 0 2 2447 1 11 1
174 1 3 2459 3 25 4
175 0 7 2474 2 7 3
176 1 8 2492 13 41 19
177 0 7 2510 1 3 1
178 1 2 2528 9 73 13
179 0 2 2541 132085 1675145 198127
180 0 1 2554 81 743 121
181 0 30 2565 1 5 1
182 0 1 2587 10 81 15
183 1 2 2597 1 10 1
184 0 6 2609 2190 23527 3285
185 1 1 2626 4 33 6
186 0 3 2637 378 3746 567
187 1 14 2651 402 1752 603
188 0 3 2671 4 33 6
189 0 2 2686 3 25 4
190 0 2 2700 3177 34689 4765
191 1 2 2713 62 561 93
192 1 1 2726 1 10 1
193 0 4 2730 1 10 1
194 1 6 2745 6 48 9
195 0 1 2762 1 9 1
196 0 1 2769 1688 17926 2532
197 0 1 2773 607 6152 910
198 1 5 2784 120 1124 180
199 1 36 2800 1 3 1
200 1 3 2823 2 17 3
201 1 2 2837 79 724 118
202 0 1 2850 5 41 7
203 0 5 2858 1 11 1
204 1 5 2874 65 589 97
205 1 2 2891 1078 11219 1617
206 1 3 2903 2 17 3
207 1 1 2918 39 344 58
208 1 4 2927 420 4183 630
209 0 7 2943 12 38 18
210 1 7 2961 11 34 16
211 0 9 2979 274 1159 411
212 1 6 2998 1 9 1
213 0 5 3015 234 2266 351
214 1 2 3032 4 33 6
215 0 11 3045 186 763 279
216 0 6 3064 3 25 4
217 1 2 3081 307 3012 460
218 1 5 3094 1 10 1
219 1 3 3111 215 2073 322
220 1 2 3126 13 108 19
221 0 3 3138 8 64 12
222 1 10 3153 1 4 1
223 1 3 3172 3 25 4
224 1 29 3186 2 6 3
225 0 11 3208 1 4 1
226 1 1 3227 98 908 147
227 1 7 3236 1 3 1
228 0 2 3254 1 9 1
229 0 2 3267 1 9 1
230 0 2 3280 11 90 16
231 1 3 3293 10 81 15
232 1 1 3308 53 476 79
233 1 13 3318 51 187 76
234 0 4 3338 1 12 1
235 0 5 3353 1 11 1
236 1 6 3370 11075 127471 16612
237 1 9 3387 313 1338 469
238 0 2 3406 1 9 1
239 0 14 3419 1 4 1
240 1 3 3439 353 3487 529
241 0 2 3453 4 33 6
242 0 2 3466 17915 210274 26872
243 0 5 3480 237 2296 355
244 1 1 3497 14 116 21
245 1 34 3508 14 45 21
246 1 3 3531 145984 1858325 218976
247 0 6 3545 6 18 9
248 0 1 3563 6 48 9
249 1 3 3574 6666 75123 9999
250 1 2 3589 1 10 1
251 1 2 3601 1 11 1
252 0 5 3613 6 48 9
