0 1 1 5 14 116 21
1 1 4 6 3 10 4
2 0 1 10 2 17 3
3 0 11 13 36 128 54
4 1 7 18 2 6 3
5 1 1 22 2 17 3
6 0 51 25 1 4 1
7 1 3 31 14 45 21
8 0 6 35 402 1751 603
9 0 9 39 5 15 7
10 1 1 44 6 48 9
11 0 1 47 917 9473 1375
12 0 7 50 14 45 21
13 1 3 55 1 11 1
14 0 1 58 1 10 1
15 1 3 60 1 3 1
16 0 3 64 1 4 1
17 0 1 68 1 8 1
18 0 1 71 372 3684 558
19 1 8 72 1 4 1
20 1 3 77 215 2073 322
21 0 5 81 1 3 1
22 1 6 85 15 48 22
23 0 4 89 456 2006 684
24 0 1 93 23 197 34
25 0 4 94 10 31 15
26 1 6 98 3307 16722 4960
27 0 4 102 1 6 1
28 1 1 106 48 428 72
29 0 1 107 1 9 1
30 0 2 109 2012 21534 3018
31 1 5 112 2 6 3
32 0 1 116 5 40 7
33 0 4 119 19 63 28
34 1 2 123 1566 16575 2349
35 0 1 126 1 8 1
36 1 1 128 1 10 1
37 1 2 130 1 10 1
38 0 3 133 1 9 1
39 0 3 137 58 215 87
40 1 29 141 3 9 4
41 0 4 147 1 3 1
42 0 1 151 1 10 1
43 0 7 154 5 15 7
44 0 1 158 1 10 1
45 1 3 161 1967 9607 2950
46 0 4 165 26866 154487 40299
47 1 1 169 14 116 21
48 1 15 171 1 4 1
49 1 2 176 1 9 1
50 0 5 179 1 5 1
51 1 1 183 3 25 4
52 0 2 185 50 447 75
53 1 1 188 5614 62811 8421
54 0 1 189 33329 400980 49993
55 0 4 192 41 147 61
56 1 4 196 31 108 46
57 0 4 200 1 5 1
58 1 19 204 2 7 3
59 0 5 209 10 31 15
60 1 19 213 1 4 1
61 0 1 218 1 10 1
62 0 7 220 70 264 105
63 1 2 225 3 25 4
64 1 4 228 1 3 1
65 0 12 232 1 4 1
66 0 7 237 18 59 27
67 0 3 241 1 3 1
68 1 1 245 536 5401 804
69 0 23 247 1 4 1
70 1 4 252 6114 32160 9171
71 0 2 256 39 344 58
72 1 2 259 2 17 3
73 0 3 262 1 9 1
74 1 5 266 1 4 1
75 0 5 270 98 381 147
76 1 5 274 18882 106372 28323
77 0 3 278 195 802 292
78 0 2 282 343 3383 514
79 0 2 285 1 9 1
80 0 19 288 11 34 16
81 1 1 293 1 12 1
82 0 2 296 1 10 1
83 1 3 299 2 17 3
84 1 3 303 4 33 6
85 1 4 307 186378 1191261 279567
86 0 1 311 1 9 1
87 0 1 312 1 9 1
88 1 16 313 1 4 1
89 0 11 318 18 59 27
90 0 19 323 3303 16700 4954
91 1 2 328 1 9 1
92 0 4 331 1 4 1
93 0 4 335 1 4 1
94 1 1 339 7253 82028 10879
95 1 4 341 118 466 177
96 0 5 345 3 10 4
97 1 7 349 1 4 1
98 1 2 353 60 542 90
99 0 12 356 2 6 3
100 0 2 361 8 64 12
101 1 5 364 81 310 121
102 1 2 368 2 17 3
103 0 2 371 123 1153 184
104 1 4 374 7 21 10
105 0 7 378 1 3 1
106 1 1 383 166 1580 249
107 0 1 386 1 10 1
108 1 1 388 329 3239 493
109 1 6 390 1379 6573 2068
110 0 6 394 1 4 1
111 0 2 398 1 9 1
112 0 2 401 1 10 1
113 0 2 404 428 4267 642
114 0 1 407 9 73 13
115 0 5 410 5733 30034 8599
116 0 3 414 1 11 1
117 0 4 418 1 3 1
118 0 6 422 1 4 1
119 1 3 426 58 215 87
120 0 3 430 217 901 325
121 0 2 434 1 13 1
122 1 1 437 347 3425 520
123 1 1 439 742 7591 1113
124 0 7 442 2 6 3
125 0 5 446 3 10 4
126 1 10 450 1 3 1
127 0 2 455 1 9 1
128 0 2 458 1 9 1
129 1 4 461 1 3 1
130 0 6 465 1 3 1
131 1 6 469 1 6 1
132 0 1 473 4 33 6
133 0 1 475 19 161 28
134 0 2 477 57 513 85
135 1 2 480 19763 232882 29644
136 1 4 483 205 847 307
137 1 10 487 7 21 10
138 0 1 492 5 41 7
139 1 5 494 1 3 1
140 0 3 498 4302 47590 6453
141 1 1 502 1 9 1
142 1 5 504 8613 46282 12919
143 1 1 508 14 116 21
144 1 3 511 1 9 1
145 0 16 515 2 7 3
146 1 8 520 12 38 18
147 0 14 525 11 34 16
148 0 2 530 9 73 13
149 1 5 533 160 648 240
150 0 2 537 85 782 127
151 1 2 540 11 90 16
152 0 6 543 1 4 1
153 1 5 547 10 31 15
154 0 5 551 107 419 160
155 1 2 555 14 116 21
156 1 3 558 7 56 10
157 1 2 562 2858 31063 4287
158 1 5 565 9 27 13
159 1 3 569 795 3644 1192
160 0 7 573 159 643 238
161 0 2 578 2593 28064 3889
162 1 3 581 54 485 81
163 0 3 585 7 21 10
164 1 2 589 5 41 7
165 0 2 592 1 10 1
166 1 10 595 2 7 3
167 0 6 600 12620 69411 18930
168 1 8 604 12 38 18
169 0 1 609 2 17 3
170 0 5 611 1 4 1
171 1 6 615 1 5 1
172 1 7 619 22141 125899 33211
173 0 4 624 6 18 9
174 1 3 628 164 666 246
175 1 3 632 893 4128 1339
176 0 6 636 1 3 1
177 0 1 640 1 9 1
178 0 2 642 3 25 4
179 1 2 645 230 2225 345
180 0 1 648 61 551 91
181 1 3 650 1 9 1
182 1 3 654 14 45 21
183 0 15 658 1 3 1
184 0 2 663 2792 30315 4188
185 0 4 666 1 6 1
186 0 2 670 174 1660 261
187 0 3 673 1 9 1
188 1 8 677 1 4 1
189 0 4 682 1780 8635 2670
190 0 1 686 1 9 1
191 1 27 689 165 670 247
192 0 1 695 1 9 1
193 1 1 697 7 56 10
194 0 3 700 21 179 31
195 1 1 704 32 279 48
196 1 1 706 79950 994966 119925
197 0 2 708 4 33 6
198 0 1 711 30271 362811 45406
199 1 1 713 1 10 1
200 1 1 716 14 116 21
201 0 1 718 1 10 1
202 0 7 720 4 13 6
203 1 3 725 1 9 1
204 1 1 729 66461 821288 99691
205 0 2 731 836 8600 1254
206 1 3 734 2879 14426 4318
207 0 1 738 4320 47798 6480
208 0 3 741 3 25 4
209 1 1 745 25 215 37
210 0 6 748 22 74 33
211 0 13 752 329 1412 493
212 1 2 757 14230 165472 21345
213 0 2 760 10 81 15
214 1 1 763 697 7110 1045
215 0 3 765 2822 30655 4233
216 1 3 769 1022 4770 1533
217 0 9 773 4 12 6
218 0 3 778 1 4 1
219 0 2 782 144 1361 216
220 0 2 785 1 10 1
221 1 15 788 1 3 1
222 1 4 793 1 3 1
223 1 4 797 948 4401 1422
224 1 2 801 1 10 1
225 0 3 804 1 4 1
226 1 2 808 53 476 79
227 0 2 811 5 40 7
228 1 5 814 1 3 1
229 0 6 818 1 4 1
230 0 1 822 904 9333 1356
231 0 11 825 206 852 309
232 1 4 830 7523 40088 11284
233 1 1 834 1 10 1
234 0 7 836 1 3 1
235 0 42 841 2 7 3
236 0 1 847 8667 98750 13000
237 0 7 850 1 4 1
238 0 2 854 76 695 114
239 1 13 857 1 3 1
240 0 3 862 5 41 7
241 1 3 866 5 15 7
242 1 2 870 71 647 106
243 0 6 873 5 15 7
244 1 4 877 3 9 4
245 1 2 881 1 11 1
246 1 1 884 107 996 160
247 0 18 886 54 199 81
248 0 5 891 1 4 1
249 1 1 895 5815 65157 8722
250 0 15 898 1 4 1
251 0 3 903 2 7 3
252 0 1 907 22683 268769 34024
253 1 1 910 24 206 36
254 1 2 912 1 13 1
255 0 3 915 4671 24153 7006
256 1 2 919 72 656 108
257 0 3 922 81 310 121
258 0 1 926 45 400 67
259 1 11 928 1 4 1
260 0 3 933 24 206 36
261 1 7 936 5 15 7
262 0 1 940 13 108 19
263 0 1 942 52447 642235 78670
264 1 4 945 1 3 1
265 0 11 949 630 2839 945
266 1 2 954 1 9 1
267 0 2 957 1 9 1
268 1 6 960 288 1223 432
269 0 19 964 81 309 121
270 1 2 969 3 25 4
271 0 2 972 1 9 1
272 0 7 975 174 709 261
273 0 1 979 55 495 82
274 0 2 981 305 2991 457
275 1 1 984 18525 217727 27787
276 1 2 986 595 6025 892
277 0 3 989 1 12 1
278 0 2 993 1 10 1
279 1 2 996 1 11 1
280 1 1 999 7 56 10
281 1 3 1002 4 12 6
282 1 7 1006 17 56 25
283 1 1 1010 35 307 52
284 0 12 1012 5570 29127 8355
285 0 1 1017 26 224 39
286 1 5 1020 1 4 1
287 1 2 1024 15 125 22
288 1 6 1027 68111 412638 102166
289 1 4 1031 247 1036 370
290 0 4 1035 7 21 10
291 1 1 1039 60 542 90
292 0 5 1042 42 151 63
293 0 4 1046 90 347 135
294 0 1 1050 105 976 157
295 0 3 1052 12 38 18
296 1 4 1056 233 973 349
297 1 6 1060 161 652 241
298 0 12 1064 8 24 12
299 0 6 1069 1 5 1
300 1 2 1073 1 9 1
301 1 2 1076 1 9 1
302 1 1 1079 2 17 3
303 1 10 1082 54 199 81
304 0 10 1087 1 4 1
305 1 9 1092 2420 11986 3630
306 0 1 1097 38 335 57
307 0 1 1100 1 9 1
308 0 10 1101 1 4 1
309 0 1 1106 5 40 7
310 1 1 1108 10613 121939 15919
311 0 23 1110 1 5 1
312 1 2 1115 1 10 1
313 0 4 1118 9 27 13
314 1 8 1122 3 10 4
315 0 6 1127 2 6 3
316 0 2 1131 1 9 1
317 0 3 1134 1 4 1
318 0 10 1138 1 4 1
319 1 1 1143 629 6385 943
320 0 1 1144 1 9 1
321 0 6 1147 22248 126543 33372
322 1 10 1151 40 143 60
323 0 6 1156 1 4 1
324 1 1 1160 7 56 10
325 0 3 1162 6817 36104 10225
326 0 3 1166 3 9 4
327 0 5 1170 1 4 1
328 1 1 1174 224 2164 336
329 1 2 1177 1 9 1
330 1 4 1180 1 4 1
331 0 2 1184 788 8084 1182
332 0 7 1187 19 63 28
333 0 4 1192 5 15 7
334 0 2 1196 1 8 1
335 0 3 1199 1 9 1
336 0 3 1203 22 74 33
337 0 3 1207 1 8 1
338 1 1 1211 325 3197 487
339 0 1 1214 1 11 1
340 0 2 1217 2 17 3
341 1 8 1220 17 56 25
342 0 8 1225 1 4 1
343 1 1 1230 17 143 25
344 0 1 1232 2 17 3
345 1 4 1234 1 4 1
346 0 39 1238 13 41 19
347 1 14 1244 4 12 6
348 0 3 1249 1 9 1
349 0 2 1253 10 81 15
350 0 1 1256 4 33 6
351 0 1 1258 984 10198 1476
352 0 4 1260 1 3 1
353 1 1 1264 1 9 1
354 1 7 1267 2 6 3
355 1 5 1272 3 9 4
356 1 1 1276 1 8 1
357 1 2 1279 1 9 1
358 1 3 1282 1 3 1
359 1 9 1286 1 4 1
360 1 1 1291 1 9 1
361 0 2 1294 338 3332 507
362 1 2 1297 1071 11143 1606
363 0 2 1300 52798 646700 79197
364 0 2 1303 3 25 4
365 1 4 1306 2 6 3
366 0 19 1310 844 3885 1266
367 0 2 1315 36 316 54
368 1 4 1318 1 5 1
369 1 4 1322 45 163 67
370 0 3 1326 21238 120471 31857
371 1 38 1330 10 31 15
372 1 2 1336 365 3611 547
373 0 1 1339 33 288 49
374 1 2 1341 1 9 1
375 0 2 1344 1 9 1
376 0 10 1347 1 4 1
377 1 2 1352 354 3497 531
378 0 2 1355 13 108 19
379 1 3 1358 1 10 1
380 1 3 1361 17 143 25
381 0 1 1365 2 17 3
382 0 2 1367 24 206 36
383 0 1 1370 1 9 1
384 1 1 1373 1 12 1
385 1 2 1375 58 523 87
386 1 1 1378 1 10 1
387 1 2 1381 14 116 21
388 1 3 1384 1 10 1
389 0 5 1388 163 661 244
390 1 1 1392 1123 11709 1684
391 0 7 1394 1 5 1
392 1 6 1398 2 6 3
393 1 5 1402 1 5 1
394 1 6 1406 4 12 6
395 1 13 1410 36 127 54
396 1 1 1415 390 3871 585
397 0 1 1417 24 206 36
398 1 5 1420 20 67 30
399 1 1 1424 1 9 1
400 1 4 1426 28 97 42
401 0 2 1430 8 64 12
402 1 2 1433 67 609 100
403 1 8 1436 5 15 7
404 0 7 1441 2 7 3
405 1 3 1446 1 3 1
406 1 2 1450 1 10 1
407 0 3 1453 11 34 16
408 1 9 1457 6 18 9
409 0 3 1462 99 918 148
410 1 6 1466 17 55 25
411 1 9 1470 22 74 33
412 0 4 1475 1 5 1
413 1 7 1479 4 12 6
414 1 4 1483 2 7 3
415 0 2 1487 6 48 9
416 1 3 1490 3811 19449 5716
417 1 2 1494 371 3673 556
418 1 1 1497 107 996 160
419 0 1 1499 506 5085 759
420 0 2 1501 54 485 81
421 0 8 1504 10 31 15
422 0 3 1509 1 3 1
423 0 2 1513 67 609 100
424 1 3 1516 1 4 1
425 1 6 1520 1 4 1
426 1 7 1524 2388 11817 3582
427 0 1 1529 1 8 1
428 1 1 1531 2 17 3
429 0 5 1534 1 5 1
430 1 4 1538 1 3 1
431 0 2 1542 871 8977 1306
432 0 15 1545 1 3 1
433 1 2 1550 13 107 19
434 0 1 1553 2631 28493 3946
435 1 4 1555 489 2163 733
436 0 4 1559 1 4 1
437 1 7 1563 52 191 78
438 1 2 1568 257 2500 385
439 0 10 1571 1 5 1
440 1 2 1576 46723 569588 70084
441 1 4 1579 307 1310 460
442 0 10 1583 1 5 1
443 0 2 1588 702 7163 1053
444 0 7 1591 637 2873 955
445 1 2 1595 4 33 6
446 0 1 1598 1 9 1
447 1 1 1600 1 13 1
448 1 4 1602 2 6 3
449 1 8 1606 64 239 96
450 0 14 1611 1 4 1
451 1 5 1616 8 24 12
452 1 1 1620 22 188 33
453 1 7 1623 585 2622 877
454 1 11 1628 906150 6266271 1359225
455 1 3 1633 1 10 1
456 0 3 1637 6 18 9
457 0 1 1641 5 40 7
458 0 9 1644 10 31 15
459 1 1 1649 3 25 4
460 1 5 1651 47 171 70
461 0 6 1655 28 97 42
462 0 11 1659 377 1635 565
463 0 5 1664 2 6 3
464 0 5 1668 1 5 1
465 1 8 1672 1 5 1
466 1 4 1677 1 3 1
467 1 5 1681 1 3 1
468 0 55 1685 1 4 1
469 0 10 1691 3869 19765 5803
470 0 5 1696 1 4 1
471 0 2 1700 680 6928 1020
472 1 2 1703 7 56 10
473 0 1 1706 195 1871 292
474 0 2 1708 1 9 1
475 0 2 1711 1 9 1
476 1 1 1714 4 33 6
477 1 29 1716 106 415 159
478 0 6 1722 3831 19558 5746
479 1 9 1726 1 5 1
480 1 1 1731 1 9 1
481 1 2 1734 1 10 1
482 0 5 1737 1 4 1
483 1 2 1741 1 10 1
484 1 2 1744 18 152 27
485 0 3 1747 2 17 3
486 0 1 1751 10 81 15
487 1 2 1754 113 1055 169
488 0 1 1757 24 206 36
489 1 7 1759 1 5 1
490 1 27 1764 1780 8635 2670
491 0 2 1770 1 10 1
492 1 4 1773 1 3 1
493 1 7 1777 1 3 1
494 0 35 1781 1421 6787 2131
495 0 2 1787 1 10 1
496 0 5 1790 1 4 1
497 0 2 1794 807 8288 1210
498 1 3 1797 423 4215 634
499 1 7 1800 31 108 46
500 0 1 1805 6 48 9
501 1 10 1808 1 4 1
502 0 2 1813 43 381 64
503 0 9 1816 75 285 112
504 1 3 1821 3917 20026 5875
505 0 3 1825 1925 20562 2887
506 1 9 1829 100 389 150
507 1 2 1834 11661 134500 17491
508 1 6 1837 1 4 1
509 1 2 1841 1 11 1
510 0 2 1844 4 33 6
511 0 4 1847 2 6 3
512 1 4 1851 1 4 1
513 0 1 1855 1 10 1
514 0 3 1856 4 12 6
515 1 5 1860 2049 10036 3073
516 1 4 1864 1677 8103 2515
517 0 1 1868 157 1490 235
518 0 1 1870 17 143 25
519 1 2 1872 186 1781 279
520 1 2 1875 8 64 12
521 1 10 1878 1 3 1
522 0 9 1883 5724 29984 8586
523 0 7 1888 77 293 115
524 1 1 1893 38 335 57
525 0 3 1894 1 9 1
526 1 1 1898 26 224 39
527 0 3 1900 1 4 1
528 0 5 1904 1 3 1
529 0 8 1908 97 376 145
530 0 7 1913 1 4 1
531 1 3 1917 3 25 4
532 1 3 1921 1 5 1
533 1 1 1925 8 64 12
534 1 1 1927 1 10 1
535 1 1 1930 542 5464 813
536 0 5 1932 55 203 82
537 0 3 1936 8 24 12
538 0 21 1940 5 15 7
539 0 3 1945 334 1435 501
540 1 2 1949 12 98 18
541 1 2 1952 1 9 1
542 1 2 1955 7 56 10
543 0 1 1958 69 628 103
544 0 1 1961 8 64 12
545 1 2 1963 43 381 64
546 1 1 1966 1028 10675 1542
547 0 12 1969 1 3 1
548 1 1 1974 6 48 9
549 1 10 1975 1 3 1
550 1 6 1980 1526 7325 2289
551 0 1 1984 3912 43100 5868
552 1 5 1987 6128 32238 9192
553 1 6 1991 1934 9435 2901
554 1 1 1995 1 10 1
555 0 4 1998 1 3 1
556 1 3 2002 1 4 1
557 1 4 2006 12 38 18
558 1 4 2010 40707 239678 61060
559 0 1 2014 186 1781 279
560 1 15 2017 98 381 147
561 0 2 2022 217 2093 325
562 0 2 2025 220 2124 330
563 1 2 2028 5 40 7
564 0 13 2031 9 27 13
565 1 1 2036 2 17 3
566 1 6 2039 1 4 1
567 1 27 2043 2 7 3
568 0 7 2049 1 5 1
569 0 2 2053 3 25 4
570 1 1 2056 1 10 1
571 0 10 2058 1 4 1
572 0 10 2063 5 15 7
573 0 1 2068 454 4539 681
574 1 12 2070 128 509 192
575 1 1 2075 1295 13590 1942
576 0 2 2076 38 334 57
577 1 4 2079 1 5 1
578 0 2 2083 1 9 1
579 1 2 2086 20 170 30
580 0 12 2089 258 1086 387
581 0 14 2094 1 4 1
582 1 7 2099 7485 39873 11227
583 0 1 2103 931 9625 1396
584 0 4 2105 22494 128024 33741
585 0 2 2109 122 1143 183
586 0 8 2112 155 626 232
587 0 1 2117 1 10 1
588 1 1 2119 244 2367 366
589 0 3 2121 58 215 87
590 0 3 2125 20 67 30
591 1 3 2129 28 97 42
592 0 5 2133 1 5 1
593 0 1 2137 581 5876 871
594 0 10 2139 367 1588 550
595 0 3 2144 1 8 1
596 0 2 2148 1 8 1
597 1 1 2151 3 25 4
598 0 3 2154 1 10 1
599 1 3 2157 1 4 1
600 1 6 2161 7 21 10
601 0 11 2165 1 4 1
602 1 2 2170 7 56 10
603 0 16 2173 1 4 1
604 1 1 2178 1 12 1
605 0 1 2180 1 13 1
606 0 7 2183 1 3 1
607 0 23 2188 34 120 51
608 0 1 2193 18 152 27
609 0 4 2195 1 3 1
610 0 3 2199 2 6 3
611 1 3 2203 197 812 295
612 1 7 2207 3 10 4
613 0 6 2211 18 59 27
614 1 15 2215 1 4 1
615 1 22 2220 1 7 1
616 0 4 2225 12 38 18
617 1 2 2229 75 685 112
618 1 4 2232 818 3757 1227
619 0 2 2236 1 11 1
620 1 3 2239 1908 9300 2862
621 1 1 2243 115 1074 172
622 0 5 2245 1 3 1
623 0 6 2249 1 4 1
624 1 3 2253 2 7 3
625 1 1 2257 2 17 3
626 0 8 2259 1 6 1
627 1 9 2264 1240 5867 1860
628 0 2 2269 5 41 7
629 1 3 2272 1 4 1
630 0 20 2276 4 13 6
631 0 5 2281 1 3 1
632 1 5 2285 4 12 6
633 0 5 2289 1 4 1
634 0 64 2293 1 5 1
635 0 13 2299 1 6 1
636 0 4 2304 5 15 7
637 1 5 2308 12 38 18
638 1 2 2312 3 25 4
639 0 11 2315 271 1145 406
640 1 2 2320 1007 10448 1510
641 0 1 2323 7 56 10
642 0 10 2325 74 280 111
643 0 1 2330 1 10 1
644 0 3 2333 1 10 1
645 1 5 2336 62 231 93
646 0 2 2340 94 869 141
647 1 4 2343 31 108 46
648 1 7 2347 13 41 19
649 0 6 2351 2320 11459 3480
650 0 2 2355 1692 17970 2538
651 0 4 2358 15 48 22
652 0 4 2362 138 552 207
653 0 2 2366 30 261 45
654 0 1 2369 1 9 1
655 1 2 2372 10 81 15
656 1 3 2375 7 21 10
657 1 9 2379 53 195 79
658 1 1 2384 1 9 1
659 0 1 2387 1 9 1
660 0 4 2390 121 479 181
661 0 27 2394 1 4 1
662 1 2 2400 7 56 10
663 0 2 2403 1 9 1
664 0 2 2406 23715 281496 35572
665 1 2 2409 1 9 1
666 0 3 2412 1 3 1
667 1 4 2416 520 2310 780
668 1 5 2420 3 9 4
669 0 13 2424 1748 8469 2622
670 1 16 2429 76 289 114
671 0 5 2434 1 3 1
672 0 4 2438 3 10 4
673 1 5 2442 3 10 4
674 1 3 2446 414 1808 621
675 1 1 2450 846 8707 1269
676 1 2 2453 3599 39510 5398
677 0 2 2456 17 143 25
678 1 2 2459 37 325 55
679 0 1 2462 2 17 3
680 1 1 2464 1 9 1
681 1 9 2467 153 617 229
682 0 3 2472 1 10 1
683 1 20 2476 1 4 1
684 0 2 2481 44 391 66
685 0 2 2484 337 3321 505
686 1 10 2487 6494155 49143713 9741232
687 0 1 2492 1 10 1
688 1 2 2495 10 81 15
689 0 8 2498 29 101 43
690 0 2 2503 44 390 66
691 0 9 2506 3 9 4
692 0 5 2511 1 4 1
693 0 1 2515 1 11 1
694 0 8 2518 3 10 4
695 0 3 2523 55541 332733 83311
696 1 6 2527 532 2368 798
697 1 3 2531 5 40 7
698 1 4 2535 102 397 153
699 1 2 2539 125 1173 187
700 1 1 2542 1 10 1
701 0 8 2544 3349 16948 5023
702 1 1 2549 1 9 1
703 0 3 2551 1 9 1
704 0 3 2555 1522 7305 2283
705 0 1 2559 334 3290 501
706 1 10 2561 2170 10670 3255
707 0 8 2566 73 276 109
708 0 2 2571 20539 242401 30808
709 1 14 2574 1 4 1
710 0 3 2579 292 1241 438
711 1 1 2583 2 17 3
712 1 3 2585 1556 16464 2334
713 1 1 2589 213 2053 319
714 1 1 2591 1 10 1
715 0 4 2594 38 135 57
716 0 3 2598 5 15 7
717 0 20 2602 11 34 16
718 0 2 2607 19 161 28
719 0 2 2610 46125 562017 69187
720 1 2 2613 29642 354978 44463
721 1 2 2616 1025 10643 1537
722 1 6 2619 1 4 1
723 1 4 2623 7 21 10
724 1 8 2627 4 12 6
725 0 3 2632 439 4382 658
726 1 2 2635 996 10328 1494
727 1 1 2638 14 116 21
728 1 2 2639 1 9 1
729 0 2 2642 2 17 3
730 0 2 2645 1 9 1
731 0 1 2648 158 1500 237
732 0 1 2651 4 33 6
733 0 3 2653 1 4 1
734 1 2 2657 4 33 6
735 0 20 2660 1601 7711 2401
736 0 7 2665 40 143 60
737 1 4 2670 4799 24858 7198
738 0 5 2674 237 991 355
739 0 3 2678 5708 29894 8562
740 0 5 2682 23 78 34
741 1 5 2686 2 6 3
742 0 3 2690 2 7 3
743 1 1 2694 300 2940 450
744 1 2 2696 18 152 27
745 0 2 2699 2 17 3
746 1 8 2702 1 3 1
747 1 11 2707 1 5 1
748 1 1 2712 35 307 52
749 1 1 2714 37 325 55
750 1 2 2716 1 11 1
751 0 6 2719 17 56 25
752 0 10 2723 2 6 3
753 1 2 2728 26 224 39
754 1 2 2731 1 11 1
755 0 5 2734 3 10 4
756 1 11 2738 96 372 144
757 0 11 2743 161 652 241
758 1 12 2748 1 4 1
759 0 15 2753 1 6 1
760 1 2 2758 4 33 6
761 0 2 2761 77 704 115
762 1 2 2764 135 1272 202
763 0 2 2767 3 25 4
764 1 2 2770 39 344 58
765 1 5 2773 2 7 3
766 1 1 2777 1 10 1
767 1 2 2780 2 17 3
768 1 1 2783 39 344 58
769 0 1 2786 1 9 1
770 1 4 2788 5203 27090 7804
771 1 2 2792 1 12 1
772 1 1 2795 1 9 1
773 0 4 2798 1 3 1
774 1 10 2802 8 24 12
775 0 5 2807 6082 31981 9123
776 1 4 2811 7 21 10
777 0 4 2815 3 10 4
778 0 3 2819 14 45 21
779 1 8 2823 1 5 1
780 1 3 2828 41 147 61
781 1 8 2832 1 3 1
782 0 3 2837 2 7 3
783 1 3 2841 1 4 1
784 0 9 2845 839 3861 1258
785 1 2 2850 1 11 1
786 0 2 2853 1 9 1
787 0 12 2856 1 4 1
788 0 1 2861 1 10 1
789 1 19 2864 3 9 4
790 0 4 2869 1 6 1
791 0 1 2873 125 1173 187
792 1 8 2875 131 522 196
793 0 1 2880 1 10 1
794 1 3 2883 10 31 15
795 0 3 2887 6 18 9
796 0 14 2891 1 5 1
797 1 1 2896 3 25 4
798 1 2 2899 1 9 1
799 0 1 2902 1 9 1
800 0 2 2904 4 33 6
801 0 4 2907 1 4 1
802 1 8 2911 2 7 3
803 1 1 2916 1 10 1
804 1 2 2918 23 197 34
805 1 2 2921 1 11 1
806 0 4 2924 3463 17564 5194
807 0 5 2928 6 18 9
808 0 7 2932 39 139 58
809 1 7 2936 48 175 72
810 0 3 2940 22 74 33
811 0 3 2944 1482 15647 2223
812 1 3 2947 1 5 1
813 0 7 2951 4 12 6
814 0 4 2955 12 38 18
815 0 13 2959 2 6 3
816 0 3 2964 1 4 1
817 0 9 2968 1 5 1
818 1 3 2973 366 1583 549
819 0 3 2977 1 4 1
820 0 6 2981 7 21 10
821 0 1 2985 10 81 15
822 0 4 2987 1 5 1
823 1 1 2991 1 10 1
824 0 1 2993 3 25 4
825 1 3 2996 71 268 106
826 0 2 3000 1 10 1
827 1 7 3003 416 1817 624
828 0 6 3007 12 38 18
829 0 2 3011 15 125 22
830 1 1 3014 1 11 1
831 0 2 3016 11 90 16
832 0 3 3019 15 125 22
833 1 1 3023 1 12 1
834 1 1 3026 1 9 1
835 0 3 3029 1 9 1
836 1 1 3032 9 73 13
837 0 1 3034 1 9 1
838 1 14 3037 1 4 1
839 1 9 3042 1 3 1
840 1 9 3047 22 74 33
841 0 1 3052 1 8 1
842 0 33 3054 2 6 3
843 1 1 3060 8 64 12
844 0 1 3062 13 107 19
845 1 2 3064 1 9 1
846 1 11 3067 89 343 133
847 1 3 3072 1 9 1
848 0 3 3076 2560 27691 3840
849 1 1 3080 145825 1856226 218737
850 0 5 3082 2 6 3
851 1 6 3086 197 812 295
852 0 48 3090 1 3 1
853 1 18 3096 327 1402 490
854 1 2 3101 540 5443 810
855 1 6 3104 232 968 348
856 1 3 3108 58 215 87
857 0 13 3112 31 108 46
858 0 2 3117 18 152 27
859 0 1 3120 108 1006 162
860 0 2 3121 1 9 1
861 1 3 3124 60 223 90
862 1 4 3128 258 1086 387
863 0 1 3132 3062 33380 4593
864 0 3 3135 1 4 1
865 0 1 3139 1 8 1
866 1 1 3142 3 25 4
867 1 1 3144 3 25 4
868 1 1 3146 5858 65659 8787
869 0 6 3149 5 15 7
870 0 8 3153 29 101 43
871 1 7 3158 47 171 70
872 0 2 3162 1 9 1
873 1 2 3165 1 11 1
874 0 20 3168 44 159 66
875 0 6 3173 8 24 12
876 1 1 3177 4 32 6
877 0 3 3180 589 5961 883
878 0 1 3184 1 12 1
879 0 1 3185 148867 1896402 223300
880 1 1 3188 96 889 144
881 0 6 3190 389 1691 583
882 0 6 3194 5 15 7
883 0 1 3198 1 10 1
884 0 4 3201 6173 32490 9259
885 0 4 3205 13 41 19
886 1 2 3209 1 9 1
887 0 1 3212 8673 98821 13009
888 0 1 3215 382 3788 573
889 0 5 3216 1 6 1
890 1 3 3220 1304 13688 1956
891 0 3 3224 1 6 1
892 1 2 3228 1 10 1
893 1 1 3231 1 10 1
894 1 1 3233 1 10 1
895 0 5 3235 1 4 1
896 0 3 3239 1 4 1
897 1 4 3243 1 5 1
898 0 3 3247 9 27 13
899 1 2 3251 8 64 12
900 0 1 3254 4 33 6
901 1 3 3256 1 3 1
902 0 1 3260 3 25 4
903 1 1 3263 1 10 1
904 1 4 3266 1 7 1
905 0 2 3270 9 73 13
906 0 7 3273 3 10 4
907 0 6 3277 1 4 1
908 0 2 3281 163 1550 244
909 1 2 3284 262 2551 393
910 1 1 3287 378 3746 567
911 0 2 3290 1014 10524 1521
912 0 2 3293 74 676 111
913 0 3 3296 32 112 48
914 1 1 3300 10888049 160808423 16332073
915 1 4 3303 42101 248355 63151
916 0 2 3307 1 12 1
917 0 2 3310 1 9 1
918 1 7 3313 4 12 6
919 1 2 3318 273 2663 409
920 0 8 3321 1 4 1
921 1 1 3326 1 12 1
922 0 3 3329 716 7313 1074
923 0 2 3333 83 763 124
924 0 2 3336 16 134 24
925 1 2 3339 1 10 1
926 0 11 3342 12901 71050 19351
927 1 3 3347 2 7 3
928 0 3 3351 1 3 1
929 1 1 3355 1 10 1
930 0 1 3357 21 179 31
931 0 2 3360 1 11 1
932 0 8 3363 1 3 1
933 1 4 3368 2 7 3
934 0 6 3372 1 5 1
935 1 1 3376 87 801 130
936 0 3 3379 1 5 1
937 0 10 3383 2 6 3
938 0 1 3388 1 12 1
939 1 18 3391 1 4 1
940 0 3 3396 199 820 298
941 1 1 3400 98879 1240473 148318
942 1 2 3403 1001 10383 1501
943 1 2 3406 601 6088 901
944 1 12 3409 1 4 1
945 0 1 3414 113 1055 169
946 1 2 3416 4 33 6
947 0 2 3419 523 5264 784
948 1 1 3422 3 25 4
949 1 8 3425 7 21 10
950 1 10 3430 2 6 3
951 0 1 3435 130 1222 195
952 1 4 3437 2 6 3
953 0 1 3441 1 9 1
954 0 2 3444 9 73 13
955 1 11 3447 2 6 3
956 0 3 3452 2 7 3
957 0 6 3456 34 120 51
958 0 1 3460 1 10 1
959 0 1 3463 1535 16232 2302
960 1 5 3466 1 3 1
961 0 3 3470 38 334 57
962 1 8 3474 4 12 6
963 0 1 3479 18 152 27
964 0 6 3482 8 24 12
965 0 3 3486 1 3 1
966 1 5 3490 2 7 3
967 0 1 3494 10 81 15
968 1 2 3495 2 17 3
969 0 1 3498 24 206 36
970 1 3 3501 2 7 3
971 1 4 3505 1 4 1
972 1 1 3509 4188 46276 6282
973 0 1 3511 1 12 1
974 1 4 3514 2382 11786 3573
975 0 1 3518 1 10 1
976 1 1 3520 1 9 1
977 0 4 3522 14 45 21
978 0 1 3526 552 5570 828
979 0 7 3529 312 1333 468
980 0 5 3533 553 2468 829
981 1 43 3537 9 27 13
982 1 8 3543 4 12 6
983 0 4 3548 1411 6736 2116
984 0 1 3552 1 11 1
985 1 8 3555 1 3 1
986 0 3 3560 1 10 1
987 0 3 3564 3 9 4
988 0 1 3568 9 73 13
989 1 1 3569 1 9 1
990 1 6 3571 9 27 13
991 1 6 3575 39 139 58
992 0 3 3579 3944 43468 5916
993 1 2 3583 134 1262 201
994 1 3 3586 2 17 3
995 0 33 3590 1 3 1
996 1 3 3596 55 494 82
997 0 4 3600 43 155 64
998 0 2 3604 18 152 27
999 1 8 3607 1 3 1
