0 0 5 5 1 9 1
1 0 6 9 1 9 1
2 0 2 13 13 107 19
3 0 15 16 2 7 3
4 1 1 21 69 628 103
5 1 2 23 24 206 36
6 0 4 26 1 12 1
7 0 3 30 17 143 25
8 1 1 34 411 4089 616
9 1 2 37 114 1064 171
10 1 4 40 1 9 1
11 0 30 44 13 41 19
12 0 1 50 5 40 7
13 0 10 53 3 10 4
14 1 11 58 2 7 3
15 0 2 63 8 64 12
16 1 4 66 23 197 34
17 0 19 70 525810 3541360 788715
18 1 26 75 3 10 4
19 1 3 80 3 25 4
20 0 3 84 3 25 4
21 1 2 88 2 17 3
22 0 8 91 914 4232 1371
23 0 7 96 777 3556 1165
24 1 6 101 739 7559 1108
25 1 9 105 68776 416889 103164
26 0 7 110 199742 1281259 299613
27 1 19 114 1 3 1
28 0 2 119 1 9 1
29 1 2 122 3 25 4
30 1 2 125 1 9 1
31 1 2 128 1 10 1
32 0 2 131 1 9 1
33 0 3 134 1 10 1
34 0 9 138 2 7 3
35 1 3 143 1 9 1
36 0 4 147 196 1881 294
37 1 5 151 1 11 1
38 1 4 155 117 1094 175
39 0 5 159 1 9 1
40 1 4 163 1 9 1
41 0 8 167 1 3 1
42 1 2 172 3 25 4
43 1 4 175 1857 19804 2785
44 0 1 179 797 8181 1195
45 1 6 182 69 628 103
46 0 7 186 1 4 1
47 0 5 190 6 48 9
48 0 3 194 25 215 37
49 1 1 198 7 56 10
50 0 1 201 73 666 109
51 0 2 204 728 7441 1092
52 0 7 207 1 4 1
53 0 3 212 2 17 3
54 0 1 216 8 64 12
55 1 3 217 8 64 12
56 1 2 221 2445 26394 3667
57 1 1 224 1 9 1
58 1 8 227 3111 15668 4666
59 1 5 232 1 14 1
60 1 1 236 16 134 24
61 0 2 238 9 72 13
62 1 2 241 1 9 1
63 0 4 244 63 570 94
64 1 3 248 18039 211788 27058
65 0 3 252 126 1183 189
66 0 1 256 2 17 3
67 0 2 258 3051 33255 4576
68 0 7 261 7 21 10
69 1 1 265 14339 166791 21508
70 0 2 268 6 48 9
71 1 2 271 1 11 1
72 0 12 274 1 3 1
73 0 15 279 25 85 37
74 0 3 284 1017 10556 1525
75 0 1 288 499 5011 748
76 0 3 291 112 1045 168
77 0 2 295 3797 41780 5695
78 0 3 298 1 9 1
79 1 5 302 1 9 1
80 0 9 306 1 3 1
81 0 2 311 2086 22362 3129
82 0 2 314 1 13 1
83 0 2 317 24 206 36
84 1 2 320 2 17 3
85 1 2 323 1 10 1
86 0 29 326 3 10 4
87 1 1 332 1 8 1
88 1 7 334 1 4 1
89 0 6 338 1 10 1
90 0 1 342 7 56 10
91 0 1 344 7 56 10
92 0 4 346 1091 11361 1636
93 1 1 350 75044 931663 112566
94 0 3 353 287 2807 430
95 0 3 357 3 25 4
96 0 12 361 1826 8874 2739
97 0 11 366 1 5 1
98 1 4 371 1 8 1
99 1 8 375 7361 39172 11041
100 1 5 380 479 4801 718
101 1 10 384 1 4 1
102 1 4 389 2 17 3
103 0 4 393 1 11 1
104 0 24 397 12 38 18
105 0 4 402 1009 10469 1513
106 0 2 406 31 270 46
107 1 2 409 2 17 3
108 1 1 412 29 251 43
109 0 4 414 1 10 1
110 0 12 418 1 4 1
111 0 13 423 4 12 6
112 1 2 428 1 13 1
113 1 4 431 779 7987 1168
114 1 3 435 5 40 7
115 0 2 439 2 17 3
116 0 2 442 61 551 91
117 0 5 445 15 125 22
118 0 3 449 1 10 1
119 0 5 453 37 325 55
120 1 17 457 5 15 7
121 0 1 462 517 5201 775
122 1 3 465 1 9 1
123 1 1 469 143 1351 214
124 1 1 472 22 188 33
125 1 8 475 2055 10067 3082
126 0 1 480 93 860 139
127 0 1 481 6 48 9
128 1 2 484 9 73 13
129 0 7 487 30 104 45
130 0 12 491 1 4 1
131 0 3 496 4 33 6
132 1 3 500 171 1630 256
133 1 3 504 17 143 25
134 1 4 508 13 108 19
135 1 18 512 236 986 354
136 0 1 517 7 56 10
137 1 2 519 3688 40529 5532
138 1 6 522 18 59 27
139 0 2 526 78 714 117
140 1 3 529 1 10 1
141 1 1 533 4842 53835 7263
142 1 5 535 609 6173 913
143 0 1 539 1 9 1
144 0 38 542 1 5 1
145 0 2 548 5 40 7
146 0 2 551 11 90 16
147 0 1 554 82 753 123
148 0 1 557 93 859 139
149 0 7 559 386 1677 579
150 1 1 564 1 9 1
151 1 3 566 1 9 1
152 1 2 570 48 428 72
153 0 1 573 1 10 1
154 1 1 575 1 9 1
155 1 5 577 1 9 1
156 0 7 581 13016 71722 19524
157 1 3 586 10 81 15
158 0 1 590 1 13 1
159 1 2 592 2 17 3
160 0 2 595 1 8 1
161 1 1 598 8 64 12
162 1 3 600 18491 217311 27736
163 0 1 604 323 3177 484
164 1 2 607 18 152 27
165 1 1 610 61 551 91
166 1 4 612 6 48 9
167 1 2 616 1 10 1
168 1 1 619 2 17 3
169 1 4 622 1 10 1
170 1 1 626 384 3808 576
171 0 9 628 1 4 1
172 0 6 633 45 400 67
173 0 3 637 28 242 42
174 1 18 641 1 4 1
175 1 2 646 13 107 19
176 0 2 649 1 8 1
177 0 1 652 1 11 1
178 0 2 654 1 9 1
179 1 1 657 2 17 3
180 1 5 660 1 11 1
181 0 5 664 4 33 6
182 1 2 668 1 9 1
183 0 6 671 5 40 7
184 0 14 675 15 48 22
185 0 1 680 1 11 1
186 1 7 681 182587 1165788 273880
187 0 6 685 18 152 27
188 0 2 689 11967 138176 17950
189 1 3 692 4034 44503 6051
190 1 3 696 1 10 1
191 0 3 700 1 9 1
192 0 15 704 7 21 10
193 1 7 709 678 3072 1017
194 0 19 713 258 1086 387
195 1 3 718 1 13 1
196 0 2 722 3 25 4
197 0 2 725 17 143 25
198 0 2 728 1 10 1
199 1 1 731 3 25 4
200 0 3 733 720 7356 1080
201 1 7 737 15 48 22
202 0 4 741 3842 42296 5763
203 1 7 745 14 45 21
204 0 2 750 51 456 76
205 0 5 753 168 1600 252
206 0 1 757 1 10 1
207 1 15 760 1 4 1
208 0 1 765 2 17 3
209 0 2 766 1 10 1
210 0 1 769 1 12 1
211 0 1 771 349 3445 523
212 1 11 774 7 21 10
213 1 2 779 6 48 9
214 1 21 782 6 18 9
215 0 10 787 1 3 1
216 1 3 792 143 1351 214
217 0 5 796 1 10 1
218 0 10 800 168 683 252
219 1 5 805 1268 13294 1902
220 0 6 809 105 976 157
221 1 3 813 2 17 3
222 0 7 817 96 372 144
223 1 21 821 591 2651 886
224 1 15 826 57 211 85
225 0 3 831 39 344 58
226 0 3 835 27 233 40
227 0 5 839 1 10 1
228 0 2 843 15 125 22
229 1 3 846 2191 23538 3286
230 1 2 850 23 197 34
231 1 2 853 1 10 1
232 1 6 856 18 152 27
233 0 4 860 873 8998 1309
234 0 3 864 1 9 1
235 1 1 868 5 41 7
236 0 3 870 66 599 99
237 1 3 874 1 9 1
238 0 9 878 1 4 1
239 1 1 883 56 504 84
240 0 10 886 1 5 1
241 1 18 891 1 6 1
242 1 6 896 399 3964 598
243 0 3 900 1 8 1
244 1 1 904 8 64 12
245 0 2 907 15 125 22
246 1 1 910 1250 13097 1875
247 1 15 912 6172 32484 9258
248 1 1 917 2652 28730 3978
249 1 3 920 240 2327 360
250 0 2 924 47 419 70
251 0 1 927 226 2185 339
252 1 4 930 5 41 7
253 0 4 934 2 17 3
254 1 3 938 24 206 36
255 1 6 942 1 12 1
256 1 4 946 1 9 1
257 0 3 950 1 9 1
258 0 10 953 51 187 76
259 1 1 958 1 10 1
260 0 4 961 12361 142915 18541
261 0 20 965 9 27 13
262 0 16 970 157 635 235
263 0 6 975 1 4 1
264 0 3 979 21 179 31
265 1 14 983 48 175 72
266 1 2 988 4 33 6
267 0 6 991 1 9 1
268 0 2 995 1 9 1
269 0 2 998 1 9 1
270 0 1 1001 97 898 145
271 0 5 1004 221 2134 331
272 1 2 1008 22764 269767 34146
273 0 1 1011 1 10 1
274 1 1 1014 1 9 1
275 1 1 1017 8 64 12
276 0 1 1019 5 41 7
277 1 1 1022 4 33 6
278 1 2 1025 929 9603 1393
279 0 6 1028 922 4272 1383
280 0 3 1032 1 8 1
281 1 1 1036 1955 20897 2932
282 1 2 1039 1 13 1
283 0 7 1042 3 10 4
284 0 2 1046 141 1331 211
285 1 1 1049 2 17 3
286 1 16 1052 4 12 6
287 0 4 1057 96 888 144
288 0 2 1061 1 9 1
289 1 7 1064 224 932 336
290 1 7 1068 90 347 135
291 1 2 1073 1422 14985 2133
292 1 3 1076 6 48 9
293 1 3 1080 3 25 4
294 1 4 1084 33 288 49
295 1 1 1088 1 9 1
296 1 1 1089 17 143 25
297 0 4 1092 1 9 1
298 0 2 1096 1 10 1
299 1 1 1099 67 608 100
300 1 2 1100 1076 11197 1614
301 1 2 1103 1135769 15560123 1703653
302 0 2 1106 17 143 25
303 0 46 1109 1 3 1
304 1 2 1115 5 40 7
305 1 2 1118 1 11 1
306 1 20 1121 34 120 51
307 0 1 1126 1 11 1
308 1 2 1129 42 372 63
309 1 1 1132 127 1192 190
310 0 12 1135 39 139 58
311 1 1 1140 1 10 1
312 0 4 1142 1 9 1
313 1 17 1146 1 4 1
314 0 3 1151 207 1992 310
315 1 4 1155 7588 85979 11382
316 1 1 1159 321 3156 481
317 1 23 1161 2 6 3
318 1 7 1166 350444 2313180 525666
319 0 5 1170 37795 456958 56692
320 1 2 1174 1 10 1
321 0 6 1177 1 11 1
322 1 2 1181 3 25 4
323 1 3 1184 6 48 9
324 1 12 1188 109 427 163
325 1 7 1193 1 3 1
326 1 6 1197 2170 23303 3255
327 0 14 1201 1 4 1
328 1 1 1206 1 9 1
329 1 6 1209 1 9 1
330 1 2 1213 3 25 4
331 1 1 1216 1 12 1
332 0 4 1218 59 532 88
333 0 13 1222 9 27 13
334 1 6 1227 1 10 1
335 0 7 1231 2325 11485 3487
336 1 2 1235 15 125 22
337 1 1 1238 1 11 1
338 0 2 1241 1250 13097 1875
339 1 3 1244 654 6652 981
340 1 12 1248 7 21 10
341 0 3 1253 31 270 46
342 0 5 1257 1 9 1
343 1 12 1261 8 24 12
344 0 1 1266 1 11 1
345 0 2 1267 14 116 21
346 0 2 1270 1482 15647 2223
347 1 2 1273 1 9 1
348 0 4 1276 19 161 28
349 0 1 1280 1 9 1
350 1 1 1283 1 9 1
351 0 5 1284 22 188 33
352 1 3 1288 1 10 1
353 0 3 1292 596 6035 894
354 1 1 1296 94 869 141
355 1 4 1298 1 9 1
356 1 3 1302 1 13 1
357 0 1 1306 6 48 9
358 1 5 1308 116 1084 174
359 1 2 1312 1 10 1
360 0 2 1315 1 9 1
361 0 1 1318 104 967 156
362 0 1 1321 10 81 15
363 0 9 1323 85 326 127
364 1 1 1328 2324 25032 3486
365 1 1 1330 66 599 99
366 0 1 1332 1 10 1
367 1 67 1335 4 12 6
368 0 3 1341 119 1114 178
369 1 29 1345 4367 22484 6550
370 1 2 1351 1 9 1
371 0 9 1354 1 4 1
372 0 2 1359 1 9 1
373 0 10 1362 14 45 21
374 0 6 1367 1 5 1
375 1 2 1371 10 81 15
376 1 3 1374 7 56 10
377 0 3 1378 487 4885 730
378 1 2 1382 208 2002 312
379 1 12 1385 3 10 4
380 0 3 1390 1562 16530 2343
381 1 6 1394 1 9 1
382 0 2 1398 7 56 10
383 1 5 1401 13 107 19
384 0 2 1405 2 17 3
385 0 1 1408 4 32 6
386 0 2 1411 12 99 18
387 1 7 1414 3 9 4
388 0 25 1418 10 31 15
389 0 4 1423 1 9 1
390 1 5 1427 8 64 12
391 1 6 1431 848 8729 1272
392 1 13 1435 1 3 1
393 1 1 1440 232 2245 348
394 1 8 1441 669 3028 1003
395 1 1 1446 5 40 7
396 1 2 1448 1 10 1
397 1 2 1451 1 10 1
398 1 1 1454 10 81 15
399 0 4 1456 1 10 1
400 0 3 1460 1 10 1
401 0 3 1464 2 17 3
402 0 3 1468 145 1371 217
403 0 4 1472 98 908 147
404 0 14 1476 1 3 1
405 1 8 1481 93 359 139
406 0 29 1486 1 4 1
407 0 3 1492 1 9 1
408 1 1 1496 1 10 1
409 0 6 1499 197 1891 295
410 0 19 1503 468 2063 702
411 1 9 1508 25 85 37
412 1 2 1513 65 590 97
413 0 4 1516 394 3913 591
414 0 5 1520 15185 177043 22777
415 0 6 1524 1 11 1
416 1 3 1528 20 170 30
417 0 4 1532 1 8 1
418 1 1 1536 20482 241701 30723
419 1 9 1539 157 635 235
420 1 1 1544 8 64 12
421 1 2 1546 26 224 39
422 1 4 1549 1 10 1
423 0 2 1553 59 532 88
424 0 3 1556 1 11 1
425 0 6 1560 1 9 1
426 1 2 1564 1 8 1
427 1 2 1567 2 17 3
428 0 8 1570 1 3 1
429 0 7 1575 496 2196 744
430 0 3 1580 2 17 3
431 0 1 1584 22 188 33
432 0 14 1585 4 12 6
433 1 3 1590 1 12 1
434 0 5 1594 8 64 12
435 1 3 1598 1 10 1
436 0 2 1602 38 335 57
437 0 4 1605 1 9 1
438 0 2 1609 1 9 1
439 0 11 1612 9 27 13
440 0 12 1617 10 31 15
441 0 6 1622 1 10 1
442 0 27 1626 183 749 274
443 0 27 1632 5 15 7
444 0 1 1638 5 40 7
445 0 11 1641 15 48 22
446 0 8 1646 4 12 6
447 1 2 1651 1 12 1
448 0 5 1654 40 353 60
449 0 2 1658 118 1104 177
450 0 2 1661 281 2745 421
451 1 6 1664 1 4 1
452 1 3 1668 372 3684 558
453 0 3 1672 2889 31415 4333
454 0 2 1676 1 11 1
455 1 6 1679 2 17 3
456 1 6 1683 2 17 3
457 1 2 1687 111 1035 166
458 1 2 1690 1 9 1
459 0 1 1693 3 25 4
460 1 1 1695 299 2930 448
461 1 2 1698 1 10 1
462 1 8 1701 6 18 9
463 0 3 1706 88 811 132
464 0 2 1710 1 9 1
465 1 2 1713 1 11 1
466 0 4 1716 1438 15162 2157
467 0 6 1720 2 17 3
468 0 10 1724 25 85 37
469 1 2 1729 42 372 63
470 1 6 1732 6 48 9
471 0 3 1736 4 33 6
472 1 6 1740 1 4 1
473 1 1 1744 1 10 1
474 0 3 1746 1 9 1
475 1 1 1750 1 9 1
476 0 1 1752 16 134 24
477 0 4 1754 2 17 3
478 1 1 1758 2 17 3
479 0 4 1761 3 25 4
480 0 1 1765 1162 12135 1743
481 0 11 1767 2 7 3
482 0 11 1772 104 406 156
483 0 1 1777 1 10 1
484 0 3 1779 6 48 9
485 1 1 1783 1 11 1
486 0 15 1784 1 5 1
487 1 4 1789 2 17 3
488 1 1 1793 3 25 4
489 1 5 1794 112 1045 168
490 1 1 1798 176 1680 264
491 1 10 1801 32 112 48
492 1 3 1806 1 9 1
493 1 11 1810 1 4 1
494 0 3 1815 1 9 1
495 0 1 1819 15474 180551 23211
496 1 1 1822 29 252 43
497 0 5 1823 1 10 1
498 1 5 1827 1 10 1
499 0 1 1831 850 8751 1275
500 1 1 1834 1 9 1
501 0 3 1836 1 11 1
502 1 5 1840 2 17 3
503 1 5 1844 1 10 1
504 0 3 1848 2 17 3
505 1 6 1852 2 17 3
506 0 6 1856 6334 71229 9501
507 0 3 1860 12 99 18
508 0 1 1864 4710 52306 7065
509 1 2 1867 20755 245052 31132
510 0 6 1870 411 4089 616
511 0 1 1874 30 260 45
512 0 1 1877 8059 91545 12088
513 1 7 1878 477 2105 715
514 1 4 1883 1 11 1
515 0 1 1887 31 270 46
516 0 5 1889 19 161 28
517 1 4 1893 1 10 1
518 1 5 1897 2 17 3
519 1 2 1901 4 33 6
520 0 1 1904 8 64 12
521 1 2 1907 1 12 1
522 0 2 1910 2 17 3
523 0 1 1913 1 10 1
524 0 1 1916 1 12 1
525 0 16 1918 1 3 1
526 0 2 1923 1 11 1
527 0 3 1926 1 10 1
528 0 6 1930 617 6258 925
529 1 1 1934 7 56 10
530 0 2 1936 138 1301 207
531 0 10 1939 211 874 316
532 1 26 1944 1 3 1
533 0 1 1949 24 206 36
534 0 2 1951 30 261 45
535 0 2 1954 1 9 1
536 1 3 1957 1 9 1
537 1 1 1961 1 13 1
538 1 5 1962 28990 346865 43485
539 0 2 1966 103 957 154
540 1 14 1969 43 155 64
541 1 15 1974 633 2854 949
542 0 5 1979 5 41 7
543 0 4 1983 2 17 3
544 1 9 1987 155 626 232
545 0 6 1992 142 1341 213
546 1 4 1996 10 81 15
547 1 1 2000 1 10 1
548 1 1 2003 1 9 1
549 0 1 2005 1 10 1
550 1 10 2007 66 247 99
551 1 2 2012 17 143 25
552 1 3 2015 1 9 1
553 0 4 2019 280 2735 420
554 1 3 2023 18 152 27
555 1 6 2027 5538 61925 8307
556 1 2 2031 1640 17394 2460
557 1 8 2034 1 6 1
558 0 14 2039 63 235 94
559 0 3 2044 86 791 129
560 1 3 2048 1 10 1
561 1 7 2052 4 12 6
562 1 1 2057 1 9 1
563 0 3 2059 1 13 1
564 1 5 2063 2 17 3
565 1 30 2067 159 644 238
566 0 5 2073 1 11 1
567 1 1 2077 1 8 1
568 1 3 2079 1909 20384 2863
569 1 4 2083 1 10 1
570 1 2 2087 11615 133948 17422
571 1 1 2090 3 25 4
572 0 2 2093 2 17 3
573 0 5 2096 7 56 10
574 0 28 2100 1 4 1
575 1 2 2106 144 1361 216
576 1 11 2109 1 4 1
577 0 1 2114 5 40 7
578 0 1 2117 1 9 1
579 1 6 2119 10 31 15
580 0 2 2123 4358 48237 6537
581 0 2 2126 215 2073 322
582 1 5 2129 230 2225 345
583 1 3 2133 82 753 123
584 0 1 2137 1 11 1
585 0 2 2138 1 10 1
586 0 5 2141 4 33 6
587 0 1 2145 5 40 7
588 0 11 2148 3 9 4
589 0 4 2153 6154 69120 9231
590 1 1 2157 201 1932 301
591 1 1 2158 50 447 75
592 1 1 2160 1 9 1
593 0 9 2162 1 4 1
594 0 1 2167 1 8 1
595 0 1 2170 1 11 1
596 1 2 2172 4203 46449 6304
597 0 5 2175 5 40 7
598 1 3 2179 11883 137167 17824
599 0 1 2183 1 12 1
600 1 3 2185 4 33 6
601 1 4 2189 1 12 1
602 1 1 2193 13 108 19
603 0 4 2196 59 532 88
604 1 1 2200 4 33 6
605 0 1 2203 1 10 1
606 0 4 2205 36 316 54
607 1 25 2209 1 4 1
608 1 4 2214 10 81 15
609 0 5 2218 11 90 16
610 1 5 2222 1 9 1
611 0 6 2226 10691 122873 16036
612 0 1 2230 1 10 1
613 1 1 2232 59 532 88
614 1 1 2235 2 17 3
615 1 10 2238 88 339 132
616 1 10 2243 1 4 1
617 0 6 2248 1 9 1
618 1 1 2252 4164 46000 6246
619 0 4 2255 1 11 1
620 0 1 2259 1 8 1
621 1 7 2260 267 1127 400
622 1 2 2265 348 3435 522
623 1 6 2268 1 11 1
624 0 3 2272 22 188 33
625 0 5 2276 1 9 1
626 0 1 2280 1 9 1
627 0 1 2282 1222 12790 1833
628 1 1 2284 3 25 4
629 0 1 2287 25 215 37
630 0 5 2289 1 9 1
631 1 3 2293 21 179 31
632 1 4 2297 1 10 1
633 1 1 2301 3 25 4
634 0 1 2303 8 64 12
635 1 2 2305 2 17 3
636 0 5 2308 12 99 18
637 0 5 2312 1410 14854 2115
638 0 3 2316 5 41 7
639 1 2 2320 1 9 1
640 1 1 2323 1 10 1
641 1 33 2325 236204 1528260 354306
642 0 2 2331 661 6726 991
643 1 6 2334 5 41 7
644 1 4 2338 1 9 1
645 0 2 2342 484 4854 726
646 1 3 2345 1 9 1
647 0 5 2349 1 10 1
648 0 3 2353 40 353 60
649 1 7 2357 31 108 46
650 0 6 2362 4 33 6
651 0 8 2366 80 305 120
652 0 2 2371 1 12 1
653 0 3 2374 64 580 96
654 0 2 2378 1 11 1
655 0 2 2381 1 10 1
656 1 1 2384 3 25 4
657 1 2 2387 2 17 3
658 0 9 2390 20 67 30
659 0 1 2395 29 252 43
660 1 2 2398 20 170 30
661 0 2 2401 2792 30315 4188
662 1 4 2404 29 252 43
663 1 3 2408 6 48 9
664 0 2 2412 2 17 3
665 1 8 2415 15 48 22
666 0 15 2420 223 928 334
667 0 4 2425 1 9 1
668 0 3 2429 3 25 4
669 1 4 2433 2 17 3
670 0 3 2437 6 48 9
671 1 7 2441 1 3 1
672 1 4 2445 2 17 3
673 0 3 2449 1 12 1
674 1 4 2453 8 64 12
675 0 4 2457 1 10 1
676 1 1 2461 2 17 3
677 1 3 2463 1 9 1
678 0 2 2467 554 5591 831
679 1 1 2470 37101 448242 55651
680 0 1 2473 64 580 96
681 1 5 2474 20 170 30
682 1 5 2478 3 25 4
683 1 1 2482 1 9 1
684 0 1 2483 7937 90102 11905
685 0 5 2485 1 9 1
686 0 10 2489 1 3 1
687 1 2 2494 1 8 1
688 1 1 2497 1 9 1
689 1 21 2500 12 38 18
690 1 2 2505 1 11 1
691 0 9 2508 13 41 19
692 1 17 2513 241 1009 361
693 0 5 2518 3509 38480 5263
694 1 3 2522 21 179 31
695 0 3 2526 3 25 4
696 0 2 2530 1 9 1
697 1 2 2533 31 270 46
698 1 1 2536 1 12 1
699 0 9 2538 1 4 1
700 1 2 2543 2 17 3
701 1 1 2546 1 11 1
702 0 4 2549 96 889 144
703 0 16 2553 3 9 4
704 0 1 2558 36 316 54
705 1 1 2561 4 33 6
706 0 3 2564 1 11 1
707 1 7 2568 1 6 1
708 1 4 2572 70 637 105
709 0 5 2576 1 10 1
710 0 1 2580 26 224 39
711 0 2 2582 13 107 19
712 0 5 2585 4385 48548 6577
713 1 2 2589 313 3074 469
714 1 3 2592 1 10 1
715 1 2 2596 319 3136 478
716 0 3 2599 249 2418 373
717 0 3 2603 52 466 78
718 1 1 2607 1 9 1
719 0 8 2609 87007 534171 130510
720 1 1 2614 1 9 1
721 0 1 2617 55307 678646 82960
722 1 7 2620 1 6 1
723 1 3 2624 36850 445091 55275
724 1 3 2628 1 9 1
725 1 3 2632 27 233 40
726 0 4 2636 21 179 31
727 0 1 2640 1 9 1
728 1 8 2642 1 4 1
729 1 1 2647 1 12 1
730 1 5 2649 1 9 1
731 1 3 2653 38 335 57
732 1 8 2657 2 7 3
733 0 1 2662 520 5232 780
734 0 2 2664 4 33 6
735 0 4 2667 10 81 15
736 0 2 2671 356 3518 534
737 1 3 2674 38 334 57
738 0 23 2678 1 4 1
739 1 3 2683 5 40 7
740 1 1 2687 16 134 24
741 0 8 2689 6 18 9
742 0 6 2694 342715 4500988 514072
743 0 1 2698 1 10 1
744 1 1 2701 6 48 9
745 0 1 2703 94 869 141
746 0 7 2706 116 457 174
747 0 3 2711 2 17 3
748 0 10 2715 4 12 6
749 1 3 2720 1 9 1
750 1 2 2724 26 224 39
751 0 2 2727 2119 22731 3178
752 1 1 2730 1 9 1
753 1 2 2733 12 99 18
754 1 4 2736 1 9 1
755 0 4 2740 244 2367 366
756 1 17 2744 1 4 1
757 1 4 2749 1 10 1
758 0 3 2753 5371 59980 8056
759 1 2 2757 1 11 1
760 0 1 2760 2 17 3
761 1 1 2763 1 10 1
762 0 1 2765 3722 40919 5583
763 1 2 2768 1 8 1
764 1 5 2771 18 152 27
765 1 5 2775 18 152 27
766 0 3 2779 7306 82652 10959
767 1 5 2783 1388 14612 2082
768 1 1 2787 2 17 3
769 0 3 2790 1 10 1
770 1 2 2794 1 12 1
771 1 3 2797 10 81 15
772 1 2 2801 1 10 1
773 1 1 2804 76 695 114
774 0 3 2806 1 9 1
775 1 4 2810 225 2174 337
776 0 2 2814 17 143 25
777 0 1 2817 1 9 1
778 0 3 2819 30 260 45
779 0 7 2823 21 70 31
780 0 2 2827 156 1480 234
781 0 7 2830 1 4 1
782 0 1 2834 1 10 1
783 0 1 2837 1 9 1
784 0 12 2839 10 31 15
785 1 1 2844 2 17 3
786 1 2 2846 52 466 78
787 1 22 2849 21 70 31
788 0 3 2854 5 40 7
789 0 2 2858 2 17 3
790 1 7 2861 15 48 22
791 1 2 2865 11 90 16
792 1 5 2868 76 695 114
793 1 1 2872 1 9 1
794 1 6 2874 10 81 15
795 0 5 2878 1733 18425 2599
796 1 2 2882 23 197 34
797 1 4 2885 2 17 3
798 0 4 2889 43588 529938 65382
799 1 1 2893 1 11 1
800 1 2 2896 3 25 4
801 1 4 2899 8 64 12
802 1 2 2903 260 2530 390
803 1 9 2906 1 3 1
804 0 1 2911 351 3466 526
805 0 36 2914 1035 4835 1552
806 0 1 2920 2 17 3
807 0 1 2922 139 1311 208
808 0 23 2924 9 27 13
809 0 11 2929 81 309 121
810 0 4 2934 1 9 1
811 1 1 2938 1630 17283 2445
812 0 7 2941 150 604 225
813 1 1 2945 142 1341 213
814 0 11 2948 6 18 9
815 0 2 2953 24 206 36
816 1 7 2956 1 5 1
817 1 3 2960 23 197 34
818 0 3 2964 253 2459 379
819 0 24 2968 2 6 3
820 0 3 2973 1 10 1
821 1 1 2977 33 288 49
822 0 3 2980 8 64 12
823 1 11 2984 815 3742 1222
824 1 3 2989 22 188 33
825 1 2 2993 29 251 43
826 0 1 2996 1 9 1
827 1 3 2998 170 1620 255
828 0 4 3002 53 475 79
829 1 1 3006 1 10 1
830 0 4 3009 83 762 124
831 1 5 3013 1419 14953 2128
832 0 17 3017 253 1064 379
833 1 1 3022 247 2398 370
834 0 1 3025 4 33 6
835 0 1 3028 84 772 126
836 1 4 3031 31 270 46
837 0 1 3035 61 551 91
838 0 4 3037 2 17 3
839 0 3 3041 481 4822 721
840 1 18 3045 96 372 144
841 0 7 3050 5 15 7
842 1 4 3054 52 466 78
843 1 4 3058 3855 42445 5782
844 0 5 3062 3004 32721 4506
845 0 11 3066 1 4 1
846 1 1 3071 2 17 3
847 1 1 3074 54 485 81
848 1 2 3076 10 81 15
849 0 1 3079 209 2013 313
850 0 1 3082 11 90 16
851 0 1 3085 5 40 7
852 1 1 3087 5 41 7
853 0 3 3089 1 9 1
854 1 11 3093 1 3 1
855 1 2 3098 500 5022 750
856 0 2 3101 63 570 94
857 1 5 3104 68 618 102
858 0 15 3108 103 402 154
859 0 1 3113 3 25 4
860 0 6 3115 3 25 4
861 0 9 3119 1 4 1
862 1 3 3124 1 9 1
863 1 19 3128 6 18 9
864 0 79 3133 4 12 6
865 0 5 3139 1 11 1
866 1 3 3143 1144 11938 1716
867 1 4 3147 41 362 61
868 0 3 3151 28 242 42
869 0 7 3155 17 56 25
870 1 5 3159 508 5106 762
871 0 8 3163 1 4 1
872 1 1 3168 1 11 1
873 0 17 3171 206 852 309
874 0 2 3176 1 12 1
875 1 2 3179 69 628 103
876 1 1 3182 114 1065 171
877 0 2 3184 1 10 1
878 0 4 3187 1 12 1
879 1 11 3191 5 15 7
880 0 12 3196 208 861 312
881 0 1 3201 306 3002 459
882 0 2 3204 1 11 1
883 1 3 3207 6 48 9
884 0 8 3211 21 70 31
885 1 5 3216 61 551 91
886 0 7 3220 2 6 3
887 0 1 3224 43 381 64
888 1 10 3225 1 4 1
889 1 2 3230 1 11 1
890 0 1 3233 1 12 1
891 1 5 3234 11 90 16
892 0 4 3238 88869 1110407 133303
893 0 3 3242 11 90 16
894 1 2 3246 1 9 1
895 1 2 3249 6 48 9
896 0 1 3252 7 56 10
897 1 7 3254 2009 9827 3013
898 1 9 3258 21 70 31
899 1 2 3263 1 10 1
900 1 4 3266 1 12 1
901 0 3 3270 95 879 142
902 0 3 3274 3 25 4
903 0 5 3278 1 9 1
904 0 1 3282 1 8 1
905 0 4 3284 1 9 1
906 0 1 3288 6 48 9
907 0 4 3290 6 48 9
908 1 3 3294 66 599 99
909 0 3 3298 2 17 3
910 0 2 3302 1 10 1
911 1 5 3305 1 10 1
912 0 1 3309 48 428 72
913 1 2 3311 1 10 1
914 1 2 3314 1 10 1
915 0 2 3317 1025 10643 1537
916 1 5 3320 4 33 6
917 1 2 3324 7 56 10
918 1 1 3327 21 179 31
919 1 2 3330 1 10 1
920 1 3 3333 3 25 4
921 0 2 3337 9391 107355 14086
922 1 3 3340 94 869 141
923 1 2 3344 1 11 1
924 0 3 3347 3576 39246 5364
925 1 3 3351 22 188 33
926 0 9 3355 5 15 7
927 0 2 3360 2 17 3
928 1 2 3363 217 2093 325
929 0 11 3366 1 5 1
930 1 1 3371 1 11 1
931 1 8 3373 1 3 1
932 0 3 3378 119 1114 178
933 1 4 3382 19 161 28
934 0 1 3386 53 475 79
935 0 1 3388 39 344 58
936 0 7 3391 2741 13689 4111
937 1 13 3395 5 15 7
938 1 8 3400 27 93 40
939 0 2 3405 2341 25223 3511
940 0 4 3408 1 9 1
941 1 1 3412 48 428 72
942 1 15 3415 6 18 9
943 1 2 3420 14 116 21
944 0 1 3423 1 10 1
945 0 2 3426 46779 570298 70168
946 1 7 3429 2569 12775 3853
947 0 3 3433 107 996 160
948 0 1 3437 1 9 1
949 1 4 3439 83 762 124
950 1 16 3443 289 1227 433
951 0 5 3448 242 2347 363
952 1 2 3452 155 1470 232
953 0 3 3455 5 41 7
954 0 5 3459 7459 84457 11188
955 0 19 3463 1 3 1
956 1 3 3468 2 17 3
957 0 1 3472 1 10 1
958 0 1 3474 6 48 9
959 0 5 3476 25988 309602 38982
960 1 4 3480 10364 118962 15546
961 1 15 3484 1 4 1
962 0 2 3489 1 10 1
963 0 1 3492 254 2469 381
964 0 12 3495 11 34 16
965 0 1 3500 5 40 7
966 1 9 3503 1 4 1
967 1 2 3508 288237 3761908 432355
968 1 5 3511 40 353 60
969 1 1 3515 331 3260 496
970 1 10 3518 26 89 39
971 0 10 3523 2 6 3
972 0 4 3528 23 197 34
973 0 5 3532 3599 39510 5398
974 0 2 3536 49176 600683 73764
975 0 3 3539 946 9787 1419
976 1 4 3543 8982 102491 13473
977 1 8 3547 2 6 3
978 0 2 3552 30 260 45
979 0 3 3555 3 25 4
980 1 1 3559 1 10 1
981 1 78 3562 1 4 1
982 0 1 3568 1 13 1
983 1 1 3570 1028 10675 1542
984 1 1 3572 1 12 1
985 0 1 3575 1 9 1
986 0 2 3578 1 10 1
987 1 2 3581 1 9 1
988 1 5 3584 2 17 3
989 1 15 3588 6 18 9
990 1 3 3593 11490 132447 17235
991 0 6 3597 5 40 7
992 1 4 3601 1 10 1
993 0 3 3605 9 73 13
994 0 6 3609 1 9 1
