0 0 5 5 1 9 1
1 1 2 9 417 4152 625
2 1 2 12 35 307 52
3 0 7 15 1 4 1
4 1 11 20 7475 39817 11212
5 1 44 25 1 6 1
6 0 3 31 2045 21903 3067
7 0 3 35 95 879 142
8 0 2 39 1 10 1
9 0 2 42 1569 16608 2353
10 0 4 45 1 10 1
11 0 2 49 1 9 1
12 1 5 52 1 11 1
13 1 5 56 1 8 1
14 0 5 60 72598 900158 108897
15 1 3 64 429 4277 643
16 1 2 68 1 9 1
17 0 2 71 1 9 1
18 1 6 74 144 1361 216
19 1 6 78 2 17 3
20 0 1 82 67 609 100
21 1 5 84 10 81 15
22 1 1 88 3 25 4
23 0 2 90 1 10 1
24 0 3 93 1 10 1
25 0 9 97 4 12 6
26 0 9 102 222 923 333
27 0 3 107 232 2245 348
28 0 2 111 1 9 1
29 0 2 114 5 41 7
30 0 15 117 1 5 1
31 0 3 122 20 170 30
32 1 5 126 11 90 16
33 1 3 130 64 580 96
34 1 12 134 1 5 1
35 1 1 139 1 9 1
36 0 1 141 1 10 1
37 0 43 143 1782 8646 2673
38 0 11 149 742 3384 1113
39 1 12 154 1 4 1
40 1 2 159 1 10 1
41 1 1 162 2152 23101 3228
42 0 5 164 4097 45228 6145
43 1 3 168 1 9 1
44 1 1 172 2 17 3
45 0 5 174 4 33 6
46 1 1 178 1 9 1
47 0 15 181 2 6 3
48 0 4 186 270 2632 405
49 1 2 190 115 1074 172
50 0 2 193 651 6619 976
51 1 4 196 4 33 6
52 0 4 200 3940 43422 5910
53 1 2 204 2 17 3
54 0 2 207 1 8 1
55 1 4 210 32 279 48
56 1 15 214 6 18 9
57 1 4 219 390567 5153590 585850
58 1 10 223 1 3 1
59 0 4 228 134 1262 201
60 0 1 232 21405 253039 32107
61 1 2 235 15920 185969 23880
62 0 1 238 232 2245 348
63 0 3 240 1 11 1
64 0 1 244 1 16 1
65 0 3 247 1 11 1
66 1 8 251 2 6 3
67 1 1 256 60 542 90
68 0 3 259 9 72 13
69 1 2 263 9234 105487 13851
70 1 6 266 1 10 1
71 0 1 270 1 9 1
72 1 2 273 9 72 13
73 1 2 276 1 9 1
74 0 2 279 1 10 1
75 1 4 282 935 9668 1402
76 0 3 286 1 10 1
77 0 3 290 2613 28289 3919
78 0 5 294 5 40 7
79 1 1 298 4 33 6
80 1 3 300 48 428 72
81 1 2 304 1 9 1
82 1 5 307 2 17 3
83 0 4 311 55 494 82
84 0 2 315 4 33 6
85 0 17 318 358 1546 537
86 0 4 323 26 224 39
87 1 2 327 1 9 1
88 1 4 330 2 17 3
89 0 2 334 543 5475 814
90 0 1 337 5 41 7
91 1 1 339 1 9 1
92 1 5 342 1 9 1
93 0 13 346 3 10 4
94 0 7 351 277 1173 415
95 0 1 355 6 48 9
96 0 1 357 29 251 43
97 0 7 360 9 27 13
98 1 6 365 1156 12069 1734
99 1 1 369 1 13 1
100 1 1 372 1 9 1
101 0 1 374 463 4633 694
102 0 3 377 558 5633 837
103 0 1 381 4 33 6
104 0 4 383 16392 191709 24588
105 1 1 387 8 64 12
106 1 2 388 6 48 9
107 0 10 391 313 1338 469
108 1 4 396 1 11 1
109 1 1 400 12 99 18
110 0 3 403 1 9 1
111 1 10 407 1 5 1
112 0 7 412 433 1897 649
113 1 1 416 208 2002 312
114 0 11 418 26 89 39
115 1 4 423 1 9 1
116 0 1 427 9 72 13
117 0 1 430 193 1851 289
118 0 1 432 1456 15360 2184
119 0 3 434 3 25 4
120 1 1 438 2 17 3
121 0 2 440 3 25 4
122 1 3 443 3 25 4
123 1 3 447 408 4058 612
124 1 5 451 2 17 3
125 0 1 455 136 1281 204
126 0 1 458 1 8 1
127 0 3 460 3 25 4
128 1 5 464 700 7142 1050
129 1 1 468 4187 46265 6280
130 0 2 470 2 17 3
131 1 3 473 1 10 1
132 0 3 477 5368 59945 8052
133 1 1 481 1 9 1
134 1 5 483 6228 69987 9342
135 1 15 487 658 2975 987
136 0 5 492 251 2438 376
137 1 3 496 3 25 4
138 1 1 500 1 10 1
139 1 10 503 59 219 88
140 0 4 508 3 25 4
141 0 5 512 1 9 1
142 1 1 516 39 344 58
143 1 20 518 8 24 12
144 1 2 523 1981 21188 2971
145 0 2 526 1 9 1
146 1 2 529 618 6269 927
147 0 9 532 1 3 1
148 1 3 537 1 9 1
149 1 1 541 1 12 1
150 0 1 543 5 40 7
151 0 3 546 1 10 1
152 0 9 550 1 4 1
153 0 6 555 34 298 51
154 0 3 559 471 4717 706
155 1 1 563 1 9 1
156 0 4 565 1 10 1
157 0 1 569 24 206 36
158 1 10 571 13 41 19
159 1 5 576 80 734 120
160 1 2 580 34 298 51
161 0 2 583 18 152 27
162 1 3 586 12 99 18
163 1 7 590 3 9 4
164 0 2 594 1 9 1
165 0 3 597 496 4979 744
166 0 2 601 1 9 1
167 0 2 604 85 782 127
168 1 1 607 150 1421 225
169 0 3 609 4 33 6
170 0 6 613 10 31 15
171 0 2 617 55 494 82
172 0 4 620 1 10 1
173 1 12 624 1498 7181 2247
174 1 1 629 2 17 3
175 1 1 631 3 25 4
176 0 1 633 15 125 22
177 0 2 635 1 9 1
178 1 2 638 6745 76051 10117
179 0 4 641 1 9 1
180 1 23 645 1 3 1
181 1 23 650 1 4 1
182 1 1 655 41 363 61
183 0 4 658 1721 18292 2581
184 0 3 662 1074 11175 1611
185 0 4 666 76 695 114
186 0 3 670 861 8869 1291
187 0 9 674 913263 6317824 1369894
188 0 5 679 1 9 1
189 1 14 683 79 301 118
190 1 7 688 1604 7726 2406
191 1 1 692 1 8 1
192 1 7 693 1 5 1
193 1 1 698 2 17 3
194 0 5 700 140 1321 210
195 0 14 704 1 3 1
196 0 8 709 2 7 3
197 0 2 714 1 9 1
198 1 1 717 2 17 3
199 0 5 720 40 353 60
200 1 7 724 15 49 22
201 1 2 728 1 12 1
202 1 2 731 1 9 1
203 1 1 734 1 11 1
204 0 1 736 62 561 93
205 1 2 738 58 523 87
206 1 19 741 1397 6665 2095
207 1 2 746 80 734 120
208 0 10 749 1 5 1
209 0 1 754 1 9 1
210 1 1 756 28 243 42
211 0 2 758 1 10 1
212 1 2 761 1 12 1
213 0 11 764 1 5 1
214 0 4 769 1 9 1
215 0 1 773 1 12 1
216 0 6 776 100 389 150
217 1 1 780 558 5633 837
218 1 9 783 1 4 1
219 1 1 788 15253 177868 22879
220 0 1 790 209 2012 313
221 0 3 792 408 4058 612
222 0 2 796 43 381 64
223 0 1 799 512 5148 768
224 0 6 801 8 64 12
225 1 1 805 1 9 1
226 1 4 807 40712 493658 61068
227 1 2 811 1 9 1
228 0 11 814 2912 14602 4368
229 0 5 819 1 10 1
230 0 2 823 532 5359 798
231 0 12 826 28 97 42
232 1 2 831 1 11 1
233 1 4 834 1 11 1
234 1 5 838 643 6534 964
235 0 7 842 1 3 1
236 1 2 847 2 17 3
237 1 1 850 25 215 37
238 0 1 853 320 3146 480
239 1 2 856 1 11 1
240 1 3 859 1 11 1
241 1 2 863 8 64 12
242 1 6 866 1 4 1
243 1 1 870 2 17 3
244 1 1 873 1 9 1
245 0 2 874 1 10 1
246 0 1 877 1 10 1
247 0 4 880 9 73 13
248 0 4 884 1 10 1
249 1 3 888 201 1932 301
250 1 1 892 9 73 13
251 1 5 895 9 73 13
252 1 1 899 2 17 3
253 0 2 901 650 6609 975
254 0 4 904 10 81 15
255 0 9 908 1 4 1
256 0 7 913 80 305 120
257 0 1 917 1 9 1
258 1 14 920 781 3575 1171
259 0 1 925 1 10 1
260 1 3 927 8763 99889 13144
261 1 4 931 1 9 1
262 1 4 935 1 12 1
263 1 5 939 8652 98572 12978
264 0 1 943 13 107 19
265 1 1 946 91 840 136
266 1 1 949 27 233 40
267 1 2 952 1 9 1
268 0 5 955 1 10 1
269 0 4 959 21 179 31
270 0 2 963 1 9 1
271 1 6 966 1 5 1
272 0 3 970 1 9 1
273 0 3 974 19 161 28
274 1 3 978 1 10 1
275 0 4 982 1 10 1
276 1 22 986 30 104 45
277 0 5 991 1 11 1
278 0 2 995 1 9 1
279 0 1 998 7 56 10
280 0 3 1001 10 81 15
281 0 2 1005 3 25 4
282 0 2 1008 2 17 3
283 0 2 1011 1 9 1
284 1 2 1014 1 12 1
285 0 1 1017 1 10 1
286 0 3 1020 1 9 1
287 0 10 1024 1 4 1
288 1 1 1029 347 3425 520
289 1 10 1031 243 1018 364
290 1 2 1036 32 279 48
291 0 3 1039 578 5845 867
292 1 2 1043 638 6481 957
293 1 4 1046 5 40 7
294 0 2 1050 12 99 18
295 0 19 1053 2 6 3
296 1 1 1058 17 143 25
297 0 2 1061 1 10 1
298 1 3 1064 10 81 15
299 0 3 1068 15 125 22
300 1 1 1072 3 25 4
301 0 4 1075 2 17 3
302 0 1 1079 339 3342 508
303 1 7 1081 1 4 1
304 0 65 1086 1 4 1
305 0 1 1092 2 17 3
306 0 9 1094 868 4004 1302
307 0 1 1099 1 10 1
308 0 2 1102 1 9 1
309 1 4 1105 166 1580 249
310 1 5 1109 6 48 9
311 0 3 1113 1 9 1
312 0 8 1117 1 4 1
313 0 4 1122 2012 21534 3018
314 1 4 1126 3 25 4
315 1 5 1130 567 5728 850
316 0 6 1134 1 9 1
317 0 13 1138 812 3728 1218
318 0 9 1143 26 89 39
319 0 3 1148 1 10 1
320 1 5 1152 1049 10904 1573
321 1 2 1156 1 9 1
322 1 1 1159 1 9 1
323 1 1 1162 1 10 1
324 0 5 1165 12 99 18
325 0 1 1169 104 967 156
326 0 4 1171 477 4780 715
327 0 1 1175 2 17 3
328 1 3 1178 1 9 1
329 0 8 1182 1 4 1
330 0 2 1187 1 10 1
331 1 7 1190 1 4 1
332 1 2 1194 5146 57363 7719
333 1 4 1197 1 10 1
334 1 2 1201 2 17 3
335 1 3 1204 7 56 10
336 1 3 1208 1 9 1
337 0 3 1212 104 967 156
338 0 9 1216 1782 8646 2673
339 0 8 1221 71 268 106
340 0 2 1226 16 134 24
341 0 1 1229 5 41 7
342 1 1 1231 1 8 1
343 1 5 1233 73 666 109
344 0 2 1237 39 344 58
345 1 9 1240 413 1803 619
346 0 8 1245 1 3 1
347 0 2 1250 319 3136 478
348 1 3 1253 6 48 9
349 1 4 1257 1 9 1
350 1 9 1261 204 843 306
351 0 2 1266 1 11 1
352 1 4 1269 1 10 1
353 0 4 1273 3 25 4
354 1 1 1277 2 17 3
355 1 2 1279 9 72 13
356 1 2 1282 1 10 1
357 0 5 1285 4062 44825 6093
358 0 12 1289 498 2205 747
359 1 3 1294 4 32 6
360 0 2 1298 2 17 3
361 1 18 1301 1 6 1
362 0 5 1306 5 40 7
363 1 9 1310 1 4 1
364 1 3 1315 81 743 121
365 1 3 1319 220 2123 330
366 0 5 1323 86 792 129
367 1 6 1327 10 81 15
368 0 2 1331 4 33 6
369 0 2 1334 1 9 1
370 0 2 1337 35 307 52
371 0 1 1340 2 17 3
372 0 1 1343 6 48 9
373 1 2 1345 1 9 1
374 0 1 1348 1 9 1
375 0 3 1350 46 410 69
376 0 2 1354 24 206 36
377 1 14 1357 1 5 1
378 0 3 1362 10 81 15
379 1 6 1365 9 27 13
380 0 13 1369 1668 8056 2502
381 0 10 1374 1884 9175 2826
382 1 2 1379 158 1500 237
383 0 1 1382 15 125 22
384 0 8 1384 17 56 25
385 1 1 1389 73 666 109
386 1 13 1391 1 4 1
387 1 7 1396 1 3 1
388 0 7 1400 210 870 315
389 1 8 1404 56 207 84
390 0 2 1409 154667 1973084 232000
391 1 5 1412 261 2541 391
392 0 8 1416 1 5 1
393 1 4 1421 1 10 1
394 1 2 1425 4 33 6
395 0 4 1428 7 56 10
396 1 2 1432 1 11 1
397 0 1 1435 3 25 4
398 0 1 1437 6 48 9
399 0 2 1438 1 10 1
400 0 5 1441 6 48 9
401 0 1 1445 64 580 96
402 1 1 1448 2 17 3
403 1 1 1450 1 9 1
404 1 1 1452 348 3435 522
405 1 1 1454 1 9 1
406 1 3 1456 23321 276635 34981
407 0 14 1460 17 56 25
408 1 4 1465 1 11 1
409 0 2 1469 1 9 1
410 1 1 1472 73 666 109
411 0 1 1475 1 10 1
412 0 7 1477 6 18 9
413 1 1 1481 3 25 4
414 1 23 1483 1 3 1
415 1 2 1488 1 9 1
416 0 3 1491 331 3259 496
417 1 1 1495 1 9 1
418 1 4 1498 23 197 34
419 0 2 1502 15 125 22
420 1 1 1505 1 10 1
421 0 19 1508 1 4 1
422 1 2 1513 45 400 67
423 0 6 1516 1 11 1
424 1 7 1520 219 910 328
425 1 1 1525 1 13 1
426 0 2 1527 30 261 45
427 1 4 1530 1103 11491 1654
428 0 4 1534 68 618 102
429 1 5 1538 7 56 10
430 1 2 1542 4 33 6
431 1 1 1545 1 13 1
432 0 1 1547 1 12 1
433 1 4 1550 105 976 157
434 1 4 1554 241 2337 361
435 0 7 1558 11 34 16
436 0 5 1562 4 32 6
437 0 4 1566 509 5116 763
438 1 2 1570 12 99 18
439 1 4 1573 1 11 1
440 1 1 1577 2 17 3
441 1 14 1580 58 215 87
442 0 30 1585 152 613 228
443 1 3 1591 16 134 24
444 1 6 1595 1 12 1
445 0 1 1599 59 532 88
446 1 1 1602 5 40 7
447 0 2 1605 85 782 127
448 0 1 1608 1 11 1
449 1 2 1610 238 2306 357
450 1 1 1613 71 647 106
451 0 5 1615 1 9 1
452 0 13 1619 50 183 75
453 0 1 1624 128187 1623893 192280
454 1 6 1627 1 9 1
455 1 1 1631 7 56 10
456 0 2 1634 2 17 3
457 1 1 1637 1 9 1
458 0 4 1640 11 90 16
459 1 1 1644 1 9 1
460 1 3 1647 168 1600 252
461 0 14 1651 1 3 1
462 0 2 1656 2 17 3
463 1 4 1659 297 2909 445
464 1 9 1663 84 322 126
465 1 8 1668 5 15 7
466 0 1 1673 1 11 1
467 0 21 1676 1 4 1
468 0 7 1681 2 7 3
469 0 3 1685 1 10 1
470 0 24 1689 1 4 1
471 1 2 1694 1 9 1
472 1 4 1697 251 2438 376
473 0 2 1701 702 7163 1053
474 1 1 1704 1 10 1
475 0 3 1706 626 6354 939
476 1 3 1710 1296 13601 1944
477 1 4 1714 1 10 1
478 1 3 1718 1479 15614 2218
479 0 9 1722 5 15 7
480 1 2 1727 3890 42847 5835
481 0 1 1730 1 9 1
482 1 1 1733 1 9 1
483 1 1 1735 1 9 1
484 0 7 1738 1 5 1
485 0 12 1742 1 4 1
486 1 8 1747 1389 6624 2083
487 0 1 1752 2 17 3
488 1 1 1753 404 4017 606
489 0 2 1755 1 10 1
490 1 1 1758 1 11 1
491 0 1 1760 76 695 114
492 1 3 1762 1 8 1
493 0 13 1766 4756 24621 7134
494 0 20 1771 1945 9493 2917
495 0 5 1776 95 879 142
496 0 1 1780 1 9 1
497 0 6 1782 5927 66466 8890
498 0 3 1786 4 33 6
499 0 18 1790 27 93 40
500 1 7 1795 5 15 7
501 0 1 1800 4 33 6
502 0 6 1803 1 14 1
503 0 19 1807 1 4 1
504 1 1 1812 3 25 4
505 1 6 1814 1 11 1
506 1 2 1818 6353 71451 9529
507 1 6 1821 1 9 1
508 0 1 1825 278158 3625679 417237
509 0 2 1827 157 1490 235
510 0 2 1830 1 9 1
511 1 2 1833 42 372 63
512 0 1 1836 17 143 25
513 1 2 1838 163 1550 244
514 1 2 1841 101 937 151
515 1 1 1844 11 90 16
516 0 7 1846 1456 6966 2184
517 1 4 1850 3 25 4
518 1 1 1854 54 485 81
519 0 20 1856 287 1218 430
520 1 1 1861 3 25 4
521 0 2 1864 1 8 1
522 0 2 1867 8 64 12
523 1 30 1870 3 9 4
524 0 2 1876 51304 627704 76956
525 0 3 1879 1 11 1
526 0 4 1883 5 40 7
527 1 4 1887 12 99 18
528 1 35 1891 1 4 1
529 1 3 1897 3 25 4
530 1 5 1901 4 32 6
531 0 3 1905 15 125 22
532 1 10 1909 9 27 13
533 0 7 1914 10 31 15
534 1 1 1918 11 90 16
535 1 9 1920 1 4 1
536 0 3 1925 7 56 10
537 1 6 1929 10 31 15
538 0 11 1933 18 59 27
539 0 1 1938 1 11 1
540 1 8 1940 1639 7906 2458
541 1 8 1945 1 3 1
542 0 3 1950 1576 16685 2364
543 1 1 1954 619192 8305298 928788
544 0 4 1956 1 11 1
545 0 8 1960 14 45 21
546 0 1 1965 1 10 1
547 0 4 1968 1 10 1
548 0 1 1972 26 224 39
549 0 10 1974 1 3 1
550 0 1 1979 1 11 1
551 0 7 1981 106 414 159
552 0 2 1986 894 9225 1341
553 0 3 1989 5 41 7
554 0 1 1993 13429 155789 20143
555 1 1 1996 1 9 1
556 1 5 1998 1 12 1
557 0 4 2002 1 9 1
558 1 2 2006 1 10 1
559 0 6 2009 1 12 1
560 0 3 2013 1 10 1
561 1 28 2017 1 5 1
562 1 5 2023 16 134 24
563 1 8 2027 2 7 3
564 1 2 2032 1 9 1
565 1 19 2035 14 45 21
566 1 1 2040 12 99 18
567 1 5 2043 2 17 3
568 1 1 2047 1 9 1
569 1 1 2049 81 743 121
570 1 4 2052 1 11 1
571 0 4 2056 6 48 9
572 1 2 2060 33 288 49
573 0 5 2063 4 33 6
574 0 3 2067 2 17 3
575 0 3 2071 1 10 1
576 1 13 2075 13 41 19
577 0 8 2080 3 10 4
578 0 2 2085 2 17 3
579 1 1 2088 24 206 36
580 1 21 2091 1 3 1
581 0 4 2096 60 542 90
582 0 8 2100 4 12 6
583 0 10 2105 1 3 1
584 1 1 2110 1 8 1
585 0 3 2112 1 10 1
586 0 1 2116 1 9 1
587 1 1 2118 45 400 67
588 1 3 2119 1 9 1
589 0 3 2123 207 1992 310
590 0 1 2127 36 316 54
591 1 1 2128 1 11 1
592 1 4 2130 7 56 10
593 1 3 2134 5163 57561 7744
594 1 1 2137 2 17 3
595 0 2 2139 1 10 1
596 0 3 2142 206104 2657255 309156
597 1 1 2146 72 657 108
598 0 3 2148 1 9 1
599 0 5 2152 4083 45067 6124
600 1 10 2156 6 18 9
601 0 7 2161 3 10 4
602 0 6 2166 10 81 15
603 1 1 2170 1 11 1
604 1 1 2172 1 10 1
605 0 4 2174 3 25 4
606 0 1 2178 6 48 9
607 1 2 2180 665864 8954204 998796
608 0 4 2183 280 2735 420
609 0 3 2187 112 1045 168
610 1 3 2191 5493 61401 8239
611 1 1 2195 627 6364 940
612 0 6 2197 2 17 3
613 0 20 2201 406 1770 609
614 1 8 2206 1 3 1
615 0 1 2211 13 108 19
616 1 1 2213 29 251 43
617 1 8 2215 42 151 63
618 0 1 2220 1 12 1
619 1 1 2222 82680 1030253 124020
620 0 1 2224 31 270 46
621 1 1 2226 1 11 1
622 1 4 2229 1 10 1
623 0 2 2233 22 188 33
624 0 1 2236 127 1193 190
625 0 21 2238 1 4 1
626 0 2 2243 1 9 1
627 1 7 2246 51 187 76
628 0 1 2250 8 64 12
629 0 6 2251 94 869 141
630 0 3 2255 4 33 6
631 0 2 2259 1 9 1
632 0 4 2262 1 10 1
633 1 54 2266 15 49 22
634 0 14 2272 8728 46939 13092
635 0 3 2277 28 242 42
636 0 5 2281 3 25 4
637 1 9 2285 61 227 91
638 1 2 2290 1030 10697 1545
639 1 13 2293 3 10 4
640 0 1 2298 216 2083 324
641 1 5 2301 1 10 1
642 1 4 2305 3 25 4
643 1 1 2309 1 8 1
644 1 1 2312 784 8041 1176
645 1 3 2314 1 9 1
646 1 4 2318 1 10 1
647 1 3 2322 1 10 1
648 0 4 2326 1 10 1
649 0 7 2330 2067 10130 3100
650 1 5 2334 1 9 1
651 1 5 2338 4 33 6
652 0 2 2342 1 10 1
653 0 2 2345 1 9 1
654 1 5 2348 117 1094 175
655 0 2 2352 17 143 25
656 1 2 2355 1 9 1
657 1 4 2358 1 9 1
658 0 10 2362 6406 33795 9609
659 0 8 2367 318 1361 477
660 1 1 2372 1 8 1
661 1 3 2375 1446 15250 2169
662 0 2 2379 1 9 1
663 1 4 2382 1 9 1
664 1 1 2386 7 56 10
665 1 9 2388 11 34 16
666 0 6 2393 6 18 9
667 1 7 2397 1 4 1
668 1 4 2401 3 25 4
669 1 4 2405 756 7741 1134
670 0 1 2409 1 8 1
671 1 3 2412 1 9 1
672 0 2 2416 1 9 1
673 0 5 2419 1 9 1
674 1 5 2423 38 335 57
675 1 2 2427 1 9 1
676 0 21 2430 52 191 78
677 1 1 2435 1 9 1
678 0 1 2438 1 10 1
679 0 1 2441 1209 12648 1813
680 1 3 2442 6 48 9
681 0 2 2446 2 17 3
682 1 2 2449 5 40 7
683 0 2 2452 3 25 4
684 1 3 2455 2 17 3
685 0 2 2459 662 6736 993
686 0 4 2462 282 2755 423
687 0 1 2466 498 5000 747
688 1 25 2468 63 235 94
689 1 1 2473 1 9 1
690 0 5 2475 3 25 4
691 1 13 2479 1 4 1
692 0 3 2484 21 179 31
693 0 3 2488 1 9 1
694 1 3 2492 1 10 1
695 0 4 2496 7 56 10
696 0 2 2500 1 9 1
697 1 4 2503 61 551 91
698 0 23 2507 1 4 1
699 0 1 2512 6 48 9
700 0 2 2514 175 1670 262
701 1 3 2517 1 9 1
702 1 8 2521 46 167 69
703 0 2 2526 2 17 3
704 0 2 2529 780 7998 1170
705 1 1 2532 8 64 12
706 0 1 2534 505 5074 757
707 1 2 2536 34 297 51
708 1 1 2539 8 64 12
709 1 3 2542 2 17 3
710 1 2 2546 1 11 1
711 1 1 2549 1 12 1
712 1 5 2552 1 9 1
713 0 11 2556 1 4 1
714 0 2 2561 1 8 1
715 1 34 2564 1 3 1
716 0 2 2570 20 170 30
717 1 3 2573 2 17 3
718 1 6 2577 1 10 1
719 1 1 2581 2 17 3
720 1 8 2583 1 5 1
721 0 3 2588 15 125 22
722 0 1 2592 6 48 9
723 1 9 2595 374 1621 561
724 0 6 2600 124 1163 186
725 1 1 2604 282 2756 423
726 0 1 2606 1 11 1
727 1 1 2609 1 10 1
728 0 3 2611 516 5190 774
729 0 8 2615 91 351 136
730 0 13 2620 2 6 3
731 1 7 2625 1 4 1
732 0 1 2630 2 17 3
733 0 5 2631 1 10 1
734 0 4 2635 2789 30281 4183
735 1 1 2639 3886 42802 5829
736 1 3 2641 11 90 16
737 0 5 2645 7 56 10
738 1 1 2649 1 8 1
739 0 4 2652 1 9 1
740 1 3 2656 265 2581 397
741 0 2 2660 626 6354 939
742 1 5 2663 9 73 13
743 1 3 2667 7 56 10
744 1 4 2671 3 25 4
745 0 4 2675 13720 159304 20580
746 1 2 2679 13 107 19
747 0 10 2682 11 34 16
748 1 5 2687 124 1163 186
749 1 2 2691 4 33 6
750 0 1 2694 1 9 1
751 0 3 2697 4 33 6
752 1 2 2701 6 48 9
753 0 3 2704 340 3353 510
754 0 4 2708 15 125 22
755 1 3 2712 17 143 25
756 1 18 2716 4 12 6
757 1 12 2721 37 131 55
758 0 1 2726 10 81 15
759 1 15 2728 1796 8718 2694
760 0 3 2733 1 9 1
761 1 3 2737 54 485 81
762 0 3 2741 4 33 6
763 1 4 2745 8 64 12
764 1 6 2749 1 3 1
765 1 12 2753 1 4 1
766 1 1 2758 1 10 1
767 0 13 2761 1 4 1
768 0 2 2766 1 9 1
769 0 12 2769 8841 47584 13261
770 1 12 2774 334 1435 501
771 1 2 2779 1 11 1
772 0 2 2782 41 363 61
773 0 15 2785 2 7 3
774 0 19 2790 2 6 3
775 1 7 2795 58 215 87
776 0 7 2799 5 15 7
777 1 2 2803 3 25 4
778 0 6 2806 1 9 1
779 1 3 2810 412 4100 618
780 1 1 2814 1 10 1
781 1 4 2816 1 9 1
782 0 17 2820 2 7 3
783 0 7 2825 1 5 1
784 0 3 2829 1 11 1
785 1 6 2833 2 6 3
786 0 13 2837 69 260 103
787 0 1 2842 43 381 64
788 1 2 2845 572233 7654083 858349
789 0 12 2848 4763 24660 7144
790 0 9 2853 34 120 51
791 0 1 2858 118671 1499013 178006
792 1 6 2861 199 820 298
793 0 1 2865 3 25 4
794 1 4 2868 152 1440 228
795 0 14 2872 8 24 12
796 1 4 2877 121 1133 181
797 0 6 2881 2 17 3
798 1 8 2885 4 13 6
799 1 2 2890 1390 14633 2085
800 0 5 2893 134 1262 201
801 1 2 2897 10 81 15
802 1 2 2900 6 48 9
803 0 6 2903 1 9 1
804 1 1 2907 6185 69483 9277
805 0 14 2909 1 5 1
806 1 1 2914 1 11 1
807 1 1 2916 158749 2027114 238123
808 1 3 2918 211524 2729731 317286
809 1 1 2922 1 9 1
810 1 3 2925 3 25 4
811 0 6 2929 4 33 6
812 0 2 2933 124015 1569100 186022
813 1 3 2936 6 48 9
814 0 2 2940 1942 20752 2913
815 0 31 2943 2 6 3
816 0 3 2949 1 9 1
817 1 2 2953 2 17 3
818 1 11 2956 7 21 10
819 1 7 2961 185 758 277
820 1 3 2966 1 12 1
821 0 25 2970 2958 14848 4437
822 1 3 2975 1 11 1
823 0 6 2979 1 9 1
824 0 7 2983 5 15 7
825 0 3 2988 1 9 1
826 1 4 2992 1 9 1
827 1 34 2996 1 3 1
828 0 3 3002 1 9 1
829 0 2 3006 9 73 13
830 1 1 3009 4 33 6
831 1 2 3012 11 90 16
832 0 2 3015 333 3280 499
833 1 2 3018 1 11 1
834 1 9 3021 1 3 1
835 0 21 3026 19 63 28
836 0 4 3031 1 9 1
837 1 1 3035 53 475 79
838 1 13 3038 1 3 1
839 1 2 3043 47 419 70
840 1 1 3046 699 7131 1048
841 1 1 3049 2344967 32930360 3517450
842 0 3 3052 18 152 27
843 0 3 3056 4 33 6
844 1 1 3060 5 41 7
845 1 1 3062 23 197 34
846 0 2 3065 230 2225 345
847 0 6 3068 1 9 1
848 0 8 3072 151 608 226
849 0 2 3077 1 12 1
850 1 2 3080 1 10 1
851 1 6 3083 1 11 1
852 1 7 3087 1 6 1
853 1 2 3092 1 9 1
854 0 3 3095 32 279 48
855 0 1 3099 1 9 1
856 0 4 3101 1 8 1
857 0 15 3105 147 591 220
858 0 7 3110 1 5 1
859 0 3 3114 3 25 4
860 1 2 3117 12 99 18
861 0 3 3120 1589 16829 2383
862 1 4 3123 1 10 1
863 1 1 3127 53 475 79
864 1 1 3129 1 10 1
865 0 3 3132 996 10328 1494
866 0 2 3136 1 9 1
867 0 5 3139 12 99 18
868 0 5 3143 1 11 1
869 0 11 3147 150 604 225
870 0 1 3152 20630 243517 30945
871 1 4 3155 346001 4545706 519001
872 0 48 3159 1 4 1
873 1 5 3165 77 705 115
874 0 24 3169 1 5 1
875 0 19 3174 3 10 4
876 1 4 3179 8230 93570 12345
877 0 4 3183 1 9 1
878 0 4 3187 87 801 130
879 1 2 3191 2 17 3
880 1 8 3194 841 3871 1261
881 1 1 3199 2 17 3
882 0 9 3201 8 24 12
883 0 3 3206 47639 581193 71458
884 0 1 3210 1 13 1
885 1 7 3212 1 3 1
886 1 5 3217 1 12 1
887 0 4 3221 2 17 3
888 0 1 3225 5 41 7
889 0 2 3227 430 4288 645
890 1 6 3230 2788 30270 4182
891 0 5 3234 1 10 1
892 1 5 3238 1 9 1
893 1 25 3242 14692 81547 22038
894 1 2 3247 1387 14601 2080
895 0 2 3250 1 10 1
896 1 10 3253 13 41 19
897 0 7 3258 1 5 1
898 1 4 3262 1176 12288 1764
899 1 1 3266 25 215 37
900 1 6 3269 1 12 1
901 0 6 3273 2673 28968 4009
902 0 3 3277 3 25 4
903 0 1 3281 144 1361 216
904 0 3 3282 1 9 1
905 1 8 3286 7 21 10
906 1 3 3291 738147 9962213 1107220
907 0 1 3295 2 17 3
908 0 4 3298 4 33 6
909 0 8 3302 9 27 13
910 1 6 3307 1 9 1
911 0 7 3311 10791 58792 16186
912 1 2 3315 1 10 1
913 0 8 3318 1307 6207 1960
914 1 1 3323 5421 60562 8131
915 0 1 3324 3274 35795 4911
916 0 2 3327 1 11 1
917 0 7 3330 14 45 21
918 1 4 3335 1 9 1
919 0 2 3339 1 9 1
920 0 3 3342 4 33 6
921 1 20 3346 3 10 4
922 0 4 3351 471427 6262509 707140
923 1 16 3355 33 116 49
924 1 4 3360 9 73 13
925 0 1 3364 2402 25910 3603
926 0 2 3367 5 40 7
927 0 2 3370 1 10 1
928 0 2 3373 31 270 46
929 0 7 3376 43 155 64
930 0 3 3380 1 11 1
931 0 8 3384 39 139 58
932 1 2 3389 1 11 1
933 0 10 3392 1 6 1
934 0 6 3397 1 9 1
935 1 3 3401 1 11 1
936 0 7 3405 1 3 1
937 1 2 3410 8 64 12
938 0 1 3413 117 1094 175
939 1 5 3415 1 9 1
940 0 9 3419 7 21 10
941 0 3 3424 9 73 13
942 1 2 3428 53 476 79
943 1 6 3431 2 17 3
944 0 1 3435 9 73 13
945 0 7 3438 909 4207 1363
946 1 1 3442 1 9 1
947 0 3 3445 4 33 6
948 1 8 3449 499 2210 748
949 1 12 3454 1 6 1
950 0 1 3459 1 9 1
951 0 2 3462 162 1540 243
952 0 13 3465 35 123 52
953 1 1 3470 1298 13623 1947
954 0 3 3472 4 33 6
955 1 26 3476 56 207 84
956 0 3 3481 5 40 7
957 1 3 3485 707 7216 1060
958 0 136 3489 3 10 4
959 1 4 3495 7 56 10
960 1 4 3499 9 72 13
961 1 7 3503 1 4 1
962 1 5 3507 1 10 1
963 1 8 3511 467 2058 700
964 1 1 3516 184 1760 276
965 1 9 3519 1 3 1
966 1 7 3524 1 3 1
967 0 4 3528 1 12 1
968 0 12 3532 4909 25465 7363
969 1 6 3537 12 98 18
970 0 4 3541 1 9 1
971 0 3 3545 1044 10849 1566
972 0 3 3549 4111 45389 6166
973 0 1 3553 1 9 1
974 1 4 3555 75 685 112
975 0 1 3559 2 17 3
976 1 2 3561 2323 25021 3484
977 1 1 3564 190 1821 285
978 1 4 3567 1 13 1
979 0 4 3571 1 10 1
980 1 1 3575 1 9 1
981 0 2 3578 90 830 135
982 1 2 3581 3168 34587 4752
983 0 1 3584 16347 191161 24520
984 0 4 3585 2 17 3
985 1 9 3589 8 24 12
986 0 4 3594 104 967 156
987 0 7 3598 138 552 207
988 0 2 3602 2 17 3
989 0 2 3605 1 8 1
990 0 1 3608 20 170 30
