0 0 6 5 1 6 1
1 0 11 22 37 132 55
2 0 3 40 162 657 243
3 0 3 55 1755 18670 2632
4 0 2 70 1 10 1
5 1 2 84 1215 12714 1822
6 1 4 98 1 3 1
7 1 2 114 5 40 7
8 1 17 128 49 179 73
9 1 3 146 1 4 1
10 1 2 161 256 2490 384
11 0 6 175 1 7 1
12 0 3 192 5 40 7
13 0 3 207 5 15 7
14 1 6 222 297 1264 445
15 0 10 239 1 5 1
16 0 1 256 1 9 1
17 0 6 266 309 1319 463
18 0 2 283 1 10 1
19 1 4 298 423 1850 634
20 1 1 314 1 9 1
21 1 1 324 3234 35339 4851
22 0 5 336 1 3 1
23 0 2 352 11 90 16
24 1 5 366 6 18 9
25 1 2 382 10 81 15
26 0 3 396 163 661 244
27 1 2 412 1 10 1
28 0 14 426 1 4 1
29 0 2 444 16 134 24
30 0 7 459 5 15 7
31 0 1 476 1 12 1
32 1 2 488 54406 667168 81609
33 0 6 502 8 24 12
34 0 8 518 1 4 1
35 1 2 535 436 4350 654
36 1 3 550 131 522 196
37 1 4 565 2 6 3
38 0 2 581 434 4329 651
39 0 3 595 3 25 4
40 1 5 610 1 4 1
41 1 1 626 64 580 96
42 1 1 639 11 90 16
43 1 21 650 1 4 1
44 0 1 668 64 580 96
45 0 4 680 3 9 4
46 1 1 696 1 9 1
47 1 3 708 109 427 163
48 0 5 723 7 21 10
49 0 1 739 2 17 3
50 1 7 750 17 56 25
51 0 2 767 3 25 4
52 0 3 781 4 33 6
53 0 8 796 42 151 63
54 1 1 813 44 391 66
55 0 4 824 394 1714 591
56 0 5 840 1 4 1
57 0 1 856 1 11 1
58 1 3 869 106 986 159
59 0 29 884 6 18 9
60 0 1 903 1 9 1
61 1 8 916 8060 43134 12090
62 1 4 933 80 305 120
63 1 1 949 18 152 27
64 1 1 960 6 48 9
65 1 1 972 6 48 9
66 0 2 985 92 850 138
67 1 1 999 20 169 30
68 0 4 1012 1 4 1
69 1 4 1028 19 63 28
70 1 1 1044 1 14 1
71 0 3 1055 8673 46625 13009
72 0 3 1070 44 159 66
73 0 2 1085 1 11 1
74 0 1 1099 12 99 18
75 1 2 1111 25 215 37
76 1 1 1125 1 8 1
77 1 8 1135 1 4 1
78 1 7 1152 1 4 1
79 1 9 1169 35 124 52
80 0 1 1186 5 41 7
81 1 2 1198 3 25 4
82 1 8 1212 1 4 1
83 1 2 1229 2 17 3
84 1 11 1244 1096 5141 1644
85 0 1 1261 1 9 1
86 0 1 1273 460 4601 690
87 0 1 1286 92 850 138
88 1 3 1296 63 235 94
89 0 3 1311 26 224 39
90 0 2 1326 5 41 7
91 1 5 1341 9627 52086 14440
92 1 2 1357 364 3601 546
93 0 1 1371 1 10 1
94 0 4 1382 1 4 1
95 0 7 1398 1 4 1
96 0 11 1415 251 1054 376
97 0 8 1432 17 56 25
98 1 7 1449 2 6 3
99 1 2 1466 11 90 16
100 0 5 1480 1 5 1
101 0 14 1496 235 982 352
102 1 38 1514 1 5 1
103 0 2 1533 309 3033 463
104 1 7 1547 18898 106467 28347
105 1 3 1564 8 24 12
106 0 2 1580 2 17 3
107 1 4 1594 1 4 1
108 1 1 1610 395 3923 592
109 1 2 1623 4 33 6
110 0 1 1637 2370 25549 3555
111 0 2 1649 59 532 88
112 0 3 1663 329 1411 493
113 1 2 1678 13910 161601 20865
114 1 2 1692 1 9 1
115 0 5 1706 4 13 6
116 1 4 1722 1 4 1
117 0 5 1738 1729 8371 2593
118 0 1 1754 1 10 1
119 1 2 1766 1 12 1
120 1 15 1781 1 4 1
121 0 2 1799 1 9 1
122 0 1 1813 34 298 51
123 1 11 1826 7 21 10
124 0 4 1843 1 3 1
125 0 2 1859 19 161 28
126 1 4 1874 2 7 3
127 0 2 1890 1123 11709 1684
128 1 2 1905 7 56 10
129 1 3 1919 1 9 1
130 1 1 1934 497 4990 745
131 1 1 1943 1 9 1
132 1 4 1950 1 3 1
133 1 7 1966 1 5 1
134 1 1 1983 9 73 13
135 0 3 1995 1 3 1
136 0 1 2010 12668 146611 19002
137 1 6 2022 5 15 7
138 0 1 2039 2 17 3
139 1 2 2052 3 25 4
140 1 2 2067 12 99 18
141 1 2 2082 1695 18003 2542
142 0 41 2096 168 683 252
143 1 1 2115 13 107 19
144 0 1 2128 4 33 6
145 1 1 2140 2 17 3
146 1 11 2153 7 21 10
147 0 3 2170 1 5 1
148 1 2 2186 41 363 61
149 0 13 2199 202 834 303
150 1 1 2217 1 11 1
151 1 1 2228 2 17 3
152 1 1 2241 1 8 1
153 0 1 2251 2685 29104 4027
154 0 4 2261 10 31 15
155 0 2 2277 1 12 1
156 0 3 2291 1 4 1
157 0 3 2306 1 4 1
158 0 6 2321 448 1968 672
159 0 5 2338 1 3 1
160 1 1 2354 3 25 4
161 0 3 2364 4 33 6
162 1 11 2379 1 5 1
163 0 2 2396 1 8 1
164 0 4 2410 17 56 25
165 0 1 2426 532 5359 798
166 1 3 2439 3 10 4
167 1 10 2454 9 27 13
168 0 1 2471 1 9 1
169 1 4 2484 658 2975 987
170 1 14 2500 1 4 1
171 1 1 2518 1 9 1
172 1 3 2530 3 10 4
173 0 5 2545 5 15 7
174 1 2 2561 1 10 1
175 1 15 2576 1 3 1
176 0 2 2594 455 4549 682
177 1 3 2608 1 4 1
178 1 9 2623 5 15 7
179 1 6 2640 2 7 3
180 1 3 2657 1 12 1
181 1 1 2672 1 10 1
182 0 1 2685 20 170 30
183 0 2 2697 173 1650 259
184 1 14 2712 2 7 3
185 1 1 2730 17 143 25
186 1 5 2739 1 3 1
187 1 13 2755 58 215 87
188 0 1 2773 745 7623 1117
189 1 16 2786 47 171 70
190 0 3 2804 1 5 1
191 1 5 2819 1095 5136 1642
192 0 1 2835 1 13 1
193 1 10 2843 1 5 1
194 0 2 2860 84 772 126
195 1 1 2874 1 10 1
196 0 4 2887 34 120 51
197 1 3 2903 4 12 6
198 1 3 2918 2685 13391 4027
199 1 1 2934 18136 212973 27204
200 0 1 2947 2 17 3
201 1 1 2957 1 9 1
202 0 3 2969 1 9 1
203 1 4 2984 1012511 7038994 1518766
204 0 5 3000 1 3 1
205 0 5 3016 1 4 1
206 1 1 3032 22 188 33
207 1 4 3045 329 1412 493
208 0 1 3061 34 297 51
209 1 1 3074 140 1321 210
210 0 13 3086 34 120 51
211 0 5 3104 3 10 4
212 1 1 3120 5 40 7
213 1 7 3132 43 155 64
214 0 4 3149 21 70 31
215 0 3 3165 2 6 3
216 1 2 3180 86 791 129
217 1 1 3194 1 9 1
218 1 2 3200 2 17 3
219 0 1 3215 271 2643 406
220 1 25 3227 12 38 18
221 0 2 3246 812 8342 1218
222 1 2 3261 5 40 7
223 1 1 3275 1 10 1
224 0 1 3282 23 197 34
225 0 32 3294 1 3 1
226 1 4 3313 1 3 1
227 1 2 3329 5 41 7
228 1 5 3343 1 3 1
229 0 4 3359 1 3 1
230 0 17 3375 6 18 9
231 0 4 3393 3263 16485 4894
232 0 7 3409 15 49 22
233 1 4 3426 1 4 1
234 0 12 3442 506403 3404347 759604
235 0 11 3460 623 2805 934
236 1 10 3478 2 7 3
237 0 1 3495 2 17 3
238 1 2 3507 936 9678 1404
239 1 5 3521 1 4 1
240 0 4 3537 4 12 6
241 1 18 3553 120 474 180
242 1 3 3571 1 4 1
243 1 3 3587 4 13 6
244 1 2 3602 1 9 1
245 1 1 3616 28 242 42
