0 0 6 5 1 10 1
1 0 3 9 9 72 13
2 1 3 13 306 3002 459
3 1 76 17 1 4 1
4 0 2 23 2 17 3
5 0 5 26 29833 357356 44749
6 0 1 30 1 9 1
7 1 1 33 29 252 43
8 1 17 35 1 4 1
9 1 1 40 49 438 73
10 0 3 42 2 17 3
11 0 2 46 8 64 12
12 1 9 49 280 1186 420
13 0 2 54 42 372 63
14 1 8 57 2 7 3
15 1 2 62 918 9484 1377
16 0 21 65 1 4 1
17 0 3 70 2 17 3
18 1 1 74 1 9 1
19 0 2 77 1 10 1
20 0 4 80 59 532 88
21 0 1 84 1773 18870 2659
22 1 9 87 1 3 1
23 0 4 92 9 72 13
24 0 4 96 9719 111263 14578
25 0 5 100 794 8148 1191
26 1 2 104 2 17 3
27 1 1 107 659 6705 988
28 0 18 110 2 7 3
29 0 3 115 218 2103 327
30 1 37 119 7 21 10
31 1 1 125 21 179 31
32 0 2 126 1 9 1
33 0 2 129 45 400 67
34 1 4 132 646 6566 969
35 0 1 136 1601 16962 2401
36 1 1 139 1 9 1
37 0 6 141 378 3746 567
38 1 4 145 1 9 1
39 1 1 149 1 9 1
40 0 3 152 97 898 145
41 0 1 156 1 9 1
42 1 8 157 122 483 183
43 0 2 162 70 637 105
44 0 2 165 301 2950 451
45 0 2 168 58 523 87
46 0 11 171 1 4 1
47 1 7 176 630 2839 945
48 0 5 180 17 143 25
49 0 2 184 15 125 22
50 0 1 187 747 7644 1120
51 0 6 189 81 743 121
52 1 6 193 3 10 4
53 1 7 197 1 3 1
54 1 2 201 1 10 1
55 0 6 204 1 5 1
56 0 1 208 390 3871 585
57 1 2 211 15 125 22
58 1 1 214 179 1710 268
59 1 2 217 1 10 1
60 0 5 220 182 1740 273
61 1 2 224 1 12 1
62 1 1 227 1 12 1
63 1 1 229 186 1781 279
64 1 1 232 6 48 9
65 0 2 235 1 9 1
66 1 4 238 8 64 12
67 0 10 242 6 18 9
68 0 4 247 5097 56794 7645
69 1 4 251 1 9 1
70 1 1 255 1198 12528 1797
71 0 2 257 102 947 153
72 1 2 260 1 10 1
73 1 6 263 256 2490 384
74 0 2 267 1 12 1
75 1 4 270 1 12 1
76 0 4 274 1 9 1
77 1 2 278 6921 78120 10381
78 1 3 281 3 25 4
79 0 16 285 144 578 216
80 0 1 290 1 11 1
81 1 8 293 1 5 1
82 1 2 298 1 9 1
83 0 4 301 1 13 1
84 0 1 305 8 64 12
85 0 2 308 21195 250458 31792
86 1 5 311 1 11 1
87 1 2 315 907 9365 1360
88 1 21 318 328 1407 492
89 1 1 323 679 6918 1018
90 1 3 325 1 11 1
91 0 3 329 632 6417 948
92 0 3 333 1 9 1
93 0 2 337 28 242 42
94 0 4 340 215 2073 322
95 1 1 344 70 637 105
96 0 3 346 1 9 1
97 1 3 350 1 9 1
98 1 3 354 2 17 3
99 1 3 358 11 90 16
100 1 3 362 6 48 9
101 1 2 366 1 9 1
102 0 4 369 1 10 1
103 1 2 373 24 206 36
104 0 2 376 2 17 3
105 1 2 379 15 125 22
106 0 4 382 2 17 3
107 0 2 386 1 10 1
108 1 9 389 1 3 1
109 1 2 394 1 9 1
110 0 1 397 57 513 85
111 1 2 400 3649 40083 5473
112 1 6 403 1 10 1
113 0 6 407 1 9 1
114 1 18 411 1 3 1
115 1 2 416 55 494 82
116 1 3 419 86 791 129
117 0 13 423 1 3 1
118 1 7 428 19 63 28
119 1 2 433 64 580 96
120 0 11 436 40 143 60
121 1 2 441 1 9 1
122 1 3 444 7 56 10
123 0 7 448 1 4 1
124 1 5 452 5647 63196 8470
125 1 7 456 1 4 1
126 1 2 460 3 25 4
127 0 2 463 12 99 18
128 1 5 466 2 17 3
129 1 4 470 10 81 15
130 1 6 474 2 6 3
131 1 1 478 12 98 18
132 0 1 481 1 13 1
133 1 6 484 2 17 3
134 0 2 488 1 8 1
135 1 1 491 1 11 1
136 0 9 493 8 24 12
137 0 1 498 48 428 72
138 0 2 501 1 10 1
139 1 8 504 1 5 1
140 1 3 509 1 9 1
141 0 9 513 808 3708 1212
142 1 5 518 1 9 1
143 1 22 522 4 12 6
144 1 2 527 33 288 49
145 1 4 530 1 11 1
146 0 11 534 1 4 1
147 0 2 539 3 25 4
148 1 20 542 7 21 10
149 0 2 547 975 10101 1462
150 0 15 550 207 856 310
151 1 2 555 231 2235 346
152 0 3 558 1111 11578 1666
153 1 3 562 15579 181826 23368
154 1 3 566 1 10 1
155 0 5 570 365 3611 547
156 0 3 574 1 9 1
157 0 1 578 6 48 9
158 0 4 580 1 11 1
159 1 4 584 1 9 1
160 1 4 588 202 1942 303
161 1 1 592 1 10 1
162 0 1 595 38 335 57
163 1 1 597 1 10 1
164 1 10 599 1 5 1
165 1 3 604 6 48 9
166 0 3 608 1 9 1
167 0 4 612 44 391 66
168 1 9 616 1 5 1
169 1 4 621 2295 24706 3442
170 1 3 625 1 8 1
171 0 1 629 1 12 1
172 0 2 632 1 11 1
173 1 2 635 2 17 3
174 1 2 638 2 17 3
175 1 2 641 7674 86994 11511
176 0 1 644 1691 17959 2536
177 1 10 647 11 34 16
178 1 5 652 4 33 6
179 0 2 656 1476 15581 2214
180 0 11 659 1 3 1
181 0 3 664 1 8 1
182 0 5 668 107 996 160
183 1 3 672 16 134 24
184 0 2 676 1 9 1
185 0 5 679 5 40 7
186 1 2 683 257 2500 385
187 1 7 686 4140 21242 6210
188 0 7 690 1 4 1
189 1 14 694 1 4 1
190 1 2 699 34 297 51
191 0 33 702 1 4 1
192 0 4 708 150 1420 225
193 1 3 712 41 363 61
194 0 8 716 9 27 13
195 1 2 721 1189 12429 1783
196 0 3 724 1908 20373 2862
197 1 2 728 1 9 1
198 0 1 731 1 11 1
199 0 11 733 1 5 1
200 1 3 738 60 542 90
201 0 4 742 3 25 4
202 1 6 746 3679 40426 5518
203 0 3 750 1 9 1
204 0 6 754 1 10 1
205 1 27 758 3 10 4
206 1 3 764 1594 16885 2391
207 1 2 768 12 98 18
208 1 1 771 2 17 3
209 1 3 774 1796 19125 2694
210 1 3 778 441 4403 661
211 1 1 782 1 9 1
212 0 7 785 13 41 19
213 1 7 789 190 780 285
214 1 1 793 223 2154 334
215 0 2 795 74 676 111
216 0 14 798 4 12 6
217 1 3 803 6 48 9
218 1 17 807 7 21 10
219 0 7 812 18476 103952 27714
220 1 2 816 43 381 64
221 1 2 819 2 17 3
222 1 17 822 1 4 1
223 1 1 827 670 6822 1005
224 0 5 830 7 56 10
225 0 5 834 197 1891 295
226 0 2 838 1 12 1
227 1 7 841 38 135 57
228 0 1 845 1 10 1
229 0 2 848 68 618 102
230 1 3 851 1 11 1
231 1 1 855 5 40 7
232 0 2 858 18 152 27
233 1 4 861 10 81 15
234 0 3 865 1 11 1
235 1 3 869 1 9 1
236 0 1 873 4 33 6
237 0 4 875 10 81 15
238 1 7 879 32 112 48
239 1 17 884 2 6 3
240 0 2 889 6 48 9
241 1 4 892 1 8 1
242 1 7 896 4 13 6
243 0 3 900 46992 572996 70488
244 0 1 904 38 335 57
245 1 1 906 9 73 13
246 0 1 909 1 12 1
247 0 3 912 1 9 1
248 0 3 916 21 179 31
249 0 1 920 116 1084 174
250 0 1 923 1 10 1
251 1 5 926 9 73 13
252 1 2 930 1 13 1
253 0 1 933 26 224 39
254 1 1 935 3 25 4
255 0 11 937 1 4 1
256 0 1 942 5 41 7
257 0 1 945 2 17 3
258 0 1 947 1 10 1
259 1 2 950 1 9 1
260 0 19 953 1 6 1
261 1 4 958 1 12 1
262 1 3 962 1 9 1
263 1 2 966 1518 16044 2277
264 1 1 969 1 12 1
265 1 1 972 5 40 7
266 0 1 974 2 17 3
267 1 6 976 2 17 3
268 1 5 980 363 3591 544
269 0 2 984 1 10 1
270 1 3 987 1 9 1
271 1 1 991 1 9 1
272 0 8 993 463 2039 694
273 1 48 998 1 3 1
274 1 4 1004 509 5116 763
275 1 3 1008 1 9 1
276 1 6 1012 2 17 3
277 0 2 1016 80 733 120
278 0 10 1019 17220 96484 25830
279 0 1 1024 4532 50246 6798
280 0 6 1025 296112 3868463 444168
281 1 3 1029 491 4927 736
282 0 1 1033 3 25 4
283 1 2 1035 1 12 1
284 0 21 1038 1 4 1
285 0 9 1043 1 3 1
286 0 5 1048 1 11 1
287 0 3 1052 3 25 4
288 1 13 1056 43302 255843 64953
289 1 2 1061 1 9 1
290 0 1 1064 67 608 100
291 1 6 1066 1611 17073 2416
292 0 3 1070 1 9 1
293 1 19 1074 1 3 1
294 1 3 1079 10 81 15
295 0 2 1083 10 81 15
296 0 27 1086 1 3 1
297 0 1 1092 43905 533943 65857
298 1 1 1094 4 33 6
299 0 2 1096 1 11 1
300 0 4 1099 30 261 45
301 0 3 1103 1 8 1
302 1 2 1107 81301 1012423 121951
303 0 1 1110 1 9 1
304 0 1 1112 1 11 1
305 1 2 1113 1 10 1
306 0 6 1116 1 9 1
307 1 3 1120 5 40 7
308 0 8 1124 1 3 1
309 0 32 1129 1 3 1
310 0 2 1135 388 3850 582
311 0 37 1138 1 6 1
312 1 3 1144 2 17 3
313 1 3 1148 1 12 1
314 1 4 1152 1 10 1
315 1 10 1156 12922 71173 19383
316 0 4 1161 1 9 1
317 0 17 1165 295 1255 442
318 0 5 1170 3 25 4
319 1 4 1174 1238 12965 1857
320 0 3 1178 1 11 1
321 0 3 1182 1 9 1
322 1 4 1186 5 40 7
323 0 2 1190 1 11 1
324 1 4 1193 23 197 34
325 1 3 1197 1124 11720 1686
326 1 8 1201 86 330 129
327 1 6 1206 284 2776 426
328 0 2 1210 716 7313 1074
329 1 5 1213 1 9 1
330 0 5 1217 1 10 1
331 1 5 1221 81 743 121
332 1 1 1225 1 10 1
333 0 5 1227 14 116 21
334 0 1 1231 1 10 1
335 1 4 1234 31 270 46
336 0 1 1238 1 10 1
337 0 4 1241 4 33 6
338 0 5 1245 1 10 1
339 0 1 1249 16186 189203 24279
340 1 2 1251 3 25 4
341 1 2 1254 1 9 1
342 1 2 1257 7 56 10
343 0 3 1260 591 5982 886
344 1 3 1264 5 40 7
345 1 4 1268 2 17 3
346 1 21 1272 1 6 1
347 1 1 1277 13 107 19
348 1 1 1280 15 125 22
349 1 1 1283 244 2367 366
350 1 8 1285 10 31 15
351 0 5 1290 107759 1356259 161638
352 1 6 1294 4 33 6
353 1 3 1298 3 25 4
354 0 2 1302 24 206 36
355 1 3 1305 33 288 49
356 0 2 1309 41 363 61
357 1 1 1312 1 11 1
358 1 7 1315 915 4237 1372
359 1 6 1319 4 12 6
360 0 1 1323 1 10 1
361 0 1 1326 286 2796 429
362 0 6 1328 397 3944 595
363 1 1 1332 35 307 52
364 0 3 1334 5 40 7
365 0 2 1338 1 9 1
366 0 3 1341 320 3146 480
367 1 5 1345 1 9 1
368 1 2 1349 15 125 22
369 1 9 1352 223 928 334
370 0 1 1357 186 1780 279
371 1 6 1359 796 8170 1194
372 1 2 1363 124 1163 186
373 1 3 1366 1 9 1
374 0 4 1370 1 11 1
375 1 3 1374 1 13 1
376 0 1 1378 1 9 1
377 0 1 1379 2 17 3
378 0 10 1381 584 2617 876
379 0 3 1386 1 13 1
380 1 5 1390 1529 16166 2293
381 1 7 1394 1 3 1
382 0 2 1399 3630 39865 5445
383 0 4 1402 6 48 9
384 0 3 1406 12 98 18
385 0 4 1410 18 152 27
386 0 3 1414 2 17 3
387 0 2 1418 23654 280744 35481
388 0 5 1421 1 8 1
389 1 1 1425 2 17 3
390 1 1 1428 48 428 72
391 1 15 1431 2 6 3
392 0 3 1436 947 9798 1420
393 1 1 1440 1 11 1
394 1 4 1443 1 9 1
395 0 3 1447 1 11 1
396 1 3 1451 90 830 135
397 1 5 1455 133063 1688013 199594
398 0 2 1459 65 589 97
399 1 1 1462 1 11 1
400 0 2 1465 41 362 61
401 1 1 1468 1 11 1
402 0 1 1471 3 25 4
403 1 4 1474 8 64 12
404 0 2 1478 127 1193 190
405 1 31 1481 148 595 222
406 0 6 1487 1 4 1
407 0 2 1491 1594 16884 2391
408 0 6 1494 1 9 1
409 1 3 1498 1335 14029 2002
410 0 6 1502 140 1321 210
411 0 2 1506 954 9873 1431
412 0 9 1509 45 163 67
413 1 3 1514 1 9 1
414 1 1 1518 4 33 6
415 0 1 1521 64 580 96
416 1 3 1523 339 3342 508
417 0 2 1527 1 10 1
418 1 4 1530 1261 13217 1891
419 1 11 1534 1 3 1
420 0 1 1539 1 10 1
421 0 13 1542 5 15 7
422 1 1 1547 6 48 9
423 0 13 1549 1 4 1
424 0 3 1554 215 2073 322
425 0 1 1558 16340 191076 24510
426 0 4 1560 1 10 1
427 1 21 1564 27 93 40
428 1 18 1569 1074978 7494574 1612467
429 1 1 1574 2 17 3
430 1 4 1577 1 9 1
431 1 3 1581 5 40 7
432 0 2 1585 206400 2661212 309600
433 0 1 1588 1 9 1
434 0 1 1590 14 116 21
435 1 1 1592 2311 24886 3466
436 0 3 1594 1 9 1
437 1 2 1598 487 4885 730
438 0 5 1601 11 90 16
439 0 13 1605 1 4 1
440 1 41 1610 14254 78973 21381
441 0 2 1616 43 381 64
442 1 1 1619 15342 178949 23013
443 1 1 1622 19283 227002 28924
444 0 2 1624 20 170 30
445 0 5 1627 1 9 1
446 1 1 1631 313 3074 469
447 1 9 1632 1 3 1
448 0 1 1637 36 316 54
449 1 3 1640 1 9 1
450 0 5 1644 222 2144 333
451 0 2 1648 5 41 7
452 1 1 1651 1 12 1
453 0 2 1654 208 2002 312
454 0 3 1657 1 9 1
455 0 11 1661 4718 24412 7077
456 1 1 1666 2483 26822 3724
457 0 11 1668 1 3 1
458 1 9 1673 1 4 1
459 0 9 1678 14 45 21
460 1 1 1683 62 561 93
461 1 5 1686 5943 66652 8914
462 1 1 1690 5 40 7
463 1 1 1692 1 9 1
464 1 32 1694 324 1388 486
465 0 4 1700 81 743 121
466 0 2 1704 2 17 3
467 0 1 1707 14 116 21
468 0 2 1708 1 9 1
469 1 1 1711 6 48 9
470 0 2 1713 3 25 4
471 0 2 1716 47 419 70
472 1 10 1719 219 910 328
473 0 12 1724 1 5 1
474 0 1 1729 4 33 6
475 1 6 1732 16 134 24
476 0 1 1736 15546 181425 23319
477 1 2 1738 1 9 1
478 0 3 1741 2560 27691 3840
479 0 3 1745 515 5179 772
480 1 1 1749 2 17 3
481 1 8 1751 653 2951 979
482 0 9 1756 69 260 103
483 0 5 1761 621 6301 931
484 0 3 1765 1 9 1
485 0 3 1769 3 25 4
486 0 2 1773 4 33 6
487 1 4 1776 308 3023 462
488 1 1 1780 4 33 6
489 0 3 1783 4 33 6
490 1 1 1787 5 40 7
491 1 5 1789 18 152 27
492 1 2 1793 1 11 1
493 1 1 1796 814022 11023914 1221033
494 1 3 1798 27 233 40
495 1 2 1802 6 48 9
496 0 9 1805 860 3964 1290
497 0 5 1810 1 9 1
498 1 1 1814 71 647 106
499 0 5 1816 1 10 1
500 1 2 1820 1 10 1
501 1 1 1823 1259 13195 1888
502 0 2 1825 1 11 1
503 1 4 1828 2687 29126 4030
504 1 3 1832 155 1470 232
505 0 5 1836 2 17 3
506 1 3 1840 1 10 1
507 1 2 1844 85 782 127
508 1 2 1847 13 107 19
509 0 4 1850 1 9 1
510 0 2 1854 139 1311 208
511 1 6 1857 364 3601 546
512 1 29 1861 1 3 1
513 1 2 1867 1 9 1
514 1 1 1870 1 10 1
515 0 1 1873 1 8 1
516 1 4 1876 1 9 1
517 0 2 1880 1 10 1
518 1 4 1883 1652 17527 2478
519 1 2 1887 3 25 4
520 0 29 1890 3 9 4
521 1 7 1896 1 5 1
522 0 29 1901 1 3 1
523 0 6 1907 11 90 16
524 0 1 1911 3 25 4
525 0 11 1913 1 3 1
526 1 2 1918 4 33 6
527 0 1 1921 3572 39200 5358
528 1 2 1924 36 316 54
529 1 8 1927 685 3106 1027
530 1 4 1932 11 90 16
531 1 1 1936 1276 13381 1914
532 1 6 1938 2 17 3
533 1 12 1942 59 219 88
534 0 2 1947 1 9 1
535 0 5 1950 1 10 1
536 0 2 1954 3 25 4
537 0 4 1957 1 10 1
538 1 9 1961 22 74 33
539 0 3 1966 2 17 3
540 0 3 1970 25 215 37
541 1 9 1974 592 2656 888
542 1 2 1979 236 2286 354
543 0 2 1982 4 33 6
544 0 7 1985 6 18 9
545 0 2 1990 11 90 16
546 0 2 1993 4 32 6
547 1 3 1996 87 801 130
548 0 14 2000 51 187 76
549 0 1 2005 27 233 40
550 1 6 2008 188 1801 282
551 0 1 2012 2 17 3
552 0 12 2014 642 2897 963
553 1 3 2019 10 81 15
554 1 2 2023 3 25 4
555 1 3 2026 2 17 3
556 0 3 2030 13 107 19
557 1 1 2034 922 9527 1383
558 1 5 2037 16 134 24
559 1 1 2041 1 11 1
560 0 3 2044 1225 12823 1837
561 1 7 2048 1 5 1
562 0 2 2053 16 134 24
563 1 2 2056 1 12 1
564 1 2 2059 16 134 24
565 1 2 2062 1 9 1
566 1 2 2065 13 108 19
567 1 11 2068 9 27 13
568 0 1 2073 7 56 10
569 0 5 2076 10 81 15
570 0 2 2080 556 5612 834
571 1 8 2083 5 15 7
572 0 1 2088 11 90 16
573 0 7 2090 757 3458 1135
574 0 1 2094 9 73 13
575 1 3 2096 2 17 3
576 0 4 2100 167 1590 250
577 0 2 2104 2 17 3
578 1 3 2107 1 8 1
579 1 2 2111 12 99 18
580 1 9 2114 1 5 1
581 0 17 2119 1 5 1
582 0 1 2124 1 8 1
583 1 4 2127 41361 501837 62041
584 0 11 2131 57 211 85
585 1 2 2136 61 551 91
586 0 2 2139 1604 16995 2406
587 1 2 2142 607 6152 910
588 0 3 2145 1 9 1
589 1 15 2149 252 1059 378
590 1 1 2154 2694 29205 4041
591 1 2 2157 56 504 84
592 0 14 2160 91690 564513 137535
593 1 2 2165 1 9 1
594 1 12 2168 242 1014 363
595 1 3 2173 10 81 15
596 1 5 2177 7 56 10
597 1 1 2181 42 372 63
598 1 2 2183 1 12 1
599 1 4 2186 17 143 25
600 0 6 2190 3 10 4
601 1 1 2194 21 179 31
602 0 47 2196 1 4 1
603 1 1 2202 1 9 1
604 1 2 2205 1 10 1
605 0 3 2208 1 10 1
606 1 2 2212 6 48 9
607 1 2 2215 3754 41286 5631
608 1 3 2218 1 9 1
609 0 1 2222 2891 31438 4336
610 1 20 2225 1853 9014 2779
611 1 2 2230 5 41 7
612 0 1 2233 4 33 6
613 0 14 2235 30 104 45
614 1 2 2240 54 485 81
615 1 1 2243 54 485 81
616 0 11 2246 454 1996 681
617 1 4 2251 1 9 1
618 0 4 2255 27 233 40
619 1 19 2259 1 5 1
620 1 3 2264 1 9 1
621 1 1 2268 1 10 1
622 0 1 2270 16 134 24
623 1 1 2273 14 116 21
624 0 7 2275 1 6 1
625 0 8 2280 113 444 169
626 1 4 2285 1 9 1
627 1 1 2289 19 161 28
628 0 9 2291 4 12 6
629 0 11 2296 2 6 3
630 0 3 2301 9 72 13
631 1 3 2305 1 9 1
632 0 1 2309 3700 40667 5550
633 1 3 2310 18 152 27
634 0 1 2314 340 3352 510
635 0 4 2317 32 279 48
636 0 2 2321 467 4675 700
637 0 5 2324 1 9 1
638 0 4 2328 1 9 1
639 1 2 2332 1 8 1
640 0 1 2335 1 9 1
641 1 20 2338 794 3639 1191
642 0 4 2343 1 8 1
643 1 2 2347 1 10 1
644 0 1 2350 5 41 7
645 0 4 2352 2 17 3
646 1 5 2356 2193 23560 3289
647 0 2 2360 1467 15482 2200
648 0 2 2363 97 899 145
649 0 11 2366 6155 32389 9232
650 0 2 2371 1 12 1
651 1 1 2374 9 73 13
652 0 5 2377 3 25 4
653 1 8 2381 10 31 15
654 0 7 2386 110 432 165
655 0 4 2391 5788 64841 8682
656 1 4 2395 19 161 28
657 1 6 2399 4 33 6
658 0 1 2403 1 9 1
659 1 3 2406 268 2612 402
660 0 3 2410 22760 269718 34140
661 1 6 2414 1 9 1
662 0 13 2418 42 151 63
663 1 2 2423 3 25 4
664 1 4 2426 32 279 48
665 0 11 2430 2 6 3
666 0 3 2435 7 56 10
667 0 1 2439 18663 219414 27994
668 1 1 2442 4 33 6
669 1 14 2445 1 3 1
670 0 2 2450 113 1055 169
671 1 1 2453 4577 50767 6865
672 1 10 2456 288 1223 432
673 1 1 2461 25595 304736 38392
674 0 3 2463 53 476 79
675 0 1 2467 1 9 1
676 0 5 2470 1 10 1
677 0 1 2474 30 261 45
678 1 11 2476 3 10 4
679 0 9 2481 1 4 1
680 1 4 2486 1 11 1
681 1 6 2490 1098 5151 1647
682 1 3 2494 5 40 7
683 1 6 2498 1 9 1
684 1 2 2502 89 821 133
685 0 10 2505 210998 1357291 316497
686 1 2 2510 990 10263 1485
687 0 1 2513 1 11 1
688 0 1 2516 1 9 1
689 0 17 2518 1 3 1
690 0 29 2523 2 6 3
691 0 1 2529 2 17 3
692 0 1 2532 4 33 6
693 0 3 2534 2504 27059 3756
694 1 4 2538 34 298 51
695 1 1 2542 1442 15206 2163
696 1 3 2544 54 485 81
697 0 1 2548 79 724 118
698 1 1 2550 64 580 96
699 0 2 2552 1 8 1
700 0 1 2555 1716 18237 2574
701 0 4 2558 259 2520 388
702 0 1 2562 18 152 27
703 1 3 2564 6 48 9
704 0 5 2568 1 9 1
705 1 11 2572 1 3 1
706 0 3 2577 1 8 1
707 1 1 2580 1 9 1
708 1 3 2583 55 494 82
709 1 6 2587 1 11 1
710 0 2 2591 1 9 1
711 1 4 2594 10 81 15
712 1 3 2598 17100 200331 25650
713 0 4 2602 585 5919 877
714 1 2 2606 12 98 18
715 1 12 2609 40 143 60
716 0 1 2614 1 10 1
717 0 2 2616 52 466 78
718 0 2 2619 2732 29635 4098
719 0 1 2622 3 25 4
720 1 16 2623 27 93 40
721 1 1 2628 1 8 1
722 1 1 2631 1 10 1
723 1 3 2633 11040 127051 16560
724 0 6 2637 1 3 1
725 0 1 2641 1 9 1
726 1 3 2643 1 9 1
727 0 1 2647 3687 40518 5530
728 0 2 2650 2143 23000 3214
729 1 20 2653 8 24 12
730 1 1 2658 64 580 96
731 0 4 2660 9 72 13
732 0 15 2664 1 4 1
733 0 2 2669 9 73 13
734 0 3 2672 1 9 1
735 0 3 2676 9 72 13
736 1 3 2680 3 25 4
737 0 2 2684 2 17 3
738 0 1 2687 77 705 115
739 0 1 2690 1 9 1
740 1 2 2693 179 1710 268
741 1 2 2696 137 1291 205
742 0 5 2699 10384 119201 15576
743 0 1 2703 2 17 3
744 1 1 2706 16136 188595 24204
745 0 2 2709 3 25 4
746 0 2 2712 6 48 9
747 0 3 2715 8 64 12
748 0 1 2719 28 242 42
749 1 3 2721 1 9 1
750 0 3 2724 2 17 3
751 0 1 2728 24 206 36
752 1 38 2730 1 6 1
753 0 1 2736 1 10 1
754 1 9 2739 10 31 15
755 0 1 2744 2 17 3
756 0 4 2746 110 1025 165
757 1 3 2750 292 2858 438
758 0 7 2754 2 6 3
759 0 1 2759 8348 94967 12522
760 0 1 2762 117 1094 175
761 1 1 2765 105 976 157
762 0 5 2767 1 10 1
763 0 1 2771 1 9 1
764 1 5 2773 1 10 1
765 1 5 2777 3 25 4
766 0 4 2781 1 9 1
767 1 5 2785 1 9 1
768 0 8 2789 1 4 1
769 1 8 2794 282 1196 423
770 0 3 2799 1 13 1
771 0 1 2803 2 17 3
772 0 4 2806 2 17 3
773 1 2 2810 1 10 1
774 1 1 2813 2 17 3
775 1 3 2816 4112 45401 6168
776 0 29 2820 31 108 46
777 0 1 2826 82 753 123
778 1 1 2828 1 9 1
779 1 10 2830 6 18 9
780 1 4 2835 12 99 18
781 0 1 2839 1 9 1
782 0 1 2841 1 9 1
783 0 1 2844 1 9 1
784 0 1 2847 1964 20998 2946
785 1 12 2850 557 2487 835
786 1 1 2855 10 81 15
787 1 4 2858 2 17 3
788 0 11 2862 2 6 3
789 0 1 2867 10 81 15
790 0 3 2868 4 33 6
791 0 4 2872 6 48 9
792 0 4 2876 2118 22720 3177
793 0 5 2880 2 17 3
794 0 1 2884 1 13 1
795 0 1 2886 4 33 6
796 1 1 2888 1539 16276 2308
797 0 1 2890 2 17 3
798 1 3 2893 1 11 1
799 0 3 2897 1 9 1
800 1 11 2901 16465 92009 24697
801 0 2 2906 1 9 1
802 1 4 2909 30 261 45
803 1 15 2913 1 5 1
804 1 3 2918 307 3012 460
805 1 10 2922 1 5 1
806 0 1 2927 15 125 22
807 0 3 2930 1676 17793 2514
808 1 10 2934 2 7 3
809 1 6 2939 158 639 237
810 0 1 2943 1 9 1
811 0 2 2946 2146 23033 3219
812 0 2 2949 2 17 3
813 1 5 2952 2 17 3
814 1 1 2956 620 6290 930
815 1 1 2957 394 3913 591
816 0 7 2960 2852 14281 4278
817 0 6 2965 632 6417 948
818 1 4 2969 1 9 1
819 0 2 2973 4 33 6
820 0 4 2976 3 25 4
821 0 7 2980 46651 276781 69976
822 1 4 2984 1 11 1
823 0 16 2988 1 6 1
824 0 2 2993 106 986 159
825 0 2 2996 62 561 93
826 0 2 2999 1 9 1
827 0 2 3002 160 1520 240
828 1 1 3005 1 9 1
829 1 14 3007 1 3 1
830 1 4 3012 1 9 1
831 0 3 3016 2 17 3
832 0 19 3020 1 3 1
833 1 2 3025 1 10 1
834 1 2 3028 1 10 1
835 1 2 3031 50 447 75
836 0 1 3034 1 10 1
837 1 5 3036 220 2123 330
838 0 5 3040 155 1470 232
839 0 2 3044 1 10 1
840 1 1 3047 2 17 3
841 1 1 3049 4 32 6
842 0 2 3051 1 9 1
843 1 3 3054 104 966 156
844 1 1 3058 34715 418324 52072
845 1 5 3060 368 3642 552
846 0 1 3064 1 9 1
847 1 7 3067 691 3135 1036
848 1 3 3071 1 12 1
849 0 2 3075 65 589 97
850 1 3 3078 1 9 1
851 1 13 3082 6 18 9
852 0 3 3087 56 504 84
853 1 52 3091 193 794 289
854 0 2 3097 32 279 48
855 1 2 3100 19260 226720 28890
856 0 2 3103 42 372 63
857 1 2 3106 256 2490 384
858 1 1 3109 1 9 1
859 1 1 3111 8 64 12
860 0 2 3112 1 9 1
861 0 7 3115 2 7 3
862 1 6 3120 1 9 1
863 1 2 3124 1 10 1
864 1 4 3127 131 1232 196
865 0 10 3131 4437 22868 6655
866 1 4 3136 1 8 1
867 1 2 3140 32 279 48
868 1 3 3143 1 9 1
869 1 10 3147 66 248 99
870 1 1 3152 1 9 1
871 0 4 3154 1 8 1
872 1 3 3158 1 9 1
873 1 2 3162 81 743 121
874 1 2 3165 1 11 1
875 1 4 3168 6 48 9
876 0 6 3172 1 10 1
877 1 6 3176 9 72 13
878 0 7 3180 29 100 43
879 0 8 3184 335 1439 502
880 0 3 3189 1 9 1
881 0 1 3193 7 56 10
882 1 2 3196 122 1143 183
883 0 1 3199 1 8 1
884 1 1 3202 12562 145335 18843
885 1 1 3205 1 9 1
886 1 1 3208 9437 107903 14155
887 1 6 3211 3 25 4
888 1 2 3215 2 17 3
889 1 2 3218 18 152 27
890 0 1 3221 1 8 1
891 1 3 3222 1 9 1
892 1 6 3226 3 25 4
893 0 6 3230 2 7 3
894 0 5 3234 1 11 1
895 1 18 3238 1 5 1
896 1 11 3243 217 901 325
897 0 1 3248 610 6184 915
898 0 43 3250 20 66 30
899 0 5 3256 979 10144 1468
900 0 6 3260 432 4309 648
901 1 7 3264 2 6 3
902 1 2 3268 1 10 1
903 1 5 3271 299 2930 448
904 1 13 3275 17 56 25
905 1 2 3280 1 10 1
906 1 11 3283 2 7 3
907 0 28 3288 6 18 9
908 0 2 3294 1843 19648 2764
909 1 2 3297 1 10 1
910 0 2 3300 61 551 91
911 1 1 3303 1 10 1
912 1 6 3305 1 10 1
913 1 2 3309 154 1461 231
914 0 1 3312 254 2469 381
915 1 3 3315 1 12 1
916 0 2 3319 5 40 7
917 1 9 3322 239 1000 358
918 0 3 3327 3 25 4
919 0 2 3331 5 41 7
920 1 5 3334 8 64 12
921 1 1 3338 135 1272 202
922 0 5 3340 1 13 1
923 0 8 3344 1183 5579 1774
924 1 4 3349 1 9 1
925 0 2 3353 145 1371 217
926 1 1 3356 32 279 48
927 0 3 3359 43 381 64
928 0 11 3363 12 38 18
929 0 8 3368 18 59 27
930 0 1 3373 92 850 138
931 1 3 3375 35 307 52
932 1 13 3379 13 41 19
933 0 3 3384 24116 286447 36174
934 1 11 3388 1 4 1
935 1 3 3393 81 743 121
936 1 7 3397 1 5 1
937 0 8 3401 4 12 6
938 1 2 3406 27917 333528 41875
939 0 7 3409 566 2531 849
940 1 1 3413 3 25 4
941 0 2 3416 161 1530 241
942 1 2 3419 310 3043 465
943 0 3 3422 1 10 1
944 0 2 3426 726 7420 1089
945 1 3 3429 349 3446 523
946 0 6 3433 37 325 55
947 1 1 3437 1 10 1
948 1 1 3439 1 9 1
949 0 5 3440 17 143 25
950 0 5 3444 1 12 1
951 0 32 3448 48366 287534 72549
952 1 2 3454 62722 773365 94083
953 1 8 3457 452 1987 678
954 1 35 3462 9 27 13
955 1 6 3468 943 9754 1414
956 0 8 3472 818 3757 1227
957 1 1 3477 403 4006 604
958 0 3 3480 1 9 1
959 0 3 3484 9 72 13
960 1 2 3488 1220 12768 1830
961 1 20 3491 1215 5740 1822
962 0 2 3496 1 9 1
963 0 1 3499 39 344 58
964 0 3 3502 1 8 1
965 1 2 3506 92 849 138
966 0 1 3509 1 10 1
967 1 1 3512 1720 18281 2580
968 1 5 3515 5 40 7
969 1 4 3519 22 188 33
970 0 8 3523 1 4 1
971 0 3 3528 1 11 1
972 1 6 3532 38 334 57
973 0 7 3536 1 4 1
974 0 5 3540 6149 69062 9223
975 0 2 3544 1 9 1
976 1 3 3547 11331 130540 16996
977 1 3 3551 3 25 4
978 0 3 3555 10 81 15
979 1 7 3559 1 3 1
980 1 3 3563 2 17 3
981 1 2 3567 1 9 1
982 0 2 3570 1 9 1
983 0 1 3573 1 10 1
984 1 1 3575 114 1065 171
985 0 1 3577 25 215 37
986 1 14 3580 1 4 1
987 1 3 3585 4593 50952 6889
988 0 1 3589 1 12 1
989 0 16 3592 1 5 1
990 1 2 3597 6 48 9
991 1 9 3600 2397 11865 3595
992 0 1 3605 2461 26574 3691
993 0 7 3607 619 2786 928
