0 0 6 5 1 9 1
1 1 5 22 1 9 1
2 0 2 39 34 298 51
3 1 1 52 913 9430 1369
4 1 25 63 749 3418 1123
5 0 2 85 103 957 154
6 1 1 98 789 8095 1183
7 0 2 109 34595 416821 51892
8 0 5 122 16312 190735 24468
9 0 1 139 889 9171 1333
10 1 2 147 185 1771 277
11 0 2 161 1 11 1
12 1 2 174 1 9 1
13 0 2 187 772 7912 1158
14 1 2 201 25 215 37
15 0 4 215 1280 13425 1920
16 0 13 231 23 78 34
17 0 1 251 1 10 1
18 1 4 262 7 56 10
19 0 1 278 1 10 1
20 1 2 289 1 11 1
21 0 1 303 1 10 1
22 1 2 314 1 9 1
23 1 7 328 2275 11222 3412
24 1 3 346 983 10187 1474
25 1 8 360 1 4 1
26 1 4 379 6 48 9
27 1 4 395 124 1163 186
28 1 4 411 5 41 7
29 1 2 427 1 9 1
30 0 2 439 1308 13732 1962
31 0 4 451 1 9 1
32 0 3 467 2 17 3
33 0 1 482 1 9 1
34 1 2 490 2766 30020 4149
35 0 1 502 1 9 1
36 0 3 509 227 2195 340
37 0 11 524 62 231 93
38 1 2 543 1 11 1
39 0 4 555 159 1510 238
40 1 5 571 74 676 111
41 0 10 588 379 1644 568
42 1 1 607 1 10 1
43 0 3 619 311 3053 466
44 1 1 634 66 599 99
45 0 2 645 2 17 3
46 0 4 657 3 25 4
47 0 2 673 5 40 7
48 0 2 687 1 9 1
49 1 1 699 27922 333590 41883
50 0 5 710 16 134 24
51 1 2 727 18 152 27
52 0 1 740 4 33 6
53 1 6 750 1 12 1
54 0 15 767 1 5 1
55 0 5 787 40410 489854 60615
56 0 3 803 1 9 1
57 0 2 818 1 10 1
58 1 1 831 22 188 33
59 1 1 842 1 9 1
60 1 3 852 310 3043 465
61 0 4 867 2 17 3
62 0 3 883 252217 3275869 378325
63 0 2 898 9 72 13
64 0 4 912 34 297 51
65 1 6 928 25 215 37
66 1 2 946 1 9 1
67 0 10 959 5 15 7
68 1 1 978 2846 30927 4269
69 0 4 988 36 316 54
70 1 2 1004 1328 13952 1992
71 0 3 1017 1 9 1
72 0 1 1031 1 9 1
73 1 1 1041 170 1620 255
74 0 14 1052 321987 2116314 482980
75 1 3 1072 1 9 1
76 1 1 1087 1 9 1
77 0 2 1098 1 10 1
78 0 2 1112 1 10 1
79 0 4 1124 21 179 31
80 0 5 1140 18 152 27
81 0 1 1157 1 10 1
82 0 21 1168 3 10 4
83 1 5 1189 1 14 1
84 1 2 1206 72 656 108
85 0 3 1220 29 251 43
86 0 6 1235 351 3466 526
87 0 19 1252 1 4 1
88 1 4 1273 5 41 7
89 0 6 1289 1 9 1
90 1 6 1306 1 12 1
91 0 2 1323 1 9 1
92 0 2 1337 2376 25616 3564
93 1 8 1351 1 4 1
94 1 3 1370 1 9 1
95 0 3 1384 169 1610 253
96 1 1 1399 7808 88577 11712
97 0 2 1409 1499 15834 2248
98 1 2 1421 55 494 82
99 1 41 1434 551 2459 826
100 0 2 1457 2 17 3
101 1 5 1470 1 9 1
102 1 3 1487 1 9 1
103 1 10 1502 1 6 1
104 1 4 1521 83 763 124
105 0 3 1537 1 9 1
106 0 2 1552 18484 217226 27726
107 0 4 1565 12 99 18
108 0 6 1581 6 48 9
109 1 2 1598 1877 20027 2815
110 0 2 1610 1958 20931 2937
111 1 2 1623 1 8 1
112 0 2 1636 10 81 15
113 0 1 1648 44 390 66
114 1 2 1656 13 107 19
115 1 1 1669 12 98 18
116 1 4 1680 15 125 22
117 1 9 1696 5 15 7
118 1 3 1715 164 1560 246
119 1 4 1730 134 1262 201
120 0 1 1746 24 206 36
121 1 6 1757 3 9 4
122 0 2 1775 1 10 1
123 1 3 1787 16 134 24
124 0 3 1801 44 390 66
125 1 1 1816 54318 666047 81477
126 1 1 1827 73 666 109
127 1 3 1838 4953 55122 7429
128 0 2 1853 1 9 1
129 1 1 1866 10 81 15
130 0 1 1873 14 116 21
131 1 1 1883 8 64 12
132 1 1 1894 41 363 61
133 1 5 1903 952 9851 1428
134 0 1 1920 33365 401430 50047
135 1 2 1931 1 9 1
136 1 1 1943 18 152 27
137 0 6 1953 32 279 48
138 0 7 1970 1 3 1
139 1 2 1988 15384 179458 23076
140 1 1 2002 1 10 1
141 0 1 2006 23 197 34
142 1 3 2017 1 9 1
143 1 2 2031 60 542 90
144 1 2 2044 142 1341 213
145 1 2 2058 1 10 1
146 1 12 2070 1 4 1
147 1 3 2090 1209 12648 1813
148 0 1 2104 122 1143 183
149 1 2 2109 149 1411 223
150 0 2 2123 55 494 82
151 0 1 2136 1 11 1
152 1 2 2147 1 9 1
153 0 3 2160 1 13 1
154 1 4 2175 29 252 43
155 0 372 2190 1 4 1
156 1 2 2218 1 9 1
157 0 1 2230 1183 12364 1774
158 0 3 2239 1 9 1
159 1 2 2254 861 8869 1291
160 0 7 2266 1 3 1
161 1 2 2284 2 17 3
162 1 7 2298 223 928 334
163 0 2 2316 1 9 1
164 0 2 2328 4 33 6
165 0 6 2341 1 8 1
166 0 4 2358 1 10 1
167 1 2 2374 1 10 1
168 1 1 2386 1 9 1
169 1 1 2398 111 1035 166
170 0 2 2409 8023 91119 12034
171 0 5 2423 30 261 45
172 0 21 2440 1782 8646 2673
173 0 6 2461 58 523 87
174 0 3 2478 1 10 1
175 0 3 2493 1 9 1
176 0 12 2508 1 3 1
177 0 6 2528 2 17 3
178 0 2 2545 6 48 9
179 1 9 2558 1 5 1
180 0 1 2577 2 17 3
181 1 1 2588 5 41 7
182 1 4 2594 2 17 3
183 1 1 2610 462 4623 693
184 1 23 2621 1 4 1
185 0 1 2643 550573 7354314 825859
186 0 1 2654 12 99 18
187 1 12 2665 130 517 195
188 0 4 2685 196 1881 294
189 0 2 2701 3198 34929 4797
190 0 8 2713 1 4 1
191 0 5 2732 239 2317 358
192 1 2 2749 321 3156 481
193 0 5 2761 1 9 1
194 1 4 2778 373 3694 559
195 1 16 2794 2 7 3
196 1 4 2815 1 8 1
197 1 4 2831 107 996 160
198 0 6 2847 5713 63966 8569
199 0 2 2865 1 11 1
200 1 2 2877 295 2889 442
201 0 2 2889 21 179 31
202 0 9 2903 1590 7654 2385
203 0 1 2922 2 17 3
204 0 1 2932 282431 3683412 423646
205 1 2 2943 1 10 1
206 0 1 2956 25572 304451 38358
207 1 1 2965 15 125 22
208 0 6 2975 25055 298054 37582
209 0 5 2992 88 811 132
210 0 9 3008 36 127 54
211 1 6 3027 44417 540413 66625
212 1 3 3044 12 99 18
213 0 5 3058 264 2571 396
214 0 17 3074 26 89 39
215 1 4 3095 1481 15636 2221
216 0 4 3110 2 17 3
217 0 1 3126 39 344 58
218 1 3 3136 2070 22183 3105
219 1 2 3151 366 3621 549
220 1 2 3165 1091 11360 1636
221 0 1 3179 10 81 15
222 1 2 3187 5 40 7
223 0 2 3200 1 10 1
224 1 5 3212 1 9 1
225 1 1 3229 1 13 1
226 1 1 3240 211 2032 316
227 0 4 3251 3 25 4
228 1 1 3267 309 3033 463
229 0 4 3277 1 11 1
230 1 5 3293 311 3053 466
231 0 1 3310 1 9 1
232 0 16 3320 3 9 4
233 1 1 3341 799 8202 1198
234 0 2 3350 34 297 51
235 0 4 3363 194 1861 291
236 0 1 3378 3486 38217 5229
237 0 8 3388 29 101 43
238 0 1 3407 2440 26338 3660
239 0 2 3417 1399 14732 2098
240 1 1 3430 1 10 1
241 0 4 3441 1 9 1
242 0 2 3456 1 8 1
243 1 3 3470 4 33 6
244 1 2 3485 1 9 1
245 0 3 3497 383 3798 574
246 1 2 3511 3 25 4
247 1 2 3524 21 179 31
248 0 3 3538 1 9 1
249 0 2 3552 16247 189945 24370
250 1 1 3565 2 17 3
251 0 7 3574 281399 1836989 422098
252 1 2 3592 7 56 10
253 0 1 3606 2104 22563 3156
