0 0 38 5 59 219 88
1 0 1 10 1 10 1
2 1 2 12 547 5517 820
3 1 6 16 39 344 58
4 1 1 20 803 8245 1204
5 1 2 23 3 25 4
6 0 1 27 30 261 45
7 0 3 30 1 9 1
8 1 2 34 1 9 1
9 1 8 38 7 21 10
10 1 17 42 1 4 1
11 0 3 47 50 447 75
12 1 7 51 134 535 201
13 1 2 55 5 40 7
14 0 67 59 867 3999 1300
15 1 1 64 724 7398 1086
16 1 1 67 1 9 1
17 0 8 70 15 48 22
18 0 1 74 213 2053 319
19 0 3 77 2 17 3
20 0 2 81 20 169 30
21 0 2 84 3 25 4
22 1 10 88 1 6 1
23 0 2 92 1 10 1
24 0 1 96 123 1153 184
25 0 4 99 94 869 141
26 1 7 103 262 1104 393
27 1 1 107 1282 13447 1923
28 0 1 110 1 10 1
29 1 7 113 6 18 9
30 1 3 117 3 25 4
31 1 3 121 1 9 1
32 1 2 125 1 9 1
33 1 1 128 19729 232465 29593
34 0 11 131 6 18 9
35 0 9 135 23 78 34
36 1 1 139 1 8 1
37 0 1 142 313 3074 469
38 0 1 145 26 224 39
39 1 19 148 270 1141 405
40 1 2 153 1 10 1
41 0 2 157 3 25 4
42 1 9 160 2 6 3
43 1 3 164 1 10 1
44 0 4 168 69 627 103
45 0 12 172 21 70 31
46 1 3 176 1 11 1
47 0 2 180 1 9 1
48 1 12 184 10 31 15
49 1 7 188 56 207 84
50 0 3 192 1 12 1
51 0 1 196 69 628 103
52 0 34 198 9 27 13
53 1 4 203 57136 701969 85704
54 1 1 207 1 10 1
55 1 1 210 11 90 16
56 1 4 213 1 9 1
57 0 1 217 768 7869 1152
58 0 2 220 71 647 106
59 1 1 224 1 10 1
60 0 8 227 2836 14196 4254
61 0 3 231 2 17 3
62 0 3 235 1 10 1
63 1 7 239 22 74 33
64 1 1 243 1 11 1
65 0 2 246 203 1952 304
66 1 4 249 5 40 7
67 0 4 253 4 32 6
68 0 2 257 7 56 10
69 0 1 261 1 9 1
70 0 1 264 1 11 1
71 1 6 267 14 116 21
72 1 1 271 1 8 1
73 1 1 274 1 11 1
74 1 4 277 24 206 36
75 1 3 281 55 494 82
76 1 3 285 118 1104 177
77 1 2 289 3 25 4
78 0 9 293 13 41 19
79 1 3 297 1220 12768 1830
80 1 4 301 17 143 25
81 0 1 305 2 17 3
82 1 2 308 71 647 106
83 1 6 312 1 10 1
84 0 4 316 1 9 1
85 0 1 320 6 48 9
86 0 8 322 1 3 1
87 1 18 326 2 6 3
88 0 1 331 2 17 3
89 0 3 334 658 6694 987
90 0 7 338 10 31 15
91 0 15 342 263 1109 394
92 0 8 346 3235 16334 4852
93 0 2 350 13 107 19
94 1 5 354 8 64 12
95 0 2 358 4124 45539 6186
96 0 6 362 1603 16984 2404
97 1 11 366 1 4 1
98 0 3 370 1 9 1
99 1 14 374 1 4 1
100 0 5 378 461 4612 691
101 1 3 382 104 967 156
102 1 8 386 44 159 66
103 0 41 390 1 3 1
104 0 1 395 488 4895 732
105 1 8 398 1 6 1
106 0 3 402 3 25 4
107 1 5 406 77 704 115
108 1 2 410 55 494 82
109 0 1 413 25 215 37
110 1 1 416 5 40 7
111 0 4 419 16 134 24
112 0 3 423 384 3808 576
113 0 1 427 5 40 7
114 1 1 430 1 9 1
115 0 6 432 2 17 3
116 1 2 436 104896 1318889 157344
117 0 11 439 15 48 22
118 1 2 443 1 12 1
119 1 6 447 1 9 1
120 0 16 451 140 561 210
121 0 3 456 20 170 30
122 0 9 460 163 661 244
123 0 5 464 15 125 22
124 0 4 468 822 8449 1233
125 1 1 472 7 56 10
126 0 3 475 26 224 39
127 1 1 479 17121 200587 25681
128 1 1 482 20 170 30
129 0 3 485 33 288 49
130 1 1 489 1 9 1
131 0 1 492 864 8901 1296
132 0 3 495 25 215 37
133 1 1 499 8021 91096 12031
134 0 2 502 397 3944 595
135 0 4 505 732 7484 1098
136 1 5 509 1731 18403 2596
137 1 5 513 6 48 9
138 1 1 517 75 685 112
139 0 2 520 3 25 4
140 1 1 523 1 9 1
141 0 7 526 1 4 1
142 0 2 530 183 1750 274
143 0 4 534 1 8 1
144 1 4 538 16 134 24
145 0 1 542 1 9 1
146 1 1 545 1 9 1
147 0 2 548 22 188 33
148 0 4 551 528 5316 792
149 0 1 555 654 6651 981
150 1 1 558 1 11 1
151 0 26 561 2 7 3
152 1 1 566 10174 116692 15261
153 1 3 569 28162 336572 42243
154 1 8 573 2 7 3
155 1 4 577 1 12 1
156 0 2 581 1 10 1
157 1 3 585 157 1490 235
158 1 4 589 1 9 1
159 1 3 593 4 33 6
160 0 1 597 55 494 82
161 1 2 600 1 9 1
162 1 1 604 30 261 45
163 1 2 607 30 261 45
164 1 1 611 22 188 33
165 0 3 614 1 9 1
166 0 1 618 15 125 22
167 0 13 621 13 41 19
168 0 3 625 1 9 1
169 1 2 629 3 25 4
170 1 1 632 1 9 1
171 1 1 635 1 12 1
172 0 4 638 4 33 6
173 1 1 642 695 7089 1042
174 0 3 645 31 270 46
175 0 2 649 4 33 6
176 1 1 652 14 116 21
177 1 1 655 1461 15415 2191
178 0 2 658 201 1932 301
179 1 2 661 688 7014 1032
180 0 1 664 9786 112062 14679
181 1 3 667 1 10 1
182 0 1 671 6 48 9
183 1 27 674 4 12 6
184 0 1 679 1 10 1
185 1 4 682 1 10 1
186 1 6 686 13 107 19
187 1 17 690 1 6 1
188 0 4 695 17 143 25
189 0 5 699 1 9 1
190 1 1 703 1 11 1
191 0 5 706 174 1660 261
192 0 1 710 177 1690 265
193 1 6 713 329 3239 493
194 0 2 717 20 170 30
195 1 10 721 1 4 1
196 1 10 725 12828 70624 19242
197 1 2 729 27 233 40
198 0 2 733 13 107 19
199 0 2 736 5594 62578 8391
200 0 5 739 12153 140412 18229
201 0 3 743 5 40 7
202 1 2 747 60362 743171 90543
203 0 2 751 1 8 1
204 0 3 755 1 9 1
205 0 4 759 878 9052 1317
206 0 5 763 1 9 1
207 0 2 767 1 10 1
208 1 12 771 1 5 1
209 1 4 775 2 17 3
210 0 1 779 98017 1229253 147025
211 0 7 782 3538 17969 5307
212 0 18 786 2 6 3
213 0 1 791 8 64 12
214 0 1 794 253 2459 379
215 0 1 797 1 12 1
216 1 2 800 1790 19059 2685
217 0 9 804 1 3 1
218 1 1 808 8264 93972 12396
219 1 1 811 1 9 1
220 1 10 814 1 4 1
221 1 4 818 57 513 85
222 0 23 822 1 3 1
223 0 1 827 1 9 1
224 1 3 830 462 4623 693
225 0 4 834 6 48 9
226 1 3 838 454 4539 681
227 1 1 842 12 99 18
228 1 1 845 1 11 1
229 0 4 848 1 9 1
230 0 3 852 2 17 3
231 1 1 856 25 215 37
232 1 2 859 51 457 76
233 1 2 863 1 10 1
234 0 2 866 1726 18347 2589
235 0 3 870 1 9 1
236 1 4 874 1 9 1
237 0 19 878 7228 38421 10842
238 0 4 883 1 9 1
239 0 4 887 2 17 3
240 0 3 891 1 10 1
241 1 4 895 1 10 1
242 0 14 899 64 239 96
243 1 5 903 7 56 10
244 0 2 907 1 9 1
245 1 9 911 5 15 7
246 0 4 915 47 419 70
247 0 2 919 1 10 1
248 0 2 923 404 4017 606
249 0 1 926 28 243 42
250 1 2 929 2 17 3
251 0 10 933 74541 453820 111811
252 1 2 937 2 17 3
253 1 3 940 1 11 1
254 1 3 944 463 4633 694
255 0 2 948 10 81 15
256 1 2 951 168 1600 252
257 0 1 955 1 10 1
258 1 2 957 1 11 1
259 1 3 960 1 10 1
260 1 1 964 2 17 3
261 0 1 967 14837 172823 22255
262 1 2 969 7379 83513 11068
263 1 3 973 1 13 1
264 1 1 977 1 10 1
265 1 9 980 5363 27977 8044
266 1 6 984 1 4 1
267 1 1 988 413 4110 619
268 1 4 991 13254 153677 19881
269 1 2 995 2 17 3
270 0 4 998 1 9 1
271 1 5 1002 5 40 7
272 0 4 1006 1 9 1
273 1 3 1010 1 10 1
274 0 2 1014 3 25 4
275 1 3 1018 1767 18803 2650
276 1 25 1022 242 1013 363
277 0 2 1027 180 1720 270
278 1 2 1031 1 8 1
279 0 4 1035 1 9 1
280 1 1 1039 1 10 1
281 1 4 1042 1 10 1
282 0 2 1046 2 17 3
283 0 3 1049 3 25 4
284 1 7 1053 1 4 1
285 1 2 1057 3 25 4
286 0 5 1060 1 9 1
287 0 6 1064 1 9 1
288 0 1 1068 1 9 1
289 1 3 1071 1 10 1
290 1 5 1075 39 344 58
291 0 40 1079 40 143 60
292 1 2 1084 1 9 1
293 0 21 1087 346 1490 519
294 1 1 1092 1 8 1
295 1 1 1095 479 4801 718
296 0 1 1098 71 647 106
297 1 2 1101 97 899 145
298 1 5 1105 932 9635 1398
299 1 3 1109 177 1690 265
300 1 9 1113 28 97 42
301 1 1 1117 24 206 36
302 0 2 1120 2 17 3
303 1 7 1124 68 256 102
304 1 2 1128 1 11 1
305 0 4 1131 2 17 3
306 0 3 1135 1 11 1
307 0 2 1139 3 25 4
308 0 8 1142 36 128 54
309 0 6 1146 395 3923 592
310 0 4 1150 10 81 15
311 0 4 1154 1 9 1
312 1 1 1158 15 125 22
313 1 3 1161 1583 16763 2374
314 1 9 1165 984 4580 1476
315 0 3 1169 1 11 1
316 0 22 1173 10 31 15
317 1 4 1178 620 6290 930
318 0 2 1182 14 116 21
319 1 6 1186 3 25 4
320 1 1 1190 1 11 1
321 1 2 1193 1 10 1
322 1 3 1197 15 125 22
323 0 2 1201 113 1055 169
324 1 3 1205 1 9 1
325 1 5 1209 7204 81451 10806
326 1 1 1213 70 637 105
327 0 3 1216 1 12 1
328 1 9 1220 1503 7207 2254
329 0 20 1224 55599 333100 83398
330 0 2 1229 1 11 1
331 1 5 1233 1 11 1
332 1 4 1237 1 9 1
333 0 4 1241 216 2083 324
334 0 3 1245 2 17 3
335 1 2 1249 18 152 27
336 1 5 1252 1 9 1
337 1 1 1256 1 10 1
338 1 43 1258 2 6 3
339 1 4 1263 1 9 1
340 1 3 1267 1 9 1
341 1 3 1271 41 363 61
342 1 4 1275 37 326 55
343 1 2 1279 5 40 7
344 0 5 1283 1 9 1
345 0 2 1287 3 25 4
346 1 2 1290 165 1570 247
347 1 3 1293 1 10 1
348 1 11 1297 41 147 61
349 1 3 1301 1 11 1
350 1 5 1305 1 9 1
351 0 5 1309 79757 992472 119635
352 1 3 1313 368 3642 552
353 1 1 1317 1053 10947 1579
354 1 2 1320 8 64 12
355 0 2 1323 35 307 52
356 1 5 1326 245 2378 367
357 1 7 1330 1 4 1
358 1 4 1334 1 9 1
359 0 4 1338 85 782 127
360 1 11 1342 34882 203597 52323
361 1 5 1346 2 17 3
362 0 6 1350 1 4 1
363 1 3 1354 1 11 1
364 1 6 1358 3 25 4
365 1 7 1362 1 4 1
366 0 4 1366 94 869 141
367 1 5 1370 101 937 151
368 1 1 1374 22 188 33
369 0 1 1377 1 10 1
370 0 5 1380 9 72 13
371 1 1 1384 22 188 33
372 0 4 1387 2 17 3
373 1 1 1391 30 261 45
374 0 1 1394 1584 16774 2376
375 0 1 1397 4 33 6
376 0 2 1400 1 10 1
377 0 2 1403 1 10 1
378 0 1 1407 36 316 54
379 1 1 1410 19 161 28
380 1 5 1413 1 12 1
381 1 1 1417 1 10 1
382 0 5 1420 14 116 21
383 1 3 1424 1 10 1
384 1 5 1428 1 9 1
385 1 3 1432 1 8 1
386 0 1 1436 60 542 90
387 0 1 1439 3 25 4
388 1 2 1440 1 12 1
389 0 1 1444 1 9 1
390 0 2 1447 60 542 90
391 1 12 1451 1 3 1
392 0 2 1455 34 298 51
393 0 1 1459 1 11 1
394 1 2 1462 1 10 1
395 0 4 1466 14609 170060 21913
396 1 3 1470 69 628 103
397 1 1 1474 2 17 3
398 1 2 1477 3 25 4
399 1 11 1480 5824 30541 8736
400 0 4 1484 17 143 25
401 1 3 1488 31 270 46
402 0 2 1492 1 8 1
403 1 1 1496 201 1931 301
404 1 4 1499 171 1630 256
405 0 2 1503 12 99 18
406 1 3 1507 19025 223843 28537
407 0 4 1511 2 17 3
408 0 10 1515 2135 10486 3202
409 1 17 1519 1 4 1
410 0 47 1524 1782 8645 2673
411 0 12 1529 302 1287 453
412 0 2 1533 2 17 3
413 1 2 1537 2 17 3
414 1 4 1541 5259 58677 7888
415 0 4 1545 5 41 7
416 0 5 1549 17 143 25
417 1 2 1553 8 64 12
418 0 17 1556 2 7 3
419 1 1 1561 1262 13228 1893
420 1 11 1564 1 4 1
421 1 2 1568 1001 10382 1501
422 0 5 1571 1 10 1
423 0 5 1575 7 56 10
424 0 4 1579 12 98 18
425 1 9 1583 19 63 28
426 1 8 1587 5 15 7
427 0 2 1591 1065 11078 1597
428 1 1 1595 99 918 148
429 1 3 1598 66 599 99
430 1 11 1602 3 10 4
431 1 4 1606 5 40 7
432 1 2 1610 1 9 1
433 0 5 1614 2 17 3
434 0 3 1618 12 99 18
435 1 4 1622 1 9 1
436 1 3 1626 45 400 67
437 0 2 1630 26 224 39
438 1 2 1634 39 344 58
439 1 2 1638 7 56 10
440 0 3 1641 74 675 111
441 1 1 1645 18846 221653 28269
442 0 2 1647 10 81 15
443 1 1 1650 1 10 1
444 0 2 1653 7 56 10
445 0 5 1657 1 10 1
446 1 6 1661 1465 15459 2197
447 0 1 1665 1 10 1
448 0 2 1668 12 99 18
449 1 3 1672 32 279 48
450 0 3 1676 3550 38949 5325
451 1 4 1680 289 2827 433
452 0 1 1684 1 9 1
453 0 8 1687 53 195 79
454 1 1 1691 113 1055 169
455 1 13 1694 3 10 4
456 1 3 1698 16 134 24
457 1 7 1702 2 6 3
458 0 1 1706 1 13 1
459 1 1 1709 1 12 1
460 1 2 1712 65 589 97
461 0 6 1716 777 3556 1165
462 1 2 1720 344 3394 516
463 0 1 1724 1 13 1
464 1 8 1726 2 6 3
465 1 1 1730 1 10 1
466 1 1 1733 27 233 40
467 0 5 1735 1236 12943 1854
468 1 1 1739 3 25 4
469 0 3 1742 15 125 22
470 0 4 1746 8 64 12
471 1 5 1750 184 1761 276
472 0 1 1754 45592 555272 68388
473 0 2 1757 1 10 1
474 0 13 1760 1 4 1
475 1 1 1764 1515 16011 2272
476 0 3 1767 1 12 1
477 0 3 1771 1 9 1
478 0 3 1775 1 9 1
479 1 6 1779 1 4 1
480 1 8 1783 31 108 46
481 1 5 1787 1 11 1
482 0 1 1791 33572 404019 50358
483 0 1 1793 3127 34120 4690
484 0 1 1796 1 9 1
485 0 5 1799 353 3487 529
486 0 4 1803 1 10 1
487 1 3 1807 152 1440 228
488 1 1 1811 8 64 12
489 1 6 1814 1 5 1
490 0 2 1818 2161 23202 3241
491 0 5 1822 3 25 4
492 0 3 1826 216 2083 324
493 0 2 1830 405952 5364016 608928
494 1 1 1834 24 206 36
495 0 6 1837 1 11 1
496 1 3 1841 2 17 3
497 1 2 1845 147 1391 220
498 1 2 1848 217 2093 325
499 0 1 1851 13 107 19
500 1 14 1854 97418 601734 146127
501 0 7 1858 140 561 210
502 0 5 1862 1 9 1
503 0 1 1866 4 33 6
504 1 1 1869 1 9 1
505 1 2 1872 1 9 1
506 1 2 1876 28 242 42
507 1 3 1879 191 1831 286
508 1 2 1883 34 298 51
509 0 4 1886 12671 146647 19006
510 1 2 1890 1 9 1
511 0 2 1893 1 9 1
512 1 9 1897 1 5 1
513 0 6 1901 1 9 1
514 1 1 1905 15 125 22
515 1 3 1908 5434 60714 8151
516 1 1 1912 158 1500 237
517 0 2 1914 6257 70326 9385
518 0 4 1918 426 4246 639
519 1 1 1922 1 10 1
520 1 4 1925 1 9 1
521 1 2 1929 1 9 1
522 1 7 1932 3 10 4
523 1 3 1936 4 33 6
524 1 2 1940 1 11 1
525 1 1 1943 780 7998 1170
526 0 3 1946 683 6961 1024
527 1 1 1950 1 11 1
528 1 1 1953 2 17 3
529 0 1 1956 1 9 1
530 0 19 1959 1 3 1
531 0 4 1964 14 116 21
532 0 9 1968 1445 6910 2167
533 1 4 1972 1 10 1
534 1 2 1976 112 1045 168
535 1 13 1980 1 4 1
536 0 1 1984 318 3125 477
537 0 1 1987 429 4277 643
538 1 1 1990 2 17 3
539 0 3 1993 18 152 27
540 0 2 1997 271 2643 406
541 1 2 2001 5 41 7
542 0 3 2005 7 56 10
543 0 9 2009 1 3 1
544 0 3 2013 2 17 3
545 0 9 2017 1 5 1
546 0 2 2021 5 40 7
547 0 4 2025 1 12 1
548 1 2 2029 1244627 17105370 1866940
549 1 1 2033 1 9 1
550 1 2 2036 1 8 1
551 0 2 2039 17 143 25
552 0 7 2043 6 18 9
553 1 2 2047 178 1700 267
554 1 1 2050 1 9 1
555 1 1 2053 251 2439 376
556 1 1 2056 1 8 1
557 1 9 2058 112 440 168
558 0 1 2062 702 7163 1053
559 0 4 2065 48 428 72
560 1 1 2069 24 206 36
561 1 10 2072 27 93 40
562 0 3 2076 2581 27928 3871
563 1 3 2080 663 6747 994
564 1 2 2084 52 466 78
565 0 1 2088 222 2144 333
566 0 3 2091 88 811 132
567 1 3 2095 42 372 63
568 0 4 2099 714 7291 1071
569 0 8 2103 23 78 34
570 1 1 2107 280 2735 420
571 1 14 2110 119 470 178
572 0 2 2114 29 251 43
573 0 1 2118 7 56 10
574 0 9 2121 7804 41680 11706
575 0 1 2125 3 25 4
576 1 3 2128 1 10 1
577 1 1 2132 1 12 1
578 0 2 2135 41 363 61
579 0 3 2139 817465 11072173 1226197
580 0 4 2143 13302 154256 19953
581 0 2 2147 12 99 18
582 0 4 2150 5 41 7
583 0 3 2154 5234 58386 7851
584 1 1 2158 2 17 3
585 1 7 2161 5 15 7
586 0 4 2165 433 4319 649
587 1 5 2169 6 48 9
588 1 3 2173 1 11 1
589 1 5 2177 1414 14898 2121
590 1 2 2181 8 64 12
591 1 2 2185 1 11 1
592 1 5 2189 17225 201855 25837
593 1 2 2193 20 170 30
594 1 5 2196 1 9 1
595 1 2 2200 48 428 72
596 0 3 2204 1 9 1
597 1 5 2208 2885 31370 4327
598 0 1 2212 7 56 10
599 1 3 2215 487 4885 730
600 0 3 2219 6 48 9
601 1 2 2223 1 9 1
602 1 2 2227 1 9 1
603 0 1 2230 1 9 1
604 1 2 2233 1 9 1
605 0 5 2237 1 11 1
606 0 4 2241 254 2469 381
607 0 1 2245 73 666 109
608 1 1 2248 45759 557385 68638
609 1 2 2251 6 48 9
610 0 2 2255 1 10 1
611 0 3 2259 1 11 1
612 0 14 2263 2 6 3
613 0 4 2267 1 9 1
614 1 6 2271 8 64 12
615 1 6 2275 7 56 10
616 0 2 2279 40 353 60
617 1 1 2283 1 9 1
618 0 3 2286 3 25 4
619 1 2 2290 5676 63534 8514
620 0 5 2293 1 11 1
621 0 7 2297 4 12 6
622 0 5 2301 45 400 67
623 1 3 2305 39 344 58
624 1 1 2309 190 1821 285
625 0 2 2312 1 9 1
626 0 3 2315 1 9 1
627 1 2 2319 1 11 1
628 0 2 2322 61882 762614 92823
629 0 2 2326 1188 12418 1782
630 0 13 2329 1 4 1
631 1 1 2333 2 17 3
632 0 8 2336 1 4 1
633 1 1 2340 1 12 1
634 0 2 2343 287 2807 430
635 1 5 2346 1 11 1
636 1 6 2350 2856 31041 4284
637 0 7 2354 1 4 1
638 0 14 2358 4 12 6
639 1 5 2362 45 400 67
640 1 4 2366 55 494 82
641 1 2 2370 122 1143 183
642 1 2 2374 98 908 147
643 1 4 2378 6 48 9
644 0 4 2382 41663 505644 62494
645 0 9 2386 1 4 1
646 1 12 2390 5165 26880 7747
647 0 2 2394 54638 670123 81957
648 0 2 2398 1972 21087 2958
649 0 4 2402 1 10 1
650 0 1 2406 5 40 7
651 1 6 2409 202 1942 303
652 1 2 2413 4 33 6
653 0 1 2416 8957 102194 13435
654 1 1 2418 24 206 36
655 0 1 2421 1 11 1
656 0 2 2424 1988 21266 2982
657 1 2 2427 47 419 70
658 0 11 2430 53 195 79
659 1 2 2434 3 25 4
660 1 1 2437 1 10 1
661 1 3 2440 5 40 7
662 0 3 2444 592 5993 888
663 0 15 2448 271 1145 406
664 0 3 2452 1 9 1
665 1 6 2456 31 270 46
666 0 3 2460 1336 14040 2004
667 0 4 2464 138 1302 207
668 0 2 2468 546 5506 819
669 1 3 2472 2947 32073 4420
670 1 5 2476 289 2827 433
671 1 14 2480 1 5 1
672 0 12 2484 53 195 79
673 0 2 2488 1214 12703 1821
674 1 33 2491 1 4 1
675 1 1 2496 3 25 4
676 0 3 2498 164 1560 246
677 1 1 2502 1 10 1
678 0 1 2505 35 307 52
679 1 1 2508 192 1841 288
680 1 1 2511 1 9 1
681 0 12 2514 1 3 1
682 0 1 2518 1 9 1
683 0 10 2521 3 9 4
684 0 34 2525 113 444 169
685 0 5 2530 2255 24256 3382
686 1 34 2534 269 1136 403
687 0 1 2539 15696 183247 23544
688 0 5 2542 11805 136229 17707
689 0 1 2546 6 48 9
690 1 5 2549 27 233 40
691 0 1 2553 1 10 1
692 1 1 2556 1 9 1
693 1 1 2559 1 9 1
694 0 1 2562 3 25 4
695 0 2 2565 45 400 67
696 0 1 2569 5 40 7
697 0 1 2572 1 10 1
698 0 1 2575 113 1055 169
699 1 1 2578 2 17 3
700 0 1 2581 71 647 106
701 0 1 2584 1 9 1
702 0 2 2587 1 9 1
703 1 2 2591 197 1891 295
704 0 2 2595 1950 20841 2925
705 0 1 2598 3 25 4
706 1 1 2601 3 25 4
707 0 2 2604 36353 438855 54529
708 1 1 2607 45 400 67
709 0 2 2610 9 73 13
710 1 1 2614 13 107 19
711 0 2 2617 87 801 130
712 0 1 2620 8662 98691 12993
713 0 10 2623 50 183 75
714 0 1 2627 169 1610 253
715 0 3 2629 1 9 1
716 0 2 2633 1 10 1
717 0 3 2636 870 8966 1305
718 0 3 2640 3 25 4
719 0 3 2644 758 7762 1137
720 0 3 2648 1 11 1
721 0 2 2652 79 724 118
722 0 10 2656 28 97 42
723 0 1 2660 242 2347 363
724 0 2 2663 1 9 1
725 0 3 2666 59 532 88
726 0 3 2670 20 170 30
727 0 1 2674 22 188 33
728 0 19 2677 2 7 3
729 1 4 2682 1 12 1
730 0 1 2686 46 409 69
731 0 3 2689 10 81 15
732 0 17 2693 1 5 1
733 1 8 2698 2 6 3
734 0 4 2702 253 2459 379
735 0 2 2706 129 1212 193
736 1 3 2710 43 381 64
737 1 5 2714 6384 71814 9576
738 1 12 2718 2 6 3
739 0 1 2722 1 9 1
740 0 2 2725 18 152 27
741 0 3 2728 14 116 21
742 1 7 2732 1 3 1
743 0 1 2736 11 90 16
744 0 4 2739 1 9 1
745 1 2 2743 8 64 12
746 1 3 2746 846 8708 1269
747 1 1 2750 1 12 1
748 1 3 2753 1 10 1
749 1 11 2757 1585 7628 2377
750 1 4 2761 2 17 3
751 0 7 2765 338 1453 507
752 1 3 2769 67 609 100
753 0 4 2773 1 12 1
754 1 1 2777 2 17 3
755 0 2 2780 1 9 1
756 1 2 2783 16 134 24
757 1 3 2787 1 10 1
758 1 10 2791 2 7 3
759 0 1 2795 1 10 1
760 0 4 2798 1279 13414 1918
761 0 4 2802 3 25 4
762 1 21 2806 1 3 1
763 1 1 2811 1 10 1
764 0 4 2814 313 3074 469
765 1 9 2818 1 4 1
766 0 1 2822 1 10 1
767 0 2 2824 323 3177 484
768 0 2 2828 3 25 4
769 1 8 2831 5678 29727 8517
770 0 21 2835 1 3 1
771 0 5 2840 535 5390 802
772 1 20 2844 8 24 12
773 0 14 2849 725 3301 1087
774 1 3 2853 55 495 82
775 0 2 2857 4 32 6
776 1 5 2860 1 10 1
777 0 3 2864 2 17 3
778 1 28 2868 14705 81623 22057
779 0 2 2873 334 3290 501
780 1 1 2876 438 4371 657
781 0 1 2879 1 9 1
782 0 1 2882 1 9 1
783 1 5 2885 93 859 139
784 1 1 2889 1 9 1
785 0 1 2892 1 9 1
786 1 4 2895 1 10 1
787 0 4 2899 1 10 1
788 1 2 2903 11 90 16
789 1 2 2907 167 1590 250
790 0 8 2911 1 4 1
791 0 4 2915 1 9 1
792 1 3 2919 5 40 7
793 1 4 2923 5 40 7
794 1 5 2927 1 8 1
795 1 64 2931 1 4 1
796 1 2 2936 479 4801 718
797 0 4 2940 6 48 9
798 0 2 2944 3 25 4
799 1 4 2947 6 48 9
800 0 4 2951 2 17 3
801 0 1 2955 1 9 1
802 0 5 2958 1 9 1
803 0 28 2962 1046306 7285312 1569459
804 1 2 2967 116 1084 174
805 1 1 2970 11 90 16
806 1 1 2973 2 17 3
807 1 3 2976 133 1252 199
808 0 2 2980 6 48 9
809 1 3 2984 4 33 6
810 1 2 2988 14 116 21
811 0 2 2992 85 782 127
812 1 2 2996 6 48 9
813 0 4 3000 342 3373 513
814 0 24 3004 1 5 1
815 0 1 3009 1716 18236 2574
816 0 3 3011 3 25 4
817 1 1 3015 1 9 1
818 0 3 3018 1 9 1
819 1 2 3022 12951 150022 19426
820 0 3 3025 2052 21981 3078
821 0 5 3029 14 116 21
822 0 1 3033 5 40 7
823 0 13 3036 56 207 84
824 1 1 3040 108 1006 162
825 1 2 3043 194 1861 291
826 1 45 3047 205 847 307
827 0 2 3052 4 33 6
828 0 1 3055 639 6492 958
829 1 5 3058 219 2113 328
830 0 8 3062 1 3 1
831 1 3 3066 3566 39132 5349
832 0 2 3070 1 11 1
833 0 2 3073 1 10 1
834 1 2 3076 237 2296 355
835 1 23 3079 31 108 46
836 0 8 3084 44006 260238 66009
837 0 2 3088 2 17 3
838 1 2 3092 1 11 1
839 0 2 3095 1 9 1
840 0 2 3099 13 107 19
841 1 2 3103 1 9 1
842 1 2 3107 1 13 1
843 0 4 3111 1 10 1
844 0 2 3115 4 33 6
845 0 1 3119 7 56 10
846 0 8 3122 19 63 28
847 1 3 3126 5 40 7
848 0 62 3130 31 108 46
849 1 1 3135 5 41 7
850 0 2 3138 1 8 1
851 0 6 3142 9 73 13
852 0 6 3146 11 90 16
853 0 11 3150 1151 5417 1726
854 1 2 3154 105 977 157
855 0 1 3158 343 3383 514
856 1 7 3161 1 4 1
857 0 6 3165 2 17 3
858 0 11 3169 1 4 1
859 1 4 3173 1 9 1
860 0 2 3177 1 10 1
861 0 2 3181 51 457 76
862 0 2 3184 146 1381 219
863 1 2 3188 53 475 79
864 1 9 3192 1 4 1
865 1 25 3196 2696 13450 4044
866 0 2 3201 1 9 1
867 1 3 3204 1 10 1
868 1 2 3208 2 17 3
869 0 6 3212 3 25 4
870 0 6 3216 2 17 3
871 1 6 3220 133 1252 199
872 0 2 3224 1 9 1
873 0 17 3227 368 1593 552
874 1 5 3232 1 10 1
875 1 1 3236 2 17 3
876 1 1 3239 4 33 6
877 0 9 3242 6 18 9
878 1 1 3246 60 542 90
879 1 24 3249 181 741 271
880 1 3 3254 3 25 4
881 1 8 3258 1 6 1
882 1 1 3262 1 9 1
883 1 5 3265 1 9 1
884 1 1 3269 1 10 1
885 1 6 3272 1 10 1
886 1 5 3276 1 10 1
887 1 2 3280 290 2838 435
888 1 1 3283 930 9614 1395
889 1 3 3286 2 17 3
890 0 3 3290 25 215 37
891 0 2 3294 784 8041 1176
892 0 1 3298 854 8794 1281
893 1 2 3301 2 17 3
894 1 2 3305 1392 14655 2088
895 1 1 3309 23 197 34
896 1 2 3312 125 1173 187
897 0 2 3315 1 10 1
898 0 1 3319 8 64 12
899 1 5 3322 4 33 6
900 0 4 3326 1567 16586 2350
901 0 2 3330 802 8234 1203
902 0 3 3334 1 9 1
903 1 1 3338 1 9 1
904 1 1 3341 501 5032 751
905 0 9 3344 1 3 1
906 0 5 3348 1 10 1
907 0 2 3352 14 116 21
908 1 1 3356 1 10 1
909 1 1 3359 8 64 12
910 0 2 3362 1 11 1
911 0 1 3366 36 316 54
912 0 7 3369 12 38 18
913 1 2 3373 1 9 1
914 0 1 3376 5 40 7
915 1 1 3379 1 10 1
916 1 12 3382 118 466 177
917 1 9 3386 8936 48127 13404
918 1 3 3390 8405 95643 12607
919 0 4 3394 1 12 1
920 1 1 3398 1 10 1
921 0 2 3401 64 580 96
922 0 1 3405 1 9 1
923 1 1 3408 17 143 25
924 1 5 3410 1 9 1
925 0 3 3414 2852 30995 4278
926 1 1 3418 48936 597638 73404
927 1 2 3421 4 32 6
928 0 2 3424 1 9 1
929 0 2 3428 270 2633 405
930 1 5 3431 48358 590307 72537
931 1 9 3435 10660 58035 15990
932 1 1 3439 1 8 1
933 0 1 3442 92 850 138
934 0 13 3445 5 15 7
935 1 2 3449 2497 26980 3745
936 1 16 3453 1 4 1
937 1 3 3458 1 9 1
938 0 3 3462 1 9 1
939 1 3 3466 1315 13809 1972
940 0 4 3470 1 9 1
941 1 2 3474 448 4476 672
942 0 4 3478 1 9 1
943 0 1 3482 7528 85271 11292
944 1 3 3485 1 12 1
945 0 4 3489 1 10 1
946 1 5 3493 152 1440 228
947 0 9 3497 1110 5211 1665
948 0 2 3501 13 107 19
949 0 8 3505 1 3 1
950 1 4 3509 117 1094 175
951 0 6 3513 1 4 1
952 0 1 3517 670 6822 1005
953 0 3 3520 396 3933 594
954 0 17 3524 2 7 3
955 0 1 3529 903 9322 1354
956 1 4 3531 56573 694786 84859
957 0 6 3535 7 56 10
958 0 2 3539 2 17 3
959 0 5 3543 2 17 3
960 0 5 3547 7 56 10
961 0 2 3551 102 947 153
962 0 3 3555 758 7762 1137
963 0 2 3559 1 11 1
964 1 4 3562 91 840 136
965 1 1 3566 417 4152 625
966 1 3 3569 1 10 1
967 0 1 3573 11 90 16
968 1 1 3576 1 9 1
969 1 4 3579 21 179 31
970 0 6 3583 2319 11453 3478
971 1 3 3587 39 344 58
972 0 2 3591 2 17 3
973 0 2 3595 10 81 15
974 0 2 3599 26 224 39
975 1 5 3602 1461 15415 2191
976 1 6 3606 1 4 1
