0 0 13 5 31 108 46
1 0 1 9 16 134 24
2 1 1 12 1 9 1
3 1 2 15 1 9 1
4 1 6 18 690 7035 1035
5 1 5 22 63 570 94
6 1 1 26 3 25 4
7 0 2 29 897 9257 1345
8 0 3 33 6666 75123 9999
9 1 1 37 1 11 1
10 0 2 40 1 12 1
11 0 3 44 25 215 37
12 1 4 48 50 447 75
13 0 3 52 11 90 16
14 1 48 56 2 7 3
15 0 1 61 2 17 3
16 0 1 64 26 224 39
17 0 2 67 1 11 1
18 1 9 71 1 5 1
19 1 6 75 1011 10491 1516
20 1 1 79 4 33 6
21 1 1 82 35 307 52
22 0 1 84 113 1055 169
23 1 10 87 1 6 1
24 0 3 91 1 9 1
25 1 5 95 299 2930 448
26 1 4 99 1 9 1
27 1 2 103 411 4089 616
28 0 1 107 63 570 94
29 0 1 110 1 9 1
30 1 4 113 3 25 4
31 0 1 117 128 1203 192
32 1 3 120 2904 31585 4356
33 1 4 124 183 1750 274
34 1 5 128 1297 13612 1945
35 0 1 132 16 134 24
36 0 5 135 13 107 19
37 1 2 139 1 9 1
38 0 2 142 1 9 1
39 0 7 145 71 268 106
40 1 4 149 111625 1406778 167437
41 1 1 153 2 17 3
42 1 1 156 38 335 57
43 1 1 159 288325 3763098 432487
44 1 2 162 3 25 4
45 1 2 165 1 12 1
46 0 1 169 32 279 48
47 1 2 172 1 9 1
48 1 2 176 1 12 1
49 0 14 180 1 5 1
50 0 6 184 53 475 79
51 1 1 188 399 3964 598
52 0 2 191 1238 12966 1857
53 0 3 195 11 90 16
54 1 3 199 12 99 18
55 1 2 203 1 11 1
56 1 3 207 17 143 25
57 1 4 211 403 4006 604
58 1 2 215 1 11 1
59 0 9 219 171 696 256
60 0 1 223 56 504 84
61 0 1 226 1 9 1
62 1 3 229 81 743 121
63 0 3 233 463 4633 694
64 1 2 237 3 25 4
65 1 1 241 1 9 1
66 0 1 244 29 252 43
67 1 3 247 34 298 51
68 0 5 251 2 17 3
69 1 29 255 1395 6655 2092
70 1 9 260 1 3 1
71 0 1 264 4 33 6
72 0 1 267 1 11 1
73 0 11 270 137 548 205
74 1 3 274 1 10 1
75 0 5 278 1 11 1
76 1 12 282 6 18 9
77 0 1 286 16 134 24
78 0 40 289 1 4 1
79 0 5 294 11 90 16
80 0 2 298 1 8 1
81 1 1 302 11648 134344 17472
82 1 5 305 1 8 1
83 0 2 309 4 33 6
84 1 1 313 741 7580 1111
85 1 7 316 123 487 184
86 1 2 320 2584 27962 3876
87 1 1 324 400 3975 600
88 1 5 327 30 260 45
89 0 10 331 16 52 24
90 1 1 335 19 161 28
91 0 1 338 1 10 1
92 1 4 341 351 3466 526
93 0 1 345 1 10 1
94 1 12 348 2 7 3
95 1 4 352 1 9 1
96 1 4 356 344 3394 516
97 0 2 360 1 10 1
98 0 4 364 1 9 1
99 1 4 368 39 344 58
100 0 3 372 1 9 1
101 0 1 376 505 5074 757
102 1 9 378 1 3 1
103 0 3 382 14 116 21
104 1 3 386 9 72 13
105 1 2 390 18394 216125 27591
106 0 13 393 1 4 1
107 0 4 397 6 48 9
108 1 1 401 2 17 3
109 1 2 404 1 9 1
110 1 11 408 8 24 12
111 0 1 412 19 161 28
112 0 2 415 1 10 1
113 0 2 418 2 17 3
114 0 1 422 64 580 96
115 0 8 425 4 12 6
116 1 1 429 1 11 1
117 1 2 432 1 9 1
118 0 2 435 1 8 1
119 0 6 439 1 9 1
120 1 2 443 16 134 24
121 0 5 447 6 48 9
122 1 5 451 3 25 4
123 1 8 455 31 108 46
124 0 2 459 165 1570 247
125 1 5 463 105 976 157
126 0 1 467 1 11 1
127 1 6 470 470 4706 705
128 1 8 474 1 3 1
129 0 2 478 5 41 7
130 1 5 481 1 10 1
131 1 2 485 63 570 94
132 1 12 488 181 740 271
133 1 2 492 40 353 60
134 1 44 496 16 52 24
135 0 10 501 13210 72856 19815
136 0 3 505 1 10 1
137 1 2 509 262 2551 393
138 0 1 512 864 8901 1296
139 1 6 515 3 25 4
140 0 11 519 2 7 3
141 0 3 523 564 5697 846
142 1 4 527 4 33 6
143 0 9 531 1 4 1
144 1 3 535 72 657 108
145 0 1 539 18 152 27
146 0 7 541 1 3 1
147 1 3 545 129 1212 193
148 1 1 549 22 188 33
149 0 4 552 6 48 9
150 0 4 556 1 10 1
151 1 3 560 1 10 1
152 0 5 564 1 9 1
153 1 8 568 29 101 43
154 1 5 572 1 9 1
155 1 1 576 92 850 138
156 0 1 579 1 9 1
157 0 4 581 88 811 132
158 0 1 585 1 9 1
159 1 6 587 46695 277057 70042
160 1 17 591 1 4 1
161 0 1 596 262 2551 393
162 1 5 598 1 11 1
163 1 1 602 4 33 6
164 0 1 605 48 428 72
165 0 2 608 1 9 1
166 1 4 611 1 9 1
167 0 2 615 1 10 1
168 1 15 619 249975 1622050 374962
169 1 4 623 33 288 49
170 0 1 627 8 64 12
171 1 1 630 267 2602 400
172 1 1 632 11 90 16
173 0 1 634 2 17 3
174 1 6 637 1144 11938 1716
175 1 2 641 2 17 3
176 0 20 645 9 27 13
177 1 2 650 68 618 102
178 0 1 654 1 9 1
179 1 2 657 21 179 31
180 1 3 660 1 10 1
181 1 2 664 1 9 1
182 1 5 667 18791 220980 28186
183 1 2 671 63329 781138 94993
184 0 1 675 502 5043 753
185 0 3 678 1 9 1
186 1 4 682 2414 26045 3621
187 0 1 686 1610 17061 2415
188 0 3 689 87 801 130
189 0 11 693 1 3 1
190 0 17 697 1 5 1
191 0 2 702 47401 578177 71101
192 0 1 705 10 81 15
193 0 2 708 1 9 1
194 1 6 712 7 56 10
195 0 1 716 890 9182 1335
196 0 1 719 3 25 4
197 0 3 721 2 17 3
198 0 5 725 6 48 9
199 1 4 729 1 10 1
200 0 9 733 92 356 138
201 1 2 737 21596 255388 32394
202 1 6 741 1 9 1
203 1 1 745 54 485 81
204 0 6 748 1 4 1
205 1 2 752 2090 22406 3135
206 1 3 755 3 25 4
207 0 2 759 1 12 1
208 0 5 763 64 580 96
209 0 2 767 1 9 1
210 1 5 771 1 10 1
211 1 3 775 443 4424 664
212 0 2 779 1 10 1
213 1 8 782 2 6 3
214 0 4 786 1 10 1
215 1 5 790 2 17 3
216 1 2 794 417 4152 625
217 0 3 798 2 17 3
218 1 1 802 1 9 1
219 0 1 805 2 17 3
220 0 3 808 116 1084 174
221 1 1 812 1 9 1
222 1 1 815 12 99 18
223 0 13 818 1 4 1
224 1 2 822 1 9 1
225 0 18 826 1 4 1
226 1 1 831 1 9 1
227 0 4 834 34 298 51
228 1 2 838 72 656 108
229 1 1 842 10 81 15
230 0 11 845 3 10 4
231 1 2 849 22 188 33
232 1 5 853 7 56 10
233 0 4 857 13 107 19
234 1 9 861 2 6 3
235 1 10 865 46 167 69
236 1 3 869 29 252 43
237 0 2 873 1 9 1
238 0 1 877 104 967 156
239 0 4 880 1 9 1
240 1 2 884 1 9 1
241 1 2 888 1 11 1
242 0 1 892 119 1114 178
243 0 1 895 4282 47360 6423
244 0 1 898 29031 347375 43546
245 1 6 901 115 1074 172
246 0 3 905 104 967 156
247 1 2 909 1 9 1
248 1 1 913 771 7901 1156
249 1 14 916 61 227 91
250 0 11 920 510 2263 765
251 0 12 924 1 4 1
252 1 1 928 123 1153 184
253 0 5 931 2 17 3
254 0 1 935 1 10 1
255 0 5 938 1 11 1
256 0 8 942 21 70 31
257 1 1 946 1 10 1
258 1 2 949 1 9 1
259 0 16 953 43 155 64
260 0 1 957 91 840 136
261 1 1 959 2 17 3
262 1 1 962 1 8 1
263 1 12 965 9 27 13
264 0 3 969 3 25 4
265 1 1 973 81 743 121
266 1 6 976 2 17 3
267 1 10 980 175920 1121053 263880
268 0 3 984 16 134 24
269 0 8 988 112 440 168
270 0 2 992 427 4257 640
271 1 2 996 14 116 21
272 1 7 1000 1 5 1
273 0 2 1004 128 1203 192
274 1 4 1008 517 5201 775
275 0 2 1012 3 25 4
276 1 3 1016 27 233 40
277 0 4 1020 1 9 1
278 0 1 1024 307 3012 460
279 0 7 1027 3 9 4
280 0 5 1031 1 10 1
281 1 2 1035 978 10133 1467
282 0 8 1039 1 4 1
283 1 4 1043 19 161 28
284 0 6 1047 3 25 4
285 1 3 1051 1 9 1
286 0 1 1055 1 9 1
287 0 4 1058 7521619 109772756 11282428
288 1 8 1062 3 9 4
289 1 5 1066 24 206 36
290 1 1 1070 5 41 7
291 1 6 1073 4 33 6
292 0 2 1077 1 9 1
293 1 9 1081 14 45 21
294 0 4 1085 242 2347 363
295 1 6 1089 2 17 3
296 1 1 1093 333 3280 499
297 1 25 1095 494 2186 741
298 0 9 1100 26 89 39
299 0 2 1104 1 9 1
300 0 1 1107 73 666 109
301 0 2 1110 7 56 10
302 0 7 1114 365 1579 547
303 0 1 1118 180 1720 270
304 0 16 1121 524834 3534464 787251
305 0 6 1126 3 25 4
306 0 3 1130 934 9657 1401
307 1 1 1134 35 307 52
308 0 6 1136 1473 15548 2209
309 0 1 1140 1 9 1
310 1 2 1143 13 107 19
311 0 9 1147 1 3 1
312 1 4 1151 18 152 27
313 1 28 1155 13 41 19
314 0 2 1160 4777 53082 7165
315 0 6 1163 25 215 37
316 1 3 1167 36 316 54
317 0 5 1171 427 4256 640
318 0 29 1175 1 4 1
319 0 1 1180 13012 150758 19518
320 0 2 1183 78 714 117
321 1 2 1187 435 4340 652
322 1 2 1190 30 261 45
323 1 2 1194 1 9 1
324 0 1 1198 8 64 12
325 0 6 1201 4 33 6
326 1 1 1205 187 1791 280
327 1 2 1208 1 9 1
328 1 2 1212 1 9 1
329 1 5 1215 4 33 6
330 1 1 1219 2 17 3
331 1 4 1222 56285 691114 84427
332 0 4 1226 1 9 1
333 1 4 1230 38 334 57
334 1 1 1234 152267 1941341 228400
335 0 2 1236 1 12 1
336 0 2 1239 1 10 1
337 1 6 1243 1130 5312 1695
338 0 8 1247 33 116 49
339 0 2 1251 40 353 60
340 1 1 1254 1 9 1
341 0 5 1257 107 996 160
342 1 20 1261 1 5 1
343 1 3 1266 9 73 13
344 1 4 1270 3 25 4
345 1 1 1274 1 9 1
346 1 3 1277 61 551 91
347 0 2 1281 38 335 57
348 0 2 1285 2 17 3
349 1 1 1289 1 11 1
350 1 12 1292 1 4 1
351 0 19 1296 57 211 85
352 0 1 1301 2 17 3
353 1 2 1304 1 9 1
354 1 7 1308 1 4 1
355 0 1 1312 80 734 120
356 1 5 1315 1 9 1
357 0 2 1319 5 41 7
358 1 1 1323 15 125 22
359 0 3 1326 1 11 1
360 1 2 1330 19 161 28
361 1 9 1334 1 4 1
362 1 1 1338 5 40 7
363 1 3 1341 1 10 1
364 0 19 1345 35 124 52
365 0 2 1350 136 1282 204
366 1 4 1353 35 307 52
367 1 2 1357 1 10 1
368 1 7 1361 4 12 6
369 0 2 1365 1 8 1
370 0 4 1369 63 571 94
371 1 10 1373 605 2718 907
372 0 3 1377 18469 217042 27703
373 0 3 1381 5757 64480 8635
374 1 70 1385 1 4 1
375 0 2 1390 3 25 4
376 0 1 1394 1 10 1
377 0 14 1397 7 21 10
378 0 6 1401 3979 43870 5968
379 0 1 1405 4 33 6
380 0 6 1408 82 753 123
381 1 11 1412 6 18 9
382 1 10 1416 10 31 15
383 1 2 1420 22285 263867 33427
384 1 1 1424 1 9 1
385 1 4 1427 5 40 7
386 1 1 1431 21159 250015 31738
387 0 1 1434 1237 12954 1855
388 0 2 1437 3 25 4
389 1 2 1440 50421 616487 75631
390 1 2 1443 53 475 79
391 0 9 1447 15311 85192 22966
392 1 1 1451 1 9 1
393 1 3 1454 8 64 12
394 0 1 1458 338 3332 507
395 0 2 1461 1 9 1
396 0 2 1464 2 17 3
397 0 3 1468 2 17 3
398 0 1 1472 1 10 1
399 1 2 1475 1 10 1
400 0 1 1479 1 10 1
401 0 1 1482 2 17 3
402 1 2 1485 1 11 1
403 1 4 1488 3 25 4
404 0 2 1492 44 390 66
405 0 15 1496 311 1329 466
406 1 1 1500 20 170 30
407 1 1 1503 1 9 1
408 0 2 1506 1 9 1
409 0 2 1509 1 8 1
410 1 1 1513 1381 14534 2071
411 1 14 1516 2 7 3
412 0 2 1520 1221 12779 1831
413 1 1 1524 25 215 37
414 1 30 1527 69 260 103
415 1 8 1532 1 4 1
416 0 3 1536 14 116 21
417 0 2 1540 1 9 1
418 1 2 1544 6 48 9
419 0 1 1548 1 9 1
420 0 1 1551 2 17 3
421 0 1 1553 3 25 4
422 0 2 1556 31 270 46
423 1 9 1560 2 7 3
424 1 2 1564 1 10 1
425 0 31 1568 1 3 1
426 0 1 1573 9 73 13
427 0 5 1576 64 580 96
428 0 1 1580 2343 25245 3514
429 0 1 1583 2179 23403 3268
430 0 13 1586 337 1449 505
431 0 4 1590 3 25 4
432 1 3 1594 1 9 1
433 0 2 1598 1 9 1
434 1 8 1602 41682 245745 62523
435 1 2 1606 1 9 1
436 1 3 1609 34 297 51
437 1 3 1613 3 25 4
438 1 4 1617 9 73 13
439 0 2 1621 323 3177 484
440 1 20 1625 1 4 1
441 1 10 1630 25 85 37
442 1 1 1634 24 206 36
443 0 1 1637 2971375 42059763 4457062
444 1 6 1640 385 3819 577
445 1 1 1644 41 363 61
446 0 6 1647 2 17 3
447 0 21 1651 1 4 1
448 1 6 1656 6 48 9
449 0 3 1660 1 8 1
450 0 4 1664 1 13 1
451 0 10 1668 72 272 108
452 1 1 1672 158 1500 237
453 0 10 1675 362 1565 543
454 0 7 1679 117 462 175
455 0 14 1683 1 4 1
456 1 1 1687 155 1470 232
457 0 1 1690 10 81 15
458 1 3 1693 1 11 1
459 1 5 1697 23 197 34
460 0 7 1701 3 10 4
461 0 2 1705 3 25 4
462 1 4 1709 4 33 6
463 1 8 1713 1 4 1
464 0 7 1717 938 4351 1407
465 1 2 1721 1 10 1
466 0 9 1724 29 101 43
467 1 3 1728 4 33 6
468 0 1 1732 20 170 30
469 1 1 1735 1 9 1
470 0 3 1738 4 33 6
471 0 5 1742 556 5612 834
472 1 2 1746 57 513 85
473 0 6 1750 3397 17207 5095
474 1 22 1754 9 27 13
475 0 1 1759 4 33 6
476 1 3 1762 2 17 3
477 1 6 1766 1 11 1
478 0 2 1770 20 170 30
479 0 1 1773 1 11 1
480 1 2 1776 213 2053 319
481 0 6 1780 364 3601 546
482 1 4 1784 1714 18215 2571
483 1 15 1788 1 3 1
484 1 2 1792 4 33 6
485 1 1 1796 1 9 1
486 1 2 1799 1 8 1
487 0 2 1803 1 9 1
488 1 1 1807 1 9 1
489 0 1 1810 1 11 1
490 0 9 1813 1379 6573 2068
491 1 3 1817 1 10 1
492 0 8 1821 1492 7151 2238
493 0 3 1825 1 9 1
494 1 1 1829 1 9 1
495 1 3 1832 2 17 3
496 1 1 1836 7721 87549 11581
497 0 3 1839 7 56 10
498 0 16 1843 10 31 15
499 1 7 1848 1 4 1
500 0 3 1852 345 3404 517
501 0 2 1856 5045500 72682604 7568250
502 0 15 1859 1 3 1
503 1 3 1863 112 1045 168
504 1 2 1867 3711 40793 5566
505 0 2 1871 29 252 43
506 0 3 1875 1 9 1
507 1 2 1879 532 5359 798
508 1 2 1883 213 2053 319
509 1 2 1887 3 25 4
510 0 14 1890 11 34 16
511 1 3 1894 1 8 1
512 0 1 1898 28 242 42
513 1 5 1901 34 298 51
514 1 1 1905 15 125 22
515 0 29 1907 1 3 1
516 1 7 1912 1 4 1
517 0 7 1916 1 4 1
518 0 4 1920 1 10 1
519 1 4 1924 114 1064 171
520 1 6 1928 240 1004 360
521 0 3 1932 1 10 1
522 1 5 1936 1 9 1
523 0 3 1940 101 937 151
524 1 2 1944 6058 67997 9087
525 1 1 1948 5 40 7
526 0 2 1951 1 8 1
527 1 10 1955 4 12 6
528 0 7 1959 4 13 6
529 1 5 1963 9 73 13
530 1 1 1967 4 33 6
531 0 3 1970 2 17 3
532 0 1 1974 31 270 46
533 1 2 1977 1 9 1
534 0 2 1981 3 25 4
535 0 7 1985 1 4 1
536 0 1 1989 1 9 1
537 1 11 1992 1426 6813 2139
538 0 2 1996 3582 39315 5373
539 1 10 2000 1 6 1
540 1 1 2004 3 25 4
541 1 1 2007 31 270 46
542 1 13 2010 1 4 1
543 1 5 2014 1 10 1
544 0 3 2018 1 9 1
545 0 10 2022 1 5 1
546 1 8 2026 10 31 15
547 1 7 2030 7 21 10
548 0 19 2034 174 709 261
549 0 21 2039 4 12 6
550 1 1 2044 1 9 1
551 1 7 2047 86 330 129
552 0 5 2051 1977 21143 2965
553 0 3 2055 37 325 55
554 0 2 2059 1 9 1
555 0 1 2063 1 10 1
556 1 2 2066 3 25 4
557 0 2 2070 100 928 150
558 0 1 2074 1 9 1
559 0 3 2077 3 25 4
560 0 7 2081 1420 6782 2130
561 1 5 2085 395 3923 592
562 1 2 2089 844 8686 1266
563 1 3 2093 447 4465 670
564 0 1 2097 497 4990 745
565 1 6 2100 4 33 6
566 0 3 2104 246 2388 369
567 0 1 2108 127 1192 190
568 0 8 2111 5 15 7
569 1 2 2115 41 362 61
570 0 3 2119 1 12 1
571 0 3 2123 62 561 93
572 1 1 2127 1526 16133 2289
573 0 2 2130 278 2715 417
574 0 4 2134 95 879 142
575 1 8 2138 240 1005 360
576 0 3 2142 1 10 1
577 1 20 2146 157 635 235
578 0 3 2151 1 9 1
579 1 3 2155 1 10 1
580 1 6 2159 33 288 49
581 1 15 2163 39 139 58
582 0 2 2167 1 9 1
583 0 1 2170 7 56 10
584 1 8 2173 987 4595 1480
585 0 27 2177 681 3087 1021
586 0 2 2182 10 81 15
587 0 5 2186 25363 301864 38044
588 0 1 2190 25 215 37
589 0 3 2193 5 40 7
590 0 12 2197 1401 6685 2101
591 0 1 2201 4 33 6
592 1 7 2204 137 548 205
593 0 1 2208 26 224 39
594 0 5 2211 1 13 1
595 0 3 2215 1 10 1
596 0 7 2219 1 3 1
597 1 8 2223 25 85 37
598 1 3 2227 1 10 1
599 1 8 2231 1 5 1
600 1 2 2235 3 25 4
601 0 4 2239 1148 11982 1722
602 1 1 2243 7 56 10
603 1 4 2246 1 9 1
604 0 2 2250 18 152 27
605 1 11 2254 3 9 4
606 1 3 2258 5 41 7
607 1 1 2262 14 116 21
608 0 2 2265 419 4173 628
609 1 2 2269 16 134 24
610 0 4 2272 1 9 1
611 1 1 2276 1 11 1
612 0 2 2278 1 9 1
613 1 17 2282 78 297 117
614 1 3 2287 10 81 15
615 0 5 2291 1622 17194 2433
616 0 3 2295 1243 13020 1864
617 1 5 2299 755 7730 1132
618 1 2 2303 375 3715 562
619 1 2 2306 140 1321 210
620 1 1 2309 1 10 1
621 0 4 2312 125 1173 187
622 0 4 2316 1 10 1
623 1 13 2320 26 89 39
624 0 5 2324 7 56 10
625 1 8 2328 2 6 3
626 0 5 2332 21 179 31
627 1 1 2336 1 9 1
628 1 3 2338 18 152 27
629 1 4 2342 18 152 27
630 0 2 2346 59 532 88
631 1 4 2350 51 456 76
632 0 2 2354 1 10 1
633 1 4 2357 12 99 18
634 0 1 2361 2 17 3
635 0 8 2363 1 3 1
636 0 8 2367 1 4 1
637 0 4 2371 2 17 3
638 1 2 2375 295 2889 442
639 1 3 2378 1 9 1
640 1 17 2382 1 3 1
641 1 1 2387 2 17 3
642 1 2 2390 72 657 108
643 1 12 2394 7 21 10
644 1 3 2398 1 11 1
645 1 3 2402 4 32 6
646 1 20 2406 7 21 10
647 0 6 2411 1 10 1
648 1 6 2415 1 9 1
649 1 1 2419 7 56 10
650 0 1 2422 1 9 1
651 0 2 2425 201159 2591189 301738
652 1 4 2429 26 224 39
653 0 1 2433 2 17 3
654 1 1 2436 210295 2713291 315442
655 0 4 2439 1 11 1
656 1 1 2443 1 9 1
657 1 1 2446 1506 15912 2259
658 0 2 2448 1 12 1
659 1 17 2452 1 4 1
660 1 1 2457 232 2245 348
661 1 1 2460 984 10198 1476
662 0 2 2463 180 1720 270
663 0 13 2467 5891 30915 8836
664 0 4 2471 696 7099 1044
665 0 5 2475 1 9 1
666 0 5 2479 31 270 46
667 1 2 2483 2 17 3
668 1 2 2487 1831 19515 2746
669 0 5 2491 34 297 51
670 1 6 2495 1 8 1
671 0 2 2499 9 73 13
672 1 2 2502 15 125 22
673 1 3 2505 1 9 1
674 0 14 2509 1 3 1
675 0 4 2513 1 9 1
676 0 19 2517 33 116 49
677 0 2 2522 637 6471 955
678 1 1 2526 108 1006 162
679 1 1 2529 8563 97516 12844
680 1 4 2532 1 9 1
681 1 14 2536 30 104 45
682 0 2 2540 1 12 1
683 0 9 2543 1655920 11781702 2483880
684 0 3 2547 3083 33619 4624
685 1 8 2551 1 3 1
686 1 4 2555 1 9 1
687 1 2 2559 5024 55946 7536
688 0 12 2562 23981 136995 35971
689 0 1 2566 2309 24863 3463
690 1 3 2569 8285 94221 12427
691 1 3 2573 325 3197 487
692 0 5 2577 6792 76603 10188
693 1 1 2581 15 125 22
694 1 4 2584 1 11 1
695 1 5 2588 52253 639768 78379
696 1 20 2592 245 1027 367
697 0 5 2597 5 40 7
698 1 3 2601 51 457 76
699 0 5 2605 1135 11840 1702
700 0 1 2609 9 72 13
701 1 3 2611 14 116 21
702 0 1 2615 1 12 1
703 0 3 2618 302 2961 453
704 1 7 2622 1707 8257 2560
705 0 2 2626 8254 93854 12381
706 1 1 2629 1 9 1
707 1 2 2632 28 243 42
708 0 3 2636 1 9 1
709 1 5 2640 12 99 18
710 1 2 2644 47 419 70
711 0 1 2648 575 5813 862
712 0 4 2650 1 9 1
713 0 1 2654 1 11 1
714 1 11 2657 2 7 3
715 0 5 2661 12771 147852 19156
716 1 2 2665 109 1015 163
717 1 2 2668 32 279 48
718 0 2 2672 11 90 16
719 1 2 2675 1 9 1
720 1 1 2679 1 9 1
721 0 3 2682 34 298 51
722 0 1 2686 2 17 3
723 1 2 2689 56 504 84
724 1 11 2692 1 3 1
725 0 13 2696 16 52 24
726 0 3 2700 734 7505 1101
727 1 1 2704 1 11 1
728 0 4 2707 11 90 16
729 0 3 2711 74458 924112 111687
730 1 2 2715 19697 232073 29545
731 1 2 2718 11 90 16
732 0 2 2722 1 9 1
733 0 1 2725 1 9 1
734 1 8 2728 646 2917 969
735 1 16 2732 1 3 1
736 0 6 2737 2 17 3
737 0 2 2741 14 116 21
738 1 19 2745 1 5 1
739 0 1 2750 2 17 3
740 0 4 2753 4 33 6
741 0 6 2757 65 244 97
742 0 1 2761 23 197 34
743 0 1 2764 12926 149720 19389
744 0 13 2767 1 3 1
745 1 3 2771 6 48 9
746 1 2 2775 479 4801 718
747 1 2 2778 5 41 7
748 0 1 2782 21 179 31
749 1 1 2785 8 64 12
750 1 3 2788 8 64 12
751 0 2 2792 72 657 108
752 1 1 2795 1 9 1
753 0 4 2798 12 99 18
754 0 1 2802 151903 1936528 227854
755 1 3 2805 1 12 1
756 0 1 2809 45 400 67
757 1 2 2812 11 90 16
758 1 12 2816 41 147 61
759 1 9 2820 1 4 1
760 0 3 2824 2 17 3
761 0 3 2828 88 811 132
762 0 9 2832 1 5 1
763 0 2 2836 33 288 49
764 0 3 2839 14 116 21
765 0 4 2843 29 252 43
766 1 3 2847 36 316 54
767 0 1 2851 63995 789670 95992
768 1 3 2854 4173 46103 6259
769 0 15 2858 1 4 1
770 0 1 2862 269 2623 403
771 1 7 2865 6 18 9
772 1 9 2869 887 4098 1330
773 1 19 2873 1 3 1
774 1 6 2878 22 188 33
775 0 1 2882 3 25 4
776 1 1 2885 1 11 1
777 1 2 2888 5 40 7
778 1 1 2892 3799 41802 5698
779 0 23 2895 12 38 18
780 1 3 2900 11 90 16
781 1 5 2904 880 9074 1320
782 0 1 2908 8 64 12
783 0 1 2910 131 1232 196
784 1 6 2913 1 10 1
785 1 1 2917 2883505 40775022 4325257
786 1 3 2920 13206 153098 19809
787 1 1 2924 1 9 1
788 1 2 2927 12480 144347 18720
789 1 2 2931 2323 25020 3484
790 1 1 2935 21110 249413 31665
791 1 2 2938 2 17 3
792 1 6 2941 1 9 1
793 1 2 2945 4 32 6
794 0 6 2949 224 2164 336
795 0 2 2953 3 25 4
796 1 3 2957 1 10 1
797 1 27 2961 1 4 1
798 1 8 2966 1 4 1
799 0 1 2970 33 288 49
800 1 2 2973 2839 30848 4258
801 0 11 2976 674 3053 1011
802 1 1 2980 53 476 79
803 0 1 2983 1 9 1
804 1 1 2986 1 9 1
805 1 1 2989 1 11 1
806 0 1 2992 1 10 1
807 1 1 2995 13 107 19
808 1 6 2998 20 170 30
809 0 3 3002 10 81 15
810 0 5 3006 60 542 90
811 1 10 3010 1 4 1
812 1 9 3014 4271 21958 6406
813 1 4 3018 2 17 3
814 1 1 3022 13 108 19
815 1 5 3025 1 11 1
816 1 8 3029 10 31 15
817 0 5 3033 11 90 16
818 1 1 3037 89 820 133
819 1 3 3040 1 10 1
820 1 5 3044 3 25 4
821 0 3 3048 1006 10437 1509
822 0 3 3052 113 1055 169
823 1 9 3056 3 9 4
824 1 9 3060 83 318 124
825 0 1 3064 2 17 3
826 1 1 3067 17 143 25
827 1 8 3070 1 5 1
828 0 28 3074 1 3 1
829 1 1 3079 2 17 3
830 0 10 3082 2 7 3
831 0 3 3086 344 3394 516
832 0 3 3090 204 1962 306
833 1 2 3094 12 99 18
834 1 8 3098 54 199 81
835 0 1 3102 1 9 1
836 1 1 3105 1 11 1
837 1 8 3108 452 1987 678
838 1 12 3112 78 297 117
839 1 1 3116 1 10 1
840 1 2 3119 3 25 4
841 1 3 3123 2 17 3
842 1 4 3127 299 2930 448
843 1 2 3131 133 1252 199
844 1 4 3134 1 10 1
845 1 3 3138 1 9 1
846 0 2 3142 3 25 4
847 1 2 3146 1 9 1
848 1 1 3149 215 2073 322
849 0 10 3152 214 888 321
850 0 2 3156 9 72 13
851 1 2 3160 9 72 13
852 1 2 3163 1 8 1
853 1 4 3166 1 9 1
854 0 12 3170 1 4 1
855 0 1 3174 3 25 4
856 1 1 3177 157 1490 235
857 1 8 3180 1 3 1
858 1 1 3184 1151 12015 1726
859 0 2 3187 14 116 21
860 0 18 3191 19 63 28
861 1 2 3196 61 551 91
862 0 2 3200 1 9 1
863 0 12 3204 4505 23241 6757
864 0 5 3208 419 4173 628
865 1 7 3212 277 1172 415
866 1 2 3216 847 8718 1270
867 0 1 3220 25246 300417 37869
868 0 2 3223 10 81 15
869 0 2 3227 2 17 3
870 1 12 3230 4678 24192 7017
871 0 1 3234 1 10 1
872 1 8 3237 1 4 1
873 0 2 3241 3 25 4
874 0 6 3245 59 219 88
875 1 1 3249 13422 155704 20133
876 0 3 3252 1 9 1
877 0 3 3256 1 11 1
878 1 2 3260 1 9 1
879 1 4 3263 2 17 3
880 0 4 3267 119 1114 178
881 1 2 3271 1 11 1
882 0 2 3274 14 116 21
883 1 2 3278 2 17 3
884 1 2 3282 1 8 1
885 0 2 3286 1 11 1
886 1 1 3290 88 811 132
887 1 1 3293 1703 18092 2554
888 0 2 3296 67975 840721 101962
889 1 3 3299 2305 24818 3457
890 1 3 3303 5588460 80774353 8382690
891 1 2 3307 509 5116 763
892 0 1 3311 1821 19404 2731
893 0 3 3314 20577 242867 30865
894 0 2 3318 4 33 6
895 1 1 3322 733 7495 1099
896 0 2 3325 1 9 1
897 1 1 3329 12 99 18
898 1 4 3332 7 56 10
899 0 2 3336 4 33 6
900 0 2 3340 2288 24627 3432
901 1 2 3344 17 143 25
902 0 1 3348 6 48 9
903 1 16 3351 51542 307501 77313
904 1 2 3355 1 11 1
905 1 35 3359 50 183 75
906 0 9 3364 4 13 6
907 0 2 3368 129 1213 193
908 0 11 3372 1 4 1
909 1 2 3376 34 297 51
910 0 2 3380 6361 71545 9541
911 1 1 3384 6 48 9
912 1 4 3387 2 17 3
913 0 4 3391 5 41 7
914 1 3 3395 13339 154703 20008
915 0 2 3399 961 9949 1441
916 0 1 3402 1 9 1
917 1 2 3405 1749 18603 2623
918 0 2 3408 4 33 6
919 1 14 3412 12 38 18
920 0 9 3416 10 31 15
921 1 2 3420 89 820 133
922 1 5 3423 4 33 6
923 1 1 3427 1 9 1
924 0 12 3430 1 4 1
925 1 2 3434 24060 285756 36090
926 0 9 3438 1 5 1
927 0 26 3442 183 749 274
928 0 2 3447 1 8 1
929 0 4 3451 65 589 97
930 1 3 3455 6778 76439 10167
931 1 2 3459 6952 78484 10428
932 0 2 3463 1 10 1
933 1 3 3466 3721 40907 5581
934 0 1 3470 1 11 1
935 0 21 3473 1 4 1
936 1 5 3478 4119 45481 6178
937 1 6 3482 33 288 49
938 1 1 3486 2 17 3
939 1 4 3489 18854946 283370919 28282419
940 1 13 3493 21 70 31
941 1 2 3497 3 25 4
942 0 6 3500 141 1331 211
943 0 3 3504 6 48 9
944 1 4 3508 56 504 84
945 1 1 3512 57655 708591 86482
946 0 1 3515 771 7902 1156
947 1 14 3518 23 78 34
948 0 25 3522 433 1897 649
949 0 1 3527 100 928 150
950 1 3 3529 5927 66465 8890
951 1 2 3533 46 409 69
952 0 1 3536 1 9 1
953 0 1 3539 3898 42939 5847
954 0 16 3542 487 2153 730
955 1 3 3546 1 9 1
956 1 1 3550 284 2776 426
957 1 3 3553 1 9 1
958 1 1 3557 20696 244328 31044
959 0 3 3559 1 10 1
960 1 3 3563 1 9 1
961 1 1 3567 3089 33687 4633
962 0 15 3570 49 179 73
963 0 2 3574 66 599 99
964 0 3 3578 7 56 10
965 0 3 3582 1 13 1
966 0 1 3586 1 9 1
967 0 1 3589 27 233 40
968 1 1 3592 2 17 3
969 0 2 3595 26175 311919 39262
970 1 1 3599 3 25 4
971 1 12 3602 3 10 4
972 1 2 3606 1 13 1
