0 1 1 5 1 10 1
1 1 24 14 20498 116033 30747
2 0 3 36 19 63 28
3 1 2 51 1 10 1
4 0 2 64 1 9 1
5 0 7 78 1 4 1
6 1 5 96 4 12 6
7 0 7 113 1 3 1
8 1 15 131 41 147 61
9 0 2 151 1 9 1
10 0 4 163 1 4 1
11 0 13 179 2 7 3
12 0 30 199 18 59 27
13 0 16 221 2 7 3
14 0 2 242 1 10 1
15 0 8 254 17 56 25
16 0 8 272 184 754 276
17 1 4 290 20 67 30
18 1 2 306 96 888 144
19 1 11 318 5 15 7
20 0 9 338 5 15 7
21 1 2 357 4 33 6
22 0 1 371 5 40 7
23 0 12 382 150 604 225
24 0 1 402 1 9 1
25 0 2 411 43 381 64
26 0 1 424 1 10 1
27 1 3 432 125 496 187
28 1 7 447 4 12 6
29 0 9 465 1 4 1
30 0 3 484 1 4 1
31 0 1 499 8 64 12
32 0 8 507 1 3 1
33 1 2 525 538 5422 807
34 0 1 538 15 125 22
35 1 1 546 12 99 18
36 1 5 557 261 1100 391
37 1 2 574 569 5750 853
38 0 3 587 1 5 1
39 1 7 602 1 5 1
40 0 8 620 29 100 43
41 0 3 638 17 143 25
42 1 4 652 4 12 6
43 1 1 668 1 9 1
44 1 1 679 1 10 1
45 0 1 688 2 17 3
46 0 9 699 3 9 4
47 0 1 718 1 9 1
48 1 2 728 1 9 1
49 1 1 740 1443 15217 2164
50 1 34 748 1 4 1
51 0 5 771 236 986 354
52 1 2 788 2 17 3
53 1 2 800 61 551 91
54 0 4 812 1 4 1
55 1 3 827 5 15 7
56 0 1 842 5 41 7
57 1 2 851 1 9 1
58 0 3 863 113 445 169
59 0 10 878 1 3 1
60 0 6 897 197 811 295
61 1 3 915 17 56 25
62 1 4 930 2 6 3
63 1 11 946 102 398 153
64 0 4 965 1 4 1
65 0 1 981 3 25 4
66 1 5 992 1 4 1
67 1 2 1009 273 2663 409
68 1 5 1021 1 4 1
69 0 1 1038 1 11 1
70 1 8 1048 28 97 42
71 1 3 1066 924 4282 1386
72 0 3 1081 18966 106873 28449
73 0 14 1096 1 3 1
74 1 1 1116 7 56 10
75 1 6 1127 3 10 4
76 0 2 1144 1 9 1
77 0 1 1156 2 17 3
78 0 1 1163 1 9 1
79 1 2 1172 25 215 37
80 0 1 1185 9 72 13
81 0 1 1194 370 3663 555
82 1 4 1205 1 3 1
83 0 1 1221 1021 10599 1531
84 0 6 1230 1 4 1
85 1 3 1248 1 6 1
86 1 5 1263 140 561 210
87 1 2 1280 210 2023 315
88 1 4 1293 1 4 1
89 0 4 1308 1 5 1
90 1 2 1324 1 12 1
91 1 1 1337 10 81 15
92 0 1 1348 62 561 93
93 0 7 1355 1 3 1
94 1 1 1373 3289 35966 4933
95 0 1 1380 1 9 1
96 1 2 1389 1 8 1
97 0 3 1401 1 4 1
98 1 8 1416 2 7 3
99 1 11 1434 20 67 30
100 0 3 1453 1 10 1
101 0 33 1467 1 4 1
102 0 8 1490 1 4 1
103 1 6 1508 23294 132847 34941
104 1 8 1525 14 45 21
105 0 2 1544 1 9 1
106 1 3 1557 55 495 82
107 0 1 1571 17 143 25
108 0 4 1580 24 81 36
109 1 1 1596 2 17 3
110 0 3 1607 4 12 6
111 1 3 1622 1 5 1
112 1 2 1637 43432 527968 65148
113 1 1 1649 1 10 1
114 1 3 1660 8 24 12
115 0 4 1675 36 127 54
116 0 1 1691 1 11 1
117 1 7 1699 1 4 1
118 0 4 1717 23 78 34
119 0 3 1733 7 56 10
120 0 1 1747 96 889 144
121 1 7 1758 17 56 25
122 0 1 1776 3 25 4
123 1 1 1784 2 17 3
124 0 2 1792 1 9 1
125 0 4 1804 1 4 1
126 0 1 1819 1 9 1
127 0 1 1827 1 9 1
128 0 4 1834 51 187 76
129 1 6 1850 56 207 84
130 1 10 1868 12 38 18
131 1 2 1887 79 724 118
132 0 1 1899 1 8 1
133 1 5 1906 410 1789 615
134 1 5 1922 121 479 181
135 1 5 1939 2802 14015 4203
136 0 3 1955 1 6 1
137 1 2 1970 55 494 82
138 1 10 1983 11 34 16
139 1 11 2002 129 513 193
140 0 2 2021 1 11 1
141 0 13 2034 1 4 1
142 0 1 2054 7 56 10
143 1 2 2063 1 11 1
144 0 1 2076 10 81 15
145 0 9 2087 1 4 1
146 0 3 2106 7 21 10
147 1 4 2121 6 18 9
148 1 2 2137 211 2032 316
149 1 3 2151 13 41 19
150 0 2 2166 15 125 22
151 1 1 2180 1 12 1
152 1 4 2186 340 1462 510
153 0 3 2202 1 3 1
154 1 1 2217 2718 29477 4077
155 1 3 2222 75 285 112
156 1 1 2237 33 288 49
157 0 2 2246 12 99 18
158 1 6 2259 1 3 1
159 0 9 2276 10 31 15
160 1 1 2295 1 9 1
161 0 6 2299 2 6 3
162 1 4 2316 20 67 30
163 0 5 2332 1 3 1
164 0 1 2349 4 33 6
165 0 33 2358 1 4 1
166 1 6 2381 1 4 1
167 0 6 2398 22 74 33
168 0 1 2415 4 33 6
169 0 9 2423 8 24 12
170 0 1 2442 65672 811167 98508
171 1 1 2453 1 11 1
172 0 5 2464 139 556 208
173 0 15 2481 1 5 1
174 1 2 2501 2 17 3
175 1 1 2514 354 3497 531
176 0 10 2522 1 4 1
177 0 14 2541 3 10 4
178 0 4 2561 40 143 60
179 1 1 2577 3 25 4
180 1 2 2587 124 1163 186
181 1 2 2600 136 1282 204
182 1 39 2612 1 4 1
183 0 8 2635 106 414 159
184 1 1 2653 2 17 3
185 1 15 2659 78698 480543 118047
186 0 1 2679 11 90 16
187 0 6 2687 16 52 24
188 1 18 2704 2059 10088 3088
189 1 1 2725 1 11 1
190 1 4 2733 1 4 1
191 0 3 2749 1 10 1
192 1 2 2763 68 618 102
193 0 1 2777 3 25 4
194 0 19 2785 19 63 28
195 1 5 2806 1 3 1
196 0 4 2823 1 4 1
197 1 4 2839 9 27 13
198 0 3 2855 833 3831 1249
199 0 6 2869 1 4 1
200 1 3 2886 198 1901 297
201 0 13 2900 51 187 76
202 0 4 2920 19 63 28
203 0 21 2936 1 3 1
204 0 1 2957 4 33 6
205 0 2 2966 304 2981 456
206 0 3 2980 28 242 42
207 1 4 2994 1 4 1
208 0 1 3010 20 170 30
209 1 4 3021 1 4 1
210 1 2 3037 751 7687 1126
211 1 2 3049 18 152 27
212 1 1 3062 1 10 1
213 0 2 3070 1 12 1
214 1 14 3083 440 1930 660
215 1 2 3103 19370 228067 29055
216 0 8 3117 9 27 13
217 1 4 3136 2 7 3
218 1 2 3152 1 10 1
219 1 10 3164 524256 3530380 786384
220 0 1 3183 28 242 42
221 1 1 3190 65 589 97
222 0 3 3194 52 191 78
223 1 12 3209 4 12 6
224 1 7 3229 1 4 1
225 0 2 3247 33 288 49
226 1 25 3261 1 5 1
227 1 2 3283 126 1183 189
228 0 7 3296 3 10 4
229 1 1 3314 34 297 51
230 0 1 3322 1 9 1
231 0 1 3331 762 7805 1143
232 1 2 3342 2 17 3
233 1 3 3356 392 1705 588
234 0 1 3371 2 17 3
235 0 1 3379 16056 187622 24084
236 0 2 3383 2850 30972 4275
237 0 4 3397 1 3 1
238 1 4 3413 2882 14442 4323
239 0 1 3429 226 2184 339
240 1 2 3439 6 48 9
241 1 79 3452 13 41 19
242 0 6 3477 1 4 1
243 1 3 3495 8 24 12
244 1 1 3510 1 9 1
245 0 5 3519 1 3 1
246 1 1 3535 1648 17482 2472
247 0 1 3546 1 9 1
248 1 67 3557 4 12 6
249 1 6 3581 1575241 11181627 2362861
250 0 6 3598 5635 29488 8452
251 0 2 3615 9 73 13
