0 0 12 5 1 3 1
1 0 4 14 3 25 4
2 0 5 22 1 9 1
3 1 41 30 36 128 54
4 0 8 40 616 2772 924
5 0 2 49 1 8 1
6 0 1 56 55 494 82
7 1 4 62 1 9 1
8 0 1 70 1 9 1
9 0 53 76 1 4 1
10 1 1 86 623 6322 934
11 0 10 92 2 6 3
12 1 2 101 1 11 1
13 1 7 108 1 4 1
14 0 4 116 1 9 1
15 0 6 124 561 5665 841
16 1 1 132 16 134 24
17 1 3 138 5 40 7
18 0 4 146 934 9657 1401
19 0 3 154 1 9 1
20 1 7 162 1 4 1
21 1 1 170 648 6587 972
22 0 15 176 1 4 1
23 1 11 185 3 9 4
24 1 4 194 31816 382078 47724
25 0 1 202 6510 73292 9765
26 0 10 209 1 4 1
27 1 17 218 1 4 1
28 0 1 227 5 40 7
29 0 4 232 1 10 1
30 0 1 240 15 125 22
31 1 4 247 1 9 1
32 1 5 255 17 143 25
33 1 2 263 1 11 1
34 0 10 270 16 52 24
35 1 3 279 4 33 6
36 0 1 287 3 25 4
37 0 2 291 1 9 1
38 0 2 298 1 12 1
39 1 2 305 1123 11709 1684
40 0 1 312 239 2317 358
41 1 1 318 5 41 7
42 1 4 324 5 40 7
43 0 5 332 1471 15526 2206
44 0 3 340 1 12 1
45 1 6 348 4 12 6
46 0 2 356 29 252 43
47 0 13 363 473 2087 709
48 0 3 372 379 3757 568
49 1 5 379 27 233 40
50 1 1 387 2 17 3
51 1 1 391 363 3591 544
52 0 1 396 1 9 1
53 0 7 402 2 7 3
54 0 4 410 92 850 138
55 1 11 418 39 139 58
56 1 4 427 1 12 1
57 0 2 435 54 485 81
58 0 1 442 31615 379569 47422
59 1 1 448 1 9 1
60 1 14 454 1 4 1
61 1 1 463 1 9 1
62 0 1 470 1 9 1
63 1 3 476 10109 115916 15163
64 0 3 484 1 9 1
65 0 1 492 60 542 90
66 1 4 498 1024 10632 1536
67 1 3 506 46 410 69
68 0 2 514 257 2500 385
69 0 1 521 2 17 3
70 0 1 527 83194691 1308747634 124792036
71 1 1 532 4 33 6
72 1 1 537 183 1750 274
73 0 2 543 8 64 12
74 1 4 550 1 10 1
75 0 1 558 46234 563397 69351
76 1 9 564 2 6 3
77 0 5 573 1 9 1
78 1 1 581 1 10 1
79 0 2 587 1 11 1
80 1 64 594 3 9 4
81 0 8 604 890 4113 1335
82 1 4 613 1 10 1
83 1 3 621 43682 531126 65523
84 0 4 628 6938 78320 10407
85 1 1 636 159 1510 238
86 0 2 641 80 734 120
87 0 3 648 5 40 7
88 0 7 656 7 21 10
89 0 5 664 11 90 16
90 0 3 672 3425 37519 5137
91 1 2 680 1457 15371 2185
92 1 7 687 2 6 3
93 0 2 695 28 242 42
94 0 1 702 1 8 1
95 1 2 709 1 10 1
96 1 1 716 2 17 3
97 1 1 722 6 48 9
98 0 1 727 29412 352115 44118
99 1 4 733 68 618 102
100 1 3 741 86 792 129
101 0 3 748 6 48 9
102 1 1 756 2295 24706 3442
103 1 3 762 1 9 1
104 1 3 769 35 307 52
105 0 2 777 6 48 9
106 0 5 784 2097 22485 3145
107 1 10 792 8 24 12
108 0 3 801 2 17 3
109 1 4 809 1 9 1
110 0 3 817 1 9 1
111 1 1 825 7 56 10
112 0 9 831 23 78 34
113 1 40 840 21 70 31
114 1 7 850 1 5 1
115 0 15 858 35 124 52
116 1 3 867 4 33 6
117 1 2 875 67 608 100
118 1 2 882 1334 14018 2001
119 0 2 889 298 2920 447
120 0 1 896 161 1530 241
121 0 3 901 30 260 45
122 1 1 909 277 2704 415
123 1 1 915 294 2878 441
124 1 3 921 5 40 7
125 1 1 929 1 9 1
126 0 42 933 496 2196 744
127 1 1 943 1 9 1
128 0 30 949 319 1365 478
129 0 1 958 1644 17438 2466
130 1 2 964 34 297 51
131 0 2 971 1 11 1
132 0 7 978 1 3 1
133 1 1 986 1 10 1
134 0 1 992 312 3064 468
135 1 19 998 2 7 3
136 1 4 1007 253 2459 379
137 1 6 1015 109 1016 163
138 1 1 1023 1 9 1
139 0 9 1029 8 24 12
140 1 5 1038 18 152 27
141 1 1 1046 36 316 54
142 1 23 1051 31073 180175 46609
143 1 3 1060 3 25 4
144 1 2 1068 526 5295 789
145 0 3 1075 52 466 78
146 1 1 1082 61 551 91
147 1 3 1087 864 8901 1296
148 0 2 1095 1 10 1
149 1 4 1102 1 12 1
150 1 1 1110 1 9 1
151 1 3 1115 4 33 6
152 0 1 1123 78 714 117
153 0 3 1130 275 2684 412
154 0 4 1138 1 9 1
155 1 8 1146 6 18 9
156 1 13 1155 17 56 25
157 1 3 1164 48 428 72
158 1 1 1172 230 2225 345
159 0 1 1178 342 3373 513
160 0 5 1184 17 143 25
161 0 2 1192 18 152 27
162 0 4 1199 1 11 1
163 0 1 1207 1 10 1
164 0 2 1213 1 10 1
165 1 2 1220 52 466 78
166 1 17 1227 15 48 22
167 1 1 1236 19 161 28
168 0 1 1242 15 125 22
169 0 2 1248 554 5591 831
170 1 2 1255 19 161 28
171 1 2 1262 1924 20551 2886
172 1 3 1269 4807 53429 7210
173 1 10 1277 24339 139160 36508
174 0 1 1286 109 1016 163
175 0 4 1293 350 3456 525
176 0 2 1301 1 9 1
177 0 2 1308 35 307 52
178 0 2 1315 184 1760 276
179 0 5 1322 60 542 90
180 0 4 1330 96 889 144
181 0 6 1338 122 1143 183
182 1 1 1346 1 9 1
183 1 13 1352 179 732 268
184 0 1 1361 1 9 1
185 1 4 1367 1 11 1
186 1 1 1375 3486 38216 5229
187 1 11 1382 17 56 25
188 1 1 1391 13 108 19
189 1 2 1398 158 1500 237
190 1 18 1405 91 351 136
191 0 3 1414 6 48 9
192 1 2 1421 6732 75898 10098
193 1 1 1428 879 9063 1318
194 1 2 1434 103 957 154
195 0 3 1441 39 344 58
196 1 1 1449 2 17 3
197 1 1 1455 1 9 1
198 0 15 1460 69 260 103
199 1 56 1469 269 1136 403
200 1 1 1479 131790 1671264 197685
201 1 2 1485 2 17 3
202 0 2 1492 2 17 3
203 0 1 1499 32 279 48
204 1 3 1506 1 11 1
205 0 3 1514 1 10 1
206 1 11 1522 17752 99643 26628
207 1 3 1531 88 811 132
208 0 2 1539 1 11 1
209 0 1 1546 8 64 12
210 1 2 1553 1 10 1
211 1 21 1560 1 4 1
212 0 13 1569 20 67 30
213 0 3 1578 1 9 1
214 0 2 1586 41 362 61
215 0 1 1593 5 40 7
216 0 2 1599 345 3404 517
217 0 2 1606 1 9 1
218 0 1 1613 34 298 51
219 1 1 1619 953 9862 1429
220 0 4 1625 227 2194 340
221 1 4 1633 9 73 13
222 1 6 1641 16 52 24
223 1 2 1649 1 10 1
224 0 1 1656 1 12 1
225 1 8 1661 249 1045 373
226 0 14 1669 1 4 1
227 0 1 1678 2441 26348 3661
228 0 1 1684 1 9 1
229 0 1 1691 21 179 31
230 0 2 1697 320 3146 480
231 0 1 1704 2 17 3
232 0 2 1710 1 9 1
233 0 1 1717 3 25 4
234 1 2 1724 992 10285 1488
235 1 2 1731 4 33 6
236 1 2 1738 1 9 1
237 1 1 1745 2 17 3
238 1 8 1752 1250 5917 1875
239 1 2 1761 1 11 1
240 1 1 1768 9 72 13
241 0 2 1774 111218 1401457 166827
242 0 1 1781 13 108 19
243 1 1 1788 2 17 3
244 1 5 1795 11 90 16
245 1 1 1803 805858 10909511 1208787
246 1 1 1810 1 10 1
247 1 22 1814 692 3140 1038
248 0 3 1823 1 15 1
249 1 5 1831 5 40 7
250 1 1 1839 80 734 120
251 0 3 1846 3569616 50837578 5354424
252 0 2 1853 7207 81486 10810
253 1 1 1860 304 2981 456
254 1 1 1866 6 48 9
255 0 3 1871 1 9 1
256 0 1 1879 1 10 1
257 1 1 1885 223 2154 334
258 1 2 1890 1 10 1
259 0 2 1897 1 9 1
260 1 1 1904 37655 455199 56482
261 1 2 1910 2 17 3
262 1 4 1917 2035 21791 3052
263 0 9 1925 1 4 1
264 0 2 1934 258 2510 387
265 0 1 1941 22 188 33
266 1 2 1947 49 438 73
267 0 3 1954 5 41 7
268 1 15 1962 1 4 1
269 1 55 1971 3 9 4
270 0 6 1981 1 9 1
271 1 1 1989 11 90 16
272 0 4 1995 7128 80556 10692
273 0 4 2003 26 224 39
274 0 21 2011 41 147 61
275 0 14 2020 1 7 1
276 1 2 2029 30 261 45
277 0 2 2036 1392 14655 2088
278 0 6 2043 10 81 15
279 1 3 2051 735 7516 1102
280 0 6 2059 257 2500 385
281 1 5 2067 74 676 111
282 1 2 2075 1 11 1
283 1 10 2082 1 5 1
284 0 1 2091 43355 526996 65032
285 1 3 2096 2 17 3
286 0 15 2104 1 3 1
287 0 7 2113 1 3 1
288 1 1 2121 430 4288 645
289 0 5 2128 1 10 1
290 1 2 2136 54 485 81
291 0 1 2143 1 11 1
292 1 1 2149 588 5951 882
293 0 3 2155 1 10 1
294 0 2 2162 1 11 1
295 1 8 2169 6 18 9
296 1 4 2177 8 64 12
297 0 2 2185 3 25 4
298 0 4 2192 1 11 1
299 1 1 2200 1 9 1
300 1 4 2204 2 17 3
301 1 2 2212 53575 656588 80362
302 0 1 2219 1 10 1
303 1 1 2225 655 6662 982
304 1 10 2230 13 41 19
305 0 2 2239 347 3425 520
306 1 1 2246 1 9 1
307 1 4 2252 42 372 63
308 0 10 2260 1 5 1
309 1 4 2269 2 17 3
310 0 1 2277 1 10 1
311 0 3 2283 21 179 31
312 0 8 2291 309 1319 463
313 1 5 2300 346 3414 519
314 1 2 2308 1675 17782 2512
315 1 4 2315 158 1500 237
316 1 3 2323 1 9 1
317 0 2 2331 1 9 1
318 1 1 2338 1465 15459 2197
319 0 1 2344 199 1912 298
320 0 2 2350 4901 54519 7351
321 0 13 2357 9 27 13
322 1 3 2366 19 161 28
323 1 2 2374 5 40 7
324 0 4 2381 1 10 1
325 0 2 2389 1 10 1
326 1 8 2396 1 4 1
327 0 1 2404 4 33 6
328 1 3 2409 2898 31517 4347
329 1 3 2417 1 9 1
330 1 6 2425 19 161 28
331 1 1 2433 1 10 1
332 0 3 2439 1 10 1
333 1 3 2447 3 25 4
334 1 2 2454 153 1450 229
335 1 2 2461 13 108 19
336 1 1 2468 1 10 1
337 0 12 2474 1 4 1
338 1 3 2483 1 11 1
339 0 11 2491 63 235 94
340 1 5 2500 1 9 1
341 0 2 2508 74 675 111
342 1 13 2515 1676 8097 2514
343 0 1 2524 3 25 4
344 0 5 2530 1 11 1
345 1 4 2538 3 25 4
346 0 2 2546 1 10 1
347 0 3 2553 28835 344937 43252
348 1 2 2561 436 4351 654
349 0 4 2568 1524 16111 2286
350 0 1 2576 776 7955 1164
351 1 2 2582 63 570 94
352 1 1 2589 1 9 1
353 1 4 2594 26 224 39
354 1 11 2602 4 12 6
355 1 4 2611 2 17 3
356 1 15 2619 2 6 3
357 0 2 2628 145 1371 217
358 0 2 2635 10 81 15
359 1 3 2642 432 4309 648
360 0 3 2649 3 25 4
361 0 3 2657 1 9 1
362 0 2 2665 1 9 1
363 1 1 2672 1 11 1
364 1 3 2679 2 17 3
365 1 1 2686 1 10 1
366 0 1 2692 113 1055 169
367 0 2 2699 66026 815707 99039
368 1 3 2706 109 1016 163
369 0 3 2714 39 344 58
370 0 2 2722 1 10 1
371 0 3 2729 9 73 13
372 1 8 2737 1714 8293 2571
373 1 5 2745 1169 12211 1753
374 0 2 2753 1 8 1
375 1 5 2760 1 11 1
376 1 2 2768 1 9 1
377 1 5 2775 3 25 4
378 1 2 2783 30 261 45
379 1 5 2790 1 9 1
380 0 28 2798 4 12 6
381 1 18 2807 1 3 1
382 1 10 2816 1 4 1
383 1 1 2825 13 107 19
384 1 14 2831 24882 142446 37323
385 0 1 2840 1 11 1
386 1 5 2845 1 10 1
387 1 3 2853 1 11 1
388 1 25 2861 1 3 1
389 1 4 2870 535 5390 802
390 0 2 2878 18261 214500 27391
391 1 30 2885 2577 12818 3865
392 1 5 2894 1 9 1
393 1 3 2902 639 6492 958
394 1 3 2910 65 589 97
395 1 2 2918 817 8395 1225
396 0 16 2925 76 289 114
397 0 6 2934 2 17 3
398 0 4 2942 9 73 13
399 0 2 2950 273 2663 409
400 1 1 2957 104 967 156
401 0 1 2964 108 1006 162
402 1 1 2969 1 9 1
403 1 1 2974 271 2643 406
404 1 2 2980 8 64 12
405 1 1 2987 2 17 3
406 1 8 2993 1 4 1
407 0 2 3002 1 12 1
408 0 9 3009 1 4 1
409 1 7 3018 2 7 3
410 0 5 3026 1 9 1
411 0 3 3034 429 4277 643
412 0 7 3042 1 4 1
413 1 2 3050 62266 767528 93399
414 0 2 3057 365 3611 547
415 0 2 3064 262 2551 393
416 1 2 3071 34 298 51
417 0 2 3078 30 261 45
418 1 5 3085 1 9 1
419 0 6 3093 1 9 1
420 1 2 3101 6 48 9
421 0 2 3108 4736 52607 7104
422 0 1 3115 3 25 4
423 1 3 3122 1 10 1
424 0 5 3130 42 372 63
425 1 1 3138 2 17 3
426 0 11 3143 1 4 1
427 1 1 3152 297 2910 445
428 1 1 3158 503 5053 754
429 0 4 3163 1 9 1
430 1 4 3171 54162 664061 81243
431 1 5 3179 107 996 160
432 1 11 3187 1 4 1
433 0 4 3196 90 830 135
434 1 25 3204 1 3 1
435 0 8 3213 22 74 33
436 1 2 3221 350 3456 525
437 0 4 3228 115 1074 172
438 1 8 3236 108 423 162
439 0 25 3245 47 171 70
440 0 16 3254 20 67 30
441 1 7 3263 35 124 52
442 0 2 3271 1 9 1
443 0 7 3278 5 15 7
444 0 6 3286 66 599 99
445 1 3 3294 22 188 33
446 1 1 3302 1 10 1
447 1 2 3308 11 90 16
448 1 4 3315 7 56 10
449 0 4 3323 377 3736 565
450 0 5 3331 1 9 1
451 0 2 3339 1 10 1
452 0 7 3346 2 6 3
453 0 2 3354 7 56 10
454 1 1 3361 53795 659388 80692
455 1 18 3367 12 38 18
456 1 1 3376 684 6971 1026
457 1 3 3383 1 9 1
458 1 6 3391 1 9 1
459 1 3 3399 137 1292 205
460 1 3 3407 1 9 1
461 0 2 3415 447 4465 670
462 1 2 3422 1 10 1
463 1 2 3429 1 10 1
464 1 1 3436 2 17 3
465 0 2 3443 262 2551 393
466 1 9 3450 16 52 24
467 0 2 3459 118 1104 177
468 1 4 3466 2 17 3
469 1 14 3474 626 2820 939
470 1 75 3483 1 4 1
471 1 2 3493 1 9 1
472 1 4 3500 3933 43342 5899
473 1 1 3508 1 11 1
474 1 3 3514 253 2459 379
475 0 1 3521 155462 1983603 233193
476 0 4 3527 378 3746 567
477 0 10 3535 663 2999 994
478 1 3 3544 1 9 1
479 0 4 3552 2 17 3
480 1 4 3560 6 48 9
481 1 7 3568 56 207 84
482 1 1 3576 1 9 1
483 0 6 3581 1 10 1
484 1 1 3589 1 9 1
485 0 16 3595 1 5 1
486 1 3 3604 2 17 3
487 0 2 3611 1 11 1
