0 0 6 5 1 9 1
1 1 5 13 1 9 1
2 0 2 21 120 1124 180
3 0 6 28 1 9 1
4 1 2 36 49 437 73
5 1 5 43 1 11 1
6 0 1 51 12951 150022 19426
7 1 2 56 1 9 1
8 1 2 63 1 10 1
9 1 3 70 5 41 7
10 0 1 78 64 580 96
11 1 9 84 2 7 3
12 1 9 93 110 432 165
13 0 3 102 1 9 1
14 1 1 110 203 1952 304
15 1 18 116 7329 38991 10993
16 1 1 125 75 685 112
17 1 6 131 1 9 1
18 0 32 139 3 10 4
19 0 10 148 1 4 1
20 1 2 157 18 152 27
21 0 6 164 2 17 3
22 0 2 172 9 73 13
23 0 2 179 4472688 64176049 6709032
24 0 2 186 4 33 6
25 1 7 193 56 207 84
26 0 4 201 14 116 21
27 1 9 209 56 207 84
28 1 2 218 1 10 1
29 0 11 225 5053 26260 7579
30 0 3 234 11 90 16
31 0 3 242 1 11 1
32 1 4 249 9 73 13
33 1 1 257 12 99 18
34 0 2 263 54 485 81
35 1 1 270 1 9 1
36 0 4 276 1503 15879 2254
37 1 2 284 5 40 7
38 0 3 291 54 485 81
39 0 6 298 7 56 10
40 1 2 306 1 8 1
41 0 1 313 1 10 1
42 0 2 319 1 11 1
43 0 7 326 342 1472 513
44 1 1 334 21 179 31
45 0 19 340 1 3 1
46 1 1 349 1 10 1
47 1 20 353 8 24 12
48 1 1 362 3 25 4
49 0 3 368 64 580 96
50 0 1 376 14 116 21
51 0 3 381 697 7110 1045
52 0 4 389 24331 289103 36496
53 0 7 397 362 1565 543
54 0 2 405 20 170 30
55 0 16 412 1438 6875 2157
56 1 1 421 3 25 4
57 0 15 427 274 1159 411
58 0 1 436 68 618 102
59 1 1 442 1 9 1
60 1 6 448 111 1035 166
61 0 1 456 50 447 75
62 1 1 461 1 12 1
63 0 1 466 1 9 1
64 0 4 472 1 9 1
65 0 2 480 3 25 4
66 1 2 487 4 33 6
67 0 11 494 4 12 6
68 1 9 503 910 4212 1365
69 0 3 512 1 12 1
70 1 1 520 18 152 27
71 1 1 526 1 9 1
72 0 4 532 1 8 1
73 0 1 540 1 10 1
74 1 20 546 4 12 6
75 1 6 555 18 152 27
76 1 2 563 11 90 16
77 1 1 570 36 316 54
78 0 2 576 2 17 3
79 0 2 583 1 11 1
80 1 1 590 24 206 36
81 0 9 596 46 167 69
82 1 2 605 18 152 27
83 0 1 612 2 17 3
84 1 18 618 1 4 1
85 1 7 627 1 3 1
86 0 4 635 2 17 3
87 1 1 643 3 25 4
88 1 2 649 1 10 1
89 0 7 656 30 104 45
90 0 1 664 112 1045 168
91 1 2 670 634 6438 951
92 1 4 677 6 48 9
93 1 3 685 1248 13075 1872
94 0 11 693 1 4 1
95 1 4 702 1 9 1
96 1 7 710 1 4 1
97 1 8 718 10 31 15
98 0 5 727 1 9 1
99 0 19 735 1 3 1
100 1 3 744 1 10 1
101 0 3 751 76 695 114
102 0 2 759 3552 38972 5328
103 0 11 766 31 108 46
104 0 13 775 49 179 73
105 1 1 784 10 81 15
106 0 4 790 1 9 1
107 1 6 798 1 9 1
108 1 6 806 1615 17117 2422
109 1 1 814 1 9 1
110 0 2 820 185 1771 277
111 0 1 827 13211 153158 19816
112 1 3 832 1 10 1
113 0 5 840 12 99 18
114 0 2 848 1 9 1
115 1 1 855 9 72 13
116 1 1 861 1 9 1
117 1 10 868 1035 4835 1552
118 1 6 877 1 11 1
119 1 4 885 2 17 3
120 0 9 893 578 2588 867
121 1 6 902 11 90 16
122 1 1 910 443331 5876392 664996
123 1 1 916 8 64 12
124 1 7 923 6078 31959 9117
125 1 2 931 8073 91711 12109
126 1 2 938 1 10 1
127 1 1 945 1 11 1
128 0 3 952 96 888 144
129 0 1 960 1 8 1
130 1 6 966 911 9408 1366
131 0 4 974 177 1690 265
132 1 6 982 31 108 46
133 1 3 990 109 1016 163
134 0 1 997 1 10 1
135 1 2 1002 3 25 4
136 0 1 1009 1 10 1
137 1 2 1014 1 9 1
138 1 8 1021 3 9 4
139 0 5 1029 4 33 6
140 1 5 1037 1 9 1
141 1 2 1045 1 8 1
142 1 1 1052 13 107 19
143 0 2 1059 1 9 1
144 0 1 1066 1 8 1
145 1 2 1071 1 9 1
146 1 6 1078 5 40 7
147 0 5 1086 19785 233152 29677
148 0 2 1094 104 967 156
149 1 4 1101 1 9 1
150 0 2 1109 3 25 4
151 0 2 1116 64 580 96
152 1 12 1123 1 3 1
153 1 9 1132 2 7 3
154 1 6 1141 3 25 4
155 1 3 1149 1 10 1
156 1 14 1156 1 4 1
157 1 1 1165 124 1163 186
158 1 18 1171 15770 87900 23655
159 1 3 1180 1 9 1
160 1 4 1187 3 25 4
161 1 1 1195 41 363 61
162 0 5 1202 2 17 3
163 1 3 1210 197 1891 295
164 1 1 1218 8176 92930 12264
165 0 3 1224 11 90 16
166 1 2 1231 1 10 1
167 0 3 1238 3310 36206 4965
168 0 2 1246 1 9 1
169 0 2 1253 1 9 1
170 0 4 1260 5 41 7
171 0 4 1268 1 9 1
172 0 1 1276 1 9 1
173 1 6 1282 1 9 1
174 1 2 1290 558 5633 837
175 1 2 1297 1342 14106 2013
176 1 2 1304 1 10 1
177 0 1 1311 1 9 1
178 0 8 1317 44 159 66
179 1 3 1325 2 17 3
180 1 5 1333 135 1271 202
181 1 5 1341 2 17 3
182 1 9 1349 111 436 166
183 1 6 1358 19 161 28
184 0 8 1366 251 1054 376
185 0 5 1374 29 252 43
186 0 2 1382 4985 55494 7477
187 0 11 1389 326 1398 489
188 0 5 1398 59 532 88
189 1 8 1406 344 1481 516
190 0 3 1414 131 1232 196
191 1 2 1422 58 523 87
192 0 2 1429 193 1851 289
193 0 6 1436 741 7580 1111
194 0 7 1444 37068 217103 55602
195 0 1 1452 4 33 6
196 0 4 1458 12 98 18
197 1 1 1466 1 10 1
198 0 14 1472 2 7 3
199 0 8 1481 37 131 55
200 1 1 1490 1273 13349 1909
201 1 2 1495 73 666 109
202 0 8 1502 67145 406469 100717
203 1 6 1510 23 197 34
204 1 3 1518 8577 97682 12865
205 1 7 1526 817 3753 1225
206 0 6 1534 73 666 109
207 1 2 1542 39 344 58
208 0 2 1549 4 33 6
209 0 3 1556 1 10 1
210 1 5 1564 23 197 34
211 1 1 1572 1 12 1
212 0 5 1578 1 9 1
213 1 35 1586 20 66 30
214 0 2 1595 7839 88944 11758
215 1 17 1602 1 3 1
216 0 5 1611 11 90 16
217 1 1 1619 1 11 1
218 1 1 1625 154 1460 231
219 0 1 1631 1 10 1
220 1 2 1637 1 10 1
221 1 3 1644 21 179 31
222 1 8 1651 6796 35985 10194
223 0 1 1660 7 56 10
224 0 1 1665 10 81 15
225 1 6 1671 8512 96911 12768
226 0 4 1679 110 1026 165
227 0 2 1687 1 12 1
228 1 5 1694 12 99 18
229 0 7 1702 132 526 198
230 1 3 1710 3 25 4
231 1 11 1718 598 2685 897
232 1 6 1727 1548 16376 2322
233 0 6 1735 207 1992 310
234 0 1 1743 3 25 4
235 0 2 1748 8 64 12
236 0 2 1755 6 48 9
237 1 2 1762 1 8 1
238 0 5 1769 48 428 72
239 1 4 1777 1 10 1
240 0 1 1785 20 170 30
241 1 6 1791 3 25 4
242 0 8 1799 10 31 15
243 0 15 1808 17 56 25
244 1 1 1817 1659 17604 2488
245 0 4 1823 1 10 1
246 1 1 1831 8 64 12
247 0 2 1837 4 33 6
248 0 1 1844 19 161 28
249 1 2 1850 162 1540 243
250 1 2 1857 4892 54415 7338
251 0 2 1864 1 9 1
252 1 2 1871 1 9 1
253 0 1 1878 10 81 15
254 1 1 1884 95 879 142
255 0 2 1890 374 3704 561
256 0 2 1897 2 17 3
257 1 2 1904 1 11 1
258 1 8 1911 3897 19917 5845
259 1 12 1920 102 397 153
260 0 2 1929 2 17 3
261 0 3 1936 1 8 1
262 0 10 1944 1 4 1
263 0 19 1953 1 3 1
264 0 38 1962 7 21 10
265 1 2 1972 4 33 6
266 1 3 1979 1 10 1
267 0 9 1986 60282 362771 90423
268 1 7 1995 1 4 1
269 1 1 2003 1678 17815 2517
270 1 1 2009 39 344 58
271 1 2 2016 34624978 530333302 51937467
272 1 2 2023 1 10 1
273 0 3 2030 6 48 9
274 1 2 2037 1 11 1
275 0 2 2044 5941 66629 8911
276 0 6 2051 132 1242 198
277 1 20 2059 15 48 22
278 0 1 2068 2 17 3
279 1 1 2074 2 17 3
280 0 1 2080 55 494 82
281 1 2 2086 6 48 9
282 1 14 2093 152 613 228
283 1 18 2102 1083 5075 1624
284 1 8 2111 35 123 52
285 1 8 2120 2 6 3
286 1 3 2128 205 1972 307
287 1 6 2136 1 9 1
288 1 1 2144 29 251 43
289 0 1 2148 1 9 1
290 1 3 2154 16 134 24
291 0 4 2161 1 8 1
292 0 9 2169 132 526 198
293 0 2 2178 25 215 37
294 0 2 2185 5949 66722 8923
295 0 3 2192 524 5274 786
296 1 3 2200 4 33 6
297 1 4 2208 1 12 1
298 0 2 2216 35 307 52
299 1 6 2223 1 9 1
300 1 8 2231 2 7 3
301 1 2 2239 1 9 1
302 1 2 2246 3 25 4
303 1 3 2253 34 297 51
304 0 3 2261 2 17 3
305 0 2 2268 1 9 1
306 0 1 2275 17 143 25
307 0 1 2281 1 9 1
308 0 3 2287 1 10 1
309 1 4 2294 3 25 4
310 1 2 2302 53 475 79
311 0 1 2309 197 1891 295
312 0 3 2315 2 17 3
313 0 1 2323 3084 33631 4626
314 1 2 2329 11 90 16
315 0 2 2336 32 279 48
316 0 33 2343 1 4 1
317 0 2 2352 1 9 1
318 1 3 2359 107 996 160
319 1 19 2367 9577 51799 14365
320 0 2 2376 20 170 30
321 0 6 2383 1 10 1
322 1 1 2391 273 2663 409
323 0 7 2397 5 15 7
324 0 2 2405 12 98 18
325 1 1 2412 1 9 1
326 0 2 2417 4 33 6
327 1 4 2424 1321 13875 1981
328 1 2 2432 8 64 12
329 0 28 2439 1 5 1
330 1 2 2448 132 1242 198
331 0 1 2455 65 589 97
332 1 2 2461 7 56 10
333 0 3 2468 1 11 1
334 1 16 2476 194 798 291
335 1 1 2485 1 9 1
336 1 15 2490 5 15 7
337 0 2 2499 9263 105832 13894
338 1 11 2506 165 670 247
339 1 1 2515 109 1016 163
340 0 2 2520 210 2022 315
341 1 1 2527 111 1035 166
342 0 3 2534 149 1410 223
343 1 5 2542 16 134 24
344 1 2 2550 1 10 1
345 0 2 2557 1 11 1
346 0 6 2564 1 10 1
347 0 8 2572 33 116 49
348 1 7 2581 1897 9243 2845
349 1 5 2589 1 10 1
350 1 2 2597 1784 18992 2676
351 1 46 2604 45 163 67
352 1 3 2614 3 25 4
353 1 2 2622 23 197 34
354 1 4 2629 1 9 1
355 1 2 2637 154513 1971046 231769
356 0 1 2644 8 64 12
357 0 13 2651 3 9 4
358 0 3 2660 16 134 24
359 1 3 2668 1 10 1
360 0 7 2675 1 5 1
361 0 3 2683 1 10 1
362 0 3 2691 1 11 1
363 0 2 2699 761 7794 1141
364 0 1 2706 1 8 1
365 0 1 2712 1 8 1
366 0 1 2718 1 10 1
367 0 2 2724 1 9 1
368 0 9 2731 4 12 6
369 0 6 2740 696 7099 1044
370 0 1 2748 1 9 1
371 1 3 2753 6 48 9
372 1 2 2761 283 2766 424
373 1 29 2768 1 4 1
374 0 2 2777 9 72 13
375 1 2 2784 8 64 12
376 0 1 2791 1 10 1
377 0 6 2797 9 73 13
378 0 1 2805 5909 66255 8863
379 1 5 2812 1 8 1
380 0 1 2820 10 81 15
381 1 1 2826 2744 29771 4116
382 1 2 2832 26 224 39
383 0 9 2839 9 27 13
384 1 2 2848 2 17 3
385 0 1 2855 1 9 1
386 0 8 2859 1 4 1
387 1 1 2868 1 10 1
388 0 2 2874 1 9 1
389 1 13 2881 426 1865 639
390 1 1 2890 9 73 13
391 1 2 2896 62 561 93
392 0 1 2903 168 1600 252
393 0 1 2909 1 9 1
394 1 2 2915 1 11 1
395 0 2 2922 1 10 1
396 0 3 2929 3 25 4
397 0 4 2937 3 25 4
398 0 2 2945 2 17 3
399 1 8 2952 1 3 1
400 1 4 2961 50 447 75
401 1 8 2969 51 187 76
402 1 5 2977 1 9 1
403 1 1 2985 1 9 1
404 0 5 2991 34 298 51
405 1 8 2999 4 12 6
406 0 2 3008 1 9 1
407 1 10 3015 1 5 1
408 0 7 3024 69 260 103
409 0 3 3032 1 9 1
410 0 1 3040 2190 23527 3285
411 0 1 3046 42 372 63
412 0 2 3051 675 6875 1012
413 1 1 3058 10 81 15
414 1 3 3064 4 33 6
415 0 1 3072 3813 41963 5719
416 1 2 3079 1 11 1
417 1 1 3086 1 9 1
418 0 5 3091 1020 10589 1530
419 0 4 3099 7 56 10
420 0 2 3107 71251 882826 106876
421 0 2 3114 1 9 1
422 1 2 3121 2 17 3
423 0 8 3128 1 3 1
424 0 1 3137 41 363 61
425 0 3 3143 10288393 151676260 15432589
426 0 2 3151 9 72 13
427 1 9 3158 1 3 1
428 1 3 3167 30 261 45
429 1 1 3175 18 152 27
430 0 3 3181 1 12 1
431 1 5 3189 1 11 1
432 0 1 3197 62 561 93
433 1 2 3203 11 90 16
434 1 3 3210 1 10 1
435 1 5 3218 415 4131 622
436 1 2 3226 1 11 1
437 0 5 3233 31422 377161 47133
438 1 3 3241 476 4769 714
439 0 2 3249 1 12 1
440 1 1 3256 1 11 1
441 0 2 3263 13 107 19
442 1 1 3270 320 3146 480
443 0 2 3277 1 11 1
444 0 1 3284 96 889 144
445 1 2 3290 1 9 1
446 1 4 3297 1 10 1
447 1 4 3305 1 10 1
448 1 12 3313 5 15 7
449 1 1 3322 1 9 1
450 0 7 3328 6 18 9
451 0 2 3336 69 628 103
452 0 2 3343 1 10 1
453 1 4 3350 204 1962 306
454 1 1 3358 5 40 7
455 0 2 3365 1 9 1
456 0 6 3372 13 107 19
457 0 1 3380 1 10 1
458 0 1 3386 3 25 4
459 0 1 3391 1 11 1
460 0 3 3397 1 9 1
461 0 2 3405 250 2429 375
462 0 2 3412 2769 30055 4153
463 0 30 3419 1247 5902 1870
464 0 1 3428 1 9 1
465 1 2 3431 5 40 7
466 0 27 3438 135 539 202
467 1 1 3447 1 10 1
468 1 2 3453 1 10 1
469 0 8 3460 3 10 4
470 1 4 3469 5 40 7
471 0 4 3477 3 25 4
472 1 4 3485 592131 7929809 888196
473 1 2 3493 1 10 1
474 1 7 3500 40 143 60
475 1 6 3508 8 24 12
476 0 6 3516 1 4 1
477 1 4 3524 2 17 3
478 0 1 3532 1 10 1
479 1 1 3537 1 11 1
480 1 1 3542 1 12 1
481 1 2 3547 5 40 7
482 0 3 3554 1 9 1
483 0 1 3562 1 9 1
484 0 18 3568 459 2020 688
485 0 3 3577 701 7153 1051
486 0 2 3585 4 33 6
487 0 5 3592 2474 26721 3711
488 1 1 3600 14 116 21
489 1 1 3606 29 252 43
