0 0 4 5 2 17 3
1 0 9 13 1 4 1
2 0 3 22 9 72 13
3 0 2 29 12009 138681 18013
4 1 3 35 1 9 1
5 1 4 42 1 11 1
6 1 1 50 177 1690 265
7 0 3 54 6 48 9
8 0 2 61 5686 63651 8529
9 1 3 67 1 9 1
10 0 1 75 156 1480 234
11 1 4 80 2 17 3
12 1 1 88 2572 27826 3858
13 0 2 94 41 362 61
14 0 8 101 1 4 1
15 1 4 110 2 17 3
16 1 11 118 2 7 3
17 0 2 128 16 134 24
18 0 1 134 267 2602 400
19 0 2 138 1 10 1
20 1 2 144 1 10 1
21 1 5 151 332 3270 498
22 0 1 159 1341 14095 2011
23 1 9 163 13467 74359 20200
24 1 5 172 216 2083 324
25 1 2 180 1 10 1
26 1 8 186 19 63 28
27 0 1 195 4 33 6
28 0 2 197 1 10 1
29 0 2 204 1 9 1
30 0 48 211 29 101 43
31 1 2 223 227 2195 340
32 0 2 229 1 9 1
33 1 5 236 1907 20362 2860
34 1 1 244 1 10 1
35 1 6 249 1 10 1
36 1 21 258 19 63 28
37 1 1 269 104 967 156
38 1 6 273 1 11 1
39 1 4 282 3 25 4
40 1 2 290 6 48 9
41 1 1 296 48 428 72
42 0 4 301 53 475 79
43 0 2 309 1 13 1
44 1 9 315 1 4 1
45 1 16 324 1 3 1
46 0 4 334 1 9 1
47 1 4 342 1 11 1
48 0 10 350 1 5 1
49 0 15 360 1 3 1
50 1 2 370 2 17 3
51 1 1 376 112 1045 168
52 0 5 380 267 2602 400
53 0 3 389 1 9 1
54 1 3 396 1 10 1
55 1 1 404 9710 111156 14565
56 1 1 407 6 48 9
57 1 1 410 1 10 1
58 1 3 415 745 7623 1117
59 1 3 422 1144 11938 1716
60 0 8 430 3666 18662 5499
61 0 5 439 13 107 19
62 1 3 447 3 25 4
63 1 4 455 10939 125842 16408
64 1 5 463 4 33 6
65 1 3 471 10 81 15
66 0 5 479 1 11 1
67 0 1 487 1 11 1
68 1 13 492 1 3 1
69 0 1 502 52 466 78
70 0 1 507 1 12 1
71 1 5 513 1 9 1
72 0 3 521 2 17 3
73 1 2 529 782 8020 1173
74 1 3 535 113 1055 169
75 1 8 542 27 93 40
76 0 2 551 89 821 133
77 0 2 557 1 9 1
78 0 1 563 4337 47994 6505
79 0 3 569 1 10 1
80 1 3 576 1 11 1
81 0 2 583 1 10 1
82 1 12 589 1 4 1
83 0 2 599 19 161 28
84 0 3 605 3 25 4
85 1 3 613 18 152 27
86 1 7 621 3 9 4
87 0 2 630 1 11 1
88 0 4 636 1 9 1
89 1 3 644 1 12 1
90 0 3 651 5 40 7
91 1 1 659 710 7249 1065
92 0 1 664 1780 18948 2670
93 1 1 668 44285 538745 66427
94 0 1 673 951 9841 1426
95 0 2 678 67 609 100
96 0 1 684 8003 90883 12004
97 0 1 688 18 152 27
98 0 2 693 3 25 4
99 1 6 699 1 3 1
100 1 1 708 1 9 1
101 0 28 710 4 12 6
102 1 2 721 36871 445355 55306
103 1 4 728 4 33 6
104 0 4 736 2151 23090 3226
105 0 4 744 31 270 46
106 0 10 752 194 798 291
107 0 2 762 1 11 1
108 0 53 769 1 4 1
109 0 2 781 3071 33483 4606
110 1 1 787 4 33 6
111 1 4 790 216 2083 324
112 1 8 798 3064 15415 4596
113 0 1 807 22 188 33
114 1 3 812 857 8826 1285
115 0 5 819 15 125 22
116 1 3 827 1 9 1
117 1 3 834 173 1650 259
118 0 3 842 2 17 3
119 1 1 849 247 2398 370
120 0 2 854 898 9268 1347
121 0 2 861 1 9 1
122 0 1 868 3 25 4
123 1 2 874 1 8 1
124 0 2 881 382 3788 573
125 1 3 887 125 1173 187
126 0 9 894 1 4 1
127 0 9 903 4 12 6
128 0 5 912 10 81 15
129 1 11 920 8 24 12
130 0 10 930 191924 1228572 287886
131 1 3 940 2 17 3
132 0 2 948 7 56 10
133 0 3 954 1 12 1
134 1 1 961 1 9 1
135 1 2 967 1 11 1
136 0 2 974 69 628 103
137 1 4 981 1 10 1
138 1 1 989 15 125 22
139 0 30 993 1 4 1
140 1 4 1004 802 8234 1203
141 0 2 1012 1 11 1
142 0 1 1018 682 6950 1023
143 0 1 1023 15 125 22
144 0 1 1027 179 1710 268
145 0 20 1032 1 3 1
146 1 35 1043 1100 5161 1650
147 0 4 1054 2 17 3
148 0 3 1062 15 125 22
149 1 1 1070 22 188 33
150 0 1 1074 7 56 10
151 0 2 1080 1 10 1
152 1 1 1087 895 9236 1342
153 0 2 1092 1935 20674 2902
154 1 6 1099 3 25 4
155 1 2 1108 27 233 40
156 1 4 1114 6 48 9
157 1 1 1122 3 25 4
158 1 2 1127 32 279 48
159 1 4 1133 1 10 1
160 0 4 1141 1 10 1
161 1 45 1149 2 6 3
162 1 11 1161 890 4113 1335
163 0 1 1171 57 513 85
164 0 40 1174 22 74 33
165 0 7 1186 198441 1272484 297661
166 1 4 1195 326 3208 489
167 0 13 1203 1 3 1
168 0 1 1213 1 9 1
169 0 47 1218 16 52 24
170 0 1 1230 2 17 3
171 0 2 1236 6 48 9
172 0 10 1242 1685 8144 2527
173 1 3 1252 10 81 15
174 1 2 1260 2 17 3
175 0 1 1266 9 73 13
176 0 1 1269 107 996 160
177 1 2 1272 12280 141940 18420
178 0 2 1279 1 10 1
179 0 3 1286 1 9 1
180 0 3 1293 1 8 1
181 0 4 1300 7 56 10
182 1 3 1308 2921 31778 4381
183 1 5 1316 12295 142120 18442
184 1 2 1324 1 10 1
185 0 6 1330 318 1361 477
186 1 3 1339 14 116 21
187 0 7 1346 18 59 27
188 1 2 1355 1 10 1
189 0 4 1362 2 17 3
190 1 12 1370 1 4 1
191 0 9 1380 1 4 1
192 1 1 1389 55 494 82
193 1 2 1394 21 179 31
194 1 1 1401 1 10 1
195 0 6 1406 352 1518 528
196 1 1 1415 323 3177 484
197 0 5 1421 1 10 1
198 0 1 1430 973 10079 1459
199 1 4 1435 33 288 49
200 1 6 1443 1 9 1
201 1 1 1452 1 11 1
202 0 2 1456 62 561 93
203 0 1 1462 29 251 43
204 1 5 1467 1039 10795 1558
205 0 1 1476 1 9 1
206 0 3 1479 136 1282 204
207 1 8 1486 5 15 7
208 0 2 1495 1 12 1
209 1 2 1501 469 4696 703
210 0 7 1507 119 470 178
211 1 1 1516 41 362 61
212 0 4 1521 1 10 1
213 1 22 1529 84 322 126
214 1 2 1540 1631 17294 2446
215 0 7 1547 208 860 312
216 0 7 1556 2 6 3
217 0 3 1565 1 12 1
218 1 1 1573 5118 57038 7677
219 0 2 1578 1 8 1
220 1 3 1585 4742 52676 7113
221 1 2 1592 130 1222 195
222 0 1 1599 16 134 24
223 1 5 1605 4388 48583 6582
224 0 9 1613 5 15 7
225 0 2 1622 1 9 1
226 1 21 1629 118 466 177
227 1 3 1640 1394 14677 2091
228 0 1 1647 3 25 4
229 0 3 1652 1 9 1
230 0 21 1659 15112 84019 22668
231 1 2 1670 1 10 1
232 0 1 1677 3521 38617 5281
233 0 11 1681 5559 29065 8338
234 0 1 1691 1 10 1
235 1 1 1695 7 56 10
236 0 2 1700 10142 116310 15213
237 0 2 1707 24707 293751 37060
238 1 5 1713 1 10 1
239 0 4 1721 1 11 1
240 1 1 1729 4 33 6
241 0 2 1731 19 161 28
242 1 21 1738 9 27 13
243 0 3 1749 246 2387 369
244 1 12 1756 1 4 1
245 0 69 1766 2 6 3
246 1 1 1778 11 90 16
247 1 16 1782 2 7 3
248 1 2 1792 6 48 9
249 1 1 1798 1 9 1
250 1 2 1801 1623 17206 2434
251 1 2 1808 2 17 3
252 0 13 1815 3674 18706 5511
253 0 1 1825 85 782 127
254 0 5 1828 371 3673 556
255 0 2 1836 495679 6596438 743518
256 0 1 1842 2 17 3
257 0 1 1848 13 108 19
258 0 7 1853 806 3698 1209
259 0 3 1862 5 41 7
260 0 4 1870 1 9 1
261 0 5 1878 438 4371 657
262 0 1 1886 17 143 25
263 1 2 1891 1 10 1
264 1 2 1897 37 325 55
265 1 1 1903 2082 22317 3123
266 0 5 1906 93 859 139
267 1 2 1914 189 1811 283
268 1 2 1920 1275 13371 1912
269 1 5 1926 1 10 1
270 1 18 1934 2 7 3
271 1 1 1944 12 99 18
272 1 1 1949 1 11 1
273 1 2 1954 1 9 1
274 0 3 1961 3 25 4
275 0 4 1969 209 2012 313
276 1 1 1977 3686 40506 5529
277 0 2 1982 338 3332 507
278 0 1 1988 2 17 3
279 0 4 1994 1 11 1
280 0 1 2002 11 90 16
281 0 3 2006 15 125 22
282 1 4 2013 17 143 25
283 1 2 2021 1 9 1
284 1 1 2028 54 485 81
285 0 9 2033 2 7 3
286 1 1 2042 7021 79296 10531
287 1 2 2047 16 134 24
288 1 5 2053 27 233 40
289 0 2 2061 1469 15504 2203
290 0 2 2068 3 25 4
291 1 2 2074 467 4675 700
292 0 3 2080 41 362 61
293 0 4 2087 72 656 108
294 0 2 2095 18 152 27
295 1 3 2101 3 25 4
296 0 2 2109 61 551 91
297 0 2 2115 3 25 4
298 1 3 2122 2 17 3
299 1 1 2129 1 9 1
300 1 3 2135 181 1730 271
301 0 13 2142 1 4 1
302 1 2 2152 1 9 1
303 1 2 2158 1 9 1
304 1 4 2164 387 3839 580
305 0 9 2172 1 3 1
306 1 2 2181 10 81 15
307 1 3 2188 22 188 33
308 0 2 2196 1 10 1
309 1 2 2203 4 33 6
310 1 7 2210 1200 5664 1800
311 1 3 2219 1 9 1
312 0 2 2226 11 90 16
313 1 2 2233 493 4948 739
314 1 3 2240 164 1560 246
315 0 4 2248 373 3694 559
316 1 5 2256 4 33 6
317 0 1 2264 1 10 1
318 0 3 2268 1032623 14100511 1548934
319 1 1 2275 1 11 1
320 0 1 2279 8 64 12
321 1 2 2283 36 316 54
322 0 9 2289 198 816 297
323 1 4 2298 15 125 22
324 0 4 2306 2 17 3
325 1 27 2314 1 4 1
326 1 2 2325 2 17 3
327 0 17 2332 636 2868 954
328 0 3 2342 1 10 1
329 0 10 2349 2 6 3
330 0 1 2359 2 17 3
331 0 3 2365 1 9 1
332 0 2 2373 145 1371 217
333 1 2 2379 166 1580 249
334 0 9 2386 1 3 1
335 0 1 2395 1 10 1
336 1 3 2399 2 17 3
337 1 2 2406 29 252 43
338 0 1 2413 5068 56457 7602
339 0 4 2415 3 25 4
340 1 12 2423 28 97 42
341 0 2 2433 107155 1348373 160732
342 1 1 2439 7 56 10
343 0 3 2444 5 40 7
344 0 5 2451 941 9733 1411
345 0 2 2459 1 9 1
346 0 2 2465 3 25 4
347 0 7 2472 545 2430 817
348 1 2 2481 1 9 1
349 1 1 2488 146 1381 219
350 1 2 2494 27 233 40
351 0 1 2500 568 5739 852
352 1 9 2505 3 9 4
353 0 12 2514 401509 2668329 602263
354 1 2 2524 1 9 1
355 1 4 2530 3 25 4
356 1 1 2538 98 908 147
357 0 1 2543 110 1025 165
358 0 15 2545 1 4 1
359 0 2 2555 89 821 133
360 0 1 2561 1 8 1
361 0 14 2566 1 4 1
362 0 1 2576 1 10 1
363 1 1 2578 211 2033 316
364 0 5 2583 1600 16951 2400
365 0 3 2591 57 513 85
366 0 7 2599 10 31 15
367 1 1 2608 2 17 3
368 1 1 2610 50956 623282 76434
369 1 16 2614 2 7 3
370 0 4 2624 18183 213547 27274
371 1 1 2632 1 9 1
372 1 1 2637 1 11 1
373 0 8 2642 1 4 1
374 0 2 2651 49308 602358 73962
375 1 2 2657 1 10 1
376 1 1 2664 66 599 99
377 1 1 2668 1 10 1
378 0 3 2673 5 40 7
379 1 5 2680 68 618 102
380 0 2 2688 1 9 1
381 0 1 2694 14273 165992 21409
382 0 2 2698 3 25 4
383 1 10 2705 1 3 1
384 1 1 2715 6 48 9
385 0 6 2720 1 9 1
386 1 2 2729 1 9 1
387 0 3 2735 61061 752110 91591
388 1 2 2742 6 48 9
389 1 1 2749 1 10 1
390 0 19 2754 1 3 1
391 1 2 2765 7 56 10
392 1 4 2771 43917 534095 65875
393 1 1 2779 1 9 1
394 0 1 2784 1 10 1
395 1 1 2790 23 197 34
396 1 1 2795 2 17 3
397 1 8 2800 1 4 1
398 0 1 2809 1 9 1
399 0 5 2814 120 1124 180
400 0 2 2822 6 48 9
401 0 46 2828 9 27 13
402 1 1 2840 21 179 31
403 1 1 2845 8 64 12
404 1 5 2850 1 9 1
405 0 8 2859 1 4 1
406 1 10 2868 3 10 4
407 0 1 2878 10 81 15
408 0 2 2884 1 10 1
409 0 6 2890 14 116 21
410 1 6 2899 1 10 1
411 1 5 2908 46 409 69
412 0 35 2916 6621 35002 9931
413 0 7 2927 53 195 79
414 0 6 2936 5 41 7
415 0 14 2945 45 163 67
416 1 9 2955 46 167 69
417 1 1 2964 960 9938 1440
418 1 1 2968 27 233 40
419 1 4 2973 1 9 1
420 0 2 2981 1 10 1
421 1 1 2987 692 7056 1038
422 1 8 2991 1 4 1
423 1 3 3000 10 81 15
424 0 1 3007 1 9 1
425 1 4 3013 5210 58107 7815
426 0 3 3021 654 6652 981
427 1 1 3028 1 8 1
428 1 2 3033 696 7099 1044
429 1 1 3039 1 9 1
430 0 1 3045 13 107 19
431 1 1 3050 18 152 27
432 0 3 3055 1461 15415 2191
433 0 6 3062 43 381 64
434 0 3 3071 2938 31971 4407
435 0 3 3078 1 9 1
436 1 2 3085 7818 88695 11727
437 0 1 3092 7 56 10
438 1 1 3095 1 10 1
439 1 2 3100 252 2449 378
440 1 7 3107 1 5 1
441 0 1 3116 17 143 25
442 1 22 3120 892 4123 1338
443 1 2 3131 1 11 1
444 1 10 3137 10 31 15
445 0 1 3147 5 40 7
446 0 4 3152 8 64 12
447 0 9 3160 1 3 1
448 0 4 3169 9 73 13
449 1 1 3177 34 297 51
450 1 8 3182 729 3321 1093
451 0 4 3191 121 1133 181
452 0 5 3199 17 143 25
453 0 10 3207 7 21 10
454 0 16 3216 73 276 109
455 0 6 3226 1 10 1
456 1 2 3235 1 9 1
457 0 1 3241 3 25 4
458 1 1 3247 1 8 1
459 0 1 3251 1 11 1
460 0 4 3256 12 98 18
461 1 6 3264 805 8267 1207
462 1 7 3273 3 10 4
463 0 1 3282 5 40 7
464 1 1 3287 1 10 1
465 1 1 3291 28 242 42
466 0 1 3294 1 11 1
467 1 3 3300 585 5919 877
468 1 3 3307 191 1831 286
469 0 2 3314 35 307 52
470 1 3 3321 186 1781 279
471 0 89 3328 65 244 97
472 1 2 3341 2 17 3
473 0 4 3347 1 10 1
474 1 33 3355 4 12 6
475 0 1 3366 340 3352 510
476 0 3 3371 23602 280102 35403
477 1 1 3379 8159 92729 12238
478 0 5 3384 1420 14963 2130
479 0 1 3392 2 17 3
480 1 6 3397 1 10 1
481 1 18 3406 216 896 324
482 1 2 3416 6 48 9
483 1 1 3423 539 5433 808
484 0 3 3428 1 9 1
485 1 2 3435 1 10 1
486 0 10 3442 14 45 21
487 0 3 3451 43 381 64
488 0 1 3459 3 25 4
489 0 1 3465 26175 311918 39262
490 0 6 3471 5 40 7
491 1 2 3480 1 10 1
492 1 5 3487 12 98 18
493 1 8 3495 1 5 1
494 0 5 3504 8 64 12
495 0 2 3512 28 242 42
496 1 1 3518 1 8 1
497 0 2 3524 1 9 1
498 1 2 3531 23 197 34
499 0 21 3538 1 4 1
500 1 9 3549 1 4 1
501 1 1 3558 3 25 4
502 1 22 3561 1 3 1
503 0 7 3572 13 41 19
504 0 27 3581 1509 7238 2263
505 0 1 3592 2 17 3
506 1 2 3597 13 107 19
507 0 3 3603 1 11 1
508 0 2 3610 2 17 3
