0 1 1 5 1 10 1
1 1 1 9 4 33 6
2 1 1 13 106 986 159
3 0 5 16 1 3 1
4 1 7 24 97 377 145
5 1 3 33 251 1054 376
6 0 1 40 6 48 9
7 1 6 45 145 582 217
8 0 2 54 221 2134 331
9 0 1 60 1 9 1
10 0 3 66 65 243 97
11 0 1 73 1 9 1
12 1 2 77 2 17 3
13 1 5 83 5 15 7
14 0 1 91 10 81 15
15 0 7 97 1 6 1
16 1 1 106 5 41 7
17 1 1 108 18 152 27
18 1 2 113 18 152 27
19 0 1 119 1 11 1
20 0 14 122 1 4 1
21 1 2 132 39 344 58
22 1 28 138 116912 729206 175368
23 0 1 149 1 13 1
24 1 1 152 1 9 1
25 1 10 157 7917 42322 11875
26 0 1 167 1 11 1
27 1 5 170 2 6 3
28 1 18 178 1 4 1
29 1 3 188 2 6 3
30 0 3 196 2 17 3
31 0 4 203 398 1733 597
32 1 5 211 1 6 1
33 1 1 219 9723 111311 14584
34 1 3 223 21 179 31
35 1 6 230 1 5 1
36 1 10 239 4 12 6
37 0 10 249 14 45 21
38 1 8 259 1 4 1
39 0 2 268 3513 38525 5269
40 0 3 274 18 152 27
41 1 3 281 1 6 1
42 1 3 288 810 3718 1215
43 1 2 296 83 762 124
44 0 5 302 2 6 3
45 0 3 311 10 31 15
46 1 8 318 1 4 1
47 0 4 327 3 9 4
48 1 4 335 2 6 3
49 1 1 343 1 9 1
50 0 1 348 2797 30372 4195
51 1 1 352 1 10 1
52 1 3 356 24 82 36
53 0 3 363 1 10 1
54 0 3 370 24 206 36
55 0 5 377 4085 20942 6127
56 0 7 385 83 318 124
57 0 1 394 1 10 1
58 0 4 399 22281 126742 33421
59 1 2 407 1 9 1
60 1 3 413 4 33 6
61 0 4 420 5 15 7
62 0 1 428 170 1620 255
63 1 2 434 8 64 12
64 0 20 440 1 4 1
65 1 2 451 7 56 10
66 1 8 458 1 4 1
67 0 3 467 451 1982 676
68 1 5 475 1 4 1
69 1 9 483 50 183 75
70 0 2 492 1 10 1
71 0 4 498 1 4 1
72 0 2 506 15 125 22
73 0 8 513 66 248 99
74 0 2 522 11 90 16
75 0 1 529 10 81 15
76 0 2 535 4 33 6
77 1 6 542 2731 13636 4096
78 1 2 551 154 1461 231
79 0 3 557 8 24 12
80 1 10 564 6 18 9
81 1 6 574 395 1719 592
82 0 1 583 8 64 12
83 0 3 587 1 10 1
84 0 8 594 39 139 58
85 0 3 603 2 6 3
86 1 5 610 1 5 1
87 0 2 618 1 10 1
88 0 7 624 1 3 1
89 0 2 633 1 9 1
90 0 13 639 1 4 1
91 0 13 649 4 12 6
92 0 14 659 351 1514 526
93 1 1 669 667 6790 1000
94 0 4 674 51 187 76
95 0 5 682 1 5 1
96 0 1 690 1 9 1
97 0 11 695 687 3116 1030
98 1 2 705 1 9 1
99 1 1 711 12719 147226 19078
100 1 1 715 8 64 12
101 0 1 720 3 25 4
102 1 8 725 1 3 1
103 1 14 734 35 123 52
104 0 3 744 22 74 33
105 0 1 751 3 25 4
106 1 2 757 1 9 1
107 1 29 764 32 112 48
108 1 1 775 1 10 1
109 1 17 780 9 27 13
110 0 1 790 2 17 3
111 1 3 794 1 10 1
112 0 15 801 2 7 3
113 0 12 811 9 27 13
114 1 3 821 4 12 6
115 1 1 828 29 252 43
116 0 3 833 8 64 12
117 0 8 840 4 12 6
118 1 1 849 1 9 1
119 0 6 854 12755 70198 19132
120 1 4 863 927 4297 1390
121 0 4 871 1 4 1
122 0 1 879 1 10 1
123 0 1 884 665 6769 997
124 1 17 889 1 4 1
125 1 1 899 3 25 4
126 1 11 904 796 3649 1194
127 1 52 914 231 964 346
128 0 4 926 1 4 1
129 1 8 934 1 4 1
130 1 6 943 8 24 12
131 1 1 952 81 743 121
132 0 8 955 1 4 1
133 0 3 964 1 4 1
134 0 2 971 84 772 126
135 0 2 977 1 10 1
136 0 1 983 1 10 1
137 0 42 988 4 12 6
138 0 1 1000 516 5190 774
139 1 1 1005 670 6822 1005
140 1 2 1008 1 11 1
141 1 5 1015 123 487 184
142 0 4 1024 2 6 3
143 1 1 1032 11124 128058 16686
144 1 3 1037 1 3 1
145 0 2 1045 2324 25032 3486
146 0 8 1051 1 4 1
147 1 9 1060 5 15 7
148 1 2 1069 7965 90433 11947
149 0 27 1076 452 1987 678
150 1 9 1087 448 1968 672
151 1 2 1096 79 724 118
152 1 1 1102 1 9 1
153 1 7 1107 4 12 6
154 0 9 1116 1 4 1
155 1 2 1125 69 628 103
156 1 9 1131 1 5 1
157 0 3 1140 1 9 1
158 0 3 1147 1 6 1
159 1 6 1155 3 10 4
160 0 22 1164 4 12 6
161 0 2 1175 5 40 7
162 0 4 1182 31 108 46
163 1 1 1190 1 9 1
164 1 1 1194 1416 14920 2124
165 0 1 1199 9239 105546 13858
166 1 2 1202 94 869 141
167 1 29 1209 1 4 1
168 0 3 1220 1 3 1
169 0 2 1228 1 10 1
170 0 2 1234 21 179 31
171 0 4 1240 1267 6004 1900
172 0 4 1248 1 3 1
173 1 2 1256 2 17 3
174 1 7 1262 1 4 1
175 1 3 1271 1 4 1
176 0 2 1278 12 99 18
177 0 2 1284 1 9 1
178 1 6 1290 30 104 45
179 1 5 1299 175 714 262
180 0 3 1308 2 17 3
181 0 1 1315 1 8 1
182 0 13 1319 1 4 1
183 1 1 1329 1 10 1
184 0 5 1334 1 4 1
185 1 5 1342 31 108 46
186 1 3 1350 38522 226109 57783
187 1 52 1358 41 147 61
188 0 2 1370 146 1381 219
189 0 6 1377 1 6 1
190 0 12 1386 10 31 15
191 1 26 1396 1 5 1
192 1 6 1407 112 440 168
193 0 3 1416 1 4 1
194 0 2 1423 394 3912 591
195 0 2 1429 129 1212 193
196 1 4 1435 5 15 7
197 1 2 1443 204 1962 306
198 1 3 1450 1414 6752 2121
199 0 2 1457 3 25 4
200 1 22 1463 22 74 33
201 1 16 1474 1 4 1
202 1 4 1484 15 48 22
203 1 2 1492 3 25 4
204 0 10 1498 74 280 111
205 0 3 1508 1 5 1
206 0 2 1515 1 11 1
207 0 2 1521 15 125 22
208 0 1 1528 139 1311 208
209 0 2 1533 113 1055 169
210 1 18 1539 406 1770 609
211 0 1 1549 12 98 18
212 1 14 1555 21 70 31
213 1 4 1565 92 355 138
214 0 6 1573 14024 77623 21036
215 1 2 1582 81877 1019869 122815
216 1 1 1589 32357 388833 48535
217 1 14 1594 24 82 36
218 0 13 1604 21 70 31
219 1 21 1614 1 4 1
220 1 5 1625 1 4 1
221 1 3 1633 787 3605 1180
222 1 3 1641 432 1893 648
223 0 3 1649 1201 5670 1801
224 0 10 1656 801 3674 1201
225 1 6 1666 199 821 298
226 0 2 1675 8 64 12
227 0 13 1681 1 5 1
228 0 2 1691 3 25 4
229 1 9 1697 82 314 123
230 1 2 1706 1 9 1
231 1 2 1713 3 25 4
232 1 2 1720 1 10 1
233 1 6 1726 4 12 6
234 0 1 1735 66963 827729 100444
235 1 1 1741 1 8 1
236 1 4 1744 1 5 1
237 0 6 1752 1 4 1
238 0 2 1761 144 1361 216
239 1 1 1768 2 17 3
240 0 9 1773 1 5 1
241 0 6 1782 13897 76878 20845
242 0 5 1791 1 3 1
243 1 4 1799 43096 254558 64644
244 1 2 1807 10 81 15
245 0 11 1814 1 3 1
246 1 10 1824 5 15 7
247 1 11 1834 1 4 1
248 0 42 1844 1625 7834 2437
249 1 1 1856 45 400 67
250 1 2 1861 5 40 7
251 0 1 1867 1 11 1
252 0 9 1872 22 74 33
253 1 1 1881 1 9 1
254 0 5 1885 49 179 73
255 0 9 1894 40 143 60
256 0 4 1903 33 116 49
257 0 4 1911 4169 21401 6253
258 0 6 1919 499572 3356178 749358
259 0 2 1928 3 25 4
260 0 2 1935 36 316 54
261 0 1 1941 1 9 1
262 1 2 1945 3 25 4
263 1 3 1951 26 224 39
264 0 3 1958 477 4780 715
265 0 3 1965 87 335 130
266 0 3 1973 14 116 21
267 1 6 1980 20 67 30
268 1 2 1989 1 13 1
269 0 6 1995 2 6 3
270 1 1 2004 1 10 1
271 1 2 2010 72 656 108
272 1 3 2016 3 10 4
273 0 1 2023 1 10 1
274 0 1 2027 4 33 6
275 0 3 2032 40 143 60
276 1 17 2040 3 10 4
277 1 1 2050 102 947 153
278 1 1 2054 1 13 1
279 0 1 2057 17 143 25
280 1 2 2063 1 10 1
281 1 9 2070 1 4 1
282 0 1 2079 10 81 15
283 1 9 2084 16 52 24
284 0 2 2093 3 25 4
285 1 5 2100 1 4 1
286 1 4 2109 14 45 21
287 1 3 2117 2 17 3
288 0 1 2124 1 9 1
289 1 1 2130 3 25 4
290 1 1 2136 1 9 1
291 1 2 2141 8 64 12
292 0 2 2148 577 5834 865
293 0 1 2154 1 13 1
294 0 3 2159 10 81 15
295 0 2 2166 961 9949 1441
296 1 1 2173 14 116 21
297 1 10 2177 322 1379 483
298 0 2 2187 5296 59107 7944
299 1 3 2193 1 9 1
300 0 2 2200 2403 25921 3604
301 0 6 2207 28 97 42
302 1 4 2216 2 7 3
303 0 2 2224 1 11 1
304 1 2 2230 118 1104 177
305 0 2 2236 2864 31131 4296
306 0 2 2242 1 10 1
307 0 2 2248 6714 75687 10071
308 0 3 2254 1 10 1
309 0 5 2261 1 3 1
310 1 1 2269 2 17 3
311 0 10 2274 4 12 6
312 0 4 2284 2 7 3
313 1 1 2292 132681 1682986 199021
314 1 9 2296 8 24 12
315 1 3 2305 213 883 319
316 0 8 2313 1 3 1
317 0 3 2322 111 436 166
318 0 2 2329 2 17 3
319 0 3 2335 4 12 6
320 0 4 2342 1 4 1
321 1 3 2350 1 4 1
322 1 1 2358 260 2530 390
323 0 5 2363 1 4 1
324 0 3 2371 26 89 39
325 0 2 2379 4 33 6
326 1 3 2386 5428 28338 8142
327 0 2 2393 9159 104595 13738
328 1 9 2399 1 3 1
329 1 1 2408 1 11 1
330 1 21 2413 1 7 1
331 1 1 2424 1 11 1
332 1 2 2429 17 143 25
333 1 15 2436 745 3399 1117
334 0 3 2446 11894 65185 17841
335 0 7 2453 12 38 18
336 0 1 2462 1 10 1
337 0 2 2468 54 485 81
338 1 3 2475 945 4386 1417
339 0 6 2482 2 6 3
340 1 2 2491 234 2266 351
341 1 10 2497 1 3 1
342 0 1 2507 4 33 6
343 0 1 2512 18 152 27
344 0 2 2517 1 10 1
345 1 2 2524 1055 10969 1582
346 1 2 2530 316587 4145965 474880
347 1 3 2537 1 4 1
348 0 2 2544 1 11 1
349 1 18 2550 4 12 6
350 0 2 2560 101452 1273985 152178
351 0 8 2566 255 1072 382
352 1 6 2575 1 6 1
353 1 1 2584 1 10 1
354 1 1 2589 1567 16586 2350
355 0 2 2595 1 9 1
356 0 1 2601 32 279 48
357 1 1 2607 3 25 4
358 0 3 2612 1 5 1
359 0 3 2620 6 18 9
360 1 6 2627 1 4 1
361 0 2 2636 477 4780 715
362 1 3 2643 260835 1696192 391252
363 1 8 2651 1 4 1
364 0 4 2660 1 3 1
365 1 1 2668 1 11 1
366 1 4 2672 287 1218 430
367 0 1 2680 1 9 1
368 0 3 2685 1 4 1
369 0 3 2693 1 14 1
370 0 5 2700 1 3 1
371 1 4 2708 1 4 1
372 0 2 2716 2 17 3
373 0 1 2722 678 6907 1017
374 0 3 2726 1 6 1
375 1 8 2734 2 6 3
376 1 2 2743 14 116 21
377 0 12 2749 9 27 13
378 0 10 2759 1 3 1
379 0 4 2769 291 1237 436
380 0 1 2777 12477 144311 18715
381 1 6 2780 10 31 15
382 0 10 2789 2354 11638 3531
383 0 3 2798 1639 17383 2458
384 0 3 2805 4 33 6
385 1 3 2812 1 4 1
386 0 3 2819 4 33 6
387 1 1 2826 1 11 1
388 1 2 2831 11 90 16
389 0 1 2838 1 8 1
390 1 2 2843 4 33 6
391 1 3 2849 6 18 9
392 0 1 2857 3 25 4
393 0 2 2863 90 830 135
394 1 3 2870 6 18 9
395 0 4 2877 17732 99525 26598
396 0 2 2885 11 90 16
397 0 2 2892 209 2012 313
398 1 4 2898 1 6 1
399 1 2 2906 1 8 1
400 0 7 2913 1 4 1
401 0 4 2922 1 5 1
402 0 13 2930 383 1663 574
403 1 4 2940 2 6 3
404 0 3 2948 34 120 51
405 1 2 2955 824 8471 1236
406 1 3 2962 1 9 1
407 0 1 2969 16 134 24
408 0 7 2973 10 31 15
409 0 32 2982 3 10 4
410 0 6 2993 1 5 1
411 1 1 3002 1 10 1
412 1 15 3008 2 7 3
413 1 4 3018 1 6 1
414 1 5 3026 1 5 1
415 0 6 3034 9 27 13
416 1 2 3043 27 233 40
417 0 5 3049 1680 8118 2520
418 1 1 3057 4 32 6
419 0 5 3061 1 4 1
420 0 64 3069 34 120 51
421 0 2 3081 26 224 39
422 1 22 3087 1 3 1
423 1 1 3098 4 33 6
424 0 2 3104 28 242 42
425 1 2 3111 1 9 1
426 0 3 3118 1 5 1
427 1 5 3126 3 9 4
428 0 3 3134 1 3 1
429 1 3 3141 2 7 3
430 1 2 3148 2 17 3
431 1 1 3155 1 10 1
432 1 2 3160 3953 43571 5929
433 1 3 3166 7 56 10
434 0 6 3173 1 3 1
435 0 2 3182 1 9 1
436 0 1 3189 1 11 1
437 1 3 3194 1 4 1
438 0 6 3202 1 3 1
439 1 1 3211 2 17 3
440 0 1 3215 13 107 19
441 0 5 3220 10 31 15
442 0 6 3228 1 4 1
443 0 1 3237 1 11 1
444 0 4 3242 181 741 271
445 0 2 3250 2 17 3
446 0 2 3256 2201 23650 3301
447 1 3 3263 13 41 19
448 0 1 3270 2 17 3
449 0 1 3275 1 11 1
450 0 17 3278 9814 53160 14721
451 0 24 3288 1 4 1
452 1 1 3299 7 56 10
453 0 1 3301 6 48 9
454 0 4 3306 1 5 1
455 1 3 3314 368 1593 552
456 1 2 3321 1 11 1
457 1 3 3328 1 10 1
458 0 3 3335 2 6 3
459 0 3 3343 30 104 45
460 1 1 3350 208 2002 312
461 1 4 3352 20 67 30
462 1 4 3360 66 248 99
463 0 84 3368 70 264 105
464 1 2 3380 1 9 1
465 0 4 3386 1 4 1
466 0 1 3394 1 9 1
467 1 5 3398 1 4 1
468 1 6 3406 18 59 27
469 0 3 3415 1 5 1
470 1 5 3422 14 45 21
471 0 2 3430 3 25 4
472 0 2 3436 8 64 12
473 1 3 3443 14 45 21
474 0 3 3450 1 3 1
475 1 5 3458 1 3 1
476 1 37 3466 1 4 1
477 1 5 3477 651 2941 976
478 1 2 3485 1 10 1
479 0 5 3491 792 3629 1188
480 0 3 3499 4426 22807 6639
481 1 3 3506 2 7 3
482 0 4 3513 1 4 1
483 1 6 3521 1003 4675 1504
484 0 28 3530 14 45 21
485 0 1 3541 40639 492738 60958
486 0 4 3546 1 4 1
487 1 1 3554 1 9 1
488 1 4 3559 248 1041 372
489 1 3 3567 52 191 78
490 0 1 3574 17 143 25
491 1 11 3579 22 74 33
492 0 1 3589 13146 152374 19719
493 1 2 3592 3402 37256 5103
494 0 5 3599 16456 91956 24684
495 1 1 3607 1 10 1
