0 0 5 5 1 4 1
1 1 4 13 1 3 1
2 0 3 21 4 12 6
3 1 12 29 1 3 1
4 0 2 38 126 1183 189
5 1 1 45 919 9495 1378
6 0 5 52 1 4 1
7 0 4 60 1 4 1
8 1 1 68 1 9 1
9 1 1 74 1 11 1
10 1 4 79 32 112 48
11 0 4 87 13 41 19
12 0 1 95 18 152 27
13 0 2 101 532 5359 798
14 0 2 108 1 13 1
15 1 1 115 65165 804665 97747
16 1 3 121 38 135 57
17 1 3 129 381 3777 571
18 1 2 136 2 17 3
19 0 1 143 1 10 1
20 0 3 149 64 239 96
21 0 6 157 1 6 1
22 0 3 165 1 13 1
23 0 3 172 8 24 12
24 1 3 180 1 4 1
25 1 3 188 6 48 9
26 1 15 196 40 143 60
27 0 21 205 974 4530 1461
28 1 11 214 1 4 1
29 0 3 223 489 2162 733
30 1 2 231 37 325 55
31 1 1 238 1 11 1
32 0 4 245 53136 317547 79704
33 0 2 253 1 9 1
34 1 2 260 3 25 4
35 1 5 267 1 3 1
36 1 2 275 7 56 10
37 0 3 282 7 21 10
38 1 18 290 4 12 6
39 0 1 299 1 10 1
40 0 1 305 417 4152 625
41 1 1 311 3 25 4
42 0 4 317 1 4 1
43 0 12 325 128 509 192
44 1 6 334 15 49 22
45 1 11 342 17 56 25
46 0 9 351 2 6 3
47 1 8 360 1 4 1
48 0 3 368 3 9 4
49 1 8 376 3 9 4
50 1 2 384 150334 1915787 225501
51 1 1 391 1 12 1
52 0 1 395 10 81 15
53 1 3 401 15 48 22
54 0 5 409 848 3905 1272
55 1 2 417 6421 72248 9631
56 0 1 424 86026 1073561 129039
57 1 1 430 117 1094 175
58 0 3 436 830 3817 1245
59 1 7 444 5000 25967 7500
60 1 7 452 1 3 1
61 1 8 460 746 3404 1119
62 1 3 468 1 9 1
63 1 3 475 113778 708635 170667
64 0 2 483 1 10 1
65 1 1 490 1 11 1
66 1 11 496 496 2196 744
67 1 1 505 1 10 1
68 1 1 509 20 170 30
69 1 1 515 1 9 1
70 0 1 520 105 977 157
71 0 6 525 2 6 3
72 1 2 533 114 1064 171
73 0 2 540 1 11 1
74 0 2 547 24 206 36
75 0 3 554 315 3095 472
76 0 2 561 1 9 1
77 0 2 568 1 9 1
78 1 4 575 60 223 90
79 0 1 583 1 11 1
80 1 13 590 3 10 4
81 1 1 599 6154 69120 9231
82 1 3 604 5 15 7
83 1 2 612 1 8 1
84 0 3 619 1 3 1
85 1 4 627 3 10 4
86 0 1 635 152 1441 228
87 1 9 641 23 78 34
88 0 2 650 132 1242 198
89 1 5 657 15 49 22
90 0 2 665 4 33 6
91 1 10 672 55 203 82
92 0 1 681 94 869 141
93 1 4 687 36 128 54
94 0 2 695 5 40 7
95 1 5 702 1 3 1
96 0 1 710 2290 24649 3435
97 0 8 715 1 5 1
98 0 2 724 47 419 70
99 1 1 731 7 56 10
100 1 5 737 1 4 1
101 1 7 745 1 4 1
102 1 66 753 3607 18343 5410
103 0 2 763 1 10 1
104 1 2 770 141 1331 211
105 0 5 777 781 3575 1171
106 0 3 785 1 4 1
107 0 2 793 1 8 1
108 0 3 800 8 24 12
109 1 18 808 4 12 6
110 1 11 817 5 15 7
111 1 5 826 1 3 1
112 1 1 834 1 12 1
113 1 2 840 21 179 31
114 1 1 847 24 206 36
115 0 17 853 7 21 10
116 0 1 862 16 134 24
117 1 1 868 2985 32505 4477
118 0 1 874 480 4811 720
119 1 2 880 2 17 3
120 0 4 887 73 276 109
121 0 1 895 485 4864 727
122 0 1 901 58 523 87
123 0 2 907 58 523 87
124 1 3 914 1 5 1
125 0 17 922 272 1150 408
126 0 2 931 245 2377 367
127 1 4 938 5784 30318 8676
128 1 1 946 4753 52804 7129
129 1 26 953 26 89 39
130 1 1 962 35 307 52
131 1 3 967 2567 12765 3850
132 0 5 975 1 3 1
133 1 4 983 41804 246505 62706
134 1 2 991 43921 534145 65881
135 0 4 998 45 163 67
136 1 1 1006 11 90 16
137 1 1 1012 522 5253 783
138 1 1 1015 1 11 1
139 0 2 1021 26 224 39
140 1 2 1028 482 4833 723
141 0 75 1035 4156 21329 6234
142 0 2 1045 2 17 3
143 0 1 1052 297 2909 445
144 1 8 1059 344 1481 516
145 0 5 1067 89 343 133
146 1 28 1075 327 1402 490
147 1 1 1084 3 25 4
148 1 3 1091 23497 278806 35245
149 1 42 1098 2 7 3
150 1 3 1108 29 100 43
151 0 14 1116 1 4 1
152 1 4 1125 1 4 1
153 0 3 1133 574 5802 861
154 1 1 1140 1 9 1
155 1 3 1145 1 3 1
156 0 3 1153 24 206 36
157 1 1 1160 108 1006 162
158 1 1 1167 18 152 27
159 0 4 1173 22 74 33
160 0 2 1181 38883 470634 58324
161 1 1 1188 5 40 7
162 1 9 1195 11 34 16
163 0 8 1204 1 4 1
164 0 1 1213 1 10 1
165 0 1 1220 16 134 24
166 1 4 1227 1 4 1
167 0 2 1235 11567 133371 17350
168 0 2 1242 4 33 6
169 1 1 1249 24 206 36
170 0 2 1253 12390 143264 18585
171 0 2 1260 2198 23617 3297
172 1 22 1267 332 1425 498
173 0 4 1276 61 227 91
174 0 15 1284 13 41 19
175 0 1 1293 2 17 3
176 1 2 1300 1 11 1
177 0 2 1307 14 116 21
178 0 13 1314 151 609 226
179 1 1 1323 70 637 105
180 1 2 1329 1 9 1
181 0 1 1336 1 9 1
182 0 3 1343 5 15 7
183 1 2 1351 21 179 31
184 1 2 1358 104 967 156
185 1 3 1365 360895 4748575 541342
186 0 29 1372 1 5 1
187 1 1 1381 5 40 7
188 1 3 1387 1 12 1
189 0 1 1394 18 152 27
190 0 5 1400 745 3399 1117
191 1 3 1408 8 64 12
192 1 2 1415 808478 10946221 1212717
193 0 2 1422 1 10 1
194 0 4 1429 107 419 160
195 0 1 1437 6 48 9
196 1 1 1443 1 9 1
197 1 2 1450 1282 13447 1923
198 1 1 1457 56 504 84
199 0 4 1463 84 322 126
200 0 2 1471 14 116 21
201 0 3 1478 1146 5392 1719
202 0 2 1486 177 1690 265
203 1 6 1493 43 155 64
204 0 5 1501 5 15 7
205 1 2 1509 321 3156 481
206 1 7 1516 18 59 27
207 1 5 1524 14 45 21
208 1 1 1532 27161 324144 40741
209 0 1 1538 7659 86817 11488
210 0 2 1544 6 48 9
211 0 1 1551 10 81 15
212 0 12 1557 1 4 1
213 1 12 1566 46007 272748 69010
214 1 25 1575 2327 11495 3490
215 1 5 1584 1 4 1
216 0 1 1592 13 107 19
217 1 1 1599 16 134 24
218 0 2 1605 41 363 61
219 0 3 1612 62 231 93
220 0 3 1620 59 532 88
221 0 7 1627 1908 9300 2862
222 0 8 1635 144 578 216
223 0 2 1643 1 9 1
224 1 3 1650 1 4 1
225 1 2 1658 1348 14172 2022
226 1 1 1665 1 11 1
227 0 1 1671 3813 41963 5719
228 1 5 1677 1 4 1
229 0 1 1685 237 2296 355
230 0 2 1691 2 17 3
231 1 2 1698 859 8847 1288
232 1 1 1705 1 11 1
233 1 2 1711 756 7741 1134
234 1 2 1718 1 11 1
235 1 14 1725 63 235 94
236 1 5 1734 12 38 18
237 1 3 1742 93 859 139
238 1 2 1749 19 161 28
239 0 1 1756 2 17 3
240 0 1 1760 7 56 10
241 0 2 1766 367 3632 550
242 1 6 1773 12 38 18
243 0 6 1781 3 9 4
244 1 4 1789 1 4 1
245 1 1 1797 487 4885 730
246 1 2 1802 11 90 16
247 0 1 1809 1835 19560 2752
248 0 3 1813 1 9 1
249 1 2 1820 200 1922 300
250 0 5 1827 1 3 1
251 0 3 1835 3599 18299 5398
252 1 1 1843 1 9 1
253 1 16 1850 263 1109 394
254 0 4 1859 1 5 1
255 1 3 1867 24500 291192 36750
256 1 1 1874 1 10 1
257 1 3 1880 71612 887470 107418
258 0 1 1887 558 5633 837
259 1 1 1892 2 17 3
260 1 2 1897 2 17 3
261 0 3 1904 3 10 4
262 0 9 1912 496 2196 744
263 0 1 1921 1 9 1
264 0 1 1926 3 25 4
265 0 3 1932 1 4 1
266 0 113 1940 1 4 1
267 1 1 1950 1 11 1
268 1 4 1955 49 179 73
269 1 2 1963 1 9 1
270 0 1 1970 190 1821 285
271 1 1 1977 1 9 1
272 1 2 1983 8 64 12
273 1 1 1990 38 335 57
274 1 9 1996 3 9 4
275 1 1 2005 7 56 10
276 1 1 2011 1 9 1
277 0 2 2017 2 17 3
278 1 1 2024 50 447 75
279 0 1 2031 1 9 1
280 1 3 2035 1 6 1
281 0 1 2043 1 11 1
282 0 1 2049 103 957 154
283 0 1 2055 68 618 102
284 1 2 2062 12776 147913 19164
285 0 2 2069 17 143 25
286 1 6 2076 383 1663 574
287 1 1 2084 21 179 31
288 0 3 2090 4304 22139 6456
289 0 2 2098 4 33 6
290 0 2 2105 31 270 46
291 1 4 2112 1 5 1
292 0 1 2120 345 3404 517
293 0 1 2127 28 242 42
294 1 1 2133 2 17 3
295 0 1 2140 1 9 1
296 1 1 2146 49 437 73
297 0 1 2152 2120 22742 3180
298 0 2 2158 1 9 1
299 0 1 2165 4 33 6
300 0 2 2172 92 849 138
301 0 6 2179 7 21 10
302 0 4 2187 36 127 54
303 0 2 2195 1 10 1
304 0 4 2202 689632 4706642 1034448
305 0 2 2210 15 125 22
306 1 5 2217 2 6 3
307 1 1 2225 1 9 1
308 1 4 2232 1 4 1
309 1 1 2240 1 8 1
310 0 4 2246 1 4 1
311 1 2 2254 3 25 4
312 1 5 2261 85 326 127
313 0 2 2269 71 647 106
314 1 2 2276 728 7441 1092
315 1 1 2283 105 976 157
316 1 1 2289 3215 35122 4822
317 1 1 2295 1 10 1
318 0 1 2301 28150 336423 42225
319 1 8 2308 1 7 1
320 1 10 2317 302 1287 453
321 1 1 2326 341890 4489763 512835
322 1 3 2332 3 25 4
323 1 1 2340 15 125 22
324 0 2 2346 257 2500 385
325 1 12 2353 3 10 4
326 0 5 2362 1683 8133 2524
327 1 2 2370 3 25 4
328 1 9 2377 2 6 3
329 1 1 2386 7 56 10
330 1 3 2392 1 11 1
331 1 1 2399 1176 12287 1764
332 0 5 2406 4 13 6
333 0 1 2414 9 72 13
334 1 4 2421 1 4 1
335 1 2 2429 1 9 1
336 1 5 2436 1 6 1
337 1 2 2444 805 8267 1207
338 1 1 2451 1 10 1
339 1 9 2457 1 3 1
340 1 3 2466 1 4 1
341 1 2 2474 114 1065 171
342 1 3 2481 1 4 1
343 1 2 2489 1 8 1
344 0 1 2496 1 10 1
345 0 4 2502 18 59 27
346 0 8 2510 12 38 18
347 1 7 2519 7 21 10
348 0 2 2527 1 9 1
349 1 5 2534 1000 4660 1500
350 1 3 2542 2 7 3
351 0 8 2550 1 4 1
352 1 3 2559 3 10 4
353 1 4 2567 1 5 1
354 1 2 2575 14616 170145 21924
355 1 7 2582 185 758 277
356 0 2 2590 123 1153 184
357 1 6 2597 1 4 1
358 1 3 2605 3469 38022 5203
359 0 1 2612 7398 83737 11097
360 1 1 2617 75 685 112
361 0 15 2623 1 3 1
362 1 44 2632 11 34 16
363 0 3 2642 1070 11132 1605
364 0 8 2650 1 4 1
365 0 4 2659 26 89 39
366 1 2 2667 26 224 39
367 1 8 2674 1 3 1
368 1 3 2682 46012 272780 69018
369 1 3 2690 1 4 1
370 1 1 2698 22 188 33
371 0 1 2705 6 48 9
372 0 2 2712 1 9 1
373 0 3 2719 149 1411 223
374 1 1 2726 1 11 1
375 1 1 2732 308964 4042574 463446
376 1 1 2738 504 5064 756
377 0 1 2744 8986 102538 13479
378 1 1 2749 1 8 1
379 0 2 2755 1 10 1
380 0 1 2762 61 551 91
381 1 3 2769 2 7 3
382 1 2 2777 24 206 36
383 1 5 2784 206 852 309
384 1 1 2792 8932 101896 13398
385 1 2 2798 4 33 6
386 1 4 2805 1593571 11317845 2390356
387 1 8 2813 7456 39709 11184
388 0 1 2822 252 2449 378
389 1 5 2828 1 4 1
390 1 2 2836 29 251 43
391 0 1 2843 1 9 1
392 1 13 2850 1 4 1
393 1 4 2859 254 1068 381
394 1 1 2867 1 11 1
395 0 6 2872 562 2511 843
396 1 1 2880 5 40 7
397 1 3 2885 2 6 3
398 0 2 2893 10 81 15
399 0 7 2900 1312 6232 1968
400 1 2 2908 1 10 1
401 0 3 2915 39 344 58
402 0 5 2923 1 4 1
403 1 9 2931 1 5 1
404 1 6 2940 1 4 1
405 1 3 2948 1 5 1
406 0 7 2956 4 12 6
407 0 3 2964 678 3072 1017
408 0 1 2972 1 9 1
409 1 1 2979 9136 104322 13704
410 1 1 2986 5 41 7
411 1 2 2993 1 11 1
412 0 2 3000 282811 3688548 424216
413 1 4 3007 46 167 69
414 0 3 3015 555 5602 832
415 1 3 3022 277 1173 415
416 1 3 3030 37 326 55
417 1 2 3037 161 1530 241
418 1 25 3044 1 3 1
419 0 17 3053 461 2030 691
420 1 1 3062 288 2817 432
421 0 13 3068 952 4421 1428
422 1 8 3077 1 3 1
423 1 1 3086 2 17 3
424 0 1 3092 9 73 13
425 0 4 3098 674 3053 1011
426 0 1 3106 3 25 4
427 1 3 3113 1 5 1
428 0 27 3121 204 843 306
429 1 3 3130 457 2011 685
430 0 4 3138 56422 338305 84633
431 0 2 3146 3 25 4
432 1 1 3153 1 9 1
433 1 1 3159 19 161 28
434 1 22 3165 501 2220 751
435 0 2 3174 1 9 1
436 1 6 3181 197665 1267252 296497
437 0 4 3189 2 6 3
438 0 16 3197 1 4 1
439 1 31 3206 1 4 1
440 1 3 3215 10 31 15
441 1 3 3223 1 9 1
442 0 1 3230 1 11 1
443 0 1 3236 43 381 64
444 0 6 3241 1 4 1
445 0 4 3249 1 4 1
446 1 6 3257 3 9 4
447 0 2 3265 36045 434992 54067
448 0 1 3272 55 494 82
449 1 1 3278 1 9 1
450 1 8 3284 3 9 4
451 0 5 3292 1 3 1
452 1 6 3300 1 3 1
453 1 3 3308 1 12 1
454 1 1 3315 26 224 39
455 1 3 3319 38 135 57
456 0 4 3327 200 825 300
457 0 1 3335 2 17 3
458 1 4 3342 11 34 16
459 1 8 3350 103 402 154
460 1 1 3359 1 10 1
461 0 6 3365 1 6 1
462 1 5 3373 2 7 3
463 0 1 3381 1 11 1
464 1 3 3386 1 4 1
465 0 6 3394 67 252 100
466 1 2 3402 2 17 3
467 1 2 3409 1 9 1
468 1 2 3416 1 8 1
469 1 6 3423 51 187 76
470 0 14 3431 3 9 4
471 1 1 3440 151 1430 226
472 0 2 3446 62664 772623 93996
473 1 2 3453 18 152 27
474 1 1 3460 6 48 9
475 1 6 3467 1 3 1
476 1 3 3475 20 169 30
477 0 1 3482 202 1942 303
478 1 8 3488 1 3 1
479 1 2 3497 6 48 9
480 1 2 3504 13 107 19
481 0 10 3511 1 4 1
482 1 5 3520 1 5 1
483 1 1 3528 23 197 34
484 0 2 3534 557 5623 835
485 1 3 3541 2 6 3
486 0 1 3549 3660 40208 5490
487 1 3 3554 1 3 1
488 0 5 3562 11 34 16
489 1 1 3570 115 1074 172
490 1 1 3576 2 17 3
491 1 4 3581 50 183 75
492 1 3 3589 12 38 18
493 0 2 3597 1 9 1
494 1 2 3604 14 116 21
495 1 2 3611 7 56 10
