0 0 6 5 1 4 1
1 0 2 13 137 1291 205
2 1 4 20 1 5 1
3 1 4 28 1 4 1
4 0 1 36 185 1770 277
5 0 2 43 97 898 145
6 0 2 50 21 179 31
7 1 10 57 1 4 1
8 1 6 66 1 4 1
9 0 2 74 102 947 153
10 1 4 81 5 15 7
11 1 20 89 3 10 4
12 1 7 98 1 4 1
13 1 4 106 1 3 1
14 0 3 114 1 3 1
15 1 4 122 1 6 1
16 0 2 130 12949 149998 19423
17 0 2 137 79 724 118
18 1 14 144 2 7 3
19 1 2 153 13 108 19
20 0 1 160 3 25 4
21 1 1 166 2 17 3
22 0 6 173 588 2636 882
23 0 8 181 1 3 1
24 0 1 190 482 4832 723
25 0 4 196 39 139 58
26 0 1 204 2290 24650 3435
27 1 2 210 3 25 4
28 0 1 217 1 10 1
29 0 3 224 4 12 6
30 0 6 232 2961 14864 4441
31 1 3 240 9 27 13
32 1 1 248 107807 1356886 161710
33 1 3 255 701 7152 1051
34 1 2 263 773 7923 1159
35 0 3 270 2 17 3
36 0 1 277 5653 63266 8479
37 0 3 283 8 24 12
38 1 2 291 6 48 9
39 0 3 298 1383 14556 2074
40 1 3 306 220 914 330
41 0 1 314 1 11 1
42 1 1 320 10 81 15
43 1 7 326 1 5 1
44 0 2 334 166 1580 249
45 0 4 341 3 10 4
46 0 3 349 1062 11045 1593
47 0 6 356 1 4 1
48 1 1 364 278 2715 417
49 1 4 370 4 12 6
50 0 2 378 203 1952 304
51 0 4 385 1707 8257 2560
52 1 1 393 1 9 1
53 0 3 399 95 368 142
54 1 2 407 6 48 9
55 0 2 414 1 10 1
56 1 6 421 1 3 1
57 1 2 429 1015 10534 1522
58 0 23 436 1 4 1
59 1 1 445 58 523 87
60 0 20 451 442 1940 663
61 1 2 460 1 11 1
62 0 3 467 8 24 12
63 1 6 475 1 3 1
64 1 4 483 5641 29521 8461
65 0 1 491 9 73 13
66 1 6 498 1 4 1
67 0 2 506 1 10 1
68 1 10 513 2 7 3
69 0 7 522 3 10 4
70 1 1 530 8775 100032 13162
71 1 1 536 64 580 96
72 1 2 542 1 10 1
73 1 4 549 1 4 1
74 0 1 557 21 179 31
75 1 11 563 5 15 7
76 1 3 572 137 1292 205
77 1 18 579 939 4356 1408
78 1 2 588 102913 1293027 154369
79 0 3 595 6 48 9
80 0 4 603 1 4 1
81 1 4 611 6 18 9
82 1 10 619 1 4 1
83 0 5 628 1 4 1
84 1 2 636 1 9 1
85 1 2 643 2102 22541 3153
86 0 6 650 648 2926 972
87 1 5 658 2 7 3
88 1 9 666 5 15 7
89 0 13 675 1 4 1
90 0 1 684 3 25 4
91 1 2 688 33 288 49
92 1 5 695 1 4 1
93 1 16 703 3 10 4
94 0 1 712 1 10 1
95 0 4 717 5260 27406 7890
96 1 2 725 1 9 1
97 1 1 732 1 9 1
98 0 4 739 20 67 30
99 1 1 747 2402 25909 3603
100 1 2 752 72 656 108
101 0 3 759 3 10 4
102 0 10 767 1646 7942 2469
103 0 3 776 1 3 1
104 1 4 784 123 487 184
105 1 5 792 1 4 1
106 0 5 800 253 1063 379
107 1 1 808 2 17 3
108 1 4 814 3 10 4
109 0 2 822 1 11 1
110 1 1 829 41384 502127 62076
111 1 4 835 280 1186 420
112 0 3 843 5 15 7
113 1 9 851 281 1191 421
114 1 6 860 1 4 1
115 0 1 868 1 10 1
116 0 7 874 138 552 207
117 1 3 882 14865 82565 22297
118 1 1 890 2272 24447 3408
119 1 2 895 15 125 22
120 0 4 902 1 4 1
121 1 2 910 55 495 82
122 1 12 917 1 3 1
123 1 15 926 10 31 15
124 0 6 935 1543 7412 2314
125 1 6 943 21 70 31
126 0 2 951 3 25 4
127 0 1 958 2 17 3
128 0 1 965 41 362 61
129 0 4 971 1 4 1
130 1 2 979 737 7537 1105
131 1 4 986 59 219 88
132 0 2 994 5 41 7
133 0 6 1001 1 3 1
134 1 1 1009 2 17 3
135 1 18 1016 97 377 145
136 0 1 1025 1 10 1
137 0 4 1031 4 12 6
138 0 14 1039 360 1555 540
139 0 1 1048 1 9 1
140 1 3 1054 5 15 7
141 1 5 1062 13 41 19
142 1 2 1070 1 12 1
143 0 2 1077 1 9 1
144 1 1 1084 1040 10806 1560
145 0 2 1089 25 215 37
146 0 3 1096 23 78 34
147 1 1 1104 5 41 7
148 1 4 1110 1 5 1
149 0 4 1118 1 5 1
150 0 2 1126 2200 23639 3300
151 0 2 1133 1 10 1
152 1 1 1140 1 9 1
153 1 3 1147 2129 22843 3193
154 0 12 1154 1 5 1
155 1 14 1163 953 4426 1429
156 1 6 1172 15 48 22
157 0 2 1180 1 9 1
158 1 17 1187 1 4 1
159 1 2 1196 1 9 1
160 0 1 1203 8 64 12
161 0 1 1208 31 270 46
162 0 1 1215 534 5380 801
163 1 2 1222 1312 13776 1968
164 0 6 1229 2482 12314 3723
165 1 9 1237 1 4 1
166 0 12 1246 293 1246 439
167 1 9 1255 1 3 1
168 1 2 1264 1 10 1
169 0 8 1271 2 6 3
170 1 1 1280 1 9 1
171 0 2 1287 1 10 1
172 0 3 1294 1 4 1
173 1 15 1302 12 38 18
174 0 1 1311 11 90 16
175 1 6 1316 2 6 3
176 0 5 1324 16 52 24
177 0 1 1332 1 11 1
178 0 1 1338 1 11 1
179 1 36 1343 310 1324 465
180 1 7 1352 1 5 1
181 1 3 1360 607 2728 910
182 1 2 1368 35 307 52
183 1 5 1375 37 131 55
184 0 6 1383 1 7 1
185 1 1 1391 8 64 12
186 0 4 1397 5 15 7
187 0 3 1405 1 3 1
188 1 1 1413 81 743 121
189 0 1 1419 47 419 70
190 0 1 1424 123173 1558050 184759
191 1 2 1430 47 419 70
192 1 1 1437 33 288 49
193 0 4 1442 13 41 19
194 1 3 1450 6 18 9
195 1 3 1458 2 6 3
196 0 29 1466 60 223 90
197 1 2 1475 45 400 67
198 1 1 1482 24 206 36
199 0 1 1488 3 25 4
200 1 2 1494 1 11 1
201 0 4 1501 603 2709 904
202 0 4 1509 39 139 58
203 1 2 1517 1 8 1
204 0 4 1524 1 4 1
205 1 2 1532 3881 42744 5821
206 0 2 1539 438 4371 657
207 0 13 1546 1 4 1
208 0 6 1555 1 5 1
209 1 4 1563 1 3 1
210 0 2 1571 2303 24796 3454
211 0 1 1578 1 11 1
212 0 2 1583 182 1740 273
213 0 2 1590 6600 74348 9900
214 1 2 1597 1 10 1
215 1 4 1604 29 101 43
216 0 1 1612 2 17 3
217 0 4 1618 1 6 1
218 1 8 1626 1 4 1
219 1 4 1635 1 3 1
220 1 4 1643 35 124 52
221 0 6 1651 1095 5136 1642
222 0 15 1659 18 59 27
223 1 1 1668 22 188 33
224 0 9 1675 6 18 9
225 0 3 1684 1 9 1
226 0 2 1691 2 17 3
227 1 16 1698 3 9 4
228 0 3 1707 1 9 1
229 1 4 1714 2 6 3
230 1 1 1722 43 381 64
231 1 10 1728 4 12 6
232 0 4 1737 15 49 22
233 0 2 1745 6 48 9
234 0 4 1752 128 509 192
235 0 2 1760 80 733 120
236 1 1 1767 50 447 75
237 1 1 1773 1257 13173 1885
238 1 3 1779 200 825 300
239 1 3 1787 1508 15934 2262
240 0 1 1795 2 17 3
241 0 1 1800 2275 24481 3412
242 1 3 1807 1 4 1
243 0 17 1815 32 112 48
244 0 1 1824 465 4654 697
245 0 1 1830 10 81 15
246 0 1 1835 1 10 1
247 0 1 1841 45 400 67
248 0 2 1848 13 107 19
249 0 3 1855 43 381 64
250 0 1 1862 690 7035 1035
251 0 2 1868 1 9 1
252 1 3 1875 1 5 1
253 0 26 1883 5 15 7
254 1 1 1892 6 48 9
255 0 1 1898 3 25 4
256 1 1 1905 16 134 24
257 0 6 1911 939 4356 1408
258 0 89 1919 83 318 124
259 1 8 1929 6527 34474 9790
260 1 4 1938 54 199 81
261 0 2 1946 22 188 33
262 0 1 1953 5 40 7
263 0 14 1959 1 4 1
264 1 1 1968 40065 485509 60097
265 1 8 1975 28 97 42
266 0 26 1983 1 3 1
267 1 1 1992 37 326 55
268 1 4 1998 54 199 81
269 0 2 2006 13 107 19
270 0 2 2013 406 4037 609
271 0 5 2020 3029 15228 4543
272 1 5 2028 2 7 3
273 0 3 2036 1 4 1
274 0 2 2044 8 64 12
275 1 4 2051 2 6 3
276 0 2 2059 8 64 12
277 0 2 2066 13 107 19
278 1 1 2073 64 580 96
279 0 1 2079 295 2889 442
280 0 6 2085 9307 50251 13960
281 1 2 2093 188 1801 282
282 0 3 2100 1 3 1
283 0 4 2108 2 6 3
284 1 6 2116 7 21 10
285 1 1 2124 58 523 87
286 1 1 2128 36 316 54
287 1 7 2134 9288 50142 13932
288 1 6 2142 22 74 33
289 0 4 2150 1 3 1
290 1 2 2158 1 9 1
291 0 1 2165 32 279 48
292 0 1 2172 703 7174 1054
293 1 1 2178 2 17 3
294 1 1 2184 72 656 108
295 1 1 2191 1 10 1
296 0 3 2197 1 4 1
297 1 12 2205 2 7 3
298 0 2 2214 1 9 1
299 0 1 2221 120 1124 180
300 1 11 2226 1 4 1
301 0 5 2235 3 10 4
302 1 10 2243 1 4 1
303 1 5 2252 45078 266936 67617
304 1 1 2260 563 5686 844
305 1 4 2266 1 4 1
306 1 5 2274 28 97 42
307 1 26 2282 1 4 1
308 0 1 2291 1399 14732 2098
309 0 4 2296 1 4 1
310 0 1 2304 1 9 1
311 1 2 2311 1 9 1
312 0 1 2318 1 9 1
313 1 1 2325 2 17 3
314 1 2 2330 24 206 36
315 0 1 2337 1 10 1
316 0 2 2344 1 9 1
317 0 2 2351 96 888 144
318 1 3 2358 451 1982 676
319 0 1 2366 1 12 1
320 1 8 2373 2 7 3
321 1 2 2381 495 4969 742
322 1 1 2388 25 215 37
323 0 3 2394 2 17 3
324 1 17 2401 5 15 7
325 1 9 2410 3955 20233 5932
326 1 1 2419 88 811 132
327 1 2 2424 35 307 52
328 0 6 2431 1 4 1
329 1 2 2439 1 9 1
330 0 2 2446 1 8 1
331 1 1 2453 4 33 6
332 0 1 2459 2 17 3
333 1 4 2466 10 31 15
334 0 6 2474 13 41 19
335 1 3 2482 11 34 16
336 1 3 2490 1 3 1
337 1 29 2498 1 4 1
338 0 2 2507 1 9 1
339 0 1 2514 2814129 39761573 4221193
340 1 2 2520 1 8 1
341 1 2 2527 2161 23202 3241
342 1 1 2534 60 542 90
343 0 2 2540 1 9 1
344 0 3 2547 1 4 1
345 1 11 2555 1 4 1
346 0 2 2564 378 3746 567
347 0 3 2571 1 10 1
348 1 8 2578 1 3 1
349 0 2 2587 96 888 144
350 0 1 2594 1 10 1
351 0 2 2600 54 485 81
352 0 2 2607 5 40 7
353 0 2 2614 478 4790 717
354 1 3 2621 1 3 1
355 0 6 2629 2 6 3
356 1 3 2637 1 8 1
357 0 26 2644 2 6 3
358 0 2 2653 1 14 1
359 1 1 2660 2 17 3
360 0 2 2664 4 33 6
361 1 1 2671 368 3642 552
362 0 2 2677 29 251 43
363 1 2 2684 50 447 75
364 1 2 2691 2 17 3
365 0 1 2698 91 840 136
366 0 10 2703 38 135 57
367 0 5 2712 1 4 1
368 0 34 2720 1 4 1
369 0 1 2729 43 381 64
370 1 3 2735 433 1897 649
371 1 1 2743 2 17 3
372 0 2 2748 708 7227 1062
373 1 2 2755 1 9 1
374 0 1 2762 1 12 1
375 0 6 2767 5936 31166 8904
376 1 2 2775 11 90 16
377 0 10 2782 158 639 237
378 1 1 2791 26 224 39
379 0 1 2797 1 9 1
380 1 8 2803 6 18 9
381 1 2 2812 109 1015 163
382 1 1 2819 2 17 3
383 1 3 2825 10 31 15
384 1 2 2833 1 13 1
385 1 6 2840 2 6 3
386 0 1 2848 1 9 1
387 0 2 2853 14 116 21
388 0 9 2860 1 4 1
389 1 5 2869 979 4555 1468
390 0 6 2877 1 4 1
391 1 2 2885 11 90 16
392 0 7 2892 1 4 1
393 0 3 2900 45 163 67
394 1 3 2908 5 15 7
395 0 2 2916 125 1173 187
396 1 2 2923 14 116 21
397 0 5 2930 4 12 6
398 1 2 2938 8 64 12
399 0 8 2945 373 1616 559
400 1 2 2954 1 9 1
401 1 4 2961 65 243 97
402 0 7 2969 1 3 1
403 1 5 2977 982 4570 1473
404 0 8 2985 3 10 4
405 1 6 2993 18 59 27
406 1 2 3001 14 116 21
407 0 8 3008 1 4 1
408 0 6 3017 2 7 3
409 1 1 3025 18605 218705 27907
410 1 3 3031 2187 23493 3280
411 0 3 3038 8 24 12
412 1 4 3046 710 3228 1065
413 0 1 3054 1 9 1
414 0 1 3060 5 40 7
415 0 8 3066 1 4 1
416 0 3 3074 1 5 1
417 1 1 3082 1 12 1
418 0 1 3089 46 409 69
419 0 2 3095 1 9 1
420 1 5 3102 1 4 1
421 0 5 3110 10 31 15
422 1 15 3118 2 7 3
423 0 4 3127 395 1719 592
424 1 6 3135 1 5 1
425 1 1 3143 2 17 3
426 1 20 3149 44 159 66
427 1 2 3158 14 116 21
428 1 1 3165 4629 51368 6943
429 1 1 3171 2 17 3
430 0 12 3177 2 6 3
431 1 8 3186 653 2951 979
432 1 1 3194 7 56 10
433 1 1 3200 2 17 3
434 0 4 3207 2835 14190 4252
435 0 7 3215 83 318 124
436 0 3 3223 2299 11348 3448
437 1 3 3231 22 188 33
438 0 3 3238 5 15 7
439 1 1 3246 10347 118759 15520
440 0 1 3253 12 98 18
441 0 24 3260 156 630 234
442 0 4 3269 1 3 1
443 1 23 3277 4 12 6
444 0 1 3286 3684 40484 5526
445 1 7 3291 92 355 138
446 1 2 3299 5553 62100 8329
447 0 7 3306 1 4 1
448 0 4 3314 978 4550 1467
449 1 4 3322 2 6 3
450 1 2 3330 1 11 1
451 0 5 3337 1 3 1
452 1 1 3345 12 99 18
453 0 1 3351 1 10 1
454 0 6 3357 1 3 1
455 0 1 3365 11755 135629 17632
456 1 37 3372 306 1306 459
457 1 1 3381 254 2469 381
458 0 7 3386 1 3 1
459 0 2 3394 16 134 24
460 1 3 3401 309 1319 463
461 1 1 3409 21 179 31
462 0 9 3415 1 4 1
463 0 5 3424 33 116 49
464 0 10 3432 5566 29104 8349
465 0 5 3441 2409 11928 3613
466 1 1 3449 2 17 3
467 1 1 3454 1 10 1
468 0 3 3460 36 128 54
469 0 3 3468 6 18 9
470 1 3 3476 128 509 192
471 0 1 3484 10 81 15
472 1 1 3490 96 889 144
473 0 1 3497 1 9 1
474 1 5 3503 7 21 10
475 1 1 3511 82 753 123
476 0 6 3517 1 3 1
477 1 19 3525 38 135 57
478 1 2 3534 1 11 1
479 1 8 3541 1519 7289 2278
480 1 6 3549 1 4 1
481 0 2 3557 1 11 1
482 1 1 3564 4 33 6
483 1 4 3570 135 539 202
484 0 2 3578 1 9 1
485 0 4 3585 1 5 1
486 0 3 3593 6 18 9
487 0 2 3601 1 11 1
488 1 2 3608 34 297 51
