0 1 1 5 10 81 15
1 1 1 7 47761 582739 71641
2 1 3 10 2 17 3
3 1 2 14 1 9 1
4 1 5 17 33 116 49
5 1 8 21 1451 6941 2176
6 1 2 26 1 10 1
7 1 1 29 172 1640 258
8 0 6 32 1 4 1
9 0 2 36 1 12 1
10 0 3 39 1 4 1
11 1 4 43 1 4 1
12 1 4 47 3804153 28113813 5706229
13 0 4 51 1 4 1
14 1 3 55 4819 53568 7228
15 1 3 59 278 1177 417
16 0 2 63 20589 243014 30883
17 0 2 66 740 7569 1110
18 1 2 69 81 743 121
19 0 2 72 26 224 39
20 0 14 75 1 6 1
21 1 20 80 1170 5513 1755
22 0 1 85 17 143 25
23 1 2 87 998 10350 1497
24 0 3 90 54221 324394 81331
25 1 3 94 1 9 1
26 0 2 98 2 17 3
27 0 1 101 1 9 1
28 1 2 104 1 10 1
29 1 3 107 1 4 1
30 0 7 111 2 6 3
31 1 1 116 1 10 1
32 1 5 118 1 4 1
33 1 8 122 2514 12484 3771
34 1 6 127 4 13 6
35 0 12 131 225 937 337
36 1 1 136 39 344 58
37 1 19 138 286 1214 429
38 1 5 143 65 243 97
39 0 4 147 1 4 1
40 0 3 151 1 4 1
41 1 6 155 2 6 3
42 0 4 159 1 4 1
43 0 2 163 819 8417 1228
44 1 3 166 1 4 1
45 1 1 170 1 10 1
46 1 2 172 1 8 1
47 1 1 175 1 11 1
48 0 1 178 1 12 1
49 0 2 179 2 17 3
50 1 9 182 317 1356 475
51 1 18 187 24646 141018 36969
52 1 2 192 6572 74020 9858
53 1 7 195 1 4 1
54 1 9 199 1 4 1
55 1 4 204 14 45 21
56 1 4 208 17 56 25
57 0 2 212 2 17 3
58 0 4 215 1 4 1
59 0 4 219 4 12 6
60 0 10 223 59 219 88
61 1 25 228 1 4 1
62 1 5 233 89 343 133
63 1 1 237 2 17 3
64 0 3 238 1 4 1
65 0 5 242 9 27 13
66 0 1 246 1 9 1
67 0 56 248 258 1086 387
68 0 4 254 17 56 25
69 0 3 258 3 9 4
70 0 1 262 378 3746 567
71 0 1 263 1 11 1
72 1 2 266 12 98 18
73 1 2 269 168 1600 252
74 0 2 272 3 25 4
75 0 4 275 1283 6085 1924
76 0 8 279 2364 11691 3546
77 1 2 284 12165 140557 18247
78 0 2 287 1 9 1
79 0 11 290 51 187 76
80 0 11 295 1 3 1
81 1 3 300 3599 18299 5398
82 0 2 304 2 17 3
83 0 7 307 5 15 7
84 0 1 312 1 10 1
85 0 1 314 26750 319046 40125
86 1 1 316 1 9 1
87 1 5 318 780 3570 1170
88 0 9 322 1 4 1
89 1 3 327 5 41 7
90 1 5 331 68 256 102
91 1 1 335 5039 56120 7558
92 1 1 338 1 9 1
93 1 7 341 1 4 1
94 1 2 345 1 11 1
95 0 4 348 5 15 7
96 1 2 352 20 170 30
97 0 1 355 14 116 21
98 1 25 357 1 4 1
99 0 12 362 3 9 4
100 0 13 367 5 15 7
101 0 1 372 5 40 7
102 0 3 374 69 260 103
103 1 1 378 40 353 60
104 1 2 381 354 3497 531
105 0 2 384 6 48 9
106 0 7 387 16 52 24
107 1 2 392 9 72 13
108 0 3 395 6 18 9
109 1 2 399 6156 69144 9234
110 0 19 402 1 4 1
111 0 4 407 2 7 3
112 0 3 411 200 825 300
113 0 2 415 1833 19537 2749
114 1 4 418 16 52 24
115 1 1 422 57 513 85
116 0 7 425 30 104 45
117 0 3 430 236 986 354
118 0 2 434 399 3965 598
119 0 2 437 5 40 7
120 0 4 440 1 3 1
121 1 5 444 1 7 1
122 0 6 448 274 1159 411
123 1 3 452 1692 8180 2538
124 0 1 456 271 2643 406
125 1 5 457 8 24 12
126 1 1 461 2 17 3
127 0 1 463 324 3187 486
128 0 11 466 26 89 39
129 1 4 471 2378 11764 3567
130 0 14 475 193252 1237515 289878
131 1 1 480 1 10 1
132 1 7 482 225 937 337
133 0 10 487 48 175 72
134 0 9 492 2 6 3
135 1 7 497 1 5 1
136 0 1 501 429 4277 643
137 1 1 504 74 676 111
138 0 1 507 2 17 3
139 1 3 509 1 3 1
140 1 1 513 1 10 1
141 0 2 515 2 17 3
142 1 3 518 1283 6085 1924
143 0 2 522 3 25 4
144 1 8 525 28 97 42
145 1 4 530 17 56 25
146 1 2 534 12 99 18
147 0 2 537 4453 49334 6679
148 1 2 540 1 9 1
149 0 1 543 2 17 3
150 0 1 545 26 224 39
151 1 12 548 88 339 132
152 0 2 553 1 9 1
153 1 1 556 197 1891 295
154 1 1 558 1 9 1
155 1 3 560 533 2372 799
156 1 3 564 1 4 1
157 0 3 568 1 4 1
158 0 2 572 744 7612 1116
159 0 2 575 293 2868 439
160 0 1 578 1 10 1
161 0 3 580 1 10 1
162 0 4 584 144 578 216
163 1 1 588 19 161 28
164 1 2 590 2 17 3
165 1 1 593 2526 27307 3789
166 0 2 596 1 8 1
167 0 3 599 23662 135068 35493
168 1 1 603 80 734 120
169 1 2 606 1333 14007 1999
170 1 3 609 48 175 72
171 1 5 613 2021 9889 3031
172 1 1 617 820 8427 1230
173 0 2 620 279 2725 418
174 0 6 623 1 4 1
175 1 9 627 95 368 142
176 0 7 632 2 6 3
177 0 4 636 1 4 1
178 1 1 640 39 344 58
179 0 3 643 53 195 79
180 0 1 647 8 64 12
181 0 1 649 1 10 1
182 1 3 652 380 3767 570
183 0 1 656 6 48 9
184 1 9 659 70 264 105
185 1 4 664 418 1827 627
186 0 2 668 28 242 42
187 0 1 671 2 17 3
188 1 5 673 25985 149134 38977
189 1 2 677 66 599 99
190 0 4 680 20 67 30
191 0 1 684 248 2408 372
192 1 5 687 4 13 6
193 1 5 691 1 4 1
194 1 2 695 12 99 18
195 0 2 698 1 9 1
196 0 5 701 16 52 24
197 0 4 705 1 4 1
198 0 1 709 1 13 1
199 1 2 711 2 17 3
200 0 7 714 16766 93791 25149
201 1 11 718 1 4 1
202 1 2 723 3076 33539 4614
203 0 112 726 1 5 1
204 0 1 732 1 10 1
205 0 10 735 3 10 4
206 1 3 740 3 9 4
207 1 1 744 1 11 1
208 1 3 747 19 63 28
209 0 2 751 36109 435794 54163
210 1 2 754 1 9 1
211 1 1 757 1 9 1
212 0 2 760 995 10317 1492
213 1 1 763 4 33 6
214 1 2 766 9410 107582 14115
215 1 2 769 24 206 36
216 0 1 772 90 830 135
217 1 2 774 14 116 21
218 1 6 777 1 3 1
219 0 2 781 4 33 6
220 0 4 784 7687 41017 11530
221 0 9 788 1 3 1
222 0 1 793 3 25 4
223 0 1 796 6164 69238 9246
224 0 3 799 1 10 1
225 1 9 803 32 112 48
226 1 1 808 450 4497 675
227 1 3 810 6 18 9
228 0 10 814 1 4 1
229 1 9 819 1 4 1
230 1 2 824 52399 641625 78598
231 1 1 827 92 850 138
232 0 1 830 1 9 1
233 0 7 833 1 5 1
234 0 2 837 201 1931 301
235 1 2 840 1 9 1
236 1 2 843 639 6492 958
237 1 1 846 1 10 1
238 1 3 848 282 1195 423
239 0 10 852 213 883 319
240 0 2 857 1 9 1
241 0 15 860 23 78 34
242 0 2 865 1 8 1
243 1 8 868 142 569 213
244 0 1 873 69 628 103
245 1 4 875 1 3 1
246 0 3 879 2 7 3
247 1 3 883 1 4 1
248 1 5 887 1 4 1
249 1 1 891 738 7548 1107
250 0 2 893 1 10 1
251 0 3 896 1 4 1
252 1 2 900 2 17 3
253 0 4 903 7 21 10
254 1 6 907 747 3409 1120
255 0 3 911 8 24 12
256 0 3 915 677 3067 1015
257 1 6 919 4855 25167 7282
258 0 3 923 17 143 25
259 0 2 927 1 10 1
260 0 5 930 4 12 6
261 1 5 934 17 56 25
262 1 1 938 2 17 3
263 1 3 941 1 4 1
264 0 2 945 1 12 1
265 1 3 948 4 33 6
266 0 1 952 4 33 6
267 0 14 953 13712 75794 20568
268 0 1 958 3 25 4
269 0 2 960 1179 12320 1768
270 0 15 963 45 163 67
271 0 4 968 1 4 1
272 1 2 972 1 10 1
273 0 3 975 2 7 3
274 1 3 979 342 1472 513
275 1 2 983 218 2104 327
276 1 7 986 148 595 222
277 1 2 990 48 428 72
278 0 1 993 28 242 42
279 1 3 995 1 5 1
280 1 4 999 29 100 43
281 0 4 1003 58 215 87
282 1 2 1007 376 3725 564
283 1 3 1010 1 9 1
284 0 3 1014 5085 26437 7627
285 0 5 1018 4 12 6
286 1 1 1022 65 589 97
287 0 5 1025 1 3 1
288 0 2 1029 138 1302 207
289 1 5 1032 1 3 1
290 0 5 1036 437 1916 655
291 1 1 1040 15 125 22
292 1 2 1042 7181 81180 10771
293 1 2 1045 1147 11971 1720
294 1 10 1048 26695 153447 40042
295 0 2 1053 1 9 1
296 1 5 1056 3218 16243 4827
297 0 1 1060 10 81 15
298 1 12 1063 403 1756 604
299 0 1 1068 1 10 1
300 1 2 1071 1 9 1
301 0 7 1074 138 552 207
302 0 4 1078 3 10 4
303 0 9 1082 13 41 19
304 1 4 1087 850 3915 1275
305 1 2 1091 6845 77226 10267
306 1 6 1094 2971 14917 4456
307 0 5 1098 167 679 250
308 1 25 1102 3 10 4
309 0 3 1107 26339 151284 39508
310 0 1 1111 1 12 1
311 0 3 1113 1 9 1
312 0 1 1117 2 17 3
313 1 1 1119 18 152 27
314 0 2 1120 216 2083 324
315 0 2 1123 6352 71439 9528
316 1 2 1126 7079 79979 10618
317 0 8 1129 3 10 4
318 1 5 1134 2 6 3
319 0 1 1138 1 9 1
320 1 5 1140 1 3 1
321 0 8 1144 170 692 255
322 1 4 1149 1 3 1
323 0 3 1153 483 2134 724
324 0 3 1157 10 31 15
325 1 2 1161 1 11 1
326 1 3 1164 4 12 6
327 1 1 1168 2 17 3
328 1 2 1171 19 161 28
329 1 6 1174 1310 6222 1965
330 1 1 1178 6 48 9
331 0 7 1180 1422 6793 2133
332 1 9 1185 1 4 1
333 1 1 1190 16 134 24
334 0 8 1192 1 4 1
335 1 4 1197 62 231 93
336 1 2 1201 4004 44158 6006
337 0 2 1204 2172 23325 3258
338 1 1 1207 1 9 1
339 0 2 1210 1127 11753 1690
340 0 1 1213 1 9 1
341 1 6 1215 47 171 70
342 0 3 1219 1 9 1
343 0 5 1222 1229 5811 1843
344 1 2 1226 909 9387 1363
345 1 1 1229 1 8 1
346 1 2 1231 129 1212 193
347 0 5 1234 1 5 1
348 0 1 1238 14 116 21
349 0 3 1241 633 2854 949
350 0 10 1245 1 5 1
351 1 11 1250 1 4 1
352 0 1 1255 1 10 1
353 1 6 1258 10 31 15
354 0 1 1262 931 9624 1396
355 1 5 1265 1 4 1
356 1 1 1269 5 40 7
357 0 1 1271 1 8 1
358 0 1 1273 83 763 124
359 1 2 1275 1 10 1
360 1 2 1278 1 10 1
361 0 2 1281 1 8 1
362 1 10 1284 941 4366 1411
363 0 1 1289 2 17 3
364 1 1 1291 59 532 88
365 0 13 1292 6 18 9
366 1 2 1297 6 48 9
367 1 3 1300 6 18 9
368 0 1 1304 1 10 1
369 1 3 1307 11 90 16
370 0 2 1311 400 3975 600
371 1 5 1314 104 406 156
372 1 5 1318 1 4 1
373 1 1 1322 1 8 1
374 1 12 1325 1 5 1
375 1 2 1330 1 9 1
376 0 2 1333 5 40 7
377 1 2 1336 122 1143 183
378 1 2 1339 1 9 1
379 1 2 1342 7 56 10
380 0 19 1345 26 89 39
381 1 1 1350 1 11 1
382 1 3 1351 3 9 4
383 0 2 1355 5 41 7
384 0 4 1358 1 5 1
385 0 3 1362 4 12 6
386 0 1 1366 357 3528 535
387 0 1 1369 545 5496 817
388 1 11 1371 71 268 106
389 1 2 1376 1 11 1
390 1 2 1379 6 48 9
391 0 2 1382 1 8 1
392 0 2 1385 1 11 1
393 1 3 1388 2 7 3
394 0 1 1392 1 9 1
395 0 1 1394 1 8 1
396 1 4 1396 139 556 208
397 1 9 1400 10 31 15
398 1 5 1405 1 4 1
399 0 1 1409 514 5169 771
400 0 4 1412 13135 72417 19702
401 1 1 1416 198 1901 297
402 0 1 1419 22 188 33
403 1 36 1422 8510 45695 12765
404 1 3 1428 1 10 1
405 0 5 1432 17 56 25
406 0 7 1436 15 49 22
407 0 1 1440 17535 205636 26302
408 1 4 1442 2495 12383 3742
409 1 13 1446 113 445 169
410 0 2 1451 2 17 3
411 0 1 1454 2 17 3
412 0 3 1457 10 31 15
413 0 1 1461 28 242 42
414 1 8 1464 1191 5619 1786
415 0 2 1469 1 12 1
416 0 6 1472 161 652 241
417 1 2 1476 160 1520 240
418 1 2 1479 120 1124 180
419 0 2 1482 1 10 1
420 1 4 1485 1 4 1
421 0 2 1489 188 1801 282
422 1 8 1492 74 281 111
423 0 2 1497 483 4843 724
424 1 4 1500 134 535 201
425 1 2 1504 1362985 18790575 2044477
426 1 1 1507 90 830 135
427 1 4 1510 1 4 1
428 1 2 1514 14 116 21
429 1 1 1517 1 9 1
430 1 2 1519 16872 197553 25308
431 0 4 1522 3 10 4
432 1 2 1526 108 1006 162
433 1 1 1529 1 9 1
434 1 9 1531 4 12 6
435 1 11 1536 43031 254152 64546
436 0 4 1541 11667 63866 17500
437 1 4 1545 6 18 9
438 1 7 1549 1 4 1
439 1 1 1553 2 17 3
440 0 8 1555 1 3 1
441 1 3 1560 1048 10893 1572
442 0 2 1564 454 4539 681
443 0 4 1567 11 34 16
444 1 3 1571 3483 17672 5224
445 0 19 1575 1 3 1
446 1 2 1580 13 107 19
447 0 6 1583 16 52 24
448 1 6 1587 44 159 66
449 1 3 1591 3 10 4
450 0 1 1595 627 6364 940
451 1 3 1598 75 285 112
452 1 1 1602 1 10 1
453 0 3 1604 135 539 202
454 0 14 1608 165 670 247
455 1 5 1613 115 453 172
456 0 1 1617 5 40 7
457 0 22 1619 1 3 1
458 0 7 1624 22 74 33
459 0 3 1628 3 25 4
460 1 1 1632 10545 121126 15817
461 1 2 1635 1 9 1
462 1 1 1638 4 33 6
463 1 2 1639 29 251 43
464 1 8 1642 1 4 1
465 0 4 1647 1 4 1
466 0 12 1651 3 9 4
467 1 1 1656 43 382 64
468 1 4 1659 1 4 1
469 0 3 1663 234314 1515408 351471
470 1 1 1667 2374 25594 3561
471 1 8 1669 25 85 37
472 1 3 1674 4 12 6
473 0 1 1678 2 17 3
474 1 14 1680 53 195 79
475 1 3 1685 1 8 1
476 0 2 1689 2 17 3
477 1 5 1692 2 6 3
478 0 1 1696 1 10 1
479 1 1 1698 1 9 1
480 1 12 1701 55 203 82
481 1 5 1706 137 548 205
482 0 6 1710 13775 76163 20662
483 0 3 1714 1 4 1
484 1 2 1718 1 10 1
485 1 2 1721 1 10 1
486 0 2 1724 109 1016 163
487 1 5 1727 3 10 4
488 1 3 1731 341 1467 511
489 1 21 1735 2 6 3
490 0 5 1740 113 445 169
491 0 3 1744 1 7 1
492 0 8 1748 15 48 22
493 0 5 1753 2 7 3
494 0 19 1757 31 108 46
495 0 1 1762 10 81 15
496 0 1 1764 29 252 43
497 0 2 1766 189 1811 283
498 1 1 1769 470 4707 705
499 0 1 1771 11913 137527 17869
500 1 5 1774 46 167 69
501 0 2 1778 96956 1215447 145434
502 0 2 1781 32 279 48
503 1 2 1784 1 8 1
504 1 3 1787 7 56 10
505 1 2 1791 19 161 28
506 0 7 1794 60 223 90
507 0 2 1798 5 40 7
508 0 3 1801 1 10 1
509 0 2 1805 33 288 49
510 0 2 1808 1 9 1
511 0 2 1811 1 9 1
512 0 7 1814 4 12 6
513 0 8 1818 1 5 1
514 0 2 1823 5 40 7
515 1 1 1826 2 17 3
516 1 2 1828 3 25 4
517 0 3 1831 5 15 7
518 1 1 1835 41 362 61
519 0 1 1838 66 599 99
520 0 2 1841 1 9 1
521 1 5 1844 1 4 1
522 0 6 1848 2 7 3
523 0 2 1852 11 90 16
524 1 2 1855 1 10 1
525 1 1 1858 1 9 1
526 0 3 1861 52 466 78
527 0 2 1865 1 11 1
528 1 2 1868 77 704 115
529 0 6 1871 1 5 1
530 1 2 1875 17 143 25
531 0 9 1878 15 48 22
532 1 2 1883 1 8 1
533 0 3 1886 1 3 1
534 0 9 1890 5 15 7
535 0 1 1895 14505 168801 21757
536 1 1 1897 1 10 1
537 0 6 1900 1 4 1
538 1 3 1904 1 4 1
539 1 2 1908 1 10 1
540 0 2 1911 7 56 10
541 0 3 1914 3 9 4
542 0 8 1918 779 3566 1168
543 0 3 1923 816 3747 1224
544 1 4 1927 663 2999 994
545 0 1 1931 267 2602 400
546 0 1 1934 1 10 1
547 1 1 1936 1 12 1
548 0 1 1938 3 25 4
549 1 3 1940 55 494 82
550 1 2 1944 3 25 4
551 0 3 1947 1 4 1
552 0 1 1951 1 9 1
553 0 1 1954 1 9 1
554 1 1 1956 315 3094 472
555 1 5 1958 2588 12876 3882
556 1 1 1962 1 10 1
557 0 2 1965 5 40 7
558 0 5 1968 2 6 3
559 0 2 1972 40 353 60
560 0 1 1975 67 609 100
561 1 1 1976 2 17 3
562 0 1 1978 33 288 49
563 0 2 1981 3 25 4
564 1 3 1984 619 2786 928
565 1 17 1988 1 4 1
566 1 1 1993 2432 26247 3648
567 1 7 1995 250 1050 375
568 0 1 1999 2 17 3
569 1 11 2001 18846 106157 28269
570 0 2 2006 10712 123124 16068
571 0 3 2009 1 4 1
572 1 4 2013 600 2694 900
573 1 1 2017 1 9 1
574 0 5 2019 7 21 10
575 0 4 2023 2631 13104 3946
576 1 5 2027 321 1375 481
577 0 1 2031 4263 47140 6394
578 0 3 2033 6 18 9
579 1 2 2037 157 1490 235
580 0 1 2040 22 188 33
581 0 2 2043 3 25 4
582 1 5 2046 1 5 1
583 0 13 2050 4 12 6
584 1 1 2055 1 9 1
585 1 7 2058 1 4 1
586 1 8 2062 8317 44596 12475
587 0 7 2067 10056 54552 15084
588 0 6 2071 1120 5261 1680
589 1 4 2075 1 4 1
590 1 1 2079 8 64 12
591 1 6 2081 46 167 69
592 0 1 2085 1 9 1
593 1 6 2086 138 552 207
594 1 2 2090 2 17 3
595 0 1 2093 12 99 18
596 0 2 2096 868 8944 1302
597 1 3 2099 1 4 1
598 1 4 2103 8 24 12
599 1 5 2107 1 4 1
600 1 1 2111 1 9 1
601 0 4 2113 6 18 9
602 0 1 2117 3 25 4
603 0 4 2119 11 34 16
604 0 3 2123 79 724 118
605 1 3 2127 22 74 33
606 0 18 2131 1 4 1
607 0 12 2136 1 5 1
608 0 2 2141 24 206 36
609 0 13 2144 4546 23466 6819
610 1 1 2149 1 11 1
611 1 2 2151 1 9 1
612 0 2 2154 42 372 63
613 0 1 2157 1 8 1
614 0 2 2159 91 840 136
615 0 2 2162 8969 102336 13453
616 0 3 2165 1 10 1
617 0 2 2169 1 9 1
618 0 13 2172 4 12 6
619 1 5 2177 7614 40603 11421
620 1 1 2181 1 9 1
621 0 8 2184 1 3 1
622 1 14 2189 7911 42288 11866
623 0 1 2194 1 9 1
624 1 3 2196 1 4 1
625 1 1 2200 3 25 4
626 1 1 2201 1 9 1
627 0 3 2203 7 21 10
628 1 6 2207 14 45 21
629 1 2 2211 3062 33381 4593
630 1 6 2214 288 1223 432
631 1 5 2218 5386 28104 8079
632 1 3 2222 5253 27367 7879
633 0 5 2226 107 419 160
634 0 4 2230 8944 48173 13416
635 0 18 2234 2 6 3
636 0 17 2239 1 4 1
637 0 4 2244 337 1449 505
638 1 1 2248 8 64 12
639 1 1 2251 17 143 25
640 0 5 2254 6001 31529 9001
641 1 5 2258 7 21 10
642 0 21 2262 1 4 1
643 1 1 2267 12 99 18
644 0 17 2268 4 12 6
645 0 2 2273 105 977 157
646 0 5 2276 1 3 1
647 0 4 2280 2 6 3
648 0 52 2284 1 5 1
649 1 1 2290 44 391 66
650 1 17 2293 80 305 120
651 1 5 2298 1 4 1
652 0 2 2302 2 17 3
653 1 5 2305 1 4 1
654 1 2 2309 6964 78626 10446
655 0 5 2312 1 6 1
656 1 1 2316 3 25 4
657 1 1 2318 1 9 1
658 0 1 2321 61 551 91
659 0 1 2323 20 170 30
660 1 1 2325 9 73 13
661 0 1 2327 4 33 6
662 0 6 2330 83 318 124
663 0 7 2334 12 38 18
664 0 3 2338 4 12 6
665 0 2 2342 9 73 13
666 1 4 2345 1 5 1
667 1 1 2349 11 90 16
668 0 34 2350 23 78 34
669 1 6 2356 10 31 15
670 0 4 2360 4 13 6
671 0 5 2364 1 4 1
672 1 5 2368 5547 28999 8320
673 0 5 2372 17244 96626 25866
674 1 3 2376 1382 6589 2073
675 1 36 2380 1 3 1
676 1 2 2386 1 10 1
677 1 2 2389 8 64 12
678 1 2 2392 1 10 1
679 1 2 2395 2 17 3
680 1 3 2398 61261 368989 91891
681 1 3 2402 2 7 3
682 0 5 2406 808 3708 1212
683 0 1 2410 1 11 1
684 1 3 2412 4 12 6
685 0 7 2416 1 4 1
686 0 5 2420 3 9 4
687 0 7 2424 3 10 4
688 1 2 2428 57 513 85
689 1 2 2431 1 11 1
690 1 25 2434 2 6 3
691 0 1 2439 14 116 21
692 1 6 2442 1 5 1
693 1 3 2446 224 932 336
694 0 1 2450 7 56 10
695 0 1 2453 19 161 28
696 1 6 2455 25 85 37
697 0 1 2459 1 9 1
698 0 1 2461 2 17 3
699 1 5 2463 90 347 135
700 0 1 2467 213 2053 319
701 0 5 2469 1 3 1
702 0 9 2473 1 4 1
703 0 9 2478 81 309 121
704 1 5 2483 37531 219969 56296
705 1 22 2487 2 7 3
706 0 2 2492 5618 62858 8427
707 0 4 2495 1 3 1
708 1 1 2499 1832 19526 2748
709 0 14 2501 1 5 1
710 0 2 2506 446 4455 669
711 0 2 2509 6 48 9
712 1 10 2512 7 21 10
713 1 7 2517 3 10 4
714 1 3 2521 1 4 1
715 0 2 2525 1 9 1
716 1 2 2528 17 143 25
717 0 3 2531 11 34 16
718 1 2 2535 46 409 69
719 0 1 2538 68 618 102
720 1 1 2540 163 1550 244
721 1 4 2543 1 4 1
722 1 15 2547 2049 10036 3073
723 1 15 2552 39466 231966 59199
724 0 3 2557 11 34 16
725 0 1 2561 3 25 4
726 1 2 2564 38 335 57
727 0 2 2567 2 17 3
728 1 1 2570 7 56 10
729 1 1 2571 2516 27194 3774
730 0 3 2574 24456 139868 36684
731 1 1 2578 8 64 12
732 1 1 2580 1 9 1
733 1 7 2583 37 132 55
734 0 1 2587 4 33 6
735 1 11 2590 1 3 1
736 1 1 2595 1 9 1
737 1 11 2597 2 6 3
738 1 6 2602 1 4 1
739 1 3 2606 516 2291 774
740 1 4 2610 421 1841 631
741 0 5 2614 47 171 70
742 0 40 2618 583 2612 874
743 0 1 2624 20 170 30
744 0 2 2625 44 391 66
745 1 2 2628 2 17 3
746 1 2 2631 1118 11655 1677
747 0 4 2634 107094 664859 160641
748 0 3 2638 1 10 1
749 1 1 2642 76 695 114
750 1 5 2644 1 3 1
751 1 1 2648 1 10 1
752 1 6 2651 15 48 22
753 0 1 2655 1 10 1
754 1 16 2656 117 462 175
755 0 2 2661 4 33 6
756 1 1 2664 21 179 31
757 0 9 2666 3 9 4
758 1 2 2671 12 99 18
759 1 4 2674 1 5 1
760 0 13 2678 2 7 3
761 0 1 2683 1 9 1
762 1 3 2686 1 9 1
763 1 7 2690 8828 47510 13242
764 0 7 2694 1 4 1
765 0 46 2698 18475 103946 27712
766 1 18 2704 1 4 1
767 1 3 2709 139 556 208
768 0 15 2713 1 4 1
769 1 2 2718 24 206 36
770 0 1 2721 13 107 19
771 0 2 2723 1 9 1
772 1 4 2726 1 4 1
773 0 4 2730 6 18 9
774 1 2 2734 6 48 9
775 1 1 2737 1 9 1
776 0 4 2740 77 293 115
777 1 3 2744 595734 4036931 893601
778 1 1 2748 1 10 1
779 0 7 2751 35 124 52
780 1 87 2756 116 457 174
781 0 1 2762 3 25 4
782 1 2 2763 19 161 28
783 1 2 2766 4 33 6
784 1 6 2769 1 4 1
785 1 4 2773 12 38 18
786 0 3 2777 71 268 106
787 0 2 2781 2 17 3
788 1 7 2784 1 4 1
789 0 5 2788 7 21 10
790 1 8 2792 476 2101 714
791 1 13 2797 7 21 10
792 0 2 2802 5 40 7
793 0 3 2805 109 427 163
794 0 1 2809 1495 15791 2242
795 1 5 2810 625 2815 937
796 0 9 2814 45 163 67
797 0 4 2819 2 6 3
798 1 15 2823 1345 6400 2017
799 0 3 2828 93 360 139
800 0 3 2832 18 152 27
801 0 1 2836 38 334 57
802 1 2 2839 26 224 39
803 1 2 2842 1 10 1
804 1 2 2845 1 9 1
805 1 2 2848 1 10 1
806 0 2 2851 37 325 55
807 0 3 2854 15 48 22
808 1 5 2858 1 4 1
809 0 1 2862 1 11 1
810 0 2 2865 555 5601 832
811 1 1 2868 1012 10502 1518
812 0 2 2869 4 33 6
813 0 3 2872 1 11 1
814 1 9 2876 6 18 9
815 1 2 2881 2 17 3
816 0 4 2884 1 4 1
817 0 1 2888 18 152 27
818 0 10 2890 1 3 1
819 1 5 2895 5345 27877 8017
820 1 1 2899 178 1700 267
821 0 7 2901 2 6 3
822 1 5 2905 1 5 1
823 0 2 2909 6 48 9
824 0 2 2912 3 25 4
825 0 6 2915 7 21 10
826 1 1 2919 1 9 1
827 0 1 2922 2 17 3
828 0 1 2923 1 9 1
829 1 16 2925 1 3 1
830 1 4 2930 3 10 4
831 1 7 2934 16 52 24
832 0 3 2939 17128 200673 25692
833 0 3 2943 1 3 1
834 1 1 2947 21 179 31
835 0 1 2949 731 7473 1096
836 1 4 2950 1052 4920 1578
837 1 10 2954 320 1370 480
838 1 1 2959 12430 143745 18645
839 0 2 2961 71 647 106
840 0 13 2964 1 4 1
841 0 7 2969 9 27 13
842 1 2 2973 3 25 4
843 0 16 2976 2 7 3
844 0 1 2981 1 11 1
845 0 2 2983 6 48 9
846 1 15 2986 5 15 7
847 0 2 2991 12 99 18
848 0 5 2994 310 1324 465
849 1 3 2998 6 48 9
850 1 1 3002 1 11 1
851 1 2 3004 364 3601 546
852 1 1 3007 41 363 61
853 0 1 3009 415 4131 622
854 0 3 3011 1 4 1
855 1 7 3015 66 247 99
856 1 2 3020 1 9 1
857 1 2 3023 9 73 13
858 1 1 3026 1 9 1
859 1 4 3029 36 127 54
860 1 7 3033 1 4 1
861 0 3 3037 132 1242 198
862 0 7 3041 24 82 36
863 1 4 3046 2 7 3
864 1 2 3050 1 10 1
865 0 3 3053 7 21 10
866 1 2 3057 1323 13897 1984
867 0 4 3060 1 4 1
868 0 3 3064 38 135 57
869 0 7 3068 1 5 1
870 0 6 3072 46 167 69
871 1 10 3076 134 535 201
872 0 18 3081 1 5 1
873 0 14 3086 12 38 18
874 0 2 3091 405 4027 607
875 1 4 3094 158 639 237
876 0 12 3098 42 151 63
877 0 2 3103 4 33 6
878 1 5 3106 2 6 3
879 1 2 3110 10 81 15
880 0 3 3113 94 869 141
881 1 1 3117 1 9 1
882 1 2 3118 10 81 15
883 0 9 3121 1 4 1
884 1 4 3126 38 135 57
885 0 1 3130 14 116 21
886 0 1 3132 1690 17948 2535
887 0 5 3135 2 7 3
888 0 7 3139 1 4 1
889 1 2 3143 5 41 7
890 0 2 3146 1 10 1
891 0 3 3149 3 10 4
892 1 8 3153 1 4 1
893 0 12 3158 1 3 1
894 0 2 3163 320 3146 480
895 0 15 3166 147 591 220
896 0 21 3171 2 7 3
897 0 4 3176 86 330 129
898 0 2 3180 567 5728 850
899 1 3 3183 2 6 3
900 1 1 3187 98 908 147
901 1 7 3189 60 223 90
902 0 2 3193 68 618 102
903 1 4 3196 1 3 1
904 1 1 3200 1 10 1
905 0 3 3202 38 135 57
906 0 3 3206 16 52 24
907 1 33 3210 42 151 63
908 0 6 3216 7 21 10
909 1 4 3220 16 52 24
910 0 1 3224 1 9 1
911 0 2 3226 9011 102835 13516
912 1 9 3229 1 3 1
913 0 10 3234 1 3 1
914 0 1 3239 1 12 1
915 1 1 3242 1 9 1
916 0 1 3245 1065 11078 1597
917 1 1 3247 7 56 10
918 1 2 3249 1 9 1
919 1 6 3252 1 3 1
920 1 8 3256 1 4 1
921 1 27 3261 1 4 1
922 1 2 3267 2041 21858 3061
923 1 2 3270 6 48 9
924 1 2 3273 20674 244058 31011
925 0 13 3276 1 4 1
926 1 1 3281 56 504 84
927 1 1 3284 1 9 1
928 0 1 3286 8 64 12
929 0 7 3289 44 159 66
930 0 3 3293 4453 49334 6679
931 0 1 3297 10 81 15
932 0 2 3300 9725 111334 14587
933 1 3 3303 15 125 22
934 1 8 3307 2786 13929 4179
935 0 2 3312 14 116 21
936 0 4 3315 2 7 3
937 0 13 3319 8 24 12
938 0 8 3324 1 4 1
939 0 4 3329 14 45 21
940 1 5 3333 36 128 54
941 0 1 3337 1 9 1
942 0 1 3340 1 9 1
943 0 2 3343 13 108 19
944 0 7 3346 5 15 7
945 1 11 3351 4 12 6
946 1 1 3356 2 17 3
947 1 2 3359 19 161 28
948 0 9 3362 7 21 10
949 1 9 3367 665 3009 997
950 1 1 3372 21 179 31
951 0 6 3375 4 12 6
952 1 3 3379 2 17 3
953 1 2 3382 74 676 111
954 0 7 3385 3 9 4
955 0 2 3389 4611 51160 6916
956 1 4 3392 1 4 1
957 0 6 3396 1 3 1
958 1 3 3400 8847 100887 13270
959 0 6 3404 1 4 1
960 0 1 3408 1 11 1
961 1 4 3410 2 6 3
962 0 1 3414 815 8374 1222
963 0 7 3416 1 3 1
964 0 1 3420 166887 2134977 250330
965 0 1 3421 1 9 1
966 0 3 3423 1 9 1
967 0 5 3427 47 171 70
968 1 4 3431 4 12 6
969 1 8 3435 15 48 22
970 1 3 3440 13 41 19
971 1 2 3444 741 7580 1111
972 1 1 3447 755 7730 1132
973 1 7 3449 1 5 1
974 0 3 3454 934 4331 1401
975 1 2 3458 1 10 1
976 0 6 3461 75 284 112
977 1 1 3465 11 90 16
978 0 7 3468 1 4 1
979 1 2 3472 11 90 16
980 0 2 3475 1 10 1
981 1 15 3478 13018112 101510592 19527168
982 0 8 3483 551 2459 826
983 1 3 3488 358 1546 537
984 0 3 3492 1023 4775 1534
985 1 10 3496 2 7 3
986 0 6 3501 3290 16630 4935
987 0 1 3505 717 7323 1075
988 0 3 3507 1 12 1
989 1 2 3511 2 17 3
990 1 6 3514 6 18 9
991 0 2 3518 1 11 1
992 1 1 3521 787 8073 1180
993 1 15 3524 57 211 85
994 1 11 3529 2 7 3
995 1 1 3534 1 10 1
996 1 1 3537 2394 25819 3591
997 1 14 3539 1 5 1
998 1 1 3544 1 10 1
999 0 4 3546 3 9 4
1000 0 1 3550 598 6057 897
1001 1 6 3552 10 31 15
1002 1 8 3556 1 4 1
1003 0 3 3561 234 2266 351
1004 1 7 3564 1 5 1
1005 0 26 3568 2 6 3
1006 1 1 3573 100 927 150
1007 1 5 3575 103 402 154
1008 1 1 3579 1 9 1
1009 1 1 3580 8242 93712 12363
1010 1 7 3583 1 4 1
1011 0 3 3587 1 5 1
1012 0 1 3591 127 1193 190
1013 0 3 3593 404896 2691965 607344
1014 1 3 3597 2653 13221 3979
1015 0 1 3601 5 40 7
1016 1 1 3603 1 9 1
1017 0 1 3605 4 33 6
1018 1 2 3608 1 12 1
