0 1 1 5 195 1871 292
1 0 4 6 1 4 1
2 0 2 10 1 10 1
3 0 5 13 1 5 1
4 1 10 17 1142 5372 1713
5 1 11 22 2 7 3
6 0 4 27 118 466 177
7 0 4 31 18 59 27
8 0 1 35 18 152 27
9 0 4 38 1 4 1
10 0 1 42 1 9 1
11 1 2 44 1 11 1
12 0 2 47 1 9 1
13 0 8 50 8 24 12
14 0 1 55 3155 34439 4732
15 1 12 57 90 347 135
16 1 4 62 2824 14132 4236
17 0 5 66 76 289 114
18 0 10 70 1 4 1
19 1 3 75 4 33 6
20 1 2 79 76 695 114
21 0 2 82 1 8 1
22 1 3 85 34 120 51
23 1 1 89 1 9 1
24 1 2 90 1 10 1
25 0 2 93 1 10 1
26 0 9 96 1 4 1
27 0 3 101 7 21 10
28 1 7 105 607 2728 910
29 1 1 109 1 9 1
30 0 1 110 1 10 1
31 0 6 113 1 5 1
32 0 2 117 1 10 1
33 0 8 120 14 45 21
34 0 11 125 1 4 1
35 0 16 130 60 223 90
36 0 4 135 203 838 304
37 0 4 139 861 3970 1291
38 1 1 143 8 64 12
39 0 7 145 1 4 1
40 1 11 150 11 34 16
41 1 3 155 31 108 46
42 1 1 159 4 33 6
43 0 4 162 1575 7577 2362
44 0 3 166 1 4 1
45 0 4 170 1 5 1
46 1 7 174 14 45 21
47 0 3 179 32 279 48
48 1 6 182 49122 292281 73683
49 1 2 186 1 11 1
50 1 2 189 3 25 4
51 1 2 192 301 2950 451
52 0 3 195 1 9 1
53 0 10 199 212 879 318
54 0 2 204 424 4225 636
55 1 1 207 3 25 4
56 0 3 209 45 163 67
57 0 1 213 71 647 106
58 1 3 216 1 4 1
59 0 4 220 9 27 13
60 1 2 224 12 98 18
61 1 1 227 239 2316 358
62 0 2 229 11 90 16
63 0 3 232 240 1005 360
64 1 4 236 8 24 12
65 1 1 240 44 391 66
66 0 1 242 11 90 16
67 1 1 244 106 986 159
68 0 5 245 1 4 1
69 0 2 249 5 40 7
70 0 1 252 1 10 1
71 0 3 254 23 78 34
72 0 1 258 1 9 1
73 1 1 261 20 170 30
74 0 10 264 7 21 10
75 1 3 269 1 10 1
76 1 5 273 7 21 10
77 1 1 277 1 8 1
78 0 2 278 2 17 3
79 1 1 281 1 10 1
80 0 2 283 1 10 1
81 0 1 286 1 9 1
82 0 3 288 1 11 1
83 0 1 292 2 17 3
84 1 2 294 5 40 7
85 1 1 297 1 10 1
86 0 8 299 1 5 1
87 1 13 304 1 3 1
88 0 10 309 353 1523 529
89 1 3 314 471 2077 706
90 0 6 318 1 3 1
91 0 2 322 923 9538 1384
92 0 11 325 1 4 1
93 1 2 330 4 33 6
94 1 3 333 1 11 1
95 1 9 337 1 8 1
96 0 3 342 1 3 1
97 0 21 346 86 330 129
98 1 1 351 2 17 3
99 1 10 353 1 4 1
100 1 4 358 2 6 3
101 0 8 362 14 45 21
102 1 5 367 913067 6316403 1369600
103 1 4 371 8 24 12
104 1 10 375 5 15 7
105 0 1 380 1 9 1
106 0 4 383 54 199 81
107 0 3 387 38 135 57
108 1 1 391 1 10 1
109 1 27 393 1652 7973 2478
110 1 23 399 48 175 72
111 1 1 404 1 9 1
112 0 3 406 206 852 309
113 1 8 410 2 7 3
114 1 1 415 1644 17438 2466
115 1 1 416 64 580 96
116 0 4 418 927 4297 1390
117 0 3 422 1 3 1
118 0 2 426 1 10 1
119 1 2 429 1 9 1
120 1 4 432 63 235 94
121 1 1 436 2764 29998 4146
122 1 11 439 5 15 7
123 1 3 444 92 355 138
124 1 3 448 1 3 1
125 1 3 452 7 21 10
126 0 6 456 1 4 1
127 1 1 460 1 9 1
128 0 3 463 9 27 13
129 0 6 467 51 187 76
130 1 12 471 55 203 82
131 0 2 476 27 233 40
132 1 2 479 22 188 33
133 1 3 482 11 90 16
134 1 3 486 14 45 21
135 0 13 490 226 941 339
136 0 1 495 1 10 1
137 1 1 496 3 25 4
138 1 1 498 1789 19048 2683
139 1 10 500 1 5 1
140 1 1 505 791 8116 1186
141 1 1 508 1 11 1
142 0 4 511 1 3 1
143 0 2 515 21 179 31
144 1 2 518 19 161 28
145 1 8 521 104 406 156
146 1 1 526 1 11 1
147 0 4 528 9 27 13
148 0 1 532 3 25 4
149 0 2 535 149 1411 223
150 1 1 538 1411 14865 2116
151 0 4 541 1 4 1
152 0 5 545 1 5 1
153 0 4 549 1 3 1
154 1 2 553 57 513 85
155 0 2 556 1 9 1
156 1 3 559 323 1384 484
157 1 1 563 7 56 10
158 1 18 565 303 1292 454
159 1 3 570 1 4 1
160 1 7 574 1 3 1
161 1 4 578 1 3 1
162 1 2 582 2 17 3
163 0 1 585 15 125 22
164 1 1 587 2293 24683 3439
165 0 2 589 3 25 4
166 1 1 592 1 9 1
167 1 2 594 950 9830 1425
168 1 2 597 1 10 1
169 1 1 600 1 9 1
170 1 7 602 649 2931 973
171 0 3 607 55 203 82
172 0 20 611 109 427 163
173 0 2 616 2 17 3
174 0 8 619 445 1954 667
175 1 29 624 228 950 342
176 0 2 630 1 9 1
177 1 4 633 7 21 10
178 0 2 637 39 344 58
179 0 4 640 1 5 1
180 0 10 644 11 34 16
181 0 2 649 5641 63126 8461
182 1 2 652 1 10 1
183 1 1 655 9 73 13
184 0 4 657 1 4 1
185 0 3 661 1 9 1
186 1 4 665 4 12 6
187 0 1 669 1 10 1
188 1 2 671 40 353 60
189 1 4 674 1 4 1
190 0 4 678 116 457 174
191 0 3 682 1 3 1
192 0 2 686 1 9 1
193 0 7 689 37235 218136 55852
194 0 1 693 1 9 1
195 1 3 695 147 1391 220
196 1 2 699 321 3156 481
197 0 5 702 8 24 12
198 0 7 706 1 5 1
199 0 6 710 17 56 25
200 0 13 714 31 108 46
201 0 2 719 1 8 1
202 0 6 722 3315 16765 4972
203 0 15 726 3 10 4
204 0 1 731 1 9 1
205 0 3 734 526 2339 789
206 0 1 738 1 9 1
207 0 1 740 3 25 4
208 0 8 741 144 578 216
209 0 1 746 8 64 12
210 1 4 748 6 18 9
211 0 1 752 2 17 3
212 0 5 755 365 1579 547
213 0 4 759 39 139 58
214 0 1 763 587 5940 880
215 1 2 766 84 772 126
216 1 1 769 154 1460 231
217 0 5 772 12 38 18
218 0 2 776 37 325 55
219 1 2 779 42915 521440 64372
220 0 11 782 1 4 1
221 0 3 787 256054 3327533 384081
222 1 2 791 1 9 1
223 1 5 794 15 48 22
224 0 3 798 68 618 102
225 1 2 802 9 73 13
226 0 6 805 1 4 1
227 0 3 809 77 704 115
228 1 5 813 7 21 10
229 0 4 817 1 5 1
230 1 3 821 1 4 1
231 1 7 825 527000 3549769 790500
232 0 2 829 91 840 136
233 1 7 832 1 4 1
234 0 6 837 356 1537 534
235 1 1 841 2 17 3
236 1 1 843 4 33 6
237 0 5 846 2 7 3
238 1 3 850 4 12 6
239 1 2 854 5 40 7
240 0 6 857 2 7 3
241 0 1 861 177 1690 265
242 1 1 864 60829 749143 91243
243 1 3 866 726 7420 1089
244 0 5 870 1423 6798 2134
245 0 3 874 28 242 42
246 0 1 878 691 7046 1036
247 0 8 881 1 4 1
248 0 1 886 73 666 109
249 0 3 889 27 93 40
250 0 1 893 1 10 1
251 0 11 896 2 6 3
252 0 5 901 3 9 4
253 1 2 905 1 8 1
254 1 11 908 90 347 135
255 1 4 913 675215 4603525 1012822
256 0 1 917 1 9 1
257 0 3 919 9 73 13
258 0 7 923 14 45 21
259 1 1 927 1278 13403 1917
260 0 1 929 2561 27702 3841
261 0 8 931 3 10 4
262 1 3 936 1 6 1
263 1 20 940 908 4202 1362
264 1 1 945 160 1520 240
265 0 2 948 1 9 1
266 1 1 951 1 10 1
267 1 2 954 1 9 1
268 0 1 957 1 10 1
269 0 2 959 2 17 3
270 0 3 962 50 447 75
271 0 2 966 2 17 3
272 1 3 969 3137 15807 4705
273 0 2 973 33 288 49
274 1 10 976 70 264 105
275 1 2 981 2200 23639 3300
276 1 13 984 254 1068 381
277 1 7 989 5 15 7
278 0 1 993 1 9 1
279 0 2 995 8 64 12
280 1 4 998 1 4 1
281 1 1 1002 7 56 10
282 1 6 1003 4 12 6
283 1 2 1007 42 372 63
284 0 1 1010 59121 727311 88681
285 1 6 1012 52 191 78
286 1 3 1016 762 3482 1143
287 0 5 1020 1 4 1
288 1 24 1024 49 179 73
289 0 4 1029 4 12 6
290 0 2 1033 31 270 46
291 0 35 1036 1 5 1
292 1 3 1042 253 1063 379
293 0 2 1046 149 1411 223
294 0 2 1049 94 869 141
295 1 5 1052 3 10 4
296 1 13 1056 3 9 4
297 0 11 1061 2 7 3
298 1 1 1066 5 41 7
299 1 4 1069 2 7 3
300 1 4 1073 24 81 36
301 0 14 1077 1 4 1
302 0 2 1082 1 9 1
303 1 1 1085 815 8374 1222
304 0 1 1087 2 17 3
305 0 10 1090 1 4 1
306 0 17 1095 191 785 286
307 0 4 1100 1 3 1
308 1 4 1104 1 6 1
309 0 1 1108 473 4738 709
310 1 1 1110 1 9 1
311 1 6 1112 235 982 352
312 0 2 1116 13 107 19
313 0 2 1119 11 90 16
314 1 1 1122 1096 11415 1644
315 0 2 1125 1 11 1
316 0 2 1128 7 56 10
317 0 4 1131 5 15 7
318 0 8 1135 63 235 94
319 1 1 1140 810 8320 1215
320 0 8 1142 20 67 30
321 0 1 1147 2 17 3
322 0 22 1149 1 3 1
323 1 1 1154 1467 15481 2200
324 1 1 1156 23 197 34
325 1 2 1158 2120 22742 3180
326 1 7 1161 1 4 1
327 1 4 1166 274 1159 411
328 1 5 1170 7161 38042 10741
329 0 11 1174 2 7 3
330 1 3 1179 147 1391 220
331 1 2 1183 33 288 49
332 1 13 1186 3 9 4
333 1 3 1191 27 233 40
334 1 3 1194 17 143 25
335 0 1 1197 3 25 4
336 1 1 1200 7 56 10
337 0 3 1203 390 1695 585
338 1 3 1207 31 108 46
339 1 2 1211 40 353 60
340 0 31 1214 117 461 175
341 1 2 1220 4 33 6
342 0 2 1223 8 64 12
343 1 6 1226 3 10 4
344 0 5 1230 5 15 7
345 1 4 1234 3 9 4
346 1 11 1238 1 5 1
347 1 1 1243 1005 10426 1507
348 0 7 1245 2 6 3
349 0 3 1250 1 5 1
350 0 1 1254 3 25 4
351 0 6 1256 936 4341 1404
352 1 1 1260 37 325 55
353 0 2 1263 4832 53719 7248
354 0 2 1266 131 1232 196
355 1 1 1269 2 17 3
356 1 1 1272 2795 30349 4192
357 0 3 1274 1 4 1
358 0 13 1278 1 4 1
359 1 3 1283 73 666 109
360 0 6 1287 1 4 1
361 1 3 1291 2 17 3
362 1 4 1295 1416 6762 2124
363 1 1 1299 65738 812013 98607
364 1 2 1301 2 17 3
365 0 3 1304 78 714 117
366 1 1 1308 12422 143649 18633
367 0 1 1310 3 25 4
368 0 2 1312 6 48 9
369 1 4 1315 1 3 1
370 1 1 1319 1 11 1
371 1 4 1321 36 128 54
372 0 3 1325 112 1045 168
373 1 5 1328 131 522 196
374 1 1 1332 24988 297225 37482
375 1 2 1335 2 17 3
376 1 1 1338 2 17 3
377 0 4 1340 3 9 4
378 0 14 1344 25 85 37
379 1 14 1349 4 13 6
380 0 6 1354 5 15 7
381 1 1 1358 1790 19059 2685
382 0 19 1359 1 4 1
383 1 1 1364 7504 84987 11256
384 1 5 1367 1 3 1
385 1 12 1371 1 3 1
386 0 4 1376 117 461 175
387 0 17 1380 2 7 3
388 1 2 1385 10 81 15
389 0 8 1388 3 9 4
390 1 4 1393 10 31 15
391 0 1 1397 19 161 28
392 1 4 1400 59 219 88
393 1 8 1404 1 4 1
394 0 1 1409 1 10 1
395 1 5 1412 1 3 1
396 0 18 1416 946 4391 1419
397 1 2 1421 117 1094 175
398 0 2 1424 4 33 6
399 1 1 1427 1 11 1
400 0 4 1429 580 2598 870
401 1 3 1433 824 8471 1236
402 1 5 1436 10 31 15
403 1 1 1440 15 125 22
404 0 1 1443 1 10 1
405 0 1 1445 41254 500488 61881
406 0 2 1448 1 10 1
407 0 1 1451 1 9 1
408 1 2 1453 39 344 58
409 1 4 1456 1 4 1
410 0 4 1460 19 63 28
411 0 30 1464 189 776 283
412 1 2 1470 1 10 1
413 1 1 1473 1 10 1
414 1 1 1476 128 1202 192
415 0 9 1479 13 41 19
416 0 4 1484 4 12 6
417 0 1 1488 9 73 13
418 1 2 1491 4 33 6
419 1 1 1494 1 12 1
420 0 5 1497 32380 188196 48570
421 1 2 1501 1 10 1
422 1 2 1504 5 40 7
423 1 3 1507 2 7 3
424 0 1 1511 20 170 30
425 1 2 1513 139 1311 208
426 0 6 1516 200 825 300
427 0 1 1520 1 10 1
428 1 1 1522 6 48 9
429 1 9 1525 3 10 4
430 1 1 1530 34 298 51
431 1 10 1533 1160 5463 1740
432 1 1 1538 1 9 1
433 0 1 1540 13 107 19
434 0 1 1542 25 215 37
435 1 6 1544 153 617 229
436 1 9 1548 15 48 22
437 0 16 1553 1 3 1
438 1 3 1558 11 90 16
439 0 1 1562 2 17 3
440 0 15 1564 2 7 3
441 0 19 1569 19 63 28
442 1 1 1574 3 25 4
443 1 1 1577 7043 79555 10564
444 1 1 1580 15 125 22
445 0 3 1582 16 52 24
446 0 2 1586 1 9 1
447 0 31 1589 1 4 1
448 1 5 1595 6 18 9
449 0 14 1599 4 12 6
450 1 4 1604 3 10 4
451 0 2 1608 1 9 1
452 0 3 1611 17 56 25
453 0 5 1615 293 1246 439
454 1 3 1619 4 13 6
455 0 1 1623 28 243 42
456 0 1 1626 248 2408 372
457 0 33 1627 1036 4840 1554
458 0 5 1633 11 34 16
459 1 22 1637 12 38 18
460 0 2 1642 121 1133 181
461 0 2 1645 187 1791 280
462 0 1 1648 8 64 12
463 1 5 1651 12 38 18
464 1 1 1655 1 11 1
465 0 16 1658 67 252 100
466 0 2 1663 31 270 46
467 1 4 1666 22762 129638 34143
468 0 6 1670 1 3 1
469 1 2 1674 3141 34279 4711
470 1 11 1677 1 4 1
471 0 1 1682 1 10 1
472 1 8 1684 1 5 1
473 0 4 1689 291 1236 436
474 0 2 1693 2261 24324 3391
475 0 2 1696 1 10 1
476 0 5 1699 1 4 1
477 0 1 1703 1 9 1
478 1 1 1705 3 25 4
479 0 1 1708 1 10 1
480 0 1 1709 2 17 3
481 1 42 1712 1 3 1
482 1 2 1718 329 3239 493
483 0 3 1721 8514 45718 12771
484 1 3 1725 3535 17953 5302
485 1 14 1729 1 4 1
486 1 7 1734 287 1218 430
487 1 1 1738 4 33 6
488 0 4 1740 1342 6385 2013
489 0 3 1744 25 215 37
490 1 1 1748 2 17 3
491 1 1 1751 1 10 1
492 1 2 1754 1 9 1
493 0 3 1757 8 24 12
494 0 10 1761 2558 12717 3837
495 0 8 1766 1 4 1
496 1 8 1771 26 89 39
497 1 1 1776 3 25 4
498 0 12 1778 3 9 4
499 1 5 1783 5 15 7
500 1 1 1787 69 627 103
501 0 5 1789 5417 28277 8125
502 0 1 1793 1 9 1
503 1 1 1795 1 9 1
504 0 3 1797 148 596 222
505 0 1 1801 17 143 25
506 1 3 1804 1 3 1
507 1 2 1808 2 17 3
508 0 1 1811 4 33 6
509 1 1 1813 3 25 4
510 0 7 1815 415 1812 622
511 0 6 1820 2823 14126 4234
512 1 1 1824 13 107 19
513 0 5 1826 9038 48710 13557
514 1 2 1830 40 353 60
515 0 17 1833 56 207 84
516 0 1 1838 8 64 12
517 0 1 1840 33571 404006 50356
518 1 2 1842 12 99 18
519 0 1 1845 2 17 3
520 1 1 1847 1 9 1
521 0 12 1849 6 18 9
522 0 2 1854 1818 19370 2727
523 1 7 1857 39 139 58
524 0 7 1862 6739 35665 10108
525 0 4 1866 135 539 202
526 0 1 1870 1 11 1
527 0 2 1873 13 107 19
528 1 3 1876 4 12 6
529 1 5 1880 1 4 1
530 1 8 1884 4 12 6
531 1 1 1889 1 11 1
532 1 8 1891 6 18 9
533 0 1 1896 1 10 1
534 1 84 1898 3992 20435 5988
535 1 2 1904 2 17 3
536 1 5 1907 13 41 19
537 1 28 1911 629 2834 943
538 1 2 1917 1 11 1
539 0 2 1920 6 48 9
540 1 2 1923 4 33 6
541 1 1 1926 2672 28956 4008
542 1 3 1928 4 12 6
543 1 2 1932 12 99 18
544 0 5 1935 1 4 1
545 1 4 1939 839 3861 1258
546 1 2 1943 489 4906 733
547 0 8 1946 1 5 1
548 0 2 1951 15 125 22
549 1 1 1954 1 9 1
550 1 44 1956 1 4 1
551 0 8 1962 34 120 51
552 0 36 1967 1 4 1
553 1 2 1973 2 17 3
554 0 4 1976 1 3 1
555 0 5 1980 10 31 15
556 1 1 1984 44 391 66
557 0 2 1986 8311 94529 12466
558 1 16 1989 3004 15094 4506
559 1 2 1994 5 40 7
560 0 3 1997 1 3 1
561 0 4 2001 571 2555 856
562 1 2 2005 2086 22362 3129
563 1 3 2008 154 622 231
564 0 4 2012 179 732 268
565 1 18 2016 16 52 24
566 1 18 2021 1 4 1
567 1 13 2026 1 4 1
568 1 2 2031 95 879 142
569 1 1 2034 1 10 1
570 0 2 2036 3976 43836 5964
571 1 5 2039 3 10 4
572 0 1 2043 6 48 9
573 1 1 2045 1 9 1
574 0 4 2048 1 4 1
575 1 24 2052 9 27 13
576 0 2 2057 1 9 1
577 1 1 2060 10 81 15
578 0 9 2063 126 500 189
579 1 2 2068 8 64 12
580 1 2 2071 1 9 1
581 0 1 2074 1 10 1
582 0 2 2076 7 56 10
583 0 12 2079 1 4 1
584 0 2 2084 1 9 1
585 1 16 2087 6 18 9
586 1 1 2092 28 242 42
587 0 12 2095 203 838 304
588 1 10 2100 30 104 45
589 1 1 2105 967 10014 1450
590 0 8 2108 49 179 73
591 0 12 2113 327 1402 490
592 0 15 2118 1 4 1
593 0 38 2123 4 12 6
594 0 1 2129 1 10 1
595 0 4 2130 11 34 16
596 1 3 2134 1 5 1
597 0 2 2138 393 3902 589
598 0 1 2141 1 8 1
599 0 15 2143 6 18 9
600 0 1 2148 1771 18848 2656
601 1 1 2151 8181 92989 12271
602 0 9 2153 780 3570 1170
603 1 7 2158 10 31 15
604 1 5 2162 1738 8418 2607
605 0 5 2166 1 3 1
606 1 4 2170 5 15 7
607 1 23 2174 1 4 1
608 1 4 2179 82 314 123
609 0 11 2183 1 3 1
610 0 2 2188 4 33 6
611 0 1 2191 1 9 1
612 0 1 2193 1 9 1
613 0 1 2196 14482 168522 21723
614 0 5 2198 7 21 10
615 0 1 2202 1015 10534 1522
616 0 2 2204 10 81 15
617 1 2 2207 14657 170642 21985
618 1 1 2210 44 391 66
619 1 1 2213 21 179 31
620 1 1 2215 1 9 1
621 1 15 2218 2414 11955 3621
622 0 2 2223 42 372 63
623 0 1 2226 1 10 1
624 1 2 2229 1 10 1
625 1 1 2232 987 10231 1480
626 1 4 2234 1 3 1
627 1 2 2238 16 134 24
628 1 3 2241 267 2602 400
629 1 2 2245 1290 13535 1935
630 1 4 2248 4 12 6
631 0 2 2252 165 1570 247
632 1 1 2255 35 307 52
633 1 2 2257 50 447 75
634 0 6 2260 196 807 294
635 1 1 2264 1 9 1
636 0 4 2266 1 4 1
637 1 4 2270 1 5 1
638 1 4 2274 3 9 4
639 0 2 2278 3 25 4
640 0 2 2281 2928 31858 4392
641 1 4 2284 7 21 10
642 1 1 2288 2 17 3
643 1 1 2291 41 363 61
644 0 5 2293 154 622 231
645 0 5 2297 1 5 1
646 1 3 2301 1 5 1
647 1 6 2305 16 52 24
648 1 5 2309 11 34 16
649 0 8 2313 1 5 1
650 1 2 2318 1 10 1
651 0 2 2321 37 325 55
652 0 7 2324 115 453 172
653 0 1 2328 2 17 3
654 0 2 2330 1 10 1
655 1 4 2333 1 3 1
656 0 1 2337 535 5390 802
657 1 3 2339 1 3 1
658 0 1 2343 3117 34006 4675
659 1 2 2346 1 10 1
660 1 4 2349 1 3 1
661 0 8 2353 1 3 1
662 1 15 2358 562 2511 843
663 1 3 2363 2 17 3
664 0 1 2367 6 48 9
665 0 10 2369 16 52 24
666 1 2 2374 1 9 1
667 0 4 2377 1 5 1
668 1 1 2381 9 73 13
669 0 6 2383 9 27 13
670 1 17 2387 686 3111 1029
671 1 4 2392 3628 18456 5442
672 1 2 2396 14 116 21
673 1 2 2399 207 1992 310
674 0 1 2402 1 9 1
675 1 15 2404 3 10 4
676 0 6 2409 13 41 19
677 0 6 2413 1 3 1
678 1 1 2417 824 8470 1236
679 1 2 2419 2 17 3
680 0 10 2422 1 4 1
681 0 4 2427 1 4 1
682 1 22 2431 2 6 3
683 1 4 2436 2833 14180 4249
684 1 5 2440 1 3 1
685 0 12 2444 1 4 1
686 0 2 2449 7 56 10
687 1 2 2452 7 56 10
688 0 3 2455 1 10 1
689 1 2 2459 113 1055 169
690 0 1 2462 1 11 1
691 0 5 2463 1 3 1
692 0 1 2467 9 73 13
693 1 1 2470 1 9 1
694 1 3 2473 1 9 1
695 0 2 2477 2 17 3
696 0 2 2480 2028 21713 3042
697 1 15 2483 8 24 12
698 0 13 2488 1 5 1
699 0 3 2493 23 78 34
700 1 15 2497 96 372 144
701 0 9 2502 10 31 15
702 0 1 2507 31 270 46
703 1 2 2510 1 10 1
704 1 2 2513 3 25 4
705 0 2 2516 70 637 105
706 1 2 2519 4 33 6
707 0 21 2522 1 4 1
708 1 5 2527 491 2172 736
709 0 3 2531 1 9 1
710 1 3 2535 1117 5246 1675
711 1 7 2539 1 4 1
712 1 3 2543 206 852 309
713 0 5 2547 20 67 30
714 0 3 2551 3 10 4
715 0 9 2555 1 4 1
716 0 1 2560 1 10 1
717 0 3 2563 24 81 36
718 1 2 2567 1 9 1
719 0 1 2570 2 17 3
720 0 5 2572 7 21 10
721 1 3 2576 2 7 3
722 1 1 2580 2 17 3
723 1 1 2582 1 9 1
724 0 3 2585 2 7 3
725 1 1 2589 6 48 9
726 1 1 2592 2 17 3
727 1 9 2595 1 5 1
728 1 7 2600 95 368 142
729 0 1 2605 2 17 3
730 1 4 2607 4 13 6
731 0 2 2611 16 134 24
732 1 1 2614 86 792 129
733 1 2 2615 267 2602 400
734 1 1 2618 137 1291 205
735 0 5 2620 45 163 67
736 1 2 2624 1 9 1
737 0 4 2627 1 5 1
738 0 2 2631 143 1351 214
739 0 1 2634 1 9 1
740 1 2 2636 1943 20763 2914
741 1 13 2639 4 13 6
742 0 9 2644 1 3 1
743 0 2 2649 1 10 1
744 1 9 2652 931 4316 1396
745 0 4 2657 2 6 3
746 0 14 2661 37 132 55
747 1 2 2666 106 986 159
748 1 2 2669 13 107 19
749 0 2 2672 2 17 3
750 1 1 2675 1 9 1
751 1 3 2678 41 147 61
752 1 4 2682 657 2970 985
753 1 1 2686 9 73 13
754 0 2 2689 71 647 106
755 0 2 2692 2 17 3
756 0 1 2695 2 17 3
757 0 2 2697 82 753 123
758 0 5 2700 8 24 12
759 1 4 2704 367 1588 550
760 0 2 2708 6017 67518 9025
761 0 6 2711 3 10 4
762 1 1 2715 4 33 6
763 0 3 2718 1 4 1
764 0 3 2722 71 268 106
765 0 13 2726 79 301 118
766 1 12 2731 1 4 1
767 0 3 2736 1124 11720 1686
768 0 13 2740 2 7 3
769 0 7 2745 1 4 1
770 0 17 2749 1 4 1
771 0 2 2754 1 9 1
772 0 1 2757 1 9 1
773 0 3 2759 1 11 1
774 0 4 2763 2 6 3
775 0 5 2767 19345 109135 29017
776 1 3 2771 456 4559 684
777 0 11 2775 113 444 169
778 0 12 2780 4 12 6
779 0 3 2785 450 1978 675
780 0 2 2789 21 179 31
781 1 1 2792 1814 19326 2721
782 1 1 2794 1 10 1
783 0 16 2796 12 38 18
784 0 14 2801 1 3 1
785 0 1 2806 2 17 3
786 0 2 2808 751 7687 1126
787 1 1 2811 1 10 1
788 1 2 2814 442 4413 663
789 0 1 2817 1 10 1
790 0 6 2820 69 260 103
791 1 1 2824 1 9 1
792 0 9 2826 25 85 37
793 0 3 2831 4 12 6
794 1 7 2835 1 5 1
795 0 3 2839 5864 65729 8796
796 1 4 2843 2215 10906 3322
797 0 2 2847 73 666 109
798 1 8 2850 28 97 42
799 1 1 2855 86291 1076994 129436
800 0 20 2857 1 4 1
801 1 3 2862 8 24 12
802 1 2 2866 1 9 1
803 1 2 2869 1 10 1
804 0 1 2872 1 10 1
805 1 3 2875 35 307 52
806 1 1 2879 4 33 6
807 0 4 2882 71 268 106
808 1 3 2886 319 1365 478
809 1 11 2890 9 27 13
810 1 1 2895 46 409 69
811 0 6 2898 16 52 24
812 1 3 2902 29340 169569 44010
813 0 11 2906 472 2082 708
814 1 3 2911 1 4 1
815 0 2 2915 1 10 1
816 1 3 2918 2 6 3
817 0 1 2922 1 11 1
818 0 3 2925 1 10 1
819 0 2 2929 18 152 27
820 0 1 2932 1635 17338 2452
821 1 2 2934 631 6407 946
822 0 4 2937 1 5 1
823 0 2 2941 2 17 3
824 1 2 2944 1 9 1
825 1 6 2947 565 2526 847
826 1 13 2951 1589 7649 2383
827 0 6 2956 31 108 46
828 1 4 2960 1 3 1
829 0 2 2964 1 9 1
830 0 12 2967 1 8 1
831 1 2 2972 1 9 1
832 0 5 2975 1 7 1
833 0 1 2979 1 9 1
834 1 2 2980 1 11 1
835 1 2 2983 3 25 4
836 1 3 2986 507 2248 760
837 0 1 2990 1 9 1
838 1 1 2992 11 90 16
839 1 1 2995 3 25 4
840 0 1 2998 218 2103 327
841 0 5 3001 1 3 1
842 1 4 3005 1 4 1
843 1 5 3009 1 3 1
844 1 1 3013 70 637 105
845 0 1 3015 178 1700 267
846 0 8 3018 3381 17121 5071
847 0 7 3023 3 10 4
848 1 1 3027 1 10 1
849 0 3 3030 1 10 1
850 1 2 3034 1 9 1
851 0 1 3037 441 4402 661
852 0 14 3039 3 9 4
853 0 7 3044 848 3905 1272
854 1 7 3049 149 600 223
855 1 1 3053 1 8 1
856 1 2 3056 10714 123148 16071
857 0 4 3059 2 7 3
858 0 4 3063 493 2182 739
859 1 3 3067 149 1411 223
860 1 10 3071 57 211 85
861 1 1 3076 19455 229108 29182
862 0 3 3078 28 243 42
863 0 6 3082 20 67 30
864 1 7 3086 133 530 199
865 0 2 3091 10196 116955 15294
866 1 1 3094 1 9 1
867 1 5 3096 7 21 10
868 1 6 3100 90 347 135
869 1 4 3104 154 622 231
870 0 1 3108 12 98 18
871 0 4 3111 11428 62479 17142
872 0 2 3115 134 1262 201
873 1 4 3118 31878 185113 47817
874 0 6 3122 121 479 181
875 0 6 3126 2 6 3
876 1 1 3130 1 10 1
877 1 4 3133 1 5 1
878 1 5 3137 1 5 1
879 1 29 3141 2154 10586 3231
880 0 4 3147 1 4 1
881 1 1 3151 25 215 37
882 0 3 3153 458 2016 687
883 0 4 3157 1763 8547 2644
884 1 1 3161 1 9 1
885 1 1 3163 1 9 1
886 1 2 3166 512 5148 768
887 1 2 3169 1 9 1
888 1 2 3172 134 1262 201
889 1 1 3175 3072 33494 4608
890 0 9 3177 1 3 1
891 1 4 3182 1 5 1
892 1 2 3186 20252 238878 30378
893 0 13 3189 2474 12272 3711
894 0 1 3194 3 25 4
895 0 4 3197 277 1172 415
896 0 4 3201 32 112 48
897 0 4 3205 1 3 1
898 0 3 3209 1 4 1
899 0 1 3213 2292 24672 3438
900 0 4 3216 6369 33588 9553
901 1 7 3220 1 5 1
902 1 2 3225 1 10 1
903 0 29 3228 11 34 16
904 0 5 3234 2 7 3
905 1 2 3238 1 9 1
906 0 5 3241 1 4 1
907 0 3 3245 1 4 1
908 0 19 3249 699 3174 1048
909 1 6 3254 1491 7146 2236
910 1 4 3258 45 163 67
911 0 42 3262 1 4 1
912 1 3 3268 557 5622 835
913 1 11 3272 12 38 18
914 0 9 3277 2 6 3
915 1 4 3282 51 187 76
916 0 1 3286 2463 26597 3694
917 1 3 3289 1 9 1
918 0 13 3293 1 5 1
919 1 10 3298 1 3 1
920 1 5 3303 26 89 39
921 1 3 3307 1 9 1
922 1 1 3310 4 33 6
923 0 2 3312 398 3954 597
924 1 2 3315 1 10 1
925 0 7 3318 1 6 1
926 0 4 3322 1879 9149 2818
927 1 1 3326 1 9 1
928 1 8 3328 8 24 12
929 1 8 3333 2399 11875 3598
930 0 3 3338 2530 12568 3795
931 1 6 3342 142 569 213
932 1 2 3346 3 25 4
933 1 5 3349 1572 7561 2358
934 0 2 3353 1 9 1
935 1 4 3356 2 7 3
936 0 1 3360 4 33 6
937 0 2 3362 732 7484 1098
938 1 1 3365 1 9 1
939 1 2 3367 1 10 1
940 0 19 3370 2 6 3
941 0 9 3375 2 6 3
942 1 1 3380 1 10 1
943 0 1 3382 29422 352240 44133
944 0 4 3384 73 276 109
945 0 10 3388 1 5 1
946 0 7 3393 1 5 1
947 0 2 3398 1 8 1
948 1 7 3401 238 996 357
949 1 6 3406 245 1027 367
950 1 3 3410 764 7827 1146
951 0 25 3414 5 15 7
952 0 5 3419 4 12 6
953 0 9 3423 1 6 1
954 1 20 3428 2 6 3
955 0 3 3433 1 4 1
956 1 3 3437 1 4 1
957 1 5 3441 37 131 55
958 1 1 3445 285 2786 427
959 0 5 3448 3646 18554 5469
960 1 7 3452 98 381 147
961 1 1 3456 1 10 1
962 0 2 3458 1 14 1
963 1 1 3461 899 9279 1348
964 1 1 3464 31 270 46
965 0 2 3467 1 12 1
966 0 3 3470 17 55 25
967 0 5 3474 1 3 1
968 0 2 3478 1 9 1
969 0 6 3481 34 120 51
970 0 1 3485 7487 84787 11230
971 1 3 3488 10229 55549 15343
972 0 4 3492 16 52 24
973 1 6 3496 28 97 42
974 1 1 3500 8 64 12
975 0 4 3503 16 52 24
976 0 2 3507 5 41 7
977 1 1 3510 2 17 3
978 1 2 3512 1 12 1
979 0 13 3515 16 52 24
980 1 8 3520 1466 7018 2199
981 1 2 3525 3 25 4
982 1 27 3528 1 5 1
983 1 10 3534 2 6 3
984 1 1 3539 1 10 1
985 0 3 3541 1 11 1
986 0 1 3545 258 2510 387
987 1 5 3547 11 34 16
988 0 5 3551 1 3 1
989 0 1 3555 2 17 3
990 0 3 3557 158 1500 237
991 0 1 3561 1 9 1
992 0 2 3563 10 81 15
993 0 3 3566 11952 65522 17928
994 1 3 3570 936 4341 1404
995 1 7 3574 11 34 16
996 0 2 3579 13 108 19
997 0 18 3582 22 74 33
998 0 1 3587 4025 44399 6037
999 1 1 3590 5 40 7
1000 1 4 3593 48 175 72
1001 1 2 3597 38926 471175 58389
1002 0 4 3600 1701 8226 2551
1003 1 8 3604 12 38 18
1004 1 5 3609 1 4 1
