0 0 16 5 1 4 1
1 0 13 15 37 131 55
2 0 7 25 1 4 1
3 1 2 34 233 2256 349
4 0 15 41 82 313 123
5 0 1 51 4990 55552 7485
6 1 5 55 1 3 1
7 1 2 63 137 1292 205
8 0 2 69 12922 149672 19383
9 1 2 76 42 372 63
10 1 6 82 1 5 1
11 1 1 91 22 188 33
12 0 2 97 1 9 1
13 0 2 103 1 11 1
14 1 1 110 2 17 3
15 1 12 113 807 3703 1210
16 1 5 123 1 4 1
17 0 3 131 8 64 12
18 1 3 138 1 3 1
19 1 5 146 1 6 1
20 0 1 154 5 40 7
21 0 1 157 1 10 1
22 1 1 162 2 17 3
23 0 21 165 36 128 54
24 1 1 176 1 9 1
25 1 5 180 1 3 1
26 1 4 189 24 81 36
27 0 1 197 1247 13064 1870
28 1 8 202 139 556 208
29 1 3 211 3 25 4
30 0 3 218 1650 7963 2475
31 1 4 225 2 7 3
32 0 3 233 4 12 6
33 0 8 240 17 55 25
34 1 6 249 7 21 10
35 0 1 258 61 551 91
36 0 6 263 1157 5447 1735
37 0 6 272 3 9 4
38 0 2 281 326 3208 489
39 0 1 288 2 17 3
40 1 5 293 4 13 6
41 0 29 301 523 2325 784
42 1 1 312 2 17 3
43 0 4 316 716 3257 1074
44 1 1 324 1 9 1
45 1 3 330 22 74 33
46 0 5 338 6856 36323 10284
47 1 1 347 31 270 46
48 1 3 351 47 171 70
49 1 1 358 189 1811 283
50 0 1 362 3 25 4
51 1 3 367 86 330 129
52 0 5 374 7 21 10
53 1 24 382 63 235 94
54 1 1 393 3 25 4
55 1 4 398 1 5 1
56 0 1 406 36 316 54
57 1 1 410 1 11 1
58 1 3 413 186 763 279
59 1 1 421 1 10 1
60 0 4 426 3 9 4
61 0 1 434 142 1341 213
62 0 10 439 4325 22254 6487
63 0 2 449 1 9 1
64 0 2 455 6 48 9
65 1 2 461 963 9971 1444
66 0 2 468 3531 38731 5296
67 1 1 474 338 3332 507
68 0 4 479 1 3 1
69 1 1 487 2 17 3
70 1 3 491 3 9 4
71 1 1 498 16 134 24
72 0 1 502 20 170 30
73 1 29 508 1 4 1
74 0 3 519 1 3 1
75 0 5 526 2 7 3
76 1 2 534 2 17 3
77 0 5 541 1 4 1
78 1 2 549 957 9906 1435
79 0 5 555 1 3 1
80 0 4 564 102 397 153
81 1 1 572 253 2459 379
82 0 1 576 1 9 1
83 1 1 580 9 73 13
84 1 11 584 16 52 24
85 0 8 594 41126 242285 61689
86 0 2 603 5 40 7
87 0 4 609 11 34 16
88 1 37 617 23 78 34
89 1 1 628 1 12 1
90 0 3 633 180 736 270
91 0 1 640 327 3218 490
92 0 2 645 76 695 114
93 0 2 651 1 10 1
94 1 10 658 7 21 10
95 1 5 668 139715 879677 209572
96 0 8 676 17 56 25
97 0 1 685 4 32 6
98 1 2 690 1099 11448 1648
99 0 9 697 22 74 33
100 1 8 706 75 285 112
101 0 6 715 132 526 198
102 0 3 724 1 6 1
103 0 6 732 1 4 1
104 0 1 741 1 9 1
105 0 4 746 1 5 1
106 0 17 754 60 223 90
107 1 6 764 1 4 1
108 1 2 773 1708 18148 2562
109 0 1 779 1 9 1
110 0 13 785 2 7 3
111 1 3 795 25 215 37
112 1 3 802 60 542 90
113 0 2 809 906 9354 1359
114 1 6 815 7 21 10
115 1 1 824 1 8 1
116 0 2 829 2 17 3
117 1 1 835 5 41 7
118 1 7 838 86 330 129
119 1 1 847 3 25 4
120 0 3 852 20 170 30
121 1 4 859 375 1625 562
122 1 1 867 10 81 15
123 0 1 870 24118 286472 36177
124 0 2 875 5 40 7
125 0 1 881 25 215 37
126 1 1 887 11649 134356 17473
127 0 6 891 6 18 9
128 1 2 900 64 580 96
129 1 6 906 1 4 1
130 1 3 915 2972883 42081822 4459324
131 1 2 922 1 14 1
132 1 1 929 31 270 46
133 1 5 933 417 1822 625
134 1 1 941 672 6843 1008
135 0 2 946 1107 11535 1660
136 0 38 953 14 45 21
137 1 5 964 518 2301 777
138 1 2 973 917 9473 1375
139 0 1 979 181 1730 271
140 0 3 984 84 322 126
141 0 3 991 19 63 28
142 1 3 998 5 15 7
143 0 5 1006 3 10 4
144 1 2 1014 1 10 1
145 0 6 1021 3 10 4
146 0 2 1030 32 279 48
147 0 4 1036 33 116 49
148 0 9 1044 96985 598916 145477
149 1 1 1053 7 56 10
150 0 2 1059 1 9 1
151 0 1 1066 357 3528 535
152 1 3 1071 1 4 1
153 1 20 1078 29 101 43
154 0 18 1089 3 9 4
155 1 4 1099 31 108 46
156 1 1 1107 2 17 3
157 0 4 1112 1 3 1
158 0 1 1120 18 152 27
159 0 1 1123 1 10 1
160 0 2 1129 88 811 132
161 0 1 1136 2 17 3
162 1 4 1141 1 4 1
163 0 1 1149 1 10 1
164 1 3 1152 1 9 1
165 1 2 1159 345 3404 517
166 1 13 1165 1 4 1
167 0 1 1175 10 81 15
168 0 4 1180 7902 42236 11853
169 1 1 1188 7 56 10
170 0 10 1191 431 1888 646
171 1 8 1201 1980 9675 2970
172 1 2 1210 1 9 1
173 1 3 1216 71 268 106
174 0 1 1223 2 17 3
175 0 7 1226 9 27 13
176 0 20 1235 18 59 27
177 0 9 1246 1 5 1
178 1 2 1255 80 734 120
179 1 6 1262 10 31 15
180 0 3 1271 1 9 1
181 0 3 1278 2 6 3
182 1 2 1285 1 9 1
183 1 1 1292 2 17 3
184 1 1 1297 1 11 1
185 1 1 1302 252804 3283771 379206
186 1 2 1307 3 25 4
187 0 2 1313 624 6333 936
188 0 2 1319 15 125 22
189 1 1 1326 1 9 1
190 0 2 1331 4 33 6
191 0 2 1337 6 48 9
192 0 1 1343 2185 23471 3277
193 0 2 1347 1 10 1
194 1 4 1353 1 4 1
195 0 20 1361 21 70 31
196 1 8 1372 377 1635 565
197 1 3 1381 2 7 3
198 0 1 1389 1 12 1
199 0 1 1394 1 9 1
200 0 6 1399 218 905 327
201 0 1 1408 432 4309 648
202 0 2 1412 3383 37039 5074
203 0 3 1419 10 81 15
204 0 5 1426 1 3 1
205 1 1 1434 29 251 43
206 0 9 1440 162 657 243
207 0 2 1449 3 25 4
208 1 5 1455 519 2305 778
209 0 1 1463 1 9 1
210 0 6 1467 53 195 79
211 0 8 1476 1 4 1
212 0 2 1485 2 17 3
213 1 6 1492 18 59 27
214 0 1 1501 1 9 1
215 0 5 1506 3 9 4
216 1 27 1514 1 4 1
217 1 26 1525 948 4401 1422
218 1 16 1536 1 4 1
219 0 6 1546 5 15 7
220 0 5 1555 1 4 1
221 0 5 1563 978323 6790191 1467484
222 1 1 1572 198 1901 297
223 1 1 1576 50 447 75
224 1 5 1579 81 309 121
225 1 1 1587 3 25 4
226 1 12 1592 35 124 52
227 1 2 1602 13 107 19
228 0 2 1609 39 344 58
229 1 3 1615 2670 13312 4005
230 1 2 1622 4 33 6
231 0 2 1628 1 9 1
232 1 7 1634 1 5 1
233 1 2 1643 1 9 1
234 1 25 1649 2 6 3
235 1 2 1660 11 90 16
236 0 3 1667 9 72 13
237 0 5 1674 1 4 1
238 1 1 1683 43464 528372 65196
239 0 2 1687 121 1133 181
240 1 10 1694 1 4 1
241 0 4 1704 8 24 12
242 0 9 1712 76 289 114
243 1 5 1721 14 45 21
244 1 3 1729 1 3 1
245 0 2 1736 2 17 3
246 1 3 1743 29 101 43
247 0 1 1751 4 33 6
248 1 2 1756 228 2205 342
249 1 10 1763 30 104 45
250 1 14 1773 1 5 1
251 0 5 1783 1 5 1
252 1 2 1791 1 11 1
253 1 4 1797 4 12 6
254 0 10 1805 13 41 19
255 0 2 1815 8 64 12
256 1 1 1822 1 10 1
257 0 17 1827 3 10 4
258 0 1 1837 15 125 22
259 1 4 1842 2 7 3
260 1 4 1850 1 4 1
261 0 3 1858 1 4 1
262 1 2 1865 1 10 1
263 0 2 1871 1599 16939 2398
264 1 1 1877 25 215 37
265 0 3 1883 13465 156224 20197
266 0 9 1890 7 21 10
267 1 1 1899 884 9117 1326
268 1 1 1905 1 9 1
269 1 4 1909 3157 15915 4735
270 1 2 1917 450 4497 675
271 0 5 1923 1 5 1
272 0 2 1931 1 8 1
273 0 7 1937 3 10 4
274 0 11 1946 6 18 9
275 1 2 1956 2 17 3
276 1 14 1962 76 289 114
277 1 2 1972 52 466 78
278 1 12 1978 1 4 1
279 0 4 1988 1 3 1
280 0 4 1996 1 4 1
281 0 2 2004 62 561 93
282 0 6 2010 1 4 1
283 0 1 2019 117 1094 175
284 0 9 2022 342 1472 513
285 1 3 2031 1 5 1
286 0 6 2038 47 171 70
287 1 1 2047 1 10 1
288 1 1 2051 2202 23662 3303
289 1 1 2055 1 10 1
290 0 3 2060 11 34 16
291 1 2 2067 31 270 46
292 1 1 2074 3144 34314 4716
293 0 2 2079 1 9 1
294 0 1 2085 94139 1178820 141208
295 1 4 2090 1 3 1
296 0 1 2098 1 8 1
297 0 2 2102 1 9 1
298 1 2 2108 6230 70010 9345
299 0 1 2115 519 5221 778
300 1 4 2121 1 3 1
301 1 14 2129 5 15 7
302 1 1 2139 362 3580 543
303 1 1 2144 1 11 1
304 0 14 2149 1432 6844 2148
305 0 11 2159 2 7 3
306 0 4 2169 1 3 1
307 0 3 2177 3485 17682 5227
308 0 16 2185 251 1054 376
309 0 2 2195 1684422 23390724 2526633
310 0 8 2201 280 1186 420
311 0 28 2210 62141 374583 93211
312 1 3 2221 81 743 121
313 0 7 2228 4 12 6
314 0 2 2237 7 56 10
315 0 2 2243 2237 24054 3355
316 1 11 2250 1 4 1
317 1 3 2260 1 9 1
318 1 1 2267 4 33 6
319 1 2 2271 6 48 9
320 1 9 2278 1 5 1
321 0 5 2287 5534 28927 8301
322 1 17 2295 31314 181653 46971
323 0 23 2305 154 622 231
324 0 1 2316 12 99 18
325 0 4 2320 1 3 1
326 1 8 2328 820 3767 1230
327 0 1 2337 6 48 9
328 1 1 2341 1 11 1
329 0 2 2346 129 1213 193
330 1 3 2352 2 6 3
331 0 3 2360 585 2622 877
332 0 5 2368 793 3634 1189
333 1 3 2376 4 12 6
334 1 1 2383 511 5137 766
335 1 2 2386 160 1520 240
336 0 2 2393 10 81 15
337 0 1 2399 29 251 43
338 1 6 2402 1 4 1
339 0 3 2411 8 24 12
340 0 2 2418 1 9 1
341 1 13 2424 5 15 7
342 0 5 2434 4191 21521 6286
343 0 5 2442 15 48 22
344 1 4 2450 3 10 4
345 0 2 2458 7192 81310 10788
346 0 3 2464 468 4686 702
347 1 2 2471 25 215 37
348 1 3 2477 6 18 9
349 0 1 2484 171 1630 256
350 0 4 2489 13 41 19
351 1 2 2497 1 9 1
352 0 2 2503 1 9 1
353 0 4 2510 1 4 1
354 0 11 2518 1 5 1
355 0 5 2528 3 9 4
356 1 3 2536 1 4 1
357 1 25 2544 36 128 54
358 0 1 2555 1 9 1
359 1 1 2560 1 10 1
360 1 6 2566 85 326 127
361 0 6 2575 3 10 4
362 0 14 2584 2 6 3
363 1 1 2594 1 9 1
364 1 6 2599 3066 15426 4599
365 1 2 2608 22 188 33
366 1 6 2615 1 3 1
367 0 2 2624 1 10 1
368 1 2 2630 3 25 4
369 0 5 2637 1 3 1
370 1 2 2645 1 8 1
371 0 6 2652 2 7 3
372 1 2 2661 1 11 1
373 0 4 2668 1 3 1
374 1 2 2676 1 9 1
375 1 1 2683 1864 19883 2796
376 1 2 2687 13 108 19
377 1 3 2693 5 15 7
378 1 2 2701 9065 103477 13597
379 1 3 2708 4 12 6
380 1 4 2715 5474 28593 8211
381 0 7 2723 61 227 91
382 1 7 2732 220 914 330
383 1 11 2741 1 3 1
384 1 2 2751 177 1690 265
385 0 2 2757 2 17 3
386 1 14 2764 3476 17634 5214
387 0 3 2774 1346 6405 2019
388 0 2 2782 2522 27262 3783
389 1 4 2789 21 70 31
390 0 1 2797 860 8858 1290
391 1 3 2802 5480 28626 8220
392 0 3 2810 4 12 6
393 0 2 2818 1 10 1
394 0 3 2824 2 17 3
395 1 3 2831 67 609 100
396 1 2 2838 568 5739 852
397 1 2 2845 762 7805 1143
398 1 1 2852 3 25 4
399 1 4 2856 7 21 10
400 0 3 2864 1075 5035 1612
401 0 1 2871 719 7345 1078
402 1 5 2876 1015 4735 1522
403 0 4 2884 1 4 1
404 1 26 2892 1 4 1
405 0 4 2903 369 1597 553
406 1 3 2911 2 7 3
407 0 2 2919 3 25 4
408 0 4 2926 6903 36588 10354
409 1 35 2934 90 347 135
410 1 15 2945 13 41 19
411 0 1 2955 23 197 34
412 0 2 2957 328 3229 492
413 1 2 2963 1 9 1
414 1 2 2970 679 6918 1018
415 1 15 2977 11 34 16
416 0 2 2987 1 9 1
417 0 15 2993 1 4 1
418 1 1 3003 2066 22138 3099
419 0 3 3008 6 18 9
420 0 1 3015 25 215 37
421 1 7 3018 1 4 1
422 0 5 3027 8 24 12
423 1 2 3035 5 41 7
424 1 4 3042 1 5 1
425 1 1 3050 1 11 1
426 0 1 3055 138 1302 207
427 0 3 3060 5353 27922 8029
428 1 1 3067 10 81 15
429 0 2 3073 1 11 1
430 0 2 3079 12 99 18
431 1 1 3086 1 10 1
432 0 11 3089 22 74 33
433 1 3 3099 289 2827 433
434 0 14 3106 29982 173495 44973
435 0 3 3116 1 3 1
436 0 1 3124 11 90 16
437 0 3 3130 179 1710 268
438 0 3 3137 1156 5443 1734
439 1 2 3144 271 2643 406
440 0 1 3150 3292 36001 4938
441 0 2 3155 11 90 16
442 0 3 3162 1 4 1
443 1 1 3169 1 9 1
444 1 2 3173 4 33 6
445 1 12 3180 28 97 42
446 1 4 3190 116 457 174
447 1 7 3198 1 4 1
448 0 7 3207 1 6 1
449 0 1 3216 2 17 3
450 1 1 3220 1 9 1
451 0 1 3225 1 9 1
452 0 4 3230 2 6 3
453 0 3 3238 1 6 1
454 1 7 3245 1 3 1
455 1 2 3254 1 9 1
456 1 4 3261 99 385 148
457 1 5 3269 504 2234 756
458 0 1 3277 87 801 130
459 1 4 3282 1 3 1
460 1 4 3290 24 82 36
461 0 9 3298 1 4 1
462 1 1 3307 1 9 1
463 0 2 3313 2 17 3
464 0 1 3320 1 9 1
465 0 1 3323 4 33 6
466 1 4 3328 1 4 1
467 1 7 3336 2 6 3
468 0 5 3345 1 4 1
469 1 11 3353 26 89 39
470 1 7 3363 9 27 13
471 1 6 3372 9 27 13
472 1 5 3381 264 1113 396
473 0 3 3389 21 70 31
474 0 4 3397 452 1987 678
475 1 1 3405 2312 24897 3468
476 1 1 3411 64 580 96
477 1 5 3415 8 24 12
478 1 2 3423 110 1026 165
479 0 3 3429 1 4 1
480 0 2 3436 904 9333 1356
481 0 2 3442 179491 2302401 269236
482 0 1 3449 175 1670 262
483 1 5 3454 956 4441 1434
484 0 1 3462 1 8 1
485 1 5 3467 314284 2063165 471426
486 0 2 3475 1 9 1
487 0 2 3481 10 81 15
488 0 1 3488 2 17 3
489 1 7 3491 34 120 51
490 1 6 3500 5 15 7
491 1 14 3509 14934 82971 22401
492 0 1 3519 94 869 141
493 0 2 3525 145 1371 217
494 1 2 3532 2 17 3
495 0 2 3539 1 10 1
496 1 3 3545 1 4 1
497 0 7 3552 7 21 10
498 0 1 3561 19 161 28
499 1 1 3566 1 11 1
500 0 6 3571 6 18 9
501 1 1 3580 1 9 1
502 0 2 3585 3245 35464 4867
503 1 2 3591 7 56 10
504 1 35 3597 3591 18256 5386
505 0 3 3608 10 31 15
