0 0 6 5 1 4 1
1 1 2 22 87 801 130
2 1 1 36 24 206 36
3 1 4 47 5 15 7
4 1 2 63 2271 24436 3406
5 1 4 76 1 3 1
6 0 7 92 1 4 1
7 1 2 109 30 260 45
8 1 2 123 164 1560 246
9 0 1 137 374 3704 561
10 0 1 150 2788 30270 4182
11 1 3 163 12 99 18
12 0 2 178 1687 17915 2530
13 0 4 192 1 4 1
14 1 2 208 174 1660 261
15 1 2 223 23805 282607 35707
16 1 7 237 1 4 1
17 1 2 254 61 551 91
18 1 3 268 1 3 1
19 0 4 283 1 6 1
20 1 3 299 14 116 21
21 0 1 314 2708 29364 4062
22 1 1 327 48 428 72
23 0 2 339 23 197 34
24 1 1 353 198 1901 297
25 1 5 366 1 3 1
26 0 4 382 4 12 6
27 0 14 398 1 3 1
28 1 2 416 368 3642 552
29 0 2 430 2649 28696 3973
30 1 3 444 1 6 1
31 0 3 459 1 4 1
32 0 9 474 1 4 1
33 0 19 491 6023 31651 9034
34 1 3 509 2 6 3
35 1 2 525 2 17 3
36 0 7 539 1 3 1
37 0 7 556 4041 20702 6061
38 0 3 573 109424 680104 164136
39 1 2 588 1 10 1
40 1 2 602 7 56 10
41 0 3 617 131 522 196
42 1 3 632 2 17 3
43 1 1 647 2 17 3
44 1 2 658 13530 157009 20295
45 1 15 672 12 38 18
46 1 7 690 1533 7361 2299
47 1 7 707 6 18 9
48 1 2 724 4 33 6
49 1 3 738 1 15 1
50 0 1 753 3 25 4
51 1 3 766 2 6 3
52 0 3 781 675 3057 1012
53 0 3 796 73 276 109
54 0 6 811 11976 65661 17964
55 1 8 828 1 5 1
56 1 1 845 3 25 4
57 0 2 858 14 116 21
58 1 2 872 78 714 117
59 0 3 887 3470 17601 5205
60 0 9 902 1 3 1
61 0 1 919 1 13 1
62 0 2 932 1 9 1
63 1 2 947 1 9 1
64 0 3 961 1 4 1
65 0 3 976 1 3 1
66 0 1 991 1 11 1
67 1 5 1002 1 4 1
68 0 1 1018 3932 43330 5898
69 0 11 1029 55 203 82
70 1 5 1046 50 183 75
71 0 7 1062 1 4 1
72 0 6 1079 11 34 16
73 1 5 1096 531 2363 796
74 0 4 1112 1 5 1
75 0 3 1128 1 4 1
76 0 1 1143 1 10 1
77 0 1 1156 47 419 70
78 1 13 1167 62 231 93
79 0 10 1185 1 4 1
80 1 2 1202 1 8 1
81 1 2 1216 193 1851 289
82 0 2 1231 4 33 6
83 1 6 1245 2 7 3
84 1 3 1262 1 9 1
85 0 1 1277 7 56 10
86 1 4 1289 8 24 12
87 1 4 1305 1 3 1
88 1 6 1321 1 4 1
89 1 2 1338 1 10 1
90 0 2 1352 182 1740 273
91 1 7 1366 2 6 3
92 0 5 1383 5338 27838 8007
93 1 1 1399 6824 76980 10236
94 0 4 1412 1 4 1
95 0 13 1428 1 5 1
96 1 1 1446 1 11 1
97 0 60 1456 1 4 1
98 1 12 1475 4 13 6
99 1 3 1493 256 1077 384
100 1 3 1508 13 107 19
101 1 20 1523 1 4 1
102 0 4 1541 737 3360 1105
103 0 4 1557 1 4 1
104 0 1 1573 1 11 1
105 1 4 1585 11 34 16
106 0 2 1601 3 25 4
107 0 2 1616 7 56 10
108 0 2 1631 1 9 1
109 0 14 1645 1 4 1
110 0 1 1663 730 7462 1095
111 0 16 1676 2 6 3
112 1 3 1694 10 31 15
113 0 4 1709 41644 245509 62466
114 1 4 1725 10 31 15
115 0 3 1741 63 235 94
116 1 3 1756 9 27 13
117 1 1 1771 13 108 19
118 0 2 1783 465 4654 697
119 1 11 1798 88 339 132
120 0 2 1815 6 48 9
121 1 4 1829 1196 5645 1794
122 1 9 1845 3 9 4
123 0 11 1862 1 3 1
124 1 6 1879 1766 8563 2649
125 1 3 1895 1100 11458 1650
126 1 41 1910 3 10 4
127 1 3 1929 26 89 39
128 0 4 1944 3 10 4
129 1 6 1960 1 4 1
130 0 1 1977 2 17 3
131 1 4 1990 263975 1717657 395962
132 1 3 2006 536 5401 804
133 1 2 2021 105 977 157
134 0 2 2035 2 17 3
135 1 1 2050 2 17 3
136 1 1 2061 1364 14348 2046
137 1 7 2073 163 661 244
138 0 2 2090 14 116 21
139 1 1 2104 1 9 1
140 0 1 2115 1 10 1
141 0 2 2128 363 3591 544
142 0 3 2142 1 4 1
143 0 1 2157 1 10 1
144 0 4 2170 873 4029 1309
145 0 12 2186 120 474 180
146 0 2 2204 196 1881 294
147 0 2 2218 31 270 46
148 0 14 2232 750 3423 1125
149 1 17 2250 2 6 3
150 0 6 2268 1 5 1
151 0 1 2285 86 792 129
152 1 4 2297 16 52 24
153 1 9 2313 4 13 6
154 1 3 2330 290 1232 435
155 0 2 2345 1246 13053 1869
156 0 2 2360 25 215 37
157 1 1 2374 13 107 19
158 0 1 2384 1 9 1
159 1 2 2397 1 11 1
160 1 7 2411 4 12 6
161 0 7 2428 1 3 1
162 1 10 2445 1 5 1
163 1 10 2462 1 5 1
164 1 2 2479 90 830 135
165 1 2 2493 214 2063 321
166 0 2 2507 242 2347 363
167 0 13 2521 4 12 6
168 1 5 2539 1 4 1
169 1 2 2555 10 81 15
170 1 6 2569 6 18 9
171 1 29 2585 35 124 52
172 0 4 2604 2 7 3
173 1 5 2620 11 34 16
174 0 9 2636 1 4 1
175 1 52 2653 153 617 229
176 0 9 2672 1 4 1
177 1 9 2689 87 335 130
178 1 1 2706 50 447 75
179 1 2 2719 825 8482 1237
180 1 1 2733 20 170 30
181 1 2 2745 218 2103 327
182 0 1 2759 67 609 100
183 1 3 2772 20604 116668 30906
184 0 5 2788 42 151 63
185 0 2 2804 2183 23448 3274
186 1 1 2819 325 3197 487
187 1 7 2831 1 3 1
188 0 2 2848 45 400 67
189 1 2 2862 1067 11099 1600
190 0 1 2876 30 261 45
191 0 2 2887 1 11 1
192 1 3 2901 1 4 1
193 1 5 2916 2991 15025 4486
194 0 16 2932 6 18 9
195 1 1 2950 675 6875 1012
196 0 1 2963 3 25 4
197 1 1 2976 1 10 1
198 0 4 2985 432 1893 648
199 1 14 3001 4 12 6
200 1 3 3019 3 9 4
201 0 3 3034 1 3 1
202 0 2 3049 1 10 1
203 1 1 3063 1 9 1
204 0 1 3076 1 10 1
205 1 3 3088 13428 74131 20142
206 0 7 3103 5047 26227 7570
207 1 3 3120 2 17 3
208 1 3 3135 1 4 1
209 1 1 3150 1 9 1
210 0 17 3160 1 4 1
211 1 2 3178 1 9 1
212 1 5 3192 29 101 43
213 0 2 3208 10 81 15
214 1 7 3222 2 6 3
215 0 2 3239 757 7751 1135
216 1 2 3253 17 143 25
217 1 1 3267 14 116 21
218 0 2 3280 1 10 1
219 0 1 3294 1 10 1
220 1 2 3306 115 1074 172
221 0 2 3321 5 41 7
222 0 2 3335 1 9 1
223 1 1 3350 5 41 7
224 0 1 3363 1236 12943 1854
225 0 4 3376 167 679 250
226 0 1 3392 1 9 1
227 0 22 3403 454 1997 681
228 0 2 3421 2533 27386 3799
229 1 1 3435 35 307 52
230 0 2 3448 107 996 160
231 1 5 3463 45 163 67
232 0 2 3479 8 64 12
233 0 27 3493 3 9 4
234 1 4 3512 19 63 28
235 1 2 3528 5 40 7
236 1 6 3542 1 3 1
237 0 43 3559 1272 6029 1908
238 0 3 3578 1 4 1
239 0 1 3593 2745 29782 4117
240 1 3 3605 2558 12717 3837
241 1 8 3620 96 372 144
