0 0 12 5 25 85 37
1 0 1 9 1 13 1
2 1 3 12 1028 10676 1542
3 0 3 16 3 25 4
4 1 59 20 1 5 1
5 0 4 25 630 6396 945
6 0 5 29 285 2786 427
7 1 1 33 1 12 1
8 0 1 35 109 1016 163
9 1 3 38 1 9 1
10 0 4 42 1695 18003 2542
11 1 2 46 1794 19103 2691
12 0 3 50 37 325 55
13 0 4 54 1 9 1
14 1 2 58 1 9 1
15 1 6 61 4730 52537 7095
16 1 2 65 583 5898 874
17 0 2 69 15 125 22
18 0 2 73 4936 54925 7404
19 1 1 76 66 599 99
20 0 2 79 1 9 1
21 0 8 83 577 2584 865
22 1 4 87 1 9 1
23 0 2 91 3001 32687 4501
24 1 1 94 3 25 4
25 0 2 97 1 10 1
26 0 2 101 453 4528 679
27 1 2 104 52 466 78
28 1 4 108 4 33 6
29 0 1 112 1 9 1
30 0 4 115 198 1901 297
31 0 2 119 180 1720 270
32 1 1 122 92 849 138
33 0 1 125 32 279 48
34 1 3 128 1 9 1
35 1 6 132 1 9 1
36 1 15 136 2952 14816 4428
37 1 6 140 1 11 1
38 1 1 144 2 17 3
39 1 2 147 1 10 1
40 1 3 151 32 279 48
41 0 9 155 665 3009 997
42 0 2 159 47 419 70
43 0 2 162 1 9 1
44 0 1 165 1 10 1
45 0 2 168 3007 32755 4510
46 1 5 171 1 10 1
47 1 7 175 1 3 1
48 1 2 179 1 9 1
49 0 4 183 1306 13710 1959
50 1 7 187 25 85 37
51 1 1 191 7 56 10
52 1 1 194 1 9 1
53 0 1 197 1 9 1
54 1 27 199 5432 28360 8148
55 0 9 204 1 4 1
56 0 3 208 127 1192 190
57 1 6 212 7 21 10
58 1 2 216 2 17 3
59 1 1 220 113 1055 169
60 0 1 223 25 215 37
61 1 2 225 6 48 9
62 1 1 229 43 381 64
63 1 7 232 1 3 1
64 1 4 236 1 10 1
65 0 2 240 7 56 10
66 1 2 244 42 372 63
67 1 1 248 245 2377 367
68 0 5 251 1 9 1
69 0 3 255 27 233 40
70 0 4 259 18 152 27
71 0 2 263 1 11 1
72 0 1 266 69 628 103
73 0 3 268 1 12 1
74 0 1 272 2 17 3
75 0 2 274 49 437 73
76 1 6 277 1 9 1
77 1 7 281 1 4 1
78 1 2 285 2 17 3
79 1 4 288 2 17 3
80 0 1 292 31 270 46
81 0 3 295 5 40 7
82 0 4 299 27 233 40
83 0 1 303 1 10 1
84 1 1 306 4 33 6
85 1 3 308 32 279 48
86 1 2 312 39421 477403 59131
87 0 8 315 290 1232 435
88 1 10 319 3644 18543 5466
89 1 1 323 9 73 13
90 1 7 326 1 4 1
91 1 3 330 1 10 1
92 0 2 334 128 1202 192
93 1 1 338 1 10 1
94 0 9 341 14 45 21
95 0 2 345 50 447 75
96 1 3 349 1 10 1
97 0 6 353 83 763 124
98 0 3 357 20 170 30
99 1 4 361 226 2184 339
100 0 6 365 120 1123 180
101 0 1 369 19 161 28
102 1 6 372 1 11 1
103 0 5 376 1 11 1
104 1 6 380 310 1324 465
105 0 8 384 10 31 15
106 1 1 388 421 4194 631
107 0 4 391 1 8 1
108 0 1 395 2174 23347 3261
109 1 1 397 18 152 27
110 0 2 400 3 25 4
111 1 8 404 2536 12600 3804
112 0 4 408 466 4664 699
113 0 1 412 870 8966 1305
114 0 2 415 3 25 4
115 1 2 419 139 1311 208
116 1 1 423 1787 19026 2680
117 1 3 426 1 9 1
118 1 4 430 1 12 1
119 0 5 434 391008 5159618 586512
120 1 10 438 17 56 25
121 1 1 442 8397 95548 12595
122 1 2 445 173767 2226313 260650
123 0 6 449 176255767 2147483647 264383650
124 1 2 453 740 7570 1110
125 1 1 457 24 206 36
126 0 6 460 249 1045 373
127 0 2 464 14394 167456 21591
128 0 2 468 35 307 52
129 0 1 472 15747 183866 23620
130 1 1 475 173 1650 259
131 0 1 478 75 685 112
132 1 1 480 1 8 1
133 0 2 483 12 98 18
134 1 3 487 158 1500 237
135 0 3 491 1 10 1
136 0 1 495 1 11 1
137 1 3 498 4 33 6
138 0 1 502 5 40 7
139 0 1 505 33 288 49
140 0 1 508 549 5538 823
141 1 4 511 1 9 1
142 1 1 515 1 9 1
143 0 2 518 1 12 1
144 1 26 522 241 1009 361
145 0 6 527 81 743 121
146 0 3 531 1835 19559 2752
147 0 1 535 1 10 1
148 1 2 538 25 215 37
149 1 2 542 5213 58142 7819
150 1 1 545 1 12 1
151 1 12 548 3 9 4
152 0 4 552 5 40 7
153 1 1 556 12908 149503 19362
154 0 2 559 6 48 9
155 1 4 562 1 11 1
156 1 11 566 56386 338077 84579
157 0 1 570 1 9 1
158 0 3 573 1 9 1
159 0 3 577 2 17 3
160 1 3 581 13 107 19
161 0 2 585 113 1055 169
162 0 3 588 1 10 1
163 0 3 592 3 25 4
164 0 1 596 1 10 1
165 0 2 599 1 9 1
166 1 2 603 1 9 1
167 1 2 607 4 33 6
168 1 7 611 12 38 18
169 0 1 615 10 81 15
170 0 3 618 2 17 3
171 1 2 622 1 9 1
172 1 1 625 528 5316 792
173 0 2 628 1 10 1
174 0 16 631 1 4 1
175 0 2 635 10 81 15
176 0 2 639 79 724 118
177 0 6 642 1 9 1
178 1 5 646 44 390 66
179 1 3 650 1 9 1
180 0 4 654 1 9 1
181 0 1 658 8 64 12
182 0 1 661 1 10 1
183 0 4 664 759 7773 1138
184 1 3 668 36 316 54
185 1 4 672 1 9 1
186 1 1 676 69 628 103
187 1 2 679 1 10 1
188 0 2 682 1 11 1
189 0 4 685 65871 813719 98806
190 1 2 689 2 17 3
191 1 2 693 1 10 1
192 1 4 696 1 10 1
193 0 3 700 65 590 97
194 0 3 704 5649 63219 8473
195 0 2 708 2 17 3
196 1 3 711 1 12 1
197 1 6 715 23 197 34
198 0 14 719 1 4 1
199 0 8 723 35 124 52
200 0 2 727 1 12 1
201 0 3 731 1 11 1
202 1 9 735 1 4 1
203 1 4 739 1 10 1
204 0 2 743 1 11 1
205 1 1 747 1 9 1
206 0 8 750 17 56 25
207 0 3 754 2 17 3
208 0 1 758 37 325 55
209 1 1 761 41 363 61
210 0 5 763 2 17 3
211 0 4 767 2 17 3
212 1 11 771 1 5 1
213 0 3 775 3 25 4
214 0 1 779 11024 126860 16536
215 1 2 782 2 17 3
216 1 5 785 1 10 1
217 0 9 789 7 21 10
218 1 11 793 21 70 31
219 0 1 797 179 1710 268
220 1 2 800 1 9 1
221 0 5 804 1185155 16260576 1777732
222 0 1 808 1 10 1
223 1 10 811 1 4 1
224 0 7 815 2458 12187 3687
225 1 3 819 1193 12473 1789
226 1 1 823 4 33 6
227 1 6 826 1 10 1
228 1 136 830 4 12 6
229 1 1 835 200 1921 300
230 1 2 838 5 40 7
231 0 8 841 104 406 156
232 1 12 845 1 5 1
233 1 3 849 1 9 1
234 1 13 853 1 3 1
235 0 17 857 1 4 1
236 0 1 862 5 40 7
237 1 11 865 81 310 121
238 0 4 869 6 48 9
239 0 2 873 1 9 1
240 0 2 877 1 9 1
241 0 8 880 64 239 96
242 1 1 884 142 1341 213
243 0 1 887 30 260 45
244 1 2 890 20 170 30
245 1 6 894 204 1962 306
246 0 3 898 9 73 13
247 0 2 902 16 134 24
248 1 4 906 4 33 6
249 1 8 910 3 9 4
250 1 6 914 1 9 1
251 0 2 918 1 9 1
252 0 2 922 665 6768 997
253 0 3 925 1 9 1
254 1 4 929 1 10 1
255 0 3 933 3 25 4
256 1 17 937 10463 56898 15694
257 0 6 942 1 3 1
258 1 22 946 9 27 13
259 1 22 951 93 360 139
260 1 8 956 1 4 1
261 0 2 960 131 1232 196
262 1 3 964 32 279 48
263 1 3 968 303 2971 454
264 1 4 972 2 17 3
265 1 4 976 1 10 1
266 1 6 980 17 143 25
267 0 1 984 9 73 13
268 0 4 987 7497 84905 11245
269 0 3 991 450 4497 675
270 0 2 995 4 33 6
271 1 10 998 1314 6242 1971
272 1 1 1002 10 81 15
273 0 1 1005 6 48 9
274 1 7 1008 1 5 1
275 0 7 1012 100687 623026 151030
276 1 6 1016 31939 383613 47908
277 1 3 1020 5 40 7
278 1 1 1024 7 56 10
279 1 2 1027 25 215 37
280 1 2 1030 1 10 1
281 0 3 1033 1 12 1
282 0 7 1037 74 280 111
283 1 3 1041 3 25 4
284 1 2 1045 3 25 4
285 1 1 1049 2 17 3
286 1 3 1052 10926 125686 16389
287 1 2 1056 63 570 94
288 0 4 1060 1 9 1
289 0 4 1064 8 64 12
290 0 2 1068 3 25 4
291 0 2 1072 1 10 1
292 0 3 1076 1208 12637 1812
293 1 7 1080 1 5 1
294 1 3 1084 2 17 3
295 1 1 1088 1 9 1
296 1 3 1091 26 224 39
297 1 1 1095 1 11 1
298 1 4 1098 7 56 10
299 1 3 1102 3 25 4
300 1 4 1106 16 134 24
301 0 7 1110 1 4 1
302 0 3 1114 1 10 1
303 0 1 1118 1 9 1
304 0 1 1121 3 25 4
305 1 16 1124 989 4605 1483
306 1 3 1128 268 2612 402
307 0 16 1132 8 24 12
308 1 7 1136 191 785 286
309 0 1 1140 1 9 1
310 0 1 1143 42 372 63
311 0 1 1146 48 428 72
312 0 1 1149 20 170 30
313 0 2 1152 292 2858 438
314 1 9 1156 1 4 1
315 1 1 1160 957 9906 1435
316 0 2 1163 45 400 67
317 0 1 1167 65 589 97
318 1 2 1170 9 73 13
319 0 1 1174 1 10 1
320 1 6 1177 120 474 180
321 1 9 1181 15 48 22
322 1 5 1185 15 125 22
323 0 5 1189 11 90 16
324 1 1 1193 2002737 27974979 3004105
325 0 4 1196 7 56 10
326 1 7 1200 1 4 1
327 1 3 1204 16 134 24
328 1 2 1208 1 12 1
329 0 19 1211 1 4 1
330 1 2 1216 1 11 1
331 1 3 1219 1 11 1
332 1 3 1223 1 9 1
333 0 1 1227 18 152 27
334 1 6 1230 60 542 90
335 0 2 1234 1 11 1
336 0 2 1237 603 6109 904
337 1 1 1241 3 25 4
338 1 3 1244 52 466 78
339 1 7 1248 1 4 1
340 1 1 1252 50 447 75
341 0 2 1255 1 9 1
342 1 2 1259 7 56 10
343 1 2 1263 44 390 66
344 1 3 1267 1 9 1
345 1 1 1271 1 9 1
346 1 1 1274 5 40 7
347 1 5 1277 1 9 1
348 0 3 1281 22 188 33
349 1 3 1285 1 13 1
350 1 2 1289 1 9 1
351 0 3 1293 4 33 6
352 1 3 1297 98 908 147
353 0 1 1301 2 17 3
354 0 3 1303 1 9 1
355 1 4 1307 1 10 1
356 0 1 1311 1 8 1
357 1 4 1314 40 353 60
358 0 5 1318 410 4079 615
359 1 11 1322 1 4 1
360 0 2 1326 174 1660 261
361 0 2 1329 6 48 9
362 1 14 1333 3 9 4
363 0 3 1337 1 9 1
364 1 10 1341 1 4 1
365 1 7 1345 1 4 1
366 0 6 1349 10 81 15
367 1 1 1353 192 1841 288
368 0 30 1355 32 112 48
369 0 6 1360 100 927 150
370 0 3 1364 2619 28357 3928
371 0 7 1368 232 968 348
372 1 2 1372 1 10 1
373 1 4 1376 13 107 19
374 1 4 1380 13 107 19
375 1 9 1384 12 38 18
376 1 12 1388 2 7 3
377 1 6 1392 153 617 229
378 0 2 1396 30 261 45
379 1 6 1400 17 143 25
380 1 3 1404 2102 22541 3153
381 0 40 1408 1 4 1
382 1 4 1413 2004 21444 3006
383 1 67 1417 2 7 3
384 0 2 1422 2776 30134 4164
385 1 11 1426 887 4098 1330
386 0 7 1430 1 5 1
387 0 4 1434 1 10 1
388 0 3 1438 1449 15283 2173
389 0 1 1442 277 2704 415
390 1 1 1445 1 8 1
391 1 3 1448 153 1450 229
392 0 1 1452 1 9 1
393 1 5 1455 11 90 16
394 0 1 1459 1 11 1
395 0 1 1462 1 9 1
396 0 2 1465 3 25 4
397 1 1 1469 1 8 1
398 0 4 1472 1 9 1
399 0 2 1476 41730 506489 62595
400 1 1 1479 4 33 6
401 1 1 1482 376 3725 564
402 0 1 1485 3 25 4
403 1 1 1488 4 33 6
404 0 6 1490 1347 14161 2020
405 0 12 1494 170 692 255
406 0 3 1498 1 10 1
407 1 6 1502 1 11 1
408 1 1 1506 1 9 1
409 1 2 1509 8 64 12
410 1 1 1513 2526 27307 3789
411 1 2 1516 318 3125 477
412 0 24 1519 23362 133257 35043
413 0 1 1524 16 134 24
414 0 1 1527 743 7602 1114
415 0 1 1530 1 9 1
416 1 1 1533 46 410 69
417 0 2 1535 178 1700 267
418 1 2 1538 1 8 1
419 0 3 1542 1 10 1
420 0 12 1546 3 10 4
421 0 14 1550 458 2015 687
422 0 9 1554 1 4 1
423 1 2 1558 2 17 3
424 0 4 1562 379 3757 568
425 0 3 1566 1 11 1
426 0 3 1570 312 3064 468
427 0 3 1574 17 143 25
428 1 20 1578 8336 44704 12504
429 0 2 1583 12449 143974 18673
430 1 11 1586 1862 9061 2793
431 0 2 1590 1 9 1
432 0 2 1594 6 48 9
433 1 5 1598 9972 114280 14958
434 0 1 1602 1 8 1
435 0 3 1605 831 8546 1246
436 0 2 1609 1014 10524 1521
437 0 7 1612 1 6 1
438 1 2 1616 1581 16740 2371
439 1 8 1619 5 15 7
440 1 3 1623 1 14 1
441 1 1 1627 98 908 147
442 0 29 1630 1 4 1
443 1 2 1635 7 56 10
444 1 1 1639 1 9 1
445 0 1 1642 57 513 85
446 0 6 1645 221 2134 331
447 0 5 1649 27526 328674 41289
448 0 3 1653 2587 27996 3880
449 0 11 1657 1 4 1
450 1 3 1661 4 33 6
451 0 4 1665 5 40 7
452 1 12 1669 1 5 1
453 0 4 1673 2 17 3
454 0 1 1677 1 9 1
455 1 4 1680 1 9 1
456 0 4 1684 1 9 1
457 1 5 1688 5 41 7
458 1 7 1692 3 10 4
459 0 1 1696 4 33 6
460 1 1 1699 104 967 156
461 0 9 1702 34 120 51
462 0 2 1706 55 494 82
463 1 5 1709 2734 29658 4101
464 0 1 1713 7 56 10
465 1 3 1716 214 2063 321
466 1 3 1720 15 125 22
467 1 9 1724 1 3 1
468 0 1 1728 1 10 1
469 0 2 1730 17 143 25
470 0 5 1733 5 40 7
471 1 5 1737 3918 43169 5877
472 1 2 1741 1 8 1
473 1 1 1745 45703 556677 68554
474 0 19 1748 23 78 34
475 1 1 1753 5 40 7
476 0 2 1755 3859 42491 5788
477 0 1 1758 1 9 1
478 1 2 1761 6 48 9
479 0 2 1764 107 996 160
480 1 8 1768 1 3 1
481 1 3 1772 26 224 39
482 0 22 1776 3 10 4
483 1 5 1781 5 40 7
484 1 1 1785 222 2144 333
485 0 1 1788 1 9 1
486 1 1 1791 1 9 1
487 1 56 1794 5 15 7
488 1 5 1799 23 197 34
489 1 1 1803 3109 33915 4663
490 0 1 1806 146 1381 219
491 0 2 1809 94 869 141
492 0 11 1812 1 3 1
493 0 16 1816 5 15 7
494 1 2 1820 416 4142 624
495 0 4 1824 78003 969826 117004
496 0 1 1828 1 10 1
497 0 3 1831 1 8 1
498 0 2 1835 39 344 58
499 1 2 1839 9 73 13
500 0 4 1843 4332 47936 6498
501 0 4 1847 1 10 1
502 1 2 1851 18 152 27
503 0 2 1854 1 11 1
504 1 5 1858 3 25 4
505 1 1 1862 14 116 21
506 0 10 1865 1 4 1
507 0 2 1869 1 9 1
508 0 5 1873 33 288 49
509 1 3 1877 807 8288 1210
510 1 5 1881 9055 103358 13582
511 1 10 1885 347 1495 520
512 0 3 1889 8 64 12
513 0 2 1893 79 724 118
514 0 3 1897 85 782 127
515 1 1 1901 5991 67214 8986
516 0 12 1904 1 4 1
517 0 5 1908 9683 110834 14524
518 0 2 1912 57 513 85
519 0 2 1915 3 25 4
520 0 1 1919 10 81 15
521 1 8 1922 4 12 6
522 1 3 1926 1 13 1
523 0 4 1930 1 10 1
524 0 10 1934 5 15 7
525 1 3 1938 1 9 1
526 0 2 1942 8 64 12
527 1 2 1945 1 9 1
528 0 8 1949 6 18 9
529 0 1 1953 512 5148 768
530 0 15 1956 862 3975 1293
531 0 1 1960 68 618 102
532 0 2 1963 23 197 34
533 1 3 1966 1 10 1
534 1 1 1970 32 279 48
535 0 4 1973 1 8 1
536 0 1 1977 1 9 1
537 1 10 1980 219 910 328
538 0 1 1984 1 9 1
539 0 4 1986 3 25 4
540 1 2 1990 1 10 1
541 1 1 1993 2 17 3
542 0 4 1996 1 9 1
543 0 6 2000 1 4 1
544 1 4 2004 1 10 1
545 1 1 2008 6 48 9
546 1 9 2011 56 207 84
547 0 4 2015 1419 14952 2128
548 0 2 2019 6 48 9
549 0 4 2023 606 6142 909
550 0 1 2027 1 11 1
551 1 2 2030 2 17 3
552 0 2 2034 1 9 1
553 0 2 2038 19 161 28
554 0 2 2042 80160 997678 120240
555 0 4 2045 2 17 3
556 1 3 2049 83 762 124
557 0 2 2053 1 9 1
558 1 4 2056 1 10 1
559 0 1 2060 97 899 145
560 1 1 2063 1 10 1
561 0 17 2066 1 4 1
562 0 3 2071 2398 25865 3597
563 1 3 2075 1 9 1
564 0 1 2079 898 9268 1347
565 0 3 2082 3 25 4
566 0 3 2086 455 4549 682
567 0 3 2090 1 9 1
568 1 8 2094 224 932 336
569 0 3 2098 2951 32119 4426
570 1 7 2102 10 31 15
571 0 1 2106 6 48 9
572 0 2 2109 1 12 1
573 0 2 2113 1 11 1
574 1 2 2117 1 10 1
575 1 4 2121 1 9 1
576 0 13 2125 2 6 3
577 1 5 2129 1 9 1
578 0 5 2133 239 2316 358
579 0 3 2137 1 10 1
580 1 7 2141 44235 261668 66352
581 1 6 2145 1 9 1
582 1 15 2149 1 5 1
583 0 3 2153 215 2073 322
584 0 12 2157 11 34 16
585 1 5 2161 1 8 1
586 0 1 2165 3293 36012 4939
587 1 2 2168 4 33 6
588 0 1 2171 33 288 49
589 1 4 2174 1 9 1
590 1 2 2178 26 224 39
591 1 1 2182 18 152 27
592 0 1 2185 207 1992 310
593 1 7 2188 154 622 231
594 1 10 2192 1403 6695 2104
595 0 1 2196 8715 99320 13072
596 0 8 2198 1 3 1
597 0 8 2202 137 548 205
598 0 3 2206 2 17 3
599 0 1 2210 782 8019 1173
600 0 2 2213 1 9 1
601 0 13 2217 4 12 6
602 0 7 2221 120 474 180
603 1 2 2225 4 33 6
604 0 1 2229 1 10 1
605 1 5 2231 1 10 1
606 1 3 2235 8 64 12
607 0 1 2239 339 3342 508
608 1 3 2242 62 561 93
609 0 2 2246 264 2571 396
610 0 15 2250 3 10 4
611 1 5 2254 1 9 1
612 0 15 2258 1 3 1
613 1 1 2262 36719 443447 55078
614 0 7 2265 345 1486 517
615 0 11 2269 1 3 1
616 0 1 2273 3646 40048 5469
617 1 4 2276 1 9 1
618 1 2 2280 13824 160561 20736
619 1 4 2283 11629 134116 17443
620 1 1 2287 31 270 46
621 1 1 2290 984 10198 1476
622 1 5 2293 1 9 1
623 1 50 2297 76 289 114
624 1 1 2302 6640 74818 9960
625 0 84 2305 2301 11359 3451
626 1 3 2310 2 17 3
627 0 1 2314 2 17 3
628 0 9 2317 318 1361 477
629 1 1 2321 71 647 106
630 1 1 2324 1 11 1
631 1 1 2327 3 25 4
632 1 2 2330 4 33 6
633 0 1 2333 530 5338 795
634 1 16 2336 129 513 193
635 1 4 2340 33 288 49
636 1 2 2344 28 242 42
637 0 5 2347 1 9 1
638 1 10 2351 2 7 3
639 1 3 2355 30 261 45
640 0 2 2359 2 17 3
641 0 1 2363 1 12 1
642 0 1 2366 14 116 21
643 0 2 2368 1 9 1
644 0 1 2371 21 179 31
645 0 2 2374 8 64 12
646 0 19 2377 37 131 55
647 0 3 2382 1 10 1
648 1 2 2386 1 10 1
649 1 2 2390 4 32 6
650 0 7 2394 140 561 210
651 1 4 2398 517 5200 775
652 0 1 2402 1 10 1
653 0 2 2405 6 48 9
654 0 2 2409 32 279 48
655 1 4 2413 1 9 1
656 1 3 2417 154 1460 231
657 1 5 2421 2 17 3
658 0 9 2425 81 310 121
659 1 17 2429 3 10 4
660 1 1 2434 22 188 33
661 1 10 2437 1591 7659 2386
662 0 11 2441 1 4 1
663 0 15 2445 1 3 1
664 1 9 2449 9 27 13
665 1 1 2453 140 1321 210
666 1 6 2456 11326 130480 16989
667 0 5 2460 7 56 10
668 0 2 2464 1 9 1
669 0 1 2468 72 656 108
670 1 2 2471 76 695 114
671 1 2 2475 17 143 25
672 1 3 2479 6 48 9
673 0 1 2483 1 11 1
674 1 2 2486 215 2073 322
675 0 2 2490 1 9 1
676 0 2 2493 1193 12473 1789
677 0 1 2496 5 40 7
678 0 3 2498 13190 152905 19785
679 1 2 2502 1 10 1
680 1 1 2506 3615 39693 5422
681 0 5 2509 1 10 1
682 1 2 2513 80 733 120
683 0 12 2516 1 5 1
684 1 3 2520 11 90 16
685 0 3 2524 4 33 6
686 1 3 2528 46 409 69
687 0 12 2532 8713 46853 13069
688 0 3 2536 30 261 45
689 1 10 2540 2 7 3
690 1 3 2544 3 25 4
691 1 1 2548 3 25 4
692 1 1 2551 11 90 16
693 1 2 2554 1 10 1
694 0 2 2558 1 9 1
695 0 1 2562 9 73 13
696 0 2 2564 1 10 1
697 0 73 2568 427 1869 640
698 1 2 2573 867 8934 1300
699 0 6 2577 1 9 1
700 1 1 2581 7 56 10
701 0 4 2584 1681 17848 2521
702 0 1 2588 1823 19426 2734
703 0 8 2591 36 127 54
704 0 5 2595 112 1045 168
705 1 1 2599 1 9 1
706 1 10 2602 2 7 3
707 1 4 2606 1 12 1
708 0 20 2610 1 4 1
709 0 1 2615 1457 15371 2185
710 0 6 2618 1 11 1
711 0 3 2622 1 11 1
712 1 5 2626 1 8 1
713 0 5 2630 1 12 1
714 0 1 2634 18 152 27
715 1 1 2636 9 72 13
716 0 9 2639 43 155 64
717 0 3 2643 1 9 1
718 0 2 2647 12 99 18
719 1 1 2651 21503 254244 32254
720 1 1 2654 1 10 1
721 0 9 2657 6 18 9
722 1 3 2661 475548 6319211 713322
723 0 1 2665 1 9 1
724 0 20 2668 172 701 258
725 1 5 2673 6735 75934 10102
726 1 5 2677 934 9657 1401
727 0 3 2681 29 252 43
728 0 11 2685 2943 14768 4414
729 0 2 2689 7 56 10
730 0 2 2693 1 11 1
731 0 3 2697 2 17 3
732 0 1 2701 181 1730 271
733 0 6 2704 8 24 12
734 1 6 2708 1837 19582 2755
735 0 2 2712 1 9 1
736 0 4 2716 35 307 52
737 0 4 2720 1 10 1
738 0 2 2724 233 2255 349
739 1 4 2727 1 10 1
740 0 1 2731 666 6779 999
741 0 3 2734 4 33 6
742 0 14 2738 38 135 57
743 1 1 2742 1 12 1
744 1 2 2745 4 33 6
745 0 5 2748 19 161 28
746 0 2 2752 1 9 1
747 1 2 2756 1 11 1
748 0 12 2759 5531 28910 8296
749 1 17 2763 16 52 24
750 0 1 2768 252 2449 378
751 1 6 2771 1 12 1
752 0 3 2775 1 9 1
753 1 3 2779 1 9 1
754 0 6 2783 206 1982 309
755 1 5 2787 1 8 1
756 1 4 2791 1 9 1
757 0 10 2795 2 7 3
758 0 2 2799 11 90 16
759 0 5 2802 1 10 1
760 0 2 2806 1 9 1
761 0 3 2810 30 261 45
762 0 4 2814 141 1331 211
763 1 2 2818 1 11 1
764 0 2 2822 12 98 18
765 1 16 2826 331 1421 496
766 0 1 2831 1 9 1
767 1 3 2834 1 9 1
768 1 2 2838 1 10 1
769 1 9 2841 1 3 1
770 0 13 2845 1 5 1
771 1 1 2849 1 9 1
772 0 1 2852 1 9 1
773 0 1 2855 2 17 3
774 0 15 2858 767 3507 1150
775 1 1 2862 12 98 18
776 0 1 2865 2 17 3
777 1 2 2868 1 10 1
778 1 2 2871 319 3136 478
779 0 2 2875 2 17 3
780 1 5 2879 19 161 28
781 1 1 2883 1 10 1
782 1 4 2886 39 344 58
783 1 1 2890 1 11 1
784 1 10 2893 1 4 1
785 1 3 2897 10551 121198 15826
786 0 27 2901 1 4 1
787 1 2 2906 2 17 3
788 1 1 2909 11 90 16
789 1 3 2912 591 5982 886
790 1 4 2916 5108 56922 7662
791 1 4 2920 3 25 4
792 1 10 2924 9 27 13
793 0 1 2928 2 17 3
794 1 3 2931 26 224 39
795 1 1 2935 311 3053 466
796 0 12 2938 3 9 4
797 1 9 2942 960 4461 1440
798 1 2 2946 535 5390 802
799 1 1 2949 76 695 114
800 1 4 2952 1 9 1
801 0 10 2956 13 41 19
802 1 3 2960 1 10 1
803 1 2 2964 45 400 67
804 1 1 2968 1439 15173 2158
805 1 1 2971 1 10 1
806 1 1 2974 1 11 1
807 0 5 2977 6531 73539 9796
808 0 2 2981 530 5338 795
809 1 3 2984 1 9 1
810 0 2 2988 1 10 1
811 1 2 2992 21 179 31
812 1 2 2996 1356 14259 2034
813 1 1 3000 357 3528 535
814 0 7 3003 4404 22687 6606
815 0 2 3007 23 197 34
816 1 9 3011 1 3 1
817 1 1 3015 1 9 1
818 1 2 3018 5 41 7
819 0 2 3022 20 170 30
820 1 6 3026 1 11 1
821 0 9 3030 1 4 1
822 1 1 3034 1 11 1
823 0 1 3037 1 9 1
824 0 1 3040 1 8 1
825 1 2 3043 51 456 76
826 1 5 3046 78 714 117
827 1 3 3050 27 233 40
828 1 3 3054 235 2276 352
829 1 1 3058 538 5422 807
830 1 1 3061 40 353 60
831 1 2 3064 1025 10643 1537
832 1 2 3067 95 879 142
833 0 9 3071 247 1036 370
834 1 8 3075 411 1794 616
835 1 1 3079 30 260 45
836 1 3 3082 2155 23134 3232
837 0 4 3086 153 1450 229
838 0 2 3090 1 9 1
839 0 13 3094 1 3 1
840 0 1 3098 1 9 1
841 1 3 3100 9 73 13
842 0 2 3104 120 1124 180
843 0 6 3108 1 10 1
844 0 7 3112 34 120 51
845 1 3 3116 19 161 28
846 1 2 3120 1268 13294 1902
847 1 1 3123 1 11 1
848 0 7 3126 1426 6813 2139
849 1 3 3130 73 666 109
850 0 2 3134 139867 1777626 209800
851 0 9 3137 1 4 1
852 0 1 3141 1 10 1
853 1 5 3144 6 48 9
854 0 1 3148 1 9 1
855 0 4 3151 1 9 1
856 0 2 3155 1 9 1
857 1 1 3159 574637 7687379 861955
858 1 7 3162 566 2530 849
859 1 5 3166 2 17 3
860 0 3 3170 21 179 31
861 1 1 3174 154 1460 231
862 1 2 3177 30 261 45
863 0 3 3180 2 17 3
864 1 8 3184 1 4 1
865 0 16 3188 600 2694 900
866 0 7 3193 57179 343097 85768
867 0 2 3197 136 1282 204
868 1 1 3200 1 11 1
869 1 2 3203 531 5348 796
870 0 6 3207 826 8492 1239
871 1 1 3211 37 325 55
872 1 3 3214 4 33 6
873 0 5 3218 8 64 12
874 0 1 3222 1 9 1
875 1 2 3225 317 3115 475
876 1 1 3228 11 90 16
877 0 5 3231 1 10 1
878 0 1 3235 6 48 9
879 0 3 3238 22 187 33
880 1 2 3242 1 8 1
881 0 3 3246 2 17 3
882 1 2 3250 7 56 10
883 1 4 3254 1457 15371 2185
884 0 8 3258 1 3 1
885 0 21 3262 1 7 1
886 1 2 3267 1 10 1
887 1 5 3271 5 40 7
888 1 2 3275 5 40 7
889 1 11 3278 1 3 1
890 1 2 3282 1 11 1
891 1 2 3286 6 48 9
892 0 1 3289 2 17 3
893 0 7 3292 4 12 6
894 0 9 3296 1 4 1
895 0 6 3300 718 7334 1077
896 0 3 3304 1 11 1
897 0 9 3308 103 402 154
898 0 1 3312 1 10 1
899 1 1 3315 1 9 1
900 1 11 3318 5 15 7
901 1 3 3322 2 17 3
902 0 5 3326 1 9 1
903 1 2 3330 7704 87349 11556
904 0 2 3334 40 353 60
905 0 4 3337 5 41 7
906 0 3 3341 41 362 61
907 0 1 3345 1 10 1
908 1 1 3348 1 9 1
909 1 2 3351 1 10 1
910 0 2 3355 1 10 1
911 0 6 3358 42 372 63
912 0 3 3362 333 3280 499
913 1 4 3366 197 1891 295
914 0 4 3370 139 1311 208
915 0 2 3374 3 25 4
916 0 3 3377 2 17 3
917 1 3 3381 1 10 1
918 1 3 3385 86 791 129
919 1 4 3389 1 9 1
920 1 1 3393 1 9 1
921 1 2 3395 1 10 1
922 0 2 3399 1 9 1
923 0 8 3402 275 1164 412
924 1 1 3406 5 41 7
925 0 13 3409 13 41 19
926 0 3 3413 1 11 1
927 1 2 3417 2 17 3
928 1 9 3420 39 139 58
929 0 3 3424 1 9 1
930 0 2 3428 1 9 1
931 0 3 3432 42 372 63
932 0 31 3436 286 1214 429
933 0 7 3441 1 3 1
934 0 2 3445 20 170 30
935 1 2 3449 70 637 105
936 1 1 3452 320 3146 480
937 0 2 3455 58 523 87
938 1 1 3459 10524 120875 15786
939 1 13 3462 1 4 1
940 0 1 3466 29 252 43
941 1 3 3469 3 25 4
942 0 5 3473 3581 39304 5371
943 0 3 3477 1 9 1
944 1 1 3481 27 233 40
945 0 3 3484 3 25 4
946 1 2 3488 1 9 1
947 0 4 3491 1 9 1
948 0 12 3495 9 27 13
949 1 1 3499 3 25 4
950 1 2 3502 1 9 1
951 1 7 3506 541 2411 811
952 1 2 3510 1 12 1
953 0 5 3514 1 10 1
954 1 1 3518 1 9 1
955 0 1 3521 65749 812154 98623
956 1 1 3524 1 8 1
957 0 3 3527 1 9 1
958 1 3 3531 11 90 16
959 0 4 3535 15 125 22
960 0 5 3539 73 666 109
961 1 1 3543 1 8 1
962 1 13 3546 1 4 1
963 1 1 3550 2357 25403 3535
964 0 4 3553 25 215 37
965 0 5 3557 12 99 18
966 0 5 3561 438 4371 657
967 0 17 3565 18 59 27
968 1 2 3570 52 466 78
969 0 3 3573 2 17 3
970 1 3 3577 1 9 1
971 0 3 3581 1 9 1
972 1 5 3585 1 10 1
973 1 6 3589 4 33 6
974 0 2 3593 2 17 3
975 1 1 3596 2 17 3
976 0 1 3599 71 647 106
977 1 5 3602 1 10 1
978 1 8 3606 3 9 4
