0 0 6 5 1 4 1
1 0 2 22 17 143 25
2 1 1 37 137 1291 205
3 1 5 50 1 3 1
4 1 2 66 95 879 142
5 0 2 80 2475 26732 3712
6 0 14 94 1 3 1
7 0 4 112 4 12 6
8 1 14 128 1 4 1
9 0 2 146 10563 121341 15844
10 1 3 160 1 3 1
11 0 2 176 2343 25245 3514
12 0 4 190 1 4 1
13 1 1 206 8158 92717 12237
14 0 3 219 25 85 37
15 1 2 235 5 41 7
16 0 1 249 1 9 1
17 0 4 260 1 4 1
18 1 4 276 1 3 1
19 1 6 292 4 12 6
20 0 14 309 1 4 1
21 0 4 327 80 305 120
22 1 7 343 1 3 1
23 0 2 360 3066 33426 4599
24 0 3 374 1 3 1
25 0 1 389 2 17 3
26 1 9 402 229 955 343
27 1 5 419 1 3 1
28 0 1 435 80 734 120
29 0 4 448 1035 4835 1552
30 1 2 464 19 161 28
31 0 1 478 1 9 1
32 1 2 491 17 143 25
33 0 9 506 6 18 9
34 0 1 523 1493 15768 2239
35 1 4 533 1018 4750 1527
36 0 2 549 20167 237836 30250
37 0 2 563 34 298 51
38 0 2 577 94 869 141
39 0 3 591 2 17 3
40 0 1 606 37 325 55
41 0 5 618 3 10 4
42 0 1 634 12 99 18
43 0 6 646 1 3 1
44 0 2 662 24 206 36
45 0 15 676 188 772 282
46 1 2 694 1 9 1
47 0 1 708 38184 461846 57276
48 0 1 718 39 344 58
49 0 1 731 92 849 138
50 1 2 740 10 81 15
51 1 1 754 3 25 4
52 0 3 766 2 6 3
53 1 2 781 8994 102633 13491
54 0 2 795 2711 29398 4066
55 1 1 809 15 125 22
56 1 21 822 1 6 1
57 0 6 840 724 3296 1086
58 0 2 856 2 17 3
59 1 16 870 6 18 9
60 1 3 888 38 135 57
61 1 2 903 3 25 4
62 1 1 917 1 11 1
63 0 3 930 7 56 10
64 1 4 945 1 6 1
65 0 1 961 492 4937 738
66 0 3 971 4 12 6
67 1 3 986 2 17 3
68 1 1 1001 259 2520 388
69 0 7 1013 1 5 1
70 0 1 1030 1 13 1
71 1 1 1040 7 56 10
72 1 9 1051 1 4 1
73 1 25 1068 2 7 3
74 1 23 1087 4 12 6
75 0 3 1105 23 78 34
76 1 1 1120 575 5813 862
77 1 5 1132 5 15 7
78 1 4 1148 38 135 57
79 1 56 1164 3 9 4
80 1 5 1183 30 104 45
81 1 3 1199 1196 5644 1794
82 0 4 1214 4 12 6
83 1 3 1230 39 344 58
84 1 4 1245 1 4 1
85 1 13 1261 1 4 1
86 0 2 1279 1 9 1
87 1 5 1293 14 45 21
88 1 3 1309 1 4 1
89 0 3 1324 6 48 9
90 0 7 1339 2 6 3
91 0 3 1356 3 9 4
92 1 35 1371 9 27 13
93 1 6 1390 34 120 51
94 1 5 1407 11 34 16
95 1 1 1423 5 41 7
96 1 1 1435 21 179 31
97 1 3 1447 234743 1518325 352114
98 1 1 1462 11 90 16
99 1 5 1474 1 5 1
100 1 10 1490 22 74 33
101 0 17 1507 22 74 33
102 1 1 1525 470 4706 705
103 0 1 1538 57431 705733 86146
104 0 2 1549 2 17 3
105 0 1 1564 3 25 4
106 1 4 1577 133 530 199
107 1 1 1593 1 10 1
108 1 5 1604 7 21 10
109 0 6 1620 1 4 1
110 1 9 1636 6 18 9
111 0 2 1653 50 447 75
112 0 11 1668 62 231 93
113 1 3 1685 38 135 57
114 0 10 1700 50 183 75
115 0 6 1717 1 3 1
116 1 2 1733 1 12 1
117 1 1 1748 24 206 36
118 0 1 1758 3 25 4
119 1 8 1771 1 3 1
120 0 3 1788 7 56 10
121 1 2 1803 2 17 3
122 1 1 1817 75 685 112
123 1 9 1828 16 52 24
124 1 3 1845 4 33 6
125 1 5 1860 2 7 3
126 1 1 1876 1310 13754 1965
127 0 1 1889 37 325 55
128 0 2 1902 6 48 9
129 0 2 1917 4 33 6
130 1 11 1931 108 423 162
131 1 5 1948 21348 121132 32022
132 0 1 1964 8 64 12
133 0 11 1973 6 18 9
134 1 2 1990 63 570 94
135 1 6 2004 1 5 1
136 1 3 2020 1 3 1
137 1 10 2035 1 3 1
138 0 3 2052 1 4 1
139 1 1 2067 1 9 1
140 1 1 2077 20438 241161 30657
141 0 1 2090 619 6279 928
142 1 1 2103 2 17 3
143 1 7 2116 285 1209 427
144 0 4 2133 19 63 28
145 1 3 2149 2437 26303 3655
146 0 5 2164 1 4 1
147 0 10 2180 2 7 3
148 0 3 2197 1 10 1
149 0 30 2212 1 4 1
150 0 9 2231 1 4 1
151 0 1 2248 3 25 4
152 1 1 2258 1 10 1
153 0 2 2270 4 33 6
154 0 1 2284 121 1133 181
155 0 6 2296 165 670 247
156 0 4 2313 64 239 96
157 1 15 2329 151 609 226
158 0 1 2347 111 1035 166
159 1 2 2360 1 10 1
160 0 4 2375 178 727 267
161 1 19 2391 1 5 1
162 0 2 2409 752 7698 1128
163 1 2 2424 113 1055 169
164 0 1 2438 100 928 150
165 0 9 2451 1 4 1
166 1 2 2468 1 9 1
167 1 5 2483 5 15 7
168 0 11 2499 105 410 157
169 1 8 2516 6373 33610 9559
170 0 32 2533 1 3 1
171 0 8 2552 11 34 16
172 1 7 2569 5 15 7
173 1 7 2586 1 3 1
174 0 1 2603 21 179 31
175 1 1 2612 72205 895100 108307
176 0 41 2625 1 3 1
177 0 1 2644 72 656 108
178 1 6 2656 43 155 64
179 1 5 2672 1 6 1
180 0 2 2688 1 10 1
181 1 2 2702 4 33 6
182 0 4 2717 3 10 4
183 0 1 2733 1 10 1
184 0 2 2745 21 179 31
185 1 1 2760 49 437 73
186 0 8 2773 1 4 1
187 1 5 2790 29 101 43
188 0 11 2806 1 4 1
189 0 1 2823 1156 12069 1734
190 1 4 2834 307 1310 460
191 0 4 2850 24 82 36
192 1 8 2866 14 45 21
193 1 3 2883 12 38 18
194 0 7 2898 244 1023 366
195 0 3 2915 3 10 4
196 1 2 2930 10 81 15
197 0 1 2944 499 5011 748
198 0 4 2957 3 10 4
199 1 26 2973 786 3600 1179
200 0 2 2992 20 170 30
201 1 1 3006 2 17 3
202 0 2 3019 4 33 6
203 1 6 3033 1 4 1
204 1 2 3049 2 17 3
205 0 5 3063 1 3 1
206 1 8 3079 2 7 3
207 0 1 3096 21958 259841 32937
208 1 1 3107 80013 995779 120019
209 1 2 3120 120512 1523145 180768
210 1 2 3134 35 307 52
211 0 6 3148 1 3 1
212 0 15 3165 2 7 3
213 1 3 3183 8 24 12
214 1 2 3198 404 4017 606
215 1 2 3213 18 152 27
216 0 13 3227 1 4 1
217 1 2 3245 1 10 1
218 0 3 3260 103 402 154
219 1 15 3275 4 12 6
220 0 3 3293 10 81 15
221 0 2 3308 3 25 4
222 1 6 3322 74 281 111
223 0 1 3339 25 215 37
224 0 6 3352 15 48 22
225 0 13 3368 1 4 1
226 0 3 3386 20 170 30
227 1 3 3401 1 3 1
228 0 1 3416 55 494 82
229 1 1 3428 35 307 52
230 0 1 3439 327 3218 490
231 1 1 3450 1 10 1
232 1 7 3461 114995 716620 172492
233 0 3 3478 5 15 7
234 1 3 3493 1 3 1
235 0 6 3508 16 52 24
236 1 1 3525 31 270 46
237 1 12 3535 1 5 1
238 0 2 3553 99 918 148
239 1 1 3567 10077 115534 15115
240 1 6 3579 375 1625 562
241 1 2 3596 467 4675 700
242 1 4 3611 1 3 1
