0 0 29 5 16 52 24
1 0 4 10 49 438 73
2 0 2 14 11 90 16
3 0 1 18 1 11 1
4 1 3 21 1 9 1
5 1 5 25 1 10 1
6 1 4 29 1 11 1
7 0 5 33 1 10 1
8 1 4 37 1 9 1
9 0 4 41 1215 12714 1822
10 0 4 45 15 125 22
11 1 2 49 8 64 12
12 0 1 52 1 10 1
13 0 7 55 809 3713 1213
14 0 8 59 58 215 87
15 1 33 63 72 272 108
16 0 1 68 7 56 10
17 0 2 70 1 11 1
18 0 1 74 123 1153 184
19 0 2 76 7 56 10
20 0 4 80 658 6694 987
21 1 2 84 1 9 1
22 1 1 88 2 17 3
23 0 1 91 5 40 7
24 1 3 94 1 12 1
25 0 5 98 1 10 1
26 0 1 102 13555 157311 20332
27 0 5 104 443 4424 664
28 0 1 108 1946 20797 2919
29 0 3 111 1 10 1
30 0 1 115 2422 26134 3633
31 0 4 118 150 1420 225
32 1 11 122 7 21 10
33 0 1 126 1 10 1
34 1 18 129 15 48 22
35 0 4 134 1 9 1
36 1 1 138 38 335 57
37 0 5 141 1 11 1
38 1 3 145 1 10 1
39 0 3 149 348 3435 522
40 0 2 153 1140 11895 1710
41 0 2 157 181 1730 271
42 1 2 161 18 152 27
43 0 4 165 4 33 6
44 1 2 169 8 64 12
45 0 2 172 165 1570 247
46 1 3 176 7 56 10
47 1 7 180 2 6 3
48 0 2 184 4 33 6
49 0 13 188 5 15 7
50 0 9 192 1 4 1
51 0 9 196 1 3 1
52 1 2 200 1 10 1
53 1 5 204 16855 197346 25282
54 0 16 208 69 260 103
55 0 1 212 337 3321 505
56 1 9 215 1 4 1
57 1 9 219 1 3 1
58 0 5 223 1 13 1
59 0 2 227 1 9 1
60 1 2 231 1 11 1
61 1 2 234 2 17 3
62 0 1 238 1155 12058 1732
63 0 6 241 2 17 3
64 0 3 245 16 134 24
65 0 1 249 1 9 1
66 1 3 252 9 73 13
67 0 29 256 1 4 1
68 0 16 261 1 4 1
69 1 5 265 44 391 66
70 0 7 269 1 4 1
71 1 4 273 2186 23482 3279
72 1 3 277 1 11 1
73 1 2 281 16 134 24
74 0 2 285 3 25 4
75 0 1 288 2 17 3
76 0 7 291 55 203 82
77 1 4 295 1 8 1
78 0 3 299 7 56 10
79 1 3 303 41 363 61
80 1 5 307 3 25 4
81 1 3 311 1724 18325 2586
82 1 1 315 1 11 1
83 1 4 318 174 1660 261
84 1 10 322 210 870 315
85 1 1 326 1266 13272 1899
86 0 2 329 87 801 130
87 0 12 333 895 4138 1342
88 1 3 337 611 6194 916
89 1 8 341 72 272 108
90 1 8 345 5 15 7
91 0 2 349 1 10 1
92 0 4 352 1 11 1
93 0 2 356 3998 44089 5997
94 0 5 360 1 9 1
95 0 3 364 1 11 1
96 1 6 368 2 6 3
97 1 9 372 1 4 1
98 0 1 376 15 125 22
99 0 6 379 576 2579 864
100 0 3 383 85 782 127
101 0 1 387 65 590 97
102 0 3 390 1 9 1
103 1 1 394 8797 100293 13195
104 1 5 397 343 3384 514
105 1 2 401 110 1025 165
106 0 1 405 2 17 3
107 0 4 407 3 25 4
108 0 2 411 3 25 4
109 0 2 415 1 9 1
110 1 2 418 234 2265 351
111 0 1 422 10 81 15
112 0 1 425 171 1630 256
113 0 2 428 1 9 1
114 0 3 432 19 161 28
115 1 8 436 2 7 3
116 0 3 440 18 152 27
117 1 2 444 1 10 1
118 1 3 448 1 9 1
119 0 4 452 306315 4006666 459472
120 1 3 456 1 9 1
121 1 7 460 7 21 10
122 1 2 464 47 419 70
123 1 1 468 1 9 1
124 1 1 471 2 17 3
125 1 1 474 5 40 7
126 0 3 477 482 4832 723
127 0 2 481 1 11 1
128 1 1 484 1 10 1
129 0 2 487 7 56 10
130 1 11 490 2 7 3
131 1 5 494 751 7687 1126
132 0 8 498 196 807 294
133 0 1 502 282 2756 423
134 0 10 505 6 18 9
135 0 1 509 1 9 1
136 0 4 512 220 2124 330
137 1 11 516 3 9 4
138 0 1 520 1 10 1
139 1 2 523 633 6428 949
140 0 2 527 14107 163983 21160
141 0 6 530 21864 258685 32796
142 0 2 534 4663 51762 6994
143 1 10 537 2 6 3
144 0 2 541 380 3767 570
145 0 6 545 6 48 9
146 1 3 549 28 243 42
147 0 2 553 1 9 1
148 1 1 557 1 10 1
149 1 11 560 1642 7922 2463
150 1 18 564 136 543 204
151 0 3 569 4708 52283 7062
152 0 2 573 104 967 156
153 0 8 576 212 879 318
154 0 20 580 1 3 1
155 1 3 585 88 811 132
156 0 2 589 1 13 1
157 1 4 593 113 1055 169
158 0 8 597 1 4 1
159 1 3 601 1 9 1
160 0 4 605 15970 186577 23955
161 0 1 609 42772 519635 64158
162 0 2 612 1 9 1
163 1 2 615 1 13 1
164 1 3 618 1 12 1
165 1 10 622 1 4 1
166 0 1 626 1 9 1
167 0 4 629 140 1321 210
168 0 4 633 1 9 1
169 1 2 637 1 11 1
170 1 1 641 1 10 1
171 1 1 644 37 325 55
172 1 2 647 51015 624032 76522
173 0 2 651 1152 12025 1728
174 0 2 655 14 116 21
175 0 3 658 2 17 3
176 1 12 662 1 4 1
177 0 1 666 1 11 1
178 0 11 669 193 794 289
179 0 12 673 74 280 111
180 0 1 677 892 9203 1338
181 0 3 680 2 17 3
182 1 1 684 83973 1046981 125959
183 1 13 687 73 276 109
184 0 2 691 51 457 76
185 1 8 695 10 31 15
186 1 4 699 86 791 129
187 0 2 703 1 9 1
188 0 2 707 20 170 30
189 0 2 711 99 918 148
190 1 2 714 8 64 12
191 1 1 717 1882032 26233588 2823048
192 0 6 720 309 3033 463
193 1 1 724 1 9 1
194 0 3 727 917 9473 1375
195 1 3 731 55 494 82
196 1 5 735 5 41 7
197 1 6 739 24 206 36
198 0 2 743 882 9095 1323
199 1 2 747 3 25 4
200 0 3 751 1 9 1
201 0 3 755 60 542 90
202 1 4 759 2 17 3
203 1 3 763 16 134 24
204 0 6 767 1 10 1
205 0 2 771 1 13 1
206 1 12 774 1 4 1
207 0 6 778 1 9 1
208 0 1 782 19 161 28
209 1 11 785 19 63 28
210 1 1 789 1 9 1
211 1 1 792 112 1045 168
212 1 3 795 1037 10773 1555
213 1 5 799 13 107 19
214 0 6 803 1476 15581 2214
215 1 2 807 185 1770 277
216 1 2 811 10 81 15
217 0 2 815 18 152 27
218 1 2 819 230 2225 345
219 0 12 822 1 4 1
220 1 9 826 2 7 3
221 1 1 830 1 8 1
222 1 3 832 124 1163 186
223 0 4 836 1 9 1
224 1 1 840 1 9 1
225 1 2 843 1 10 1
226 1 1 846 6 48 9
227 0 4 849 4 33 6
228 0 2 853 6279882 91114511 9419823
229 0 3 857 83 763 124
230 0 1 861 21 179 31
231 0 2 864 1 9 1
232 0 4 868 12 99 18
233 0 1 872 1 14 1
234 1 2 874 32 279 48
235 0 6 878 38 135 57
236 0 2 882 288 2817 432
237 0 1 886 20 170 30
238 0 3 889 91 840 136
239 1 2 893 1 10 1
240 0 2 897 9 72 13
241 0 5 900 26 224 39
242 0 1 904 275 2684 412
243 0 2 907 1 10 1
244 1 4 911 1 9 1
245 1 1 915 122 1143 183
246 1 1 918 4957 55169 7435
247 0 3 921 362 3580 543
248 1 7 925 1 4 1
249 1 2 929 1 9 1
250 1 12 932 25257 144718 37885
251 0 2 936 2504 27059 3756
252 0 3 939 18 152 27
253 1 3 943 489 4906 733
254 1 6 947 79 724 118
255 1 1 951 1 9 1
256 1 5 954 36 316 54
257 0 6 958 2 17 3
258 1 1 962 34 297 51
259 0 1 965 8 64 12
260 0 6 968 1 10 1
261 1 2 972 2316 24942 3474
262 0 1 975 4 33 6
263 0 1 978 57968 712587 86952
264 0 1 981 95 879 142
265 0 3 984 45 400 67
266 1 2 988 1 9 1
267 0 2 991 41 363 61
268 0 2 995 1 9 1
269 1 1 998 1 10 1
270 1 2 1001 1 10 1
271 1 5 1005 1 9 1
272 0 6 1009 1 9 1
273 1 8 1013 149177 942488 223765
274 0 1 1017 79 724 118
275 1 6 1020 1 9 1
276 1 4 1024 1 9 1
277 1 5 1028 1 10 1
278 1 4 1032 1 10 1
279 0 18 1036 674 3053 1011
280 1 3 1041 77 705 115
281 1 3 1045 412 4100 618
282 0 2 1049 1 11 1
283 1 11 1053 9049 48773 13573
284 1 3 1057 1 9 1
285 0 3 1061 1 8 1
286 0 1 1065 426438 5644637 639657
287 0 1 1068 1 9 1
288 1 1 1071 31 270 46
289 0 2 1074 1 9 1
290 0 1 1078 1 9 1
291 0 8 1080 50 183 75
292 0 2 1084 1 11 1
293 1 6 1088 1 9 1
294 1 2 1092 13 107 19
295 1 1 1096 21 179 31
296 1 2 1098 2 17 3
297 1 5 1102 1 12 1
298 0 1 1106 1 9 1
299 1 1 1109 4 33 6
300 0 6 1111 8 64 12
301 1 2 1115 12 99 18
302 0 2 1118 53 476 79
303 0 2 1122 6 48 9
304 1 5 1126 1260 13206 1890
305 1 53 1130 7 21 10
306 0 1 1135 1 9 1
307 1 1 1137 1073 11164 1609
308 0 5 1139 1 9 1
309 0 4 1143 1 11 1
310 0 3 1147 3393 37154 5089
311 0 1 1151 1 9 1
312 1 2 1152 4 33 6
313 0 2 1156 1 10 1
314 0 1 1160 8 64 12
315 0 1 1163 1 9 1
316 0 2 1166 1674 17771 2511
317 1 1 1170 39 344 58
318 0 1 1173 244 2367 366
319 1 6 1176 7 56 10
320 0 1 1180 392 3891 588
321 1 7 1183 1 4 1
322 1 1 1187 1 9 1
323 1 3 1189 1 10 1
324 1 4 1193 1 9 1
325 0 2 1197 2358 25414 3537
326 1 18 1201 4 12 6
327 1 1 1206 2 17 3
328 0 32 1208 12 38 18
329 1 1 1213 18027 211642 27040
330 0 3 1216 1 10 1
331 0 2 1220 1 9 1
332 1 1 1224 1 11 1
333 1 1 1227 6 48 9
334 0 1 1229 2 17 3
335 1 2 1232 278835 3634824 418252
336 0 8 1235 1 5 1
337 1 2 1239 1 9 1
338 1 4 1242 1 11 1
339 1 5 1246 12 98 18
340 1 15 1250 4027 20625 6040
341 1 1 1254 178 1700 267
342 1 1 1257 1 9 1
343 1 1 1260 1 9 1
344 1 6 1263 187 1791 280
345 1 4 1267 5 41 7
346 1 3 1271 21 179 31
347 0 2 1275 16 134 24
348 1 2 1279 6 48 9
349 0 7 1282 4 12 6
350 0 4 1286 31 270 46
351 1 6 1290 1 9 1
352 0 5 1294 10 81 15
353 0 2 1298 64 580 96
354 1 2 1301 34 298 51
355 1 1 1305 778 7977 1167
356 0 3 1308 467 4675 700
357 1 2 1312 1 10 1
358 0 8 1316 1 3 1
359 1 5 1320 31272 375290 46908
360 1 5 1324 50 447 75
361 0 1 1328 1 10 1
362 0 17 1329 413 1803 619
363 0 6 1334 1597 16918 2395
364 1 2 1338 158 1500 237
365 0 3 1342 2 17 3
366 0 1 1346 4113 45412 6169
367 1 10 1349 119 470 178
368 1 2 1353 28226 337367 42339
369 0 9 1357 155436 984147 233154
370 0 7 1361 22 74 33
371 0 2 1365 1 11 1
372 0 2 1369 119 1114 178
373 1 54 1372 2 7 3
374 1 5 1377 12 99 18
375 0 3 1381 1 9 1
376 1 2 1385 3 25 4
377 1 1 1388 7 56 10
378 1 3 1391 111 1035 166
379 0 4 1395 17 143 25
380 1 14 1399 1 4 1
381 0 4 1403 138 1301 207
382 1 2 1407 136 1282 204
383 1 1 1411 1 10 1
384 0 1 1413 1 11 1
385 1 3 1416 1 9 1
386 1 5 1420 13 108 19
387 1 14 1424 1850 8998 2775
388 0 1 1428 1 9 1
389 0 3 1431 1 10 1
390 1 4 1435 4080 45032 6120
391 1 2 1439 1545 16343 2317
392 0 3 1442 364 3601 546
393 0 4 1446 6 48 9
394 0 2 1450 1 9 1
395 0 4 1453 1 9 1
396 1 20 1457 6 18 9
397 1 9 1462 6858 36334 10287
398 1 3 1466 1 9 1
399 0 8 1470 1 3 1
400 0 3 1474 40 353 60
401 1 13 1478 1 3 1
402 0 1 1482 25 215 37
403 0 2 1485 122 1143 183
404 0 1 1489 57 513 85
405 1 3 1492 1694 17992 2541
406 0 1 1496 39 344 58
407 0 2 1499 3 25 4
408 0 2 1502 569598 7617594 854397
409 1 5 1505 40 353 60
410 1 4 1509 10 81 15
411 1 5 1513 1 11 1
412 0 4 1517 8 64 12
413 0 2 1521 1 11 1
414 0 8 1524 587 2632 880
415 0 10 1528 119 470 178
416 1 4 1532 37 325 55
417 0 14 1536 242 1014 363
418 0 3 1540 153 1450 229
419 1 2 1544 1 9 1
420 1 13 1547 2 7 3
421 1 1 1551 1 10 1
422 1 5 1553 1 9 1
423 0 4 1557 39 344 58
424 0 12 1561 1 3 1
425 1 1 1565 1 12 1
426 0 5 1568 58 523 87
427 0 3 1572 43 381 64
428 0 3 1576 1 11 1
429 1 2 1580 7 56 10
430 1 4 1584 1 10 1
431 1 4 1588 5 40 7
432 1 5 1592 1 10 1
433 0 3 1596 404 4016 606
434 1 2 1600 176 1680 264
435 1 2 1603 489 4906 733
436 1 5 1607 55508 681208 83262
437 0 5 1611 3 25 4
438 0 1 1615 1 9 1
439 0 3 1618 4 33 6
440 0 1 1622 4 33 6
441 0 1 1625 82 753 123
442 1 4 1628 10 81 15
443 0 17 1632 1 4 1
444 0 9 1637 1 4 1
445 0 20 1641 624 2810 936
446 0 2 1646 66 599 99
447 1 9 1650 1 3 1
448 1 2 1654 1 8 1
449 1 1 1658 26 224 39
450 1 2 1661 1172 12244 1758
451 0 1 1665 16 134 24
452 1 2 1668 1 12 1
453 0 4 1672 1 10 1
454 0 1 1676 2 17 3
455 0 8 1678 3 9 4
456 1 3 1682 7 56 10
457 1 2 1686 40691 493393 61036
458 1 2 1690 28 242 42
459 0 1 1693 4 33 6
460 1 2 1695 122 1143 183
461 0 6 1699 749 7666 1123
462 1 2 1703 1 9 1
463 1 2 1707 4 32 6
464 0 1 1710 7 56 10
465 1 4 1713 4 33 6
466 1 2 1717 54 485 81
467 0 2 1720 5 40 7
468 1 3 1724 1 10 1
469 1 3 1728 1579 16718 2368
470 0 8 1732 58734 352949 88101
471 1 1 1736 292 2858 438
472 1 3 1739 803 8245 1204
473 0 5 1743 20 170 30
474 1 1 1747 1 12 1
475 1 5 1750 86 791 129
476 1 2 1754 680 6929 1020
477 1 12 1758 498 2205 747
478 1 33 1762 15 48 22
479 0 3 1767 290 2838 435
480 1 1 1771 175579 2250390 263368
481 0 1 1774 1 10 1
482 0 1 1777 26 224 39
483 1 2 1780 10955 126033 16432
484 1 6 1784 3216 35134 4824
485 1 15 1788 212 878 318
486 1 6 1792 361 3570 541
487 0 2 1796 52 466 78
488 0 48 1799 3 9 4
489 0 2 1804 14 116 21
490 1 2 1808 1 10 1
491 1 5 1812 7 56 10
492 1 9 1816 10 31 15
493 1 1 1820 1 10 1
494 0 88 1823 42 151 63
495 1 2 1828 471977 6270075 707965
496 0 5 1831 1 9 1
497 1 3 1835 18 152 27
498 1 3 1839 1 9 1
499 0 1 1843 790 8105 1185
500 0 5 1846 206 1982 309
501 1 5 1850 1 10 1
502 1 2 1854 48 428 72
503 1 2 1858 200 1922 300
504 0 1 1862 1 10 1
505 1 3 1865 4 33 6
506 0 1 1869 1 10 1
507 1 42 1872 1 4 1
508 0 6 1877 1 12 1
509 0 7 1881 11912 65289 17868
510 1 3 1885 12097 139739 18145
511 0 2 1889 5 40 7
512 0 8 1892 19 63 28
513 0 31 1896 50932 303661 76398
514 0 7 1901 1 4 1
515 1 5 1905 5053 56283 7579
516 1 2 1909 9 73 13
517 0 8 1912 1927 9399 2890
518 1 1 1916 2 17 3
519 0 9 1919 176 718 264
520 0 2 1923 1286 13491 1929
521 1 1 1927 1 9 1
522 1 2 1930 1 10 1
523 0 1 1934 2925 31824 4387
524 1 1 1937 444 4434 666
525 1 5 1940 29852 357592 44778
526 1 2 1944 1 11 1
527 1 3 1948 5 40 7
528 1 3 1952 20 170 30
529 1 5 1956 223 2154 334
530 1 3 1960 5 41 7
531 0 5 1964 2 17 3
532 1 1 1968 4 33 6
533 0 2 1971 80 733 120
534 1 2 1975 10 81 15
535 0 1 1979 1 9 1
536 1 1 1982 3 25 4
537 1 1 1985 31267 375227 46900
538 1 1 1988 1 9 1
539 0 5 1991 1 9 1
540 1 3 1995 3 25 4
541 0 6 1999 12 99 18
542 0 8 2003 29 101 43
543 1 2 2007 13 107 19
544 0 3 2010 2 17 3
545 1 4 2014 122 1143 183
546 0 1 2018 1 10 1
547 0 1 2021 1 9 1
548 1 13 2024 135 539 202
549 1 11 2028 1 4 1
550 0 1 2032 1 10 1
551 0 21 2035 1 3 1
552 0 5 2040 1098 11437 1647
553 0 3 2044 1 8 1
554 0 9 2048 1 3 1
555 1 3 2052 58162 715064 87243
556 0 5 2056 576 5824 864
557 1 2 2060 1 10 1
558 0 1 2063 1 12 1
559 1 1 2066 24 206 36
560 1 2 2069 6725 75816 10087
561 0 1 2072 1 9 1
562 1 2 2075 3670 40323 5505
563 0 3 2079 20 170 30
564 1 41 2083 1 3 1
565 1 7 2088 2 6 3
566 0 11 2092 24880 142434 37320
567 1 4 2096 1 11 1
568 1 3 2100 1 9 1
569 1 1 2104 92 850 138
570 0 3 2107 1 9 1
571 0 9 2111 2 6 3
572 1 4 2115 1 11 1
573 0 2 2119 1 9 1
574 1 1 2122 24 206 36
575 1 7 2125 1 4 1
576 1 9 2129 1 4 1
577 0 2 2133 109 1015 163
578 1 1 2136 20 170 30
579 0 2 2139 1 11 1
580 1 3 2143 2631 28493 3946
581 1 3 2147 1 9 1
582 0 24 2151 7 21 10
583 1 4 2156 6277 70561 9415
584 1 1 2160 1 9 1
585 1 5 2163 1 9 1
586 0 9 2167 15 48 22
587 1 6 2171 1 9 1
588 1 3 2175 1600 16951 2400
589 1 2 2179 5 41 7
590 1 1 2183 408 4058 612
591 0 5 2186 2 17 3
592 1 2 2190 1 9 1
593 0 1 2194 2 17 3
594 0 1 2197 68 618 102
595 0 6 2199 12 98 18
596 1 15 2203 940 4361 1410
597 1 4 2207 1 9 1
598 1 24 2211 1 3 1
599 0 4 2216 18 152 27
600 0 1 2220 1 11 1
601 1 1 2222 1 9 1
602 1 3 2225 1 10 1
603 0 40 2229 3 10 4
604 1 1 2234 1 9 1
605 0 3 2237 66 599 99
606 1 2 2241 1 10 1
607 0 1 2244 10 81 15
608 0 20 2246 20 67 30
609 0 6 2251 101 937 151
610 0 4 2255 1 11 1
611 0 2 2259 1 10 1
612 1 2 2263 1 12 1
613 1 2 2267 2 17 3
614 1 1 2271 4 33 6
615 1 2 2274 180 1720 270
616 0 4 2278 7560 85648 11340
617 0 2 2282 1 10 1
618 0 2 2286 1 10 1
619 1 2 2289 35 307 52
620 0 2 2292 12 99 18
621 0 1 2296 88 811 132
622 1 2 2299 1 9 1
623 0 3 2303 5 41 7
624 1 3 2307 5 41 7
625 1 2 2311 84 772 126
626 1 1 2314 1 9 1
627 0 1 2317 1 10 1
628 1 2 2320 35 307 52
629 1 2 2323 18 152 27
630 1 1 2327 298 2920 447
631 0 1 2330 712 7270 1068
632 1 1 2333 1 9 1
633 0 5 2336 929 9603 1393
634 1 5 2340 2789 30281 4183
635 0 51 2344 9 27 13
636 1 1 2349 1 10 1
637 1 2 2352 1 9 1
638 0 8 2356 2 7 3
639 1 1 2360 5 40 7
640 1 383 2363 8 24 12
641 1 2 2368 208 2002 312
642 0 24 2372 2 7 3
643 0 2 2377 6 48 9
644 1 7 2381 139 556 208
645 1 3 2385 6 48 9
646 1 3 2389 3 25 4
647 0 6 2393 1 3 1
648 0 3 2397 1 9 1
649 0 2 2401 11 90 16
650 1 10 2405 1189 5609 1783
651 1 2 2409 1 11 1
652 0 4 2413 1 11 1
653 0 2 2417 15 125 22
654 1 2 2420 32 279 48
655 1 5 2424 1 9 1
656 0 2 2428 23 197 34
657 1 1 2431 1 10 1
658 1 8 2434 566 2531 849
659 1 3 2438 2 17 3
660 0 4 2442 36 316 54
661 1 4 2446 15 125 22
662 1 3 2450 5276 58874 7914
663 0 2 2454 205 1972 307
664 1 2 2458 1 9 1
665 1 3 2461 117 1094 175
666 1 3 2465 1 12 1
667 1 2 2469 3 25 4
668 1 4 2473 1 12 1
669 1 2 2477 1 14 1
670 1 3 2481 621 6301 931
671 0 1 2485 1 12 1
672 0 5 2488 1 8 1
673 0 1 2492 149 1411 223
674 1 4 2494 1 9 1
675 0 1 2498 1 11 1
676 0 1 2501 265 2581 397
677 0 4 2504 1 10 1
678 0 1 2508 1 9 1
679 1 4 2510 327 3218 490
680 0 4 2514 401 3985 601
681 0 2 2518 14 116 21
682 1 1 2522 2 17 3
683 1 1 2525 6 48 9
684 1 2 2528 1 10 1
685 0 2 2532 41 363 61
686 1 5 2536 1 9 1
687 0 3 2540 11 90 16
688 0 74 2544 1 3 1
689 1 1 2549 1 9 1
690 0 2 2552 1 11 1
691 1 1 2556 1 10 1
692 0 1 2559 1 9 1
693 0 12 2562 1 3 1
694 1 4 2566 220 2124 330
695 0 16 2570 28 97 42
696 1 10 2574 1 4 1
697 1 1 2578 8 64 12
698 0 4 2581 6 48 9
699 0 1 2585 1 9 1
700 0 24 2588 6 18 9
701 1 5 2593 37 326 55
702 0 2 2597 1 9 1
703 1 13 2601 1545 7422 2317
704 0 3 2605 2 17 3
705 1 2 2609 1 10 1
706 1 5 2613 3 25 4
707 1 5 2617 199 1911 298
708 1 11 2621 1 4 1
709 1 1 2625 682 6950 1023
710 1 1 2628 288 2817 432
711 0 2 2631 106 986 159
712 0 5 2635 184 1760 276
713 0 1 2639 309 3033 463
714 1 5 2642 1 9 1
715 0 5 2646 2 17 3
716 0 1 2650 1 9 1
717 1 1 2653 87 801 130
718 0 2 2655 1 10 1
719 1 5 2659 92 849 138
720 0 7 2663 403 1756 604
721 1 4 2667 34 298 51
722 1 1 2671 2 17 3
723 1 4 2674 25 215 37
724 0 3 2678 9 73 13
725 0 2 2682 1 10 1
726 0 2 2686 2 17 3
727 0 5 2690 485 4864 727
728 1 4 2694 31 270 46
729 0 3 2698 1 9 1
730 0 2 2702 1 9 1
731 1 3 2705 872 8987 1308
732 1 6 2709 5 40 7
733 1 1 2713 1 9 1
734 0 1 2716 6 48 9
735 0 2 2719 38 334 57
736 1 3 2723 2 17 3
737 0 42 2727 1 8 1
738 0 9 2732 27202 156531 40803
739 0 5 2736 1 10 1
740 0 2 2740 1 9 1
741 1 3 2744 1 10 1
742 1 6 2748 2 17 3
743 0 1 2752 1 9 1
744 1 12 2755 1 5 1
745 1 52 2759 547 2439 820
746 0 9 2764 27 93 40
747 0 4 2768 655 6662 982
748 0 1 2772 1 11 1
749 1 9 2775 4 12 6
750 0 5 2779 174 1660 261
751 0 3 2783 3 25 4
752 1 2 2787 1 9 1
753 1 8 2791 5 15 7
754 1 6 2795 1 9 1
755 1 2 2799 67 609 100
756 0 3 2802 8 64 12
757 0 4 2806 3072 33494 4608
758 0 12 2810 38 135 57
759 1 16 2814 501 2220 751
760 0 2 2818 375 3715 562
761 0 4 2821 2146109 30047841 3219163
762 0 3 2825 49 438 73
763 0 2 2829 1 10 1
764 1 1 2832 1 9 1
765 1 1 2835 64 580 96
766 1 5 2838 15 125 22
767 1 6 2842 6 48 9
768 1 2 2846 1 10 1
769 1 12 2850 18 59 27
770 0 1 2854 1000 10372 1500
771 0 3 2857 13 107 19
772 0 1 2861 6863 77438 10294
773 1 4 2864 429 4277 643
774 0 8 2868 1 4 1
775 0 4 2872 2 17 3
776 1 1 2876 42 372 63
777 1 2 2879 7 56 10
778 0 2 2883 18 152 27
779 1 4 2886 22 188 33
780 0 11 2890 68 256 102
781 0 2 2894 473 4738 709
782 1 5 2898 2 17 3
783 1 4 2902 71 647 106
784 0 8 2906 36 127 54
785 0 3 2910 113 1055 169
786 0 7 2914 1 3 1
787 0 2 2918 31 270 46
788 1 8 2921 1 3 1
789 1 3 2925 1 9 1
790 0 2 2929 1 8 1
791 0 1 2933 247 2398 370
792 0 4 2936 656 6673 984
793 0 4 2940 35 307 52
794 0 4 2944 1 9 1
795 0 3 2948 251 2439 376
796 0 3 2952 21 179 31
797 0 1 2956 2127 22821 3190
798 0 2 2959 87 801 130
799 0 4 2963 1 10 1
800 1 1 2967 499 5011 748
801 1 1 2970 1 9 1
802 0 7 2973 4 12 6
803 1 2 2977 15 125 22
804 1 7 2981 291 1237 436
805 1 1 2985 1 9 1
806 1 2 2988 1 9 1
807 1 1 2992 1 12 1
808 1 13 2995 318 1361 477
809 1 3 2999 1 9 1
810 0 46 3003 309 1319 463
811 1 2 3008 3714 40828 5571
812 1 3 3012 120 1123 180
813 0 1 3016 1 12 1
814 1 8 3019 5432 28360 8148
815 1 15 3023 7 21 10
816 1 4 3027 14 116 21
817 1 5 3031 436 4350 654
818 0 1 3035 9 73 13
819 1 1 3038 9945 113958 14917
820 0 1 3041 2939 31982 4408
821 0 2 3044 17 143 25
822 0 2 3047 4 33 6
823 1 2 3050 97 898 145
824 0 25 3053 3 10 4
825 1 4 3058 96 889 144
826 1 4 3062 59 532 88
827 1 1 3066 211 2033 316
828 0 1 3069 5 40 7
829 1 3 3072 112 1045 168
830 0 5 3076 63 571 94
831 0 4 3080 24 206 36
832 0 20 3084 1 3 1
833 1 3 3089 2 17 3
834 0 3 3093 6 48 9
835 0 1 3097 2915 31710 4372
836 1 20 3100 3 10 4
837 1 3 3105 4 32 6
838 1 1 3109 3 25 4
839 1 12 3112 1 3 1
840 0 16 3116 50 183 75
841 0 10 3121 1 4 1
842 1 1 3125 3 25 4
843 1 3 3128 2 17 3
844 0 9 3132 1 3 1
845 0 23 3136 202 834 303
846 0 5 3141 3 25 4
847 0 11 3145 4 12 6
848 0 11 3149 2 6 3
849 1 2 3153 6 48 9
850 1 2 3157 163 1550 244
851 1 4 3161 2709 29375 4063
852 0 5 3165 40 353 60
853 0 3 3169 1 11 1
854 0 11 3173 27 93 40
855 1 9 3177 32 112 48
856 0 2 3181 165221 2112880 247831
857 0 9 3185 4416 22753 6624
858 1 7 3189 2 6 3
859 1 98 3193 1148 5402 1722
860 0 2 3198 8770 99972 13155
861 0 8 3202 628 2829 942
862 0 1 3206 574 5802 861
863 0 4 3209 1 11 1
864 0 1 3213 75 685 112
865 1 2 3216 1 11 1
866 1 2 3219 1 8 1
867 0 2 3222 1 9 1
868 1 6 3226 70 637 105
869 0 1 3230 7 56 10
870 1 1 3233 711 7259 1066
871 0 6 3236 31 108 46
872 0 1 3240 43 381 64
873 1 1 3243 1 9 1
874 0 4 3246 1 12 1
875 1 3 3250 1 9 1
876 1 3 3254 1780 18948 2670
877 1 3 3258 516 5190 774
878 0 3 3262 22 188 33
879 1 3 3266 8 64 12
880 1 1 3270 7 56 10
881 0 8 3273 14 45 21
882 1 5 3277 5 40 7
883 1 1 3281 1 9 1
884 0 7 3284 501 2220 751
885 1 1 3288 15966 186528 23949
886 0 3 3291 24239 287967 36358
887 0 5 3295 2016 21579 3024
888 0 2 3299 692 7057 1038
889 1 5 3302 29 251 43
890 0 5 3306 2291 24661 3436
891 0 1 3310 5 41 7
892 1 1 3313 1 9 1
893 0 2 3316 801 8223 1201
894 0 22 3320 1 4 1
895 1 3 3325 94 869 141
896 1 1 3329 3 25 4
897 1 7 3332 41 147 61
898 1 7 3336 1 4 1
899 0 2 3340 1 11 1
900 1 11 3344 5930 31132 8895
901 1 2 3348 1 9 1
902 1 5 3352 1 9 1
903 0 6 3356 10 81 15
904 1 6 3360 374461 4933610 561691
905 0 17 3364 22 74 33
906 0 1 3369 347 3425 520
907 0 10 3372 21 70 31
908 1 1 3376 3 25 4
909 0 1 3379 940 9722 1410
910 0 7 3382 15 48 22
911 0 1 3386 21 179 31
912 0 4 3388 276 2694 414
913 1 4 3392 5 41 7
914 1 6 3396 62 561 93
915 1 5 3400 81 743 121
916 1 1 3404 62 561 93
917 0 1 3407 1 11 1
918 1 10 3409 3 9 4
919 0 1 3413 4 33 6
920 1 1 3416 1 9 1
921 0 2 3419 1682 17859 2523
922 0 2 3423 27 233 40
923 1 1 3426 3 25 4
924 1 9 3429 96 372 144
925 0 3 3433 3 25 4
926 1 3 3437 1 9 1
927 0 10 3441 60 223 90
928 1 3 3445 6 48 9
929 1 1 3449 16 134 24
930 0 4 3452 722 7377 1083
931 0 1 3456 7 56 10
932 1 1 3459 1 9 1
933 1 11 3462 684 3101 1026
934 1 3 3466 12 99 18
935 1 7 3470 5 15 7
936 1 4 3474 2 17 3
937 1 1 3478 5 41 7
938 1 4 3481 95 879 142
939 1 2 3485 2705 29330 4057
940 0 1 3489 6 48 9
941 0 5 3491 1 10 1
942 1 1 3495 7328520 106864455 10992780
943 1 2 3498 3890 42847 5835
944 1 2 3501 1 10 1
945 1 2 3504 1 15 1
946 0 8 3507 484 2139 726
947 1 4 3511 1 9 1
948 1 6 3515 526 5295 789
949 0 1 3519 7 56 10
950 0 1 3522 582 5887 873
951 0 1 3525 1 9 1
952 1 6 3527 1 10 1
953 1 2 3531 4 33 6
954 0 1 3535 64 580 96
955 1 2 3538 716 7313 1074
956 0 1 3542 1 9 1
957 0 1 3545 14 116 21
958 1 8 3547 9 27 13
959 0 1 3551 6 48 9
960 1 3 3554 5 40 7
961 0 7 3558 1 5 1
962 1 4 3562 1 10 1
963 1 1 3566 8 64 12
964 1 2 3569 1 9 1
965 1 9 3573 52 191 78
966 1 1 3577 610 6184 915
967 0 5 3580 2 17 3
968 0 4 3584 1 9 1
969 1 1 3588 6 48 9
970 0 3 3591 1 9 1
971 0 10 3595 2 7 3
972 0 3 3599 1 10 1
973 0 1 3603 1 11 1
974 1 43 3606 78 297 117
