0 0 24 5 4 12 6
1 0 9 24 6 18 9
2 0 16 41 1 3 1
3 0 5 59 1 9 1
4 0 11 75 233 973 349
5 1 1 93 37 325 55
6 0 6 106 1 10 1
7 1 6 123 1 9 1
8 0 1 140 1 9 1
9 1 2 153 1 9 1
10 1 5 167 24 206 36
11 0 4 183 1694 17993 2541
12 0 7 199 1 5 1
13 0 5 216 138 1301 207
14 0 2 232 1 10 1
15 1 1 247 18 152 27
16 1 4 260 361 3570 541
17 1 2 276 44 390 66
18 1 8 291 888 4103 1332
19 1 2 308 452 4518 678
20 0 1 323 1 9 1
21 1 2 336 1 10 1
22 0 2 350 18162 213291 27243
23 0 2 364 2 17 3
24 0 4 378 1 9 1
25 1 6 394 123 1153 184
26 0 1 410 250 2428 375
27 0 2 421 17060 199844 25590
28 1 2 435 4 33 6
29 0 3 449 1 9 1
30 1 5 464 75 685 112
31 1 1 480 170 1620 255
32 0 2 493 1 10 1
33 0 2 508 1 9 1
34 1 1 522 1 10 1
35 1 1 535 1633 17316 2449
36 0 4 545 1 9 1
37 1 14 561 109 427 163
38 1 2 579 93110 1165451 139665
39 0 1 593 1 10 1
40 1 5 606 1 9 1
41 1 4 622 1 10 1
42 1 4 638 155 1470 232
43 0 2 654 1 9 1
44 1 1 668 1 10 1
45 1 1 672 7905 89724 11857
46 1 6 685 1 9 1
47 1 1 701 5 40 7
48 0 2 714 1 9 1
49 1 3 729 214 2063 321
50 0 4 744 25805 307335 38707
51 0 6 760 1 13 1
52 1 1 776 88 811 132
53 1 1 788 1 9 1
54 1 1 798 4 33 6
55 1 5 811 54 485 81
56 1 4 827 1 9 1
57 1 2 843 1 10 1
58 0 12 857 13 41 19
59 0 3 875 3 25 4
60 0 1 890 2 17 3
61 1 8 901 3351 16959 5026
62 1 5 918 284 2776 426
63 0 1 934 1 9 1
64 1 1 947 8 64 12
65 0 18 960 80 305 120
66 1 3 978 30 261 45
67 1 3 993 42 372 63
68 1 2 1008 1242 13009 1863
69 1 7 1022 1 4 1
70 1 4 1039 2 17 3
71 1 1 1055 618 6269 927
72 0 4 1066 2 17 3
73 1 6 1082 1 9 1
74 0 2 1099 201 1932 301
75 1 11 1112 1834 8915 2751
76 1 3 1129 1 9 1
77 0 1 1144 22493 266428 33739
78 1 2 1157 1990 21288 2985
79 0 5 1171 1 9 1
80 0 11 1187 235 982 352
81 0 1 1205 12 99 18
82 0 3 1218 1 9 1
83 0 1 1233 6 48 9
84 0 1 1244 220 2123 330
85 0 1 1257 19 161 28
86 1 9 1270 146 587 219
87 1 7 1287 734508 5028247 1101762
88 1 2 1304 2273 24458 3409
89 1 4 1318 2 17 3
90 1 3 1334 1 9 1
91 0 1 1350 1 9 1
92 0 4 1363 9 73 13
93 1 10 1379 1 4 1
94 1 2 1396 77 704 115
95 1 2 1410 1 13 1
96 1 22 1424 1 3 1
97 1 1 1442 20 170 30
98 0 3 1454 1 10 1
99 1 2 1469 59 532 88
100 0 1 1483 1 9 1
101 0 23 1496 247 1036 370
102 0 18 1514 1 4 1
103 1 17 1532 1 4 1
104 1 2 1550 1 11 1
105 0 4 1564 1 10 1
106 1 1 1580 1 11 1
107 1 2 1592 2 17 3
108 1 14 1607 2794 13972 4191
109 1 3 1625 1 9 1
110 0 44 1640 140 561 210
111 0 1 1659 1 9 1
112 0 1 1671 1 11 1
113 0 2 1683 55 494 82
114 1 3 1697 6 48 9
115 0 2 1712 5 41 7
116 0 1 1727 1 9 1
117 1 3 1740 86 791 129
118 0 5 1755 235 2276 352
119 0 6 1771 15 125 22
120 1 3 1788 1 9 1
121 0 10 1803 56 207 84
122 0 3 1820 4 33 6
123 0 3 1835 1141 11906 1711
124 0 11 1850 1 4 1
125 1 2 1867 2 17 3
126 1 7 1881 22 74 33
127 0 2 1898 1 10 1
128 1 1 1912 1 9 1
129 1 1 1924 37 326 55
130 0 5 1937 1 9 1
131 0 1 1953 181 1730 271
132 1 4 1966 50502 617515 75753
133 0 6 1982 2 17 3
134 0 43 1998 1 4 1
135 1 4 2017 26 224 39
136 1 6 2033 1 12 1
137 0 1 2049 1 10 1
138 0 4 2060 1 9 1
139 0 4 2076 2 17 3
140 0 5 2092 1 8 1
141 0 3 2108 95 879 142
142 1 2 2123 1 10 1
143 1 3 2136 2 17 3
144 0 1 2152 8821 100578 13231
145 0 6 2165 1 9 1
146 0 5 2181 1 11 1
147 0 2 2197 3 25 4
148 1 4 2212 78 714 117
149 0 18 2228 9183 49540 13774
150 0 7 2246 1 5 1
151 1 2 2263 20 170 30
152 0 1 2277 15 125 22
153 1 1 2289 1 10 1
154 1 14 2301 8 24 12
155 0 1 2319 1 10 1
156 1 20 2330 2 7 3
157 0 2 2348 3 25 4
158 0 1 2362 1 9 1
159 0 2 2374 40 353 60
160 0 7 2389 1 4 1
161 0 2 2406 551 5559 826
162 1 1 2420 1 9 1
163 0 1 2432 1636 17349 2454
164 1 3 2442 7829 88825 11743
165 0 1 2457 44 391 66
166 1 7 2470 13658 75477 20487
167 0 3 2487 35 307 52
168 1 2 2503 1 11 1
169 0 8 2518 2 7 3
170 1 8 2535 34 120 51
171 1 2 2552 57 513 85
172 0 5 2566 1 10 1
173 1 1 2582 1 14 1
174 0 2 2595 1 12 1
175 1 3 2609 1 9 1
176 1 9 2624 2 7 3
177 1 2 2641 1 11 1
178 0 3 2655 1099 11448 1648
179 0 3 2670 294 2878 441
180 0 9 2685 1168 5503 1752
181 0 4 2702 1 9 1
182 1 6 2718 20 170 30
183 1 1 2734 14 116 21
184 0 7 2747 254 1068 381
185 1 3 2764 1 9 1
186 0 2 2780 8960 102229 13440
187 1 3 2794 148000 1884948 222000
188 1 6 2809 1669 17715 2503
189 0 3 2825 1 10 1
190 1 2 2840 691 7046 1036
191 0 2 2855 1 10 1
192 0 5 2869 48 428 72
193 0 3 2885 239 2316 358
194 1 2 2900 1 9 1
195 1 7 2915 1 4 1
196 0 1 2932 961 9949 1441
197 1 1 2944 316 3105 474
198 1 29 2955 24 81 36
199 1 1 2974 18 152 27
200 1 3 2987 12 99 18
201 0 7 3002 1 4 1
202 0 12 3019 5 15 7
203 1 5 3037 1 11 1
204 0 8 3053 1 5 1
205 0 1 3070 3 25 4
206 0 5 3083 1 10 1
207 0 2 3099 1 9 1
208 1 4 3113 9 73 13
209 0 1 3129 1 9 1
210 0 27 3142 107 419 160
211 0 8 3161 11677 63924 17515
212 1 2 3178 1 11 1
213 0 2 3192 2 17 3
214 1 1 3207 94 869 141
215 1 1 3220 3 25 4
216 0 2 3232 4112 45400 6168
217 0 3 3246 1 9 1
218 0 5 3261 16 134 24
219 0 3 3277 41 363 61
220 0 1 3292 1 13 1
221 1 1 3305 364 3601 546
222 1 3 3318 4 33 6
223 1 3 3333 9349 106856 14023
224 1 4 3348 1 10 1
225 1 3 3364 1 9 1
226 1 3 3379 1 9 1
227 0 5 3394 62 561 93
228 1 2 3410 1 12 1
229 0 2 3424 1 11 1
230 1 2 3438 1 10 1
231 0 4 3452 8 64 12
232 1 1 3468 1 8 1
233 0 2 3480 1 9 1
234 0 2 3493 274 2674 411
235 1 5 3507 45 400 67
236 0 3 3523 15 125 22
237 0 2 3538 20 170 30
238 0 2 3553 14 116 21
239 1 4 3567 1778 18925 2667
240 1 2 3583 19 161 28
241 1 4 3597 11 90 16
242 0 2 3613 31 270 46
