0 1 1 5 1 9 1
1 0 24 7 1 3 1
2 0 8 12 8368 44886 12552
3 1 5 17 24 82 36
4 0 2 21 47 419 70
5 1 3 24 77 704 115
6 0 1 28 5720 64048 8580
7 0 1 31 1 9 1
8 1 2 34 10 81 15
9 1 3 37 2746 13716 4119
10 1 3 41 1 9 1
11 0 1 45 22 188 33
12 1 11 48 1 4 1
13 0 6 53 1948 9509 2922
14 1 10 57 1 4 1
15 0 2 62 509324 6784566 763986
16 1 4 65 8 24 12
17 0 2 69 2 17 3
18 0 3 72 131994 828579 197991
19 1 2 76 223 2154 334
20 1 3 79 19574 230566 29361
21 1 27 83 1 5 1
22 1 1 89 468 4685 702
23 1 1 91 7 56 10
24 0 2 94 6318 71041 9477
25 0 3 97 1 9 1
26 0 2 101 408 4058 612
27 0 3 104 1 3 1
28 0 1 108 1 12 1
29 1 3 110 1 10 1
30 1 2 114 3 25 4
31 0 3 117 1 5 1
32 0 1 121 1454 15338 2181
33 1 4 124 5 15 7
34 1 3 128 7451 39681 11176
35 1 3 132 1 4 1
36 0 3 136 1 3 1
37 1 6 140 42 151 63
38 1 1 144 1 12 1
39 1 1 146 3 25 4
40 1 1 147 4 33 6
41 1 3 150 90 347 135
42 0 2 154 463571 6154464 695356
43 0 4 157 72 272 108
44 1 8 161 288 1223 432
45 0 2 166 11 90 16
46 1 1 169 192 1841 288
47 1 6 171 4 12 6
48 1 15 175 1709 8268 2563
49 1 6 180 14 45 21
50 1 1 184 9548 109225 14322
51 1 1 186 241 2337 361
52 1 4 188 108 423 162
53 1 3 192 1 3 1
54 0 4 196 15 48 22
55 0 1 200 1 8 1
56 1 16 202 17 55 25
57 0 6 207 1 4 1
58 1 2 211 1 9 1
59 1 3 214 1 11 1
60 1 1 218 2 17 3
61 0 2 220 1 9 1
62 0 1 223 3 25 4
63 0 3 225 8 24 12
64 1 9 229 6 18 9
65 1 7 234 10 31 15
66 0 1 239 2 17 3
67 1 3 242 1 10 1
68 0 2 246 111 1035 166
69 0 2 249 3 25 4
70 0 1 252 98 908 147
71 1 6 255 32 112 48
72 0 2 259 3 25 4
73 1 13 262 2 7 3
74 0 2 267 64 580 96
75 0 8 270 1 4 1
76 1 1 275 1 11 1
77 1 10 277 3661 18635 5491
78 1 4 282 18 59 27
79 0 5 286 30 104 45
80 1 5 290 697 3164 1045
81 0 9 294 28 97 42
82 0 27 299 3 10 4
83 0 2 305 22 188 33
84 1 6 308 1 5 1
85 1 1 312 2 17 3
86 0 4 314 192 789 288
87 0 7 318 1 4 1
88 0 1 322 1 10 1
89 1 4 324 1406 6711 2109
90 1 45 328 1 4 1
91 1 2 334 1 9 1
92 1 1 337 1760 18725 2640
93 1 2 339 73 666 109
94 0 6 342 48 175 72
95 0 9 346 106 415 159
96 0 2 351 1 10 1
97 0 7 354 1 4 1
98 0 4 358 2 6 3
99 0 2 362 61 551 91
100 1 2 365 5053 56283 7579
101 1 1 368 1 9 1
102 1 1 370 3 25 4
103 1 2 373 16 134 24
104 0 7 376 292 1241 438
105 1 1 380 2 17 3
106 0 5 383 1 4 1
107 0 3 387 127 505 190
108 0 22 391 1 4 1
109 1 27 396 33478 194947 50217
110 1 2 402 1 9 1
111 1 5 405 1 6 1
112 0 4 409 1 4 1
113 0 2 413 1 13 1
114 0 5 416 86 330 129
115 0 4 420 3 9 4
116 1 1 424 107 996 160
117 0 2 427 53 475 79
118 1 2 430 45 400 67
119 0 1 433 185 1770 277
120 1 5 436 9 27 13
121 0 4 440 1 4 1
122 1 5 444 221 919 331
123 0 1 448 22 188 33
124 1 2 450 1 9 1
125 0 3 453 31 108 46
126 0 8 457 1 4 1
127 1 1 462 133 1252 199
128 0 1 465 12 99 18
129 0 5 467 1 3 1
130 0 1 471 1 11 1
131 0 4 473 1 3 1
132 1 41 477 24 82 36
133 1 1 483 1 10 1
134 1 6 486 1 4 1
135 1 2 490 6 48 9
136 1 1 493 1 10 1
137 0 1 495 4 33 6
138 1 3 497 3 10 4
139 0 2 501 1 9 1
140 1 3 504 1 4 1
141 0 4 508 36 128 54
142 0 3 512 7 21 10
143 1 3 516 1 4 1
144 1 1 520 18 152 27
145 1 4 522 62 231 93
146 0 1 526 16 134 24
147 1 2 529 1 9 1
148 1 6 532 2 7 3
149 1 1 536 1 9 1
150 0 2 537 5 40 7
151 0 1 540 763 7816 1144
152 1 3 543 1 10 1
153 0 9 547 11 34 16
154 0 1 552 11 90 16
155 0 1 554 1 9 1
156 0 11 556 3316 16770 4974
157 1 12 561 341 1467 511
158 0 1 566 1 9 1
159 0 2 568 1 12 1
160 0 9 571 1 4 1
161 0 2 576 1 8 1
162 0 6 579 1 4 1
163 1 2 583 1 9 1
164 0 2 586 1 12 1
165 0 14 589 4114 21100 6171
166 1 4 594 1 5 1
167 1 3 598 17 56 25
168 0 2 602 1 9 1
169 0 6 605 1 3 1
170 1 10 609 112 440 168
171 1 3 614 63 235 94
172 0 9 618 615 2767 922
173 1 3 623 1 4 1
174 0 4 627 279 1182 418
175 0 10 631 1 4 1
176 1 8 636 391 1700 586
177 1 2 641 290 2837 435
178 0 3 644 29 252 43
179 1 12 648 5 15 7
180 0 2 653 1 11 1
181 0 1 656 119 1114 178
182 1 7 658 1 5 1
183 0 42 662 1 4 1
184 1 2 668 98953 1241436 148429
185 1 9 671 3 9 4
186 1 4 676 242 1014 363
187 1 8 680 1 4 1
188 0 2 685 1 10 1
189 1 1 688 1 9 1
190 0 3 689 18 59 27
191 1 1 693 60 542 90
192 1 6 696 1 4 1
193 1 3 700 472 4727 708
194 0 2 704 1365 14359 2047
195 0 16 707 1 4 1
196 0 2 712 69 627 103
197 0 2 715 2 17 3
198 1 3 718 1 3 1
199 0 4 722 1 4 1
200 1 7 726 1 4 1
201 0 4 731 301 1282 451
202 1 1 735 1 9 1
203 1 7 736 1 3 1
204 1 1 741 3 25 4
205 0 21 744 1 5 1
206 1 6 749 1970 9623 2955
207 1 5 753 1 6 1
208 0 1 757 351 3466 526
209 0 1 759 1 9 1
210 1 3 760 1 3 1
211 1 2 764 1 9 1
212 0 5 767 5 15 7
213 0 3 771 2 17 3
214 0 7 775 4 12 6
215 0 4 780 1 4 1
216 0 1 784 2 17 3
217 1 2 787 4 33 6
218 0 2 790 1 10 1
219 0 5 793 50 183 75
220 1 2 797 1 10 1
221 0 5 800 1 6 1
222 0 2 804 1 9 1
223 1 2 807 1 9 1
224 0 1 810 6 48 9
225 1 4 812 2 6 3
226 1 5 816 1 4 1
227 1 2 820 1 13 1
228 0 88 823 1 4 1
229 1 1 829 4 33 6
230 0 1 831 3 25 4
231 0 12 833 33 116 49
232 1 5 838 4 12 6
233 0 3 842 1 4 1
234 1 2 846 13 107 19
235 0 3 849 24 82 36
236 1 2 853 2743 29760 4114
237 1 5 856 68 256 102
238 1 6 860 888 4103 1332
239 0 4 864 277448 1809897 416172
240 0 2 868 54 485 81
241 1 35 871 45 163 67
242 0 2 877 3052 33267 4578
243 1 1 880 6 48 9
244 0 1 882 1 10 1
245 1 25 884 1 3 1
246 1 5 889 5010 26022 7515
247 0 1 893 1 9 1
248 1 2 896 53477 655340 80215
249 1 1 899 1 12 1
250 0 2 900 1 9 1
251 1 4 903 1 6 1
252 0 6 907 188 772 282
253 0 30 911 48 175 72
254 1 1 917 50590 618633 75885
255 1 5 919 7 21 10
256 1 5 923 3 10 4
257 0 6 927 6 18 9
258 0 8 931 1 4 1
259 1 13 936 106 415 159
260 1 5 941 14 45 21
261 1 2 945 1 9 1
262 0 7 948 1 4 1
263 0 5 952 122 483 183
264 0 44 956 2 7 3
265 1 4 962 1 6 1
266 1 3 966 624 2810 936
267 0 5 970 166 674 249
268 0 3 974 3 25 4
269 0 3 977 7 21 10
270 1 1 981 163 1550 244
271 0 4 984 3742 19075 5613
272 1 5 988 1 4 1
273 0 7 992 32 112 48
274 1 4 996 9 27 13
275 0 18 1000 28 97 42
276 0 1 1005 165522 2116872 248283
277 1 1 1008 17 143 25
278 1 1 1010 1 11 1
279 1 1 1013 440 4392 660
280 0 3 1014 1 5 1
281 1 11 1018 1 3 1
282 0 14 1023 457 2011 685
283 1 4 1028 1 4 1
284 0 2 1032 2 17 3
285 0 1 1035 270 2633 405
286 0 7 1037 8 24 12
287 0 2 1041 24 206 36
288 1 3 1044 1 4 1
289 1 3 1048 6 18 9
290 0 5 1052 106 415 159
291 0 6 1056 1 4 1
292 1 3 1060 1 4 1
293 1 26 1064 645 2912 967
294 1 3 1070 1 4 1
295 0 3 1074 1 3 1
296 0 10 1078 1 4 1
297 1 3 1083 1 4 1
298 1 6 1087 1 4 1
299 0 1 1091 4026 44411 6039
300 1 3 1093 261 1100 391
301 0 11 1097 23 78 34
302 1 16 1102 87 335 130
303 1 16 1107 27 93 40
304 1 1 1112 1 9 1
305 1 2 1113 102 947 153
306 0 2 1116 9 73 13
307 0 1 1119 21 179 31
308 1 2 1121 337 3321 505
309 0 2 1124 24 206 36
310 1 3 1127 1 9 1
311 0 2 1131 1 12 1
312 0 1 1134 2 17 3
313 0 1 1137 1 11 1
314 0 17 1140 1 4 1
315 0 1 1145 1106 11524 1659
316 1 1 1148 5 40 7
317 0 11 1151 547 2440 820
318 1 1 1156 87 801 130
319 1 3 1159 1 4 1
320 0 6 1163 1 3 1
321 0 4 1167 64 239 96
322 1 2 1171 82 753 123
323 0 4 1174 11 34 16
324 0 3 1178 1 9 1
325 1 3 1182 1 4 1
326 1 3 1186 364 1574 546
327 0 4 1190 30 104 45
328 1 1 1194 1 8 1
329 1 2 1197 1 10 1
330 0 2 1200 1 9 1
331 1 3 1203 1 9 1
332 0 30 1207 10 31 15
333 1 3 1213 151 609 226
334 0 12 1217 39 139 58
335 1 1 1222 54 485 81
336 1 6 1224 1 3 1
337 0 2 1228 1 11 1
338 0 2 1231 21 179 31
339 0 12 1234 2956 14837 4434
340 0 6 1239 1 4 1
341 1 2 1243 32 279 48
342 0 3 1246 30 104 45
343 1 4 1250 341 1467 511
344 0 1 1254 96 889 144
345 0 2 1257 38 334 57
346 0 41 1260 1 3 1
347 1 3 1266 170 692 255
348 0 2 1270 7 56 10
349 1 2 1273 1 9 1
350 0 8 1276 1986 9707 2979
351 0 2 1281 1 10 1
352 0 2 1284 9 73 13
353 1 1 1287 3 25 4
354 1 2 1289 1 10 1
355 1 3 1292 1 11 1
356 1 4 1296 169 687 253
357 0 2 1300 1 9 1
358 0 4 1303 17 56 25
359 1 3 1307 5 15 7
360 1 2 1311 214 2063 321
361 0 5 1314 30 104 45
362 1 4 1318 1 4 1
363 0 1 1322 27 233 40
364 0 2 1324 1 8 1
365 1 1 1327 16 134 24
366 0 11 1328 1 4 1
367 1 3 1333 87 334 130
368 1 2 1337 8 64 12
369 0 6 1340 43 155 64
370 0 4 1344 344 1481 516
371 0 2 1348 1 10 1
372 0 6 1351 2 7 3
373 1 4 1355 6 18 9
374 0 5 1359 4 12 6
375 0 5 1363 1 4 1
376 1 4 1367 115 453 172
377 1 2 1371 1169 12211 1753
378 1 1 1374 106 986 159
379 1 2 1376 5 40 7
380 0 1 1379 571 5771 856
381 0 2 1381 26430 315078 39645
382 1 6 1384 1 4 1
383 0 11 1388 8 24 12
384 0 6 1393 54 199 81
385 0 2 1397 16 134 24
386 1 2 1400 1 9 1
387 1 1 1403 5304 59200 7956
388 1 19 1405 797 3654 1195
389 1 2 1410 72 656 108
390 0 1 1413 1 9 1
391 1 2 1415 1 9 1
392 1 3 1418 24 82 36
393 1 3 1422 25 85 37
394 1 17 1426 741 3379 1111
395 0 15 1431 23 78 34
396 0 3 1436 4 12 6
397 0 5 1440 11225 61303 16837
398 0 4 1444 9 27 13
399 1 2 1448 1 11 1
400 0 1 1451 287 2807 430
401 0 1 1454 3 25 4
402 0 3 1456 163 661 244
403 1 1 1460 1 12 1
404 1 2 1462 3 25 4
405 1 6 1465 1 5 1
406 0 6 1469 124 491 186
407 1 1 1473 1493 15768 2239
408 1 1 1476 1320 13864 1980
409 0 1 1478 5 40 7
410 0 1 1480 10 81 15
411 0 2 1482 1 9 1
412 0 1 1485 815 8374 1222
413 0 1 1487 19 161 28
414 0 4 1489 1 5 1
415 0 6 1493 8 24 12
416 1 1 1497 76 695 114
417 0 2 1500 1444 15228 2166
418 1 4 1503 1 5 1
419 1 7 1507 3 10 4
420 0 1 1511 1 9 1
421 1 1 1513 4922 54763 7383
422 1 5 1515 1 4 1
423 0 7 1519 3 10 4
424 0 2 1523 1 10 1
425 0 1 1526 85 782 127
426 1 1 1528 1473 15548 2209
427 1 1 1531 747 7645 1120
428 0 23 1534 4 13 6
429 1 5 1539 2 6 3
430 0 3 1543 1 3 1
431 1 5 1547 1 4 1
432 1 2 1551 13 107 19
433 1 1 1554 1354770 18673446 2032155
434 1 5 1557 1960 9571 2940
435 1 1 1561 1 10 1
436 1 22 1563 2760 13791 4140
437 1 1 1568 159 1510 238
438 0 8 1570 97 377 145
439 0 2 1575 32 279 48
440 1 2 1578 72 656 108
441 0 1 1581 11 90 16
442 0 1 1583 126157 1597224 189235
443 0 2 1585 6 48 9
444 1 25 1588 16260 90796 24390
445 1 8 1593 1373 6542 2059
446 1 1 1598 2 17 3
447 1 7 1600 1 4 1
448 1 5 1604 22 74 33
449 0 1 1608 11 90 16
450 0 3 1611 4 13 6
451 0 12 1615 2357 11654 3535
452 0 1 1620 4 33 6
453 1 1 1622 7 56 10
454 1 2 1624 1 13 1
455 0 4 1627 90 347 135
456 0 2 1631 771 7902 1156
457 0 20 1634 24 81 36
458 1 1 1639 6370 71651 9555
459 1 1 1641 5105 56887 7657
460 1 3 1643 105 410 157
461 0 4 1647 196 807 294
462 0 1 1651 5 40 7
463 0 23 1654 5 15 7
464 0 2 1659 1 11 1
465 1 6 1662 1 5 1
466 0 1 1666 1 9 1
467 1 4 1668 1 4 1
468 1 1 1672 227 2194 340
469 0 2 1674 8216 93403 12324
470 0 8 1677 263 1109 394
471 1 2 1682 1 11 1
472 1 12 1685 1 4 1
473 1 2 1690 7892 89570 11838
474 0 1 1693 3 25 4
475 0 6 1695 5 15 7
476 0 25 1699 435929 2908949 653893
477 1 2 1704 2 17 3
478 0 6 1707 3 9 4
479 0 2 1711 1986 21243 2979
480 1 1 1714 1 9 1
481 0 1 1716 6 48 9
482 0 3 1717 1 10 1
483 0 1 1720 1 11 1
484 1 2 1722 4 33 6
485 0 5 1725 75 284 112
486 1 22 1729 2 7 3
487 1 3 1734 1077 5045 1615
488 1 3 1738 1 5 1
489 0 7 1742 1 5 1
490 0 2 1746 29 251 43
491 0 1 1749 2 17 3
492 0 1 1752 1 9 1
493 0 3 1754 23 78 34
494 1 1 1758 1 9 1
495 0 1 1760 3453 37839 5179
496 1 12 1762 1946 9498 2919
497 1 1 1767 23 197 34
498 1 2 1769 4 33 6
499 1 2 1772 1 9 1
500 1 6 1775 1 3 1
501 1 3 1779 1 12 1
502 0 1 1783 14 116 21
503 0 2 1785 2 17 3
504 0 3 1788 62 231 93
505 0 2 1792 28 242 42
506 0 1 1795 471 4717 706
507 1 2 1798 1 9 1
508 1 5 1801 1264 5989 1896
509 0 5 1805 11 34 16
510 0 1 1809 1 12 1
511 0 1 1812 1 8 1
512 0 1 1815 482 4832 723
513 0 2 1818 1 9 1
514 0 3 1821 20 67 30
515 1 2 1825 24 206 36
516 0 3 1828 2 17 3
517 1 5 1832 5513 28810 8269
518 0 1 1836 12 99 18
519 0 1 1839 1 9 1
520 0 1 1841 11 90 16
521 1 4 1843 1 4 1
522 1 3 1847 28 242 42
523 0 4 1850 1 5 1
524 0 3 1854 7 21 10
525 0 5 1858 16 52 24
526 0 1 1862 5 40 7
527 1 15 1865 1 4 1
528 0 2 1870 1 11 1
529 0 2 1873 879 9063 1318
530 0 1 1876 1 10 1
531 1 3 1879 15 48 22
532 0 3 1883 21 179 31
533 1 10 1887 25 85 37
534 0 1 1892 1160 12113 1740
535 1 2 1895 2 17 3
536 1 4 1898 1 3 1
537 1 3 1902 29 251 43
538 0 1 1906 1 10 1
539 1 7 1908 1 4 1
540 1 2 1913 6 48 9
541 0 1 1916 5 40 7
542 0 4 1919 5 15 7
543 0 3 1923 1 3 1
544 0 4 1927 19 63 28
545 0 2 1931 2 17 3
546 0 6 1934 59 219 88
547 1 14 1938 7 21 10
548 0 8 1943 232 968 348
549 1 4 1948 66 248 99
550 0 11 1952 1 4 1
551 1 11 1957 5 15 7
552 1 5 1962 1 4 1
553 1 2 1966 610 6184 915
554 1 2 1969 283 2766 424
555 1 2 1972 27 233 40
556 1 5 1975 8 24 12
557 0 11 1979 243 1018 364
558 1 2 1984 16826 196993 25239
559 1 19 1987 28 97 42
560 0 5 1992 5 15 7
561 1 7 1996 1 3 1
562 0 3 2001 792 8127 1188
563 1 2 2005 6 48 9
564 0 2 2008 30 261 45
565 0 4 2011 4 13 6
566 0 1 2015 1 9 1
567 1 10 2017 528 2349 792
568 1 2 2022 1 10 1
569 0 2 2025 11 90 16
570 1 1 2028 6732 75898 10098
571 0 2 2030 1 10 1
572 0 1 2033 23 197 34
573 1 2 2035 1 8 1
574 1 2 2038 13 108 19
575 1 3 2041 3407 17261 5110
576 0 2 2045 2 17 3
577 0 2 2048 61 551 91
578 0 4 2051 4 12 6
579 1 8 2055 14 45 21
580 0 1 2060 1 10 1
581 1 2 2062 1 9 1
582 0 3 2065 1 5 1
583 0 1 2069 3108 33904 4662
584 0 49 2072 5 15 7
585 1 3 2078 1 4 1
586 0 3 2082 16 52 24
587 0 3 2086 2 17 3
588 0 1 2090 1 9 1
589 0 2 2093 46 409 69
590 0 2 2096 1 11 1
591 1 2 2099 1 10 1
592 0 70 2102 1 4 1
593 1 2 2108 1 8 1
594 0 2 2111 25 215 37
595 0 1 2114 1052 10936 1578
596 0 8 2117 13 41 19
597 0 8 2122 3 9 4
598 1 4 2127 2254 11111 3381
599 0 4 2131 19 63 28
600 0 6 2135 2 7 3
601 1 5 2139 16 52 24
602 0 2 2143 72 656 108
603 1 2 2146 89 821 133
604 0 2 2149 1 8 1
605 1 4 2152 2 7 3
606 0 4 2156 2810 14057 4215
607 1 2 2160 4 32 6
608 1 15 2163 29 101 43
609 0 5 2168 20 67 30
610 1 2 2172 1 10 1
611 0 3 2175 2 6 3
612 1 3 2179 9 27 13
613 0 1 2183 1 12 1
614 1 13 2186 228236 1474113 342354
615 0 3 2191 53 195 79
616 1 3 2195 3 9 4
617 1 3 2199 13 41 19
618 1 4 2203 7 21 10
619 0 1 2207 220 2124 330
620 1 4 2209 14 45 21
621 1 1 2213 1 8 1
622 1 1 2216 5 40 7
623 1 8 2218 25 85 37
624 1 3 2223 1 4 1
625 1 3 2227 1 4 1
626 1 1 2231 64 580 96
627 0 1 2233 7 56 10
628 0 1 2236 1 9 1
629 0 8 2239 3 9 4
630 1 10 2244 1 5 1
631 0 2 2249 3 25 4
632 1 4 2252 463 2039 694
633 0 2 2256 25866 308091 38799
634 0 1 2259 14 116 21
635 0 2 2262 24 206 36
636 1 4 2265 99 385 148
637 0 13 2269 1 4 1
638 0 3 2274 731 3330 1096
639 1 4 2278 6 18 9
640 0 1 2282 18 152 27
641 1 2 2284 2 17 3
642 0 2 2287 1 9 1
643 1 13 2290 53 195 79
644 1 1 2295 753350 10174660 1130025
645 1 2 2297 29291 350609 43936
646 0 1 2300 4 33 6
647 0 4 2303 9 27 13
648 1 1 2307 2 17 3
649 1 3 2310 25 215 37
650 0 4 2314 1 3 1
651 0 3 2318 630 2839 945
652 0 12 2322 721 3282 1081
653 0 1 2327 1 9 1
654 0 1 2329 1 9 1
655 1 5 2332 5 15 7
656 1 1 2336 11 90 16
657 1 1 2339 1 9 1
658 1 3 2342 1 5 1
659 1 2 2346 550 5549 825
660 1 2 2349 800 8213 1200
661 0 15 2352 9 27 13
662 1 2 2357 24 206 36
663 0 12 2360 1 3 1
664 0 2 2365 1 10 1
665 1 5 2368 1 6 1
666 0 1 2372 7 56 10
667 1 11 2374 25 85 37
668 0 3 2379 1 9 1
669 0 1 2383 1 9 1
670 1 3 2384 89 343 133
671 1 11 2388 1 5 1
672 0 27 2393 1 5 1
673 0 6 2399 354 1527 531
674 1 4 2403 34 120 51
675 1 2 2407 2 17 3
676 1 7 2410 2339 11559 3508
677 0 2 2415 11944 137900 17916
678 0 1 2418 8074 91723 12111
679 0 1 2421 3826 42112 5739
680 0 1 2423 1 9 1
681 0 3 2426 208 860 312
682 1 15 2430 2 7 3
683 1 1 2435 2 17 3
684 0 1 2438 13 108 19
685 1 9 2440 77 293 115
686 0 9 2445 249 1045 373
687 1 2 2450 13259 153737 19888
688 1 4 2453 1 4 1
689 0 4 2457 658 2975 987
690 1 6 2461 116 457 174
691 0 10 2465 1 3 1
692 0 3 2470 13263 73166 19894
693 1 14 2474 2 6 3
694 0 17 2479 1 4 1
695 1 2 2484 4 33 6
696 1 2 2487 53 475 79
697 0 11 2490 1 3 1
698 1 1 2495 10905 125434 16357
699 1 3 2497 10865 59220 16297
700 0 5 2501 1 3 1
701 0 24 2505 59 219 88
702 1 1 2510 6 48 9
703 1 2 2513 22 188 33
704 1 1 2516 169 1610 253
705 1 1 2519 97 898 145
706 1 1 2521 45 400 67
707 0 5 2523 1 4 1
708 1 11 2527 1 4 1
709 1 3 2532 2 7 3
710 1 4 2536 1168 5503 1752
711 0 1 2540 4133 45642 6199
712 0 1 2543 50 447 75
713 1 2 2545 2 17 3
714 1 3 2548 25 215 37
715 1 1 2552 1 10 1
716 0 2 2554 1 9 1
717 1 3 2557 348 3435 522
718 0 3 2561 1413 6747 2119
719 0 14 2565 96 372 144
720 1 7 2570 16 52 24
721 0 1 2574 6 48 9
722 0 1 2576 1 11 1
723 0 11 2578 46 167 69
724 0 1 2583 42 372 63
725 0 3 2586 5 15 7
726 1 1 2590 76 695 114
727 0 5 2592 3 10 4
728 1 1 2596 5 40 7
729 0 1 2599 2 17 3
730 1 26 2601 1 3 1
731 1 24 2606 1021 4765 1531
732 0 4 2611 1 4 1
733 0 1 2615 13 107 19
734 0 1 2618 1016 10545 1524
735 0 6 2619 1 4 1
736 1 9 2623 1089 5105 1633
737 1 3 2628 1673 17760 2509
738 0 2 2632 7 56 10
739 0 4 2635 1 5 1
740 0 2 2639 1 8 1
741 0 10 2642 1 3 1
742 1 3 2647 8 64 12
743 0 1 2651 3 25 4
744 0 6 2654 46 167 69
745 0 1 2658 14338 166779 21507
746 0 8 2661 26 89 39
747 1 1 2666 1 13 1
748 0 5 2669 783 3585 1174
749 1 4 2673 1 4 1
750 0 3 2677 1 3 1
751 0 2 2681 2904 31585 4356
752 0 3 2684 3 9 4
753 0 11 2688 1 4 1
754 1 2 2693 33 288 49
755 0 11 2696 12 38 18
756 1 8 2701 14 45 21
757 0 2 2706 2 17 3
758 1 4 2709 75 285 112
759 0 3 2713 1 4 1
760 1 6 2717 2 7 3
761 1 3 2721 1 3 1
762 1 2 2725 19 161 28
763 0 1 2728 72 656 108
764 0 2 2731 3 25 4
765 1 11 2734 15 48 22
766 0 1 2739 1 10 1
767 0 2 2742 7 56 10
768 0 12 2745 1 3 1
769 0 2 2750 720 7356 1080
770 1 1 2753 14 116 21
771 0 1 2756 324 3187 486
772 1 8 2759 1 5 1
773 0 6 2764 8 24 12
774 1 1 2768 107 996 160
775 0 21 2770 14559 80765 21838
776 0 1 2775 165 1570 247
777 0 1 2777 219 2113 328
778 1 1 2779 42 372 63
779 0 3 2782 2 6 3
780 1 1 2786 2 17 3
781 1 1 2788 26 224 39
782 1 6 2791 103 402 154
783 1 3 2795 17 56 25
784 0 1 2799 24 206 36
785 0 1 2801 715 7302 1072
786 0 3 2804 7 56 10
787 0 4 2808 1 3 1
788 0 2 2812 1685497 23406161 2528245
789 0 3 2815 1409 14843 2113
790 0 10 2819 1 4 1
791 0 1 2824 2 17 3
792 0 7 2827 47 171 70
793 0 1 2831 1 9 1
794 0 3 2833 3335 16873 5002
795 1 1 2837 1 9 1
796 0 10 2839 5 15 7
797 1 22 2844 12389 68065 18583
798 1 7 2849 23 78 34
799 0 11 2853 1 3 1
800 1 2 2858 1 10 1
801 0 13 2861 60119 361736 90178
802 1 4 2866 22 74 33
803 1 1 2870 1 9 1
804 0 5 2872 5 15 7
805 0 5 2876 542 2416 813
806 1 1 2880 29 252 43
807 1 3 2882 1 4 1
808 1 9 2886 1 5 1
809 0 3 2891 51 187 76
810 0 5 2895 371 1607 556
811 0 15 2899 436 1911 654
812 0 6 2904 4 12 6
813 1 3 2908 29989 173537 44983
814 1 2 2912 1 13 1
815 0 2 2915 2 17 3
816 1 5 2918 1 5 1
817 0 44 2922 3 10 4
818 1 2 2928 1 10 1
819 0 1 2931 1 9 1
820 1 11 2933 1612 7767 2418
821 1 7 2938 441 1935 661
822 1 2 2942 8 64 12
823 0 6 2945 12 38 18
824 1 8 2949 173 705 259
825 0 41 2954 2877 14415 4315
826 1 1 2960 1 9 1
827 0 3 2962 4 13 6
828 0 2 2966 1 10 1
829 0 11 2969 1 4 1
830 0 7 2974 1 4 1
831 1 1 2979 390 3871 585
832 1 3 2982 627 6364 940
833 0 3 2986 42 372 63
834 1 19 2990 3280 16577 4920
835 0 2 2995 489 4906 733
836 0 9 2998 1 4 1
837 1 1 3003 2 17 3
838 0 4 3006 1 3 1
839 1 1 3010 27 233 40
840 1 2 3013 2 17 3
841 0 4 3016 1 4 1
842 1 1 3020 1 13 1
843 0 11 3023 2 7 3
844 0 11 3028 24 82 36
845 0 3 3033 108 423 162
846 0 2 3037 430 4288 645
847 1 10 3040 1 3 1
848 1 4 3045 1 4 1
849 0 2 3049 90 830 135
850 1 7 3052 1 4 1
851 1 10 3056 1 5 1
852 1 1 3061 1 9 1
853 1 3 3064 34110 410750 51165
854 1 1 3068 482 4833 723
855 1 1 3071 9 73 13
856 0 2 3073 2619 28357 3928
857 0 10 3076 1 3 1
858 0 3 3081 13 41 19
859 0 3 3085 2 6 3
860 0 3 3089 1 10 1
861 0 1 3093 9440 107939 14160
862 0 1 3094 7 56 10
863 1 16 3096 42220 249097 63330
864 1 1 3101 1 9 1
865 1 10 3102 1 5 1
866 1 9 3107 1 4 1
867 1 1 3112 67 608 100
868 0 6 3114 2 7 3
869 1 6 3118 2 7 3
870 1 2 3122 2173 23336 3259
871 0 4 3125 3 9 4
872 0 6 3129 2821 14116 4231
873 1 86 3133 11 34 16
874 1 4 3139 1 4 1
875 0 2 3143 1 9 1
876 0 1 3146 1 9 1
877 0 7 3149 3675 18711 5512
878 1 6 3154 2 6 3
879 0 1 3158 1 10 1
880 1 1 3160 4604 51079 6906
881 1 1 3161 1 10 1
882 1 2 3164 799722 10823552 1199583
883 1 2 3167 246 2388 369
884 1 2 3170 156 1480 234
885 0 2 3173 20 170 30
886 1 1 3176 1 9 1
887 0 5 3178 1 4 1
888 0 5 3182 6 18 9
889 1 2 3186 4 33 6
890 0 7 3189 1132 5322 1698
891 0 7 3194 3 9 4
892 1 2 3198 1 9 1
893 1 1 3201 93 860 139
894 0 2 3203 46 409 69
895 0 2 3206 900 9290 1350
896 0 5 3209 64 239 96
897 1 2 3213 1 9 1
898 1 1 3216 1 11 1
899 1 1 3217 1 10 1
900 0 7 3219 1 4 1
901 0 12 3224 130188 816648 195282
902 0 1 3229 1 8 1
903 1 6 3232 1 3 1
904 1 2 3236 130 1222 195
905 1 3 3239 1 6 1
906 1 7 3243 10 31 15
907 1 3 3247 1 5 1
908 1 2 3251 521 5243 781
909 1 1 3254 1 9 1
910 0 1 3255 1 10 1
911 1 7 3258 3 9 4
912 1 1 3262 519 5221 778
913 0 1 3265 311 3053 466
914 0 2 3267 1 11 1
915 0 2 3270 92 850 138
916 1 2 3273 2 17 3
917 0 26 3276 14 45 21
918 1 6 3281 1 3 1
919 0 1 3285 130 1222 195
920 0 3 3288 1 3 1
921 1 1 3292 5 41 7
922 0 1 3293 24 206 36
923 1 2 3296 888 9160 1332
924 1 2 3299 1 9 1
925 1 8 3302 1 4 1
926 0 5 3307 4 13 6
927 1 1 3311 1 11 1
928 1 6 3313 312 1333 468
929 1 3 3317 1226 5796 1839
930 0 2 3321 397 3944 595
931 1 2 3324 1 10 1
932 1 1 3327 1 9 1
933 0 6 3330 2 7 3
934 0 2 3334 502 5043 753
935 1 7 3337 1 3 1
936 1 5 3342 1 4 1
937 1 2 3346 1 9 1
938 1 1 3349 1 11 1
939 1 10 3352 1 4 1
940 0 1 3357 1604 16995 2406
941 0 2 3360 24 206 36
942 1 1 3363 5 41 7
943 0 4 3365 33 116 49
944 0 4 3369 143 574 214
945 0 3 3373 1 9 1
946 1 1 3377 1 9 1
947 0 4 3379 4 12 6
948 1 1 3383 1 11 1
949 0 4 3385 142 569 213
950 0 3 3389 13 41 19
951 1 20 3393 1 4 1
952 0 4 3398 1 5 1
953 0 1 3402 1 9 1
954 1 8 3405 1 5 1
955 1 1 3410 17 143 25
956 0 11 3412 1 4 1
957 1 2 3417 9 73 13
958 1 2 3420 41 363 61
959 0 4 3423 13473 74394 20209
960 1 2 3427 31 270 46
961 1 2 3430 4472 49553 6708
962 1 3 3433 1 12 1
963 0 5 3437 1 4 1
964 1 6 3441 1556 7479 2334
965 0 7 3445 194610 1246662 291915
966 1 2 3450 249 2418 373
967 0 34 3453 1 4 1
968 1 2 3459 7 56 10
969 0 2 3462 12 98 18
970 0 3 3465 157 1490 235
971 0 3 3469 1 3 1
972 0 2 3473 1 9 1
973 1 4 3476 16 52 24
974 0 4 3480 134 535 201
975 1 2 3484 1 11 1
976 0 3 3487 1 3 1
977 0 8 3491 1 4 1
978 0 7 3496 16 52 24
979 1 1 3501 1 8 1
980 1 1 3503 3 25 4
981 1 2 3505 1 9 1
982 1 2 3508 1 10 1
983 1 14 3511 1 5 1
984 1 2 3516 1 13 1
985 1 7 3519 539 2401 808
986 0 5 3523 5 15 7
987 1 9 3527 1 4 1
988 1 2 3532 30162 361453 45243
989 0 1 3535 1 10 1
990 1 10 3537 6837 36216 10255
991 0 1 3542 1 9 1
992 0 1 3545 7 56 10
993 0 8 3548 1 4 1
994 1 2 3553 1 9 1
995 0 23 3556 3 9 4
996 1 9 3561 1 4 1
997 1 3 3566 617 2776 925
998 1 4 3570 9 27 13
999 0 1 3574 2 17 3
1000 0 2 3577 1 9 1
1001 0 1 3580 1 9 1
1002 1 1 3582 1 10 1
1003 1 1 3584 31 270 46
1004 1 5 3585 1 3 1
1005 0 3 3589 14 116 21
1006 1 2 3593 37756 456468 56634
1007 1 2 3596 1 9 1
1008 0 1 3599 1 11 1
1009 1 16 3601 295 1255 442
1010 1 1 3606 212 2043 318
