0 0 4 5 1 9 1
1 1 7 13 1 4 1
2 0 2 22 80 734 120
3 1 1 28 138 1302 207
4 1 5 33 1 10 1
5 0 2 41 202 1942 303
6 1 2 47 232 2246 348
7 0 4 54 1 11 1
8 0 5 62 1 9 1
9 1 7 70 1 4 1
10 1 3 79 10 81 15
11 0 2 86 15927 186054 23890
12 1 1 92 38 335 57
13 1 11 96 2 7 3
14 0 1 106 1 9 1
15 1 7 111 1 4 1
16 0 4 120 4 32 6
17 0 6 128 256 1077 384
18 0 3 137 103 957 154
19 0 1 144 3 25 4
20 1 1 149 273 2663 409
21 0 14 155 5 15 7
22 1 1 165 18 152 27
23 1 4 169 7 56 10
24 1 1 177 10 81 15
25 0 3 182 1 9 1
26 0 1 189 2 17 3
27 0 3 191 567 5728 850
28 1 2 198 921 9516 1381
29 1 14 205 16699 93395 25048
30 0 5 215 1 9 1
31 1 17 223 68 256 102
32 0 4 233 1 9 1
33 1 1 241 1 9 1
34 0 1 246 6 48 9
35 0 27 250 4 12 6
36 0 2 261 7 56 10
37 1 2 268 35 307 52
38 1 7 275 3 10 4
39 0 2 284 1 12 1
40 1 1 290 2 17 3
41 0 7 294 1 4 1
42 0 5 303 75 685 112
43 0 7 311 141 565 211
44 1 4 320 6 48 9
45 1 29 328 148 596 222
46 0 3 339 2 17 3
47 0 1 346 1774 18881 2661
48 1 3 349 89 821 133
49 0 4 356 114 1065 171
50 0 3 364 15 125 22
51 0 6 372 4 33 6
52 1 2 381 1 9 1
53 1 1 387 20 170 30
54 0 3 392 10 81 15
55 1 1 399 4754 52815 7131
56 1 3 403 113 1055 169
57 0 1 411 60 542 90
58 0 1 417 19 161 28
59 0 1 422 1 10 1
60 0 1 427 2 17 3
61 1 1 433 14 116 21
62 0 1 439 1 9 1
63 0 7 444 27 93 40
64 0 2 453 4 33 6
65 0 1 459 4 33 6
66 1 11 462 1 3 1
67 0 2 472 2 17 3
68 1 15 478 1 5 1
69 1 9 488 311 1328 466
70 0 3 497 1 8 1
71 1 1 504 1 12 1
72 1 1 510 11 90 16
73 0 2 515 4 33 6
74 1 2 521 10 81 15
75 0 8 528 1 5 1
76 0 14 537 719 3272 1078
77 1 2 547 156 1480 234
78 1 9 553 370 1602 555
79 1 2 562 2 17 3
80 1 8 568 3 10 4
81 1 8 577 294 1250 441
82 0 1 586 46 409 69
83 0 15 592 3 9 4
84 0 10 602 1 4 1
85 1 5 612 3 25 4
86 0 8 620 65 243 97
87 1 1 629 1 9 1
88 0 4 634 6 48 9
89 0 2 642 2 17 3
90 0 3 649 2 17 3
91 0 4 656 1 9 1
92 1 2 664 9 72 13
93 1 12 670 1 5 1
94 1 3 680 1 11 1
95 1 6 687 18 152 27
96 0 1 696 27835 332510 41752
97 1 2 702 1 9 1
98 0 1 708 6 48 9
99 1 4 713 2525150 35549092 3787725
100 0 4 721 8 64 12
101 0 1 729 6 48 9
102 0 1 734 1 9 1
103 0 4 738 8 64 12
104 1 11 746 4 12 6
105 1 4 756 1 9 1
106 1 2 764 242 2347 363
107 1 7 770 27 93 40
108 0 3 779 67 608 100
109 0 25 787 22 74 33
110 1 4 798 4233 46794 6349
111 0 8 806 1 4 1
112 0 1 815 1 9 1
113 0 2 819 1 9 1
114 1 3 825 175 1670 262
115 1 5 832 972341 13249692 1458511
116 1 5 840 1 10 1
117 0 3 848 191 1831 286
118 1 2 855 1 11 1
119 0 3 861 1896 20239 2844
120 1 3 868 19 161 28
121 0 2 875 1 9 1
122 1 2 882 80 734 120
123 0 14 888 1 3 1
124 1 10 898 10060 54576 15090
125 0 3 908 2 17 3
126 0 6 915 10 81 15
127 1 1 924 263 2561 394
128 1 6 928 1 8 1
129 1 11 937 12 38 18
130 1 3 947 4 33 6
131 0 9 954 4 12 6
132 0 1 963 12 99 18
133 0 2 968 2188 23504 3282
134 1 1 974 3 25 4
135 0 2 979 17 143 25
136 0 2 985 1 11 1
137 0 4 991 4 33 6
138 0 6 999 3 25 4
139 0 6 1008 1 8 1
140 1 3 1017 458 4581 687
141 1 2 1024 87 801 130
142 1 5 1031 182 1740 273
143 0 2 1039 18855 221763 28282
144 1 20 1046 247 1036 370
145 0 2 1057 54476 668059 81714
146 1 1 1063 1 9 1
147 0 14 1067 4 12 6
148 1 1 1077 1265 13261 1897
149 1 1 1082 3 25 4
150 0 4 1087 32 279 48
151 0 2 1095 1 9 1
152 0 1 1102 85 782 127
153 0 6 1106 7565 85708 11347
154 1 2 1115 1296 13601 1944
155 1 10 1122 1 4 1
156 0 1 1131 1 10 1
157 1 6 1136 1 9 1
158 1 2 1145 2 17 3
159 1 3 1151 1 11 1
160 0 7 1158 48 175 72
161 0 10 1167 2 7 3
162 0 1 1177 45 400 67
163 0 10 1180 19 63 28
164 1 12 1190 2 6 3
165 1 1 1200 2 17 3
166 0 3 1204 4612 51172 6918
167 0 1 1211 11913 137527 17869
168 0 16 1215 1 4 1
169 1 2 1225 1 11 1
170 0 1 1232 6 48 9
171 0 5 1235 1 9 1
172 0 10 1243 1 6 1
173 1 6 1252 186 1781 279
174 1 3 1261 1 9 1
175 1 1 1268 619 6279 928
176 0 9 1273 1 5 1
177 1 1 1282 1 9 1
178 1 6 1287 551 5559 826
179 0 3 1296 113 1055 169
180 0 4 1303 1034 10741 1551
181 1 12 1311 87 334 130
182 0 1 1321 298 2919 447
183 1 1 1326 1 9 1
184 1 1 1330 1703 18093 2554
185 1 2 1335 41 363 61
186 0 1 1341 101 937 151
187 1 1 1345 1 11 1
188 1 2 1351 2 17 3
189 1 2 1358 42 372 63
190 0 2 1364 61 551 91
191 1 2 1371 1 11 1
192 1 11 1378 1 3 1
193 0 3 1388 2 17 3
194 1 1 1396 1 9 1
195 1 3 1401 377 3736 565
196 1 2 1409 1 9 1
197 1 9 1415 11 34 16
198 0 5 1424 571 5771 856
199 1 1 1432 48 428 72
200 0 2 1436 56 504 84
201 1 2 1443 5 40 7
202 1 2 1449 6276 70549 9414
203 0 4 1455 6 48 9
204 1 5 1463 15 125 22
205 1 4 1471 2917 31733 4375
206 0 3 1479 1 9 1
207 1 5 1486 573 5792 859
208 0 1 1494 1 11 1
209 1 6 1499 1 4 1
210 0 1 1508 418 4162 627
211 1 2 1512 297308 3884655 445962
212 1 8 1518 8 24 12
213 1 7 1527 1918 9352 2877
214 0 2 1536 7 56 10
215 0 2 1543 67 609 100
216 0 1 1550 209 2012 313
217 0 1 1555 1 9 1
218 0 4 1560 1 11 1
219 1 4 1568 458 4581 687
220 0 3 1576 5 40 7
221 0 15 1583 425 1860 637
222 0 3 1593 24 206 36
223 0 3 1601 1 9 1
224 1 4 1608 709 7238 1063
225 1 1 1616 70 637 105
226 1 5 1622 11 90 16
227 0 4 1630 33 288 49
228 1 1 1638 198 1901 297
229 1 2 1644 9 73 13
230 0 1 1650 1 9 1
231 0 2 1656 1 9 1
232 0 1 1662 1 10 1
233 0 5 1667 186 1781 279
234 1 1 1675 54 485 81
235 0 2 1681 1 9 1
236 1 23 1688 2470 12251 3705
237 0 4 1699 1 10 1
238 0 2 1707 3 25 4
239 0 4 1714 1 10 1
240 0 7 1722 1 4 1
241 0 1 1731 7 56 10
242 1 2 1736 4 33 6
243 0 5 1743 3927 43273 5890
244 1 8 1751 43 155 64
245 1 6 1760 12504 144636 18756
246 0 5 1769 3 25 4
247 0 2 1777 137 1292 205
248 0 1 1783 1425 15019 2137
249 0 22 1788 19 63 28
250 1 12 1799 10 31 15
251 0 2 1809 4 32 6
252 0 1 1816 2469 26664 3703
253 0 2 1821 1 10 1
254 1 1 1827 1 9 1
255 0 3 1831 41310 501194 61965
256 0 2 1839 1 10 1
257 1 3 1845 1 11 1
258 0 3 1852 1 9 1
259 0 1 1859 1 11 1
260 0 4 1865 12 99 18
261 0 2 1873 1 11 1
262 0 5 1879 20 170 30
263 0 4 1887 3 25 4
264 1 3 1895 1 10 1
265 1 2 1902 241 2337 361
266 1 10 1909 340 1462 510
267 1 1 1919 1264 13250 1896
268 1 3 1923 907 9365 1360
269 1 1 1930 48 428 72
270 1 3 1935 1 9 1
271 1 1 1942 35529 428522 53293
272 1 4 1946 1 9 1
273 1 48 1954 2 6 3
274 0 1 1966 1 10 1
275 0 3 1968 1 8 1
276 0 24 1975 37 131 55
277 1 2 1986 103 957 154
278 0 27 1992 1 4 1
279 1 1 2003 1 9 1
280 1 1 2008 1 9 1
281 1 5 2013 77 705 115
282 1 1 2021 1 9 1
283 1 7 2026 1 5 1
284 0 4 2035 338094 4438128 507141
285 0 2 2043 1 9 1
286 1 3 2050 313234 4100477 469851
287 1 1 2057 8 64 12
288 0 2 2062 1 12 1
289 1 9 2068 16 52 24
290 1 1 2077 1 14 1
291 0 2 2082 26 224 39
292 1 2 2088 4607 51114 6910
293 0 1 2095 1 9 1
294 0 1 2099 2 17 3
295 1 3 2103 576 5823 864
296 1 5 2110 459 4591 688
297 0 7 2118 1 4 1
298 1 5 2127 1 9 1
299 1 2 2135 15 125 22
300 0 11 2142 3 9 4
301 0 1 2152 69903 865491 104854
302 1 1 2157 3 25 4
303 1 7 2163 934 4331 1401
304 1 2 2172 15 125 22
305 0 4 2178 13 107 19
306 0 3 2186 6 48 9
307 0 6 2193 23427 133649 35140
308 1 10 2202 1 3 1
309 1 3 2212 736 7527 1104
310 0 1 2219 924 9549 1386
311 1 1 2224 1 8 1
312 1 3 2227 3708 40759 5562
313 0 1 2234 6 48 9
314 0 2 2240 16892 197797 25338
315 0 2 2247 32 279 48
316 1 4 2253 447 4465 670
317 1 1 2261 17522 205477 26283
318 0 8 2265 1 3 1
319 1 8 2274 1 3 1
320 0 1 2283 4 33 6
321 1 2 2288 1 9 1
322 0 2 2295 1 9 1
323 0 12 2301 212 878 318
324 1 2 2311 1 9 1
325 1 4 2318 1 10 1
326 0 3 2326 7 56 10
327 1 2 2333 3 25 4
328 0 41 2340 4 12 6
329 1 5 2352 1 9 1
330 1 3 2360 6 48 9
331 0 4 2368 164 1560 246
332 1 1 2376 2 17 3
333 1 17 2381 1 3 1
334 1 3 2391 3186 34792 4779
335 1 4 2399 19 161 28
336 0 8 2407 6 18 9
337 0 1 2416 9 73 13
338 1 6 2420 2 6 3
339 1 14 2429 1 4 1
340 1 3 2439 25 215 37
341 0 5 2446 1 9 1
342 0 1 2455 11 90 16
343 0 8 2460 1 5 1
344 0 5 2469 3 25 4
345 1 2 2477 1 10 1
346 0 2 2483 20 170 30
347 1 2 2489 1 9 1
348 1 1 2495 1 10 1
349 0 2 2500 2 17 3
350 1 3 2507 61 551 91
351 1 2 2514 2 17 3
352 0 9 2520 1 4 1
353 0 4 2529 984 10198 1476
354 1 6 2537 1 10 1
355 0 3 2546 50 447 75
356 0 2 2554 3086 33653 4629
357 1 1 2560 3 25 4
358 0 6 2565 6393 71920 9589
359 1 5 2574 36 316 54
360 0 7 2582 2 6 3
361 1 2 2591 1 11 1
362 0 3 2597 1 12 1
363 1 5 2605 3691 40564 5536
364 1 2 2613 2 17 3
365 0 3 2620 182 1740 273
366 1 25 2627 59 219 88
367 1 1 2638 29 252 43
368 1 2 2641 193 1851 289
369 0 3 2648 45 400 67
370 1 4 2655 48 428 72
371 0 3 2663 1 9 1
372 1 3 2670 31 270 46
373 1 3 2677 75 685 112
374 1 2 2684 5 40 7
375 1 4 2690 1 9 1
376 1 4 2698 7 56 10
377 0 1 2706 2 17 3
378 1 13 2711 4 12 6
379 0 1 2721 4 33 6
380 1 2 2724 1233 12911 1849
381 0 4 2731 41 363 61
382 1 1 2739 4 33 6
383 1 14 2745 16 52 24
384 0 55 2755 9 27 13
385 1 25 2767 117 462 175
386 0 13 2778 1 3 1
387 0 2 2788 161 1530 241
388 1 3 2795 90 830 135
389 0 2 2802 2 17 3
390 0 3 2808 1 9 1
391 0 1 2816 19 161 28
392 1 1 2821 2 17 3
393 0 1 2826 6 48 9
394 0 3 2831 44 391 66
395 0 2 2838 1 9 1
396 0 4 2844 26 224 39
397 1 1 2852 1 10 1
398 1 1 2857 100 928 150
399 0 1 2861 1 9 1
400 1 1 2866 340 3352 510
401 0 4 2871 10 81 15
402 1 1 2879 12532 144973 18798
403 0 3 2885 363 3590 544
404 1 2 2892 31 270 46
405 0 3 2898 1 8 1
406 0 2 2905 2 17 3
407 1 2 2912 1 9 1
408 0 6 2918 1 4 1
409 1 6 2927 43 381 64
410 0 3 2936 520 5232 780
411 1 11 2944 2618 13035 3927
412 0 5 2954 2 17 3
413 1 1 2962 1 9 1
414 0 4 2967 8 64 12
415 1 6 2975 1 10 1
416 1 3 2984 1 11 1
417 0 31 2991 2 7 3
418 0 4 3002 18 152 27
419 0 15 3010 1 4 1
420 1 7 3020 1 3 1
421 0 21 3029 24 81 36
422 1 3 3040 237 2296 355
423 0 1 3047 1 9 1
424 0 5 3051 1 12 1
425 1 10 3059 87 334 130
426 0 1 3069 550 5548 825
427 0 2 3075 58 523 87
428 1 6 3082 565 5707 847
429 1 1 3091 1 9 1
430 1 1 3096 1 11 1
431 1 11 3098 1 3 1
432 1 4 3108 15 125 22
433 0 9 3116 13516 74646 20274
434 1 2 3125 1 10 1
435 0 10 3131 371 1606 556
436 0 3 3141 1 9 1
437 0 6 3148 2 17 3
438 0 4 3157 1 10 1
439 1 8 3165 19 63 28
440 0 2 3174 1 11 1
441 0 11 3180 33 116 49
442 0 8 3190 279 1182 418
443 0 4 3199 36 316 54
444 0 1 3207 117 1094 175
445 1 5 3212 120 1124 180
446 1 4 3221 22 188 33
447 0 2 3229 73 666 109
448 0 6 3235 1 9 1
449 0 2 3244 1 11 1
450 1 1 3251 5 40 7
451 1 10 3255 15 48 22
452 0 1 3265 6 48 9
453 0 3 3271 68 618 102
454 0 2 3278 13 107 19
455 0 2 3284 14 116 21
456 1 3 3291 33 288 49
457 0 4 3298 2 17 3
458 1 3 3306 1 11 1
459 0 3 3313 2 17 3
460 1 4 3320 15 125 22
461 1 1 3328 1 10 1
462 1 1 3333 3959 43640 5938
463 0 2 3335 1138 11873 1707
464 1 1 3341 2 17 3
465 0 2 3346 2 17 3
466 0 1 3352 681 6939 1021
467 1 2 3357 409 4069 613
468 1 2 3363 7 56 10
469 0 7 3369 1 5 1
470 1 2 3378 10 81 15
471 1 1 3384 1 8 1
472 0 3 3389 1231 12889 1846
473 0 15 3396 1 3 1
474 0 3 3406 2 17 3
475 1 29 3413 2 6 3
476 1 1 3424 24 206 36
477 1 7 3427 9 27 13
478 0 10 3436 5780 30296 8670
479 1 6 3446 3 25 4
480 0 11 3455 2 7 3
481 0 8 3465 16 52 24
482 1 1 3474 17299 202757 25948
483 0 2 3479 4 33 6
484 1 7 3486 26 89 39
485 0 1 3495 9 73 13
486 0 3 3500 33 288 49
487 1 1 3507 6 48 9
488 0 5 3511 12 99 18
489 1 1 3519 1 10 1
490 0 1 3524 1 10 1
491 1 5 3529 36 316 54
492 0 10 3537 408 1780 612
493 0 2 3547 140470 1785576 210705
494 1 21 3554 1 6 1
495 1 3 3565 1 10 1
496 1 1 3573 9888 113278 14832
497 1 7 3579 1 6 1
498 0 2 3588 4725 52479 7087
499 1 8 3595 1 3 1
500 0 2 3604 2 17 3
501 1 6 3610 480 4812 720
