0 0 6 5 1 10 1
1 0 2 22 73 666 109
2 1 7 35 1 4 1
3 0 11 53 1 5 1
4 0 1 72 102 947 153
5 0 16 78 1 5 1
6 0 3 99 1979 21165 2968
7 1 5 114 3 25 4
8 1 1 130 1 9 1
9 0 1 141 37 326 55
10 0 3 150 7 56 10
11 1 4 164 1 8 1
12 0 1 180 1 9 1
13 1 3 191 23 197 34
14 0 8 206 1 4 1
15 0 2 224 1 9 1
16 1 3 236 73112 906776 109668
17 0 21 250 4 12 6
18 1 10 271 255 1072 382
19 1 2 290 12 98 18
20 1 6 302 23 197 34
21 0 4 319 8 64 12
22 0 2 335 49 438 73
23 0 3 348 19 161 28
24 1 1 363 3 25 4
25 0 2 372 1 11 1
26 0 1 386 258 2510 387
27 0 3 392 1 10 1
28 0 1 406 1 9 1
29 1 2 415 1 9 1
30 1 1 427 1 9 1
31 1 22 437 1 3 1
32 1 1 459 1 9 1
33 0 11 469 2210 10880 3315
34 0 3 488 16 134 24
35 0 5 503 1 9 1
36 0 2 520 27 233 40
37 1 5 533 11 90 16
38 1 6 550 179 1710 268
39 1 6 567 6 48 9
40 0 1 584 1483 15658 2224
41 1 18 591 3 10 4
42 0 1 612 53 476 79
43 0 5 618 93 860 139
44 1 1 635 6 48 9
45 1 9 646 488 2158 732
46 0 6 665 1 11 1
47 1 5 682 13 107 19
48 1 4 699 19 161 28
49 0 1 714 195 1871 292
50 1 2 725 1 9 1
51 1 9 739 1792 8697 2688
52 1 1 758 1 9 1
53 0 2 765 686 6993 1029
54 1 1 778 20 170 30
55 0 3 787 8 64 12
56 1 6 802 2 7 3
57 1 1 820 1 9 1
58 1 1 826 1 9 1
59 0 3 837 5 41 7
60 1 6 852 1 9 1
61 0 21 869 1 4 1
62 0 2 890 1 11 1
63 0 1 902 6501 73187 9751
64 1 3 912 6 48 9
65 1 1 927 374 3705 561
66 0 6 937 1 9 1
67 0 3 954 39 344 58
68 0 2 968 2 17 3
69 1 1 981 1 11 1
70 0 4 990 9 72 13
71 0 2 1006 1 9 1
72 1 4 1018 159 1510 238
73 0 1 1034 7 56 10
74 0 1 1045 1 10 1
75 1 3 1050 2 17 3
76 0 5 1064 1 9 1
77 0 9 1080 62 231 93
78 0 16 1099 523 2325 784
79 0 3 1120 1 10 1
80 1 1 1135 1 9 1
81 1 13 1145 27 93 40
82 0 5 1165 3 25 4
83 1 5 1182 7 56 10
84 1 3 1199 1 11 1
85 1 2 1214 1 9 1
86 0 3 1228 12 99 18
87 1 1 1243 269 2622 403
88 1 8 1252 46 167 69
89 0 2 1270 57 513 85
90 0 3 1283 1325 13919 1987
91 1 4 1298 541 5454 811
92 0 3 1314 168 1600 252
93 0 9 1328 1 3 1
94 0 21 1347 1 3 1
95 1 18 1368 10 31 15
96 0 1 1389 78 714 117
97 0 3 1397 13 108 19
98 1 6 1412 5509 28788 8263
99 0 3 1430 101 937 151
100 1 7 1445 8045 43048 12067
101 0 2 1463 1 9 1
102 0 2 1475 1 9 1
103 0 4 1488 16 134 24
104 1 9 1504 296 1260 444
105 1 2 1523 8 64 12
106 1 36 1536 1 3 1
107 1 3 1559 1 10 1
108 1 5 1573 18 152 27
109 0 1 1589 1 9 1
110 0 4 1594 17739 208125 26608
111 1 3 1610 4544 50385 6816
112 0 2 1625 4 32 6
113 0 1 1639 5397 60283 8095
114 1 1 1648 119572 1510822 179358
115 1 10 1658 1 5 1
116 1 1 1677 6 48 9
117 0 1 1688 1001 10382 1501
118 0 2 1699 10 81 15
119 1 2 1711 13212 153170 19818
120 0 1 1724 5 41 7
121 0 5 1735 1 10 1
122 0 15 1752 68 256 102
123 1 2 1772 1 9 1
124 1 1 1786 92 850 138
125 0 2 1794 4 33 6
126 1 2 1807 1 10 1
127 1 2 1819 421547 5577596 632320
128 0 2 1833 1 9 1
129 1 3 1846 1 10 1
130 1 12 1861 1 5 1
131 1 2 1881 451 4508 676
132 0 1 1894 3 25 4
133 0 3 1903 12 98 18
134 1 4 1917 1 10 1
135 0 6 1933 7062 37484 10593
136 1 2 1951 25 215 37
137 1 9 1964 130 517 195
138 1 2 1983 1 9 1
139 1 2 1997 2 17 3
140 0 3 2011 1 9 1
141 0 1 2026 99 918 148
142 1 28 2038 5 15 7
143 1 4 2060 2 17 3
144 0 2 2076 216702 2799033 325053
145 0 3 2090 223 2154 334
146 1 3 2105 1 10 1
147 0 1 2120 42124 511458 63186
148 1 3 2130 1 9 1
149 0 2 2144 4788 53209 7182
150 1 3 2156 219534 2836960 329301
151 1 7 2171 8 24 12
152 0 1 2189 251 2438 376
153 0 1 2198 1 10 1
154 0 2 2207 1 10 1
155 0 7 2219 5 15 7
156 0 1 2237 77 705 115
157 0 3 2245 1 11 1
158 0 3 2260 1 9 1
159 1 2 2275 1 9 1
160 1 21 2289 1 4 1
161 0 1 2310 1 9 1
162 0 5 2321 1 9 1
163 0 5 2337 479 4801 718
164 0 4 2354 1 8 1
165 1 2 2370 1 12 1
166 0 20 2384 612 2752 918
167 0 6 2405 1 11 1
168 0 13 2423 2 7 3
169 1 2 2443 1 10 1
170 1 26 2455 1 4 1
171 0 2 2477 285 2786 427
172 0 4 2490 14 116 21
173 0 2 2505 1 9 1
174 1 2 2518 4399 48710 6598
175 1 1 2531 7759 87998 11638
176 0 10 2540 55 203 82
177 0 4 2559 16 134 24
178 1 6 2575 18 59 27
179 1 2 2593 1 10 1
180 0 3 2605 7 56 10
181 0 19 2620 1 4 1
182 0 2 2641 1 9 1
183 1 3 2655 2 17 3
184 1 3 2669 5753 64433 8629
185 1 2 2684 44 390 66
186 0 1 2698 1 11 1
187 1 12 2709 45 163 67
188 0 4 2729 70 637 105
189 1 2 2744 480 4811 720
190 0 2 2756 1266 13272 1899
191 0 3 2769 293 2868 439
192 1 2 2783 1 9 1
193 1 5 2795 5 41 7
194 0 7 2812 163 661 244
195 0 3 2830 39 344 58
196 0 1 2845 47 419 70
197 1 1 2855 11 90 16
198 0 2 2861 1 9 1
199 0 5 2875 16 134 24
200 0 6 2892 2 17 3
201 1 7 2909 39 139 58
202 1 7 2927 385 1672 577
203 1 4 2945 1 10 1
204 1 5 2961 7 56 10
205 0 1 2977 30 261 45
206 0 3 2988 126 1183 189
207 1 4 3003 1 10 1
208 0 1 3019 1 8 1
209 0 47 3030 481 2124 721
210 1 2 3053 3 25 4
211 0 4 3066 322 3166 483
212 0 4 3082 36 316 54
213 0 7 3098 685 3106 1027
214 1 5 3116 257976 3353423 386964
215 0 1 3133 1 11 1
216 0 2 3144 137 1291 205
217 0 14 3157 1 3 1
218 1 2 3177 2 17 3
219 0 2 3190 852 8772 1278
220 0 1 3203 2 17 3
221 0 2 3211 1 11 1
222 0 2 3224 49 438 73
223 0 9 3238 3 10 4
224 1 3 3257 236897 3069866 355345
225 0 7 3271 1 4 1
226 1 8 3289 511 2267 766
227 0 4 3307 877 9042 1315
228 1 2 3323 1 8 1
229 1 2 3335 651 6619 976
230 0 4 3349 19 161 28
231 1 3 3365 62 561 93
232 1 2 3379 5 41 7
233 0 1 3392 1 10 1
234 1 2 3403 166 1580 249
235 1 2 3415 1 11 1
236 1 11 3428 1 4 1
237 0 3 3447 1 9 1
238 1 12 3462 1 5 1
239 1 13 3482 2 6 3
240 1 1 3502 339 3342 508
241 0 2 3512 1 10 1
242 0 1 3524 847 8718 1270
243 1 1 3533 521 5242 781
244 0 1 3541 6 48 9
245 0 2 3548 58 523 87
246 1 11 3561 883 4078 1324
247 0 2 3581 4 32 6
248 1 6 3594 6376 71721 9564
249 0 1 3611 51 457 76
