0 0 6 5 17 56 25
1 0 1 22 6 48 9
2 1 1 33 1 12 1
3 0 3 42 487 2153 730
4 1 4 57 11 34 16
5 0 2 73 13 107 19
6 0 1 88 1 11 1
7 1 1 99 1 10 1
8 0 1 112 11 90 16
9 0 1 125 1887 20139 2830
10 1 4 137 17 56 25
11 1 3 153 1 4 1
12 1 3 169 71 647 106
13 1 1 184 1363 14336 2044
14 1 2 197 1 9 1
15 1 11 211 1 4 1
16 1 2 228 3555 39006 5332
17 1 1 242 1339 14073 2008
18 1 4 255 94 364 141
19 1 6 271 54 199 81
20 0 1 288 1 9 1
21 0 1 301 1 9 1
22 0 2 313 1 12 1
23 0 2 327 54 485 81
24 1 1 341 1188 12419 1782
25 0 2 354 11 90 16
26 1 2 367 1 9 1
27 0 1 381 3907 43043 5860
28 1 6 390 153 617 229
29 1 5 406 46 167 69
30 0 4 422 61 227 91
31 1 3 438 1 9 1
32 1 1 453 29 252 43
33 0 3 466 69 628 103
34 1 4 481 1 4 1
35 0 2 497 126 1183 189
36 0 1 511 1 9 1
37 0 14 523 3 10 4
38 0 1 541 716 7313 1074
39 0 2 554 189 1811 283
40 1 2 568 1 11 1
41 1 7 582 2 7 3
42 1 2 599 86486 1079520 129729
43 1 1 613 1 9 1
44 1 5 625 1 4 1
45 1 2 641 5 41 7
46 1 11 655 1 3 1
47 0 5 672 6 18 9
48 1 2 688 3 25 4
49 0 2 702 1 12 1
50 1 5 716 50 183 75
51 0 3 732 8 24 12
52 1 2 747 3 25 4
53 0 3 761 5154 26819 7731
54 1 9 776 2 7 3
55 0 12 793 1 3 1
56 0 7 811 36 127 54
57 1 40 828 4047 20734 6070
58 0 12 847 2 7 3
59 1 3 865 4 13 6
60 0 15 880 12 38 18
61 0 3 898 1 4 1
62 1 3 913 151 609 226
63 0 4 928 1 6 1
64 1 1 944 1 9 1
65 1 3 954 49 437 73
66 1 3 969 1 3 1
67 0 2 984 135 1272 202
68 0 5 997 13 41 19
69 0 9 1013 1 3 1
70 1 2 1030 301 2950 451
71 0 2 1045 145983 1858312 218974
72 1 13 1058 1 5 1
73 0 4 1076 3 9 4
74 0 2 1092 7 56 10
75 0 10 1107 1 6 1
76 1 15 1124 1 4 1
77 1 21 1142 1 4 1
78 1 3 1160 5940 66617 8910
79 1 4 1175 36 128 54
80 1 7 1191 1 4 1
81 0 2 1208 14 116 21
82 0 5 1222 1 3 1
83 0 1 1238 1 9 1
84 1 2 1251 4 33 6
85 1 14 1265 2 6 3
86 1 1 1283 6 48 9
87 1 1 1295 1 9 1
88 0 3 1308 27 233 40
89 0 2 1323 2 17 3
90 1 4 1338 2 6 3
91 1 3 1354 58 215 87
92 0 3 1369 1 5 1
93 0 3 1384 76 289 114
94 0 1 1399 11 90 16
95 1 19 1410 1 4 1
96 1 5 1428 4 12 6
97 0 4 1444 246 1032 369
98 1 6 1460 299 1273 448
99 1 54 1477 1740 8428 2610
100 0 2 1496 77 704 115
101 0 2 1510 200 1921 300
102 0 9 1525 35 123 52
103 1 2 1542 1 10 1
104 1 5 1557 9 27 13
105 1 6 1573 4 13 6
106 0 5 1590 54 199 81
107 0 13 1606 5677 29722 8515
108 0 3 1624 43879 259445 65818
109 0 10 1639 1 4 1
110 0 1 1656 98 908 147
111 0 8 1669 8 24 12
112 0 9 1686 1 4 1
113 1 1 1703 3 25 4
114 0 9 1714 57 211 85
115 1 1 1731 70 637 105
116 0 5 1742 1 6 1
117 1 1 1758 9208 105178 13812
118 0 5 1770 8125 43503 12187
119 0 2 1786 121 1133 181
120 0 2 1801 21 179 31
121 0 13 1816 1 3 1
122 0 3 1834 12 38 18
123 0 1 1849 7 56 10
124 0 2 1861 6 48 9
125 1 2 1875 26 224 39
126 0 2 1889 43 381 64
127 1 1 1903 1 9 1
128 1 2 1916 10794 124105 16191
129 1 7 1931 2 6 3
130 1 2 1948 1 9 1
131 1 17 1962 2 7 3
132 0 2 1980 2570 27804 3855
133 0 2 1995 5 41 7
134 1 2 2009 1 9 1
135 1 3 2023 117 461 175
136 0 1 2038 28 242 42
137 0 3 2049 68 618 102
138 0 7 2064 9 27 13
139 1 1 2081 4 33 6
140 1 9 2093 18 59 27
141 1 4 2110 1 5 1
142 1 1 2126 1 9 1
143 0 1 2139 1 11 1
144 0 3 2152 11 34 16
145 1 3 2167 3541 38846 5311
146 0 2 2182 1 12 1
147 0 2 2196 2 17 3
148 1 2 2211 16 134 24
149 0 1 2225 5595 62590 8392
150 0 2 2235 435 4340 652
151 1 11 2249 75 285 112
152 0 1 2266 57 513 85
153 1 3 2274 86 792 129
154 0 3 2289 109 427 163
155 1 1 2304 898 9268 1347
156 1 14 2314 127 504 190
157 0 6 2332 230 959 345
158 0 2 2348 15 125 22
159 0 8 2362 1 4 1
160 0 2 2379 1 9 1
161 1 3 2393 20 67 30
162 1 8 2408 100 389 150
163 1 5 2425 1 4 1
164 0 1 2441 24 206 36
165 1 3 2454 1373 6543 2059
166 1 6 2469 130 517 195
167 0 2 2486 1 9 1
168 1 2 2499 1191487 16350456 1787230
169 0 1 2513 99 918 148
170 0 2 2525 310 3043 465
171 1 16 2539 1 3 1
172 1 3 2557 1 10 1
173 1 5 2572 26 89 39
174 1 3 2588 1 5 1
175 0 4 2603 1 4 1
176 1 3 2619 28860 345248 43290
177 1 1 2634 790 8105 1185
178 1 4 2647 1 4 1
179 1 3 2663 1 3 1
180 0 5 2678 3 9 4
181 0 1 2694 1 9 1
182 0 3 2702 1 10 1
183 1 2 2717 1 9 1
184 0 1 2730 1 10 1
185 1 1 2743 1 10 1
186 0 1 2755 7 56 10
187 1 2 2768 2 17 3
188 1 1 2782 29 251 43
189 1 1 2794 26 224 39
190 0 1 2807 22 188 33
191 1 1 2820 5 40 7
192 0 2 2833 179 1710 268
193 1 1 2847 3 25 4
194 0 2 2860 1 10 1
195 1 1 2874 1 10 1
196 0 2 2887 48 428 72
197 0 8 2902 76 289 114
198 0 10 2919 35 124 52
199 0 2 2936 22 188 33
200 1 2 2950 4 33 6
201 1 6 2964 1 4 1
202 1 1 2981 3 25 4
203 0 2 2990 16 134 24
204 0 2 3004 6 48 9
205 0 1 3019 200 1922 300
206 1 1 3032 1 10 1
207 0 6 3045 1 3 1
208 0 2 3062 1 9 1
209 1 3 3077 5 41 7
210 0 1 3092 74 676 111
211 0 4 3105 1 4 1
212 0 6 3121 4 12 6
213 1 2 3138 285 2786 427
214 0 4 3153 3 9 4
215 0 4 3169 262 1104 393
216 0 2 3185 2 17 3
217 1 2 3199 14 116 21
218 0 6 3214 1 4 1
219 1 6 3231 48 175 72
220 1 4 3247 33 116 49
221 0 12 3263 1 3 1
222 0 6 3281 13 41 19
223 0 4 3298 4 12 6
224 0 97 3314 1 6 1
225 1 1 3334 1 9 1
226 1 4 3346 2 7 3
227 0 4 3362 42 151 63
228 0 3 3378 3 10 4
229 0 23 3393 1099 5156 1648
230 1 1 3411 1 10 1
231 1 1 3424 1 9 1
232 0 1 3437 9 73 13
233 0 4 3448 1 4 1
234 1 1 3464 10 81 15
235 0 6 3475 37 131 55
236 0 1 3491 4 33 6
237 1 4 3503 28 97 42
238 1 4 3519 10 31 15
239 1 5 3535 106 415 159
240 1 7 3551 66 248 99
241 1 10 3568 1 4 1
242 0 1 3585 1 9 1
243 0 1 3598 1 9 1
244 0 1 3611 385 3819 577
