0 1 1 5 114 1064 171
1 1 4 13 4 12 6
2 0 5 28 1 4 1
3 1 2 45 118 1104 177
4 0 2 58 28 242 42
5 1 1 71 928 9592 1392
6 1 4 82 3 10 4
7 0 1 98 106 986 159
8 1 4 107 1 4 1
9 1 2 123 2313 24908 3469
10 1 1 136 1 9 1
11 1 1 143 47 419 70
12 0 7 153 1 4 1
13 0 2 171 7 56 10
14 1 2 184 4196 46368 6294
15 1 18 196 45 163 67
16 0 7 217 194 798 291
17 1 3 235 4 32 6
18 1 2 249 50 447 75
19 1 2 261 1 9 1
20 1 28 275 15 48 22
21 1 1 297 1 9 1
22 1 1 306 3 25 4
23 0 3 315 2490 12357 3735
24 0 2 330 1 9 1
25 1 8 342 240 1005 360
26 1 2 360 6 48 9
27 0 13 373 1 4 1
28 1 3 393 2 6 3
29 1 1 408 245 2378 367
30 0 7 419 2 6 3
31 1 13 437 1687 8154 2530
32 0 5 457 45 163 67
33 0 1 474 1 9 1
34 1 3 485 2 6 3
35 0 13 500 1 4 1
36 1 4 520 1 5 1
37 0 1 536 2 17 3
38 1 3 546 155 626 232
39 1 1 561 1 9 1
40 0 2 572 886 9139 1329
41 1 8 585 1 4 1
42 1 3 603 14 45 21
43 0 7 618 1 3 1
44 1 1 636 9 73 13
45 1 1 644 560 5654 840
46 0 4 654 12 38 18
47 0 3 670 12219 67075 18328
48 1 2 685 1 9 1
49 0 6 697 1 5 1
50 0 2 714 3 25 4
51 1 4 726 1 5 1
52 1 1 742 18 152 27
53 0 11 753 4028 20631 6042
54 0 2 772 1 13 1
55 1 14 785 1 4 1
56 0 3 805 327 3218 490
57 0 1 819 1 9 1
58 1 3 829 63 570 94
59 0 2 843 353 3487 529
60 0 4 855 289 1228 433
61 0 4 870 107 419 160
62 0 2 886 14 116 21
63 0 1 898 55 494 82
64 0 3 906 10 31 15
65 1 5 921 6 18 9
66 1 1 937 488 4895 732
67 0 9 947 88 339 132
68 0 3 966 16 134 24
69 0 1 980 1520 16066 2280
70 0 3 991 91 351 136
71 0 3 1006 1 4 1
72 0 1 1021 1649 17493 2473
73 0 4 1032 19 63 28
74 1 2 1048 484 4853 726
75 0 1 1061 152 1440 228
76 0 1 1072 4155 45896 6232
77 0 10 1083 1 3 1
78 1 1 1102 1 9 1
79 0 10 1108 144 578 216
80 1 1 1127 2 17 3
81 1 2 1138 3707 40747 5560
82 0 2 1150 1 11 1
83 1 1 1163 1 10 1
84 0 1 1171 100 927 150
85 1 1 1180 6 48 9
86 0 1 1188 100 927 150
87 0 6 1197 66 248 99
88 1 1 1214 2 17 3
89 1 2 1225 145 1371 217
90 1 11 1238 7 21 10
91 0 1 1258 1 11 1
92 0 2 1262 2686 29115 4029
93 1 1 1276 36 316 54
94 0 2 1287 14 116 21
95 0 6 1300 3615 18386 5422
96 1 4 1318 21 70 31
97 0 29 1334 117 461 175
98 0 1 1356 1 10 1
99 0 2 1367 1 9 1
100 1 1 1381 6 48 9
101 0 2 1392 1 9 1
102 0 2 1404 1 11 1
103 0 3 1416 72 272 108
104 1 6 1431 1 5 1
105 1 2 1448 1 9 1
106 0 3 1460 33 116 49
107 1 2 1475 309804 4053962 464706
108 1 4 1487 21570 122466 32355
109 0 3 1503 1454 6956 2181
110 0 7 1518 34 120 51
111 1 1 1536 3 25 4
112 1 1 1541 30 261 45
113 1 3 1549 5925550 44661088 8888325
114 1 1 1564 30 261 45
115 1 1 1575 1 10 1
116 1 5 1586 4 12 6
117 1 1 1602 1 8 1
118 1 12 1612 2 7 3
119 0 1 1632 1 10 1
120 0 3 1643 78 297 117
121 0 5 1657 25 85 37
122 0 1 1674 45 400 67
123 0 2 1685 1 9 1
124 1 3 1699 1 9 1
125 1 1 1713 15925 186030 23887
126 1 2 1724 3 25 4
127 1 1 1737 26 224 39
128 0 5 1746 171 696 256
129 1 4 1763 1 4 1
130 0 1 1779 1 9 1
131 0 2 1786 1 11 1
132 1 3 1798 171 696 256
133 1 10 1813 29 101 43
134 0 5 1832 706 3208 1059
135 0 2 1849 5 40 7
136 1 4 1863 1 5 1
137 1 3 1879 17 55 25
138 1 3 1894 4 33 6
139 0 2 1908 46 409 69
140 0 2 1921 1 12 1
141 1 2 1934 1 9 1
142 0 1 1948 1 10 1
143 0 6 1957 2 6 3
144 1 3 1974 221 2134 331
145 0 3 1988 220 2124 330
146 0 6 2002 2342 11575 3513
147 1 12 2020 1310 6222 1965
148 1 2 2040 5 41 7
149 1 7 2053 1 5 1
150 1 4 2071 120 474 180
151 0 13 2087 12381 68018 18571
152 1 3 2107 2 6 3
153 0 6 2122 767 3507 1150
154 0 1 2139 1 12 1
155 0 2 2148 1 10 1
156 1 2 2160 297 2909 445
157 1 8 2172 1 3 1
158 0 3 2190 8986 48413 13479
159 1 2 2205 23937 284237 35905
160 1 6 2218 10 31 15
161 0 1 2236 721 7366 1081
162 1 2 2246 5 40 7
163 1 6 2259 1 5 1
164 1 31 2276 15 48 22
165 0 1 2298 20 170 30
166 1 3 2306 13892 76849 20838
167 1 4 2321 2 7 3
168 1 1 2337 1 10 1
169 1 2 2347 1 9 1
170 1 1 2360 9 73 13
171 1 3 2370 1 3 1
172 1 5 2385 5 15 7
173 0 3 2402 52 466 78
174 0 4 2416 155 626 232
175 0 1 2432 1 9 1
176 1 4 2440 1 5 1
177 0 3 2455 424 1855 636
178 1 1 2470 17 143 25
179 0 15 2480 811 3723 1216
180 0 8 2500 19 63 28
181 0 3 2518 135 539 202
182 1 2 2533 6 48 9
183 1 2 2545 2 17 3
184 1 2 2557 56 504 84
185 0 2 2570 127 1193 190
186 1 3 2583 1 4 1
187 1 6 2598 1 5 1
188 1 1 2615 8 64 12
189 0 2 2621 21 179 31
190 0 2 2633 53 476 79
191 1 2 2647 77 705 115
192 0 4 2659 1 3 1
193 0 1 2674 1452 15316 2178
194 0 4 2684 1 4 1
195 0 3 2699 425 1860 637
196 1 1 2714 14 116 21
197 0 5 2725 1 3 1
198 1 2 2742 10 81 15
199 0 2 2756 3 25 4
200 1 3 2770 1 11 1
201 0 1 2784 1 10 1
202 1 3 2794 220 914 330
203 0 6 2809 7963 42583 11944
204 1 1 2826 34029 409736 51043
205 0 1 2837 326 3208 489
206 0 2 2846 1 9 1
207 1 3 2858 1 4 1
208 0 5 2873 80 305 120
209 1 5 2890 15 48 22
210 1 3 2906 10 81 15
211 1 15 2920 107 419 160
212 0 3 2940 3 10 4
213 0 1 2955 297 2910 445
214 1 2 2962 142 1341 213
215 0 6 2974 792 3629 1188
216 0 4 2991 1 4 1
217 0 2 3007 3 25 4
218 0 2 3020 649513 8726685 974269
219 1 1 3034 17 143 25
220 0 2 3044 302 2961 453
221 1 1 3057 52 466 78
222 1 3 3066 10 31 15
223 1 24 3081 15 48 22
224 1 2 3103 4 32 6
225 1 1 3115 3 25 4
226 0 3 3125 4 12 6
227 0 4 3140 3 10 4
228 1 1 3156 111 1035 166
229 1 1 3164 703 7174 1054
230 1 4 3174 129 513 193
231 1 37 3190 1 4 1
232 0 2 3213 573 5792 859
233 1 1 3227 185 1771 277
234 1 1 3233 2 17 3
235 1 1 3244 3 25 4
236 0 4 3255 7339 39047 11008
237 1 1 3270 1 10 1
238 1 5 3281 2 6 3
239 1 2 3298 340 3353 510
240 0 1 3310 881 9085 1321
241 1 1 3320 93257 1167361 139885
242 0 2 3328 5 40 7
243 1 13 3341 908 4202 1362
244 1 2 3361 10002 114639 15003
245 0 1 3374 1562 16530 2343
246 1 2 3378 85069 1061168 127603
247 0 17 3391 23 78 34
248 1 4 3412 11 34 16
249 0 3 3428 24 82 36
250 1 2 3443 454 4539 681
251 1 2 3457 2 17 3
252 1 2 3469 7 56 10
253 0 2 3482 18 152 27
254 1 4 3496 191 785 286
255 1 6 3512 28 97 42
256 0 6 3529 2 7 3
257 0 17 3546 168 683 252
258 0 1 3567 41 363 61
259 1 2 3575 8223 93487 12334
260 1 20 3588 9 27 13
261 0 6 3609 6 18 9
