0 0 6 5 1 9 1
1 1 2 13 178 1700 267
2 1 1 20 688 7014 1032
3 0 2 26 43 381 64
4 1 1 33 2 17 3
5 1 1 39 9246 105630 13869
6 1 3 45 145 1371 217
7 0 2 53 1 10 1
8 1 2 60 1 9 1
9 1 6 67 237 2296 355
10 1 5 75 137 1291 205
11 0 2 83 4498 49853 6747
12 0 2 90 564 5697 846
13 0 2 97 7 56 10
14 1 1 104 1 10 1
15 1 3 110 292 2858 438
16 1 5 118 14 116 21
17 1 2 126 1 9 1
18 0 2 133 92 850 138
19 1 10 140 1 4 1
20 0 2 149 33 288 49
21 1 6 156 6 18 9
22 1 1 164 1 12 1
23 0 3 169 227089 2938226 340633
24 1 3 177 1 13 1
25 1 3 185 11 90 16
26 1 3 192 1 11 1
27 1 3 200 2 17 3
28 1 6 208 1 9 1
29 1 3 216 2562 27713 3843
30 1 1 224 1 10 1
31 1 1 230 9 73 13
32 0 4 236 1 9 1
33 0 2 244 1 10 1
34 1 9 251 160 648 240
35 1 3 260 1 8 1
36 1 10 267 1 3 1
37 1 10 276 1 3 1
38 0 1 285 1 10 1
39 0 1 290 3 25 4
40 1 1 294 5 40 7
41 1 9 299 1 3 1
42 0 1 308 15307 178523 22960
43 0 1 314 1 11 1
44 1 4 319 4 33 6
45 1 5 327 6 48 9
46 0 1 335 6 48 9
47 1 5 341 4 33 6
48 0 6 349 1169 12211 1753
49 1 6 357 164 1560 246
50 1 7 365 68 256 102
51 0 3 373 187 1791 280
52 0 3 381 1 11 1
53 1 14 389 1 3 1
54 1 2 398 1 11 1
55 1 3 405 362 3580 543
56 0 21 413 3 10 4
57 0 4 422 385 3819 577
58 0 4 430 515 5180 772
59 1 20 438 2020 9884 3030
60 1 2 447 3 25 4
61 0 2 454 260 2530 390
62 1 2 461 2001 21411 3001
63 1 1 468 1 9 1
64 0 10 474 16640 93045 24960
65 1 1 483 111 1035 166
66 1 4 489 4 33 6
67 1 3 497 1 9 1
68 0 4 505 25 215 37
69 1 2 513 1 10 1
70 1 11 520 2 7 3
71 0 1 529 1 10 1
72 0 4 536 8 64 12
73 1 1 544 99988229 1581625441 149982343
74 0 2 550 19 161 28
75 0 2 557 5 41 7
76 1 4 564 1 10 1
77 0 1 572 2 17 3
78 1 2 578 1 9 1
79 0 4 585 1289 13524 1933
80 1 2 593 1 9 1
81 0 2 600 1 9 1
82 0 3 607 1 9 1
83 1 9 615 3 9 4
84 1 2 624 5 40 7
85 1 7 631 1 4 1
86 1 4 639 5095 56771 7642
87 1 7 647 1 5 1
88 0 1 655 1 9 1
89 0 15 661 9 27 13
90 0 2 670 1 10 1
91 0 1 677 5761 64526 8641
92 1 12 682 4 12 6
93 0 1 691 106 986 159
94 0 3 697 979 10144 1468
95 1 3 705 12 99 18
96 0 1 713 12 99 18
97 0 5 719 7 56 10
98 0 7 727 1 5 1
99 1 4 735 1979 21165 2968
100 0 4 743 3 25 4
101 0 2 751 1 9 1
102 0 5 758 46 410 69
103 1 5 766 43 381 64
104 0 9 774 1 3 1
105 1 3 783 4737 52618 7105
106 0 3 791 1645 17449 2467
107 1 13 799 1 3 1
108 1 2 808 3 25 4
109 1 4 815 1 9 1
110 0 14 823 28 97 42
111 0 3 832 1 13 1
112 0 4 839 14 116 21
113 1 2 847 12 99 18
114 0 4 854 6 48 9
115 1 1 862 2 17 3
116 0 1 868 1537 16254 2305
117 0 3 874 23 197 34
118 0 1 881 2 17 3
119 1 3 885 19 161 28
120 1 4 893 66 599 99
121 0 2 901 1 9 1
122 1 4 908 20 169 30
123 1 11 916 9 27 13
124 1 2 925 1008 10458 1512
125 1 26 932 7 21 10
126 1 1 941 1 9 1
127 0 1 947 26 224 39
128 0 3 954 1 8 1
129 1 2 962 60 542 90
130 1 1 969 7 56 10
131 1 4 976 542 5464 813
132 0 11 984 21 70 31
133 0 1 993 1 12 1
134 0 15 998 1 4 1
135 0 12 1007 1 3 1
136 0 4 1016 2 17 3
137 1 10 1024 1164 5483 1746
138 1 3 1033 367 3632 550
139 1 4 1040 1 9 1
140 0 1 1048 55 494 82
141 0 1 1054 1 8 1
142 1 3 1061 3 25 4
143 0 20 1069 1 3 1
144 0 1 1078 364 3601 546
145 1 2 1085 1 9 1
146 1 23 1092 1 5 1
147 1 1 1101 1 10 1
148 1 11 1107 30 104 45
149 1 2 1116 810 8320 1215
150 1 1 1123 210 2023 315
151 1 6 1130 2 6 3
152 0 1 1138 1 10 1
153 1 2 1143 1 12 1
154 1 1 1150 13259 153737 19888
155 0 3 1156 267 2602 400
156 1 9 1164 17 55 25
157 1 2 1173 1 9 1
158 0 6 1180 1 4 1
159 0 1 1188 1296 13601 1944
160 1 3 1195 18 152 27
161 1 1 1203 1 9 1
162 1 3 1209 1 9 1
163 0 4 1216 16 134 24
164 0 6 1224 29 252 43
165 0 4 1232 1 9 1
166 0 3 1240 5 40 7
167 0 1 1248 6 48 9
168 1 2 1254 13 107 19
169 1 5 1261 4 33 6
170 0 1 1269 646 6566 969
171 0 7 1276 1 4 1
172 0 4 1284 1 10 1
173 1 11 1292 1 6 1
174 0 1 1301 368 3642 552
175 0 4 1307 9 73 13
176 1 4 1315 3 25 4
177 0 3 1323 46107 561790 69160
178 0 2 1331 6171 69319 9256
179 1 1 1338 1037 10773 1555
180 1 9 1344 2 7 3
181 0 13 1353 1 5 1
182 1 1 1362 1 10 1
183 0 4 1368 1 9 1
184 0 3 1376 21936 259571 32904
185 1 3 1384 1 10 1
186 1 2 1392 1 10 1
187 1 2 1399 2 17 3
188 1 7 1406 4 12 6
189 0 1 1414 26 224 39
190 1 2 1418 1 9 1
191 1 10 1425 88 339 132
192 1 4 1434 1460 15404 2190
193 1 2 1442 4592 50940 6888
194 0 13 1449 4 12 6
195 0 1 1458 112 1045 168
196 0 2 1464 97 898 145
197 0 9 1471 109 427 163
198 0 12 1480 2 7 3
199 1 2 1489 60 542 90
200 0 2 1496 476 4769 714
201 0 8 1503 15 49 22
202 1 19 1512 22 74 33
203 1 4 1521 17 143 25
204 0 1 1529 1 10 1
205 1 8 1535 8 24 12
206 0 2 1544 1 9 1
207 1 1 1551 1 8 1
208 0 2 1556 3 25 4
209 0 4 1563 4 33 6
210 0 3 1571 243 2357 364
211 1 3 1579 1 9 1
212 0 11 1587 2732 13641 4098
213 0 1 1596 2813 30553 4219
214 0 15 1602 1 4 1
215 0 8 1611 1530 7346 2295
216 1 1 1620 9599 109833 14398
217 0 3 1626 445 4445 667
218 0 3 1633 2 17 3
219 1 2 1641 2 17 3
220 0 2 1648 1 10 1
221 1 2 1655 30 261 45
222 1 3 1662 9 73 13
223 1 6 1670 2 17 3
224 0 6 1678 1 9 1
225 0 4 1686 1 10 1
226 1 2 1694 1 10 1
227 1 3 1701 1209 12648 1813
228 0 6 1709 2 17 3
229 0 3 1717 1 8 1
230 1 5 1725 29 252 43
231 0 1 1733 33 288 49
232 1 6 1739 10 31 15
233 1 2 1747 115 1075 172
234 1 2 1754 1 9 1
235 0 2 1761 1 10 1
236 1 3 1768 18 152 27
237 1 1 1776 61 551 91
238 0 1 1782 1 9 1
239 1 1 1789 6 48 9
240 0 6 1796 275 2684 412
241 0 1 1804 1 9 1
242 1 1 1810 1 10 1
243 1 2 1816 6 48 9
244 0 1 1823 367 3632 550
245 0 1 1829 1 10 1
246 0 7 1836 1 4 1
247 1 3 1844 1 11 1
248 1 7 1852 1 4 1
249 0 4 1860 2 17 3
250 0 10 1868 1 3 1
251 1 6 1877 1 9 1
252 1 2 1885 15 125 22
253 0 5 1892 1 9 1
254 1 2 1900 18 152 27
255 0 2 1907 1 11 1
256 0 1 1914 1 12 1
257 1 11 1920 1 4 1
258 1 2 1929 6676 75240 10014
259 1 48 1936 1 4 1
260 1 4 1946 1 9 1
261 1 2 1954 1200 12550 1800
262 0 2 1961 6 48 9
263 0 2 1968 1 10 1
264 0 7 1975 1 4 1
265 1 7 1983 1 3 1
266 1 7 1991 142 569 213
267 1 2 1999 153 1450 229
268 0 2 2006 13 108 19
269 0 20 2013 2 7 3
270 0 5 2022 1 9 1
271 0 5 2030 24 206 36
272 0 4 2038 3 25 4
273 0 2 2046 2499 27003 3748
274 0 5 2053 1 11 1
275 0 9 2061 1 4 1
276 1 1 2070 1 9 1
277 0 1 2075 1 10 1
278 0 1 2081 10 81 15
279 0 1 2088 6 48 9
280 1 2 2094 1 9 1
281 0 1 2101 1 11 1
282 1 4 2107 40 353 60
283 1 6 2115 1 9 1
284 0 2 2123 135 1272 202
285 1 1 2130 3 25 4
286 0 14 2136 21 70 31
287 0 3 2145 1 9 1
288 1 1 2153 184 1760 276
289 1 4 2159 9 72 13
290 1 7 2167 2 6 3
291 0 3 2175 1 9 1
292 0 1 2183 76 695 114
293 1 9 2189 1 5 1
294 1 2 2198 1 10 1
295 0 5 2205 1 11 1
296 0 4 2213 259 2520 388
297 0 4 2221 251 2439 376
298 1 8 2229 220 914 330
299 1 5 2238 5155 57468 7732
300 1 5 2246 1 10 1
301 1 6 2254 1 6 1
302 0 2 2262 10109 115916 15163
303 1 10 2269 43 155 64
304 1 1 2278 11 90 16
305 0 4 2283 1 11 1
306 1 3 2291 171 1630 256
307 0 5 2298 48 428 72
308 1 4 2306 20 170 30
309 1 3 2314 1000 10371 1500
310 0 23 2322 30 104 45
311 0 1 2331 9 73 13
312 0 2 2336 223 2154 334
313 0 3 2343 1899 20272 2848
314 1 4 2351 24 206 36
315 1 1 2359 89 821 133
316 0 3 2366 5 41 7
317 1 7 2374 1 3 1
318 1 7 2382 1 5 1
319 0 12 2390 7 21 10
320 1 7 2399 19 63 28
321 0 4 2407 2 17 3
322 1 1 2415 19856 234022 29784
323 0 1 2422 9 72 13
324 1 17 2429 15821 88201 23731
325 0 1 2438 6 48 9
326 0 2 2445 299 2930 448
327 0 14 2452 236 986 354
328 0 10 2461 1 4 1
329 1 2 2470 342 3373 513
330 0 3 2477 859 8847 1288
331 1 1 2485 5 40 7
332 0 4 2492 10438 119847 15657
333 1 3 2500 309 3033 463
334 1 1 2508 13 107 19
335 1 4 2513 546 5506 819
336 1 4 2521 1942 20752 2913
337 1 6 2529 222 2144 333
338 0 1 2537 1 8 1
339 1 6 2543 17 143 25
340 1 1 2551 103 957 154
341 1 9 2557 574 2569 861
342 0 4 2566 1 9 1
343 0 4 2574 11 90 16
344 0 2 2582 10 81 15
345 0 8 2589 1 4 1
346 0 13 2598 39 139 58
347 0 1 2607 5 41 7
348 1 12 2613 1 3 1
349 1 2 2622 1 10 1
350 0 1 2629 4 33 6
351 0 4 2635 1 12 1
352 0 2 2643 1 9 1
353 1 10 2650 1 4 1
354 0 1 2659 7165 80991 10747
355 0 1 2665 38255 462739 57382
356 1 11 2671 2 6 3
357 1 9 2680 3 10 4
358 1 9 2689 6 18 9
359 1 10 2698 34 120 51
360 0 1 2707 721 7366 1081
361 0 1 2713 1 11 1
362 0 1 2719 1 10 1
363 0 3 2725 1 9 1
364 1 5 2732 94 869 141
365 1 9 2740 175 714 262
366 0 2 2749 83 762 124
367 0 4 2756 4 33 6
368 0 3 2764 8 64 12
369 0 4 2772 12 99 18
370 0 2 2780 7 56 10
371 0 2 2787 15 125 22
372 1 2 2794 134 1262 201
373 1 2 2801 1 10 1
374 1 3 2808 3 25 4
375 0 3 2816 4982 55459 7473
376 0 2 2824 10 81 15
377 1 2 2831 1 9 1
378 1 1 2838 1 10 1
379 0 1 2844 19 161 28
380 1 3 2850 1 9 1
381 1 4 2858 8 64 12
382 0 1 2866 1 9 1
383 0 2 2872 1 9 1
384 0 2 2879 2894 31472 4341
385 0 1 2886 7047 79602 10570
386 1 1 2892 1 9 1
387 0 2 2897 5 41 7
388 0 2 2904 1 9 1
389 1 2 2911 2 17 3
390 1 11 2918 10 31 15
391 1 1 2927 76794 954227 115191
392 1 2 2932 1 10 1
393 0 1 2939 31 270 46
394 0 3 2945 1 9 1
395 0 15 2953 1 4 1
396 0 6 2962 1 8 1
397 1 3 2970 665 6769 997
398 1 2 2978 6 48 9
399 1 10 2985 5 15 7
400 1 2 2994 1 9 1
401 0 3 3001 1 9 1
402 0 2 3009 167 1590 250
403 1 3 3016 10 81 15
404 0 2 3024 1722 18303 2583
405 1 2 3031 2 17 3
406 0 5 3038 2 17 3
407 0 2 3046 726 7420 1089
408 1 5 3053 1 8 1
409 1 28 3061 160 648 240
410 0 1 3070 23 197 34
411 1 3 3076 28 242 42
412 1 2 3084 87 801 130
413 1 2 3091 12 99 18
414 1 2 3098 1 10 1
415 1 1 3105 1 10 1
416 1 2 3111 1 10 1
417 0 2 3118 1 10 1
418 0 12 3125 184 754 276
419 0 2 3134 1 9 1
420 0 1 3141 34410673 526949846 51616009
421 1 1 3146 4 33 6
422 0 2 3152 1 9 1
423 1 1 3159 2 17 3
424 0 14 3166 33 116 49
425 0 2 3175 8 64 12
426 1 3 3182 1 11 1
427 1 11 3189 137 548 205
428 0 1 3198 1 10 1
429 1 4 3203 7237 81839 10855
430 0 3 3211 3 25 4
431 1 6 3219 32 279 48
432 1 3 3227 7061 79767 10591
433 1 4 3235 6057 67985 9085
434 1 5 3243 90 830 135
435 1 6 3251 4 12 6
436 0 2 3259 61 551 91
437 1 2 3266 8386 95417 12579
438 1 8 3273 4 12 6
439 0 7 3282 10 31 15
440 1 3 3290 48 428 72
441 0 1 3298 3 25 4
442 1 2 3303 71 647 106
443 1 4 3310 1 10 1
444 0 1 3318 1 9 1
445 1 2 3323 799 8202 1198
446 0 5 3330 2 17 3
447 0 4 3338 2 17 3
448 0 2 3346 102 947 153
449 1 1 3353 1 9 1
450 0 1 3360 1979 21165 2968
451 1 4 3366 248 2408 372
452 1 2 3374 18 152 27
453 1 1 3381 3 25 4
454 0 3 3386 1 10 1
455 0 1 3394 1 9 1
456 0 2 3398 34 297 51
457 0 6 3405 75 685 112
458 0 3 3413 29 252 43
459 0 1 3421 1 8 1
460 0 2 3428 1 9 1
461 0 13 3435 8 24 12
462 1 7 3444 1 4 1
463 0 2 3452 7 56 10
464 0 12 3459 1 4 1
465 0 3 3468 3 25 4
466 1 5 3475 10 81 15
467 0 6 3483 1 3 1
468 1 2 3491 1 11 1
469 1 2 3498 6 48 9
470 1 1 3505 1 9 1
471 0 15 3512 5 15 7
472 0 11 3521 1 5 1
473 1 3 3530 124 1163 186
474 1 9 3538 1 3 1
475 0 4 3547 4 33 6
476 1 3 3555 23190 275019 34785
477 1 2 3563 36617 442167 54925
478 1 1 3570 21 179 31
479 0 1 3576 1120 11677 1680
480 0 6 3582 1 10 1
481 1 2 3590 9 72 13
482 1 4 3597 1 10 1
483 1 6 3605 16 52 24
484 1 4 3613 347 3425 520
