0 0 5 5 1 4 1
1 1 6 9 1 4 1
2 0 1 13 133 1252 199
3 0 3 16 5 15 7
4 1 1 20 2016 21579 3024
5 1 3 23 3 10 4
6 0 13 27 2 6 3
7 1 1 31 530 5338 795
8 1 4 34 1 4 1
9 1 1 38 1512 15978 2268
10 0 4 41 20 67 30
11 1 2 45 6957 78543 10435
12 0 3 48 1 9 1
13 1 2 52 1 10 1
14 1 4 55 1 4 1
15 0 7 59 1 3 1
16 0 7 63 31178 180819 46767
17 1 5 67 1 4 1
18 1 2 71 1 13 1
19 0 3 75 1 3 1
20 0 3 79 2 6 3
21 0 3 83 1 4 1
22 1 4 87 10036 54437 15054
23 1 7 91 1549 7443 2323
24 1 18 95 20448 115734 30672
25 0 1 100 24 206 36
26 1 2 103 1 10 1
27 1 2 107 1 9 1
28 0 2 111 1 8 1
29 0 3 114 372 3684 558
30 0 5 118 2 7 3
31 0 4 122 1 3 1
32 0 4 126 1 4 1
33 0 1 130 1 11 1
34 0 6 133 1 4 1
35 0 8 137 41 147 61
36 1 3 141 834 3836 1251
37 1 4 145 19 63 28
38 0 7 149 1 6 1
39 1 2 153 175 1670 262
40 0 1 157 2641 28606 3961
41 0 2 160 1318 13842 1977
42 0 5 164 239 1000 358
43 0 19 168 52 191 78
44 0 4 173 1 3 1
45 0 3 177 1838 19593 2757
46 0 2 181 99 918 148
47 0 2 185 171 1630 256
48 0 10 189 1 4 1
49 0 1 193 18 152 27
50 1 1 196 1474 15558 2211
51 0 10 199 24 82 36
52 1 7 203 1 4 1
53 0 17 207 470 2072 705
54 1 1 212 18 152 27
55 0 2 215 1 10 1
56 1 1 218 56 504 84
57 1 2 221 1 9 1
58 1 4 224 1 5 1
59 1 1 228 1 10 1
60 0 2 231 1 9 1
61 1 1 234 1 9 1
62 0 23 237 1 3 1
63 0 1 242 66 599 99
64 0 9 245 48 175 72
65 1 2 249 65707 811615 98560
66 1 1 253 47 419 70
67 1 2 256 1 10 1
68 0 1 260 48 428 72
69 0 4 262 38 135 57
70 0 5 266 8083 43264 12124
71 0 2 270 114 1064 171
72 0 2 273 100 928 150
73 0 8 277 2 6 3
74 0 2 281 4 33 6
75 0 7 284 1 5 1
76 0 9 288 1 5 1
77 0 1 292 1 9 1
78 1 4 294 27 93 40
79 0 3 298 1 4 1
80 1 15 302 5 15 7
81 1 6 306 7 21 10
82 1 5 310 2 6 3
83 0 5 314 2 7 3
84 0 7 318 1 3 1
85 1 1 322 1 9 1
86 0 3 325 16 134 24
87 0 2 329 45 400 67
88 0 2 333 86 792 129
89 1 7 337 1 5 1
90 1 1 341 23 197 34
91 1 1 344 1 9 1
92 1 2 347 1 9 1
93 1 2 350 462 4623 693
94 1 1 354 1 10 1
95 0 5 357 1 3 1
96 0 2 361 1 12 1
97 0 1 364 1 8 1
98 1 1 367 2 17 3
99 0 31 369 1 4 1
100 1 3 374 57 211 85
101 1 5 378 1 5 1
102 0 5 382 1201 5669 1801
103 0 3 386 1 3 1
104 0 2 390 1 10 1
105 1 9 394 2 7 3
106 0 38 398 245 1027 367
107 0 3 403 79 301 118
108 1 1 407 31 270 46
109 0 2 410 1 13 1
110 1 7 413 15 48 22
111 0 8 417 128 509 192
112 1 5 421 1 4 1
113 1 6 425 2 6 3
114 1 2 429 2 17 3
115 1 1 432 2 17 3
116 0 2 435 343 3383 514
117 0 5 439 1 4 1
118 1 2 443 45 400 67
119 1 9 447 19 63 28
120 1 4 451 30 104 45
121 1 1 455 3755 41298 5632
122 1 6 458 445 1954 667
123 0 4 462 26801 154092 40201
124 0 4 466 5 15 7
125 0 3 470 3 9 4
126 1 4 474 1 5 1
127 0 7 478 694 3150 1041
128 0 2 482 22 188 33
129 0 5 486 1 5 1
130 1 1 490 1 9 1
131 1 4 493 5 15 7
132 1 5 497 1 4 1
133 1 1 501 1 9 1
134 1 12 503 37 131 55
135 1 1 507 1 9 1
136 1 1 510 44 391 66
137 0 2 513 10 81 15
138 0 34 516 247 1036 370
139 0 5 521 10 31 15
140 0 7 525 4 12 6
141 1 4 529 54524 326307 81786
142 1 1 533 1 9 1
143 1 2 536 801 8224 1201
144 1 1 539 1 10 1
145 1 1 542 2 17 3
146 0 3 545 29 251 43
147 0 3 549 1 5 1
148 1 2 553 32318 388346 48477
149 0 1 557 1 8 1
150 0 7 560 3 10 4
151 0 4 564 599 2689 898
152 0 8 568 3393 17185 5089
153 1 6 572 4 12 6
154 1 2 576 1 10 1
155 1 5 579 1 4 1
156 0 1 583 1035 10751 1552
157 1 2 586 7 56 10
158 0 11 589 742 3384 1113
159 1 1 593 5 41 7
160 0 2 596 126 1183 189
161 0 1 600 6 48 9
162 0 7 603 22 74 33
163 0 14 607 1071 5015 1606
164 0 2 611 2 17 3
165 1 2 615 89 820 133
166 0 5 619 71797 436222 107695
167 0 14 623 1 4 1
168 0 7 627 37 131 55
169 1 18 631 1 5 1
170 1 4 636 885 4088 1327
171 1 2 640 17 143 25
172 1 3 644 24 206 36
173 0 4 648 2 6 3
174 1 9 652 16 52 24
175 1 3 656 576 2579 864
176 1 7 660 8 24 12
177 1 5 664 290 1232 435
178 0 2 668 1543 16321 2314
179 1 8 672 9 27 13
180 1 1 676 18 152 27
181 0 2 679 114 1065 171
182 1 1 683 146 1381 219
183 0 3 686 503 5053 754
184 1 3 690 33 116 49
185 0 2 694 13 107 19
186 1 4 698 1034 4830 1551
187 1 2 702 29320 350970 43980
188 1 8 705 42 151 63
189 1 4 709 1 4 1
190 0 3 713 22 188 33
191 0 5 717 1 5 1
192 1 2 721 1 11 1
193 1 3 725 68 256 102
194 1 3 729 8 24 12
195 0 1 733 2 17 3
196 1 1 736 95 879 142
197 0 3 739 1 4 1
198 0 4 743 349 1504 523
199 0 4 747 3 9 4
200 0 1 751 240 2327 360
201 0 3 754 136 543 204
202 0 1 758 1 11 1
203 0 3 761 6 18 9
204 0 1 765 2 17 3
205 1 4 767 417 1822 625
206 0 1 771 33 288 49
207 1 3 774 5 15 7
208 1 2 778 4 33 6
209 1 1 782 2 17 3
210 0 5 785 1 3 1
211 0 1 789 27 233 40
212 0 2 792 2 17 3
213 1 3 796 104 406 156
214 0 3 800 1 10 1
215 0 4 804 27 93 40
216 1 1 808 5 40 7
217 0 2 811 2104 22563 3156
218 1 1 815 18 152 27
219 1 8 818 1 4 1
220 0 2 822 1 9 1
221 1 1 826 8 64 12
222 0 3 829 672 6843 1008
223 0 1 833 1 9 1
224 0 1 836 171 1630 256
225 1 3 839 1 9 1
226 0 1 843 885 9128 1327
227 0 5 846 876 4044 1314
228 1 2 850 107 996 160
229 0 1 854 1 9 1
230 1 2 857 1 11 1
231 1 1 860 2668 28911 4002
232 1 1 863 2010 21511 3015
233 1 2 866 506 5085 759
234 0 2 870 2 17 3
235 1 2 874 1 9 1
236 1 2 878 2 17 3
237 0 6 882 30 104 45
238 0 3 886 105 976 157
239 1 5 890 35 124 52
240 0 4 894 4 12 6
241 0 2 898 48 428 72
242 1 3 902 1 10 1
243 0 27 906 45 163 67
244 0 2 911 1 9 1
245 1 6 914 1 4 1
246 0 1 918 2 17 3
247 0 3 921 10 31 15
248 0 1 925 3316 36275 4974
249 1 2 928 1 9 1
250 0 6 931 666 3014 999
251 0 18 935 43 155 64
252 0 4 940 1 4 1
253 1 3 944 347 1495 520
254 0 4 948 1 5 1
255 1 1 952 13354 154884 20031
256 1 1 955 1 9 1
257 0 3 958 16 52 24
258 0 5 962 83 318 124
259 0 14 966 1 3 1
260 1 9 970 1 3 1
261 1 2 974 201 1932 301
262 0 5 977 149 600 223
263 0 1 981 1 11 1
264 0 8 984 4 12 6
265 1 2 988 1 9 1
266 1 3 992 395 1719 592
267 0 1 996 72 656 108
268 0 2 999 2 17 3
269 0 9 1003 61 227 91
270 1 16 1007 1 5 1
271 0 3 1011 304 2981 456
272 1 1 1015 453 4528 679
273 1 4 1018 393 1710 589
274 1 1 1022 1 9 1
275 0 6 1025 7 21 10
276 0 1 1029 263 2561 394
277 0 4 1031 211 874 316
278 0 2 1035 372 3684 558
279 1 2 1039 600 6078 900
280 0 6 1043 58 215 87
281 0 10 1047 3 9 4
282 0 2 1051 845 8697 1267
283 0 6 1054 1 4 1
284 1 4 1058 3220 16254 4830
285 1 2 1062 2 17 3
286 1 2 1066 1398 14721 2097
287 0 2 1069 4 32 6
288 1 4 1073 1 4 1
289 0 9 1077 57 211 85
290 1 8 1081 1 5 1
291 0 1 1085 1 9 1
292 1 1 1088 739960 9987540 1109940
293 1 2 1091 120 1124 180
294 0 4 1094 2477 12288 3715
295 1 1 1098 13 108 19
296 1 6 1101 7 21 10
297 0 2 1105 1017 10556 1525
298 1 34 1109 141 565 211
299 1 15 1114 1 3 1
300 0 1 1118 205 1972 307
301 0 6 1121 4 12 6
302 0 4 1125 1543 7412 2314
303 0 6 1129 251 1054 376
304 0 20 1133 50 183 75
305 1 2 1138 1 10 1
306 0 2 1142 5 40 7
307 0 4 1145 1 4 1
308 1 1 1149 6 48 9
309 1 15 1152 1 4 1
310 0 4 1156 2 7 3
311 0 48 1160 2270 11195 3405
312 1 1 1165 36 316 54
313 0 2 1168 145 1371 217
314 1 11 1172 2 7 3
315 0 6 1176 1 5 1
316 0 5 1180 3 9 4
317 1 2 1184 2 17 3
318 1 3 1188 967 4495 1450
319 0 2 1192 4 33 6
320 1 13 1196 1 4 1
321 0 2 1200 36 316 54
322 1 1 1204 2 17 3
323 1 11 1207 1037 4845 1555
324 0 1 1211 3107 33892 4660
325 1 6 1214 1 4 1
326 0 5 1218 2 6 3
327 0 1 1222 2 17 3
328 1 2 1225 1 9 1
329 0 5 1229 307 1310 460
330 1 3 1233 85388 523700 128082
331 1 11 1237 23 78 34
332 0 1 1241 1 10 1
333 0 2 1244 20 170 30
334 0 12 1248 6 18 9
335 1 1 1252 9 73 13
336 0 6 1255 2 6 3
337 1 1 1259 1 9 1
338 0 5 1262 153 617 229
339 1 2 1266 1 10 1
340 0 2 1270 1097 11426 1645
341 1 2 1273 1 9 1
342 1 7 1276 169 687 253
343 1 14 1280 371 1607 556
344 1 16 1284 1 5 1
345 1 3 1289 1 9 1
346 0 5 1293 1 4 1
347 1 1 1297 535 5390 802
348 0 2 1300 1 11 1
349 0 2 1303 3 25 4
350 0 1 1306 1 10 1
351 0 11 1309 1 3 1
352 0 1 1313 28 242 42
353 0 2 1315 13 107 19
354 0 2 1319 2 17 3
355 1 2 1322 1 8 1
356 1 1 1325 138 1301 207
357 0 5 1328 1 4 1
358 0 23 1332 323 1384 484
359 0 14 1337 1 4 1
360 1 5 1341 4351 22396 6526
361 0 20 1345 76 289 114
362 1 2 1350 106 986 159
363 0 4 1353 19 63 28
364 1 1 1357 11 90 16
365 0 3 1360 5 15 7
366 1 1 1364 31 270 46
367 0 2 1366 2 17 3
368 0 1 1370 59 532 88
369 1 3 1373 1 3 1
370 1 7 1377 1123 5276 1684
371 0 2 1381 1 9 1
372 0 5 1384 5 15 7
373 1 4 1388 1 4 1
374 1 2 1392 1 10 1
375 0 3 1396 1 12 1
376 0 1 1400 1 9 1
377 1 3 1403 1 9 1
378 0 3 1407 2 17 3
379 1 1 1411 74 676 111
380 1 1 1414 3 25 4
381 0 5 1417 4 12 6
382 0 1 1421 1 10 1
383 1 3 1424 1 4 1
384 1 2 1428 2 17 3
385 1 2 1431 31 270 46
386 0 2 1435 1 10 1
387 0 7 1439 1 5 1
388 0 3 1443 1 4 1
389 0 11 1447 10645 57948 15967
390 1 3 1451 53 195 79
391 1 12 1455 1 4 1
392 1 24 1459 1 3 1
393 1 5 1464 827 3802 1240
394 0 3 1468 1 4 1
395 0 1 1472 57 513 85
396 0 2 1475 1 9 1
397 0 1 1478 1 9 1
398 0 3 1481 53 195 79
399 0 4 1485 1 5 1
400 1 2 1489 1 9 1
401 0 1 1492 12 99 18
402 0 17 1495 1336 6354 2004
403 1 1 1500 1 10 1
404 1 5 1503 405 1766 607
405 0 11 1507 2635 13126 3952
406 0 1 1511 53 475 79
407 0 3 1514 1 3 1
408 1 1 1518 59 532 88
409 0 1 1521 1 9 1
410 0 8 1524 1 5 1
411 1 2 1528 898 9268 1347
412 1 11 1531 39911 234730 59866
413 0 1 1535 2176 23370 3264
414 0 4 1538 1711 8278 2566
415 1 1 1542 1 9 1
416 1 32 1545 1 4 1
417 0 1 1550 3 25 4
418 1 2 1553 1 9 1
419 0 4 1556 2 7 3
420 0 6 1560 3 10 4
421 0 9 1564 5 15 7
422 1 5 1568 32 112 48
423 0 2 1572 22 188 33
424 1 2 1575 7 56 10
425 0 3 1579 1 11 1
426 0 6 1583 14736 81806 22104
427 0 2 1587 107 996 160
428 1 5 1591 1 5 1
429 1 1 1595 1756 18681 2634
430 0 4 1598 287 1218 430
431 0 10 1602 1 5 1
432 1 2 1606 2 17 3
433 0 6 1610 1451 6941 2176
434 1 1 1614 1 9 1
435 1 11 1617 4 12 6
436 1 2 1621 1 10 1
437 1 4 1624 2 7 3
438 0 1 1628 1 9 1
439 0 18 1630 1 4 1
440 1 2 1635 1 11 1
441 0 1 1638 1 9 1
442 1 5 1641 1 6 1
443 1 4 1645 45 163 67
444 1 5 1649 2 7 3
445 1 2 1653 8 64 12
446 1 5 1657 1 4 1
447 0 3 1661 18 59 27
448 1 6 1665 5329 27788 7993
449 1 4 1669 43 155 64
450 1 1 1673 1 11 1
451 1 2 1676 1 8 1
452 1 6 1679 1 4 1
453 1 7 1683 66 248 99
454 0 2 1687 6 48 9
455 0 6 1690 549 2449 823
456 1 2 1694 5552 62089 8328
457 0 5 1697 1 4 1
458 1 10 1701 140 561 210
459 1 6 1705 3 10 4
460 1 2 1709 42 372 63
461 1 2 1712 2 17 3
462 1 1 1716 163004 2083487 244506
463 0 2 1719 31 270 46
464 1 1 1723 1 9 1
465 0 6 1726 1 4 1
466 1 1 1730 1 9 1
467 1 7 1733 1 4 1
468 1 1 1737 71 647 106
469 0 7 1740 1 4 1
470 1 2 1744 148 1401 222
471 0 4 1747 1 4 1
472 1 3 1751 29386 169850 44079
473 0 12 1755 3 10 4
474 0 3 1759 1 5 1
475 1 3 1763 20 67 30
476 1 12 1767 3 9 4
477 0 1 1771 1 9 1
478 0 5 1774 41 147 61
479 0 7 1778 1 3 1
480 0 5 1782 39267 230731 58900
481 1 1 1786 1 9 1
482 1 9 1789 15 48 22
483 0 6 1793 1 4 1
484 1 4 1797 337 1449 505
485 1 4 1801 4 12 6
486 0 7 1805 75 285 112
487 1 1 1809 30 260 45
488 1 4 1812 8044 43043 12066
489 1 4 1816 77 293 115
490 0 3 1820 1019 4755 1528
491 0 2 1824 1 8 1
492 1 2 1828 7 56 10
493 1 7 1832 7 21 10
494 0 4 1836 17 56 25
495 0 1 1840 2 17 3
496 1 7 1843 1 4 1
497 0 2 1847 5 40 7
498 1 5 1851 1 4 1
499 0 6 1855 1 4 1
500 0 2 1859 24 206 36
501 0 5 1863 207 856 310
502 0 14 1867 1 3 1
503 0 2 1871 2 17 3
504 0 2 1875 681 6939 1021
505 1 4 1878 1 4 1
506 0 4 1882 1 5 1
507 0 1 1886 29 252 43
508 0 26 1888 2 7 3
509 0 1 1893 1 10 1
510 1 12 1896 8 24 12
511 1 1 1900 5 40 7
512 1 2 1903 17 143 25
513 0 2 1907 31 270 46
514 0 1 1910 2537 27431 3805
515 0 7 1913 21 70 31
516 0 2 1917 1 10 1
517 0 7 1920 416555 2773396 624832
518 0 4 1924 92 356 138
519 0 2 1928 1671 17737 2506
520 0 2 1932 11 90 16
521 0 2 1936 1 8 1
522 1 1 1940 208 2002 312
523 1 4 1943 736 3355 1104
524 0 7 1947 1 3 1
525 0 3 1951 1 3 1
526 1 8 1955 1 3 1
527 1 5 1959 1 4 1
528 0 21 1963 10 31 15
529 1 4 1968 29257 169062 43885
530 1 1 1972 28 242 42
531 1 1 1975 1 11 1
532 0 3 1978 2486 26856 3729
533 1 5 1982 6 18 9
534 1 2 1986 1202 12572 1803
535 0 2 1990 400 3975 600
536 1 4 1994 39 139 58
537 1 2 1998 4 33 6
538 0 1 2002 2 17 3
539 1 45 2005 2 7 3
540 0 1 2010 3220 35179 4830
541 1 6 2013 1 5 1
542 1 7 2017 347 1495 520
543 0 9 2021 1 4 1
544 1 2 2025 381 3777 571
545 1 5 2029 1 3 1
546 0 3 2033 18 59 27
547 0 1 2037 3 25 4
548 1 14 2040 12 38 18
549 0 4 2044 1 4 1
550 0 6 2048 2 6 3
551 1 3 2052 13 41 19
552 1 4 2056 2 6 3
553 1 6 2060 4 12 6
554 0 4 2064 26248 150731 39372
555 1 3 2068 24 82 36
556 1 3 2072 4 12 6
557 0 3 2076 30 261 45
558 1 1 2080 1 10 1
559 0 24 2083 8 24 12
560 0 22 2088 1 3 1
561 0 3 2093 3504 38423 5256
562 0 6 2097 18 59 27
563 0 2 2101 1 9 1
564 1 2 2105 1 9 1
565 0 2 2108 1 10 1
566 0 26 2112 1 5 1
567 0 6 2117 20 67 30
568 0 5 2121 4 12 6
569 0 3 2125 39 139 58
570 1 7 2129 12 38 18
571 0 2 2133 737 7537 1105
572 1 3 2137 1 5 1
573 1 1 2141 43 381 64
574 1 2 2144 299420 3913253 449130
575 1 4 2147 26 89 39
576 0 14 2151 21 70 31
577 0 9 2155 2 6 3
578 0 27 2159 16 52 24
579 1 4 2164 1 3 1
580 0 1 2168 121 1134 181
581 0 4 2171 1350 6425 2025
582 1 1 2175 22 188 33
583 0 6 2178 1 5 1
584 1 2 2182 13 107 19
585 0 3 2186 1 9 1
586 1 4 2190 3976 20347 5964
587 1 5 2194 2 7 3
588 0 6 2198 10 31 15
589 0 5 2202 1 4 1
590 1 2 2206 9 73 13
591 1 6 2210 1 3 1
592 0 2 2214 458 4581 687
593 0 5 2218 1 4 1
594 1 2 2222 7 56 10
595 0 3 2226 4085 20942 6127
596 0 1 2230 44 391 66
597 0 1 2233 2 17 3
598 0 6 2236 15 48 22
599 0 3 2240 1 9 1
600 1 1 2244 1 9 1
601 1 1 2246 1 9 1
602 0 4 2249 1 5 1
603 1 11 2253 136 543 204
604 0 1 2257 1 9 1
605 1 7 2260 1 4 1
606 0 2 2264 1 10 1
607 1 3 2268 16 52 24
608 0 25 2272 1 3 1
609 1 7 2277 5077 26393 7615
610 1 2 2281 1 10 1
611 0 12 2285 13 41 19
612 1 1 2289 1 10 1
613 0 3 2292 3 9 4
614 0 1 2296 11 90 16
615 1 2 2299 3 25 4
616 1 2 2302 171 1630 256
617 0 2 2305 1 10 1
618 0 1 2309 717 7323 1075
619 1 4 2312 2 6 3
620 0 1 2316 1 12 1
621 1 1 2319 1 11 1
622 0 2 2322 6 48 9
623 1 11 2325 2 6 3
624 1 11 2329 11 34 16
625 0 3 2333 1 6 1
626 1 5 2337 3 10 4
627 0 6 2341 1 3 1
628 0 7 2345 3 10 4
629 1 1 2349 3 25 4
630 0 2 2352 1 10 1
631 1 1 2356 22 188 33
632 0 2 2359 1 10 1
633 1 24 2363 1 3 1
634 1 9 2368 634 2858 951
635 1 5 2372 14 45 21
636 0 2 2376 4 33 6
637 1 4 2380 96687 596977 145030
638 1 6 2384 3 10 4
639 1 2 2388 444 4434 666
640 0 1 2392 40 353 60
641 1 10 2395 187 767 280
642 1 4 2399 1 4 1
643 0 8 2403 5 15 7
644 1 2 2407 163 1550 244
645 1 19 2411 16 52 24
646 0 2 2416 1 9 1
647 1 1 2419 2 17 3
648 1 1 2422 1 10 1
649 1 9 2425 6506 34356 9759
650 0 1 2429 9 73 13
651 0 2 2432 588 5950 882
652 0 3 2436 1 4 1
653 1 2 2440 60 542 90
654 1 2 2444 1 9 1
655 1 1 2448 3 25 4
656 1 2 2451 1 10 1
657 1 17 2455 1 5 1
658 0 2 2460 21 179 31
659 1 2 2464 1 8 1
660 0 7 2467 1 5 1
661 0 6 2471 123 487 184
662 0 4 2475 1 3 1
663 0 7 2479 1 4 1
664 1 3 2483 1 10 1
665 0 2 2487 1 10 1
666 1 2 2491 1 11 1
667 1 6 2495 1 3 1
668 0 1 2499 165 1570 247
669 1 3 2502 1 3 1
670 1 2 2506 35 307 52
671 1 2 2509 1 9 1
672 0 1 2513 18 152 27
673 1 4 2516 1 4 1
674 1 1 2520 2 17 3
675 1 12 2523 12 38 18
676 0 6 2527 2 7 3
677 1 9 2531 1 4 1
678 1 2 2535 15 125 22
679 1 4 2539 1 3 1
680 1 2 2543 146 1381 219
681 1 5 2546 3 9 4
682 1 4 2550 19 63 28
683 1 1 2554 15 125 22
684 0 6 2556 10 31 15
685 1 1 2560 51 457 76
686 0 1 2562 4 33 6
687 1 5 2565 105 410 157
688 0 1 2569 1 8 1
689 0 8 2572 19 63 28
690 1 3 2576 871 8977 1306
691 0 7 2580 1 5 1
692 0 1 2584 1 10 1
693 0 8 2587 424 1855 636
694 1 13 2591 185 758 277
695 0 2 2595 517 5200 775
696 1 12 2598 1 4 1
697 0 5 2602 1 4 1
698 1 2 2606 2 17 3
699 0 3 2610 34736 418587 52104
700 1 4 2614 28 97 42
701 0 1 2618 3 25 4
702 0 7 2621 11 34 16
703 1 3 2625 78312 973814 117468
704 1 4 2629 1 4 1
705 1 2 2633 1 8 1
706 1 9 2636 2 7 3
707 1 1 2640 1 10 1
708 1 2 2643 1 12 1
709 1 10 2647 24 82 36
710 1 4 2651 10 31 15
711 0 5 2655 1 4 1
712 1 4 2659 1 4 1
713 1 3 2663 1 9 1
714 0 4 2667 57 211 85
715 0 1 2671 385 3819 577
716 0 16 2674 3 10 4
717 1 6 2678 1 5 1
718 0 2 2682 1 9 1
719 0 1 2686 1794 19103 2691
720 0 3 2688 263 2561 394
721 1 1 2692 369579 4866994 554368
722 0 10 2695 1 4 1
723 1 1 2699 23 197 34
724 1 6 2702 1 3 1
725 0 2 2706 6 48 9
726 0 5 2710 9 27 13
727 1 1 2714 3 25 4
728 1 7 2717 2 7 3
729 1 1 2721 1 10 1
730 0 18 2723 4 12 6
731 0 1 2728 146182 1860939 219273
732 1 2 2731 5 40 7
733 0 3 2735 12125 140076 18187
734 1 1 2739 832 8557 1248
735 1 8 2742 1 4 1
736 1 2 2746 116 1084 174
737 1 12 2750 3 9 4
738 0 12 2754 30 104 45
739 1 7 2758 1 4 1
740 0 2 2762 801 8224 1201
741 0 2 2766 7 56 10
742 1 3 2769 3 25 4
743 0 5 2773 76 289 114
744 0 2 2777 3 25 4
745 0 9 2781 4 12 6
746 0 53 2785 4 12 6
747 0 2 2790 9 73 13
748 1 2 2794 26488 315798 39732
749 0 3 2797 23343 133142 35014
750 1 2 2801 5 40 7
751 0 13 2805 1 5 1
752 1 2 2809 32 279 48
753 1 18 2813 1724 8345 2586
754 1 10 2818 1 4 1
755 0 12 2822 1 3 1
756 1 2 2826 108 1006 162
757 0 5 2829 12 38 18
758 1 3 2833 3 25 4
759 1 1 2837 2 17 3
760 1 1 2840 1 9 1
761 0 6 2843 1 6 1
762 0 2 2847 3 25 4
763 0 9 2851 1 4 1
764 1 5 2855 181 740 271
765 0 5 2859 12453 68437 18679
766 0 5 2863 2 7 3
767 0 2 2867 10 81 15
768 1 4 2871 1 4 1
769 1 6 2875 1 4 1
770 1 1 2879 4 33 6
771 1 1 2882 1 9 1
772 1 8 2885 66 248 99
773 1 2 2889 1 8 1
774 0 3 2893 1 3 1
775 1 2 2897 1 9 1
776 0 6 2900 139 557 208
777 1 3 2904 1 9 1
778 0 30 2908 16 52 24
779 0 18 2913 74564 453968 111846
780 0 1 2918 1 10 1
781 0 1 2921 138 1302 207
782 0 8 2924 1 4 1
783 1 3 2928 128204 803551 192306
784 0 32 2932 1 4 1
785 1 4 2937 1 4 1
786 0 2 2941 113 1055 169
787 1 13 2944 22 74 33
788 0 7 2948 850 3915 1275
789 1 11 2952 1 4 1
790 1 8 2956 1 4 1
791 0 1 2960 1 11 1
792 1 2 2963 1022 10610 1533
793 1 5 2967 1 4 1
794 1 1 2971 8 64 12
795 0 3 2974 1 4 1
796 0 3 2978 3 10 4
797 1 3 2982 2 7 3
798 0 3 2986 1 4 1
799 1 24 2990 8 24 12
800 1 3 2995 1 9 1
801 1 4 2999 1 3 1
802 1 4 3003 1 3 1
803 0 11 3007 8 24 12
804 0 7 3011 1 4 1
805 1 8 3015 3 10 4
806 1 6 3019 965 4486 1447
807 1 2 3023 9 72 13
808 0 6 3027 619 2786 928
809 1 4 3031 87 334 130
810 0 1 3035 1 13 1
811 1 2 3038 2 17 3
812 1 3 3042 2186 10754 3279
813 0 2 3046 1 9 1
814 0 3 3050 72 272 108
815 1 1 3054 2 17 3
816 1 2 3057 31131 373531 46696
817 1 1 3060 7 56 10
818 1 12 3063 1 3 1
819 1 3 3067 5 15 7
820 0 1 3071 332 3270 498
821 0 2 3074 488 4895 732
822 1 9 3078 12 38 18
823 1 4 3082 9 27 13
824 0 23 3086 1 6 1
825 1 7 3091 2973 14928 4459
826 1 4 3095 385 1672 577
827 0 2 3099 4 33 6
828 0 3 3103 1 9 1
829 0 1 3107 1 9 1
830 1 6 3110 1 4 1
831 0 2 3114 12 98 18
832 0 11 3118 31 108 46
833 1 4 3122 143 574 214
834 1 4 3126 36 128 54
835 0 4 3130 2 6 3
836 1 2 3134 1 12 1
837 0 10 3137 7 21 10
838 0 5 3141 1165 5488 1747
839 1 2 3145 7 56 10
840 0 5 3149 29 101 43
841 0 7 3153 40 143 60
842 0 4 3157 1 5 1
843 0 4 3161 2118 10397 3177
844 0 5 3165 6074 31936 9111
845 1 3 3169 1 4 1
846 1 35 3173 4 12 6
847 1 5 3178 13 41 19
848 1 1 3182 365 3611 547
849 0 5 3185 3 9 4
850 1 2 3189 43 381 64
851 0 8 3193 323 1384 484
852 0 2 3197 1 10 1
853 1 7 3201 2 7 3
854 1 16 3205 393 1709 589
855 0 2 3209 4422 48975 6633
856 0 6 3213 315619 2072372 473428
857 1 15 3217 123 487 184
858 1 4 3221 17 56 25
859 0 8 3225 2 7 3
860 0 2 3229 1 11 1
861 1 12 3233 169 687 253
862 0 1 3237 3634 39910 5451
863 1 4 3240 1 3 1
864 1 19 3244 433 1897 649
865 0 2 3249 192 1841 288
866 0 1 3252 1 10 1
867 1 1 3255 2 17 3
868 1 2 3258 27 233 40
869 0 1 3262 10 81 15
870 0 4 3265 1 3 1
871 0 1 3269 1 9 1
872 1 1 3272 1 10 1
873 1 9 3275 1 4 1
874 0 7 3279 1 3 1
875 0 10 3283 1324 6293 1986
876 1 11 3287 1 3 1
877 1 2 3291 64 580 96
878 0 2 3294 1 11 1
879 1 4 3298 1100 5161 1650
880 1 21 3302 1 4 1
881 1 8 3307 2 6 3
882 1 5 3311 2 7 3
883 1 2 3315 4449 49287 6673
884 0 26 3319 43 155 64
885 1 1 3324 80 733 120
886 0 2 3327 7 56 10
887 0 2 3330 11 90 16
888 0 5 3333 1 3 1
889 1 4 3337 84 322 126
890 1 3 3341 4 12 6
891 0 2 3345 1 10 1
892 0 1 3349 1 10 1
893 0 6 3352 1 4 1
894 0 3 3356 1 10 1
895 1 2 3360 68 618 102
896 0 8 3364 1 4 1
897 0 5 3368 1 4 1
898 0 4 3372 1 4 1
899 0 7 3376 17 56 25
900 1 4 3380 1 4 1
901 0 3 3384 43 381 64
902 1 6 3388 173 705 259
903 1 17 3392 10482 57007 15723
904 0 3 3397 1102 11480 1653
905 0 6 3401 14 45 21
906 0 5 3405 1 4 1
907 0 4 3409 12656 69621 18984
908 1 2 3413 14192 165012 21288
909 0 1 3417 14 116 21
910 0 3 3420 3 10 4
911 0 4 3424 1 4 1
912 1 4 3428 1 4 1
913 0 1 3432 74 676 111
914 0 8 3435 790 3620 1185
915 0 1 3439 22 188 33
916 0 2 3442 4 33 6
917 0 22 3446 1 3 1
918 0 3 3451 2 17 3
919 0 2 3455 7 56 10
920 1 7 3459 375 1625 562
921 0 2 3463 1 9 1
922 1 14 3467 10 31 15
923 0 3 3471 6830 36177 10245
924 1 2 3475 5 41 7
925 1 22 3479 1 5 1
926 1 4 3484 10 31 15
927 1 7 3488 339 1458 508
928 1 3 3492 938 4351 1407
929 1 2 3496 3 25 4
930 0 3 3500 35 124 52
931 0 2 3504 16 134 24
932 1 2 3507 22253 263473 33379
933 1 4 3510 330873 2177702 496309
934 0 1 3514 557 5623 835
935 0 4 3517 4 12 6
936 1 2 3521 1 10 1
937 1 6 3525 1 5 1
938 0 1 3529 1 10 1
939 0 3 3532 6 18 9
940 1 5 3536 1 5 1
941 1 1 3540 3 25 4
942 0 10 3543 479 2115 718
943 1 6 3547 1 4 1
944 0 16 3551 594 2665 891
945 0 2 3555 1 9 1
946 0 12 3558 5 15 7
947 1 1 3562 1 8 1
948 0 1 3564 41 362 61
949 1 1 3567 132 1242 198
950 0 2 3570 1 9 1
951 1 2 3574 88 811 132
952 0 3 3578 31 108 46
953 0 5 3582 7 21 10
954 1 2 3586 1 10 1
955 1 1 3590 5 41 7
956 0 1 3593 83 762 124
957 0 1 3596 2 17 3
958 0 6 3599 1878 9144 2817
959 0 6 3603 1 4 1
960 0 1 3607 1 12 1
