0 1 1 5 65 589 97
1 1 3 9 8 64 12
2 1 3 16 8 64 12
3 0 1 23 2941 32005 4411
4 1 2 29 271 2643 406
5 1 5 35 1 4 1
6 1 2 43 13 107 19
7 1 15 49 1 3 1
8 1 1 59 1 9 1
9 0 7 63 3 10 4
10 0 10 72 1 3 1
11 1 4 82 1 3 1
12 1 6 90 1 4 1
13 0 7 99 4927 25564 7390
14 0 4 108 857 3950 1285
15 1 2 116 93 859 139
16 1 1 122 5 40 7
17 0 2 128 1 9 1
18 0 3 134 1 4 1
19 1 10 141 96 372 144
20 0 6 151 2 7 3
21 1 2 160 4 33 6
22 0 26 166 1883 9170 2824
23 0 1 177 2 17 3
24 0 14 182 4 12 6
25 0 4 192 1 3 1
26 0 1 200 19 161 28
27 1 3 205 1 3 1
28 0 4 213 1 4 1
29 0 14 221 3 10 4
30 1 2 231 814 8363 1221
31 0 11 237 174 710 261
32 1 8 247 2 6 3
33 1 3 256 712 3238 1068
34 1 2 264 2 17 3
35 0 2 270 1 10 1
36 0 3 276 1 3 1
37 1 1 284 1 10 1
38 0 3 289 236 986 354
39 1 6 297 39 139 58
40 0 4 306 1 5 1
41 0 5 314 1 5 1
42 1 1 322 179 1710 268
43 1 2 327 162 1540 243
44 0 4 333 2 7 3
45 0 4 341 89 343 133
46 1 1 349 5 41 7
47 1 2 355 1 9 1
48 0 5 361 1 5 1
49 1 1 369 1 9 1
50 0 15 374 118 466 177
51 0 10 384 52 191 78
52 1 3 394 1 3 1
53 1 11 402 1 4 1
54 0 7 412 125 496 187
55 1 1 421 1 9 1
56 0 4 425 19498 110049 29247
57 0 1 433 1 10 1
58 0 5 435 1 3 1
59 0 3 443 7 21 10
60 1 1 451 13 108 19
61 0 2 456 1688 17926 2532
62 0 4 462 1 4 1
63 1 6 470 1 5 1
64 0 2 479 6 48 9
65 0 6 485 34 120 51
66 0 1 494 1372 14436 2058
67 1 1 497 2372 25572 3558
68 1 2 502 22053 261010 33079
69 0 3 509 58 215 87
70 1 5 517 1 4 1
71 0 1 525 3 25 4
72 0 20 528 1 3 1
73 0 3 539 1 3 1
74 1 3 546 1 11 1
75 0 1 553 1 9 1
76 0 4 558 1 3 1
77 1 4 566 15 48 22
78 0 3 574 5 15 7
79 1 1 582 2 17 3
80 0 2 585 8 64 12
81 0 2 592 341 3363 511
82 0 2 598 1 10 1
83 1 2 604 72 656 108
84 1 9 611 225 937 337
85 0 4 620 1 4 1
86 1 5 628 1 6 1
87 1 7 636 9 27 13
88 0 4 645 20 67 30
89 0 3 653 1 4 1
90 0 9 661 2 6 3
91 1 9 670 22736 129482 34104
92 1 1 679 1 9 1
93 1 1 683 1 10 1
94 1 12 689 323 1384 484
95 1 2 699 1 10 1
96 0 4 706 20 67 30
97 0 17 714 122 483 183
98 1 3 724 1 10 1
99 1 1 731 1 10 1
100 0 6 736 1 4 1
101 0 2 745 3 25 4
102 0 2 751 429 4277 643
103 1 5 757 1 4 1
104 0 4 765 2 6 3
105 1 3 773 2 17 3
106 0 8 780 39 139 58
107 0 8 789 23 78 34
108 0 2 798 1 11 1
109 1 8 805 1 4 1
110 1 3 814 452 1987 678
111 1 2 821 2 17 3
112 0 4 827 141 565 211
113 1 6 835 160 648 240
114 1 2 844 454 4539 681
115 1 5 850 563 2516 844
116 0 2 858 1 9 1
117 0 1 864 1 9 1
118 0 5 869 1 5 1
119 1 4 877 588 2637 882
120 1 9 885 72 272 108
121 1 4 894 6 18 9
122 1 2 902 12 99 18
123 1 5 908 60 223 90
124 0 6 916 27 93 40
125 0 9 925 1 3 1
126 0 1 934 511 5137 766
127 0 1 939 1 10 1
128 1 4 945 85745 526008 128617
129 1 4 953 1 4 1
130 0 11 961 1 4 1
131 1 1 971 21 179 31
132 1 1 975 1 9 1
133 0 4 980 9697 52488 14545
134 1 19 988 11 34 16
135 1 9 999 1 4 1
136 1 7 1008 50 183 75
137 0 10 1017 1 3 1
138 0 2 1026 910 9398 1365
139 0 1 1032 550 5549 825
140 0 2 1038 83 762 124
141 0 2 1044 1824 19437 2736
142 1 6 1050 8 24 12
143 0 5 1059 37 131 55
144 0 2 1067 8235 93629 12352
145 1 1 1073 9 72 13
146 0 4 1076 1 3 1
147 0 2 1084 529 5327 793
148 1 1 1091 15 125 22
149 1 3 1095 200 825 300
150 1 2 1102 1 10 1
151 1 1 1109 1 11 1
152 0 1 1113 26903 320943 40354
153 1 9 1119 132 526 198
154 0 2 1128 2 17 3
155 0 5 1134 61 227 91
156 0 2 1142 1409 14843 2113
157 0 3 1149 5 15 7
158 1 9 1156 2 6 3
159 1 2 1165 1 11 1
160 1 3 1172 1 4 1
161 1 2 1180 1 9 1
162 1 3 1186 72 656 108
163 1 7 1193 17719 99447 26578
164 1 2 1202 3 25 4
165 0 7 1208 1 3 1
166 1 2 1217 568 5739 852
167 0 2 1223 1 9 1
168 0 2 1229 56 504 84
169 0 1 1236 3 25 4
170 0 3 1242 2920 31767 4380
171 1 1 1249 44 391 66
172 0 2 1252 4 32 6
173 0 3 1258 12 99 18
174 0 4 1265 2 6 3
175 0 1 1273 1 11 1
176 0 2 1278 15 125 22
177 0 1 1285 1477 15592 2215
178 0 3 1289 5 15 7
179 1 4 1297 2484 12325 3726
180 0 2 1305 20 170 30
181 0 2 1311 1 10 1
182 0 6 1318 1 4 1
183 1 1 1327 4 33 6
184 1 1 1332 1 10 1
185 1 3 1337 1 3 1
186 1 1 1344 1 11 1
187 0 1 1347 4 33 6
188 0 3 1352 2 7 3
189 1 5 1359 10230 55555 15345
190 1 1 1367 10 81 15
191 1 1 1372 31 270 46
192 0 7 1377 41 147 61
193 0 5 1386 15 48 22
194 0 2 1394 16 134 24
195 0 2 1401 2801 30417 4201
196 1 4 1407 1 3 1
197 1 12 1415 1 5 1
198 1 1 1425 67 608 100
199 0 4 1431 424 1855 636
200 0 1 1439 71452 885411 107178
201 0 5 1444 2 6 3
202 1 1 1452 1 10 1
203 1 2 1458 685 6982 1027
204 1 7 1465 30 104 45
205 0 1 1474 8 64 12
206 0 6 1479 1 5 1
207 0 28 1488 1 4 1
208 0 11 1499 2 7 3
209 1 1 1509 1 10 1
210 1 3 1513 1 5 1
211 0 5 1520 763 3487 1144
212 0 3 1528 1 9 1
213 0 1 1535 4 33 6
214 0 3 1540 4 12 6
215 1 1 1547 295 2889 442
216 1 2 1552 1 10 1
217 0 7 1559 5 15 7
218 0 12 1568 73000 443933 109500
219 0 3 1578 274 1159 411
220 0 1 1586 1 9 1
221 0 20 1591 26 89 39
222 1 6 1602 1 5 1
223 0 4 1611 126 500 189
224 0 4 1619 1 3 1
225 1 3 1627 1 4 1
226 0 1 1634 17 143 25
227 0 6 1636 16 52 24
228 1 3 1645 693 3145 1039
229 1 2 1652 2 17 3
230 0 2 1658 8 64 12
231 1 1 1665 2 17 3
232 1 1 1668 1508 15934 2262
233 1 2 1672 1 9 1
234 1 3 1678 6 48 9
235 0 1 1685 1 10 1
236 0 5 1691 2 6 3
237 1 1 1699 11 90 16
238 0 3 1703 51 187 76
239 1 5 1711 1 4 1
240 0 2 1719 30 261 45
241 0 1 1725 2 17 3
242 0 2 1730 1 11 1
243 0 3 1736 254 1068 381
244 1 4 1743 1413 6746 2119
245 1 2 1751 1 10 1
246 0 1 1757 365 3611 547
247 0 3 1760 162 1540 243
248 0 5 1767 407 1775 610
249 1 4 1775 1 4 1
250 0 3 1783 16 52 24
251 0 6 1791 1 3 1
252 1 4 1800 2 6 3
253 0 2 1808 1588 16818 2382
254 1 14 1815 4 12 6
255 1 4 1825 12990 71570 19485
256 0 3 1833 2274 11216 3411
257 0 1 1841 1 9 1
258 0 9 1846 355 1532 532
259 0 3 1855 113 444 169
260 0 2 1862 1 9 1
261 1 3 1869 1485 15680 2227
262 1 10 1876 3 9 4
263 1 2 1885 15 125 22
264 1 4 1891 12 38 18
265 0 2 1899 2 17 3
266 0 5 1906 88 339 132
267 0 6 1915 1 5 1
268 0 1 1924 42 372 63
269 0 1 1929 1 9 1
270 0 1 1934 8 64 12
271 1 4 1939 1 3 1
272 0 3 1947 1 9 1
273 0 23 1954 3 10 4
274 0 2 1965 3 25 4
275 1 4 1971 498 2205 747
276 1 3 1979 8 24 12
277 0 6 1986 1 4 1
278 1 1 1995 12 99 18
279 1 1 2001 5 40 7
280 1 17 2005 7 21 10
281 1 2 2015 3 25 4
282 1 2 2021 136 1281 204
283 0 7 2028 5420228 40692486 8130342
284 0 7 2037 1 3 1
285 1 11 2046 32784 190679 49176
286 0 18 2056 94 364 141
287 1 26 2066 186 763 279
288 1 1 2077 2 17 3
289 1 6 2082 1 4 1
290 1 5 2091 7 21 10
291 1 2 2099 290 2837 435
292 0 2 2106 114 1065 171
293 0 4 2112 125569 786172 188353
294 1 1 2120 1 9 1
295 1 2 2126 2 17 3
296 1 1 2132 86 792 129
297 0 5 2138 1 4 1
298 0 2 2146 3 25 4
299 1 11 2153 2 7 3
300 1 11 2163 2 7 3
301 0 1 2173 3 25 4
302 1 3 2178 9 27 13
303 1 1 2186 191 1831 286
304 1 34 2191 698 3170 1047
305 1 12 2202 77 293 115
306 0 3 2212 14516 80512 21774
307 1 2 2219 208 2002 312
308 1 2 2225 11442 131871 17163
309 0 4 2231 1 6 1
310 0 1 2239 75 685 112
311 1 2 2245 2 17 3
312 1 4 2251 170 692 255
313 0 2 2259 10 81 15
314 0 8 2265 96 372 144
315 1 1 2274 1 9 1
316 0 1 2279 1 11 1
317 1 2 2283 1 11 1
318 1 56 2289 17 56 25
319 1 1 2301 2 17 3
320 0 1 2305 1 10 1
321 1 1 2308 47 419 70
322 1 1 2313 12 99 18
323 1 1 2317 18 152 27
324 1 2 2322 2 17 3
325 1 15 2328 12 38 18
326 0 2 2338 1 9 1
327 1 5 2345 2 7 3
328 1 5 2353 2 7 3
329 1 1 2362 1 9 1
330 0 1 2366 8 64 12
331 0 1 2370 4 33 6
332 1 2 2375 3 25 4
333 0 8 2381 13 41 19
334 1 1 2390 3 25 4
335 1 25 2395 1 4 1
336 1 3 2406 89 821 133
337 0 18 2413 4 12 6
338 1 1 2423 1 9 1
339 0 16 2428 1 4 1
340 1 10 2438 7 21 10
341 1 4 2448 303 1292 454
342 1 3 2456 26 89 39
343 0 1 2464 42 372 63
344 1 3 2469 1 10 1
345 0 7 2476 1 3 1
346 1 1 2485 6495 73116 9742
347 1 6 2489 7766 41465 11649
348 0 3 2498 3 9 4
349 0 34 2505 28 97 42
350 1 12 2516 1 3 1
351 0 1 2526 6 48 9
352 1 3 2531 37 325 55
353 0 3 2538 99 918 148
354 1 3 2545 1 4 1
355 1 2 2552 3 25 4
356 0 2 2558 2 17 3
357 1 1 2564 1 10 1
358 0 3 2569 1 5 1
359 0 7 2577 1 3 1
360 1 12 2586 44 159 66
361 0 9 2596 2103 10318 3154
362 1 3 2605 7 56 10
363 0 1 2612 5 40 7
364 0 3 2617 1 11 1
365 0 2 2624 393 3902 589
366 1 9 2631 100 389 150
367 0 4 2640 1 4 1
368 1 2 2648 19 161 28
369 0 5 2655 425 1860 637
370 0 5 2664 1 4 1
371 0 11 2672 1 5 1
372 1 12 2682 7 21 10
373 1 5 2692 1 4 1
374 1 3 2700 2 17 3
375 0 1 2707 6 48 9
376 0 1 2711 2 17 3
377 0 2 2717 1107 11535 1660
378 0 2 2723 1 11 1
379 0 2 2729 1 10 1
380 1 3 2736 3 25 4
381 0 3 2743 1 3 1
382 1 1 2750 2 17 3
383 1 5 2755 1 3 1
384 0 5 2764 1086 5091 1629
385 1 150 2772 64 239 96
386 0 1 2785 6 48 9
387 1 3 2789 1 10 1
388 1 1 2796 26 224 39
389 0 6 2802 21 70 31
390 1 3 2811 19465 109852 29197
391 1 3 2819 1 4 1
392 0 2 2827 1 9 1
393 1 11 2833 6972 36977 10458
394 0 7 2843 24 81 36
395 0 2 2852 3 25 4
396 1 2 2859 1 9 1
397 0 1 2865 1 11 1
398 0 14 2869 1 4 1
399 1 2 2879 179 1710 268
400 1 8 2885 48 175 72
401 1 4 2894 535 2382 802
402 0 31 2902 237 991 355
403 0 2 2913 5 40 7
404 1 5 2919 1 3 1
405 0 8 2927 8509301 65154535 12763951
406 1 2 2936 10 81 15
407 0 26 2943 11 34 16
408 0 6 2954 1 4 1
409 1 1 2963 558 5633 837
410 1 12 2966 1 4 1
411 1 2 2976 30471 365303 45706
412 0 4 2982 11 34 16
413 1 10 2990 2 7 3
414 0 1 3000 9 72 13
415 1 4 3004 7 21 10
416 0 6 3012 8 24 12
417 1 6 3021 1 4 1
418 1 3 3030 1 4 1
419 1 1 3037 3 25 4
420 0 1 3042 1 10 1
421 1 1 3048 494 4958 741
422 0 1 3053 507 5095 760
423 1 1 3057 7763 88046 11644
424 1 6 3060 10500 57111 15750
425 1 4 3069 27 93 40
426 1 2 3077 2 17 3
427 1 2 3084 22 188 33
428 0 5 3091 2 6 3
429 0 1 3100 1 9 1
430 1 1 3105 183 1751 274
431 1 1 3110 1 9 1
432 1 18 3114 18269 102719 27403
433 0 3 3124 8 24 12
434 0 1 3131 673 6854 1009
435 0 1 3134 38 335 57
436 0 2 3138 3 25 4
437 0 1 3144 14 116 21
438 0 8 3149 438 1921 657
439 0 3 3158 3 9 4
440 1 4 3165 708 3218 1062
441 1 75 3173 25 85 37
442 0 4 3185 415 1813 622
443 1 7 3193 40 143 60
444 0 6 3202 9 27 13
445 0 3 3211 1 4 1
446 0 2 3219 124620 1577042 186930
447 0 1 3226 38 335 57
448 0 4 3232 11 34 16
449 1 28 3240 19 63 28
450 0 4 3251 5159 26847 7738
451 1 2 3259 1 8 1
452 1 2 3266 8 64 12
453 1 6 3272 1 4 1
454 0 2 3281 6 48 9
455 1 1 3288 1 8 1
456 0 4 3293 2 7 3
457 0 4 3301 2 6 3
458 1 10 3309 31 108 46
459 1 7 3319 1 3 1
460 1 3 3328 7759 41425 11638
461 1 8 3335 142 570 213
462 1 8 3344 6937 36779 10405
463 1 1 3353 3 25 4
464 1 1 3357 107 996 160
465 1 1 3362 57207 702875 85810
466 1 21 3367 29 101 43
467 0 3 3378 1 4 1
468 1 3 3386 3 9 4
469 0 1 3394 9 73 13
470 1 4 3399 1 4 1
471 0 4 3407 2 6 3
472 0 4 3415 1 5 1
473 1 12 3423 1 3 1
474 1 5 3433 61 227 91
475 0 9 3442 110 432 165
476 0 1 3451 608 6163 912
477 0 2 3452 1 8 1
478 0 1 3458 63 570 94
479 0 2 3464 1 9 1
480 1 3 3471 106 415 159
481 0 6 3478 542 2416 813
482 1 1 3487 6 48 9
483 1 1 3492 64 580 96
484 1 2 3497 1 9 1
485 1 3 3503 28 97 42
486 0 3 3511 5 15 7
487 0 2 3519 69 628 103
488 0 1 3525 4053 44721 6079
489 0 6 3530 1 3 1
490 1 3 3539 11 34 16
491 1 4 3547 167 679 250
492 1 11 3555 4 12 6
493 0 1 3565 1 9 1
494 1 1 3571 1 9 1
495 0 1 3577 1 8 1
496 0 5 3581 1 4 1
497 0 2 3589 1 9 1
498 0 2 3596 11 90 16
499 0 1 3602 24 206 36
500 0 1 3607 5 40 7
