0 0 6 5 2 17 3
1 1 1 22 46 409 69
2 1 2 32 31 270 46
3 1 1 44 3 25 4
4 1 1 52 91 840 136
5 0 5 61 1 11 1
6 1 8 78 4 12 6
7 0 1 96 8 64 12
8 1 2 106 363 3591 544
9 0 4 120 12 98 18
10 0 24 136 8 24 12
11 0 2 158 2 17 3
12 0 1 171 1 9 1
13 0 2 180 14002 162713 21003
14 1 3 194 40373 489387 60559
15 1 21 208 1 3 1
16 1 1 229 4 33 6
17 0 16 237 258 1086 387
18 0 3 258 20 169 30
19 0 2 273 1982 21199 2973
20 0 1 285 2 17 3
21 0 1 294 1 9 1
22 1 2 304 1 9 1
23 0 3 317 26 224 39
24 1 3 332 28 242 42
25 0 1 347 84 772 126
26 1 2 356 16327 190918 24490
27 1 1 370 28 242 42
28 1 5 381 1 10 1
29 1 8 398 3 9 4
30 0 11 417 1377 6563 2065
31 0 8 437 24 81 36
32 1 9 455 44 159 66
33 0 2 474 1 10 1
34 0 2 487 1 10 1
35 0 1 499 23652 280719 35478
36 0 2 509 54 485 81
37 0 3 521 9 73 13
38 1 7 535 717 3262 1075
39 1 3 553 3 25 4
40 1 1 568 70 637 105
41 1 2 579 4 33 6
42 1 2 593 7 56 10
43 0 7 606 4 12 6
44 1 3 624 108 1006 162
45 1 2 639 1 10 1
46 0 1 652 1 9 1
47 1 2 659 2 17 3
48 0 1 673 67 609 100
49 0 3 683 7 56 10
50 1 1 698 1 9 1
51 0 4 706 1 13 1
52 1 3 721 1 11 1
53 0 49 736 6 18 9
54 1 2 760 87 801 130
55 1 6 773 1 9 1
56 0 1 790 20 170 30
57 1 1 798 3 25 4
58 0 8 804 145 583 217
59 1 4 823 1 9 1
60 0 1 839 12 98 18
61 1 3 846 671 6833 1006
62 0 3 860 109 1016 163
63 0 3 875 16386 191636 24579
64 0 4 890 132 1242 198
65 0 3 906 15 125 22
66 1 1 920 7596 86073 11394
67 0 6 931 15 48 22
68 1 1 949 168 1600 252
69 0 8 960 3 10 4
70 1 1 978 98 908 147
71 1 5 988 241 2337 361
72 1 3 1005 3 25 4
73 0 1 1019 96 889 144
74 1 51 1029 7 21 10
75 1 8 1053 2 7 3
76 0 1 1071 1 10 1
77 1 1 1083 20 170 30
78 0 2 1090 3 25 4
79 1 20 1103 6 18 9
80 1 1 1124 1 10 1
81 0 23 1133 1659 8009 2488
82 1 2 1155 461 4612 691
83 1 2 1169 1 9 1
84 1 1 1182 2 17 3
85 1 2 1191 610 6184 915
86 0 2 1204 3001 32687 4501
87 0 3 1216 5 40 7
88 0 17 1230 1 4 1
89 1 5 1251 1 8 1
90 1 1 1268 25 215 37
91 0 4 1277 4 33 6
92 1 2 1293 17 143 25
93 1 1 1305 7 56 10
94 1 4 1316 1 10 1
95 1 1 1332 108 1006 162
96 1 3 1341 1 9 1
97 0 22 1356 96636 596645 144954
98 0 7 1377 457 2011 685
99 1 2 1395 1 8 1
100 1 32 1409 9 27 13
101 0 3 1431 94 869 141
102 0 4 1446 129 1212 193
103 1 2 1462 1 10 1
104 0 14 1475 19 63 28
105 0 1 1495 33 288 49
106 0 7 1500 2 7 3
107 1 35 1518 1 4 1
108 1 9 1541 30 104 45
109 1 1 1560 288 2817 432
110 0 2 1570 1 9 1
111 0 5 1582 4 33 6
112 1 4 1599 2 17 3
113 1 1 1615 3 25 4
114 1 3 1626 23 197 34
115 0 57 1641 5 15 7
116 0 1 1665 116 1084 174
117 1 3 1676 1640 17394 2460
118 0 6 1691 41 363 61
119 1 3 1708 47 419 70
120 1 1 1723 335 3301 502
121 1 5 1732 18 152 27
122 1 1 1749 222 2144 333
123 0 3 1754 1 9 1
124 0 21 1769 752 3433 1128
125 0 2 1790 1 9 1
126 0 6 1803 1 9 1
127 1 2 1820 1 9 1
128 0 3 1833 2 17 3
129 0 2 1848 1268 13294 1902
130 0 1 1861 1 9 1
131 1 4 1871 1 9 1
132 1 13 1887 1 4 1
133 1 17 1907 30 104 45
134 0 3 1928 1 12 1
135 1 1 1942 7469 84575 11203
136 1 2 1950 60 542 90
137 1 5 1963 4 33 6
138 0 2 1980 520 5232 780
139 0 1 1992 4 33 6
140 1 4 2001 1 12 1
141 1 8 2017 37745 221294 56617
142 0 2 2035 629 6385 943
143 1 1 2048 272 2653 408
144 1 12 2058 1 5 1
145 0 3 2078 1 10 1
146 1 11 2093 19 63 28
147 0 13 2112 2 7 3
148 0 8 2132 3 10 4
149 0 7 2150 480 2120 720
150 0 1 2168 1094 11393 1641
151 1 4 2175 22 188 33
152 1 2 2191 26 224 39
153 1 2 2204 2 17 3
154 1 1 2216 1 9 1
155 0 1 2227 1 11 1
156 1 1 2238 1 11 1
157 1 2 2248 1506514 20840661 2259771
158 0 1 2261 4451 49311 6676
159 0 6 2265 255 1073 382
160 1 1 2283 2 17 3
161 1 2 2287 35 307 52
162 0 1 2301 47 419 70
163 1 5 2312 4619 51252 6928
164 1 2 2329 1 12 1
165 0 4 2341 2 17 3
166 1 1 2357 395 3923 592
167 0 35 2364 100 389 150
168 1 5 2387 7 56 10
169 1 7 2404 4127 21171 6190
170 1 3 2422 2 17 3
171 1 1 2437 10 81 15
172 1 1 2448 4 33 6
173 1 8 2457 6207 32680 9310
174 1 3 2475 1 10 1
175 1 56 2490 385 1672 577
176 0 6 2514 2044 10010 3066
177 1 5 2532 12 99 18
178 0 7 2549 624 2810 936
179 0 2 2567 1 8 1
180 1 3 2580 1 9 1
181 0 3 2595 401 3985 601
182 0 1 2609 2 17 3
183 0 19 2619 1 4 1
184 1 1 2640 88 811 132
185 1 4 2648 14 116 21
186 1 1 2664 6291 70725 9436
187 0 3 2674 1 9 1
188 0 1 2689 21 179 31
189 0 1 2699 1 9 1
190 1 3 2707 1 9 1
191 1 3 2722 242 2347 363
192 0 2 2736 1 9 1
193 1 2 2748 1 12 1
194 0 4 2760 1487 15702 2230
195 1 3 2776 109 1016 163
196 0 2 2791 2645 28651 3967
197 1 10 2803 1 3 1
198 1 3 2822 1 10 1
199 1 1 2837 1197 12517 1795
200 0 1 2847 210 2022 315
201 0 2 2858 1 11 1
202 0 17 2872 1 5 1
203 0 7 2893 499 2210 748
204 0 1 2911 4702 52213 7053
205 1 8 2922 45 163 67
206 1 8 2941 1 4 1
207 1 1 2959 465 4654 697
208 0 3 2968 1 10 1
209 1 4 2983 1 8 1
210 1 3 2999 116 1084 174
211 0 3 3014 41 362 61
212 0 2 3028 946 9787 1419
213 0 2 3040 1 8 1
214 0 6 3053 1 11 1
215 1 1 3070 4 33 6
216 0 2 3080 1 11 1
217 1 2 3094 124959 1581493 187438
218 1 1 3106 1 10 1
219 0 1 3114 305 2992 457
220 1 4 3125 1 9 1
221 1 3 3141 57 513 85
222 0 1 3156 1 9 1
223 1 2 3167 821 8439 1231
224 0 3 3179 3 25 4
225 0 1 3193 1 11 1
226 1 1 3204 1 9 1
227 1 5 3211 103 957 154
228 0 21 3227 1 4 1
229 0 2 3248 1 9 1
230 0 3 3261 1 11 1
231 1 2 3276 1 10 1
232 1 5 3288 11 90 16
233 1 2 3304 141 1331 211
234 0 1 3317 1 9 1
235 0 3 3328 3 25 4
236 0 16 3342 193 794 289
237 1 2 3363 1 8 1
238 0 1 3375 1 9 1
239 1 4 3386 5 41 7
240 1 5 3402 24 206 36
241 0 1 3418 2450 26450 3675
242 0 4 3429 17 143 25
243 0 9 3445 119 470 178
244 1 1 3464 2 17 3
245 1 2 3472 1 9 1
246 0 2 3485 1 9 1
247 1 4 3498 705 7195 1057
248 0 2 3513 91768 1148023 137652
249 0 11 3526 2 7 3
250 1 5 3545 5 41 7
251 1 1 3562 6002 67342 9003
252 0 1 3574 71 647 106
253 0 1 3583 4 33 6
254 1 3 3593 1 9 1
255 0 4 3608 15 125 22
