0 0 31 5 3 10 4
1 0 3 10 8 64 12
2 1 3 14 11 90 16
3 0 1 18 3061 33369 4591
4 1 2 21 9 72 13
5 1 20 25 1 3 1
6 1 4 30 1 11 1
7 1 4 34 1 11 1
8 1 2 38 682 6950 1023
9 1 4 42 1 10 1
10 0 2 46 25 215 37
11 1 1 50 166 1580 249
12 0 2 53 3066 33426 4599
13 1 4 56 1 9 1
14 0 1 60 23 197 34
15 0 4 63 5 41 7
16 1 3 67 17 143 25
17 0 2 71 6227 69975 9340
18 0 4 74 1 12 1
19 0 3 78 1 9 1
20 1 2 82 734 7505 1101
21 1 2 85 545 5496 817
22 1 2 88 63 570 94
23 0 1 91 234 2266 351
24 1 10 94 1 4 1
25 1 46 98 16 52 24
26 0 8 103 1 3 1
27 1 2 107 778 7976 1167
28 1 4 111 67 609 100
29 0 1 115 1 9 1
30 0 15 118 84179 515887 126268
31 1 9 122 116 457 174
32 1 2 126 1 9 1
33 0 7 129 2 6 3
34 1 2 133 4 33 6
35 0 3 137 1 11 1
36 0 10 141 1 5 1
37 1 5 145 1659 17604 2488
38 0 3 149 58 523 87
39 0 5 153 17 143 25
40 1 4 157 14 116 21
41 1 2 161 14 116 21
42 1 1 165 16234 189786 24351
43 1 2 168 1 11 1
44 1 1 172 13842 160779 20763
45 1 1 175 2 17 3
46 1 2 178 179 1710 268
47 0 3 182 5 41 7
48 0 2 186 1 10 1
49 1 3 189 18 152 27
50 0 6 193 1 10 1
51 0 14 197 12 38 18
52 0 1 201 1 9 1
53 0 3 204 51 457 76
54 1 8 208 102 398 153
55 1 2 212 2362 25459 3543
56 0 7 216 87 334 130
57 0 3 220 1 10 1
58 1 7 224 1 4 1
59 1 2 228 4 33 6
60 0 2 231 2 17 3
61 1 2 235 245 2378 367
62 0 2 238 743 7602 1114
63 0 6 242 1 9 1
64 1 9 246 3415 17304 5122
65 1 3 250 812 8342 1218
66 0 2 254 56 504 84
67 1 19 257 1 5 1
68 1 4 262 1 9 1
69 1 1 266 39 344 58
70 1 2 269 76805 954368 115207
71 1 4 272 1745 18559 2617
72 0 1 276 1 9 1
73 0 1 279 683 6960 1024
74 0 1 282 4 33 6
75 1 18 285 1 5 1
76 0 2 290 349 3445 523
77 0 2 294 3 25 4
78 0 1 298 5 41 7
79 1 2 299 188 1801 282
80 0 3 302 111 1035 166
81 0 4 306 7331 82947 10996
82 1 1 310 3 25 4
83 0 1 313 1 10 1
84 1 1 316 13 107 19
85 0 1 319 1634 17327 2451
86 1 8 322 791 3625 1186
87 1 2 326 75 685 112
88 1 2 329 1 12 1
89 0 2 333 1 10 1
90 1 4 337 1 11 1
91 1 1 341 1 10 1
92 1 3 344 4 33 6
93 0 6 348 5512 61622 8268
94 0 1 352 208722 2692255 313083
95 0 3 355 1 9 1
96 1 3 359 1 8 1
97 1 1 363 1 10 1
98 0 2 366 1630 17283 2445
99 0 2 370 1988 21266 2982
100 0 3 373 10 81 15
101 0 6 377 5 41 7
102 0 3 381 372 3684 558
103 0 1 385 4 33 6
104 1 1 388 3 25 4
105 1 2 391 311 3053 466
106 0 4 395 468 4685 702
107 0 3 399 29 252 43
108 0 4 403 2 17 3
109 0 4 407 801 8223 1201
110 1 3 411 326 3208 489
111 0 2 415 1 11 1
112 0 2 418 10 81 15
113 1 3 422 17 143 25
114 1 4 426 1 10 1
115 0 7 430 28263 162995 42394
116 0 2 434 6 48 9
117 1 2 438 163 1550 244
118 1 1 442 61 551 91
119 1 9 445 11 34 16
120 1 1 449 20865 246403 31297
121 1 11 452 6 18 9
122 1 2 456 4 33 6
123 1 1 459 1 12 1
124 1 1 461 41 363 61
125 0 3 464 3911 43089 5866
126 0 4 468 1 9 1
127 1 1 472 1 9 1
128 0 1 475 4714 52352 7071
129 1 2 478 25 215 37
130 0 3 482 234 2266 351
131 1 1 486 840 8643 1260
132 1 2 489 17 143 25
133 0 4 493 60133 740244 90199
134 0 2 497 6 48 9
135 1 1 501 3 25 4
136 0 1 504 3 25 4
137 1 1 507 1 9 1
138 1 3 510 6 48 9
139 0 2 514 1 9 1
140 1 8 518 1 5 1
141 0 1 522 2 17 3
142 0 1 525 1 10 1
143 0 1 528 1 9 1
144 1 3 531 45 400 67
145 1 1 535 1 10 1
146 1 10 538 1 4 1
147 0 13 542 12 38 18
148 1 1 546 1 11 1
149 1 2 549 1 11 1
150 0 2 553 22 188 33
151 1 3 556 47 419 70
152 1 1 560 1 10 1
153 1 1 562 682 6950 1023
154 1 3 565 77 705 115
155 1 4 569 1 9 1
156 1 2 573 1178 12309 1767
157 1 2 577 4 33 6
158 1 6 580 117 1094 175
159 1 7 584 1 4 1
160 1 2 588 14 116 21
161 1 2 591 70 637 105
162 0 2 595 25213 300008 37819
163 0 2 599 2 17 3
164 1 3 602 1 9 1
165 0 2 606 3 25 4
166 1 14 610 528 2348 792
167 0 2 614 1 9 1
168 1 4 617 1 9 1
169 0 23 621 8 24 12
170 1 4 626 547 5517 820
171 0 11 630 11339 61963 17008
172 0 1 634 2 17 3
173 0 1 637 1 9 1
174 1 3 640 25 215 37
175 1 11 644 9387 50709 14080
176 1 5 648 1 9 1
177 1 3 652 6 48 9
178 1 5 656 1 9 1
179 0 5 660 1 9 1
180 0 1 664 6294 70760 9441
181 0 2 667 79 724 118
182 1 12 670 3 9 4
183 0 1 674 3 25 4
184 0 2 677 4 33 6
185 0 7 681 3 9 4
186 0 8 685 328 1407 492
187 0 3 689 1 9 1
188 1 3 693 58 523 87
189 1 4 697 6 48 9
190 0 2 701 37 326 55
191 0 1 704 2155 23134 3232
192 0 5 707 13 107 19
193 0 2 711 14 116 21
194 1 2 714 1 9 1
195 1 7 717 45 163 67
196 1 1 721 1 9 1
197 0 3 724 761 7795 1141
198 1 2 728 468 4686 702
199 1 6 732 11657 134452 17485
200 0 2 736 2 17 3
201 0 1 740 16 134 24
202 0 2 743 4 33 6
203 1 3 747 1 9 1
204 1 11 751 1 5 1
205 1 4 755 6 48 9
206 1 2 759 27 233 40
207 0 5 762 1 9 1
208 1 10 766 31 108 46
209 0 3 770 83 762 124
210 1 2 774 1 9 1
211 1 2 778 9530 109011 14295
212 0 5 782 1 11 1
213 0 8 786 66 248 99
214 0 3 790 1 9 1
215 0 2 794 349 3445 523
216 0 18 797 6265 33005 9397
217 1 3 802 35 307 52
218 0 5 806 69900 865453 104850
219 1 14 810 1 5 1
220 0 6 814 271 1145 406
221 1 5 818 8 64 12
222 1 2 822 279 2725 418
223 1 2 825 34 298 51
224 1 8 829 216 896 324
225 1 7 833 1 5 1
226 0 6 837 1 10 1
227 0 9 841 176 719 264
228 0 34 845 2710 13524 4065
229 0 12 850 1 5 1
230 0 2 854 2 17 3
231 0 1 857 1 11 1
232 1 2 859 11 90 16
233 1 5 862 42 372 63
234 1 1 866 23 197 34
235 0 3 869 705 7195 1057
236 1 2 873 51 456 76
237 1 1 877 7 56 10
238 0 1 880 14 116 21
239 0 1 883 7 56 10
240 1 8 886 362 1565 543
241 1 2 890 2 17 3
242 0 4 893 1144 11938 1716
243 1 2 897 17 143 25
244 1 2 900 1 9 1
245 1 2 904 267 2602 400
246 1 12 908 441 1935 661
247 1 2 912 1 9 1
248 1 3 915 1 8 1
249 0 11 919 1 4 1
250 0 6 923 188 1800 282
251 1 3 927 2 17 3
252 0 2 931 14 116 21
253 1 9 935 33 116 49
254 1 2 939 5 40 7
255 1 1 942 1 12 1
256 1 3 945 41 363 61
257 1 2 949 21519 254441 32278
258 1 5 953 1 11 1
259 1 2 957 6 48 9
260 0 5 961 9 73 13
261 1 2 965 1 8 1
262 1 11 968 1 4 1
263 1 1 972 4 32 6
264 1 2 975 19 161 28
265 1 2 978 17 143 25
266 0 3 982 2192 23549 3288
267 0 3 986 1 11 1
268 1 1 990 663 6747 994
269 0 3 993 1 8 1
270 1 1 997 2323 25020 3484
271 1 2 1000 1 9 1
272 1 2 1004 10 81 15
273 1 5 1008 1 12 1
274 1 1 1012 20 170 30
275 1 22 1015 5 15 7
276 0 5 1020 2 17 3
277 1 2 1024 1 9 1
278 1 2 1028 1 11 1
279 0 4 1032 21996 260309 32994
280 0 13 1036 1 3 1
281 0 6 1040 1 4 1
282 1 3 1044 229 2215 343
283 0 5 1048 32 279 48
284 1 2 1052 1 10 1
285 0 1 1056 1 9 1
286 1 2 1059 1 10 1
287 0 1 1062 34 298 51
288 0 15 1065 291 1237 436
289 1 11 1069 410 1789 615
290 1 2 1073 2 17 3
291 1 1 1077 624 6332 936
292 0 1 1080 27477 328065 41215
293 0 3 1083 7 56 10
294 0 1 1087 10397 119356 15595
295 1 27 1090 184 754 276
296 1 1 1095 33 288 49
297 1 3 1097 16932 198284 25398
298 1 1 1101 41304660 636089071 61956990
299 1 4 1104 3 25 4
300 1 32 1108 2 6 3
301 1 7 1113 1 4 1
302 0 1 1117 98 908 147
303 1 2 1120 3 25 4
304 1 5 1124 42 372 63
305 1 1 1128 1 9 1
306 1 1 1131 5163 57561 7744
307 0 5 1134 1 10 1
308 0 4 1138 1 10 1
309 1 8 1142 2581 12839 3871
310 0 1 1146 1 8 1
311 1 4 1149 3 25 4
312 1 2 1153 81 743 121
313 0 1 1156 1 9 1
314 1 3 1159 1 9 1
315 1 4 1163 1111 11578 1666
316 0 3 1167 43 381 64
317 0 2 1171 109 1016 163
318 0 1 1175 158 1500 237
319 0 7 1178 102 398 153
320 1 5 1182 32 279 48
321 1 3 1186 1 9 1
322 1 2 1190 1 10 1
323 0 19 1194 1 3 1
324 1 11 1199 60 223 90
325 0 3 1203 35 307 52
326 1 1 1207 1 9 1
327 1 1 1210 6 48 9
328 1 2 1213 1 9 1
329 0 4 1217 12 99 18
330 1 1 1221 25 215 37
331 0 4 1224 743 7602 1114
332 0 2 1228 1 10 1
333 1 4 1231 1 9 1
334 1 3 1235 1 10 1
335 1 4 1239 8 64 12
336 0 1 1243 6936 78296 10404
337 1 4 1246 239 2316 358
338 0 7 1250 1 4 1
339 1 11 1254 58 215 87
340 0 4 1258 1 9 1
341 1 8 1262 53 195 79
342 0 3 1266 4 33 6
343 1 2 1270 792 8127 1188
344 1 5 1274 1 10 1
345 0 7 1278 2 6 3
346 1 1 1282 11 90 16
347 0 2 1285 8 64 12
348 0 6 1289 2155 10591 3232
349 0 1 1293 1 9 1
350 0 1 1296 684 6971 1026
351 1 1 1299 1 10 1
352 0 5 1302 55 494 82
353 1 5 1306 28 242 42
354 0 6 1310 63 570 94
355 0 2 1314 4 33 6
356 0 18 1318 45 163 67
357 1 10 1323 1 4 1
358 0 2 1327 1 8 1
359 1 2 1330 367 3632 550
360 1 4 1333 16 134 24
361 1 1 1337 8 64 12
362 1 2 1340 8056 91510 12084
363 1 3 1343 752 7698 1128
364 0 1 1347 35 307 52
365 0 1 1350 7 56 10
366 1 2 1353 1 9 1
367 1 2 1357 38 335 57
368 1 3 1361 2 17 3
369 1 2 1365 160 1520 240
370 0 3 1368 4 33 6
371 0 3 1372 10721 123231 16081
372 0 4 1376 171 1630 256
373 1 8 1380 23 78 34
374 1 1 1384 1 9 1
375 1 9 1387 31 108 46
376 0 1 1391 437 4361 655
377 1 4 1394 1 10 1
378 0 2 1398 531 5348 796
379 0 8 1401 5 15 7
380 1 2 1405 1 9 1
381 0 4 1409 12 99 18
382 1 8 1413 13 41 19
383 1 1 1417 113 1055 169
384 0 4 1420 933 9646 1399
385 1 2 1424 228 2205 342
386 1 10 1428 5 15 7
387 0 5 1432 6336 71252 9504
388 1 2 1436 410 4079 615
389 0 6 1440 3128 15759 4692
390 0 4 1444 1 11 1
391 1 1 1448 12 99 18
392 1 2 1451 1226 12834 1839
393 1 1 1454 45873 558828 68809
394 0 1 1457 1 9 1
395 1 1 1460 6 48 9
396 1 1 1463 1 9 1
397 0 2 1466 26 224 39
398 0 2 1469 104 967 156
399 1 9 1472 97 376 145
400 1 18 1476 1 4 1
401 0 13 1481 1 3 1
402 1 7 1485 1 3 1
403 1 4 1489 355 3508 532
404 1 1 1493 1 9 1
405 1 12 1496 1 4 1
406 0 1 1500 2149 23067 3223
407 1 1 1503 1 10 1
408 0 18 1506 3828 19542 5742
409 0 3 1511 1 9 1
410 0 11 1515 179 731 268
411 0 2 1519 1 8 1
412 1 2 1523 1 9 1
413 1 1 1527 1 9 1
414 0 5 1530 1115 11622 1672
415 1 5 1534 2 17 3
416 0 8 1538 1 3 1
417 0 12 1542 68 256 102
418 1 6 1546 2 17 3
419 0 3 1550 1 11 1
420 1 2 1554 1 10 1
421 0 2 1557 23 197 34
422 1 6 1561 1 12 1
423 0 2 1565 4 33 6
424 0 6 1569 3725 40953 5587
425 0 1 1573 1 9 1
426 0 7 1575 29 100 43
427 1 2 1579 36 316 54
428 1 3 1582 227 2195 340
429 1 1 1586 1 9 1
430 1 7 1589 213 883 319
431 0 3 1593 66 599 99
432 0 1 1597 1 14 1
433 0 2 1600 2647 28674 3970
434 0 1 1604 1005 10426 1507
435 0 4 1607 21 179 31
436 0 2 1611 14 116 21
437 1 4 1615 6 48 9
438 0 22 1619 32787 190697 49180
439 0 5 1624 8 64 12
440 0 1 1628 1 9 1
441 0 2 1631 286 2796 429
442 0 1 1634 51 457 76
443 1 4 1637 2 17 3
444 1 2 1641 14 116 21
445 0 6 1645 45 163 67
446 1 4 1649 2873 31234 4309
447 1 1 1653 8 64 12
448 0 1 1656 12 99 18
449 1 3 1658 3827 42124 5740
450 0 2 1662 1 8 1
451 0 2 1666 230 2225 345
452 0 1 1670 164 1560 246
453 0 3 1672 58 523 87
454 0 8 1676 1146 5392 1719
455 1 2 1680 1 12 1
456 0 1 1684 818 8406 1227
457 0 1 1687 26759 319157 40138
458 0 4 1690 517 5201 775
459 1 1 1694 1 9 1
460 1 3 1697 5 40 7
461 1 2 1701 1 12 1
462 1 1 1704 66 599 99
463 0 3 1706 70 638 105
464 1 13 1710 6 18 9
465 0 1 1714 70 637 105
466 0 2 1717 170 1620 255
467 0 1 1720 8 64 12
468 1 1 1723 1 10 1
469 1 1 1726 1 9 1
470 0 1 1728 9 73 13
471 1 2 1731 1 10 1
472 1 7 1735 296 1260 444
473 1 1 1739 1 10 1
474 1 9 1742 1 4 1
475 0 2 1746 234 2266 351
476 1 9 1749 7 21 10
477 0 9 1753 3 9 4
478 1 2 1757 9897 113386 14845
479 1 5 1761 10 81 15
480 0 1 1765 10890 125254 16335
481 1 3 1768 1 9 1
482 1 9 1772 1 3 1
483 0 2 1776 83 762 124
484 0 2 1780 1 10 1
485 0 1 1784 1 9 1
486 1 2 1787 1 11 1
487 1 2 1790 434 4329 651
488 1 3 1794 3042 33153 4563
489 0 2 1798 193 1851 289
490 1 2 1801 147 1391 220
491 1 2 1805 582 5887 873
492 0 6 1808 41 363 61
493 1 3 1812 1 12 1
494 1 2 1816 2 17 3
495 0 2 1820 2 17 3
496 0 16 1824 600 2694 900
497 1 3 1829 860 8858 1290
498 0 28 1833 248 1041 372
499 1 2 1838 1 9 1
500 0 9 1841 459 2020 688
501 0 2 1845 130 1222 195
502 0 1 1849 4444 49229 6666
503 0 1 1852 162 1540 243
504 1 69 1855 4 12 6
505 0 6 1860 567 5728 850
506 0 1 1864 1 9 1
507 1 13 1867 142 569 213
508 1 6 1871 1 11 1
509 1 4 1875 962 9960 1443
510 1 4 1879 5 41 7
511 1 1 1883 74 676 111
512 0 4 1886 1 9 1
513 0 5 1890 2 17 3
514 1 1 1894 25 215 37
515 1 1 1897 38 335 57
516 0 2 1900 1 9 1
517 0 4 1904 3 25 4
518 1 2 1908 1 8 1
519 0 4 1911 1 10 1
520 0 1 1915 36 316 54
521 1 1 1918 1 11 1
522 1 1 1921 11 90 16
523 1 13 1924 9 27 13
524 0 1 1928 1 9 1
525 0 5 1931 14 116 21
526 1 5 1935 4 32 6
527 1 7 1939 29342 169581 44013
528 1 1 1943 1 11 1
529 0 3 1946 1 9 1
530 1 7 1950 85 326 127
531 1 1 1954 6 48 9
532 1 6 1957 1105 11513 1657
533 1 1 1961 563 5686 844
534 0 3 1964 2 17 3
535 1 5 1968 1 11 1
536 1 7 1972 25 85 37
537 1 2 1976 122 1143 183
538 1 4 1980 1 11 1
539 1 3 1984 1 9 1
540 1 1 1988 888 9160 1332
541 0 1 1991 1 8 1
542 1 2 1994 8 64 12
543 1 3 1997 1 10 1
544 1 1 2001 2 17 3
545 1 1 2004 4 33 6
546 0 1 2007 11 90 16
547 1 5 2010 289 2827 433
548 1 1 2014 2 17 3
549 1 2 2017 9 73 13
550 0 3 2020 1 9 1
551 0 3 2024 513 5158 769
552 0 1 2028 1 9 1
553 0 2 2031 14 116 21
554 1 1 2035 62 561 93
555 1 4 2038 4 33 6
556 1 2 2042 3 25 4
557 0 3 2046 6 48 9
558 0 5 2050 10 81 15
559 1 2 2054 2 17 3
560 0 1 2057 30 261 45
561 1 5 2060 1 10 1
562 0 2 2064 91570 1145452 137355
563 0 1 2068 1 11 1
564 0 1 2071 1238 12965 1857
565 1 1 2074 2 17 3
566 0 1 2077 1 10 1
567 1 3 2080 376 3725 564
568 1 3 2084 586 5929 879
569 0 1 2088 1 9 1
570 1 5 2091 551 5559 826
571 0 1 2095 3 25 4
572 1 1 2098 2457 26529 3685
573 0 2 2101 1 9 1
574 1 2 2104 44 391 66
575 0 4 2108 1 10 1
576 0 1 2112 641 6513 961
577 1 1 2115 1 9 1
578 0 65 2118 121 479 181
579 1 12 2123 1 3 1
580 1 2 2127 1 9 1
581 1 2 2131 1 9 1
582 1 5 2135 34 298 51
583 1 1 2139 2 17 3
584 1 2 2142 14 116 21
585 1 5 2145 7 56 10
586 1 3 2149 1 10 1
587 1 4 2153 1 9 1
588 1 1 2157 3 25 4
589 0 1 2160 50 447 75
590 0 3 2163 3 25 4
591 1 1 2167 1 9 1
592 1 1 2170 18 152 27
593 1 3 2173 5 41 7
594 0 5 2177 14 116 21
595 0 4 2181 1 9 1
596 1 3 2185 1 13 1
597 0 9 2189 113087 704103 169630
598 0 10 2193 3 10 4
599 1 15 2197 1 4 1
600 0 2 2201 1 13 1
601 1 5 2205 328 3228 492
602 0 5 2209 1 10 1
603 0 2 2213 5 40 7
604 1 3 2216 27 233 40
605 1 40 2220 479450 3214470 719175
606 1 2 2225 492404 6551311 738606
607 0 3 2228 1 12 1
608 0 2 2232 33233 399780 49849
609 0 3 2236 10 81 15
610 1 6 2240 2 17 3
611 1 1 2244 25 215 37
612 1 6 2247 5 15 7
613 1 1 2251 4 33 6
614 0 6 2254 1 11 1
615 1 4 2258 2468212 34720891 3702318
616 0 14 2262 8849 47630 13273
617 1 19 2266 7171 38099 10756
618 0 4 2271 1321 13875 1981
619 0 2 2275 4289 47440 6433
620 1 1 2279 15 125 22
621 0 13 2282 1 4 1
622 0 2 2286 5 41 7
623 0 2 2289 11 90 16
624 1 2 2293 2697 29239 4045
625 1 1 2297 1 9 1
626 1 1 2300 5 41 7
627 0 7 2303 1 4 1
628 0 3 2307 701 7153 1051
629 0 4 2311 263 2561 394
630 0 8 2315 86 330 129
631 0 7 2319 1 3 1
632 1 1 2323 1 9 1
633 1 1 2326 12 99 18
634 1 13 2329 467 2058 700
635 0 1 2333 11 90 16
636 1 2 2336 2 17 3
637 0 2 2340 3 25 4
638 0 1 2343 9 73 13
639 1 1 2346 30 261 45
640 0 1 2349 123 1153 184
641 0 1 2352 3830 42158 5745
642 0 1 2354 248 2408 372
643 1 5 2357 1 9 1
644 1 1 2361 15 125 22
645 0 2 2364 1 9 1
646 0 2 2367 1 9 1
647 0 2 2370 1 11 1
648 0 3 2374 1 8 1
649 0 1 2378 2 17 3
650 0 6 2381 2 17 3
651 1 2 2385 32789 394230 49183
652 1 4 2388 1 10 1
653 0 2 2392 20 170 30
654 1 3 2396 2228 23953 3342
655 1 1 2400 5 40 7
656 1 8 2403 15 49 22
657 0 4 2407 1 9 1
658 0 1 2411 2060 22071 3090
659 1 1 2414 1 9 1
660 1 11 2417 8864 47716 13296
661 0 5 2421 20 170 30
662 0 1 2425 1 9 1
663 1 1 2428 4 33 6
664 1 4 2431 2 17 3
665 1 6 2435 330 3249 495
666 0 10 2439 1 3 1
667 1 1 2443 6 48 9
668 1 2 2445 48 428 72
669 1 5 2449 114 1065 171
670 0 8 2453 1 4 1
671 1 1 2457 848 8729 1272
672 1 1 2460 2111 22641 3166
673 1 2 2463 1 12 1
674 0 12 2466 39408 231606 59112
675 1 2 2470 9 73 13
676 0 3 2474 1266 13272 1899
677 1 2 2478 4 33 6
678 0 6 2482 6 18 9
679 1 12 2486 289 1227 433
680 0 5 2490 49 438 73
681 1 3 2494 1 11 1
682 0 1 2498 87 801 130
683 0 3 2501 4 33 6
684 0 2 2505 1 8 1
685 1 2 2508 1 12 1
686 1 9 2512 2 6 3
687 1 9 2516 16 52 24
688 0 1 2520 2 17 3
689 1 15 2523 2 7 3
690 0 3 2527 1325 13919 1987
691 1 4 2531 1430 15074 2145
692 1 2 2535 2 17 3
693 1 1 2539 431 4298 646
694 1 4 2542 1 10 1
695 0 3 2546 61 552 91
696 0 1 2550 1 11 1
697 0 4 2553 68 618 102
698 1 3 2557 132 1242 198
699 0 8 2561 68 256 102
700 1 15 2565 4927 25564 7390
701 0 4 2569 2115 22686 3172
702 1 3 2573 1 12 1
703 0 1 2577 1 10 1
704 0 22 2580 1 4 1
705 1 2 2585 26 224 39
706 0 4 2589 1 11 1
707 1 1 2593 27 233 40
708 0 10 2596 1 3 1
709 0 1 2600 9 73 13
710 1 14 2602 8 24 12
711 0 2 2606 2 17 3
712 0 14 2610 1 4 1
713 1 9 2614 56542 339065 84813
714 0 1 2618 5 40 7
715 1 4 2621 478 4790 717
716 1 23 2625 16 52 24
717 1 4 2630 1 9 1
718 1 2 2634 6 48 9
719 1 19 2638 1 3 1
720 0 2 2643 9 72 13
721 0 7 2647 1 5 1
722 1 3 2651 2 17 3
723 0 3 2655 35580 429161 53370
724 1 1 2659 1 9 1
725 0 4 2662 30 261 45
726 1 5 2666 1 9 1
727 0 2 2670 14 116 21
728 1 1 2673 10367 118998 15550
729 0 4 2676 1 9 1
730 1 1 2680 117 1094 175
731 0 3 2683 2208 23729 3312
732 1 2 2687 1 11 1
733 0 4 2690 1 11 1
734 1 2 2694 25 215 37
735 0 6 2698 1 5 1
736 1 36 2702 4 12 6
737 1 4 2707 6 48 9
738 1 1 2711 1 10 1
739 1 22 2714 1904 9279 2856
740 1 1 2719 1 10 1
741 0 4 2722 211 2032 316
742 0 1 2726 25 215 37
743 0 6 2729 1 9 1
744 0 5 2733 9 73 13
745 0 6 2737 1 10 1
746 0 1 2741 95 879 142
747 1 6 2744 71 647 106
748 1 1 2748 1 9 1
749 1 3 2750 46 409 69
750 0 6 2754 1 9 1
751 0 4 2758 2 17 3
752 1 5 2762 3 25 4
753 0 1 2766 17 143 25
754 0 4 2769 16 134 24
755 1 11 2773 25 85 37
756 1 1 2777 4079 45021 6118
757 1 12 2780 4156 21329 6234
758 0 1 2784 119 1114 178
759 1 1 2787 273 2663 409
760 1 1 2790 133 1252 199
761 1 5 2793 13 107 19
762 0 1 2797 34 298 51
763 1 23 2800 96 372 144
764 0 2 2805 79 724 118
765 1 13 2809 41 147 61
766 1 3 2813 23 197 34
767 1 3 2817 60 542 90
768 0 4 2821 26 224 39
769 1 9 2825 61 227 91
770 1 3 2829 1 9 1
771 1 3 2833 2 17 3
772 0 6 2837 90 347 135
773 1 3 2841 1 9 1
774 0 3 2845 90 830 135
775 0 2 2849 1 12 1
776 1 3 2853 1 10 1
777 1 3 2857 41 362 61
778 0 2 2861 1193 12473 1789
779 0 3 2865 1 10 1
780 0 1 2869 1 10 1
781 0 1 2872 7 56 10
782 1 15 2875 1 5 1
783 1 1 2879 1 8 1
784 1 8 2882 4 12 6
785 0 1 2886 183639 2357593 275458
786 1 20 2889 19 63 28
787 1 1 2894 96 888 144
788 1 4 2897 198916 2561242 298374
789 1 17 2901 1 3 1
790 1 3 2906 262 2551 393
791 1 3 2910 7 56 10
792 1 9 2914 50 183 75
793 1 32 2918 1 5 1
794 1 1 2923 1 10 1
795 0 1 2926 1 9 1
796 1 2 2929 45 400 67
797 1 2 2933 1 12 1
798 0 2 2937 2 17 3
799 0 2 2941 1 10 1
800 0 2 2945 2 17 3
801 0 10 2949 3 9 4
802 0 9 2953 1 3 1
803 1 1 2957 8 64 12
804 0 2 2960 2 17 3
805 1 4 2963 6 48 9
806 0 3 2967 2 17 3
807 0 9 2971 14 45 21
808 1 2 2975 3 25 4
809 1 2 2978 884014 12006274 1326021
810 0 1 2981 28047 335143 42070
811 1 6 2984 29 100 43
812 1 19 2988 21 70 31
813 0 14 2993 1 4 1
814 1 14 2997 4 12 6
815 0 2 3001 5774 64678 8661
816 0 1 3005 1 10 1
817 0 3 3008 147 1391 220
818 0 2 3012 5208 58084 7812
819 1 1 3015 807 8288 1210
820 0 11 3018 1 4 1
821 0 5 3022 5 40 7
822 1 2 3026 68 618 102
823 0 1 3030 8518 96982 12777
824 1 1 3033 6953 78496 10429
825 1 12 3036 1 5 1
826 1 2 3040 1 11 1
827 1 2 3044 5 40 7
828 0 2 3047 1 9 1
829 1 5 3050 1 11 1
830 0 2 3054 1 9 1
831 0 12 3058 1 4 1
832 0 3 3062 13590 157733 20385
833 1 4 3066 1066091 14573603 1599136
834 0 1 3070 118 1104 177
835 1 6 3073 20 170 30
836 0 1 3077 1 10 1
837 1 7 3079 1 3 1
838 1 8 3083 4 12 6
839 1 6 3087 52 466 78
840 1 1 3091 1107 11535 1660
841 0 1 3094 56 504 84
842 1 3 3097 6099 68477 9148
843 1 2 3101 1 10 1
844 0 6 3105 36 128 54
845 1 2 3109 10 81 15
846 1 1 3113 2 17 3
847 0 3 3116 25332 301481 37998
848 0 2 3120 1 10 1
849 1 11 3124 414 1808 621
850 1 6 3128 1 3 1
851 0 1 3132 23 197 34
852 0 5 3135 1 10 1
853 0 14 3139 145 582 217
854 1 2 3143 8 64 12
855 0 4 3146 10 81 15
856 0 2 3150 1 9 1
857 1 3 3153 8 64 12
858 1 1 3157 1856 19793 2784
859 0 1 3160 1219 12757 1828
860 0 12 3163 1 3 1
861 0 3 3167 1381084 19048711 2071626
862 0 4 3171 8 64 12
863 1 1 3175 220 2124 330
864 1 1 3178 1 8 1
865 0 1 3181 3 25 4
866 1 13 3184 1 4 1
867 0 3 3188 13 107 19
868 1 2 3192 1 12 1
869 1 1 3195 5 40 7
870 0 4 3198 5793 64900 8689
871 1 2 3202 125706 1591301 188559
872 1 2 3205 317 3115 475
873 1 3 3209 6 48 9
874 0 2 3213 1 9 1
875 1 16 3216 1 4 1
876 0 2 3220 2 17 3
877 1 3 3224 1 10 1
878 0 1 3228 1 9 1
879 1 3 3231 114 1065 171
880 1 3 3235 213 2053 319
881 0 1 3239 1913 20429 2869
882 1 2 3242 1 9 1
883 1 5 3246 1 9 1
884 1 1 3250 1 9 1
885 0 3 3253 1 10 1
886 0 3 3257 5 41 7
887 0 4 3261 3 25 4
888 1 10 3265 9626 52080 14439
889 0 1 3269 2043 21880 3064
890 0 8 3272 29 100 43
891 0 6 3276 2 6 3
892 0 2 3280 14 116 21
893 0 2 3284 23 197 34
894 1 4 3288 3 25 4
895 0 1 3292 54 485 81
896 1 6 3295 11 90 16
897 0 2 3299 1 11 1
898 1 5 3303 2 17 3
899 0 2 3307 4 32 6
900 1 1 3311 45 400 67
901 1 2 3314 4 33 6
902 1 2 3317 18 152 27
903 1 2 3321 10 81 15
904 1 3 3325 1449474 20025123 2174211
905 1 3 3329 2880 31313 4320
906 1 8 3333 498 2205 747
907 0 2 3337 16 134 24
908 0 5 3341 10 81 15
909 1 3 3345 41705 506174 62557
910 1 12 3349 284 1204 426
911 1 6 3353 98 908 147
912 1 16 3357 1 3 1
913 0 2 3362 1 8 1
914 1 5 3366 2 17 3
915 0 20 3370 34 120 51
916 0 3 3375 12476 144299 18714
917 0 21 3379 1 4 1
918 1 1 3384 7 56 10
919 0 1 3387 14 116 21
920 0 3 3389 2 17 3
921 1 2 3393 79 724 118
922 1 3 3397 1299 13634 1948
923 1 1 3401 12 98 18
924 1 2 3404 523 5264 784
925 0 12 3408 6291 33150 9436
926 0 3 3412 67 608 100
927 0 17 3416 828 3807 1242
928 0 1 3421 1 9 1
929 1 5 3423 261 2540 391
930 1 3 3427 1128 11764 1692
931 0 6 3431 51 457 76
932 1 3 3435 11 90 16
933 0 2 3439 4 33 6
934 1 10 3443 30 104 45
935 1 1 3447 1 9 1
936 1 9 3450 142 569 213
937 1 2 3454 1 10 1
938 1 13 3457 1 3 1
939 0 2 3461 182 1740 273
940 1 2 3465 9 72 13
941 1 3 3468 1 9 1
942 1 2 3472 240 2327 360
943 0 2 3476 1562 16530 2343
944 0 3 3479 1 9 1
945 0 3 3483 1 9 1
946 1 3 3487 1 9 1
947 0 5 3491 7212 81545 10818
948 0 19 3495 1 3 1
949 1 4 3500 6 48 9
950 1 4 3504 1 10 1
951 0 2 3508 1 9 1
952 0 5 3512 2 17 3
953 1 2 3516 1 9 1
954 0 2 3520 397 3944 595
955 0 10 3523 275 1163 412
956 1 1 3527 2 17 3
957 0 88 3530 1 4 1
958 0 3 3535 1 9 1
959 1 6 3539 1 9 1
960 1 1 3543 2 17 3
961 1 1 3546 543 5475 814
962 0 18 3549 4 12 6
963 0 17 3554 22 74 33
964 0 1 3559 1 9 1
965 1 1 3562 96 889 144
966 1 8 3564 85 326 127
967 0 16 3568 2 6 3
968 1 8 3573 7 21 10
969 0 2 3577 1160 12113 1740
970 1 8 3581 107 419 160
971 1 5 3585 41 363 61
972 1 9 3589 93 359 139
973 1 1 3593 23 197 34
974 1 2 3596 6 48 9
975 1 1 3599 7 56 10
976 0 13 3602 246 1032 369
977 1 1 3606 1882 20083 2823
