0 0 18 5 1 4 1
1 1 1 23 2 17 3
2 1 9 35 5041 26194 7561
3 1 4 52 6 48 9
4 0 1 68 1 11 1
5 1 25 79 1 4 1
6 0 1 98 2 17 3
7 1 3 111 5 40 7
8 1 4 126 1444 15228 2166
9 1 3 142 7 56 10
10 0 1 157 1 9 1
11 1 11 170 32 112 48
12 1 19 188 1 4 1
13 1 4 206 41 363 61
14 0 1 222 1 8 1
15 1 3 235 1 9 1
16 0 8 250 1 3 1
17 0 2 267 3 25 4
18 0 8 281 1552 7459 2328
19 1 2 298 4 33 6
20 1 5 312 83 762 124
21 0 8 328 3074 15469 4611
22 0 10 345 1 4 1
23 0 4 362 2 17 3
24 0 1 378 1 10 1
25 0 3 391 1 9 1
26 0 5 406 6 48 9
27 0 1 422 343 3383 514
28 1 8 430 22 74 33
29 1 17 447 9571 51765 14356
30 0 2 465 1 12 1
31 0 2 480 17 143 25
32 0 7 494 1 3 1
33 1 4 511 6 48 9
34 1 5 527 1 12 1
35 0 4 543 895 9236 1342
36 0 4 559 4 32 6
37 1 36 575 3 9 4
38 1 3 594 6 48 9
39 0 1 609 1 9 1
40 0 3 621 443979 5885288 665968
41 1 2 636 563 5686 844
42 0 4 650 1 9 1
43 1 3 666 2 17 3
44 0 18 681 2 7 3
45 1 3 699 15 125 22
46 0 1 714 78 714 117
47 0 8 725 24 81 36
48 1 3 742 9 72 13
49 0 2 758 1 11 1
50 0 5 773 1 10 1
51 0 13 789 29482 170437 44223
52 0 3 807 1 9 1
53 0 15 822 3 9 4
54 1 2 840 23075 273601 34612
55 1 3 855 1 10 1
56 0 17 870 5 15 7
57 0 10 888 3 10 4
58 0 8 905 13 41 19
59 0 4 922 1 9 1
60 1 12 938 1 4 1
61 1 2 956 1788 19037 2682
62 1 1 970 21 179 31
63 1 2 982 22 188 33
64 0 3 996 269 2623 403
65 0 5 1011 94 869 141
66 0 3 1027 84 772 126
67 0 2 1042 1 9 1
68 0 12 1057 1 4 1
69 0 4 1075 2 17 3
70 0 2 1091 1415 14909 2122
71 1 1 1105 723 7387 1084
72 0 2 1115 2 17 3
73 1 3 1130 1 12 1
74 0 4 1145 1044 10849 1566
75 1 18 1161 5 15 7
76 0 2 1179 2 17 3
77 0 10 1194 79 301 118
78 1 82 1211 1 4 1
79 0 1 1231 3 25 4
80 1 4 1241 4 33 6
81 0 2 1257 1 9 1
82 1 1 1271 95 879 142
83 1 1 1284 1 9 1
84 0 1 1297 6 48 9
85 0 2 1310 4 33 6
86 1 1 1324 1 9 1
87 0 6 1337 1 10 1
88 0 7 1353 22 74 33
89 0 3 1370 1686 17904 2529
90 0 1 1386 1 9 1
91 1 10 1399 1 4 1
92 1 2 1416 19 161 28
93 1 2 1430 2 17 3
94 0 3 1444 57 513 85
95 0 4 1459 13 107 19
96 0 1 1475 1 13 1
97 0 3 1488 1 9 1
98 1 5 1503 393 3902 589
99 1 1 1519 1 10 1
100 0 10 1532 301 1282 451
101 0 4 1549 1 10 1
102 0 3 1565 1422 14986 2133
103 0 10 1580 1 4 1
104 0 2 1597 15 125 22
105 0 6 1611 2 6 3
106 0 4 1628 1 10 1
107 0 16 1644 1 3 1
108 1 4 1662 33 288 49
109 0 6 1678 4 12 6
110 1 2 1695 7 56 10
111 0 1 1710 44 391 66
112 0 4 1723 1 9 1
113 0 6 1739 60 223 90
114 0 2 1756 47 419 70
115 0 10 1770 429 1878 643
116 0 23 1787 1 6 1
117 0 1 1805 366 3621 549
118 0 1 1815 31040 372396 46560
119 0 2 1826 55 494 82
120 0 3 1840 1 11 1
121 0 3 1855 1 11 1
122 1 2 1870 1 9 1
123 0 5 1884 1 11 1
124 1 2 1900 45 400 67
125 1 5 1914 7 56 10
126 1 2 1930 36 316 54
127 0 4 1944 1 10 1
128 1 11 1960 1 4 1
129 0 1 1978 90 830 135
130 0 1 1991 29 251 43
131 0 24 2003 1 3 1
132 0 2 2022 2 17 3
133 1 11 2036 1 4 1
134 1 6 2053 1 10 1
135 1 4 2070 26 224 39
136 0 1 2086 8364 95157 12546
137 0 4 2097 3 25 4
138 0 3 2113 1 10 1
139 1 1 2128 2 17 3
140 1 7 2138 85 326 127
141 0 2 2155 1 14 1
142 1 2 2169 280 2735 420
143 0 1 2183 5 40 7
144 1 4 2196 8 64 12
145 0 3 2212 2 17 3
146 0 2 2227 1 11 1
147 1 3 2241 1 9 1
148 0 3 2256 6 48 9
149 0 4 2272 1 10 1
150 0 3 2288 26 224 39
151 1 5 2304 191 1831 286
152 1 1 2320 1460 15405 2190
153 1 3 2330 3 25 4
154 0 7 2345 1 5 1
155 1 1 2362 24 206 36
156 0 2 2374 75 685 112
157 0 6 2389 1 5 1
158 1 6 2406 1 13 1
159 0 2 2422 87 801 130
160 0 2 2436 3 25 4
161 0 9 2450 1 6 1
162 1 1 2467 2 17 3
163 0 19 2480 17 56 25
164 1 4 2498 26 224 39
165 0 9 2514 130 518 195
166 1 7 2531 28 97 42
167 1 2 2548 9 72 13
168 1 2 2563 3542 38857 5313
169 1 3 2577 1 10 1
170 1 1 2592 3 25 4
171 1 12 2603 1 4 1
172 1 2 2621 1 8 1
173 0 1 2635 12 99 18
174 0 7 2645 719 3272 1078
175 0 4 2662 1 12 1
176 0 3 2678 137 1291 205
177 0 3 2693 71 647 106
178 0 11 2708 4 13 6
179 1 8 2726 1 3 1
180 1 11 2743 102 398 153
181 0 7 2760 2 6 3
182 0 1 2777 3 25 4
183 1 3 2789 4 33 6
184 1 3 2804 1 9 1
185 0 24 2819 6 18 9
186 1 4 2837 1 9 1
187 0 3 2853 1 11 1
188 0 3 2868 4 32 6
189 1 9 2883 201 829 301
190 0 2 2900 1 9 1
191 0 1 2914 1 9 1
192 1 1 2926 1 10 1
193 1 3 2939 3 25 4
194 0 9 2954 1 4 1
195 0 10 2971 1 5 1
196 0 5 2988 1 9 1
197 1 3 3004 3 25 4
198 1 2 3019 9 73 13
199 1 4 3034 42229 512783 63343
200 0 3 3050 102 947 153
201 0 3 3065 39 344 58
202 0 3 3080 34 297 51
203 0 4 3095 1 11 1
204 0 9 3111 1 3 1
205 0 1 3128 1 9 1
206 0 2 3141 1 10 1
207 1 1 3155 1 10 1
208 1 1 3167 1 9 1
209 1 2 3177 60 542 90
210 0 2 3192 1 8 1
211 1 1 3206 3 25 4
212 0 2 3217 7 56 10
213 0 4 3231 2 17 3
214 0 3 3247 1 9 1
215 1 9 3262 1 4 1
216 0 15 3279 1079 5055 1618
217 1 2 3297 21 179 31
218 0 2 3311 2 17 3
219 1 4 3326 1 9 1
220 1 1 3342 5 41 7
221 1 2 3355 1150 12004 1725
222 1 4 3369 7 56 10
223 1 13 3385 76 289 114
224 0 1 3403 73 666 109
225 1 5 3415 1 9 1
226 0 9 3431 424 1855 636
227 1 6 3448 3 25 4
228 1 10 3465 985 4585 1477
229 1 3 3482 50 447 75
230 0 3 3497 2 17 3
231 1 5 3513 20365 240265 30547
232 0 3 3529 1 10 1
233 1 1 3544 346 3414 519
234 1 17 3556 1 4 1
235 1 8 3574 3 10 4
236 1 5 3591 3 25 4
237 1 5 3607 5 41 7
