0 0 6 5 1 3 1
1 0 1 22 96 888 144
2 1 9 35 1 4 1
3 0 4 52 2 6 3
4 0 4 68 1 5 1
5 1 3 84 2 7 3
6 0 9 99 2 7 3
7 0 6 116 3 10 4
8 0 2 133 3447 37771 5170
9 1 4 147 1 4 1
10 0 1 163 816 8385 1224
11 0 4 176 2 7 3
12 0 1 192 371215 4889314 556822
13 1 4 202 14614 81088 21921
14 0 1 218 521 5243 781
15 1 7 230 29 100 43
16 1 3 247 74 676 111
17 0 3 262 14959 174302 22438
18 0 5 277 6 18 9
19 1 1 293 3472 38057 5208
20 1 27 304 104513 647991 156769
21 1 14 323 15 48 22
22 0 1 341 10606 121855 15909
23 0 2 354 1 9 1
24 1 2 368 4 33 6
25 0 2 383 31 270 46
26 0 1 397 14 116 21
27 0 6 408 1 5 1
28 1 3 425 321 1375 481
29 1 1 440 5 41 7
30 0 2 453 2699 29262 4048
31 0 3 467 133 1252 199
32 1 2 482 1463 15437 2194
33 0 3 496 1 4 1
34 1 5 512 3 9 4
35 1 1 528 312 3064 468
36 0 3 540 2367 25515 3550
37 1 4 555 6 18 9
38 1 6 571 1 5 1
39 0 11 588 1 5 1
40 0 1 605 147 1391 220
41 0 3 617 1 4 1
42 0 2 632 7 56 10
43 0 2 646 20 170 30
44 1 2 660 13053 151252 19579
45 1 4 674 13 41 19
46 1 1 690 10 81 15
47 0 21 700 56 207 84
48 1 3 718 3127 15754 4690
49 1 1 734 1 10 1
50 1 1 746 1 11 1
51 1 3 759 131 522 196
52 1 3 774 5 15 7
53 1 3 789 2 7 3
54 0 19 804 1 3 1
55 1 1 822 1 9 1
56 0 2 835 1 9 1
57 0 1 849 842 8664 1263
58 1 2 858 5 40 7
59 0 6 872 9 27 13
60 1 3 888 282 2755 423
61 0 1 903 7 56 10
62 1 2 912 389 3860 583
63 0 3 926 1 10 1
64 1 2 941 266 2592 399
65 0 1 956 1 10 1
66 0 2 967 2 17 3
67 0 4 981 1553 7464 2329
68 0 4 997 28 97 42
69 1 2 1013 4 33 6
70 1 3 1028 87 334 130
71 1 18 1044 2899 14532 4348
72 1 5 1062 1 4 1
73 1 6 1078 29 101 43
74 0 4 1095 3 10 4
75 1 1 1111 31 270 46
76 0 9 1124 24 81 36
77 0 1 1141 2 17 3
78 0 1 1154 4 33 6
79 0 1 1167 1 9 1
80 1 1 1178 1681 17848 2521
81 1 3 1190 1 5 1
82 0 2 1205 16 134 24
83 1 5 1219 4510 23268 6765
84 1 2 1235 5263 58723 7894
85 1 5 1249 1 4 1
86 1 3 1265 1 3 1
87 1 1 1280 11501 132579 17251
88 1 1 1293 135 1272 202
89 0 5 1304 1 5 1
90 0 2 1320 8 64 12
91 0 2 1334 1 10 1
92 1 9 1348 5 15 7
93 1 2 1365 6 48 9
94 0 6 1379 3 10 4
95 1 1 1396 4 33 6
96 0 1 1408 5 41 7
97 0 11 1420 5024 26100 7536
98 1 1 1437 1 10 1
99 0 8 1450 368 1593 552
100 1 3 1467 52 191 78
101 1 11 1482 292 1241 438
102 0 37 1500 186413 1191496 279619
103 0 1 1519 2 17 3
104 0 2 1531 95 879 142
105 1 4 1546 40 143 60
106 0 6 1562 1 4 1
107 1 18 1578 1 4 1
108 0 1 1596 2 17 3
109 0 20 1608 61 227 91
110 1 3 1626 18580 218399 27870
111 0 1 1641 45 400 67
112 1 2 1654 2 17 3
113 0 1 1668 1 8 1
114 1 7 1679 1 4 1
115 1 1 1696 1 9 1
116 1 2 1708 15 125 22
117 0 4 1722 8930 48093 13395
118 0 3 1738 1 6 1
119 1 2 1753 7 56 10
120 1 2 1767 1 8 1
121 1 5 1781 1 5 1
122 1 3 1797 31 270 46
123 0 8 1812 1 4 1
124 1 1 1829 1 10 1
125 0 13 1841 410 1789 615
126 1 15 1859 8 24 12
127 1 5 1877 1 4 1
128 1 14 1893 1 3 1
129 0 5 1911 7 21 10
130 1 3 1927 2 7 3
131 0 1 1942 12 99 18
132 1 4 1955 71 268 106
133 0 24 1971 8 24 12
134 0 11 1990 29895 172962 44842
135 0 1 2007 1 11 1
136 0 15 2016 401 1747 601
137 0 12 2034 1 3 1
138 1 4 2052 82555 505402 123832
139 0 2 2068 11 90 16
140 0 2 2082 1 11 1
141 1 1 2096 156 1480 234
142 0 2 2109 1 10 1
143 0 3 2123 1 5 1
144 0 1 2138 1 9 1
145 1 2 2151 2827 30712 4240
146 0 4 2165 78 297 117
147 1 5 2181 6396 33739 9594
148 0 2 2197 1 9 1
149 0 33 2211 1 4 1
150 1 1 2230 103 957 154
151 0 69 2243 1 4 1
152 0 14 2263 26 89 39
153 0 17 2281 1 5 1
154 1 6 2299 1 5 1
155 1 1 2315 1 11 1
156 1 2 2328 5 40 7
157 0 3 2342 5646 63184 8469
158 1 5 2357 1 4 1
159 0 9 2373 4 12 6
160 1 5 2390 828099 5701830 1242148
161 0 5 2406 161 652 241
162 0 45 2422 1 3 1
163 1 1 2441 1 9 1
164 1 3 2454 106 986 159
165 1 2 2469 8 64 12
166 0 4 2483 16575 92660 24862
167 0 3 2499 9 27 13
168 1 3 2514 1 5 1
169 0 5 2529 98509 608836 147763
170 0 2 2545 191 1831 286
171 1 7 2559 27 93 40
172 0 8 2576 165 670 247
173 1 12 2593 40 143 60
174 1 5 2611 1 4 1
175 1 2 2627 1 9 1
176 1 3 2641 1 8 1
177 1 9 2656 1 3 1
178 0 16 2673 14 45 21
179 1 3 2691 1 3 1
180 1 16 2706 1 4 1
181 1 2 2724 2 17 3
182 1 1 2738 1 9 1
183 0 3 2749 12 99 18
184 0 2 2764 364 3601 546
185 0 3 2779 1 3 1
186 1 1 2794 1 9 1
187 0 4 2807 691 3135 1036
188 0 2 2823 10 81 15
189 0 3 2837 22078 261318 33117
190 1 4 2852 1 5 1
191 1 2 2868 9463 108213 14194
192 1 3 2883 1 3 1
193 0 4 2898 2 6 3
194 0 1 2914 1 9 1
195 1 8 2925 3 10 4
196 1 6 2942 3 9 4
197 1 15 2959 1 6 1
198 0 4 2977 3 10 4
199 1 2 2993 117 1094 175
200 0 2 3007 708 7227 1062
201 1 2 3022 364 3601 546
202 0 4 3036 4 12 6
203 0 6 3052 5216 27162 7824
204 0 2 3068 1121 11687 1681
205 1 1 3082 3 25 4
206 1 2 3091 17 143 25
207 0 6 3105 913 4227 1369
208 1 3 3122 2 17 3
209 1 5 3137 16 52 24
210 0 3 3153 40 143 60
211 0 4 3168 6 18 9
212 0 3 3184 2 6 3
213 0 2 3199 1 10 1
214 0 8 3212 11 34 16
215 1 3 3229 34 120 51
216 1 2 3244 3849 42377 5773
217 0 3 3259 3 25 4
218 0 6 3274 1 3 1
219 1 7 3290 32 112 48
220 1 1 3307 25500 303560 38250
221 1 3 3318 12 99 18
222 1 1 3333 1 10 1
223 0 32 3345 3 10 4
224 1 2 3364 4 33 6
225 0 3 3378 13699 159051 20548
226 1 3 3393 19 63 28
227 1 2 3408 1 9 1
228 0 1 3423 1 10 1
229 0 2 3435 2523 27273 3784
230 1 1 3449 1228 12856 1842
231 1 2 3462 2 17 3
232 1 6 3476 1 3 1
233 0 6 3492 1 4 1
234 0 6 3508 30 104 45
235 0 7 3524 1 4 1
236 0 2 3541 258 2510 387
237 0 13 3555 1 4 1
238 1 8 3573 102 398 153
239 1 4 3590 1 3 1
240 1 1 3606 38 335 57
