0 0 23 5 2 7 3
1 1 3 23 7 56 10
2 1 1 38 85 782 127
3 0 1 51 77 705 115
4 1 2 64 12267 141784 18400
5 0 2 78 669 6811 1003
6 1 2 93 9 72 13
7 0 1 107 14 116 21
8 1 6 117 1 8 1
9 1 1 134 61 551 91
10 1 3 147 8 64 12
11 0 1 162 4029 44446 6043
12 1 3 175 1 12 1
13 1 3 191 1 10 1
14 1 4 206 1 10 1
15 1 4 222 1 10 1
16 0 2 238 49 438 73
17 0 1 252 403 4006 604
18 1 3 265 1 10 1
19 1 4 280 1 11 1
20 1 4 296 1 9 1
21 0 5 312 1 10 1
22 1 2 328 24 206 36
23 0 1 342 361 3570 541
24 0 6 354 1 4 1
25 1 3 371 2 17 3
26 0 2 386 9617 110047 14425
27 1 2 400 40 353 60
28 0 3 415 1 9 1
29 1 2 430 7100 80226 10650
30 0 10 444 4 12 6
31 0 1 461 10 81 15
32 1 16 474 17 56 25
33 0 1 492 898 9268 1347
34 1 1 503 11 90 16
35 0 11 514 1 4 1
36 0 6 531 1 12 1
37 0 12 548 383 1663 574
38 0 2 566 84 772 126
39 0 1 581 3 25 4
40 0 5 594 1 9 1
41 0 41 610 1 4 1
42 0 3 629 195 1871 292
43 1 9 644 1 4 1
44 1 4 661 11 90 16
45 1 2 677 676307 9099614 1014460
46 1 1 692 6 48 9
47 0 4 704 153 1450 229
48 0 5 720 17 143 25
49 1 7 736 39 139 58
50 0 1 753 1763 18759 2644
51 0 2 763 1 9 1
52 1 1 777 4199 46403 6298
53 1 5 790 299 2930 448
54 1 3 806 181 1730 271
55 0 2 821 2 17 3
56 0 3 836 1 11 1
57 1 1 851 1 10 1
58 1 2 862 4 32 6
59 1 1 876 1 10 1
60 0 2 888 43 381 64
61 0 4 902 33 289 49
62 1 2 918 391 3881 586
63 0 2 932 39 344 58
64 0 1 946 20 170 30
65 0 4 958 1 9 1
66 1 4 974 55 494 82
67 1 4 990 4 33 6
68 1 3 1006 156 1480 234
69 0 6 1021 1 9 1
70 0 1 1038 6 48 9
71 1 1 1051 2 17 3
72 0 7 1064 2 7 3
73 1 39 1081 1193 5629 1789
74 0 1 1100 1427 15041 2140
75 0 2 1113 1 9 1
76 1 2 1127 3 25 4
77 1 11 1141 1 4 1
78 1 1 1158 1 10 1
79 1 4 1169 2 17 3
80 0 1 1185 2 17 3
81 1 5 1198 2 17 3
82 0 3 1214 3 25 4
83 1 23 1229 1 4 1
84 1 25 1247 57 211 85
85 1 19 1266 6753 35743 10129
86 0 3 1284 153 1450 229
87 1 1 1300 7 56 10
88 0 2 1313 1 10 1
89 0 4 1327 1 10 1
90 1 10 1343 13 41 19
91 1 1 1360 1 9 1
92 1 4 1373 2 17 3
93 0 10 1389 2 7 3
94 0 7 1406 947 4396 1420
95 1 4 1423 1 11 1
96 0 8 1439 581 2603 871
97 0 7 1456 1 5 1
98 0 4 1473 76 695 114
99 0 10 1489 1 3 1
100 1 2 1506 1 9 1
101 0 2 1521 2 17 3
102 1 1 1535 1 12 1
103 0 3 1546 1 10 1
104 1 4 1561 477 4780 715
105 1 4 1577 1 9 1
106 0 2 1593 1560 16508 2340
107 1 12 1608 1 4 1
108 1 6 1626 1 3 1
109 0 8 1643 1 5 1
110 1 1 1660 89 821 133
111 0 1 1672 23 197 34
112 0 2 1684 1 9 1
113 1 4 1699 2 17 3
114 1 2 1715 1 10 1
115 0 4 1729 18699 219854 28048
116 1 1 1745 144 1361 216
117 0 13 1757 2 7 3
118 1 1 1775 7 56 10
119 0 7 1788 90 347 135
120 1 16 1805 683 3096 1024
121 0 57 1823 29 100 43
122 0 1 1842 7 56 10
123 0 6 1852 6 48 9
124 1 1 1869 153 1450 229
125 1 20 1881 1 4 1
126 1 1 1899 1 10 1
127 0 1 1911 5 41 7
128 1 8 1921 1 3 1
129 0 4 1938 22 188 33
130 0 1 1954 1 10 1
131 0 2 1964 4 33 6
132 0 1 1978 1 9 1
133 0 7 1990 1 4 1
134 0 16 2007 3 9 4
135 0 6 2025 35 307 52
136 0 3 2041 6 48 9
137 1 3 2057 1 9 1
138 0 1 2072 19 161 28
139 1 4 2085 1020 10589 1530
140 1 2 2101 1 9 1
141 1 4 2115 66232 818350 99348
142 1 3 2131 4 33 6
143 0 5 2147 43 381 64
144 0 1 2163 1 9 1
145 0 2 2175 17232 201940 25848
146 0 9 2189 2 6 3
147 1 4 2206 6 48 9
148 1 3 2222 1 10 1
149 0 2 2237 5 40 7
150 1 1 2251 49 437 73
151 0 5 2263 135 1272 202
152 1 3 2279 2 17 3
153 0 1 2294 1 9 1
154 0 1 2305 14 116 21
155 1 2 2318 20 169 30
156 1 2 2332 5142 57317 7713
157 1 35 2347 112227 698465 168340
158 0 2 2366 1 9 1
159 1 6 2379 20 170 30
160 1 7 2395 3 10 4
161 1 3 2412 27290 325744 40935
162 0 10 2427 60 223 90
163 0 2 2444 130 1222 195
164 0 7 2458 3522 17883 5283
165 1 3 2475 68 618 102
166 0 5 2490 8 64 12
167 1 5 2506 1 10 1
168 0 5 2522 10438 119847 15657
169 1 1 2538 19 161 28
170 0 3 2550 179 1710 268
171 0 13 2565 55576 332955 83364
172 0 2 2583 3 25 4
173 0 1 2598 980 10155 1470
174 1 3 2611 145 1371 217
175 0 2 2626 57 513 85
176 1 4 2640 134 1262 201
177 0 1 2656 1 9 1
178 0 3 2667 7 56 10
179 0 2 2682 4 33 6
180 0 25 2696 17 55 25
181 1 3 2715 26 224 39
182 1 1 2730 1 9 1
183 1 8 2740 14 45 21
184 0 9 2757 1 3 1
185 0 3 2774 1 10 1
186 0 1 2789 3 25 4
187 1 15 2801 12326 67698 18489
188 0 2 2819 3 25 4
189 0 1 2833 22 188 33
190 0 1 2846 233 2256 349
191 0 1 2858 1 12 1
192 0 4 2868 3 25 4
193 1 8 2884 229 955 343
194 0 1 2901 1 11 1
195 0 1 2914 5083 56631 7624
196 0 3 2926 178 1700 267
197 0 2 2941 2 17 3
198 0 1 2956 124 1163 186
199 1 5 2966 1 9 1
200 1 7 2982 1 4 1
201 1 13 2999 1 4 1
202 1 9 3017 108 423 162
203 1 2 3034 68 618 102
204 1 3 3048 4 33 6
205 1 2 3063 135 1272 202
206 0 2 3077 1 10 1
207 1 1 3091 9954 114066 14931
208 0 2 3104 1 9 1
209 1 2 3118 3 25 4
210 0 3 3133 1 9 1
211 0 7 3148 2094 10271 3141
212 1 2 3165 18 152 27
213 1 3 3179 152 1440 228
214 0 1 3194 16 134 24
215 0 1 3206 8 64 12
216 0 2 3219 1 10 1
217 1 2 3234 710 7249 1065
218 0 3 3248 756 7741 1134
219 1 1 3263 13 107 19
220 1 1 3276 1 9 1
221 1 2 3289 13 108 19
222 1 1 3303 1 10 1
223 1 6 3316 1 8 1
224 1 3 3332 77545 963916 116317
225 0 38 3347 1 4 1
226 0 2 3366 1 11 1
227 1 1 3379 16 134 24
228 1 10 3391 834 3836 1251
229 1 2 3408 294 2879 441
230 0 4 3423 1 11 1
231 1 7 3439 7 21 10
232 1 3 3456 9 73 13
233 1 2 3471 1 9 1
234 0 8 3485 6 18 9
235 0 1 3502 866 8923 1299
236 1 2 3515 1 12 1
237 0 4 3530 2 17 3
238 0 4 3546 109 1016 163
239 0 1 3562 629 6386 943
240 0 9 3574 2122 10418 3183
241 1 10 3591 517 2296 775
242 0 4 3608 1 9 1
