0 0 6 5 1 10 1
1 0 4 22 1 9 1
2 0 3 38 1 9 1
3 0 5 53 1 11 1
4 0 19 69 75 285 112
5 0 5 90 31 270 46
6 0 1 107 630 6396 945
7 1 2 117 1 9 1
8 0 2 129 1 9 1
9 0 4 141 1 10 1
10 0 4 157 1 11 1
11 0 5 173 2 17 3
12 1 4 190 1003 10404 1504
13 1 86 206 9332 50394 13998
14 1 5 231 1 9 1
15 0 3 248 833 8568 1249
16 1 2 263 3 25 4
17 0 2 276 1246 13053 1869
18 0 4 289 1 9 1
19 1 1 305 73 666 109
20 0 19 316 1 3 1
21 1 1 337 4883 54310 7324
22 0 3 348 175036 2243174 262554
23 1 1 363 8 64 12
24 0 6 374 2 17 3
25 0 1 392 8 64 12
26 0 3 403 780 7998 1170
27 0 2 418 7 56 10
28 0 2 430 1 8 1
29 0 3 443 1 10 1
30 0 27 457 1 5 1
31 1 3 479 28 242 42
32 1 33 493 1 4 1
33 1 2 516 90 830 135
34 1 1 528 4 33 6
35 0 3 538 7994 90776 11991
36 0 3 552 8 64 12
37 1 6 567 2 17 3
38 1 4 584 1 11 1
39 0 3 600 1 9 1
40 0 6 614 7 56 10
41 1 2 632 368 3642 552
42 1 3 645 1 11 1
43 0 2 660 1 11 1
44 0 2 672 353 3487 529
45 0 27 686 1 4 1
46 1 5 708 3 25 4
47 0 3 724 9646 110393 14469
48 0 3 739 1 9 1
49 0 1 754 1 10 1
50 1 3 763 16 134 24
51 1 3 778 213 2053 319
52 0 2 793 2296 24717 3444
53 0 5 806 4643 51530 6964
54 1 1 823 366 3622 549
55 1 2 829 2 17 3
56 1 3 842 5064 56411 7596
57 0 2 857 2645 28651 3967
58 1 43 869 80 305 120
59 0 4 892 33 288 49
60 0 4 908 1 8 1
61 0 5 924 1 9 1
62 1 2 941 1 9 1
63 0 1 954 1 9 1
64 0 2 963 52 466 78
65 1 2 976 1 10 1
66 1 1 989 33 288 49
67 1 4 999 8 64 12
68 1 2 1015 12301 142193 18451
69 0 2 1028 4 33 6
70 0 1 1041 33 288 49
71 0 2 1051 2834 30791 4251
72 0 11 1063 18 59 27
73 1 9 1082 190 780 285
74 0 6 1101 71 647 106
75 1 7 1118 5 15 7
76 0 6 1136 92 850 138
77 0 7 1153 16 52 24
78 1 2 1171 342 3373 513
79 0 7 1184 1 5 1
80 0 1 1202 34 298 51
81 1 4 1207 3 25 4
82 1 19 1223 1 3 1
83 1 5 1244 19 161 28
84 0 1 1261 41 363 61
85 1 3 1267 38 335 57
86 1 2 1281 1 10 1
87 0 3 1293 23 197 34
88 1 2 1308 36 316 54
89 0 1 1322 17733 208052 26599
90 0 2 1333 438 4371 657
91 1 1 1346 6 48 9
92 0 1 1355 1 10 1
93 0 3 1363 50 447 75
94 0 1 1378 1 12 1
95 1 2 1387 1 14 1
96 0 2 1400 1 9 1
97 0 4 1413 94 869 141
98 1 1 1429 1 11 1
99 0 6 1439 8 64 12
100 0 1 1456 1 10 1
101 1 1 1464 2130 22854 3195
102 0 15 1474 307 1310 460
103 1 6 1494 1 9 1
104 1 11 1511 12 38 18
105 1 2 1531 414 4121 621
106 0 1 1543 120 1123 180
107 0 1 1554 1 9 1
108 1 2 1565 4 33 6
109 1 1 1578 237 2296 355
110 1 8 1584 163 661 244
111 0 2 1602 1 9 1
112 0 3 1615 2 17 3
113 1 2 1629 14 116 21
114 1 1 1641 1 10 1
115 0 3 1650 1 9 1
116 0 10 1665 110 432 165
117 0 9 1684 17 56 25
118 0 7 1703 1 4 1
119 1 2 1721 2186 23482 3279
120 0 6 1734 6958 36898 10437
121 0 15 1752 1 4 1
122 0 3 1772 6 48 9
123 0 3 1786 1 9 1
124 1 6 1800 25 85 37
125 1 2 1818 103 957 154
126 1 4 1830 8 64 12
127 1 3 1846 1 11 1
128 1 4 1860 1 8 1
129 0 2 1876 1 10 1
130 1 1 1889 995 10317 1492
131 0 5 1900 1 9 1
132 1 2 1917 899 9279 1348
133 1 1 1931 170 1620 255
134 0 1 1941 1 9 1
135 0 9 1946 10407 56575 15610
136 1 1 1965 828 8514 1242
137 1 6 1977 319 3136 478
138 1 3 1994 1 11 1
139 1 1 2009 170 1620 255
140 1 1 2018 1 10 1
141 1 1 2029 57 513 85
142 1 1 2034 1 10 1
143 1 5 2045 549 5538 823
144 0 13 2062 101 393 151
145 0 2 2082 1 11 1
146 0 1 2094 533 5369 799
147 0 1 2104 1 10 1
148 0 6 2113 30 261 45
149 0 4 2130 21769 257516 32653
150 0 1 2146 9 73 13
151 0 2 2155 1 10 1
152 0 4 2168 55 494 82
153 0 2 2184 10 81 15
154 0 2 2197 2754 29885 4131
155 0 4 2210 3 25 4
156 1 3 2225 1 9 1
157 1 18 2240 1 3 1
158 0 34 2261 55072 329769 82608
159 0 8 2284 1 4 1
160 1 2 2302 1281 13436 1921
161 0 1 2314 1 11 1
162 0 3 2323 4 33 6
163 1 6 2337 2 17 3
164 0 4 2354 527 5306 790
165 0 7 2370 137 548 205
166 0 2 2388 2 17 3
167 0 4 2400 1 10 1
168 1 2 2416 1 10 1
169 1 2 2428 143 1351 214
170 1 11 2441 239 1000 358
171 0 10 2460 1 4 1
172 1 3 2479 1 11 1
173 0 2 2494 1 9 1
174 0 2 2507 10 81 15
175 1 2 2519 16 134 24
176 1 4 2532 333 3280 499
177 0 2 2548 4809 53452 7213
178 1 6 2562 2 17 3
179 0 2 2579 25 215 37
180 1 5 2593 3 25 4
181 0 2 2609 1 9 1
182 1 2 2622 97 898 145
183 0 4 2636 2 17 3
184 1 10 2652 7 21 10
185 1 1 2671 42 372 63
186 0 2 2681 145 1371 217
187 1 4 2694 154 1460 231
188 1 3 2710 346 3414 519
189 0 2 2724 24145 286806 36217
190 1 3 2736 1 9 1
191 1 9 2750 1 3 1
192 1 1 2769 44 391 66
193 1 2 2776 1 9 1
194 0 14 2790 1 4 1
195 1 6 2810 10 81 15
196 1 5 2827 10 81 15
197 1 1 2843 1 9 1
198 0 1 2850 377 3736 565
199 1 3 2861 1 9 1
200 1 28 2876 1 5 1
201 0 1 2898 1 9 1
202 1 7 2909 688 3121 1032
203 1 6 2927 3 25 4
204 0 2 2944 2 17 3
205 0 3 2957 86 792 129
206 0 2 2972 9 73 13
207 1 1 2984 1 10 1
208 0 2 2990 48 428 72
209 1 4 3003 1607 17028 2410
210 1 5 3019 1 10 1
211 1 13 3035 32 112 48
212 1 1 3055 19 161 28
213 1 2 3066 1180 12331 1770
214 1 16 3078 4895 25388 7342
215 1 5 3099 6 48 9
216 1 3 3116 1 9 1
217 1 6 3131 331 3260 496
218 1 6 3149 1 9 1
219 1 2 3166 1 9 1
220 0 2 3178 1 12 1
221 1 5 3190 23 197 34
222 1 7 3207 2335 11538 3502
223 0 10 3225 2 6 3
224 1 4 3244 68 618 102
225 1 3 3260 14 116 21
226 1 2 3275 1 11 1
227 1 1 3287 1 9 1
228 1 2 3295 33 288 49
229 0 2 3308 1 9 1
230 0 9 3320 1 3 1
231 0 1 3339 98 908 147
232 0 3 3350 1 11 1
233 1 10 3365 4 12 6
234 0 1 3384 52 466 78
235 1 5 3394 14887 173429 22330
236 0 3 3411 3 25 4
237 0 1 3425 46 410 69
238 1 1 3431 205 1972 307
239 0 1 3443 8 64 12
240 0 2 3454 1 9 1
241 1 2 3468 611 6195 916
242 0 7 3481 90 347 135
243 0 5 3499 36 316 54
244 0 2 3515 3 25 4
245 0 7 3528 15 48 22
246 0 11 3546 1 4 1
247 1 3 3566 2 17 3
248 0 2 3580 4 33 6
249 1 15 3594 1 4 1
250 1 1 3614 1 10 1
