0 1 1 5 2173 23336 3259
1 1 7 13 95 368 142
2 0 2 31 1594 16884 2391
3 0 2 43 1 9 1
4 1 2 56 1 10 1
5 0 4 68 2 7 3
6 1 6 84 2 6 3
7 0 3 102 2727 13615 4090
8 1 14 117 10 31 15
9 0 1 137 17 143 25
10 0 3 143 1 3 1
11 1 1 158 1 9 1
12 0 2 169 1 9 1
13 1 1 182 1 9 1
14 0 4 189 77 293 115
15 0 7 205 182 745 273
16 0 1 223 1 14 1
17 1 18 233 114 449 171
18 1 5 254 1 4 1
19 0 6 270 61 227 91
20 0 11 287 93 359 139
21 1 11 306 2 6 3
22 1 2 325 1 10 1
23 0 1 337 2 17 3
24 1 3 348 307 1310 460
25 0 3 363 1 10 1
26 1 7 377 5195 27046 7792
27 0 2 395 6 48 9
28 0 1 407 38 334 57
29 0 5 416 1 3 1
30 0 1 432 4216 46599 6324
31 0 61 442 1 4 1
32 1 6 466 7296 38805 10944
33 1 3 483 62 231 93
34 0 2 498 1 9 1
35 0 5 510 28 97 42
36 0 1 527 206 1982 309
37 1 1 534 62142 765941 93213
38 0 12 543 2 6 3
39 0 1 563 16 134 24
40 0 1 573 14877 173308 22315
41 0 3 584 1 4 1
42 0 1 598 537 5411 805
43 0 8 609 85 326 127
44 1 2 627 2951 32119 4426
45 0 4 639 2759 13785 4138
46 1 2 655 15 125 22
47 0 2 667 445 4444 667
48 0 9 681 12 38 18
49 0 2 700 104 967 156
50 1 1 712 3 25 4
51 1 5 719 1 5 1
52 0 3 736 9 73 13
53 1 2 750 307 3012 460
54 1 11 763 1 4 1
55 1 2 783 321 3156 481
56 1 2 795 1 10 1
57 0 3 808 1 4 1
58 0 1 823 1 10 1
59 0 2 834 112 1045 168
60 1 1 847 6 48 9
61 0 1 852 1 9 1
62 0 2 863 1 9 1
63 1 2 876 1 10 1
64 0 2 889 1 15 1
65 0 1 903 770 7891 1155
66 0 2 913 119 1114 178
67 0 1 927 39 344 58
68 1 13 935 7 21 10
69 0 1 955 48 428 72
70 0 3 966 47 171 70
71 0 6 981 1036 4840 1554
72 1 3 998 4203 46449 6304
73 1 1 1012 15 125 22
74 1 1 1021 331 3260 496
75 0 1 1031 35826 432246 53739
76 0 5 1039 7175 38121 10762
77 1 2 1056 1 10 1
78 1 4 1068 2 6 3
79 0 4 1084 1 3 1
80 1 6 1100 61 227 91
81 1 2 1117 1 11 1
82 0 3 1130 20 67 30
83 1 12 1145 10887 59347 16330
84 1 4 1165 151 608 226
85 0 5 1181 134 535 201
86 0 3 1198 221 919 331
87 0 3 1213 1068 11110 1602
88 1 1 1227 5 41 7
89 1 2 1237 25 215 37
90 0 3 1249 6 18 9
91 1 1 1264 7 56 10
92 1 2 1271 6 48 9
93 1 1 1284 1 10 1
94 1 1 1295 4 33 6
95 1 3 1306 10 81 15
96 0 2 1320 10 81 15
97 0 2 1334 1 9 1
98 1 2 1347 17 143 25
99 1 4 1360 2 7 3
100 1 4 1375 1 4 1
101 1 9 1391 6 18 9
102 0 2 1410 2 17 3
103 1 4 1424 10 31 15
104 1 3 1440 2398 25865 3597
105 1 2 1454 1 9 1
106 1 1 1466 1 12 1
107 1 1 1477 2 17 3
108 0 2 1489 1 10 1
109 1 2 1502 1 10 1
110 1 1 1514 33347 401205 50020
111 1 1 1522 1 8 1
112 1 4 1532 1 5 1
113 0 1 1548 1 9 1
114 0 15 1556 1 4 1
115 1 5 1576 1 5 1
116 1 3 1593 4679 24197 7018
117 0 8 1608 3 9 4
118 1 13 1626 384 1667 576
119 0 2 1646 19 161 28
120 1 3 1658 1443 15217 2164
121 1 10 1672 1 3 1
122 1 2 1691 153 1450 229
123 0 11 1703 1 4 1
124 1 9 1723 384 1667 576
125 0 3 1742 1 4 1
126 1 20 1757 7 21 10
127 1 2 1778 18 152 27
128 1 2 1792 80 733 120
129 1 4 1804 47 171 70
130 1 4 1820 1 4 1
131 1 3 1836 2 6 3
132 1 2 1851 1 9 1
133 0 1 1864 31 270 46
134 1 4 1868 3 10 4
135 0 4 1884 1 4 1
136 0 2 1900 20 170 30
137 0 3 1913 1 4 1
138 1 4 1928 1 4 1
139 0 3 1944 1 3 1
140 0 3 1959 13 41 19
141 1 4 1974 1 4 1
142 0 7 1990 233 973 349
143 0 1 2008 20 170 30
144 1 1 2015 595 6025 892
145 1 3 2026 6 18 9
146 1 1 2041 27 233 40
147 1 2 2051 12 98 18
148 1 1 2064 1 10 1
149 1 4 2075 1 3 1
150 1 2 2091 31 270 46
151 0 6 2103 3582 18207 5373
152 0 2 2120 1978 21154 2967
153 1 5 2133 6 18 9
154 1 3 2150 14 45 21
155 0 1 2165 7 56 10
156 0 1 2170 1 9 1
157 1 1 2180 1 9 1
158 0 8 2191 10 31 15
159 0 1 2209 1 9 1
160 0 6 2216 1 4 1
161 0 3 2233 7 21 10
162 1 9 2248 1 6 1
163 0 2 2267 112739 1421347 169108
164 0 3 2280 485 2144 727
165 1 7 2295 49 179 73
166 0 2 2313 16 134 24
167 0 10 2326 740 3374 1110
168 0 6 2345 1 3 1
169 1 6 2362 9257 49964 13885
170 0 2 2379 286 2796 429
171 1 9 2393 5623 29421 8434
172 0 1 2412 9 73 13
173 1 2 2421 1 10 1
174 1 1 2434 4 33 6
175 0 5 2442 242 1014 363
176 1 1 2459 77 704 115
177 0 19 2469 16 52 24
178 1 1 2490 996 10328 1494
179 0 3 2500 126 500 189
180 0 1 2515 1 8 1
181 1 2 2523 8 64 12
182 1 5 2536 2 7 3
183 1 4 2553 14 45 21
184 1 2 2569 1558 16486 2337
185 0 1 2583 384 3808 576
186 1 1 2594 12 98 18
187 1 3 2605 17124 95914 25686
188 1 1 2620 23 197 34
189 1 3 2624 125 1173 187
190 1 6 2638 1 6 1
191 0 6 2656 1 4 1
192 1 2 2673 50 447 75
193 0 14 2687 239 1000 358
194 1 1 2707 7101 80238 10651
195 0 1 2718 23 197 34
196 1 8 2727 1 3 1
197 0 3 2745 10 31 15
198 0 3 2759 62 231 93
199 1 3 2774 1 9 1
200 0 1 2788 2 17 3
201 1 2 2799 2 17 3
202 0 2 2812 1 11 1
203 1 1 2826 2798 30383 4197
204 1 3 2836 1 5 1
205 0 2 2851 161 1530 241
206 0 2 2863 69 628 103
207 1 2 2876 584 5908 876
208 1 25 2888 4 12 6
209 0 1 2910 1 10 1
210 1 3 2918 1 9 1
211 0 9 2932 1 4 1
212 1 3 2951 180 736 270
213 0 1 2966 3 25 4
214 1 1 2975 21 179 31
215 0 1 2983 1 10 1
216 1 1 2987 8928 101849 13392
217 1 1 2992 40 353 60
218 1 1 3003 1 8 1
219 1 2 3012 1 10 1
220 1 1 3025 443 4423 664
221 0 2 3036 1 9 1
222 1 20 3049 1 5 1
223 0 3 3070 17 143 25
224 0 1 3084 24 206 36
225 0 1 3093 1396 14699 2094
226 1 14 3100 1 4 1
227 0 2 3120 8 64 12
228 0 2 3133 1 9 1
229 0 2 3145 56 504 84
230 0 3 3158 1 10 1
231 1 2 3172 1 10 1
232 0 2 3184 451 4507 676
233 0 1 3197 4091 45159 6136
234 0 2 3206 1 10 1
235 1 1 3219 1 9 1
236 0 3 3224 1 3 1
237 0 3 3239 4 12 6
238 1 2 3254 2 17 3
239 0 1 3266 333 3280 499
240 1 2 3276 304 2981 456
241 0 3 3288 15 125 22
242 0 17 3302 560 2502 840
243 0 2 3323 66 599 99
244 1 2 3337 1307 13722 1960
245 1 7 3349 4 12 6
246 0 7 3367 86 330 129
247 1 7 3385 610 2743 915
248 0 3 3403 1 5 1
249 0 2 3418 1 10 1
250 0 5 3432 2 7 3
251 1 2 3449 64 580 96
252 0 2 3462 1 11 1
253 0 1 3475 125 1173 187
254 1 16 3486 7 21 10
255 0 5 3507 1 5 1
256 1 3 3524 2 6 3
257 0 8 3539 1006 4690 1509
258 0 5 3557 103 402 154
259 1 5 3574 2801 14009 4201
260 0 1 3591 1 9 1
261 0 4 3600 34239 199633 51358
262 0 1 3615 22 188 33
