0 0 16 5 44 159 66
1 0 6 15 7 21 10
2 0 1 24 71 647 106
3 0 1 28 46 410 69
4 1 1 30 271 2643 406
5 0 3 33 2 17 3
6 1 1 40 3 25 4
7 1 8 45 4 12 6
8 1 1 54 113 1055 169
9 1 1 59 1 9 1
10 1 1 65 1 9 1
11 1 4 70 42 151 63
12 1 11 78 223 928 334
13 0 6 88 1 4 1
14 0 2 97 1 10 1
15 0 6 103 1 3 1
16 1 8 112 1 4 1
17 1 2 121 2 17 3
18 1 1 127 15 125 22
19 0 5 133 23 78 34
20 1 6 141 68 256 102
21 1 4 150 28 97 42
22 0 8 158 1 3 1
23 0 4 167 1 3 1
24 0 2 175 1 9 1
25 1 1 181 1 10 1
26 0 1 186 6 48 9
27 1 2 191 15 125 22
28 1 5 197 1 4 1
29 1 7 205 1 4 1
30 0 4 214 7622 40649 11433
31 1 5 222 339 1458 508
32 0 6 230 2 6 3
33 1 1 239 5 40 7
34 1 4 243 1 4 1
35 1 1 251 11 90 16
36 1 5 255 136 543 204
37 0 4 263 1032 4820 1548
38 0 1 271 23 197 34
39 0 1 275 187 1791 280
40 0 5 280 168 683 252
41 1 1 289 1 11 1
42 0 1 292 1 11 1
43 1 1 297 1 9 1
44 0 2 301 22 188 33
45 0 2 307 122 1143 183
46 0 18 314 1 4 1
47 1 4 324 503 2229 754
48 1 8 332 152 613 228
49 0 3 341 1 10 1
50 1 17 348 146 587 219
51 0 1 358 193 1851 289
52 1 20 362 2 7 3
53 1 5 373 1 4 1
54 1 2 381 273476 3562455 410214
55 1 1 387 93 859 139
56 0 2 393 5 41 7
57 0 1 399 1 9 1
58 0 2 404 654 6652 981
59 1 4 411 1 4 1
60 0 5 419 1 4 1
61 0 3 427 1 3 1
62 0 2 435 2 17 3
63 1 1 441 2 17 3
64 0 5 446 1 5 1
65 0 2 454 11163 128525 16744
66 1 15 460 20 67 30
67 0 5 470 58 215 87
68 0 1 478 19568 230493 29352
69 0 1 483 108973 1372116 163459
70 1 2 487 8 64 12
71 1 6 493 1 3 1
72 0 2 502 5 40 7
73 0 1 508 2 17 3
74 0 5 514 5093 26481 7639
75 0 8 522 1 4 1
76 1 2 531 395 3923 592
77 1 3 538 1 12 1
78 1 3 545 1 3 1
79 1 16 553 7 21 10
80 0 2 563 1 10 1
81 1 5 569 3 9 4
82 1 6 577 59 219 88
83 1 4 586 5 15 7
84 1 6 594 12 38 18
85 1 8 603 1484 7110 2226
86 1 3 612 10 31 15
87 1 2 620 1 10 1
88 1 2 627 194 1861 291
89 1 1 633 18 152 27
90 1 3 638 15 125 22
91 1 3 645 6 48 9
92 0 3 652 1 10 1
93 0 19 659 11 34 16
94 0 1 670 1 9 1
95 0 1 672 31 270 46
96 0 1 675 251 2439 376
97 0 1 679 1342 14106 2013
98 1 4 685 2 6 3
99 0 18 693 280 1186 420
100 0 2 703 4 33 6
101 1 4 709 1 4 1
102 1 3 717 1 10 1
103 1 3 724 2 7 3
104 0 17 732 95 368 142
105 1 3 742 690 3131 1035
106 0 21 749 28 97 42
107 1 6 760 30220 174951 45330
108 1 9 769 57 211 85
109 0 3 778 1 3 1
110 1 1 786 86 791 129
111 1 4 790 1 4 1
112 1 3 798 23 197 34
113 0 1 805 1 10 1
114 1 3 810 488 4895 732
115 0 8 817 1 6 1
116 1 1 826 36 316 54
117 0 2 831 2 17 3
118 0 1 838 7 56 10
119 0 4 841 63096 380658 94644
120 0 6 849 345 1486 517
121 1 3 858 24 206 36
122 0 8 865 1 4 1
123 0 2 874 2 17 3
124 1 10 880 1 3 1
125 1 1 890 4 33 6
126 1 1 894 607467 8142536 911200
127 0 6 898 1671 8071 2506
128 0 2 907 1 10 1
129 0 2 913 6 48 9
130 1 4 919 9 27 13
131 0 1 927 2 17 3
132 0 3 932 66407 401758 99610
133 1 8 939 1019 4755 1528
134 0 1 948 21 179 31
135 1 1 953 6 48 9
136 1 7 956 1093 5126 1639
137 0 4 965 12 38 18
138 1 2 973 6 48 9
139 1 1 979 2 17 3
140 1 3 985 85 782 127
141 0 2 992 36 316 54
142 0 1 998 2 17 3
143 0 7 1004 9 27 13
144 1 2 1013 71 647 106
145 1 6 1019 359 1551 538
146 1 2 1028 1 10 1
147 1 6 1035 147 591 220
148 0 3 1044 27 233 40
149 0 3 1051 2 6 3
150 0 1 1059 1 9 1
151 0 7 1064 94 364 141
152 1 3 1073 112 1045 168
153 0 2 1080 156 1480 234
154 1 1 1086 20 170 30
155 1 2 1091 16 134 24
156 0 8 1098 2 7 3
157 0 4 1107 15 49 22
158 0 1 1115 9 73 13
159 1 1 1119 1 9 1
160 1 13 1123 5 15 7
161 0 4 1133 36 127 54
162 0 2 1141 21 179 31
163 0 3 1148 4 33 6
164 0 7 1155 11 34 16
165 1 3 1164 1 4 1
166 0 2 1171 175 1670 262
167 0 22 1178 8 24 12
168 0 2 1189 67 609 100
169 1 2 1196 1 10 1
170 0 1 1203 2844 30904 4266
171 1 3 1206 6 18 9
172 0 1 1214 280 2735 420
173 0 3 1219 2 17 3
174 1 3 1226 300 1278 450
175 1 24 1233 1 4 1
176 1 1 1244 65 589 97
177 1 2 1249 8114 92196 12171
178 1 21 1255 26 89 39
179 1 2 1266 1 10 1
180 1 17 1273 1 4 1
181 0 5 1283 146 587 219
182 1 2 1291 1 9 1
183 0 1 1297 1 9 1
184 1 5 1302 1 4 1
185 0 2 1310 1 12 1
186 0 1 1317 629 6385 943
187 0 1 1322 21 179 31
188 1 1 1327 264 2571 396
189 1 7 1332 47 171 70
190 1 6 1341 312 1333 468
191 1 1 1350 73 666 109
192 1 2 1355 69 628 103
193 1 1 1361 1 9 1
194 1 1 1367 72 656 108
195 1 1 1372 16 134 24
196 0 11 1378 6 18 9
197 1 1 1388 173 1650 259
198 0 12 1393 836 3846 1254
199 0 2 1403 9714 111203 14571
200 1 3 1409 3154 34428 4731
201 0 13 1416 304 1296 456
202 0 3 1426 1 3 1
203 1 1 1434 3237 35373 4855
204 1 1 1437 43 381 64
205 0 5 1441 1 4 1
206 0 1 1449 1971 21076 2956
207 0 13 1451 120 474 180
208 0 3 1461 4994 55598 7491
209 1 6 1468 1 4 1
210 0 1 1477 1 11 1
211 1 3 1481 451 4507 676
212 0 2 1488 31 270 46
213 1 6 1495 70 264 105
214 0 1 1504 5521 61727 8281
215 1 3 1510 1 3 1
216 0 1 1517 1 11 1
217 0 4 1522 184 754 276
218 0 2 1530 1 9 1
219 0 5 1537 24 81 36
220 1 2 1545 30 261 45
221 0 2 1552 48 428 72
222 0 2 1558 1 10 1
223 1 7 1565 11 34 16
224 1 6 1574 18 59 27
225 1 1 1583 1 9 1
226 1 30 1589 2432 12050 3648
227 0 1 1600 1 10 1
228 1 5 1605 1 4 1
229 0 7 1613 36 127 54
230 0 1 1622 2 17 3
231 0 1 1626 138 1301 207
232 1 3 1629 7 21 10
233 1 4 1637 1 3 1
234 1 1 1645 1979 21165 2968
235 1 2 1650 8 64 12
236 1 1 1657 1 9 1
237 1 2 1662 1 11 1
238 0 1 1668 1813 19315 2719
239 0 2 1673 1 10 1
240 0 2 1679 1 9 1
241 0 7 1685 1 4 1
242 1 1 1694 18 152 27
243 0 2 1698 212 2043 318
244 0 3 1704 2 7 3
245 0 1 1711 1 11 1
246 1 2 1715 5 40 7
247 0 2 1722 103 957 154
248 0 46 1728 626 2820 939
249 0 1 1740 13470 156284 20205
250 1 2 1744 5362283 77400451 8043424
251 1 2 1750 44 391 66
252 1 4 1757 1 4 1
253 0 2 1765 13 107 19
254 0 2 1771 9033 103097 13549
255 1 7 1777 12 38 18
256 1 12 1786 1 4 1
257 1 6 1796 1 3 1
258 1 2 1805 8 64 12
259 0 2 1811 682 6950 1023
260 0 2 1818 889 9171 1333
261 0 4 1824 1 3 1
262 1 4 1832 1 4 1
263 0 2 1840 7 56 10
264 0 2 1847 162 1540 243
265 0 1 1853 2689 29149 4033
266 0 2 1858 7 56 10
267 0 3 1864 1 3 1
268 1 4 1872 3 9 4
269 0 2 1880 14 116 21
270 1 9 1887 1 4 1
271 1 2 1896 1 9 1
272 0 1 1902 1 10 1
273 0 1 1908 6 48 9
274 0 1 1913 198 1901 297
275 1 1 1917 145 1371 217
276 1 9 1922 1121 5266 1681
277 0 3 1931 9 73 13
278 1 2 1938 1640 17394 2460
279 1 9 1945 9 27 13
280 1 2 1954 2 17 3
281 0 4 1960 11 34 16
282 1 8 1968 1 4 1
283 1 2 1977 1 9 1
284 1 2 1983 2 17 3
285 1 27 1989 9192 49592 13788
286 0 4 2000 73 276 109
287 1 1 2008 2 17 3
288 1 3 2013 98 381 147
289 1 20 2020 16 52 24
290 0 1 2031 10 81 15
291 0 3 2036 1 10 1
292 1 4 2043 942 4371 1413
293 1 4 2051 1 4 1
294 0 2 2059 2 17 3
295 0 4 2065 20 67 30
296 1 1 2073 1 11 1
297 0 1 2076 78 714 117
298 0 6 2081 1161 5468 1741
299 1 5 2090 2411 11939 3616
300 1 2 2098 1 10 1
301 1 1 2105 3 25 4
302 0 3 2110 4 12 6
303 0 5 2118 2 7 3
304 1 3 2127 157 635 235
305 1 1 2135 33 288 49
306 1 1 2139 5553 62100 8329
307 1 1 2143 1 9 1
308 1 2 2148 2 17 3
309 0 2 2155 3 25 4
310 1 3 2161 1 9 1
311 0 3 2168 25 215 37
312 0 6 2175 1 5 1
313 1 3 2184 69 628 103
314 0 2 2191 1 9 1
315 1 3 2197 1 10 1
316 1 6 2204 3 9 4
317 0 4 2213 1 4 1
318 1 3 2221 1 10 1
319 1 1 2228 1 11 1
320 0 1 2233 5 40 7
321 1 6 2237 36 128 54
322 0 1 2246 1 9 1
323 1 4 2251 48 175 72
324 1 9 2259 1 3 1
325 0 1 2268 49 438 73
326 1 9 2273 14 45 21
327 1 3 2282 22 74 33
328 0 1 2289 2055 22015 3082
329 0 2 2291 1 11 1
330 0 1 2297 14 116 21
331 0 2 2301 16 134 24
332 1 2 2307 1 10 1
333 0 2 2314 1 11 1
334 0 3 2320 63 235 94
335 0 17 2327 2070 10146 3105
336 1 9 2337 5 15 7
337 1 1 2346 518 5211 777
338 1 5 2351 1 5 1
339 0 4 2359 1 5 1
340 1 8 2367 1 4 1
341 1 3 2376 231 964 346
342 0 1 2383 1 10 1
343 1 2 2389 1 10 1
344 1 1 2395 1 9 1
345 0 3 2400 2314 24919 3471
346 1 1 2407 10 81 15
347 0 3 2412 9 73 13
348 0 21 2419 124005 775865 186007
349 1 1 2430 3 25 4
350 0 18 2433 3 9 4
351 0 2 2443 718 7334 1077
352 1 5 2450 735 3350 1102
353 0 6 2458 4 12 6
354 1 3 2467 1 5 1
355 0 2 2474 1 9 1
356 0 1 2480 1 10 1
357 0 5 2485 362 1565 543
358 1 1 2493 5 40 7
359 1 2 2497 1 9 1
360 0 3 2504 1 11 1
361 1 9 2511 19 63 28
362 0 2 2520 1310 13755 1965
363 1 4 2526 16 52 24
364 1 9 2534 13 41 19
365 0 1 2543 13674 158748 20511
366 1 5 2549 1 6 1
367 1 2 2557 1 9 1
368 0 1 2564 1 11 1
369 1 22 2570 177 723 265
370 1 2 2581 1 9 1
371 0 2 2588 1 9 1
372 1 8 2594 9399 50778 14098
373 1 3 2603 3 10 4
374 1 1 2611 1 11 1
375 1 16 2615 103 402 154
376 1 5 2625 446822 2985289 670233
377 1 13 2633 34 120 51
378 0 10 2643 1005 4685 1507
379 0 1 2653 2472 26698 3708
380 0 6 2659 40 143 60
381 0 16 2668 150 604 225
382 1 1 2678 2 17 3
383 1 2 2683 9 73 13
384 1 2 2689 1 9 1
385 0 4 2695 416 1817 624
386 1 10 2703 1 5 1
387 1 5 2713 1 3 1
388 1 10 2722 1 3 1
389 1 2 2732 1 10 1
390 1 5 2738 22666302 180905567 33999453
391 1 2 2746 36 316 54
392 0 1 2753 3 25 4
393 1 2 2757 1 9 1
394 1 4 2763 225 937 337
395 1 7 2771 2816 14089 4224
396 0 4 2780 13 41 19
397 0 11 2788 1 5 1
398 1 3 2798 1 5 1
399 0 3 2806 2 7 3
400 1 3 2814 924 4282 1386
401 0 1 2822 1 10 1
402 0 8 2825 5 15 7
403 0 2 2834 1 10 1
404 0 8 2840 13 41 19
405 0 2 2849 7 56 10
406 1 2 2855 1 11 1
407 0 1 2861 7 56 10
408 1 2 2865 2752 29862 4128
409 0 4 2872 4619 23867 6928
410 0 1 2880 3 25 4
411 1 1 2885 1 9 1
412 1 3 2890 141 565 211
413 0 4 2898 1 4 1
414 0 2 2906 53 475 79
415 0 1 2913 1 8 1
416 1 3 2919 11 34 16
417 0 1 2926 1 10 1
418 0 3 2931 851 3920 1276
419 1 4 2939 1 4 1
420 1 1 2947 1 10 1
421 1 9 2952 17 56 25
422 1 5 2961 1 6 1
423 1 2 2969 1136 11851 1704
424 1 4 2975 13 41 19
425 0 4 2983 1 3 1
426 0 4 2991 2 6 3
427 1 2 2999 1 9 1
428 1 1 3005 194 1861 291
429 1 1 3010 20 170 30
430 0 2 3015 480 4811 720
431 1 3 3022 1 3 1
432 1 3 3029 2 6 3
433 0 1 3037 114 1064 171
434 0 1 3042 39 344 58
435 1 3 3047 18 59 27
436 1 4 3054 1256 5948 1884
437 1 3 3062 1014 4730 1521
438 0 5 3069 13 41 19
439 1 2 3077 1 9 1
440 1 3 3084 1 5 1
441 1 14 3091 2 6 3
442 1 5 3101 26 89 39
443 0 3 3109 209 2013 313
444 1 1 3116 9 72 13
445 0 2 3121 6 48 9
446 0 9 3128 1 6 1
447 0 7 3137 580 2598 870
448 0 3 3146 1 13 1
449 1 2 3153 303 2971 454
450 1 4 3159 4 12 6
451 0 3 3167 842 3876 1263
452 0 4 3174 7 21 10
453 1 2 3182 20 170 30
454 1 6 3189 1 4 1
455 1 5 3198 6 18 9
456 0 2 3206 5 40 7
457 1 3 3212 1 4 1
458 0 5 3219 1 4 1
459 1 2 3227 1 11 1
460 1 2 3234 1 10 1
461 0 3 3241 1 9 1
462 1 2 3248 105 976 157
463 0 2 3255 2448 26427 3672
464 0 2 3261 16 134 24
465 1 1 3267 207 1992 310
466 0 22 3272 28 97 42
467 1 2 3283 1 9 1
468 1 17 3290 11 34 16
469 0 2 3300 1 9 1
470 1 5 3306 2 6 3
471 1 1 3314 3 25 4
472 1 4 3320 842 3876 1263
473 1 3 3328 61 227 91
474 1 3 3335 1 3 1
475 1 1 3343 11 90 16
476 1 4 3345 2 7 3
477 1 6 3353 1 4 1
478 1 3 3362 1 9 1
479 0 3 3369 1 9 1
480 1 3 3376 1 3 1
481 0 9 3384 1 6 1
482 0 2 3393 14 116 21
483 0 2 3400 40 353 60
484 1 3 3406 1 10 1
485 1 6 3413 284 1205 426
486 1 5 3422 5 15 7
487 0 3 3431 1 3 1
488 0 2 3439 7 56 10
489 0 4 3445 485 2144 727
490 1 3 3453 1 3 1
491 1 7 3460 1 3 1
492 1 1 3469 244 2367 366
493 1 3 3471 257 2500 385
494 1 5 3478 30 104 45
495 0 3 3486 748 3414 1122
496 0 2 3493 1 11 1
497 0 2 3500 1 10 1
498 1 3 3507 26 89 39
499 1 10 3515 13102 72225 19653
500 1 2 3524 33 288 49
501 1 6 3530 30 104 45
502 1 1 3539 18 152 27
503 0 7 3544 1 3 1
504 0 3 3553 2 17 3
505 1 7 3560 1 3 1
506 1 2 3569 33 288 49
507 1 4 3575 50 183 75
508 1 8 3583 3 9 4
509 0 2 3592 110 1026 165
510 0 3 3599 27 93 40
511 1 3 3607 4 33 6
