0 1 1 5 832164 11278279 1248246
1 1 1 14 192 1841 288
2 1 2 24 7 56 10
3 1 3 38 1 9 1
4 1 3 52 1 12 1
5 1 10 66 8341 44732 12511
6 1 3 85 1 6 1
7 1 3 100 51748 633348 77622
8 1 1 114 28 242 42
9 1 5 122 983 4575 1474
10 0 1 139 1 9 1
11 0 16 150 914 4232 1371
12 0 3 170 39756 233768 59634
13 0 3 185 387 3840 580
14 1 1 199 1 10 1
15 0 6 207 439 1926 658
16 1 15 224 1 4 1
17 1 13 244 47881 284491 71821
18 0 2 264 19 161 28
19 1 1 277 45 400 67
20 1 4 288 56 207 84
21 1 2 304 9 73 13
22 0 22 316 1178 5554 1767
23 1 13 338 17 56 25
24 0 2 358 1 9 1
25 0 2 371 890 9182 1335
26 1 5 385 1 5 1
27 0 2 401 36 316 54
28 1 3 414 1 5 1
29 0 2 429 9 73 13
30 0 2 442 2 17 3
31 1 1 454 1 10 1
32 0 1 463 74 676 111
33 1 2 470 1 11 1
34 0 1 484 6 48 9
35 0 15 494 24665 141133 36997
36 1 1 514 2 17 3
37 0 1 524 1 9 1
38 1 1 534 1 8 1
39 0 2 545 5182 57782 7773
40 0 4 559 12 38 18
41 1 1 575 28 243 42
42 1 4 586 194 798 291
43 0 3 602 1 10 1
44 0 5 616 1 4 1
45 1 3 632 1 11 1
46 0 52 646 1 4 1
47 0 2 670 1 10 1
48 1 4 683 12 38 18
49 0 8 699 73 276 109
50 1 2 717 15 125 22
51 1 5 731 217 901 325
52 0 3 747 101 393 151
53 0 2 761 80 734 120
54 1 4 773 3 10 4
55 0 8 789 3 10 4
56 0 3 807 1337 6359 2005
57 1 2 822 1447 15261 2170
58 1 10 834 1162 5473 1743
59 1 1 853 1 9 1
60 1 2 863 1 9 1
61 1 1 876 64 580 96
62 1 2 884 677 6897 1015
63 0 5 897 27 93 40
64 1 1 914 5946 66687 8919
65 1 6 920 1 5 1
66 1 3 937 1 4 1
67 1 4 952 135 539 202
68 1 4 968 1 3 1
69 1 4 984 1 4 1
70 0 1 1000 172 1640 258
71 1 2 1005 1 9 1
72 1 2 1017 1 10 1
73 1 1 1030 12 98 18
74 1 2 1038 1 9 1
75 0 1 1051 8 64 12
76 1 1 1060 2 17 3
77 1 1 1071 1597 16918 2395
78 1 7 1082 4 12 6
79 0 8 1100 647 2921 970
80 0 2 1118 313 3074 469
81 1 2 1131 163 1550 244
82 1 1 1144 1 9 1
83 1 4 1155 1238 5857 1857
84 0 7 1171 2 7 3
85 0 2 1189 1 11 1
86 1 1 1201 1 10 1
87 0 2 1211 1864 19882 2796
88 0 1 1224 21 179 31
89 1 16 1235 128116 802970 192174
90 1 1 1256 889 9171 1333
91 0 10 1266 2 7 3
92 0 2 1285 1 11 1
93 1 3 1299 1 3 1
94 1 6 1314 321 1375 481
95 0 2 1331 1 8 1
96 0 5 1343 366 1583 549
97 1 6 1359 5 15 7
98 0 2 1377 3820 42043 5730
99 0 6 1389 53 195 79
100 1 7 1406 44 159 66
101 1 3 1424 85 782 127
102 0 15 1438 12 38 18
103 0 3 1458 1 10 1
104 0 3 1472 1 3 1
105 0 1 1487 83 763 124
106 1 3 1498 1 5 1
107 1 1 1513 11 90 16
108 0 1 1523 1181 12342 1771
109 1 2 1534 1 9 1
110 0 6 1546 1 4 1
111 0 12 1564 1 3 1
112 0 4 1584 54 199 81
113 0 1 1600 1 14 1
114 1 3 1611 23 78 34
115 0 5 1626 228 950 342
116 0 4 1642 4 12 6
117 0 2 1658 70 637 105
118 1 3 1671 1060 11023 1590
119 0 2 1685 1 9 1
120 1 1 1698 9 73 13
121 0 4 1709 69 260 103
122 1 21 1725 9 27 13
123 1 6 1746 1 3 1
124 1 27 1764 1 3 1
125 1 2 1786 69 628 103
126 0 5 1798 147 591 220
127 1 3 1815 1 5 1
128 1 1 1830 4 33 6
129 0 4 1840 48 175 72
130 0 1 1856 105136 1322020 157704
131 0 3 1865 1 3 1
132 0 2 1880 9 73 13
133 1 2 1892 12 99 18
134 0 2 1906 2 17 3
135 1 1 1918 1 11 1
136 0 3 1928 1 9 1
137 1 7 1942 3 9 4
138 0 6 1960 1 4 1
139 0 1 1977 1 11 1
140 1 6 1988 4 12 6
141 0 3 2005 254 2469 381
142 1 2 2019 6710 75640 10065
143 1 4 2031 32 112 48
144 1 7 2047 1363 6491 2044
145 1 4 2065 75 285 112
146 1 8 2081 1 5 1
147 1 21 2099 10 31 15
148 1 3 2120 1 10 1
149 1 3 2134 80 305 120
150 1 2 2149 336 3311 504
151 1 1 2162 1 9 1
152 1 4 2172 1 5 1
153 0 1 2187 1511 15967 2266
154 1 1 2195 6139 68945 9208
155 0 4 2206 229 955 343
156 0 2 2222 3 25 4
157 0 1 2236 1 11 1
158 0 1 2243 1 10 1
159 0 12 2254 2054 10062 3081
160 1 2 2274 2 17 3
161 1 19 2288 71 268 106
162 1 7 2309 829 3812 1243
163 0 1 2327 38 334 57
164 1 2 2338 1 9 1
165 0 5 2351 3 9 4
166 0 4 2368 20491 115991 30736
167 0 1 2384 1 11 1
168 0 2 2392 1 8 1
169 1 3 2405 21 70 31
170 1 2 2420 2 17 3
171 0 1 2432 31 270 46
172 1 1 2440 3980 43882 5970
173 0 1 2450 12507 144672 18760
174 1 3 2461 64 239 96
175 0 5 2476 22 74 33
176 1 11 2493 713 3243 1069
177 0 4 2512 1 3 1
178 0 1 2528 3 25 4
179 1 1 2534 1639 17382 2458
180 1 3 2544 2787 13935 4180
181 0 4 2559 173 705 259
182 0 3 2575 4859 25189 7288
183 1 1 2590 15 125 22
184 1 2 2599 2 17 3
185 0 2 2611 1 10 1
186 0 1 2625 1200 12550 1800
187 0 1 2633 4657 51692 6985
188 0 1 2643 1 9 1
189 1 2 2654 9 72 13
190 1 1 2667 1 9 1
191 0 5 2675 2 6 3
192 0 4 2692 6 18 9
193 1 3 2708 31252 375040 46878
194 0 6 2722 1 4 1
195 0 2 2739 2 17 3
196 1 24 2752 1 5 1
197 1 5 2774 1 3 1
198 0 1 2791 1671 17737 2506
199 1 5 2802 1 3 1
200 0 4 2819 1 4 1
201 1 2 2835 6 48 9
202 1 2 2849 61 551 91
203 1 2 2861 1 9 1
204 0 57 2874 157 635 235
205 1 2 2898 1 9 1
206 1 3 2910 95 368 142
207 1 4 2925 92 355 138
208 0 1 2941 160 1520 240
209 1 11 2952 40 143 60
210 1 4 2971 18170 102129 27255
211 0 2 2987 1 9 1
212 0 6 2999 7255 38573 10882
213 0 1 3016 9 73 13
214 1 1 3026 1 10 1
215 1 2 3037 1 9 1
216 1 12 3050 1 5 1
217 0 4 3070 12 38 18
218 1 2 3086 1 9 1
219 1 18 3098 643 2902 964
220 0 2 3119 1 9 1
221 0 3 3133 4 12 6
222 0 10 3148 1 5 1
223 1 2 3167 4 33 6
224 0 1 3179 1 9 1
225 1 7 3189 8 24 12
226 1 8 3207 4097 21007 6145
227 0 1 3225 1 9 1
228 0 2 3236 1 9 1
229 1 2 3250 97 898 145
230 0 1 3263 189 1811 283
231 0 2 3272 54 485 81
232 0 1 3284 2094 22451 3141
233 1 4 3295 1778 8625 2667
234 1 6 3311 61 227 91
235 0 1 3329 3051 33255 4576
236 1 5 3338 1 4 1
237 1 31 3355 541 2411 811
238 1 6 3377 40 143 60
239 0 1 3395 456 4560 684
240 1 3 3403 821 3772 1231
241 0 1 3418 103 957 154
242 0 2 3429 5 40 7
243 0 2 3441 1 10 1
244 0 1 3454 5476 61203 8214
245 0 3 3465 4 33 6
246 0 3 3479 1 5 1
247 1 6 3494 8 24 12
248 0 2 3512 180 1720 270
249 1 2 3525 591 5982 886
250 1 15 3538 4 12 6
251 1 3 3558 52 466 78
252 0 1 3572 40 353 60
253 0 1 3583 244 2367 366
254 0 11 3588 15 48 22
255 1 10 3608 31 108 46
