0 1 1 5 20 170 30
1 0 5 11 4 12 6
2 0 5 19 1 4 1
3 0 1 27 367 3632 550
4 0 16 34 1 3 1
5 0 2 43 10 81 15
6 1 19 50 7 21 10
7 1 1 59 1379 14513 2068
8 0 3 66 430 4288 645
9 1 1 74 47 419 70
10 1 1 80 25 215 37
11 0 2 86 5 40 7
12 0 1 93 40 353 60
13 0 4 98 2 7 3
14 1 1 106 25 215 37
15 1 7 112 2 6 3
16 1 1 120 1 9 1
17 1 7 126 2 7 3
18 1 9 134 1 6 1
19 0 4 143 1875 9128 2812
20 1 3 151 1470 7038 2205
21 0 3 159 2 17 3
22 1 15 166 9 27 13
23 1 5 175 58 215 87
24 1 1 183 270 2633 405
25 1 3 190 47 171 70
26 0 2 198 1 9 1
27 0 1 205 21 179 31
28 1 1 210 1 11 1
29 1 2 216 24937 296594 37405
30 0 10 223 3 10 4
31 1 2 232 1 10 1
32 1 1 239 3 25 4
33 0 12 245 13 41 19
34 0 3 254 1 4 1
35 0 2 262 1539 16276 2308
36 0 3 269 12 38 18
37 1 6 277 3 9 4
38 0 11 285 1 3 1
39 1 2 294 1 9 1
40 0 4 301 39 139 58
41 1 2 309 1 9 1
42 1 1 316 3931 43319 5896
43 0 11 323 4 12 6
44 0 6 332 103 402 154
45 0 6 340 47 171 70
46 0 2 348 8 64 12
47 0 8 355 1 4 1
48 1 1 364 1 9 1
49 0 3 371 4 12 6
50 0 1 379 1 9 1
51 1 2 385 1 9 1
52 1 3 392 72 656 108
53 0 13 399 82 314 123
54 1 17 408 2 7 3
55 0 1 417 3 25 4
56 1 14 422 1 5 1
57 0 4 431 3 9 4
58 1 5 439 31 108 46
59 0 6 447 272 1150 408
60 0 1 455 15 125 22
61 0 1 462 1 12 1
62 1 13 469 120 474 180
63 0 4 478 1 5 1
64 1 6 486 37 132 55
65 1 3 494 1 4 1
66 0 2 502 2 17 3
67 1 1 509 938 9700 1407
68 0 3 515 1 9 1
69 0 4 522 3 9 4
70 1 1 530 4 33 6
71 1 1 536 15 125 22
72 0 8 542 1 3 1
73 1 1 551 1 9 1
74 0 2 557 1 9 1
75 0 4 564 5 15 7
76 0 2 572 1 9 1
77 0 6 579 1 4 1
78 1 7 587 39 139 58
79 0 13 595 1 4 1
80 0 3 604 13 41 19
81 0 1 612 5 40 7
82 1 10 618 1 5 1
83 0 4 627 1 6 1
84 1 11 635 3534 17947 5301
85 1 6 644 910 4212 1365
86 0 6 652 1 3 1
87 0 1 660 1 12 1
88 0 5 666 7 21 10
89 0 7 674 1 3 1
90 0 13 682 144137 909005 216205
91 1 3 691 89 343 133
92 1 4 699 4287 22046 6430
93 0 6 707 1 3 1
94 0 2 715 675 6875 1012
95 1 8 722 1 4 1
96 1 5 730 1 5 1
97 1 17 738 2 7 3
98 0 19 747 24 82 36
99 0 4 756 792 3629 1188
100 1 2 764 1505 15901 2257
101 0 1 771 262 2551 393
102 1 1 774 34 298 51
103 1 5 780 1 4 1
104 1 1 788 279 2724 418
105 1 17 794 1 3 1
106 0 3 803 1 5 1
107 0 3 811 7 21 10
108 0 1 819 1206 12615 1809
109 0 1 823 18911 222448 28366
110 1 2 828 1 9 1
111 1 2 835 2104 22563 3156
112 0 3 842 242 1014 363
113 1 4 850 1757 8516 2635
114 0 3 858 8787 47276 13180
115 1 16 866 1762 8542 2643
116 0 11 875 1 3 1
117 1 1 884 4 33 6
118 0 2 890 1 10 1
119 0 3 897 1 10 1
120 1 2 904 77 705 115
121 1 3 911 60 223 90
122 1 2 919 1 10 1
123 0 4 926 1 4 1
124 0 8 934 13 41 19
125 1 11 942 1 5 1
126 0 5 951 1 3 1
127 1 3 959 21 70 31
128 0 2 967 13 108 19
129 1 1 974 18 152 27
130 0 2 980 1849248 25761241 2773872
131 1 2 987 217 2093 325
132 1 2 994 1316 13820 1974
133 1 6 1001 2 6 3
134 1 1 1009 45 400 67
135 0 4 1015 1 7 1
136 1 4 1023 302 1287 453
137 1 1 1031 1 9 1
138 0 5 1035 1 4 1
139 1 3 1043 2 7 3
140 1 2 1051 106 986 159
141 0 2 1058 107 996 160
142 1 4 1065 4 13 6
143 1 2 1073 1 10 1
144 0 2 1080 657 6683 985
145 1 2 1087 2 17 3
146 1 5 1094 576 2579 864
147 1 1 1102 1 8 1
148 1 2 1107 1 11 1
149 1 2 1114 42 372 63
150 0 13 1121 98 381 147
151 1 4 1130 4 12 6
152 1 4 1138 1 4 1
153 1 4 1146 5 15 7
154 0 1 1154 5 40 7
155 1 1 1160 7 56 10
156 0 2 1167 1 12 1
157 0 23 1174 4 13 6
158 0 5 1183 1 5 1
159 1 4 1191 5 15 7
160 0 3 1199 771298 10425654 1156947
161 1 4 1206 10 31 15
162 1 6 1214 4 12 6
163 0 30 1222 1 4 1
164 0 11 1231 1 5 1
165 1 2 1240 21 179 31
166 0 1 1247 2 17 3
167 0 1 1254 309 3033 463
168 0 13 1260 1 4 1
169 0 1 1269 1 10 1
170 0 3 1274 1 9 1
171 1 3 1281 1 12 1
172 0 13 1288 1 4 1
173 1 17 1297 1 4 1
174 1 1 1306 922 9527 1383
175 1 3 1313 210 869 315
176 0 3 1321 1 8 1
177 0 3 1329 145 583 217
178 0 1 1337 10 81 15
179 0 5 1344 7 21 10
180 0 6 1352 1 4 1
181 1 4 1360 57 211 85
182 0 1 1368 76 695 114
183 1 1 1375 4 33 6
184 0 3 1382 1 3 1
185 0 7 1390 47437 281707 71155
186 0 1 1398 1 12 1
187 0 1 1404 5245 58514 7867
188 1 1 1409 36 316 54
189 1 4 1415 2 7 3
190 0 1 1423 488 4896 732
191 0 4 1429 123 487 184
192 0 5 1437 2 7 3
193 1 2 1445 322 3167 483
194 0 1 1452 1 9 1
195 1 4 1458 1 4 1
196 0 1 1466 1 9 1
197 1 28 1472 92 355 138
198 0 8 1481 7192 38217 10788
199 1 3 1490 154 622 231
200 1 78 1498 1 4 1
201 0 3 1508 1 9 1
202 1 4 1515 28 97 42
203 0 3 1523 2 6 3
204 1 5 1531 3550 18034 5325
205 0 3 1539 1 4 1
206 0 2 1547 11023 126848 16534
207 0 3 1554 1 9 1
208 1 3 1562 44114 260912 66171
209 0 10 1570 710 3228 1065
210 0 6 1579 2 6 3
211 1 2 1587 143 1351 214
212 0 4 1594 752 3433 1128
213 0 1 1602 73 666 109
214 0 35 1608 1 5 1
215 1 2 1617 1 9 1
216 1 5 1624 1 4 1
217 1 5 1632 17112 95843 25668
218 1 3 1640 49 179 73
219 1 4 1648 132 526 198
220 1 4 1656 69 260 103
221 1 42 1664 22 74 33
222 1 4 1674 28 97 42
223 1 4 1682 69 260 103
224 0 1 1690 4 33 6
225 0 2 1694 9 73 13
226 0 1 1701 157 1490 235
227 0 4 1705 3 9 4
228 0 2 1713 1 12 1
229 0 2 1720 2 17 3
230 0 5 1727 493 2182 739
231 0 1 1735 20 170 30
232 0 1 1741 1 10 1
233 1 3 1745 32 112 48
234 1 7 1753 1 4 1
235 0 2 1761 42 372 63
236 1 1 1768 5 41 7
237 1 4 1774 1 4 1
238 1 16 1782 12 38 18
239 1 1 1791 7 56 10
240 1 16 1797 1 3 1
241 0 1 1806 4 33 6
242 0 3 1812 41 147 61
243 1 2 1820 3 25 4
244 1 3 1827 1 4 1
245 0 2 1835 22 188 33
246 0 24 1842 18650 104989 27975
247 0 1 1851 85 782 127
248 0 36 1857 25 85 37
249 0 17 1866 9 27 13
250 0 1 1875 2 17 3
251 1 10 1881 3 9 4
252 0 1 1890 1 10 1
253 1 7 1897 1 4 1
254 0 1 1905 1 9 1
255 1 2 1912 92 850 138
256 1 4 1919 1 3 1
257 1 1 1927 1 11 1
258 1 4 1933 108 423 162
259 1 6 1941 9 27 13
260 1 6 1949 1 6 1
261 1 2 1957 1442 15206 2163
262 1 2 1964 11 90 16
263 0 2 1971 2 17 3
264 1 6 1978 84 322 126
265 0 4 1986 10 31 15
266 0 1 1994 196 1881 294
267 0 7 2000 1 4 1
268 1 2 2008 26 224 39
269 0 4 2015 1 4 1
270 0 2 2023 1 11 1
271 0 3 2030 1 5 1
272 0 2 2038 75 686 112
273 0 2 2045 52 466 78
274 1 4 2052 1 4 1
275 1 1 2060 1 9 1
276 0 1 2066 51 456 76
277 1 2 2073 1 10 1
278 0 4 2080 2 7 3
279 0 3 2088 218 905 327
280 1 3 2096 1 4 1
281 0 2 2104 1 9 1
282 1 2 2111 6 48 9
283 0 1 2118 1164 12156 1746
284 0 1 2124 594 6014 891
285 1 2 2130 6 48 9
286 1 2 2137 1 10 1
287 1 1 2144 3438 37668 5157
288 1 15 2150 27 93 40
289 1 2 2159 42 372 63
290 1 11 2166 1 3 1
291 1 1 2175 1 9 1
292 0 1 2181 75 685 112
293 0 4 2187 1 3 1
294 1 4 2195 3 10 4
295 1 3 2203 1 5 1
296 1 1 2211 14 116 21
297 0 2 2217 24 206 36
298 1 7 2224 96851 598044 145276
299 0 2 2232 1 11 1
300 0 8 2239 1 3 1
301 1 2 2247 1 9 1
302 0 3 2254 1 3 1
303 1 7 2262 13 41 19
304 0 1 2270 42 372 63
305 1 3 2274 21 70 31
306 0 12 2282 10 31 15
307 0 4 2291 5 15 7
308 1 14 2299 1 3 1
309 1 1 2308 2 17 3
310 1 5 2315 1 3 1
311 0 33 2323 1 3 1
312 1 1 2332 3022 32926 4533
313 1 5 2338 3 10 4
314 0 7 2346 9 27 13
315 0 2 2354 365 3611 547
316 0 2 2361 4077 44998 6115
317 0 2 2368 1 9 1
318 0 9 2375 1 5 1
319 1 1 2384 404483 5343912 606724
320 1 1 2389 15 125 22
321 0 14 2396 33 116 49
322 0 1 2405 2 17 3
323 1 2 2410 1 9 1
324 0 10 2417 14 45 21
325 0 5 2426 1 3 1
326 0 4 2434 8 24 12
327 0 5 2442 1 4 1
328 0 6 2450 17 56 25
329 0 1 2458 12 98 18
330 1 3 2464 1 4 1
331 1 4 2472 1 4 1
332 1 1 2480 20 170 30
333 1 3 2486 3 25 4
334 1 3 2493 21 70 31
335 1 3 2501 7 56 10
336 0 2 2508 150 1421 225
337 0 16 2515 3 10 4
338 1 1 2524 1 9 1
339 1 2 2530 1 9 1
340 1 2 2537 1 9 1
341 1 5 2544 1 6 1
342 1 2 2552 148 1401 222
343 1 8 2559 1 5 1
344 0 3 2567 4 12 6
345 0 3 2575 30 104 45
346 0 1 2583 9449 108046 14173
347 0 1 2589 4 33 6
348 1 6 2596 1 3 1
349 0 4 2604 2841 14222 4261
350 0 1 2612 8 64 12
351 0 1 2618 1 9 1
352 1 2 2624 2 17 3
353 1 6 2631 1772 8594 2658
354 0 4 2639 12562 69073 18843
355 1 1 2647 7 56 10
356 1 6 2653 1 4 1
357 1 4 2661 4 12 6
358 0 3 2669 1 5 1
359 1 1 2677 1 9 1
360 0 1 2683 1 11 1
361 1 3 2689 1 4 1
362 0 4 2697 129 513 193
363 0 2 2705 1 9 1
364 1 1 2712 132 1242 198
365 0 5 2717 1 3 1
366 1 1 2725 1 10 1
367 1 1 2732 1 9 1
368 0 1 2738 1 9 1
369 1 12 2744 7 21 10
370 0 4 2753 5 15 7
371 1 6 2761 313 1338 469
372 1 1 2769 7 56 10
373 0 6 2775 5 15 7
374 1 3 2783 1 4 1
375 0 6 2791 1453 6951 2179
376 1 20 2799 3 9 4
377 1 1 2808 7 56 10
378 0 2 2814 1 11 1
379 1 1 2821 6 48 9
380 1 2 2827 26 224 39
381 0 3 2834 94 364 141
382 0 5 2842 34 120 51
383 0 6 2850 114 449 171
384 0 13 2858 2584 12855 3876
385 0 2 2867 1 10 1
386 1 15 2874 9 27 13
387 0 18 2883 5 15 7
388 1 1 2892 1 8 1
389 1 2 2898 1 10 1
390 0 1 2905 77 705 115
391 0 7 2911 21 70 31
392 1 7 2919 1 4 1
393 1 6 2927 12 38 18
394 0 8 2935 2 7 3
395 0 5 2943 24 81 36
396 0 2 2951 103 957 154
397 1 1 2958 171170 2191821 256755
398 0 1 2961 1 10 1
399 0 3 2968 28 97 42
400 0 3 2976 9 73 13
401 1 1 2983 1 9 1
402 1 2 2989 501 5032 751
403 1 4 2996 1 3 1
404 0 3 3004 2 7 3
405 0 3 3012 7 56 10
406 0 2 3019 1 10 1
407 1 1 3026 27 233 40
408 0 4 3032 3 9 4
409 1 7 3040 23110 131737 34665
410 0 2 3048 634 6439 951
411 1 14 3055 4 12 6
412 1 1 3064 1 10 1
413 1 31 3070 1 4 1
414 1 3 3079 172 1640 258
415 0 11 3086 1 3 1
416 0 11 3095 1 5 1
417 1 1 3104 916 9462 1374
418 0 1 3110 1 9 1
419 1 2 3116 1913 20428 2869
420 0 5 3123 437 1916 655
421 0 5 3131 1 4 1
422 1 1 3139 1 10 1
423 0 8 3145 205 847 307
424 0 1 3153 1 9 1
425 0 3 3158 1 4 1
426 1 1 3166 2 17 3
427 0 4 3172 1 5 1
428 0 7 3180 2 7 3
429 1 5 3188 4 12 6
430 1 3 3196 2 7 3
431 1 4 3204 1 4 1
432 0 2 3212 15 125 22
433 1 5 3219 138 552 207
434 0 4 3227 1 6 1
435 0 1 3235 219 2113 328
436 0 2 3241 74 676 111
437 0 3 3248 1 5 1
438 0 4 3256 858 3955 1287
439 0 2 3264 1659 17604 2488
440 0 3 3271 1 8 1
441 0 18 3278 147 591 220
442 0 3 3287 2 7 3
443 0 1 3295 1 10 1
444 0 2 3302 64 580 96
445 1 3 3309 1 10 1
446 0 8 3317 4 12 6
447 1 3 3325 1 4 1
448 1 1 3333 1 8 1
449 0 8 3339 1 5 1
450 1 5 3348 266 1122 399
451 1 4 3356 12 38 18
452 1 4 3364 1 3 1
453 0 3 3372 1625 7834 2437
454 0 2 3380 1 9 1
455 1 6 3387 8 24 12
456 1 1 3395 1 11 1
457 0 6 3402 1 3 1
458 1 5 3410 1 4 1
459 1 5 3418 289 1228 433
460 0 12 3426 1 3 1
461 0 3 3435 1 9 1
462 1 13 3443 1 5 1
463 0 17 3452 1 4 1
464 1 3 3461 30 104 45
465 1 1 3469 2 17 3
466 0 1 3475 139 1311 208
467 1 13 3482 4 13 6
468 0 4 3491 1 3 1
469 1 1 3499 3731 41022 5596
470 1 4 3503 2 7 3
471 1 25 3511 1 4 1
472 1 4 3520 80 305 120
473 1 2 3528 59756 735425 89634
474 0 45 3535 1 3 1
475 1 3 3545 804 3688 1206
476 0 44 3553 3 10 4
477 0 4 3563 2143 10528 3214
478 1 5 3571 6060 31858 9090
479 1 3 3579 4221 21685 6331
480 0 60 3587 11569 63297 17353
481 0 7 3597 21 70 31
482 1 2 3605 1 10 1
483 0 1 3612 4 33 6
