0 0 6 5 3 10 4
1 0 9 23 2 6 3
2 0 4 42 1 10 1
3 0 2 58 1568 16597 2352
4 0 1 71 1 13 1
5 0 6 80 15619 182311 23428
6 1 3 97 15375 179349 23062
7 1 3 112 2 17 3
8 1 2 126 4 33 6
9 1 3 138 1 9 1
10 0 3 153 11 90 16
11 1 10 168 1 4 1
12 0 2 187 38 334 57
13 1 13 201 14 45 21
14 1 1 221 1 9 1
15 1 2 229 67533 835046 101299
16 1 3 242 396 3933 594
17 0 2 257 1 10 1
18 0 2 270 6 48 9
19 1 5 283 18 152 27
20 0 4 300 5 41 7
21 0 1 315 4533 50258 6799
22 0 3 321 1 13 1
23 1 1 336 1 11 1
24 1 7 347 1 4 1
25 0 1 365 1 9 1
26 0 6 373 865 8912 1297
27 0 28 391 1 5 1
28 1 3 413 1 9 1
29 1 3 428 1 12 1
30 1 6 443 3 10 4
31 1 4 461 1 9 1
32 0 2 477 3 25 4
33 1 4 490 98 908 147
34 1 3 506 2 17 3
35 0 4 521 1 10 1
36 1 4 537 83 762 124
37 1 9 553 2 6 3
38 0 1 572 2 17 3
39 0 1 583 2 17 3
40 0 2 590 1 9 1
41 0 1 603 1 9 1
42 1 4 607 59 532 88
43 1 1 623 1 13 1
44 0 4 632 163328 2087781 244992
45 1 8 648 1768 8573 2652
46 1 1 666 400 3975 600
47 0 5 676 1 9 1
48 0 7 693 2 7 3
49 0 7 711 4 12 6
50 1 1 729 242 2347 363
51 1 1 737 1 11 1
52 0 5 747 518 5211 777
53 0 6 764 142 1341 213
54 0 3 781 4339 48017 6508
55 1 3 795 744 7612 1116
56 0 2 810 1 10 1
57 0 3 824 3 25 4
58 0 17 838 1 4 1
59 0 7 859 1 3 1
60 0 16 877 1 5 1
61 0 1 898 3 25 4
62 0 1 906 3 25 4
63 1 5 917 513 5158 769
64 1 13 933 5 15 7
65 1 5 953 2 17 3
66 0 2 970 656 6673 984
67 1 4 984 5 40 7
68 0 1 1000 1 10 1
69 1 2 1011 3 25 4
70 0 1 1023 1 8 1
71 1 1 1034 1 9 1
72 0 2 1038 315 3095 472
73 1 2 1051 93 859 139
74 0 6 1064 1 10 1
75 1 3 1082 1 9 1
76 1 7 1097 25 85 37
77 0 5 1115 1 11 1
78 1 5 1131 1 10 1
79 1 3 1147 144 1361 216
80 1 3 1162 2 17 3
81 1 1 1177 116 1084 174
82 1 1 1187 1 8 1
83 0 2 1192 1 10 1
84 0 4 1205 336 3311 504
85 0 18 1221 1 3 1
86 1 1 1242 1 8 1
87 1 11 1252 103 402 154
88 0 1 1272 60 542 90
89 1 3 1282 49 438 73
90 0 7 1297 3711 18906 5566
91 1 3 1315 6 48 9
92 1 6 1330 64533 796564 96799
93 1 7 1348 9627 52086 14440
94 0 10 1366 7 21 10
95 0 18 1385 47 171 70
96 0 1 1406 3465 37977 5197
97 0 2 1417 38 334 57
98 0 1 1429 9 72 13
99 0 2 1435 38 335 57
100 1 6 1448 1 8 1
101 1 4 1465 9 72 13
102 1 2 1481 159 1510 238
103 0 5 1495 3 25 4
104 0 6 1512 98 908 147
105 0 2 1529 23 197 34
106 0 1 1541 1 10 1
107 1 1 1550 40 353 60
108 1 22 1555 1 4 1
109 1 1 1576 1 10 1
110 0 4 1581 214 2063 321
111 1 1 1597 1 10 1
112 1 4 1606 3 25 4
113 0 7 1622 67 252 100
114 1 1 1640 1 11 1
115 0 4 1651 36 316 54
116 0 1 1667 15573 181753 23359
117 0 12 1674 1 4 1
118 0 5 1694 270 2633 405
119 0 1 1711 17 143 25
120 0 7 1721 172 701 258
121 0 10 1739 182 745 273
122 1 1 1758 1 9 1
123 1 1 1769 605 6131 907
124 1 1 1780 1 9 1
125 0 3 1791 4 33 6
126 0 2 1806 20 170 30
127 1 3 1820 13 108 19
128 0 3 1834 18 152 27
129 0 1 1848 1 11 1
130 0 1 1855 1 13 1
131 0 2 1866 18208 213852 27312
132 1 2 1880 38 335 57
133 0 1 1894 24 206 36
134 0 36 1901 2 6 3
135 0 6 1924 18 152 27
136 1 19 1941 1 3 1
137 0 2 1962 265 2581 397
138 1 1 1976 196 1881 294
139 1 4 1985 30 261 45
140 1 1 2001 1 11 1
141 1 2 2010 1 9 1
142 1 6 2023 38 335 57
143 1 2 2041 2 17 3
144 1 4 2054 11 90 16
145 1 5 2070 4 33 6
146 1 1 2087 1 9 1
147 0 1 2095 96 889 144
148 0 2 2098 1789 19048 2683
149 0 5 2111 11 90 16
150 0 4 2128 2 17 3
151 1 1 2144 1 9 1
152 0 4 2153 1578 16707 2367
153 1 3 2169 8 64 12
154 0 2 2183 1 10 1
155 1 3 2196 6637 74783 9955
156 0 1 2211 1 9 1
157 1 2 2220 1 11 1
158 0 2 2233 1 9 1
159 1 2 2245 18726 220185 28089
160 0 1 2257 1 11 1
161 0 2 2265 1 9 1
162 1 4 2277 1 9 1
163 0 1 2293 286 2797 429
164 1 1 2304 1 9 1
165 0 19 2313 2 6 3
166 1 13 2334 1 3 1
167 1 4 2354 646 6566 969
168 0 21 2370 434 1902 651
169 0 2 2391 1 8 1
170 0 1 2403 32 279 48
171 0 2 2412 1 9 1
172 1 3 2424 1 11 1
173 0 6 2438 6 48 9
174 0 3 2455 1 12 1
175 1 3 2470 2 17 3
176 1 1 2484 86 791 129
177 0 1 2494 1 10 1
178 0 10 2505 862 3974 1293
179 0 1 2524 3 25 4
180 0 5 2535 3 25 4
181 0 1 2551 8 64 12
182 0 1 2562 10 81 15
183 1 2 2572 1 9 1
184 0 1 2585 3 25 4
185 1 62 2595 1 3 1
186 0 4 2619 405 4027 607
187 0 3 2635 5911 66279 8866
188 0 1 2650 1 9 1
189 1 6 2660 17 143 25
190 0 1 2678 469 4696 703
191 1 9 2689 43 155 64
192 1 1 2708 532 5358 798
193 0 1 2714 2 17 3
194 1 6 2725 38458 465291 57687
195 0 1 2742 211 2032 316
196 1 1 2753 11 90 16
197 0 3 2764 1 12 1
198 1 1 2778 1 11 1
199 0 1 2785 1234 12921 1851
200 0 4 2791 4 33 6
201 0 8 2807 945 4386 1417
202 0 1 2825 35 307 52
203 1 3 2836 1 10 1
204 1 4 2850 1 11 1
205 1 2 2865 1 8 1
206 0 3 2878 5076 56550 7614
207 1 5 2893 201 1932 301
208 0 3 2910 2 17 3
209 0 2 2925 56 504 84
210 1 6 2938 54 485 81
211 0 1 2955 228 2205 342
212 1 4 2960 411 4089 616
213 1 3 2976 1 11 1
214 1 5 2991 18 152 27
215 0 1 3007 1 9 1
216 0 10 3018 11 34 16
217 1 5 3037 49 438 73
218 1 1 3053 16 134 24
219 1 1 3060 10292 118102 15438
220 0 4 3065 1 10 1
221 0 1 3081 1 9 1
222 1 1 3092 1 9 1
223 0 4 3102 9 72 13
224 0 2 3118 2 17 3
225 0 9 3131 1 3 1
226 0 5 3150 2065 22126 3097
227 1 3 3167 1 10 1
228 1 4 3182 1 8 1
229 0 3 3198 1 11 1
230 0 1 3213 2 17 3
231 0 1 3219 1811 19292 2716
232 1 2 3229 185 1771 277
233 1 6 3242 17 143 25
234 0 1 3260 32 279 48
235 1 3 3270 22738 269447 34107
236 0 1 3285 13 107 19
237 0 1 3291 701 7153 1051
238 1 2 3298 220 2124 330
239 1 15 3310 13 41 19
240 0 34 3330 1 4 1
241 0 3 3353 1 12 1
242 0 2 3367 200 1921 300
243 0 14 3381 42 151 63
244 1 1 3401 39054 472786 58581
245 0 1 3407 4714116 67757389 7071174
246 1 4 3417 2 17 3
247 0 12 3433 1745 8454 2617
248 1 2 3453 37 325 55
249 1 2 3466 1 11 1
250 0 12 3479 5 15 7
251 0 2 3499 2548 27555 3822
252 1 1 3512 258 2510 387
253 0 1 3522 775 7945 1162
254 1 1 3532 1 9 1
255 1 2 3542 6 48 9
256 1 1 3555 15 125 22
257 0 4 3565 822 8449 1233
258 1 1 3581 1 9 1
259 0 13 3591 1 3 1
260 1 2 3611 17 143 25
