0 0 20 5 2 6 3
1 1 1 16 9 73 13
2 1 22 19 5 15 7
3 1 2 30 1443 15217 2164
4 0 3 37 17 56 25
5 1 1 44 1 9 1
6 1 4 49 1 5 1
7 1 19 57 1885 9180 2827
8 0 2 68 21424 253272 32136
9 0 9 75 147 591 220
10 1 6 84 108 423 162
11 0 1 93 25 215 37
12 0 4 97 528 2349 792
13 1 2 105 3133 34189 4699
14 0 2 112 4 32 6
15 1 2 118 100650 1263536 150975
16 1 1 125 1 9 1
17 1 2 130 53 476 79
18 0 2 136 631 6407 946
19 1 2 143 124 1163 186
20 0 3 149 1 5 1
21 1 2 156 1 9 1
22 1 23 163 1 4 1
23 0 8 174 1 4 1
24 0 7 183 1 4 1
25 1 1 192 750 7676 1125
26 1 1 198 4727 52503 7090
27 1 2 204 5 40 7
28 1 5 210 748 3414 1122
29 1 3 218 946 4391 1419
30 1 5 226 5 15 7
31 1 4 234 1 4 1
32 1 1 242 1481 15636 2221
33 1 2 246 34 298 51
34 1 4 252 748 3414 1122
35 0 2 260 4 33 6
36 1 1 266 3 25 4
37 1 12 271 1 3 1
38 1 1 281 1 8 1
39 1 3 287 13 41 19
40 0 1 294 4 33 6
41 0 23 297 3 10 4
42 1 2 308 78 714 117
43 0 2 314 6 48 9
44 0 1 320 2 17 3
45 1 10 325 1 3 1
46 0 3 335 20 66 30
47 0 12 343 1 3 1
48 0 1 353 4 33 6
49 1 2 358 370 3663 555
50 1 1 365 1 11 1
51 1 3 370 1 3 1
52 1 4 377 62 231 93
53 0 11 385 4 12 6
54 1 20 395 18 59 27
55 1 2 406 18 152 27
56 0 14 412 11 34 16
57 1 2 422 92 850 138
58 0 5 429 1 3 1
59 1 11 438 1 4 1
60 0 36 448 39 139 58
61 0 2 459 1 11 1
62 0 1 465 25 215 37
63 0 1 468 20 170 30
64 1 2 473 1 10 1
65 1 43 479 4 13 6
66 1 18 491 1 4 1
67 0 2 501 123 1153 184
68 0 1 507 980 10155 1470
69 1 3 511 4 12 6
70 1 4 518 1 3 1
71 0 10 526 1 3 1
72 1 2 536 1183 12364 1774
73 1 11 542 246 1032 369
74 0 3 552 1 3 1
75 1 1 560 2 17 3
76 1 5 565 1 3 1
77 0 3 573 2942 14762 4413
78 0 1 581 22 188 33
79 1 4 585 1268 6009 1902
80 1 6 593 1 3 1
81 0 43 602 436 1912 654
82 0 1 614 1 11 1
83 1 1 619 1 10 1
84 1 173 624 1 6 1
85 1 2 637 3 25 4
86 1 2 643 1 9 1
87 0 1 650 1 10 1
88 1 5 654 10150 55094 15225
89 0 7 662 1 4 1
90 0 2 671 51 456 76
91 1 5 678 2734 13652 4101
92 0 1 686 176 1680 264
93 0 1 691 3 25 4
94 0 6 696 84 322 126
95 0 3 705 2 7 3
96 1 6 712 1 5 1
97 0 2 721 52 466 78
98 1 1 727 162 1540 243
99 1 3 732 2 6 3
100 1 5 739 100 389 150
101 1 7 748 1 5 1
102 0 2 757 1 10 1
103 0 2 763 480 4811 720
104 0 10 769 1 4 1
105 0 4 779 10 31 15
106 0 3 787 3 9 4
107 0 1 795 11 90 16
108 0 2 801 10 81 15
109 0 1 808 3012 32812 4518
110 1 4 813 2 7 3
111 1 1 821 15 125 22
112 0 6 826 2 6 3
113 0 11 835 1 3 1
114 1 4 845 17 56 25
115 0 3 853 1 6 1
116 0 3 861 6 18 9
117 1 3 869 4017 20571 6025
118 0 5 876 2 7 3
119 1 5 884 1 5 1
120 0 2 892 3595 39464 5392
121 0 3 899 118 466 177
122 1 2 907 1 11 1
123 1 1 914 1 10 1
124 1 18 920 1 5 1
125 1 6 930 1 3 1
126 1 1 939 47 419 70
127 0 4 943 18 59 27
128 1 1 951 2586 27985 3879
129 0 9 955 13 41 19
130 0 1 964 30 261 45
131 0 5 969 1 4 1
132 0 12 977 1 5 1
133 0 1 987 1 10 1
134 1 4 992 1 5 1
135 0 2 1000 35 307 52
136 1 1 1007 11 90 16
137 0 4 1012 10060 54575 15090
138 0 8 1020 9 27 13
139 1 8 1029 1 3 1
140 0 2 1038 7846 89026 11769
141 0 4 1045 38 135 57
142 0 5 1053 14 45 21
143 1 2 1061 1 9 1
144 1 8 1067 1 3 1
145 1 3 1076 573 5792 859
146 0 13 1083 123 487 184
147 0 2 1093 15 125 22
148 0 3 1099 2 17 3
149 0 1 1106 20289 239333 30433
150 1 13 1112 1408 6721 2112
151 1 2 1122 1 9 1
152 0 1 1128 38 334 57
153 1 10 1133 2 7 3
154 0 5 1143 1 3 1
155 0 10 1151 15 48 22
156 1 1 1160 12 99 18
157 1 2 1164 1 10 1
158 0 3 1170 10 81 15
159 1 4 1177 51 187 76
160 0 3 1185 1 4 1
161 1 1 1192 32 279 48
162 0 3 1198 569 2545 853
163 0 5 1205 2 7 3
164 1 2 1213 3 25 4
165 1 2 1219 1 8 1
166 1 4 1226 196 807 294
167 0 3 1234 10 31 15
168 0 6 1242 1 3 1
169 1 3 1251 3 10 4
170 1 2 1259 5 40 7
171 0 1 1265 89 820 133
172 1 1 1268 276 2694 414
173 0 2 1272 3 25 4
174 1 1 1278 90 830 135
175 0 3 1284 2572 27826 3858
176 0 2 1291 1 10 1
177 0 8 1298 21950 124750 32925
178 0 4 1307 8 24 12
179 0 4 1315 2 6 3
180 1 4 1323 2 6 3
181 0 3 1331 66718 824585 100077
182 0 3 1338 1 9 1
183 0 2 1345 1 10 1
184 1 2 1351 148683 1893971 223024
185 0 16 1358 28 97 42
186 1 2 1368 3 25 4
187 1 2 1374 1 8 1
188 0 2 1381 10831 124548 16246
189 0 10 1388 22367 127259 33550
190 0 4 1398 468 2063 702
191 0 1 1406 645 6556 967
192 0 1 1411 1 9 1
193 0 2 1415 15 125 22
194 1 3 1422 1 3 1
195 1 2 1429 1 9 1
196 1 1 1435 59 532 88
197 1 4 1441 1 5 1
198 0 1 1449 1 12 1
199 0 7 1454 1 5 1
200 0 13 1463 133 530 199
201 1 2 1473 167 1590 250
202 0 20 1479 1 5 1
203 0 11 1490 43 155 64
204 1 3 1500 1 9 1
205 1 6 1507 70 264 105
206 1 2 1516 883 9106 1324
207 1 1 1523 619 6279 928
208 0 7 1527 11 34 16
209 1 2 1536 1 10 1
210 0 1 1543 1 9 1
211 1 4 1548 346 1490 519
212 0 4 1556 1 3 1
213 1 12 1564 1 4 1
214 1 1 1574 38 335 57
215 0 3 1578 21820 258143 32730
216 1 11 1585 2 7 3
217 1 4 1595 694 3150 1041
218 1 3 1603 1 4 1
219 1 1 1611 1 9 1
220 0 1 1615 1 9 1
221 1 3 1620 15 48 22
222 1 2 1628 39 344 58
223 0 2 1635 5 40 7
224 0 3 1641 941 4366 1411
225 1 2 1649 1 9 1
226 0 2 1656 2 17 3
227 0 26 1663 6 18 9
228 0 3 1674 9 27 13
229 0 2 1681 1 10 1
230 0 4 1687 1 4 1
231 1 5 1695 10 31 15
232 0 2 1703 203 1952 304
233 1 3 1710 1 9 1
234 0 7 1717 2 6 3
235 0 11 1726 1 4 1
236 0 10 1736 560 2502 840
237 0 7 1746 1 3 1
238 0 5 1755 1 3 1
239 1 11 1763 2861474 20877341 4292211
240 1 2 1773 6 48 9
241 1 2 1780 7 56 10
242 0 2 1787 31 270 46
243 0 2 1793 1 9 1
244 1 12 1799 4 12 6
245 1 2 1809 602 6099 903
246 1 6 1816 1627 7844 2440
247 0 7 1825 60 223 90
248 0 1 1834 1 10 1
249 1 1 1839 1 9 1
250 0 27 1843 1046 4890 1569
251 0 1 1854 4 33 6
252 1 2 1859 4 33 6
253 0 5 1866 4 12 6
254 0 3 1874 2 7 3
255 1 3 1881 29 100 43
256 1 1 1888 56 504 84
257 0 8 1892 81 310 121
258 0 1 1901 2 17 3
259 0 1 1906 537 5411 805
260 1 2 1911 2 17 3
261 0 1 1917 157 1490 235
262 0 6 1923 1 4 1
263 1 1 1932 16 134 24
264 0 4 1934 1 4 1
265 0 3 1942 4 32 6
266 1 7 1949 470 2072 705
267 0 2 1958 4087 45113 6130
268 0 16 1964 1 3 1
269 1 7 1974 45 163 67
270 1 2 1983 1 9 1
271 0 2 1989 28 242 42
272 1 1 1995 49 438 73
273 0 1 1999 1 10 1
274 0 3 2004 1 9 1
275 1 9 2011 1 4 1
276 0 5 2020 1 5 1
277 1 2 2028 2 17 3
278 0 5 2034 418 1827 627
279 1 7 2042 2 7 3
280 1 3 2051 7329 82924 10993
281 0 2 2058 72 656 108
282 0 1 2064 3 25 4
283 0 1 2068 8 64 12
284 0 1 2074 4 33 6
285 1 2 2077 1 10 1
286 1 4 2083 1 5 1
287 1 1 2091 320 3146 480
288 0 5 2096 22 74 33
289 0 5 2104 1239 5862 1858
290 1 11 2113 50 183 75
291 0 1 2123 87 801 130
292 0 11 2128 4 12 6
293 0 2 2138 11 90 16
294 1 1 2145 63 570 94
295 1 3 2148 1 3 1
296 1 2 2156 1 9 1
297 0 4 2162 23535 134301 35302
298 1 22 2170 1 3 1
299 1 3 2181 8 24 12
300 0 3 2189 1 10 1
301 1 7 2196 6 18 9
302 1 8 2205 67 252 100
303 0 3 2214 1 10 1
304 1 2 2221 17 143 25
305 1 5 2227 32 112 48
306 0 3 2236 12 38 18
307 0 7 2244 3 10 4
308 0 1 2253 349 3446 523
309 0 4 2259 1 3 1
310 0 3 2267 34 120 51
311 0 3 2274 28 242 42
312 1 16 2281 57 211 85
313 1 5 2291 57 211 85
314 1 2 2299 1275 13371 1912
315 0 9 2305 285 1209 427
316 1 3 2314 24 82 36
317 0 1 2321 1 9 1
318 0 1 2326 1 9 1
319 0 2 2332 1 10 1
320 0 6 2339 12 38 18
321 1 4 2348 1 3 1
322 1 6 2356 509 2258 763
323 1 1 2365 5583 62450 8374
324 0 1 2369 1 11 1
325 0 3 2374 8039 43015 12058
326 0 9 2381 1 6 1
327 0 7 2390 24 81 36
328 1 8 2399 6 18 9
329 0 1 2408 829 8524 1243
330 1 1 2414 6 48 9
331 0 1 2420 10 81 15
332 0 1 2425 4668 51820 7002
333 0 11 2430 35 124 52
334 0 4 2440 1 4 1
335 1 1 2448 1 9 1
336 0 5 2453 13 41 19
337 0 1 2461 1 9 1
338 0 10 2466 9 27 13
339 1 2 2476 1 9 1
340 1 8 2483 190 780 285
341 1 3 2492 18 59 27
342 1 2 2499 191 1831 286
343 1 2 2506 6 48 9
344 1 8 2512 34 120 51
345 1 2 2521 1 9 1
346 1 9 2527 2 7 3
347 1 2 2536 669 6811 1003
348 1 2 2542 1 11 1
349 1 7 2548 1 5 1
350 1 1 2557 105 976 157
351 1 6 2561 51 187 76
352 1 6 2570 1 3 1
353 0 5 2579 372 1611 558
354 0 5 2587 4 12 6
355 1 3 2595 522 2320 783
356 0 1 2602 1 11 1
357 0 4 2607 21 70 31
358 0 1 2615 2 17 3
359 1 1 2619 1 9 1
360 0 2 2624 18 152 27
361 1 2 2630 91 840 136
362 1 10 2637 1 4 1
363 0 13 2647 1 4 1
364 1 26 2657 88 339 132
365 0 2 2668 1 9 1
366 1 3 2675 28 97 42
367 0 7 2682 28 97 42
368 1 4 2691 3 9 4
369 1 2 2699 2 17 3
370 0 2 2706 24419 290191 36628
371 1 1 2713 83 763 124
372 1 8 2718 5 15 7
373 0 1 2727 11 90 16
374 1 1 2731 656 6673 984
375 1 1 2737 6 48 9
376 1 9 2742 1 5 1
377 0 1 2751 1 10 1
378 0 1 2756 117 1094 175
379 0 6 2761 61 227 91
380 0 3 2770 160 648 240
381 0 2 2777 12 99 18
382 1 14 2783 114 449 171
383 1 3 2793 1 12 1
384 1 1 2800 1 9 1
385 1 4 2803 1 3 1
386 1 1 2811 7 56 10
387 0 5 2814 1 4 1
388 0 8 2822 138 552 207
389 0 3 2831 1 6 1
390 1 2 2838 53 475 79
391 0 6 2844 66 248 99
392 1 2 2853 6397 71967 9595
393 1 1 2859 1 9 1
394 0 1 2863 134 1262 201
395 0 1 2867 115 1074 172
396 1 2 2872 1 10 1
397 1 14 2878 152 613 228
398 0 1 2888 16 134 24
399 0 5 2890 328 1407 492
400 0 1 2898 1 9 1
401 0 4 2903 1 4 1
402 1 1 2911 8 64 12
403 0 1 2916 18 152 27
404 0 1 2921 1 12 1
405 0 1 2926 1 10 1
406 0 2 2931 147 1391 220
407 0 2 2937 2 17 3
408 1 2 2943 22 188 33
409 0 9 2950 3 9 4
410 0 4 2959 1414 6752 2121
411 0 6 2967 99 385 148
412 1 1 2976 244400 3170700 366600
413 0 1 2982 174 1660 261
414 1 2 2986 1088 11328 1632
415 1 13 2993 58 215 87
416 0 2 3003 3446 37759 5169
417 0 2 3010 5 40 7
418 1 3 3016 3195 16119 4792
419 0 2 3024 1 9 1
420 1 18 3031 2 6 3
421 1 1 3041 1 9 1
422 0 26 3046 1 4 1
423 0 6 3057 1313 6237 1969
424 0 3 3066 243497 1577898 365245
425 0 3 3074 1 12 1
426 0 3 3081 196 807 294
427 0 1 3088 1 9 1
428 1 6 3093 368 1593 552
429 0 1 3102 3 25 4
430 1 2 3106 1 9 1
431 0 2 3112 1 12 1
432 0 5 3119 2 7 3
433 0 6 3127 1 4 1
434 0 1 3136 1 10 1
435 0 11 3139 1 5 1
436 0 2 3149 1206 12615 1809
437 1 12 3156 8 24 12
438 1 3 3166 35 307 52
439 1 14 3173 65 244 97
440 1 13 3183 275 1163 412
441 0 16 3193 10586 57608 15879
442 0 1 3203 12 99 18
443 1 10 3208 35 123 52
444 1 1 3218 53 476 79
445 0 2 3223 3381 37016 5071
446 1 1 3230 8 64 12
447 1 3 3234 12 38 18
448 0 1 3241 35 307 52
449 0 8 3247 1 4 1
450 1 4 3256 1 4 1
451 0 1 3264 3 25 4
452 1 4 3269 6 18 9
453 1 3 3277 44 159 66
454 0 1 3285 285 2786 427
455 0 2 3290 1 9 1
456 0 4 3296 19129 107846 28693
457 0 1 3304 37 325 55
458 1 3 3309 1 4 1
459 0 1 3317 32 279 48
460 0 1 3322 3 25 4
461 1 11 3326 5753 30145 8629
462 0 5 3336 1 4 1
463 0 3 3344 288 2817 432
464 1 1 3351 79 724 118
465 0 1 3355 8 64 12
466 1 5 3359 1 5 1
467 1 9 3367 7 21 10
468 0 2 3376 15209 177334 22813
469 0 1 3382 1 12 1
470 0 4 3386 3 10 4
471 0 5 3394 4 12 6
472 0 1 3402 12 99 18
473 1 6 3407 1 4 1
474 0 1 3416 19 161 28
475 1 1 3421 550661 7355531 825991
476 0 1 3426 2 17 3
477 1 1 3430 320 3146 480
478 0 5 3435 39 139 58
479 0 12 3443 37 131 55
480 1 5 3453 1 5 1
481 1 16 3461 310 1324 465
482 1 2 3471 187 1791 280
483 1 2 3477 2 17 3
484 1 7 3484 33 116 49
485 1 1 3493 69 628 103
486 1 1 3498 1 10 1
487 1 20 3500 37 131 55
488 0 1 3511 10 81 15
489 0 3 3516 1 4 1
490 1 4 3523 50 183 75
491 1 4 3531 78 297 117
492 0 1 3539 10 81 15
493 1 2 3544 56 504 84
494 0 1 3550 1 12 1
495 1 2 3554 813 8352 1219
496 1 2 3561 1 9 1
497 0 4 3568 14350 79537 21525
498 1 1 3576 447 4465 670
499 1 1 3578 1 11 1
500 0 2 3584 1 10 1
501 0 1 3590 445 4444 667
502 1 6 3593 345 1486 517
503 0 6 3602 1 5 1
504 1 13 3611 1 4 1
