0 0 5 5 1 4 1
1 0 5 13 1 4 1
2 0 8 21 11 34 16
3 0 1 29 2 17 3
4 0 1 34 1 10 1
5 0 2 38 1 8 1
6 1 1 45 1 10 1
7 0 9 51 1 4 1
8 1 2 60 6 48 9
9 0 16 67 113 444 169
10 1 7 76 1 4 1
11 0 4 84 1 4 1
12 1 5 92 10716 58359 16074
13 0 1 100 5 40 7
14 0 4 105 40 143 60
15 1 4 113 2 6 3
16 1 3 121 640 2888 960
17 1 1 129 3 25 4
18 0 6 135 1 3 1
19 1 4 143 2 6 3
20 0 2 151 3 25 4
21 1 3 158 7 21 10
22 0 1 166 2672 28957 4008
23 0 6 172 671 3038 1006
24 0 2 180 1 9 1
25 1 16 187 1 5 1
26 1 1 196 1 8 1
27 1 3 202 7 21 10
28 0 9 210 85 326 127
29 1 5 219 1 4 1
30 0 36 227 1 5 1
31 0 3 236 1191 5619 1786
32 0 1 244 2 17 3
33 1 4 249 36287 212273 54430
34 1 2 257 150 1421 225
35 0 2 264 1 10 1
36 0 4 271 207 856 310
37 1 5 279 162 657 243
38 0 20 287 126 500 189
39 1 3 296 28 242 42
40 1 2 304 3134 34200 4701
41 0 6 311 1 4 1
42 0 4 319 1 4 1
43 1 2 327 2 17 3
44 1 3 334 1487 7125 2230
45 0 2 342 125 1173 187
46 0 8 349 881 4069 1321
47 1 1 358 48 428 72
48 1 2 364 9 73 13
49 0 5 371 1 3 1
50 0 1 379 1 9 1
51 0 2 386 1 9 1
52 1 1 393 3873 42652 5809
53 1 2 399 1 9 1
54 0 5 406 1 3 1
55 0 37 414 1 4 1
56 0 2 423 1 10 1
57 0 4 430 1 4 1
58 0 7 438 71 268 106
59 0 3 446 5 15 7
60 0 2 454 4 33 6
61 1 2 461 198 1901 297
62 0 1 468 5 40 7
63 1 2 475 365 3611 547
64 1 1 482 13 108 19
65 1 7 488 44 159 66
66 0 2 496 1 9 1
67 1 18 503 4 12 6
68 1 7 512 7 21 10
69 0 6 520 1 4 1
70 1 2 528 2 17 3
71 1 4 535 328 1407 492
72 0 4 543 75 285 112
73 0 7 551 114993 716607 172489
74 0 5 559 1 4 1
75 0 4 567 4 12 6
76 0 1 575 4 33 6
77 1 3 580 208 860 312
78 1 3 588 150 604 225
79 1 1 596 2356 25392 3534
80 1 3 602 53 195 79
81 0 1 610 1 9 1
82 0 2 616 2 17 3
83 1 1 623 1 10 1
84 0 15 629 18 59 27
85 1 1 638 168 1600 252
86 1 12 644 1 5 1
87 1 3 653 1 3 1
88 0 3 661 5793 30368 8689
89 0 12 669 1 3 1
90 1 4 678 1353 6441 2029
91 0 1 686 4 33 6
92 0 3 692 1 9 1
93 0 2 699 2 17 3
94 1 7 706 419 1831 628
95 1 1 714 1 9 1
96 1 9 719 512 2272 768
97 1 3 728 29 101 43
98 0 3 736 1 3 1
99 0 1 744 4981 55447 7471
100 1 2 750 70 637 105
101 0 2 757 7 56 10
102 1 1 764 1 9 1
103 1 7 771 1622 7819 2433
104 1 4 779 3 10 4
105 1 8 787 72 272 108
106 1 2 795 1 9 1
107 1 1 802 1 10 1
108 0 5 808 276 1168 414
109 1 3 816 3 9 4
110 0 2 824 5 40 7
111 1 3 831 6 18 9
112 1 1 839 5 40 7
113 1 3 845 10 31 15
114 0 9 853 3518 17861 5277
115 1 8 862 1 5 1
116 0 8 870 1 4 1
117 1 12 879 90 347 135
118 0 8 888 1 5 1
119 0 6 896 342 1472 513
120 1 2 904 8298 94375 12447
121 0 5 911 4 12 6
122 1 1 919 491 4927 736
123 1 2 925 100 928 150
124 1 3 932 9 27 13
125 1 2 940 751 7687 1126
126 1 1 947 1 9 1
127 0 3 952 6 18 9
128 1 4 960 22 74 33
129 1 1 968 8 64 12
130 0 5 975 554 2473 831
131 0 1 983 265 2582 397
132 1 4 989 1 3 1
133 0 5 997 27 93 40
134 0 1 1005 12 99 18
135 0 4 1011 1 3 1
136 0 11 1019 5 15 7
137 1 6 1028 206 852 309
138 0 1 1036 1225 12823 1837
139 1 2 1041 1 9 1
140 1 7 1048 1 3 1
141 1 1 1056 254339 3304438 381508
142 0 2 1062 49004 598500 73506
143 0 4 1069 1 4 1
144 0 6 1077 1 5 1
145 1 2 1085 1 9 1
146 0 4 1092 2 7 3
147 0 2 1100 1 9 1
148 0 9 1107 1 5 1
149 0 1 1116 1 11 1
150 0 2 1122 11 90 16
151 0 3 1129 153 617 229
152 1 19 1137 10 31 15
153 0 1 1146 2 17 3
154 0 1 1150 25 215 37
155 0 12 1157 148 596 222
156 0 10 1166 2 6 3
157 1 7 1175 391 1700 586
158 1 1 1183 30 260 45
159 1 2 1190 133 1252 199
160 0 3 1197 236 2286 354
161 0 1 1204 400 3975 600
162 1 13 1210 323 1384 484
163 0 3 1219 62 231 93
164 1 1 1227 7436 84185 11154
165 0 2 1232 2794 30338 4191
166 1 2 1239 37 325 55
167 0 2 1246 1 9 1
168 0 1 1253 1 11 1
169 0 9 1259 7 21 10
170 1 2 1268 1 9 1
171 0 1 1275 3190 34837 4785
172 0 1 1279 5 40 7
173 0 10 1285 2 6 3
174 0 9 1294 3968 20304 5952
175 1 2 1303 1 8 1
176 0 1 1310 10672 122645 16008
177 0 1 1316 12 99 18
178 0 2 1322 1 9 1
179 0 15 1329 7164 38059 10746
180 0 3 1338 9 27 13
181 0 1 1346 1 9 1
182 1 7 1352 2 6 3
183 1 1 1360 7 56 10
184 1 2 1366 1 10 1
185 0 4 1373 22 74 33
186 1 3 1381 2 7 3
187 1 2 1389 59 532 88
188 0 2 1396 34 298 51
189 1 3 1403 87 334 130
190 1 1 1411 1 13 1
191 1 1 1416 1 9 1
192 0 5 1421 23 78 34
193 1 3 1429 2 7 3
194 0 4 1437 20 67 30
195 0 8 1445 30 104 45
196 0 3 1453 609 2738 913
197 0 3 1461 4 12 6
198 1 2 1469 1 13 1
199 1 1 1476 1 8 1
200 1 2 1482 1 11 1
201 1 20 1489 1 4 1
202 1 2 1498 2 17 3
203 0 1 1505 1 9 1
204 1 4 1511 33 116 49
205 1 1 1519 4 33 6
206 0 2 1525 2991642 42356261 4487463
207 0 1 1532 334 3291 501
208 0 2 1538 19 161 28
209 0 2 1545 1 9 1
210 0 1 1552 82 753 123
211 1 2 1558 1 10 1
212 1 2 1565 29 252 43
213 1 2 1572 3 25 4
214 1 1 1579 2 17 3
215 1 1 1584 1 9 1
216 0 2 1590 3 25 4
217 0 8 1597 1 3 1
218 0 1 1605 1 12 1
219 0 8 1611 1 4 1
220 1 5 1620 1281 6075 1921
221 1 3 1628 1569 16608 2353
222 0 1 1636 2444 26382 3666
223 0 8 1641 38 135 57
224 1 4 1650 454 1997 681
225 0 2 1658 48 428 72
226 0 4 1665 1 4 1
227 0 18 1673 3 9 4
228 0 2 1682 1 9 1
229 1 3 1689 1 4 1
230 0 2 1697 830749 11258433 1246123
231 1 3 1704 1 10 1
232 0 7 1711 1 4 1
233 0 1 1719 621 6300 931
234 0 3 1725 114 449 171
235 0 2 1733 8 64 12
236 0 3 1740 1 10 1
237 0 14 1747 6 18 9
238 0 31 1756 1 4 1
239 0 3 1765 1 3 1
240 1 7 1773 1 3 1
241 1 2 1781 4 33 6
242 0 22 1788 8 24 12
243 0 6 1797 1 3 1
244 1 1 1805 6 48 9
245 0 1 1810 5 40 7
246 1 8 1817 1 4 1
247 0 10 1825 1 6 1
248 0 6 1834 383 1663 574
249 1 1 1842 1 9 1
250 1 1 1848 4 33 6
251 0 5 1852 1 4 1
252 1 2 1860 1 10 1
253 1 1 1867 4 33 6
254 0 27 1873 3207 16183 4810
255 0 5 1882 7 21 10
256 0 1 1890 80 734 120
257 0 8 1896 2 7 3
258 1 3 1904 2022 9895 3033
259 0 3 1912 1 4 1
260 0 1 1920 2 17 3
261 0 1 1926 1 10 1
262 1 2 1932 16 134 24
263 1 9 1939 1 3 1
264 0 1 1948 1 10 1
265 1 1 1955 94 869 141
266 0 1 1961 1 11 1
267 0 3 1967 1 4 1
268 1 3 1975 8 24 12
269 0 3 1983 26 89 39
270 0 5 1991 1386 6609 2079
271 1 4 1999 14 45 21
272 0 1 2007 170 1620 255
273 1 7 2013 1957 9555 2935
274 0 4 2021 250 1050 375
275 0 9 2029 1 3 1
276 1 1 2038 7 56 10
277 0 4 2044 72 272 108
278 1 2 2052 1 10 1
279 0 17 2059 1 4 1
280 0 3 2068 1 10 1
281 1 3 2075 1 9 1
282 1 2 2083 82 753 123
283 1 9 2090 1 4 1
284 1 2 2099 1 8 1
285 1 6 2106 17 56 25
286 0 1 2114 66 599 99
287 0 1 2120 1 10 1
288 0 1 2127 232 2245 348
289 1 6 2133 1 3 1
290 1 4 2141 1 4 1
291 1 9 2149 3 9 4
292 0 4 2158 1 4 1
293 0 10 2166 1 4 1
294 1 3 2175 367 1588 550
295 1 3 2183 8784 47259 13176
296 0 11 2191 13 41 19
297 1 15 2200 1 4 1
298 1 2 2209 6 48 9
299 0 2 2216 11 90 16
300 1 7 2223 8328 44658 12492
301 1 13 2231 1 4 1
302 0 1 2240 2 17 3
303 0 2 2247 34 297 51
304 0 1 2254 3 25 4
305 0 2 2260 1091 11360 1636
306 1 8 2267 43 155 64
307 0 3 2276 1 5 1
308 1 5 2284 7 21 10
309 0 7 2292 6 18 9
310 0 3 2300 1 10 1
311 1 3 2307 207 856 310
312 0 24 2315 585 2622 877
313 0 7 2324 370 1602 555
314 0 9 2332 3 10 4
315 1 12 2341 1 5 1
316 1 7 2350 62 231 93
317 1 1 2358 13949 162072 20923
318 1 5 2363 4 12 6
319 1 2 2371 1 8 1
320 1 1 2378 1 11 1
321 1 3 2384 1 9 1
322 1 6 2391 1 4 1
323 1 28 2399 12 38 18
324 0 168 2408 1 4 1
325 0 4 2418 627 2825 940
326 0 6 2426 2074 10167 3111
327 0 3 2434 624 2810 936
328 1 6 2442 1 4 1
329 1 4 2450 2778 13887 4167
330 1 14 2458 4 12 6
331 0 4 2467 3 9 4
332 1 10 2475 6 18 9
333 1 10 2484 1 4 1
334 1 3 2493 1 10 1
335 1 16 2500 2879 14425 4318
336 1 6 2509 1 3 1
337 0 11 2517 11 34 16
338 0 3 2526 3 9 4
339 1 4 2534 429 1879 643
340 1 2 2542 818 8406 1227
341 1 5 2549 1 4 1
342 1 3 2557 57 211 85
343 0 6 2565 3006 15105 4509
344 1 9 2573 2900 14538 4350
345 1 3 2582 11512 62967 17268
346 0 12 2590 1 6 1
347 0 6 2599 40 143 60
348 0 1 2607 18 152 27
349 1 3 2614 15 125 22
350 1 1 2622 1 10 1
351 1 5 2628 11 34 16
352 1 2 2636 1 9 1
353 1 4 2643 400 1742 600
354 1 4 2651 1 5 1
355 0 7 2659 1 6 1
356 1 2 2667 16 134 24
357 0 12 2674 3 9 4
358 0 13 2683 1 5 1
359 0 1 2692 3819 42032 5728
360 0 6 2698 2 6 3
361 0 2 2706 11107 127854 16660
362 1 4 2713 2461 12203 3691
363 0 3 2721 3 9 4
364 0 3 2729 1 9 1
365 0 1 2736 1 9 1
366 1 5 2741 1 4 1
367 0 1 2749 2 17 3
368 1 1 2754 25 215 37
369 1 3 2760 1 11 1
370 0 2 2767 44 391 66
371 1 2 2774 558 5633 837
372 0 1 2781 55 494 82
373 1 5 2787 207 856 310
374 1 3 2795 3 9 4
375 0 1 2803 15 125 22
376 1 4 2808 2 6 3
377 0 4 2816 1 6 1
378 0 6 2824 2 7 3
379 0 4 2832 96225 593972 144337
380 1 2 2840 3 25 4
381 1 7 2847 1 5 1
382 1 12 2855 72 272 108
383 0 2 2864 2 17 3
384 0 2 2871 30 261 45
385 0 6 2878 8 24 12
386 0 1 2886 1560 16508 2340
387 1 5 2892 247 1036 370
388 0 8 2900 56 207 84
389 0 3 2908 5 15 7
390 0 5 2916 12 38 18
391 0 5 2924 1 4 1
392 0 2 2932 3627 39830 5440
393 1 2 2939 476 4769 714
394 0 2 2946 3 25 4
395 0 11 2953 52 191 78
396 1 4 2962 100 389 150
397 0 1 2970 11 90 16
398 1 1 2975 5 40 7
399 1 7 2981 1 5 1
400 1 2 2989 5 40 7
401 0 3 2996 2 7 3
402 0 6 3004 69 260 103
403 0 1 3012 2 17 3
404 1 11 3018 83 318 124
405 0 12 3027 21 70 31
406 1 3 3036 20 67 30
407 0 1 3044 46 409 69
408 0 2 3050 409 4068 613
409 1 5 3057 14 45 21
410 1 2 3065 1119 11665 1678
411 0 35 3072 1 3 1
412 1 7 3081 1 3 1
413 0 1 3089 203 1952 304
414 1 32 3094 146 587 219
415 1 4 3103 3214 16221 4821
416 1 5 3111 234 978 351
417 1 2 3119 1 8 1
418 1 2 3126 3669 40312 5503
419 0 2 3133 1 9 1
420 1 3 3140 4 12 6
421 1 5 3148 1 4 1
422 1 2 3156 44 391 66
423 0 2 3163 70 637 105
424 1 4 3170 14 45 21
425 1 15 3178 1 3 1
426 1 47 3187 181 741 271
427 0 2 3197 44 391 66
428 1 5 3204 40 143 60
429 1 3 3212 2 6 3
430 1 1 3220 554 5591 831
431 0 1 3226 1 9 1
432 1 23 3232 1 4 1
433 1 1 3241 12 99 18
434 0 12 3248 77 293 115
435 0 2 3257 1 11 1
436 1 5 3264 4 12 6
437 0 2 3272 12 99 18
438 0 2 3279 22 188 33
439 0 2 3286 1389 14622 2083
440 0 4 3293 9 27 13
441 0 2 3301 1 11 1
442 1 7 3308 539 2401 808
443 1 9 3316 1 4 1
444 1 18 3325 2 6 3
445 0 9 3334 56 207 84
446 0 3 3343 1 4 1
447 1 10 3351 1 4 1
448 0 4 3360 5 15 7
449 1 2 3368 10 81 15
450 1 13 3375 1 4 1
451 1 2 3384 13 107 19
452 0 3 3391 1 3 1
453 1 1 3399 25 215 37
454 0 2 3405 44 391 66
455 1 4 3412 12881 70934 19321
456 1 12 3420 19 63 28
457 0 1 3429 6 48 9
458 0 2 3436 8 64 12
459 0 2 3443 5 40 7
460 1 1 3450 2 17 3
461 1 1 3456 21 179 31
462 1 2 3461 953 9862 1429
463 1 2 3468 5 41 7
464 0 4 3475 1 4 1
465 1 3 3483 243 2357 364
466 1 1 3490 1136 11851 1704
467 0 1 3496 4 33 6
468 0 7 3503 1 4 1
469 1 3 3511 1 8 1
470 1 5 3518 1 4 1
471 1 2 3526 1 11 1
472 1 13 3533 1 3 1
473 1 16 3542 1 3 1
474 0 3 3551 596191 4040179 894286
475 0 3 3559 143 574 214
476 0 1 3567 616 6247 924
477 1 7 3573 526 2339 789
478 0 3 3581 1 4 1
479 0 2 3589 30781 369167 46171
480 0 3 3596 280 1186 420
481 1 2 3604 1 10 1
482 1 1 3611 69 628 103
