0 0 5 5 1 5 1
1 1 3 9 1 3 1
2 0 2 13 5552 62088 8328
3 0 2 17 1687 17915 2530
4 1 2 21 225 2174 337
5 1 2 24 426 4246 639
6 1 1 27 306 3002 459
7 1 1 30 1 8 1
8 1 1 33 3445 37748 5167
9 1 4 36 5 15 7
10 1 1 40 1 9 1
11 1 3 43 48 175 72
12 1 7 47 19 63 28
13 0 10 51 1 5 1
14 1 8 55 7 21 10
15 1 2 59 6 48 9
16 1 3 62 1 9 1
17 0 5 66 1 3 1
18 0 6 70 35780 209140 53670
19 1 10 74 2 7 3
20 1 5 78 1 4 1
21 1 7 82 1 3 1
22 0 2 86 10 81 15
23 1 3 90 24 82 36
24 0 7 94 7 21 10
25 1 5 98 3 9 4
26 0 2 102 9 73 13
27 1 1 106 796 8170 1194
28 0 3 109 344 3394 516
29 0 41 113 34 120 51
30 1 2 118 1 9 1
31 1 26 121 191 785 286
32 1 3 126 116 1084 174
33 0 1 130 224 2164 336
34 0 1 133 7 56 10
35 1 2 136 82588 1029063 123882
36 0 5 140 796 3649 1194
37 0 1 144 102 947 153
38 0 1 147 5 41 7
39 1 1 150 1 9 1
40 0 2 153 5 40 7
41 1 1 156 1 9 1
42 0 3 159 2919 14639 4378
43 1 2 163 55 494 82
44 1 1 167 1 9 1
45 0 2 170 4 33 6
46 0 3 174 16901 94592 25351
47 0 14 178 554 2473 831
48 0 3 182 81 310 121
49 1 11 186 1 5 1
50 0 1 190 127 1193 190
51 0 2 193 45 400 67
52 1 12 197 227 946 340
53 1 3 201 63733 384713 95599
54 1 2 205 325 3198 487
55 1 2 209 2 17 3
56 1 5 213 43 155 64
57 0 16 217 2 6 3
58 0 13 221 4 12 6
59 0 9 225 168 683 252
60 1 1 229 1493 15768 2239
61 1 1 232 1 9 1
62 0 2 234 1 10 1
63 1 5 238 1 5 1
64 1 1 242 26 224 39
65 0 2 245 12 98 18
66 1 2 248 1 12 1
67 1 2 252 2 17 3
68 1 1 256 359 3549 538
69 1 4 259 1 3 1
70 1 1 263 2 17 3
71 0 5 266 541 2411 811
72 0 6 270 1 3 1
73 0 17 274 234 977 351
74 1 3 279 272 1150 408
75 1 1 283 904 9333 1356
76 1 2 286 1 12 1
77 1 4 289 1 4 1
78 1 1 293 1 10 1
79 1 18 296 20 67 30
80 1 4 301 108 423 162
81 0 4 305 1 4 1
82 1 1 309 5 41 7
83 1 2 312 57 513 85
84 0 1 316 22439 265763 33658
85 1 10 319 3 9 4
86 1 4 323 1 5 1
87 1 3 327 56 207 84
88 1 1 331 5 40 7
89 1 5 334 69 260 103
90 1 4 338 3700 18847 5550
91 0 1 342 1734 18436 2601
92 0 5 345 67 252 100
93 1 1 349 1 9 1
94 0 2 352 1 12 1
95 0 2 356 1 12 1
96 0 4 359 1 3 1
97 1 3 363 8 24 12
98 0 8 367 4 12 6
99 0 2 371 1 9 1
100 1 2 375 468 4685 702
101 1 6 379 5920 31076 8880
102 1 4 383 1 4 1
103 1 1 387 23 197 34
104 0 2 390 48 428 72
105 1 3 393 579 2593 868
106 0 4 397 2 6 3
107 0 2 401 18 152 27
108 1 3 405 1 3 1
109 1 1 409 9 73 13
110 1 2 412 5 40 7
111 0 2 416 9 73 13
112 0 2 420 105 976 157
113 0 7 423 1 4 1
114 0 1 427 8 64 12
115 0 8 430 2 6 3
116 0 3 434 1 3 1
117 0 3 438 115 453 172
118 0 20 442 4 13 6
119 1 3 447 24 206 36
120 1 3 451 12036 66010 18054
121 1 10 455 1 5 1
122 1 2 459 1 9 1
123 0 2 463 23 197 34
124 1 9 467 4 12 6
125 0 2 471 1 10 1
126 0 2 475 305 2992 457
127 0 1 479 1 8 1
128 1 9 482 8607 46248 12910
129 0 1 486 21 179 31
130 1 1 489 239 2316 358
131 0 1 492 932 9635 1398
132 1 13 495 1 4 1
133 0 3 499 2 17 3
134 1 10 503 1 4 1
135 1 1 507 1 9 1
136 1 2 510 59 532 88
137 1 6 513 1 4 1
138 0 2 517 94 869 141
139 1 26 521 8855974 67926056 13283961
140 1 6 526 1 4 1
141 0 1 530 1 9 1
142 0 9 533 1 4 1
143 0 10 537 82 314 123
144 0 5 541 83 318 124
145 0 1 545 46 410 69
146 0 2 548 1 9 1
147 0 3 552 1 5 1
148 0 15 556 11 34 16
149 1 10 560 1 3 1
150 1 10 564 18 59 27
151 1 2 568 75 685 112
152 1 3 572 1 4 1
153 0 7 576 1 4 1
154 0 1 580 81 743 121
155 1 4 583 1 5 1
156 1 2 587 5 40 7
157 0 3 590 2 17 3
158 0 2 594 1 9 1
159 1 2 598 13487 156489 20230
160 0 1 601 1 9 1
161 0 2 604 46 409 69
162 0 7 607 1 5 1
163 1 10 611 11 34 16
164 1 1 615 115 1075 172
165 1 6 617 3436 17418 5154
166 1 9 621 6 18 9
167 1 4 625 40 143 60
168 1 7 629 1 3 1
169 1 4 633 2 6 3
170 0 2 637 4 33 6
171 1 7 640 1 3 1
172 0 3 644 4814 53510 7221
173 1 3 648 13 107 19
174 0 7 652 16 52 24
175 1 5 656 4468 23038 6702
176 1 6 660 2 7 3
177 1 2 664 16 134 24
178 0 1 668 8 64 12
179 0 1 671 1 9 1
180 0 4 674 4247 21827 6370
181 0 5 678 7 21 10
182 1 2 682 1 12 1
183 1 13 686 652 2946 978
184 0 2 690 1173 12255 1759
185 0 1 694 1 9 1
186 1 4 697 1321 6278 1981
187 1 4 701 5 15 7
188 1 1 705 18 152 27
189 0 15 708 1 4 1
190 1 2 712 18 152 27
191 0 5 716 3450 17493 5175
192 0 4 720 1 4 1
193 1 18 724 42 151 63
194 0 3 729 1 4 1
195 1 2 733 5307 59235 7960
196 0 1 737 890 9182 1335
197 0 15 740 9 27 13
198 1 1 744 1 9 1
199 0 1 746 3 25 4
200 1 7 749 10 31 15
201 1 2 753 174 1660 261
202 0 5 757 8184 43839 12276
203 0 3 761 2 17 3
204 0 2 765 1 12 1
205 1 2 769 4 33 6
206 1 3 772 266 1122 399
207 1 1 776 1 12 1
208 1 10 779 39 139 58
209 1 4 783 189 776 283
210 0 4 787 1 4 1
211 1 13 791 211 874 316
212 0 1 795 375 3715 562
213 1 3 798 4 32 6
214 1 3 802 16 134 24
215 0 1 806 1 9 1
216 0 11 809 66 247 99
217 1 2 813 1454 15338 2181
218 1 1 816 20 169 30
219 1 8 819 21 70 31
220 1 3 823 52 466 78
221 0 16 827 4612 23829 6918
222 1 8 831 1 4 1
223 1 1 835 14 116 21
224 1 1 838 4972 55343 7458
225 1 3 841 1 6 1
226 0 3 845 2 6 3
227 1 3 849 11 90 16
228 1 1 853 75 686 112
229 0 1 856 8 64 12
230 0 1 859 2 17 3
231 1 4 862 54954 329024 82431
232 0 1 866 363 3590 544
233 1 3 869 3 9 4
234 0 1 873 3 25 4
235 1 1 876 21 179 31
236 0 2 879 1 9 1
237 1 7 883 1 6 1
238 1 3 887 51 456 76
239 0 1 891 4 33 6
240 0 8 894 1 3 1
241 0 2 898 3041 33141 4561
242 0 4 902 578 2588 867
243 0 2 906 2243 24122 3364
244 1 1 910 448 4476 672
245 1 3 913 1 9 1
246 1 1 917 17 143 25
247 0 1 920 6 48 9
248 0 11 923 1 4 1
249 1 4 927 1 4 1
250 1 1 931 95705 1199177 143557
251 1 1 934 1 9 1
252 1 3 936 1 10 1
253 0 1 940 1 9 1
254 1 2 943 5 41 7
255 0 3 946 44 159 66
256 0 1 950 1 11 1
257 1 24 953 2187 10759 3280
258 1 4 958 7 21 10
259 1 3 962 570 2550 855
260 1 1 966 1 9 1
261 1 2 968 2 17 3
262 1 2 971 4 33 6
263 1 4 975 8 24 12
264 0 1 979 98225 1231960 147337
265 1 1 982 1 11 1
266 1 2 985 4 33 6
267 0 1 988 1 10 1
268 0 5 991 202 834 303
269 1 2 995 1 10 1
270 1 14 998 4 12 6
271 0 1 1002 67 609 100
272 1 1 1004 12 99 18
273 1 1 1007 24 206 36
274 0 1 1010 3862 42526 5793
275 0 3 1013 2 6 3
276 1 2 1017 1069 11121 1603
277 1 9 1021 1 4 1
278 0 2 1025 7 56 10
279 1 1 1029 2 17 3
280 0 1 1032 1 10 1
281 1 1 1035 1 10 1
282 1 2 1038 34 297 51
283 0 2 1042 31 270 46
284 0 4 1045 1 4 1
285 1 19 1049 8 24 12
286 0 9 1054 564 2521 846
287 0 1 1058 1 9 1
288 0 8 1060 116 457 174
289 1 2 1064 2 17 3
290 1 5 1068 1 4 1
291 0 1 1072 4 33 6
292 1 3 1075 22 188 33
293 1 3 1079 3 9 4
294 0 17 1083 2 7 3
295 0 2 1088 1 8 1
296 0 1 1092 121 1134 181
297 0 3 1095 44386 540021 66579
298 0 3 1099 15 48 22
299 1 2 1103 1 10 1
300 0 1 1107 59 532 88
301 1 3 1110 1 5 1
302 1 6 1114 1 5 1
303 0 1 1118 65 589 97
304 0 3 1121 8035 42992 12052
305 0 4 1125 1 5 1
306 0 1 1129 1435 15129 2152
307 0 4 1132 1868 9092 2802
308 1 4 1136 345 1486 517
309 1 2 1140 1 9 1
310 0 2 1143 37 325 55
311 0 2 1147 29 252 43
312 1 1 1151 552 5570 828
313 0 4 1154 470945 3154658 706417
314 1 1 1158 1 10 1
315 0 4 1161 1 4 1
316 1 4 1165 62689 378068 94033
317 1 5 1169 138 552 207
318 1 2 1173 84 772 126
319 0 3 1177 82 313 123
320 1 5 1181 16062 89625 24093
321 1 4 1185 1 3 1
322 1 4 1189 6399 33756 9598
323 0 1 1193 1 8 1
324 0 4 1196 1 4 1
325 1 2 1200 1297 13612 1945
326 0 3 1204 42 151 63
327 0 1 1208 611 6195 916
328 1 9 1211 1195 5639 1792
329 0 4 1215 1 4 1
330 0 26 1219 4 12 6
331 0 2 1224 8 64 12
332 0 2 1228 1 9 1
333 0 3 1232 117 461 175
334 0 3 1236 1 3 1
335 1 8 1240 164 665 246
336 0 2 1244 6 48 9
337 1 5 1247 53 195 79
338 0 4 1251 43 155 64
339 1 1 1255 1 9 1
340 1 2 1258 12262 141723 18393
341 1 1 1261 1 9 1
342 0 1 1264 100504 1261634 150756
343 0 3 1267 12 38 18
344 1 2 1271 1 10 1
345 1 4 1274 72 272 108
346 1 1 1278 3 25 4
347 1 1 1281 29 252 43
348 0 3 1284 1 9 1
349 0 28 1288 30 104 45
350 0 4 1293 169 687 253
351 0 4 1297 11 34 16
352 0 1 1301 43 381 64
353 1 1 1304 1 9 1
354 1 8 1307 72471 440542 108706
355 0 3 1311 1 9 1
356 1 2 1315 27 233 40
357 0 5 1318 1 4 1
358 1 1 1322 2 17 3
359 1 4 1325 146 587 219
360 0 12 1329 1 5 1
361 1 3 1333 55 203 82
362 0 1 1337 1 10 1
363 1 6 1340 3 9 4
364 1 6 1344 43 155 64
365 1 7 1348 4801 24869 7201
366 0 2 1352 27 233 40
367 0 2 1356 1 10 1
368 1 4 1360 7324 38963 10986
369 1 1 1364 46 410 69
370 1 3 1366 82 753 123
371 0 6 1370 1 5 1
372 0 2 1374 1 9 1
373 1 5 1378 541 2411 811
374 0 5 1382 2 7 3
375 0 2 1386 5 41 7
376 1 2 1390 2 17 3
377 0 3 1394 2 6 3
378 0 2 1398 1341 14095 2011
379 0 2 1402 2 17 3
380 1 1 1406 1 9 1
381 1 4 1409 7 21 10
382 0 1 1413 2 17 3
383 0 8 1415 4715 24395 7072
384 0 1 1419 2 17 3
385 1 1 1422 8516 96958 12774
386 0 2 1425 1 10 1
387 1 1 1429 11 90 16
388 0 3 1431 5 40 7
389 1 2 1435 7 56 10
390 1 4 1439 38 135 57
391 1 4 1443 159 643 238
392 1 2 1447 1 10 1
393 0 3 1451 24223 287769 36334
394 0 1 1455 1 9 1
395 0 1 1458 45 400 67
396 1 2 1461 1 9 1
397 1 3 1465 1 4 1
398 1 2 1469 1 10 1
399 0 3 1472 1 4 1
400 0 4 1476 1 5 1
401 0 2 1480 1 9 1
402 1 2 1484 181 1730 271
403 0 1 1488 1 10 1
404 0 2 1491 94 869 141
405 1 4 1494 3 9 4
406 1 37 1498 4 12 6
407 1 2 1503 1 13 1
408 1 6 1507 2 6 3
409 0 2 1511 17 143 25
410 1 5 1514 153 617 229
411 1 1 1518 1 10 1
412 0 1 1521 819 8417 1228
413 1 5 1524 2 7 3
414 1 3 1528 11 34 16
415 1 1 1532 21 179 31
416 0 2 1535 6164 69237 9246
417 1 8 1539 4 12 6
418 0 2 1543 30 261 45
419 1 1 1546 13 108 19
420 0 16 1549 1 6 1
421 0 1 1553 2 17 3
422 0 2 1556 27 233 40
423 1 3 1560 8 24 12
424 1 2 1564 221 2134 331
425 0 3 1568 3 25 4
426 1 7 1572 54 199 81
427 0 2 1576 3 25 4
428 1 5 1580 2580 12833 3870
429 1 1 1584 15 125 22
430 1 6 1587 1 5 1
431 1 1 1591 64 580 96
432 0 8 1594 1 4 1
433 1 2 1598 2081 22305 3121
434 1 1 1602 7 56 10
435 1 2 1605 1 9 1
436 1 2 1609 1 11 1
437 1 8 1612 1 5 1
438 0 2 1616 97 898 145
439 0 3 1620 74 280 111
440 1 2 1624 8 64 12
441 1 8 1628 1 4 1
442 0 4 1632 1 5 1
443 0 1 1636 224 2164 336
444 0 4 1639 432 1893 648
445 1 2 1643 21 179 31
446 1 8 1647 153 617 229
447 0 3 1651 1 5 1
448 1 2 1655 100 928 150
449 1 2 1659 72 657 108
450 0 2 1662 52672 645097 79008
451 0 6 1666 1 6 1
452 0 2 1670 1 11 1
453 0 2 1673 2 17 3
454 1 2 1677 1094 11393 1641
455 0 4 1681 1 5 1
456 1 5 1685 1 4 1
457 1 2 1689 5 40 7
458 1 17 1692 1 4 1
459 0 4 1697 17 55 25
460 1 8 1701 62 231 93
461 1 6 1705 175093 1115510 262639
462 0 1 1709 1 9 1
463 0 3 1712 1 5 1
464 1 10 1716 2 6 3
465 1 3 1720 1 4 1
466 0 3 1724 89 343 133
467 0 2 1728 132 1242 198
468 1 3 1731 335 1439 502
469 1 2 1735 2775 30123 4162
470 1 8 1738 1 4 1
471 0 3 1742 6 48 9
472 1 36 1746 1 3 1
473 1 3 1751 12 38 18
474 0 2 1755 1 9 1
475 1 1 1758 140 1321 210
476 1 3 1761 1 5 1
477 1 2 1765 1 10 1
478 1 8 1769 1 3 1
479 0 2 1773 1332 13996 1998
480 0 5 1777 9 27 13
481 0 6 1781 28442 164086 42663
482 1 7 1785 4430 22829 6645
483 1 1 1789 830 8535 1245
484 0 5 1792 1 4 1
485 0 4 1796 28 97 42
486 1 4 1800 13 41 19
487 1 3 1804 5 15 7
488 1 2 1808 1 9 1
489 0 5 1812 1 3 1
490 1 1 1816 386 3829 579
491 0 4 1819 11 34 16
492 1 3 1823 1 4 1
493 0 3 1827 24 82 36
494 1 11 1831 6 18 9
495 0 2 1835 1 10 1
496 0 2 1838 4 33 6
497 1 5 1842 1 5 1
498 0 1 1846 1513 15989 2269
499 0 4 1849 1 3 1
500 1 2 1853 1 10 1
501 0 1 1856 3 25 4
502 1 2 1859 2 17 3
503 1 3 1862 5 15 7
504 1 1 1866 1 9 1
505 1 2 1869 43 381 64
506 1 18 1872 37 131 55
507 0 5 1877 1280 6070 1920
508 1 4 1881 228 950 342
509 0 3 1885 1 3 1
510 0 1 1889 72 656 108
511 0 1 1892 1 9 1
512 1 1 1895 679 6918 1018
513 0 3 1897 1 10 1
514 0 1 1901 3 25 4
515 0 4 1904 28312 163294 42468
516 0 1 1908 27 233 40
517 0 5 1911 3 9 4
518 0 1 1915 234 2266 351
519 1 3 1918 2 17 3
520 1 4 1922 6174 32496 9261
521 1 2 1926 243 2357 364
522 1 4 1930 37407 219201 56110
523 0 2 1934 1 9 1
524 1 3 1938 11 34 16
525 0 14 1942 2 6 3
526 0 3 1946 175 714 262
527 1 3 1950 15 48 22
528 1 1 1954 5 41 7
529 0 1 1957 43 381 64
530 1 3 1960 9 72 13
531 0 10 1964 1 6 1
532 1 5 1968 1 4 1
533 0 2 1972 65 589 97
534 1 1 1976 13 108 19
535 0 2 1979 266 2592 399
536 0 2 1983 856 8815 1284
537 1 4 1987 1 4 1
538 1 1 1991 9 72 13
539 0 1 1994 1 9 1
540 0 3 1997 2089 22395 3133
541 0 3 2001 1 4 1
542 1 5 2005 1 4 1
543 0 3 2009 217 901 325
544 1 2 2013 32 279 48
545 0 4 2017 2 6 3
546 1 11 2021 1 4 1
547 0 3 2025 14563 80788 21844
548 1 10 2029 267 1127 400
549 0 2 2033 7 56 10
550 0 3 2037 109 1016 163
551 0 2 2041 1 10 1
552 1 3 2045 5500 28738 8250
553 0 5 2049 254 1068 381
554 0 4 2053 1 4 1
555 1 9 2057 7 21 10
556 1 2 2061 2 17 3
557 1 1 2064 265 2581 397
558 1 2 2067 25 215 37
559 0 2 2071 1 11 1
560 1 10 2074 903 4178 1354
561 0 3 2078 19 63 28
562 1 15 2082 1 5 1
563 1 2 2086 28894 345671 43341
564 1 6 2090 1 4 1
565 0 1 2094 3 25 4
566 1 4 2097 5 15 7
567 1 3 2101 1 4 1
568 0 4 2105 470 2072 705
569 1 1 2109 407 4048 610
570 0 3 2112 1 10 1
571 1 2 2116 2 17 3
572 0 2 2120 2030 21735 3045
573 0 2 2124 80 734 120
574 1 9 2128 41 147 61
575 0 2 2132 858 8836 1287
576 0 1 2136 1 11 1
577 1 6 2139 1 4 1
578 1 8 2143 11 34 16
579 1 1 2147 156 1480 234
580 0 6 2150 1948 9508 2922
581 1 6 2154 7 21 10
582 1 68 2158 6 18 9
583 0 10 2163 2 7 3
584 1 1 2167 2 17 3
585 1 3 2170 1 10 1
586 0 8 2174 19 63 28
587 1 2 2178 4 33 6
588 0 81 2182 1 4 1
589 0 18 2187 7746 41351 11619
590 1 3 2192 27 93 40
591 1 8 2196 4 12 6
592 1 3 2200 2 7 3
593 0 5 2204 501974 3373113 752961
594 1 1 2208 717 7323 1075
595 1 4 2211 4 13 6
596 0 8 2215 2 7 3
597 1 3 2219 1 5 1
598 1 18 2223 1 4 1
599 0 4 2228 2 6 3
600 1 1 2232 1 8 1
601 1 1 2235 102 947 153
602 0 27 2238 1 4 1
603 1 10 2243 53 195 79
604 0 8 2247 11045 60261 16567
605 1 2 2251 1 9 1
606 1 10 2254 1 4 1
607 1 1 2258 2156 23146 3234
608 0 2 2261 1 9 1
609 0 1 2265 1 9 1
610 0 1 2268 1 9 1
611 0 5 2271 1 5 1
612 1 1 2275 1 9 1
613 0 6 2278 1 4 1
614 0 2 2282 9 73 13
615 0 5 2285 238 995 357
616 0 39 2289 29 100 43
617 0 9 2294 1 4 1
618 1 3 2298 3 9 4
619 1 2 2302 1 11 1
620 1 1 2306 21018 248283 31527
621 1 6 2309 2 6 3
622 1 1 2313 23596 280028 35394
623 1 4 2316 1 5 1
624 1 2 2320 1 10 1
625 0 2 2323 2 17 3
626 0 2 2327 135 1272 202
627 1 3 2331 7 21 10
628 1 1 2335 164 1560 246
629 1 7 2338 1 4 1
630 0 2 2342 1 9 1
631 0 17 2346 1 4 1
632 0 1 2351 22 188 33
633 1 2 2354 1 9 1
634 0 4 2358 115 453 172
635 0 1 2362 1 9 1
636 1 3 2365 1 9 1
637 1 4 2369 3 10 4
638 0 7 2373 1 3 1
639 1 2 2377 1 9 1
640 0 1 2380 9 73 13
641 1 4 2383 1 5 1
642 0 2 2387 39 344 58
643 0 1 2391 9 73 13
644 0 2 2394 40 353 60
645 1 4 2397 163 661 244
646 1 3 2401 17 143 25
647 1 17 2405 1 3 1
648 0 96 2410 6 18 9
649 0 4 2415 4 12 6
650 1 2 2419 1 9 1
651 0 4 2422 18 59 27
652 0 5 2426 13 41 19
653 1 1 2430 4 33 6
654 1 1 2433 1 8 1
655 0 1 2435 2509 27115 3763
656 0 1 2438 1 9 1
657 1 6 2441 1 3 1
658 0 3 2445 13877 76761 20815
659 0 2 2449 60 542 90
660 0 1 2453 2 17 3
661 0 3 2456 1 4 1
662 1 2 2460 1 10 1
663 0 6 2464 102 398 153
664 1 1 2468 6 48 9
665 1 6 2471 1 4 1
666 0 2 2475 1 10 1
667 1 2 2478 63 570 94
668 0 7 2482 129 513 193
669 1 3 2486 3 25 4
670 0 4 2490 1 5 1
671 1 1 2494 1 11 1
672 1 9 2497 1 5 1
673 0 12 2501 1 4 1
674 0 3 2505 10 81 15
675 1 5 2509 7 21 10
676 0 1 2513 3 25 4
677 1 2 2516 27622 329865 41433
678 1 3 2520 1 5 1
679 0 3 2524 843 8675 1264
680 1 8 2528 2 6 3
681 1 3 2532 2106 10334 3159
682 1 3 2536 1 4 1
683 1 7 2540 1 3 1
684 1 3 2544 1 4 1
685 1 1 2548 10939 125841 16408
686 0 2 2550 367 3632 550
687 1 2 2553 1268 13294 1902
688 1 6 2556 8 24 12
689 1 3 2560 1 3 1
690 0 19 2564 30 104 45
691 0 1 2569 1 9 1
692 1 1 2572 4 33 6
693 1 1 2575 7876 89381 11814
694 1 1 2578 48 428 72
695 0 2 2581 1 10 1
696 1 2 2585 12 99 18
697 1 1 2589 1 11 1
698 0 4 2592 13 41 19
699 0 3 2596 68 256 102
700 0 2 2600 1 9 1
701 0 1 2604 1 9 1
702 0 1 2607 14 116 21
703 1 3 2610 48 428 72
704 1 3 2614 5 15 7
705 0 21 2618 1 3 1
706 1 4 2623 1 3 1
707 0 8 2627 1 4 1
708 0 1 2631 84 772 126
709 0 5 2634 44 159 66
710 1 3 2638 1 4 1
711 1 2 2642 19432 228827 29148
712 1 1 2646 1 10 1
713 1 4 2649 1 3 1
714 0 3 2653 76 289 114
715 1 2 2657 3 25 4
716 1 1 2661 2 17 3
717 1 3 2664 21 71 31
718 0 3 2668 6 18 9
719 1 6 2672 174 710 261
720 0 6 2676 123 487 184
721 0 3 2680 21 70 31
722 0 7 2684 1 5 1
723 0 1 2688 1 10 1
724 1 5 2690 9 27 13
725 1 1 2694 1069 11121 1603
726 0 6 2697 4343 22352 6514
727 1 2 2701 1 11 1
728 0 2 2705 26692 318326 40038
729 0 3 2709 41 147 61
730 0 4 2713 10 31 15
731 1 2 2717 532 5358 798
732 1 6 2720 80359 491241 120538
733 1 5 2724 4 12 6
734 1 4 2728 149 600 223
735 1 5 2732 1 4 1
736 0 6 2736 1 4 1
737 0 5 2740 36 128 54
738 1 3 2744 1 10 1
739 0 1 2748 1 11 1
740 1 2 2751 3 25 4
741 1 7 2755 33 116 49
742 0 3 2759 1 4 1
743 1 4 2763 70854 430183 106281
744 1 2 2767 111 1035 166
745 0 3 2770 1 5 1
746 0 2 2774 7465 84527 11197
747 0 3 2778 136 544 204
748 0 7 2782 375 1625 562
749 0 4 2786 1 5 1
750 1 1 2790 1320 13864 1980
751 0 3 2793 168 683 252
752 1 1 2797 3 25 4
753 1 6 2800 3646 18554 5469
754 0 5 2804 1 4 1
755 1 6 2808 10 31 15
756 1 2 2812 38 335 57
757 0 10 2815 1 4 1
758 1 1 2819 4 32 6
759 0 6 2822 11 34 16
760 1 10 2826 1 4 1
761 0 4 2830 1 6 1
762 0 5 2834 557 2487 835
763 1 7 2838 6 18 9
764 1 3 2842 5 40 7
765 1 6 2846 1173 5528 1759
766 0 1 2850 26 224 39
767 0 2 2853 1 10 1
768 1 2 2857 1 10 1
769 1 1 2860 1 10 1
770 1 1 2863 333 3280 499
771 0 1 2866 32 279 48
772 1 2 2868 1 10 1
773 1 12 2872 40 143 60
774 1 4 2876 12834 70659 19251
775 0 19 2880 122 483 183
776 1 10 2885 1 4 1
777 0 1 2889 519 5221 778
778 1 10 2892 427 1869 640
779 0 1 2896 11135 128190 16702
780 0 11 2899 1 6 1
781 0 2 2903 122 1143 183
782 0 2 2907 1 9 1
783 1 1 2910 1495 15790 2242
784 1 1 2913 50587 618595 75880
785 1 7 2916 3 10 4
786 1 3 2920 20 67 30
787 1 1 2924 15 125 22
788 1 8 2927 572 2559 858
789 1 6 2931 12 38 18
790 1 2 2935 1 11 1
791 0 2 2938 1 10 1
792 1 4 2942 4 12 6
793 0 8 2946 184 754 276
794 0 1 2950 18 152 27
795 1 1 2953 19 160 28
796 1 6 2956 7 21 10
797 0 2 2960 1 9 1
798 0 3 2964 16 52 24
799 1 7 2968 140 561 210
800 0 13 2972 25885 148527 38827
801 1 1 2976 1721 18292 2581
802 1 7 2979 4 12 6
803 0 2 2983 106 986 159
804 1 1 2987 1 9 1
805 0 4 2990 4593 23724 6889
806 1 1 2994 1 10 1
807 0 33 2997 1 4 1
808 1 4 3002 1 3 1
809 0 4 3006 6 18 9
810 0 4 3010 1 5 1
811 0 3 3014 1 4 1
812 0 1 3018 171 1630 256
813 1 3 3020 1 9 1
814 1 3 3024 2 7 3
815 0 2 3028 6 48 9
816 0 4 3032 3 9 4
817 1 2 3036 20 170 30
818 1 25 3040 1 5 1
819 1 15 3045 1 3 1
820 0 3 3049 1353 6441 2029
821 0 1 3053 2 17 3
822 1 1 3056 1 10 1
823 0 6 3059 3729 19004 5593
824 1 5 3063 1 4 1
825 1 4 3067 5099 26514 7648
826 0 3 3071 1 5 1
827 0 2 3075 3 25 4
828 0 2 3079 4 33 6
829 0 2 3083 1 9 1
830 1 1 3086 6 48 9
831 1 10 3089 51912 309832 77868
832 1 21 3093 11 34 16
833 0 2 3098 1 9 1
834 0 3 3101 3 25 4
835 0 19 3105 1 4 1
836 1 2 3110 1 11 1
837 0 8 3114 100 389 150
838 1 19 3118 1 4 1
839 1 6 3123 55 203 82
840 0 3 3127 1 6 1
841 1 2 3131 1 9 1
842 1 2 3134 25 215 37
843 0 6 3138 4 12 6
844 1 3 3142 195 1871 292
845 1 5 3146 2 7 3
846 0 2 3150 2 17 3
847 1 1 3154 30 261 45
848 1 1 3157 227 2195 340
849 0 1 3160 14 116 21
850 1 6 3163 3 10 4
851 1 6 3167 4 12 6
852 0 2 3171 455 4549 682
853 0 1 3175 1 11 1
854 1 1 3178 1 10 1
855 0 11 3181 1 6 1
856 0 3 3185 317 1356 475
857 1 16 3189 1 4 1
858 1 4 3194 4 12 6
859 0 7 3198 2 7 3
860 0 1 3202 2 17 3
861 0 5 3204 2 7 3
862 1 1 3208 69 628 103
863 1 2 3211 18 152 27
864 0 3 3214 1 4 1
865 1 2 3218 1801 19181 2701
866 1 6 3222 210 870 315
867 0 4 3226 11 34 16
868 1 1 3230 17 143 25
869 1 4 3233 13 41 19
870 1 8 3237 5095 26492 7642
871 1 1 3241 22 188 33
872 1 3 3244 4 13 6
873 1 1 3248 1107 11535 1660
874 0 1 3251 2 17 3
875 0 2 3254 638 6481 957
876 1 4 3258 1 5 1
877 0 3 3262 12 38 18
878 0 3 3266 1 13 1
879 0 1 3270 46 409 69
880 1 2 3273 320 3146 480
881 1 3 3277 1 4 1
882 0 1 3281 1 9 1
883 1 7 3284 1 3 1
884 0 1 3288 31 270 46
885 1 6 3291 1 4 1
886 1 2 3295 6 48 9
887 0 3 3299 408 4058 612
888 0 1 3303 1 9 1
889 0 13 3306 78 297 117
890 1 3 3310 115 1075 172
891 1 1 3314 130 1222 195
892 0 2 3317 32 279 48
893 0 3 3321 8 24 12
894 0 2 3325 43 381 64
895 0 6 3329 50 183 75
896 1 7 3333 54 199 81
897 0 2 3337 1 9 1
898 1 3 3341 1 5 1
899 1 4 3345 1 3 1
900 1 1 3349 1 9 1
901 0 9 3352 79 301 118
902 0 6 3356 1 4 1
903 0 1 3360 16 134 24
904 1 3 3363 206 852 309
905 1 2 3367 4 33 6
906 1 2 3371 166 1580 249
907 1 5 3375 1 4 1
908 1 2 3379 2 17 3
909 1 2 3382 1 10 1
910 0 2 3386 1 10 1
911 0 4 3390 1 4 1
912 0 1 3394 34 297 51
913 1 5 3397 4 12 6
914 1 2 3401 606 6141 909
915 0 2 3404 1 9 1
916 0 3 3408 537 2392 805
917 0 1 3412 262 2551 393
918 0 10 3415 744 3394 1116
919 1 3 3419 3760 41355 5640
920 0 1 3423 1 9 1
921 0 1 3425 74 676 111
922 0 2 3428 1 9 1
923 0 8 3432 1 5 1
924 1 9 3436 10 31 15
925 0 1 3440 2 17 3
926 0 1 3443 79 724 118
927 1 1 3446 70 637 105
928 0 3 3449 1 3 1
929 0 3 3453 897 4148 1345
930 0 1 3457 27 233 40
931 0 3 3460 21 70 31
932 0 3 3464 2 7 3
933 0 1 3468 3 25 4
934 1 2 3471 9821 112479 14731
935 0 7 3475 261 1100 391
936 0 4 3479 1 5 1
937 0 4 3483 1 4 1
938 1 1 3487 1 9 1
939 1 2 3490 1 9 1
940 0 7 3494 32 112 48
941 0 2 3498 1 9 1
942 1 2 3502 8 64 12
943 0 2 3506 1 8 1
944 0 5 3510 1 5 1
945 0 2 3514 1 11 1
946 0 2 3518 1 9 1
947 0 2 3522 4676 51912 7014
948 1 4 3526 4 13 6
949 0 3 3530 9264 105844 13896
950 1 1 3534 11 90 16
951 1 5 3537 4 13 6
952 0 4 3541 2 7 3
953 1 1 3545 1 9 1
954 1 13 3548 10 31 15
955 1 1 3552 103 957 154
956 0 16 3555 12 38 18
957 0 1 3559 1 8 1
958 1 2 3561 657 6683 985
959 0 3 3565 1 3 1
960 0 11 3569 10 31 15
961 0 1 3573 315 3095 472
962 0 54 3576 1 3 1
963 0 6 3581 120 474 180
964 0 1 3585 38086 460615 57129
965 0 1 3588 2 17 3
966 1 1 3591 21115 249474 31672
967 0 2 3594 1 9 1
968 0 4 3598 12 38 18
969 0 4 3602 1 4 1
970 0 3 3606 8 24 12
