0 0 12 5 1 4 1
1 0 3 9 6 48 9
2 0 2 13 47 419 70
3 1 2 17 12635 146214 18952
4 1 1 20 96 888 144
5 1 5 23 1 8 1
6 1 1 27 17 143 25
7 0 9 29 1 3 1
8 1 2 33 361 3570 541
9 1 12 37 2 6 3
10 0 1 41 21208 250618 31812
11 1 4 44 20 170 30
12 1 6 48 1 10 1
13 0 1 52 1 11 1
14 0 2 55 9 72 13
15 1 3 58 6 48 9
16 1 3 62 1 10 1
17 0 4 66 7 56 10
18 0 1 70 1624 17217 2436
19 1 6 73 1625 17227 2437
20 1 6 77 375 3715 562
21 1 3 81 29570 354082 44355
22 0 2 85 1 8 1
23 0 2 89 1 11 1
24 0 2 93 1139 11884 1708
25 0 2 97 8 64 12
26 1 1 101 1 11 1
27 0 12 104 1 4 1
28 1 3 108 24 206 36
29 0 5 112 4 33 6
30 1 1 116 4407 48802 6610
31 0 3 119 1 10 1
32 0 5 123 93898 1175689 140847
33 0 4 127 1 9 1
34 0 1 131 784 8041 1176
35 1 5 134 5446 60853 8169
36 1 2 138 1 9 1
37 0 4 142 16 134 24
38 0 2 146 231 2235 346
39 1 3 150 157 1490 235
40 0 17 154 1 4 1
41 1 2 159 1 8 1
42 0 2 162 2 17 3
43 0 2 166 71 647 106
44 1 9 170 1 3 1
45 0 2 174 130531 1654706 195796
46 1 1 178 1 11 1
47 1 2 181 1 8 1
48 1 1 184 1 9 1
49 1 1 187 165 1570 247
50 1 6 190 1 8 1
51 0 4 194 4348 48121 6522
52 1 5 198 2463 26597 3694
53 0 1 202 61363 755973 92044
54 0 3 205 7 56 10
55 0 2 209 244 2367 366
56 0 15 213 1 3 1
57 0 1 217 2 17 3
58 0 4 219 22 188 33
59 0 3 223 42 372 63
60 1 9 227 1186 5594 1779
61 1 1 231 206 1982 309
62 1 6 234 2 17 3
63 0 2 238 1 9 1
64 0 3 241 95 879 142
65 1 2 245 1 10 1
66 0 2 248 316 3105 474
67 1 2 252 356 3518 534
68 1 3 256 2 17 3
69 1 1 260 1 9 1
70 0 10 263 1 3 1
71 1 5 267 7497 84905 11245
72 1 2 271 169 1610 253
73 1 1 274 1 9 1
74 0 2 277 14 116 21
75 1 2 280 999 10361 1498
76 1 5 284 13 108 19
77 0 10 288 435 1907 652
78 0 2 292 1 10 1
79 0 5 296 1 10 1
80 0 9 300 3 10 4
81 1 1 304 24 206 36
82 1 2 307 35988 434277 53982
83 1 2 310 376 3725 564
84 1 4 313 987 10231 1480
85 0 7 317 1 5 1
86 1 3 321 22 188 33
87 0 2 325 8 64 12
88 0 1 328 105 976 157
89 1 5 331 126 1183 189
90 1 20 335 10 31 15
91 0 5 340 1 9 1
92 1 2 344 3422 37485 5133
93 1 1 348 2 17 3
94 1 2 351 464 4644 696
95 0 1 355 1 11 1
96 1 4 358 2310 24874 3465
97 1 4 362 13838 160730 20757
98 1 5 366 8 64 12
99 0 1 370 1 9 1
100 0 7 373 68 256 102
101 0 1 377 1 9 1
102 0 2 380 1 10 1
103 1 2 384 1 9 1
104 0 2 388 8 64 12
105 0 4 392 4 33 6
106 1 1 396 1 11 1
107 0 3 398 1 9 1
108 0 1 402 7 56 10
109 0 1 405 1 9 1
110 1 3 408 196671 2531279 295006
111 0 11 412 1 6 1
112 0 1 416 13 107 19
113 1 3 419 8 64 12
114 1 2 423 1 10 1
115 1 4 427 28 242 42
116 0 12 431 1 4 1
117 1 1 435 1 9 1
118 0 2 438 1 9 1
119 1 2 442 1 11 1
120 0 10 446 3 9 4
121 0 16 450 1 5 1
122 1 15 454 1 4 1
123 1 1 458 49 438 73
124 0 3 461 10 81 15
125 0 15 465 5 15 7
126 1 1 469 1 10 1
127 1 7 472 1 4 1
128 0 6 476 1 10 1
129 0 4 480 31 270 46
130 1 2 484 1 9 1
131 1 26 488 29 100 43
132 1 2 493 1 9 1
133 0 26 496 5 15 7
134 1 1 501 1 9 1
135 0 9 504 2 7 3
136 0 5 508 1 11 1
137 0 3 512 3 25 4
138 1 3 516 11 90 16
139 1 11 520 1 4 1
140 0 3 524 68 618 102
141 0 3 528 988 10241 1482
142 0 1 532 1 9 1
143 0 3 534 134 1262 201
144 1 2 538 599 6067 898
145 0 43 541 86 330 129
146 1 6 546 1 4 1
147 0 2 550 109 1016 163
148 1 42 554 91510 563345 137265
149 0 2 559 1 11 1
150 1 5 563 2 17 3
151 0 5 567 1 14 1
152 0 4 571 5549 62053 8323
153 0 5 575 18 152 27
154 0 3 579 1 12 1
155 0 5 583 1 9 1
156 1 8 587 1 3 1
157 0 2 591 2 17 3
158 0 1 594 270 2633 405
159 1 10 597 42 151 63
160 0 4 601 733 7495 1099
161 1 4 605 1934 20663 2901
162 1 6 609 12 38 18
163 0 2 613 12737 147443 19105
164 1 9 617 356 1537 534
165 0 2 621 1 9 1
166 1 14 624 2 6 3
167 0 3 628 1 11 1
168 0 9 632 323 1384 484
169 0 5 636 103 957 154
170 0 5 640 11 90 16
171 0 3 644 1 9 1
172 0 2 648 660 6715 990
173 0 12 652 1 3 1
174 1 2 656 33 288 49
175 1 1 660 5 41 7
176 1 6 663 54 485 81
177 0 2 667 4 33 6
178 0 1 670 19 161 28
179 0 2 673 3 25 4
180 0 6 677 123 1153 184
181 0 2 681 2 17 3
182 0 2 684 1 9 1
183 1 3 688 123 1153 184
184 1 1 692 7 56 10
185 1 1 695 76 695 114
186 1 3 697 1 10 1
187 0 3 701 3 25 4
188 1 2 705 16 134 24
189 0 3 708 1 10 1
190 1 3 712 356516 4688898 534774
191 1 3 716 18 152 27
192 0 8 720 2 7 3
193 0 5 724 1 9 1
194 0 1 728 2 17 3
195 1 2 731 20 170 30
196 0 2 735 29 251 43
197 1 2 739 26 224 39
198 1 3 743 17 143 25
199 0 2 747 3 25 4
200 0 1 750 1 12 1
201 0 5 753 16 134 24
202 1 9 757 1 3 1
203 1 7 761 561 2507 841
204 1 3 765 158 1500 237
205 0 5 769 1 10 1
206 1 1 773 16 134 24
207 0 2 776 37 325 55
208 1 2 779 1 9 1
209 0 12 783 34 120 51
210 0 1 787 2 17 3
211 0 4 790 5 40 7
212 1 1 794 38949 471465 58423
213 0 4 797 1 9 1
214 1 1 801 455 4549 682
215 1 4 804 2 17 3
216 1 1 808 1 10 1
217 1 7 811 238 995 357
218 1 1 815 1 9 1
219 0 8 818 1 3 1
220 1 1 822 6 48 9
221 1 5 825 1 10 1
222 0 8 829 1 5 1
223 1 1 833 1 11 1
224 1 6 835 25 215 37
225 1 1 839 1 10 1
226 0 3 842 82 753 123
227 0 1 846 1 10 1
228 1 8 849 113 444 169
229 0 3 853 1 9 1
230 0 2 857 4 33 6
231 0 8 861 94 364 141
232 0 2 865 1 9 1
233 0 3 869 1 9 1
234 1 4 873 4 33 6
235 1 8 877 1 3 1
236 1 10 881 7 21 10
237 0 2 885 1 9 1
238 1 10 888 1 3 1
239 0 1 892 1 10 1
240 0 1 895 1 10 1
241 1 1 898 1 9 1
242 0 1 901 2 17 3
243 1 1 904 3 25 4
244 0 1 907 2 17 3
245 0 9 910 1 4 1
246 1 4 914 213 2053 319
247 0 3 918 16 134 24
248 1 13 922 59 219 88
249 0 6 926 7 56 10
250 0 4 930 5 40 7
251 1 1 934 46 410 69
252 1 2 937 23434 278029 35151
253 0 5 941 618 6269 927
254 0 2 945 58 523 87
255 1 1 948 142 1341 213
256 0 9 951 1 4 1
257 0 2 955 6 48 9
258 0 19 958 1060 4960 1590
259 1 4 963 16 134 24
260 1 2 967 11 90 16
261 0 3 971 1 11 1
262 0 1 975 12 99 18
263 0 4 978 178 1700 267
264 1 5 982 4209 46518 6313
265 1 2 986 8 64 12
266 0 7 990 1 4 1
267 0 5 994 687 7003 1030
268 1 3 998 216 2083 324
269 0 9 1002 3045 15314 4567
270 0 3 1006 1 10 1
271 0 4 1010 15 125 22
272 0 2 1014 31 270 46
273 1 6 1018 3572 39200 5358
274 0 2 1022 2184 23460 3276
275 1 6 1026 1 10 1
276 0 1 1030 1 12 1
277 0 6 1033 1 9 1
278 0 4 1037 1 9 1
279 1 1 1041 2 17 3
280 1 1 1044 11 90 16
281 0 6 1047 98 908 147
282 0 1 1051 120 1124 180
283 0 1 1054 1 9 1
284 1 5 1057 93 860 139
285 0 7 1061 14 45 21
286 1 4 1065 1 11 1
287 0 13 1069 33 116 49
288 1 1 1073 1 11 1
289 0 1 1076 421 4194 631
290 0 3 1078 4 33 6
291 1 17 1082 187 767 280
292 0 4 1087 2 17 3
293 1 6 1091 4695 52132 7042
294 1 6 1095 1 10 1
295 0 4 1099 1636 17349 2454
296 0 8 1103 1 5 1
297 0 6 1107 28 97 42
298 1 4 1111 1649 17494 2473
299 0 10 1115 36815 215537 55222
300 0 13 1119 82 314 123
301 0 1 1123 104 967 156
302 0 1 1126 109 1015 163
303 0 2 1129 1 10 1
304 0 1 1133 6 48 9
305 0 3 1136 1 9 1
306 0 3 1140 1198 12528 1797
307 1 1 1144 1 11 1
308 0 1 1147 94278 1180627 141417
309 1 2 1150 1603 16984 2404
310 0 2 1153 722348 9741592 1083522
311 1 2 1157 1 12 1
312 0 2 1161 16175 189069 24262
313 0 1 1164 417 4152 625
314 1 7 1167 1 5 1
315 0 14 1171 1 3 1
316 1 13 1175 15776 87935 23664
317 0 3 1179 50 447 75
318 0 1 1183 46 409 69
319 0 59 1186 316 1351 474
320 0 1 1191 1 10 1
321 0 2 1194 175 1670 262
322 0 3 1198 1 9 1
323 1 5 1202 1368 14392 2052
324 0 2 1206 1 9 1
325 1 1 1210 526 5295 789
326 1 1 1213 136441 1732483 204661
327 1 3 1216 3439 37679 5158
328 0 4 1220 85 782 127
329 1 2 1224 3 25 4
330 1 2 1227 22806 270285 34209
331 0 2 1231 1 9 1
332 0 8 1234 5 15 7
333 1 2 1238 208 2002 312
334 0 2 1242 60 542 90
335 1 1 1246 33 289 49
336 0 2 1249 1 10 1
337 1 4 1253 1 11 1
338 0 4 1257 6 48 9
339 0 3 1261 28263 337827 42394
340 0 8 1265 46830 277903 70245
341 0 4 1269 13226 153339 19839
342 0 2 1273 1 10 1
343 1 1 1277 1 11 1
344 1 1 1280 1 11 1
345 0 5 1283 28 242 42
346 0 1 1287 2745 29782 4117
347 0 2 1290 1 13 1
348 1 5 1294 1 10 1
349 0 2 1298 2 17 3
350 1 4 1302 1 8 1
351 0 2 1306 45 400 67
352 0 3 1310 4 33 6
353 0 1 1314 2 17 3
354 1 24 1317 8 24 12
355 0 7 1322 1 4 1
356 1 3 1326 36 316 54
357 0 2 1330 4 33 6
358 1 4 1333 42 372 63
359 0 2 1337 58 523 87
360 0 5 1341 1 8 1
361 1 3 1345 1 10 1
362 1 44 1349 281 1191 421
363 0 1 1354 2 17 3
364 1 2 1357 181 1730 271
365 0 2 1361 12 99 18
366 0 1 1365 18 152 27
367 1 1 1368 1 11 1
368 1 13 1371 2165 10644 3247
369 1 7 1375 62 231 93
370 1 2 1379 1 11 1
371 0 6 1383 1282 13447 1923
372 0 19 1387 1 5 1
373 0 1 1392 153 1450 229
374 0 3 1395 311 3053 466
375 0 15 1399 4400 22665 6600
376 1 2 1403 94 869 141
377 0 4 1407 47 419 70
378 1 2 1411 1287 13502 1930
379 0 3 1415 326348 4278480 489522
380 0 3 1419 14 116 21
381 1 3 1423 1 10 1
382 0 2 1427 1 9 1
383 0 2 1431 1 9 1
384 0 32 1435 453 1992 679
385 0 5 1440 3 25 4
386 0 8 1444 42 151 63
387 0 18 1448 1672 8077 2508
388 1 5 1453 2 17 3
389 1 3 1457 1 9 1
390 1 1 1461 455 4549 682
391 1 26 1464 76075 463673 114112
392 1 2 1469 1 9 1
393 0 2 1472 55 494 82
394 1 1 1476 6 48 9
395 0 1 1479 60 542 90
396 1 2 1482 1 9 1
397 1 1 1486 2 17 3
398 1 5 1489 1 9 1
399 0 2 1493 55 494 82
400 1 4 1497 6859 77391 10288
401 1 1 1501 406 4037 609
402 0 7 1504 30 104 45
403 1 9 1508 3 10 4
404 0 4 1512 1 9 1
405 0 1 1516 8 64 12
406 0 2 1519 33 288 49
407 0 3 1523 213 2053 319
408 0 1 1527 5 40 7
409 0 4 1530 11 90 16
410 0 2 1534 4 33 6
411 1 3 1538 350 3456 525
412 1 3 1542 2228 23953 3342
413 0 1 1546 8 64 12
414 1 1 1549 11 90 16
415 0 1 1552 1 9 1
416 1 15 1555 10 31 15
417 1 1 1559 1 10 1
418 0 4 1562 1 12 1
419 0 4 1566 26619 317421 39928
420 1 3 1570 1619 17161 2428
421 0 2 1574 4 33 6
422 0 2 1578 204 1962 306
423 1 2 1582 1 9 1
424 1 3 1586 831 8546 1246
425 1 4 1590 9 73 13
426 0 4 1594 443 4423 664
427 0 3 1598 1 10 1
428 1 3 1602 1 11 1
429 0 3 1606 2 17 3
430 0 7 1610 6 18 9
431 0 1 1614 1 9 1
432 1 8 1617 2 6 3
433 1 4 1621 29 252 43
434 0 7 1625 1 3 1
435 1 1 1629 4 33 6
436 1 5 1632 11 90 16
437 1 13 1636 1 4 1
438 0 3 1640 1 10 1
439 1 9 1644 1 7 1
440 1 1 1648 1281 13436 1921
441 1 4 1651 8 64 12
442 0 1 1655 1 10 1
443 0 1 1658 133 1252 199
444 0 4 1661 1 11 1
445 1 6 1665 1 9 1
446 1 9 1669 3 10 4
447 1 15 1673 13 41 19
448 0 1 1677 83 762 124
449 0 4 1680 2 17 3
450 1 8 1684 3 10 4
451 1 1 1688 1 9 1
452 1 1 1691 1 10 1
453 0 2 1694 6 48 9
454 1 3 1698 1 10 1
455 1 4 1702 808 8299 1212
456 0 1 1706 1 9 1
457 1 2 1709 1 8 1
458 0 4 1713 1 9 1
459 0 2 1717 44 391 66
460 1 4 1721 3 25 4
461 0 2 1725 483 4843 724
462 0 2 1729 11 90 16
463 1 2 1733 1 10 1
464 1 1 1736 12 99 18
465 1 2 1739 2 17 3
466 1 3 1742 1 11 1
467 0 2 1746 2 17 3
468 0 2 1750 1 9 1
469 1 9 1754 18 59 27
470 0 6 1758 4 33 6
471 1 6 1762 1 13 1
472 0 1 1766 243 2357 364
473 0 3 1769 38149 461406 57223
474 1 10 1773 105 410 157
475 1 1 1777 1 9 1
476 0 2 1780 2 17 3
477 1 1 1784 79 724 118
478 1 2 1787 2 17 3
479 0 1 1791 1 10 1
480 1 1 1793 1 9 1
481 1 1 1795 4 33 6
482 1 5 1798 15 125 22
483 1 8 1802 1 5 1
484 1 48 1806 1 3 1
485 0 4 1811 1 13 1
486 1 2 1815 4 33 6
487 1 2 1819 3 25 4
488 1 7 1823 1 4 1
489 1 2 1827 512 5148 768
490 0 3 1831 65 589 97
491 0 1 1835 35 307 52
492 0 8 1838 4944 25658 7416
493 1 4 1842 1 9 1
494 1 7 1846 2571 12786 3856
495 1 2 1850 2 17 3
496 0 2 1854 5 41 7
497 0 2 1858 955 9884 1432
498 0 1 1862 4841 53823 7261
499 0 6 1865 6 48 9
500 0 10 1869 19 63 28
501 0 3 1873 1 9 1
502 1 2 1877 242700 3147843 364050
503 1 1 1881 990448 13505073 1485672
504 1 6 1884 1 10 1
505 0 1 1888 1 9 1
506 0 1 1891 1 9 1
507 1 1 1894 145 1371 217
508 1 3 1897 48 428 72
509 0 1 1901 4 33 6
510 1 1 1904 1465 15459 2197
511 1 3 1907 9 73 13
512 0 2 1911 176 1680 264
513 1 11 1915 1 3 1
514 1 11 1919 1 3 1
515 0 1 1923 20 170 30
516 0 3 1926 1 9 1
517 0 9 1930 1 3 1
518 0 3 1934 82 753 123
519 1 3 1938 1 8 1
520 1 1 1942 18 152 27
521 1 3 1945 451 4507 676
522 0 1 1949 1 9 1
523 1 1 1951 2 17 3
524 1 1 1954 316 3105 474
525 1 5 1957 399 3965 598
526 0 1 1961 3 25 4
527 1 3 1964 9 73 13
528 0 2 1968 2 17 3
529 1 5 1972 113 1055 169
530 1 5 1976 1 9 1
531 0 3 1980 1 10 1
532 0 3 1984 77 704 115
533 0 13 1988 1 5 1
534 0 5 1992 32 279 48
535 1 1 1996 383 3798 574
536 0 7 1999 1495 7166 2242
537 0 1 2003 42 372 63
538 0 14 2006 1 4 1
539 0 1 2010 6 48 9
540 0 14 2013 83 318 124
541 1 4 2017 1 8 1
542 0 11 2021 2 6 3
543 0 1 2025 149604 1906140 224406
544 1 9 2028 7 21 10
545 1 1 2032 1 10 1
546 0 2 2034 1196 12506 1794
547 0 10 2038 41273 243199 61909
548 1 3 2042 4 33 6
549 0 3 2046 1 11 1
550 0 15 2050 3711 18906 5566
551 0 1 2054 2 17 3
552 1 1 2057 225 2174 337
553 1 3 2060 1360 14304 2040
554 0 2 2064 1 10 1
555 1 1 2067 3091 33710 4636
556 0 5 2070 7 56 10
557 0 2 2074 568 5739 852
558 1 4 2078 55 494 82
559 1 4 2082 11894 137299 17841
560 1 11 2086 10 31 15
561 0 2 2090 1 10 1
562 0 1 2093 2000 21400 3000
563 1 5 2096 18 152 27
564 1 4 2100 200199 2578370 300298
565 0 9 2104 437 1916 655
566 1 8 2108 1 3 1
567 0 3 2112 24973 297039 37459
568 0 4 2116 42 372 63
569 1 2 2120 1 9 1
570 0 7 2124 1 4 1
571 0 5 2128 65084 803627 97626
572 0 7 2132 2 6 3
573 0 1 2136 1 9 1
574 0 3 2139 119 1114 178
575 0 1 2143 489 4906 733
576 1 3 2146 692 7057 1038
577 0 8 2150 5 15 7
578 1 2 2154 26506 316020 39759
579 1 14 2157 1 3 1
580 0 5 2161 1 9 1
581 1 3 2165 86 791 129
582 0 11 2169 1 4 1
583 1 2 2173 3694 40598 5541
584 0 3 2177 4844 53858 7266
585 1 3 2181 337 3321 505
586 0 2 2185 3 25 4
587 0 2 2189 58 523 87
588 0 2 2193 3 25 4
589 0 6 2196 195 1871 292
590 0 7 2200 844 3885 1266
591 1 1 2204 63 570 94
592 0 41 2207 167 679 250
593 1 2 2212 24 206 36
594 0 5 2215 1 10 1
595 0 1 2219 15 125 22
596 0 3 2222 2 17 3
597 1 6 2226 2 17 3
598 0 13 2230 1 4 1
599 0 4 2234 1 9 1
600 0 3 2238 152 1440 228
601 0 6 2242 112 1045 168
602 1 1 2246 2795 30349 4192
603 1 13 2249 11 34 16
604 1 10 2253 2 7 3
605 1 18 2257 2 6 3
606 1 3 2262 40 353 60
607 0 3 2266 36 316 54
608 1 5 2270 38 335 57
609 0 14 2274 16029 89430 24043
610 1 5 2278 1230 12878 1845
611 1 2 2282 1 9 1
612 0 1 2285 2 17 3
613 1 2 2288 23 197 34
614 1 2 2291 2 17 3
615 1 3 2294 7 56 10
616 1 1 2298 125 1173 187
617 1 3 2301 1 9 1
618 1 3 2305 6 48 9
619 0 1 2309 1 9 1
620 1 1 2312 21 179 31
621 0 3 2315 22 187 33
622 1 2 2319 168 1600 252
623 1 11 2323 1 3 1
624 1 7 2327 42 151 63
625 0 1 2331 6 48 9
626 1 3 2334 91 840 136
627 0 3 2338 1 9 1
628 0 10 2342 439 1926 658
629 1 1 2346 94 869 141
630 0 5 2349 7 56 10
631 0 4 2353 1990 21288 2985
632 0 9 2357 11 34 16
633 0 10 2361 1 5 1
634 0 1 2365 3 25 4
635 0 6 2368 1 4 1
636 1 6 2372 20 170 30
637 1 2 2376 14414 167699 21621
638 0 1 2379 16 134 24
639 1 10 2382 52831 315623 79246
640 1 1 2386 1 8 1
641 0 4 2389 455 4549 682
642 1 1 2393 2 17 3
643 1 3 2396 14 116 21
644 1 1 2400 5 41 7
645 1 5 2403 1 9 1
646 0 11 2407 278 1177 417
647 0 2 2411 1 9 1
648 1 6 2414 1 13 1
649 0 5 2418 1 9 1
650 1 1 2422 138 1301 207
651 0 6 2425 1 10 1
652 1 1 2429 1 9 1
653 0 1 2432 1503 15878 2254
654 1 2 2435 1 9 1
655 0 1 2439 3 25 4
656 0 9 2442 59 219 88
657 1 5 2446 7 56 10
658 1 2 2450 730 7462 1095
659 0 2 2453 1 9 1
660 1 19 2456 2571 12786 3856
661 1 2 2461 355 3508 532
662 1 2 2465 1 11 1
663 0 1 2469 1420 14964 2130
664 0 5 2471 14 116 21
665 1 1 2475 1 10 1
666 1 5 2478 46 409 69
667 0 1 2482 108 1006 162
668 1 4 2485 18 152 27
669 0 5 2489 231 2235 346
670 1 2 2493 1 11 1
671 0 5 2497 62 561 93
672 1 1 2501 1 9 1
673 1 15 2504 63 235 94
674 0 2 2508 1 10 1
675 0 1 2512 1 9 1
676 0 1 2515 112 1045 168
677 1 2 2518 20 170 30
678 0 11 2522 4 13 6
679 1 3 2526 8 64 12
680 0 1 2530 1 9 1
681 1 6 2533 22 188 33
682 0 1 2537 5 40 7
683 0 1 2540 1 12 1
684 1 17 2543 9 27 13
685 0 1 2548 1 9 1
686 1 3 2551 2 17 3
687 1 2 2555 1 12 1
688 1 3 2559 8 64 12
689 1 9 2563 15 48 22
690 0 16 2567 1 5 1
691 1 16 2572 1 3 1
692 1 2 2577 1393 14667 2089
693 1 2 2581 1318 13842 1977
694 1 3 2585 1 9 1
695 0 5 2589 3 25 4
696 0 1 2593 89 821 133
697 0 3 2596 2 17 3
698 1 2 2600 28 242 42
699 1 2 2604 3 25 4
700 0 1 2607 1 9 1
701 0 1 2610 6 48 9
702 1 55 2613 9 27 13
703 0 5 2618 1 9 1
704 0 10 2622 1 4 1
705 0 7 2626 1 4 1
706 1 4 2630 7 56 10
707 1 2 2634 55 494 82
708 0 1 2638 126 1183 189
709 1 5 2641 1 9 1
710 0 3 2645 2 17 3
711 0 1 2649 20175 237934 30262
712 0 2 2652 1 10 1
713 1 2 2656 3 25 4
714 1 3 2659 7 56 10
715 1 9 2663 1 3 1
716 0 1 2667 6 48 9
717 0 2 2670 2653 28742 3979
718 1 1 2674 3 25 4
719 1 1 2677 34 298 51
720 0 2 2680 5774 64678 8661
721 0 1 2683 116 1084 174
722 1 2 2686 1 9 1
723 0 3 2690 1 9 1
724 0 3 2694 1 9 1
725 1 2 2698 1 10 1
726 1 2 2702 1 11 1
727 1 8 2706 1 3 1
728 1 1 2710 46 409 69
729 1 1 2713 1 9 1
730 1 3 2716 1 10 1
731 1 2 2720 6 48 9
732 1 4 2724 69 628 103
733 0 10 2728 1 5 1
734 1 2 2732 4 33 6
735 1 1 2735 1 9 1
736 0 1 2738 13 107 19
737 0 3 2741 38 335 57
738 0 2 2745 765 7837 1147
739 1 3 2749 5 41 7
740 1 6 2753 1 4 1
741 0 2 2757 1 9 1
742 0 4 2760 34 298 51
743 1 2 2764 17 143 25
744 0 2 2768 10057 115295 15085
745 0 2 2771 18 152 27
746 1 7 2775 147 591 220
747 1 11 2779 3 9 4
748 0 5 2783 1 9 1
749 1 1 2787 1 9 1
750 0 4 2790 1 11 1
751 1 1 2794 1 9 1
752 1 1 2797 180 1720 270
753 0 2 2800 3 25 4
754 0 2 2804 11 90 16
755 1 1 2807 1 10 1
756 1 1 2810 17 143 25
757 0 2 2813 64 580 96
758 1 7 2817 6598 34872 9897
759 0 2 2821 746 7633 1119
760 1 7 2825 34 120 51
761 0 7 2829 1 3 1
762 0 15 2833 11 34 16
763 1 17 2837 9 27 13
764 1 5 2842 381 3777 571
765 0 4 2846 52 466 78
766 1 1 2850 1 9 1
767 0 2 2853 4 33 6
768 0 1 2856 1 10 1
769 0 3 2859 1 8 1
770 0 9 2863 2 6 3
771 1 6 2867 7 56 10
772 0 1 2871 9 73 13
773 1 1 2874 7 56 10
774 0 3 2877 155 1470 232
775 1 2 2881 9 72 13
776 0 2 2884 38 335 57
777 1 4 2887 1 10 1
778 0 9 2891 1 3 1
779 1 2 2895 48 428 72
780 1 22 2898 24 82 36
781 1 3 2903 2546 27533 3819
782 0 1 2907 3059 33346 4588
783 1 6 2910 2747 29805 4120
784 1 3 2914 241 2337 361
785 1 16 2918 6 18 9
786 1 1 2923 1 11 1
787 0 1 2926 18 152 27
788 1 1 2929 1 9 1
789 1 5 2932 3 25 4
790 1 1 2936 2745 29782 4117
791 1 3 2939 580 5866 870
792 1 1 2943 4078 45009 6117
793 1 6 2946 162 1540 243
794 1 1 2950 7 56 10
795 0 2 2953 1 9 1
796 0 3 2956 1 9 1
797 1 1 2960 1 11 1
798 1 3 2963 6679 75276 10018
799 1 6 2967 1 12 1
800 0 2 2971 10 81 15
801 1 18 2974 1 4 1
802 1 4 2979 532 5358 798
803 1 9 2983 36 127 54
804 0 3 2987 1 11 1
805 1 2 2991 1 9 1
806 0 3 2994 1 9 1
807 0 2 2998 4 33 6
808 0 4 3002 1 10 1
809 0 1 3006 1 10 1
810 1 15 3009 1 4 1
811 0 1 3013 39 344 58
812 1 12 3016 1 4 1
813 0 2 3020 3 25 4
814 1 12 3023 7 21 10
815 1 18 3027 1 5 1
816 1 3 3032 7149 80803 10723
817 1 15 3036 2927 14682 4390
818 0 1 3040 44 391 66
819 1 5 3043 24 206 36
820 1 3 3047 4 33 6
821 1 3 3051 481 4822 721
822 0 2 3055 26 224 39
823 0 5 3059 472 4727 708
824 0 4 3063 60 542 90
825 1 2 3067 5 41 7
826 1 9 3070 3 9 4
827 1 4 3074 10 81 15
828 1 19 3078 166 674 249
829 1 2 3083 39 344 58
830 1 1 3086 1 11 1
831 1 3 3089 22 188 33
832 0 1 3093 5 41 7
833 1 4 3096 1 9 1
834 1 2 3100 1 11 1
835 1 2 3103 99 918 148
836 0 4 3107 11 90 16
837 0 2 3111 791 8116 1186
838 0 3 3115 17309 202879 25963
839 0 7 3119 4 13 6
840 0 1 3123 121 1133 181
841 0 24 3126 11 34 16
842 1 2 3131 2 17 3
843 1 1 3134 4 33 6
844 1 2 3137 862 8880 1293
845 1 1 3141 32 279 48
846 1 5 3144 1 12 1
847 0 2 3148 174 1660 261
848 0 7 3152 26 89 39
849 0 2 3156 6 48 9
850 0 5 3159 148 1401 222
851 0 4 3163 6963 78614 10444
852 0 1 3167 143 1351 214
853 1 18 3170 19 63 28
854 1 1 3175 1 9 1
855 1 2 3178 1 10 1
856 1 38 3182 1 4 1
857 1 2 3187 114 1065 171
858 0 1 3191 1 10 1
859 1 1 3194 685 6982 1027
860 0 10 3197 161 652 241
861 0 2 3201 2 17 3
862 1 10 3205 11 34 16
863 1 1 3209 2034 21780 3051
864 0 3 3212 23 197 34
865 0 4 3216 4 33 6
866 0 3 3220 810 8320 1215
867 0 15 3224 279 1182 418
868 0 5 3228 297 2910 445
869 0 1 3232 354 3497 531
870 1 1 3234 1218 12746 1827
871 1 9 3237 7126 37845 10689
872 0 3 3241 1 10 1
873 1 4 3245 1 9 1
874 0 14 3249 1 4 1
875 0 1 3253 233 2255 349
876 1 3 3256 2 17 3
877 1 1 3260 42 372 63
878 0 5 3262 84 772 126
879 1 3 3266 723 7387 1084
880 1 2 3270 215 2073 322
881 0 2 3274 531 5348 796
882 0 1 3278 30 260 45
883 1 4 3281 1 9 1
884 1 10 3285 487 2153 730
885 0 4 3289 1 11 1
886 1 1 3293 7 56 10
887 0 5 3296 1 9 1
888 0 1 3300 6 48 9
889 1 6 3303 20 67 30
890 0 19 3307 2 7 3
891 1 3 3312 672 6843 1008
892 0 3 3316 3012 32812 4518
893 1 12 3320 576 2579 864
894 0 12 3324 42 151 63
895 0 1 3328 70 637 105
896 1 6 3331 6 48 9
897 1 4 3335 1 10 1
898 0 3 3339 37 325 55
899 0 1 3343 2 17 3
900 0 2 3346 97 898 145
901 1 6 3349 503 5053 754
902 1 1 3353 3 25 4
903 0 1 3356 97 899 145
904 1 3 3358 1303 13677 1954
905 1 2 3362 2 17 3
906 1 6 3365 13 41 19
907 1 3 3369 1 12 1
908 1 3 3373 381 3777 571
909 0 15 3377 1 5 1
910 0 1 3381 1 9 1
911 1 1 3384 773 7923 1159
912 1 3 3387 32 279 48
913 0 1 3391 4 33 6
914 1 5 3394 4 33 6
915 1 1 3398 1 11 1
916 0 2 3401 1 11 1
917 1 2 3404 1 10 1
918 1 19 3408 34 120 51
919 0 13 3413 4 12 6
920 0 6 3417 1268 13294 1902
921 1 6 3421 627 6364 940
922 1 4 3425 71 647 106
923 0 5 3429 1 10 1
924 1 5 3433 66 599 99
925 0 3 3437 1 11 1
926 1 2 3441 2 17 3
927 0 8 3444 39 139 58
928 1 8 3448 1 3 1
929 0 3 3452 1 11 1
930 1 2 3456 109 1016 163
931 1 5 3460 6041 67798 9061
932 1 3 3464 95 879 142
933 0 10 3468 23 78 34
934 1 2 3472 2 17 3
935 0 1 3476 2 17 3
936 1 1 3479 73 666 109
937 1 3 3482 1 8 1
938 0 6 3486 2271 24436 3406
939 0 13 3490 1 4 1
940 0 32 3494 2 6 3
941 0 2 3499 6 48 9
942 0 1 3503 2 17 3
943 0 21 3506 2703 13487 4054
944 1 5 3511 8 64 12
945 1 6 3515 1 10 1
946 0 1 3519 1 12 1
947 0 2 3522 2 17 3
948 0 1 3525 79 724 118
949 0 1 3528 34 298 51
950 1 2 3531 326871 4285585 490306
951 1 3 3534 1 9 1
952 1 5 3538 1 12 1
953 1 1 3542 8644 98477 12966
954 1 1 3545 109 1016 163
955 1 4 3548 14 116 21
956 1 4 3552 9 72 13
957 1 7 3556 426 1864 639
958 1 4 3560 2 17 3
959 1 3 3564 1 9 1
960 1 1 3568 3 25 4
961 1 4 3571 41155 499240 61732
962 1 3 3575 3 25 4
963 0 6 3579 496 4979 744
964 0 2 3583 4 32 6
965 0 1 3587 5 40 7
966 0 2 3590 2 17 3
967 0 2 3594 975 10101 1462
968 0 1 3598 12 99 18
969 1 1 3601 46 409 69
970 0 2 3604 1 11 1
971 1 8 3607 106 415 159
