0 0 4 5 2 17 3
1 1 9 13 1 4 1
2 0 1 22 3 25 4
3 1 17 28 1612 7767 2418
4 1 5 38 6007 67401 9010
5 1 1 46 62 561 93
6 0 3 50 6835 77108 10252
7 0 1 57 1 9 1
8 0 14 62 145 582 217
9 1 1 72 220 2123 330
10 1 2 78 291 2848 436
11 0 2 84 2 17 3
12 0 2 91 1 9 1
13 0 3 97 1 9 1
14 1 2 105 2 17 3
15 1 1 111 48 428 72
16 0 1 117 716 7313 1074
17 1 4 122 1 9 1
18 1 7 130 41 147 61
19 0 5 139 3392 37142 5088
20 1 6 147 7 56 10
21 0 1 156 4 33 6
22 1 1 161 53 475 79
23 1 4 167 2 17 3
24 1 2 175 353 3487 529
25 0 1 182 1 9 1
26 0 3 188 41 363 61
27 1 52 195 12 38 18
28 1 1 207 1 10 1
29 1 5 212 20106 237087 30159
30 1 2 221 485 4864 727
31 1 5 227 1 9 1
32 1 1 235 5525 61774 8287
33 1 2 239 33 288 49
34 0 3 246 163 1550 244
35 1 2 254 124 1163 186
36 0 1 261 189 1811 283
37 1 4 266 1 9 1
38 0 2 274 87 801 130
39 1 2 280 7406 83831 11109
40 0 1 287 1 11 1
41 0 1 290 1 12 1
42 1 31 294 709 3223 1063
43 1 9 305 3 10 4
44 1 1 314 3 25 4
45 1 11 319 1 4 1
46 0 3 329 9 73 13
47 1 1 336 1 9 1
48 1 1 337 24 206 36
49 0 2 343 1 9 1
50 1 2 349 1 9 1
51 0 5 355 8 64 12
52 0 2 364 1 10 1
53 1 2 371 38 335 57
54 0 3 377 221 2134 331
55 0 3 384 1 9 1
56 1 1 391 37 326 55
57 0 3 396 1385514 19111911 2078271
58 0 4 404 1 8 1
59 0 44 412 188 772 282
60 1 3 424 1 9 1
61 0 7 431 4 12 6
62 0 1 440 4 33 6
63 0 1 445 1 9 1
64 1 2 448 5 40 7
65 0 17 455 55 203 82
66 1 2 465 425 4235 637
67 0 22 471 5 15 7
68 0 2 482 91883 1149516 137824
69 0 9 489 1 3 1
70 1 10 498 3 9 4
71 1 3 508 30667 367746 46000
72 1 7 515 30 104 45
73 0 2 524 1 9 1
74 0 2 531 1 8 1
75 0 5 537 1 9 1
76 1 3 546 3 25 4
77 1 2 553 1 9 1
78 1 5 560 1 11 1
79 0 1 568 1 9 1
80 1 9 573 5796 30385 8694
81 0 3 582 14 116 21
82 1 4 590 9 73 13
83 1 13 598 125 496 187
84 0 3 608 177 1690 265
85 1 1 616 1 11 1
86 0 14 620 11 34 16
87 1 6 630 29 100 43
88 1 1 639 1 9 1
89 0 3 644 8 64 12
90 0 1 651 1 9 1
91 1 17 653 4 12 6
92 1 24 663 3 10 4
93 0 5 674 23309 276487 34963
94 1 2 682 6448 72565 9672
95 0 3 689 11 90 16
96 1 1 696 15 125 22
97 0 8 701 5 15 7
98 1 3 710 10 81 15
99 0 2 717 3 25 4
100 1 2 723 1 9 1
101 1 9 729 410 1789 615
102 0 1 738 153795 1961549 230692
103 0 50 742 1 4 1
104 1 5 754 129 1212 193
105 0 7 762 1 5 1
106 1 4 771 2 17 3
107 0 11 779 1 4 1
108 0 4 789 132 1242 198
109 0 3 797 540 5443 810
110 0 2 805 31 270 46
111 1 3 811 254 2469 381
112 1 3 818 640 6503 960
113 1 1 825 2 17 3
114 0 2 829 620 6290 930
115 0 5 836 2924 31812 4386
116 0 2 844 29 251 43
117 1 1 851 169 1610 253
118 0 13 855 1 4 1
119 1 3 865 1 10 1
120 0 10 872 1 5 1
121 1 3 882 3 25 4
122 0 3 890 1 10 1
123 0 2 897 38 335 57
124 1 2 903 1 10 1
125 1 3 909 25 215 37
126 1 1 916 2 17 3
127 1 5 920 1 9 1
128 1 2 928 1 9 1
129 0 15 934 105 410 157
130 0 4 944 2 17 3
131 1 1 952 58 523 87
132 1 2 957 7 56 10
133 0 1 964 1 9 1
134 0 1 967 2 17 3
135 1 8 972 1 5 1
136 1 15 981 2 6 3
137 0 11 991 1 4 1
138 0 2 1001 1 10 1
139 0 3 1008 1 9 1
140 0 2 1015 1 9 1
141 0 4 1022 2 17 3
142 1 5 1030 1 11 1
143 1 8 1038 1 4 1
144 0 2 1047 7 56 10
145 1 1 1053 3 25 4
146 1 2 1059 82 753 123
147 0 1 1065 2 17 3
148 1 1 1070 352 3476 528
149 1 4 1075 6548 73738 9822
150 0 2 1083 2 17 3
151 0 2 1090 22 188 33
152 1 2 1096 1 11 1
153 0 1 1102 22 188 33
154 1 4 1107 58 523 87
155 1 4 1115 1 9 1
156 0 6 1123 9 73 13
157 1 3 1132 309 3033 463
158 1 10 1139 14 45 21
159 0 1 1149 1 12 1
160 0 6 1154 7 56 10
161 1 2 1163 1 9 1
162 0 7 1170 617 2776 925
163 1 2 1179 3 25 4
164 0 4 1186 816 8385 1224
165 1 8 1194 1 3 1
166 0 6 1203 1 8 1
167 0 1 1212 73604 913111 110406
168 0 5 1217 1 9 1
169 1 1 1225 509 5116 763
170 1 3 1230 4678 51935 7017
171 0 14 1237 3 9 4
172 0 5 1247 10 81 15
173 0 18 1256 7 21 10
174 0 1 1266 5 41 7
175 1 1 1270 4 32 6
176 1 1 1275 1 11 1
177 0 53 1279 1 3 1
178 0 3 1291 1 9 1
179 1 5 1298 1386 14589 2079
180 1 3 1306 4 32 6
181 0 6 1314 148 596 222
182 0 6 1323 8 64 12
183 0 4 1332 3 25 4
184 0 15 1340 5 15 7
185 0 8 1350 1 3 1
186 0 8 1359 1 5 1
187 1 5 1368 477 4780 715
188 1 25 1376 1 4 1
189 0 5 1387 2 17 3
190 0 1 1395 1 10 1
191 1 1 1398 11652 134392 17478
192 1 6 1404 362 3580 543
193 1 1 1413 190 1821 285
194 0 4 1416 128 1202 192
195 1 4 1424 1051 10925 1576
196 0 3 1432 141 1331 211
197 0 40 1439 797 3654 1195
198 1 1 1451 1 12 1
199 1 5 1456 344888 4530557 517332
200 1 2 1464 1 10 1
201 0 2 1471 1 9 1
202 0 9 1477 28 97 42
203 1 1 1486 26 224 39
204 1 5 1492 3 25 4
205 1 3 1500 1 10 1
206 0 1 1507 2214 23796 3321
207 1 7 1513 1 4 1
208 0 2 1522 4 32 6
209 0 1 1529 21083 249081 31624
210 0 3 1530 299513 3914512 449269
211 0 1 1537 60 542 90
212 0 17 1542 13 41 19
213 1 7 1552 1 5 1
214 0 3 1561 1 10 1
215 1 4 1568 5 40 7
216 0 3 1576 2 17 3
217 0 15 1583 612 2752 918
218 0 1 1593 1 8 1
219 1 3 1598 6 48 9
220 1 1 1606 9 72 13
221 1 4 1612 696 7099 1044
222 1 3 1620 1989767 27787694 2984650
223 1 2 1627 16 134 24
224 1 5 1634 1 13 1
225 0 1 1642 91 840 136
226 1 1 1648 1 11 1
227 1 3 1654 82 753 123
228 1 1 1661 6 48 9
229 1 3 1663 1245 13042 1867
230 0 35 1670 62948 379716 94422
231 0 4 1681 1 9 1
232 1 7 1689 833 3831 1249
233 1 9 1698 35 124 52
234 1 5 1707 1 9 1
235 1 3 1715 53 475 79
236 0 4 1723 1 10 1
237 1 1 1731 4 33 6
238 1 3 1737 5219 58212 7828
239 1 1 1745 11 90 16
240 0 77 1749 6 18 9
241 0 2 1761 1 10 1
242 0 3 1768 6470024 93964560 9705036
243 0 34 1775 117 461 175
244 0 16 1786 5 15 7
245 0 5 1796 4119 45481 6178
246 1 3 1804 1 10 1
247 0 14 1812 12 38 18
248 1 25 1822 1 4 1
249 1 6 1833 13 107 19
250 1 11 1842 2 7 3
251 1 1 1852 1 9 1
252 1 4 1856 222 2144 333
253 1 2 1864 1 11 1
254 0 9 1871 3 10 4
255 1 4 1880 1 9 1
256 1 8 1888 1 5 1
257 1 15 1897 6444209 48749279 9666313
258 0 3 1907 16357 191283 24535
259 1 2 1915 32884 395417 49326
260 0 2 1922 1 9 1
261 0 2 1928 3 25 4
262 1 2 1934 1 9 1
263 1 1 1940 62 561 93
264 1 2 1946 4 33 6
265 1 1 1952 6 48 9
266 1 3 1958 209 2012 313
267 0 3 1965 1 9 1
268 1 5 1972 2 17 3
269 0 4 1980 16 134 24
270 0 1 1988 1 10 1
271 0 1 1993 5108 56922 7662
272 0 3 1998 401176 5298663 601764
273 1 9 2006 1 4 1
274 0 2 2015 69 628 103
275 0 4 2021 1 11 1
276 1 3 2029 2 17 3
277 1 2 2036 1 9 1
278 0 2 2042 4 33 6
279 1 3 2049 916 9463 1374
280 1 3 2056 85 782 127
281 0 5 2063 1 9 1
282 0 1 2072 15 125 22
283 1 4 2075 977 10122 1465
284 0 32 2083 1 4 1
285 0 2 2094 181 1730 271
286 0 8 2100 4 12 6
287 1 3 2109 7 56 10
288 1 4 2116 437 4361 655
289 0 1 2124 1504 15890 2256
290 1 21 2129 1 5 1
291 1 3 2140 1 9 1
292 1 3 2147 1 9 1
293 1 1 2154 30 261 45
294 1 40 2159 1 6 1
295 1 1 2171 5 40 7
296 1 2 2176 6 48 9
297 0 3 2183 1 10 1
298 0 3 2190 5 40 7
299 1 3 2197 74 676 111
300 1 4 2204 121 1133 181
301 1 2 2212 20 170 30
302 1 3 2219 1 9 1
303 1 1 2226 15 125 22
304 1 2 2231 148 1401 222
305 0 3 2238 8 64 12
306 1 1 2245 1721 18292 2581
307 1 2 2250 18 152 27
308 0 7 2257 55 203 82
309 0 1 2266 3 25 4
310 0 1 2272 1 9 1
311 1 1 2275 101 937 151
312 0 7 2281 1 3 1
313 0 3 2290 35 307 52
314 0 1 2297 4 33 6
315 0 3 2303 14 116 21
316 0 3 2310 1 10 1
317 0 7 2317 1853 9014 2779
318 1 3 2326 24 206 36
319 1 3 2333 49 438 73
320 0 3 2340 1 9 1
321 1 1 2347 63 570 94
322 1 9 2353 1 3 1
323 0 2 2362 1 9 1
324 0 7 2369 1 3 1
325 0 3 2378 261 2541 391
326 1 6 2385 22 188 33
327 0 8 2394 90202 554863 135303
328 0 2 2403 182 1740 273
329 0 5 2410 3 25 4
330 0 4 2418 1 8 1
331 0 10 2426 1 4 1
332 0 3 2435 5 41 7
333 0 3 2442 6 48 9
334 1 2 2449 1 11 1
335 0 2 2456 55 494 82
336 0 11 2463 1 4 1
337 0 4 2473 582 5887 873
338 1 7 2481 4 12 6
339 0 2 2490 1 9 1
340 0 33 2496 1 3 1
341 0 3 2507 43 381 64
342 0 2 2515 22 188 33
343 0 5 2521 54222 664825 81333
344 0 11 2530 2 6 3
345 1 2 2540 5 41 7
346 0 4 2546 6272 70502 9408
347 0 2 2554 4039 44560 6058
348 1 2 2561 2 17 3
349 1 3 2568 1 10 1
350 1 2 2575 247 2398 370
351 0 5 2582 7 56 10
352 1 1 2590 1 9 1
353 0 12 2593 204 843 306
354 0 7 2603 1 3 1
355 1 12 2612 1 3 1
356 0 4 2622 307 3012 460
357 0 10 2630 22 74 33
358 0 3 2639 1 10 1
359 0 1 2646 68 618 102
360 0 2 2651 1 12 1
361 0 7 2657 1 4 1
362 0 1 2666 274 2673 411
363 0 1 2671 8 64 12
364 0 13 2675 198 816 297
365 1 1 2685 1 9 1
366 0 2 2689 4 33 6
367 1 1 2696 1 11 1
368 0 6 2701 1 9 1
369 0 2 2710 169 1610 253
370 0 48 2716 1674 8087 2511
371 0 3 2728 1 8 1
372 0 2 2735 13 107 19
373 0 2 2741 1 11 1
374 0 5 2747 11 90 16
375 0 3 2755 10 81 15
376 0 8 2763 20 67 30
377 1 2 2772 1 9 1
378 0 4 2779 359 3549 538
379 1 3 2787 4393 48640 6589
380 1 3 2794 1 9 1
381 1 9 2801 1 5 1
382 1 3 2810 10 81 15
383 0 1 2817 6 48 9
384 0 1 2821 6 48 9
385 1 2 2826 48 428 72
386 1 13 2832 52 191 78
387 0 2 2842 1 10 1
388 0 1 2848 2 17 3
389 0 3 2852 1 9 1
390 0 22 2859 1 4 1
391 0 2 2870 7 56 10
392 0 1 2876 1 9 1
393 0 2 2881 1842 19637 2763
394 0 1 2888 1 11 1
395 0 4 2892 19839 233814 29758
396 1 6 2900 712 3238 1068
397 1 2 2909 26 224 39
398 0 8 2915 1 4 1
399 0 1 2924 1 9 1
400 1 8 2930 26 89 39
401 1 1 2939 1 9 1
402 1 12 2944 3 10 4
403 1 1 2954 1 11 1
404 0 4 2959 1 9 1
405 1 2 2967 6189 69530 9283
406 1 2 2974 1 15 1
407 1 1 2980 101 937 151
408 0 7 2985 51 187 76
409 0 2 2994 38864 470395 58296
410 1 12 3000 1 3 1
411 1 1 3010 61162 753402 91743
412 1 7 3015 1 5 1
413 0 6 3024 158 1500 237
414 0 5 3033 6 48 9
415 1 1 3041 18 152 27
416 1 3 3046 5 40 7
417 1 2 3053 34019 409611 51028
418 1 1 3060 1 9 1
419 0 4 3065 1 11 1
420 1 5 3073 9 72 13
421 0 7 3081 2 6 3
422 1 20 3090 18 59 27
423 0 4 3101 40687 493343 61030
424 0 5 3109 1 10 1
425 0 2 3117 1 9 1
426 0 5 3124 63 570 94
427 0 2 3132 149 1411 223
428 1 4 3138 1 9 1
429 0 13 3146 1 5 1
430 0 7 3156 78 297 117
431 0 1 3165 1 9 1
432 0 6 3171 1 9 1
433 1 14 3180 1 5 1
434 0 3 3190 1 11 1
435 1 2 3197 11 90 16
436 1 15 3203 51 187 76
437 0 4 3213 1 8 1
438 0 2 3221 16 134 24
439 0 2 3228 1 9 1
440 1 4 3235 2 17 3
441 1 8 3243 3988 20413 5982
442 0 1 3252 579 5855 868
443 0 3 3256 12 99 18
444 0 10 3263 1 4 1
445 1 1 3273 1 9 1
446 1 5 3278 56 504 84
447 0 2 3287 7 56 10
448 0 6 3293 20467 241517 30700
449 0 1 3302 37 325 55
450 1 1 3305 9 73 13
451 0 8 3310 69 260 103
452 1 5 3319 85 782 127
453 1 7 3327 6383 33666 9574
454 0 66 3336 4 12 6
455 1 10 3348 374 1621 561
456 1 5 3358 5 40 7
457 0 1 3366 1 10 1
458 1 1 3369 280 2735 420
459 0 2 3374 3 25 4
460 0 7 3381 43 155 64
461 0 2 3390 1 8 1
462 0 1 3396 111017 1398829 166525
463 0 12 3400 491 2172 736
464 0 3 3410 8690 99023 13035
465 0 3 3418 2485 26845 3727
466 0 1 3425 13980 162447 20970
467 0 3 3429 21 179 31
468 0 2 3436 3 25 4
469 0 5 3442 4 32 6
470 0 3 3451 1 9 1
471 1 5 3458 2177 23381 3265
472 0 1 3466 1 9 1
473 0 2 3470 27 233 40
474 1 5 3476 3 25 4
475 1 1 3484 14259 165823 21388
476 0 17 3490 3143 15840 4714
477 1 5 3500 1 9 1
478 1 53 3508 64 239 96
479 1 2 3520 3 25 4
480 0 1 3526 1606 17017 2409
481 0 4 3532 216 2083 324
482 1 3 3540 4 33 6
483 1 5 3547 2 17 3
484 1 1 3555 74 676 111
485 0 1 3560 32 279 48
486 0 1 3566 2 17 3
487 0 7 3570 545 2430 817
488 0 2 3579 854 8794 1281
489 0 10 3585 17990 101059 26985
490 0 2 3595 1 8 1
491 0 2 3602 1685 17892 2527
492 0 3 3608 44 391 66
