0 0 4 5 1 11 1
1 0 2 13 95 879 142
2 1 1 20 63 570 94
3 0 8 25 24 82 36
4 1 1 34 6631 74712 9946
5 0 2 37 7635 86533 11452
6 0 1 43 22 188 33
7 0 2 48 1 11 1
8 1 2 54 10 81 15
9 1 2 61 11554 133215 17331
10 1 3 68 318 3125 477
11 1 5 75 1 10 1
12 1 3 83 18 152 27
13 0 2 90 26 224 39
14 1 17 96 11 34 16
15 1 7 106 210 870 315
16 1 1 115 2 17 3
17 0 10 120 18 59 27
18 1 2 130 1 9 1
19 1 5 137 1 10 1
20 1 1 145 3 25 4
21 0 1 151 12 99 18
22 0 2 156 3 25 4
23 0 1 163 1 9 1
24 1 10 167 1373 6542 2059
25 0 2 177 7 56 10
26 1 4 183 1 9 1
27 1 5 191 49 438 73
28 0 8 199 2978 14955 4467
29 1 9 208 262 1104 393
30 0 13 217 46 167 69
31 1 2 227 1 9 1
32 1 3 233 28589 341878 42883
33 1 10 241 61 227 91
34 0 1 251 30 261 45
35 1 3 256 91 840 136
36 1 8 263 13 41 19
37 0 2 272 94 869 141
38 0 2 278 1 12 1
39 1 2 284 448 4476 672
40 1 1 291 140 1321 210
41 0 7 297 455 2001 682
42 1 10 306 518 2301 777
43 1 1 316 691 7046 1036
44 1 2 320 8770 99973 13155
45 0 3 326 1 9 1
46 1 2 333 1 8 1
47 1 1 339 10 81 15
48 0 2 344 9 72 13
49 0 1 351 8 64 12
50 1 4 355 2 17 3
51 1 2 363 1 12 1
52 0 2 370 482 4832 723
53 1 1 376 3 25 4
54 0 2 382 116 1084 174
55 0 2 388 1113 11600 1669
56 0 2 394 1122 11698 1683
57 0 23 400 1 5 1
58 0 2 411 364 3601 546
59 1 3 417 2 17 3
60 0 18 425 5 15 7
61 0 2 435 12 99 18
62 1 1 442 1 9 1
63 1 2 446 1 9 1
64 0 3 452 16879 197638 25318
65 0 4 459 1 10 1
66 0 1 467 10 81 15
67 1 3 472 4985 55493 7477
68 1 2 480 6 48 9
69 1 1 486 294 2878 441
70 0 2 492 657902 8843391 986853
71 1 4 499 1 10 1
72 0 1 507 7 56 10
73 0 4 512 1 8 1
74 1 1 520 3577 39258 5365
75 0 17 524 2 6 3
76 1 6 534 33 288 49
77 0 1 543 10 81 15
78 1 5 547 1 11 1
79 1 6 555 1 10 1
80 1 2 564 2 17 3
81 1 3 571 1 9 1
82 0 3 579 172 1640 258
83 0 1 586 1 10 1
84 0 3 592 828 8514 1242
85 0 1 599 297 2909 445
86 1 3 604 9153 104524 13729
87 1 3 611 1 12 1
88 1 3 618 3 25 4
89 0 19 625 15 48 22
90 1 1 636 28 243 42
91 1 3 642 39198 474597 58797
92 1 1 650 52 466 78
93 0 2 654 53 475 79
94 1 1 661 5209 58095 7813
95 1 11 667 124 491 186
96 1 4 677 3043 33164 4564
97 1 3 685 10 81 15
98 1 4 693 26 224 39
99 0 9 701 1 4 1
100 0 2 710 2 17 3
101 0 5 716 1 10 1
102 1 2 724 1 11 1
103 1 2 730 1 9 1
104 1 2 736 24 206 36
105 1 3 743 1 10 1
106 1 9 751 2 7 3
107 1 1 760 1 9 1
108 1 3 766 4 33 6
109 0 2 773 7 56 10
110 1 1 779 279 2725 418
111 0 1 784 2 17 3
112 1 1 788 2516 27194 3774
113 0 1 793 1 11 1
114 0 2 798 910 9397 1365
115 0 2 804 107 996 160
116 1 1 811 3 25 4
117 0 3 817 1 9 1
118 0 2 824 1 8 1
119 1 6 831 620 2791 930
120 0 3 840 1 9 1
121 1 7 848 1 4 1
122 1 4 857 1 9 1
123 0 3 865 2 17 3
124 1 2 873 5 40 7
125 1 6 880 103 957 154
126 1 5 889 1 10 1
127 1 8 897 47511 282171 71266
128 0 44 906 3 9 4
129 1 3 918 1 9 1
130 0 1 925 18 152 27
131 1 4 930 1 10 1
132 1 9 938 52 191 78
133 1 1 947 1 10 1
134 0 2 952 1 10 1
135 0 4 959 1 9 1
136 1 1 967 1 9 1
137 0 2 973 2 17 3
138 1 1 979 786 8062 1179
139 0 28 982 1 6 1
140 1 10 993 1 4 1
141 0 1 1003 815 8374 1222
142 0 4 1005 20 169 30
143 1 13 1013 130 518 195
144 1 4 1023 1 10 1
145 1 1 1031 1 11 1
146 0 13 1036 1 3 1
147 0 1 1046 20 170 30
148 1 5 1051 1 10 1
149 1 6 1059 222 2144 333
150 0 10 1068 17 56 25
151 1 4 1078 74 675 111
152 0 13 1086 1 5 1
153 0 7 1096 12 38 18
154 1 3 1105 462 4622 693
155 0 1 1113 9 72 13
156 0 3 1117 1 11 1
157 0 2 1124 1614134 22382126 2421201
158 0 4 1131 3 25 4
159 1 11 1139 1 4 1
160 1 2 1149 770 7891 1155
161 0 7 1156 1 4 1
162 0 2 1165 1 9 1
163 1 6 1172 1 9 1
164 1 5 1181 21 179 31
165 1 4 1189 95 879 142
166 1 26 1197 1 4 1
167 1 1 1208 1 9 1
168 0 8 1213 2 7 3
169 1 4 1222 18 152 27
170 1 2 1230 3 25 4
171 0 4 1237 14321 166573 21481
172 1 4 1245 1 10 1
173 0 2 1253 18 152 27
174 0 2 1259 1 10 1
175 1 1 1265 2 17 3
176 1 15 1270 1 5 1
177 0 9 1280 98703 610099 148054
178 0 3 1289 11 90 16
179 0 4 1297 17 143 25
180 1 11 1305 17 56 25
181 0 2 1315 1 9 1
182 0 5 1321 3 25 4
183 1 2 1329 55 494 82
184 1 2 1335 1 11 1
185 1 1 1341 409 4068 613
186 1 6 1345 873 8998 1309
187 0 3 1354 3 25 4
188 1 1 1361 1 11 1
189 1 3 1366 1108 11546 1662
190 0 3 1373 232 2246 348
191 0 3 1380 34 297 51
192 0 3 1387 1 10 1
193 1 8 1395 62 231 93
194 0 2 1404 112 1045 168
195 1 4 1410 1 9 1
196 0 5 1418 41 362 61
197 0 7 1426 1 4 1
198 0 5 1435 99 918 148
199 1 13 1443 1 3 1
200 1 2 1453 56 504 84
201 1 1 1459 12810 148322 19215
202 0 7 1464 18 59 27
203 1 5 1473 1 8 1
204 1 11 1481 23 78 34
205 1 2 1491 1 14 1
206 1 3 1497 15870 185361 23805
207 1 2 1504 37 325 55
208 1 6 1510 117 1094 175
209 0 12 1519 1 4 1
210 0 7 1529 63 235 94
211 1 2 1538 2 17 3
212 0 1 1545 5 40 7
213 1 1 1549 63 571 94
214 1 6 1553 8 64 12
215 0 3 1562 1 9 1
216 1 1 1570 15 125 22
217 1 26 1575 15 48 22
218 1 3 1586 1 8 1
219 0 3 1593 8 64 12
220 1 2 1600 49 438 73
221 1 1 1606 27590 329468 41385
222 1 2 1610 4 33 6
223 1 48 1617 76 289 114
224 1 1 1629 3 25 4
225 0 1 1633 12 99 18
226 1 2 1637 1 9 1
227 0 11 1644 9 27 13
228 1 5 1654 7 56 10
229 1 1 1662 1 8 1
230 1 4 1666 480 4812 720
231 1 2 1674 5 40 7
232 1 1 1681 1 9 1
233 0 3 1686 419 4173 628
234 1 4 1694 3 25 4
235 0 2 1702 1 8 1
236 1 1 1709 12 98 18
237 0 2 1712 178 1700 267
238 0 36 1718 1 3 1
239 0 5 1729 8559 97469 12838
240 0 1 1737 85 782 127
241 1 2 1742 4 33 6
242 0 7 1748 6 18 9
243 0 2 1757 2 17 3
244 0 11 1763 7 21 10
245 0 7 1773 17 56 25
246 0 2 1782 609 6173 913
247 0 6 1788 1 9 1
248 1 2 1797 65 589 97
249 0 8 1803 1 4 1
250 0 1 1812 1 10 1
251 0 6 1818 5 41 7
252 0 2 1827 23 197 34
253 1 2 1834 24 206 36
254 0 13 1840 30 104 45
255 0 1 1850 39 344 58
256 0 2 1855 1126 11742 1689
257 0 11 1861 1 4 1
258 0 3 1871 85 782 127
259 1 3 1878 14 116 21
260 1 2 1885 2 17 3
261 0 3 1891 4 33 6
262 0 2 1898 11 90 16
263 1 6 1904 2 17 3
264 0 1 1913 1 10 1
265 1 6 1918 8033 91237 12049
266 1 12 1927 341 1467 511
267 0 1 1937 817 8395 1225
268 1 3 1941 451 4507 676
269 0 1 1949 1 9 1
270 0 3 1953 1 9 1
271 1 17 1960 2 7 3
272 1 1 1970 1 9 1
273 0 1 1975 2 17 3
274 1 20 1980 8 24 12
275 0 3 1991 1 10 1
276 1 3 1998 2 17 3
277 0 2 2005 1 10 1
278 0 1 2011 1 9 1
279 1 69 2016 83 318 124
280 0 4 2028 1 8 1
281 0 1 2036 87654 1094655 131481
282 1 2 2040 16 134 24
283 1 1 2046 3 25 4
284 0 12 2050 42 151 63
285 0 2 2060 1330 13974 1995
286 0 18 2066 1402 6691 2103
287 0 4 2076 26 224 39
288 0 11 2084 240 1004 360
289 1 3 2094 6 48 9
290 1 13 2101 1 3 1
291 0 2 2111 107 996 160
292 0 3 2117 4 33 6
293 0 19 2124 603 2709 904
294 1 1 2135 1697 18026 2545
295 1 3 2140 1 9 1
296 0 14 2147 1 4 1
297 0 2 2157 11 90 16
298 0 1 2163 407 4048 610
299 1 6 2166 1393 14666 2089
300 0 4 2175 13 108 19
301 1 1 2183 865 8912 1297
302 0 5 2188 154 1460 231
303 1 11 2196 5738 30062 8607
304 0 2 2206 213 2053 319
305 1 1 2213 1 10 1
306 0 3 2217 2 17 3
307 0 2 2225 1 10 1
308 0 1 2231 174 1660 261
309 0 4 2235 17 143 25
310 1 1 2243 25 215 37
311 1 2 2246 50 447 75
312 0 3 2253 1365 14359 2047
313 1 21 2260 44502 263336 66753
314 1 3 2271 1719 18270 2578
315 1 1 2278 814 8363 1221
316 0 1 2280 1 12 1
317 1 4 2285 116454 1469969 174681
318 0 1 2293 29 251 43
319 0 1 2298 292 2858 438
320 1 2 2303 1 9 1
321 0 7 2309 1 4 1
322 0 1 2318 12 99 18
323 1 1 2320 1 9 1
324 1 19 2325 9 27 13
325 1 5 2336 2 17 3
326 0 9 2344 1 4 1
327 1 3 2353 1 9 1
328 0 1 2360 8620 98192 12930
329 0 1 2365 282 2755 423
330 0 7 2370 1 4 1
331 0 11 2379 1 4 1
332 0 1 2389 1 11 1
333 1 1 2394 80 734 120
334 1 1 2397 1 9 1
335 0 1 2403 141 1331 211
336 0 2 2408 1 8 1
337 0 4 2414 45 400 67
338 0 1 2422 2 17 3
339 1 2 2426 846 8707 1269
340 1 6 2433 1 9 1
341 0 1 2442 271 2643 406
342 0 1 2445 6227 69975 9340
343 1 1 2449 6 48 9
344 0 14 2454 1 5 1
345 0 4 2464 195 1871 292
346 1 2 2472 4 33 6
347 0 17 2479 2 7 3
348 1 16 2489 160 648 240
349 1 2 2499 12292 142084 18438
350 1 4 2505 1 9 1
351 1 2 2513 16 134 24
352 0 2 2519 1 9 1
353 1 2 2525 9 72 13
354 0 1 2531 16 134 24
355 0 5 2537 77266 960315 115899
356 0 9 2545 71 268 106
357 1 4 2554 844 8686 1266
358 0 7 2562 49 179 73
359 0 6 2571 2587 27996 3880
360 0 3 2580 622 6311 933
361 1 8 2587 3210 16200 4815
362 1 13 2596 3508 17807 5262
363 1 9 2606 726 3306 1089
364 0 4 2615 1 9 1
365 0 7 2623 7384 39302 11076
366 1 7 2632 1 4 1
367 0 2 2641 5 41 7
368 1 3 2647 4 33 6
369 1 2 2654 10 81 15
370 1 1 2661 1 12 1
371 0 9 2662 1 4 1
372 0 1 2671 14 116 21
373 0 9 2677 1021 4765 1531
374 1 2 2686 2 17 3
375 1 1 2693 96 889 144
376 1 1 2698 1 9 1
377 1 2 2703 1 9 1
378 1 1 2710 98 908 147
379 1 3 2714 2 17 3
380 0 1 2721 1 9 1
381 1 1 2726 41 362 61
382 1 6 2729 13 108 19
383 0 1 2738 15509 180975 23263
384 0 3 2744 1 11 1
385 1 1 2751 22 188 33
386 0 1 2756 187 1791 280
387 0 4 2762 1 12 1
388 1 9 2770 7 21 10
389 0 3 2779 2 17 3
390 0 6 2786 9 27 13
391 0 1 2795 1 8 1
392 0 2 2798 18390 216077 27585
393 0 2 2804 200 1922 300
394 0 2 2810 228 2205 342
395 1 1 2817 56 504 84
396 0 1 2822 18 152 27
397 1 7 2826 246 1032 369
398 0 1 2835 23 197 34
399 1 1 2840 1 8 1
400 1 2 2844 1 9 1
401 0 2 2851 1 9 1
402 1 14 2857 8503 45655 12754
403 0 6 2867 1 3 1
404 0 1 2876 4 33 6
405 0 1 2881 142 1341 213
406 0 2 2885 111 1035 166
407 0 5 2891 13 107 19
408 0 4 2900 7 56 10
409 0 7 2908 3362 17018 5043
410 1 1 2917 3 25 4
411 1 2 2921 28 242 42
412 0 1 2928 1 11 1
413 0 1 2933 2116 22697 3174
414 1 2 2938 1 9 1
415 1 1 2944 9 73 13
416 0 2 2949 2 17 3
417 0 2 2956 108 1006 162
418 0 2 2963 19962 235321 29943
419 1 2 2969 38 335 57
420 0 3 2975 179334 2300313 269001
421 0 3 2982 1 9 1
422 1 2 2989 1 11 1
423 1 1 2995 1 10 1
424 1 2 3000 2635 28538 3952
425 1 1 3007 347 3425 520
426 1 4 3010 6 48 9
427 0 5 3018 2448 26427 3672
428 0 2 3026 4 32 6
429 0 11 3033 1 5 1
430 0 2 3043 1 9 1
431 1 22 3050 25 85 37
432 1 6 3061 23 197 34
433 0 5 3070 1 9 1
434 0 12 3078 1 4 1
435 1 1 3088 1865 19894 2797
436 0 1 3090 3 25 4
437 1 1 3093 1 10 1
438 1 2 3098 582 5887 873
439 1 2 3104 9 73 13
440 1 1 3111 6 48 9
441 1 8 3116 15 48 22
442 1 5 3125 1 9 1
443 0 5 3133 1 10 1
444 1 4 3141 91 840 136
445 0 2 3149 767 7858 1150
446 0 5 3156 1776 18903 2664
447 0 1 3164 157504 2010630 236256
448 1 7 3169 1113 5226 1669
449 1 1 3178 5 40 7
450 1 1 3183 47 419 70
451 1 8 3188 13 41 19
452 1 3 3197 379 3756 568
453 0 1 3205 1 9 1
454 0 5 3210 11 90 16
455 0 1 3218 1 9 1
456 0 7 3223 42 151 63
457 0 1 3232 83 762 124
458 1 2 3235 1 9 1
459 0 3 3241 2281 24548 3421
460 0 5 3248 568 5739 852
461 1 2 3256 1 9 1
462 1 4 3263 10 81 15
463 1 14 3271 7141 37929 10711
464 1 2 3281 1 9 1
465 0 2 3288 14 116 21
466 0 6 3294 35 307 52
467 1 12 3303 1 4 1
468 0 11 3313 33 116 49
469 1 2 3323 6 48 9
470 1 1 3330 557 5622 835
471 0 1 3333 1 10 1
472 1 10 3338 14 45 21
473 0 3 3348 1 10 1
474 1 3 3355 15 125 22
475 1 2 3362 52 466 78
476 0 2 3368 4 33 6
477 0 1 3374 8 64 12
478 0 13 3380 1 4 1
479 0 8 3390 59 219 88
480 1 12 3399 23 78 34
481 1 7 3409 50 183 75
482 1 2 3418 55 494 82
483 0 1 3425 18 152 27
484 0 1 3431 70 637 105
485 0 8 3435 1 4 1
486 1 2 3444 1 13 1
487 1 2 3451 21 179 31
488 0 2 3457 1 10 1
489 0 2 3463 1 10 1
490 0 3 3470 46 410 69
491 1 2 3478 106 986 159
492 1 12 3484 61 227 91
493 1 1 3494 2 17 3
494 0 8 3499 4 12 6
495 0 3 3508 1 10 1
496 1 14 3515 3 9 4
497 1 2 3525 1 10 1
498 0 1 3531 9 73 13
499 1 1 3536 26 224 39
500 1 4 3541 1 10 1
501 0 3 3549 455 4549 682
502 0 2 3556 62 561 93
503 0 1 3563 3 25 4
504 1 5 3568 1 8 1
505 0 1 3576 1 12 1
506 1 5 3581 6 48 9
507 0 6 3589 35 307 52
508 0 7 3598 609 2738 913
509 1 14 3607 23 78 34
