0 0 7 5 1 4 1
1 1 2 22 81 743 121
2 1 2 36 227768 2947333 341652
3 0 3 51 2 7 3
4 1 2 66 16 134 24
5 1 11 80 1 4 1
6 0 5 97 6 18 9
7 1 1 113 12 99 18
8 1 2 124 11235 129389 16852
9 0 3 138 15 125 22
10 0 34 153 4 12 6
11 1 3 172 7 21 10
12 0 4 187 2 7 3
13 0 1 203 346 3414 519
14 1 8 216 1 3 1
15 1 6 233 2 7 3
16 1 1 250 15 125 22
17 0 18 261 1295 6146 1942
18 1 2 279 1 9 1
19 1 1 294 11 90 16
20 0 11 307 1 4 1
21 1 2 324 2 17 3
22 0 7 339 4 12 6
23 0 4 356 1 4 1
24 0 3 372 33 116 49
25 1 8 387 1 4 1
26 1 2 404 18 152 27
27 0 9 418 26 89 39
28 0 1 435 3 25 4
29 1 1 448 5943 66652 8914
30 0 3 460 12 38 18
31 1 2 475 1 9 1
32 1 2 489 353 3487 529
33 1 11 504 1 5 1
34 0 2 522 3 25 4
35 1 4 537 1 4 1
36 1 4 553 30 104 45
37 0 10 569 110 432 165
38 1 2 586 35 307 52
39 0 1 600 1 9 1
40 0 2 612 309 3033 463
41 0 8 626 30 104 45
42 1 1 643 143 1351 214
43 1 2 655 2 17 3
44 0 1 669 63 571 94
45 0 5 682 412 1798 618
46 0 2 698 1 10 1
47 1 1 712 399 3964 598
48 0 5 725 1 3 1
49 1 2 741 99057 1242790 148585
50 0 3 755 2 7 3
51 1 2 770 1979 21165 2968
52 1 3 784 541 2411 811
53 1 1 800 971 10057 1456
54 0 2 813 257 2500 385
55 1 2 827 3392 37142 5088
56 1 2 841 1 10 1
57 0 2 855 1 11 1
58 1 3 869 184 754 276
59 0 4 885 1 4 1
60 0 2 901 719 7345 1078
61 0 5 915 1 3 1
62 1 1 931 2 17 3
63 0 12 942 6 18 9
64 1 1 960 1 9 1
65 1 4 973 5 15 7
66 0 23 989 31661 183782 47491
67 0 3 1007 1 3 1
68 1 11 1022 2 6 3
69 1 3 1039 6 18 9
70 0 2 1054 1 9 1
71 0 3 1068 20 67 30
72 0 29 1083 1829 8889 2743
73 1 3 1102 13 41 19
74 0 14 1117 1 5 1
75 0 12 1135 1 4 1
76 1 1 1153 1 10 1
77 0 25 1165 1 3 1
78 1 10 1184 1 3 1
79 0 2 1201 2 17 3
80 1 20 1215 22 74 33
81 0 1 1233 702 7163 1053
82 0 1 1246 1 9 1
83 0 3 1259 254757 3310067 382135
84 1 4 1274 6 18 9
85 0 3 1290 1 4 1
86 1 6 1305 3 9 4
87 0 4 1322 6 18 9
88 1 11 1338 1 5 1
89 0 7 1356 1 5 1
90 0 12 1373 2 7 3
91 0 9 1391 4 12 6
92 1 9 1408 964 4481 1446
93 1 5 1425 5 15 7
94 1 2 1441 1 8 1
95 1 1 1456 1 8 1
96 0 3 1469 5 15 7
97 0 2 1484 3 25 4
98 1 3 1499 2 6 3
99 1 8 1514 62 231 93
100 0 21 1531 14 45 21
101 0 4 1549 8 24 12
102 1 3 1565 1 4 1
103 1 3 1581 1 3 1
104 0 12 1597 1 5 1
105 0 5 1615 237 991 355
106 1 1 1631 5 40 7
107 0 3 1644 7 21 10
108 1 1 1659 20 170 30
109 0 12 1672 1 4 1
110 1 7 1690 7449 39670 11173
111 1 7 1707 548 2444 822
112 1 5 1724 307 1310 460
113 1 14 1740 1 3 1
114 1 5 1758 458 2016 687
115 1 1 1774 2 17 3
116 0 1 1786 2 17 3
117 0 2 1795 5 40 7
118 0 7 1810 3 10 4
119 0 4 1827 1 4 1
120 1 4 1843 27 93 40
121 1 2 1859 1 10 1
122 0 55 1874 1 4 1
123 0 3 1893 3 10 4
124 1 2 1908 1 10 1
125 1 7 1923 3362 17018 5043
126 0 2 1940 861 8869 1291
127 1 2 1954 1 9 1
128 1 1 1969 1 9 1
129 0 4 1982 63 235 94
130 0 9 1998 1 4 1
131 0 17 2015 1 6 1
132 0 1 2033 17 143 25
133 0 4 2046 88 339 132
134 0 1 2062 25 215 37
135 0 7 2074 37 131 55
136 0 21 2091 1003 4675 1504
137 1 4 2109 393 1709 589
138 0 4 2125 2 7 3
139 0 10 2141 109 427 163
140 1 2 2158 83 763 124
141 0 8 2172 42 151 63
142 0 16 2189 2 6 3
143 1 5 2207 1680 8118 2520
144 0 7 2223 4 12 6
145 0 3 2240 1 4 1
146 0 4 2255 1 5 1
147 1 2 2271 1 10 1
148 0 2 2285 121 1133 181
149 0 4 2299 1 3 1
150 0 7 2315 3 10 4
151 0 2 2332 1 9 1
152 1 1 2346 1 8 1
153 0 6 2358 1 3 1
154 0 3 2375 1 4 1
155 0 3 2390 1021 4765 1531
156 0 2 2406 288 2817 432
157 1 1 2420 12 99 18
158 1 38 2432 1 5 1
159 1 2 2451 1 9 1
160 0 1 2465 1 8 1
161 0 1 2478 1 10 1
162 1 2 2490 5 41 7
163 1 2 2504 58 523 87
164 1 5 2518 38 135 57
165 0 1 2534 1 10 1
166 1 5 2546 4 12 6
167 1 1 2562 171 1630 256
168 0 1 2572 1 9 1
169 1 2 2585 161 1530 241
170 0 1 2599 3 25 4
171 0 6 2607 629 2834 943
172 0 3 2623 85 326 127
173 1 1 2638 626 6354 939
174 0 1 2651 11 90 16
175 0 14 2664 5533 28921 8299
176 0 3 2682 26 89 39
177 1 11 2697 1 3 1
178 0 2 2715 1 10 1
179 1 1 2729 1935 20674 2902
180 0 1 2736 12 99 18
181 0 7 2743 2 6 3
182 0 7 2760 1 4 1
183 1 1 2777 1072 11154 1608
184 0 4 2787 1 5 1
185 0 4 2803 1 6 1
186 0 2 2819 26 224 39
187 0 15 2833 1 4 1
188 1 1 2851 2 17 3
189 1 5 2864 45 163 67
190 1 4 2880 1 4 1
191 0 11 2896 1 4 1
192 0 7 2914 1 5 1
193 1 6 2931 3 10 4
194 1 4 2948 4670 24148 7005
195 0 2 2964 2 17 3
196 0 1 2978 1 10 1
197 1 2 2990 4 32 6
198 0 4 3005 2224 10953 3336
199 0 3 3021 28 97 42
200 0 1 3036 1 9 1
201 1 8 3045 30594 177241 45891
202 0 4 3062 1 4 1
203 1 7 3078 91 351 136
204 0 4 3095 157846 1000211 236769
205 0 1 3111 68519 847708 102778
206 0 2 3122 27 233 40
207 0 7 3136 23 78 34
208 0 3 3153 1 6 1
209 1 1 3168 12 99 18
210 0 5 3180 4 12 6
211 0 1 3196 2 17 3
212 1 3 3209 1 4 1
213 1 1 3224 1062 11045 1593
214 0 2 3237 41 363 61
215 0 1 3251 6028 67646 9042
216 1 3 3264 49 438 73
217 0 2 3279 2 17 3
218 0 2 3292 1 9 1
219 0 9 3306 1 3 1
220 0 4 3323 1 4 1
221 1 2 3339 2 17 3
222 0 2 3353 63 570 94
223 1 14 3367 79 301 118
224 0 4 3385 1 4 1
225 0 2 3401 9 73 13
226 0 1 3415 2820 30632 4230
227 0 1 3427 136 1282 204
228 0 3 3437 1 4 1
229 1 3 3452 5 15 7
230 1 2 3467 1 9 1
231 1 8 3482 4 12 6
232 1 7 3499 74750 455162 112125
233 0 1 3516 3 25 4
234 1 6 3529 23 78 34
235 1 5 3545 1 6 1
236 0 5 3561 20 67 30
237 1 3 3577 288 1223 432
238 0 2 3592 60 542 90
239 1 3 3606 421 1841 631
