0 0 5 5 1179 5559 1768
1 1 33 9 1 5 1
2 0 2 14 2 17 3
3 1 4 18 16 52 24
4 1 12 22 141 565 211
5 0 2 26 1 9 1
6 0 1 29 181 1731 271
7 0 14 31 43 155 64
8 0 2 35 16 134 24
9 0 6 38 1 4 1
10 1 1 42 655 6662 982
11 1 1 45 2545 27522 3817
12 1 1 48 3 25 4
13 1 6 51 1757 8516 2635
14 0 1 55 179 1710 268
15 1 2 58 1 9 1
16 1 2 61 699 7131 1048
17 1 11 65 97 377 145
18 0 2 69 1 10 1
19 0 2 73 181 1730 271
20 1 3 77 1 5 1
21 1 1 81 33 289 49
22 1 2 84 133 1252 199
23 0 6 87 13 41 19
24 1 1 91 76 695 114
25 0 32 94 5046 26221 7569
26 0 1 99 20 170 30
27 1 2 102 1 9 1
28 1 14 106 962 4471 1443
29 1 14 110 3 10 4
30 1 5 114 1 4 1
31 0 2 118 25384 302124 38076
32 1 5 122 1 3 1
33 1 2 126 1 10 1
34 0 1 130 1 11 1
35 1 2 133 3322 36343 4983
36 1 2 137 7 56 10
37 0 2 141 2 17 3
38 1 2 144 8797 100293 13195
39 0 10 148 7 21 10
40 0 1 152 1 9 1
41 0 3 155 1 3 1
42 1 3 159 25 85 37
43 1 2 163 4540 50339 6810
44 1 4 167 1 5 1
45 1 5 171 269 1136 403
46 0 4 175 21564 122430 32346
47 0 2 179 32 279 48
48 1 3 183 563 2516 844
49 1 27 187 25 85 37
50 0 2 192 190 1821 285
51 0 3 195 2575 12807 3862
52 1 6 199 9 27 13
53 1 5 203 43 155 64
54 1 2 207 360 3559 540
55 1 2 211 30 260 45
56 0 4 214 6 18 9
57 1 1 218 36 316 54
58 0 4 220 2 6 3
59 0 2 224 573 5792 859
60 0 2 228 163 1550 244
61 1 3 231 5 40 7
62 1 10 235 43 155 64
63 1 1 239 7 56 10
64 0 1 242 1 9 1
65 1 2 245 1 10 1
66 1 2 249 88 811 132
67 0 2 253 8 64 12
68 1 2 256 721 7366 1081
69 1 1 260 11 90 16
70 1 1 263 32 279 48
71 1 2 266 1 9 1
72 1 3 270 1 4 1
73 0 1 274 2 17 3
74 1 4 277 1 6 1
75 1 1 281 1 10 1
76 1 1 284 19 161 28
77 1 3 287 1 4 1
78 0 1 291 54 485 81
79 0 3 294 4 12 6
80 1 4 298 2074 10166 3111
81 0 6 302 1 4 1
82 0 1 306 1 9 1
83 0 3 309 2 17 3
84 0 1 313 1 9 1
85 1 3 316 9 72 13
86 1 2 320 20500 241922 30750
87 0 9 323 50 183 75
88 0 8 327 1 4 1
89 0 4 331 2 6 3
90 0 3 335 4 12 6
91 1 3 339 42 151 63
92 0 2 343 185 1771 277
93 0 9 347 3274 16544 4911
94 1 1 351 173 1650 259
95 0 4 354 1 4 1
96 0 2 358 6 48 9
97 0 4 361 1000 4660 1500
98 0 11 365 1 3 1
99 1 9 369 9 27 13
100 1 8 373 1 3 1
101 1 6 377 1 3 1
102 0 10 381 1520 7294 2280
103 1 3 385 1 10 1
104 0 2 389 1 9 1
105 0 2 393 73 666 109
106 0 9 397 1 4 1
107 1 4 401 11 34 16
108 1 4 405 3 9 4
109 0 1 409 297 2909 445
110 1 2 412 16 134 24
111 0 1 415 1 9 1
112 0 2 418 1 8 1
113 1 2 422 1716 18236 2574
114 1 2 425 1 10 1
115 1 5 429 32 112 48
116 0 3 433 1 4 1
117 1 1 437 1 10 1
118 1 20 440 8 24 12
119 1 2 445 7 56 10
120 1 6 449 1 3 1
121 0 7 453 1391 6634 2086
122 1 2 457 3 25 4
123 1 4 461 1 5 1
124 0 1 465 5 40 7
125 1 2 467 187 1791 280
126 1 7 471 5 15 7
127 1 2 475 1 12 1
128 1 11 478 1 4 1
129 0 2 482 54412 667244 81618
130 1 3 486 34 120 51
131 1 1 490 1 10 1
132 1 1 493 6953 78496 10429
133 1 14 496 1 4 1
134 1 2 500 76455 949854 114682
135 0 13 504 341 1467 511
136 1 4 508 15 48 22
137 1 1 512 32 279 48
138 1 7 515 7 21 10
139 1 2 519 2036 21802 3054
140 1 4 523 3219 16248 4828
141 0 5 527 138 552 207
142 1 1 531 12803 148238 19204
143 0 4 533 1 5 1
144 0 4 537 1175 5538 1762
145 1 2 541 39 344 58
146 1 3 544 16 52 24
147 1 6 548 1 3 1
148 0 3 552 295300 1932450 442950
149 0 1 556 2640 28594 3960
150 1 3 559 2 6 3
151 0 4 563 120 474 180
152 1 21 567 6 18 9
153 1 1 572 2 17 3
154 0 3 575 251 1054 376
155 0 2 579 2373 25583 3559
156 1 2 583 21 179 31
157 0 6 587 732 3335 1098
158 0 2 591 12 99 18
159 0 4 595 1 4 1
160 0 2 599 1 12 1
161 0 3 603 74 676 111
162 0 2 607 46 409 69
163 1 1 610 1 10 1
164 1 1 613 1 9 1
165 0 47 616 1 4 1
166 1 3 621 1 10 1
167 1 1 625 843 8675 1264
168 1 1 628 1 10 1
169 1 1 631 5 41 7
170 1 2 634 38 335 57
171 1 2 637 14 116 21
172 1 2 641 1 9 1
173 1 3 645 1 4 1
174 0 1 649 79 724 118
175 1 2 652 1 9 1
176 0 2 656 150 1421 225
177 0 12 660 13875 76749 20812
178 0 1 664 3 25 4
179 1 1 667 3 25 4
180 0 2 670 19 161 28
181 0 3 674 9 72 13
182 0 4 678 1 5 1
183 1 1 682 1170 12222 1755
184 1 3 685 411 1794 616
185 1 23 689 85 326 127
186 0 2 694 3 25 4
187 1 2 698 1 9 1
188 1 2 701 106 986 159
189 1 1 705 1 10 1
190 0 2 708 870 8966 1305
191 0 10 712 94 364 141
192 1 4 716 4 12 6
193 0 3 720 13 107 19
194 0 2 724 30 261 45
195 1 7 728 1 5 1
196 0 4 732 51 187 76
197 0 6 736 6996 37112 10494
198 0 4 740 3049 15335 4573
199 0 2 744 417 4152 625
200 0 34 748 3 9 4
201 0 2 753 1 10 1
202 0 7 757 3 9 4
203 1 3 761 1 3 1
204 0 1 765 15 125 22
205 1 2 768 64 580 96
206 1 4 772 2 7 3
207 0 5 776 12 38 18
208 1 1 780 1 9 1
209 0 6 783 1035 4835 1552
210 1 2 787 92 850 138
211 0 2 791 2 17 3
212 0 7 795 1 4 1
213 1 8 799 2051 10046 3076
214 0 1 803 3 25 4
215 1 2 805 7913 89818 11869
216 0 4 809 1 4 1
217 1 2 813 6 48 9
218 1 18 817 1 4 1
219 1 25 822 15 48 22
220 1 8 827 1 4 1
221 1 60 831 4 12 6
222 1 1 836 1 9 1
223 1 2 839 34944 421192 52416
224 1 4 842 1955 9545 2932
225 1 12 846 2 7 3
226 1 23 850 1 5 1
227 0 7 855 123 487 184
228 1 2 859 51 456 76
229 1 6 863 8 24 12
230 0 1 867 23 197 34
231 1 23 870 339 1458 508
232 0 1 875 64 580 96
233 0 1 878 5 40 7
234 1 1 881 4 33 6
235 1 2 884 1 9 1
236 0 1 888 9 73 13
237 0 6 891 1 5 1
238 1 9 895 4879 25299 7318
239 1 1 899 1 8 1
240 0 2 902 2 17 3
241 1 6 906 29 100 43
242 0 2 910 1 9 1
243 1 2 914 621 6300 931
244 1 1 917 22 188 33
245 0 1 920 5286 58991 7929
246 0 2 923 2 17 3
247 1 2 926 1 10 1
248 1 1 930 1110 11567 1665
249 0 1 933 518 5211 777
250 1 3 936 5201 27079 7801
251 0 8 940 7601 40530 11401
252 0 1 944 605236 8111578 907854
253 0 1 947 23 197 34
254 1 4 950 1 3 1
255 1 11 954 1 3 1
256 0 1 958 290 2838 435
257 0 1 961 1 10 1
258 1 1 964 7 56 10
259 0 1 967 6 48 9
260 0 2 970 107231 1349365 160846
261 0 1 974 99 918 148
262 1 15 977 289 1227 433
263 0 2 981 5 40 7
264 1 4 985 1 6 1
265 1 2 989 1 10 1
266 0 1 992 1 8 1
267 0 5 995 21 70 31
268 1 4 999 1 3 1
269 1 2 1003 384 3808 576
270 0 3 1007 1 5 1
271 1 2 1011 44 390 66
272 0 12 1014 1409 6726 2113
273 0 3 1018 1 4 1
274 1 10 1022 3 10 4
275 0 2 1026 7 56 10
276 0 7 1030 1 3 1
277 0 3 1034 6699 35440 10048
278 1 1 1038 151099 1925899 226648
279 1 3 1040 2211 10885 3316
280 0 3 1044 18 59 27
281 1 2 1048 15051 175418 22576
282 0 1 1052 5191 57886 7786
283 0 3 1055 1 4 1
284 1 4 1059 338 1453 507
285 0 2 1063 2 17 3
286 0 1 1067 30321 363434 45481
287 1 3 1070 245696 3188128 368544
288 0 2 1074 65 589 97
289 0 1 1078 19 161 28
290 1 1 1081 63 571 94
291 0 3 1084 20 67 30
292 0 3 1088 103 402 154
293 1 13 1092 83 318 124
294 0 3 1096 3 25 4
295 1 6 1100 8 24 12
296 0 2 1104 143025 1819273 214537
297 1 3 1107 10 31 15
298 1 7 1111 1 3 1
299 0 1 1115 21 179 31
300 0 4 1118 62 231 93
301 1 2 1122 1 9 1
302 0 3 1125 12298 142156 18447
303 0 2 1129 1 8 1
304 0 1 1132 106 986 159
305 0 1 1135 4 33 6
306 1 7 1138 4 12 6
307 1 1 1142 42 372 63
308 0 3 1145 1 4 1
309 1 7 1149 115 453 172
310 1 2 1153 7613 86274 11419
311 0 2 1156 8 64 12
312 1 2 1160 76454 949841 114681
313 0 2 1164 27 233 40
314 0 2 1168 10 81 15
315 1 3 1172 1 9 1
316 1 1 1176 5 40 7
317 1 7 1179 1 5 1
318 0 7 1183 23 78 34
319 0 7 1187 14564 80794 21846
320 1 2 1191 87 801 130
321 1 5 1195 20 67 30
322 1 2 1199 2478 26766 3717
323 1 33 1203 1 5 1
324 1 2 1208 1 8 1
325 0 3 1212 1 9 1
326 1 1 1216 354 3497 531
327 1 3 1219 1 6 1
328 1 3 1223 20 67 30
329 0 3 1227 1 3 1
330 0 10 1231 1 3 1
331 1 2 1235 447 4466 670
332 1 5 1238 62 231 93
333 0 1 1242 1 8 1
334 1 4 1245 449 1973 673
335 1 3 1249 22 188 33
336 1 2 1253 1 9 1
337 0 4 1256 1 4 1
338 1 1 1260 1 9 1
339 1 5 1262 1 4 1
340 1 8 1266 1 4 1
341 1 1 1270 1 11 1
342 1 32 1273 819 3762 1228
343 0 3 1278 118 1104 177
344 1 3 1282 39457 231911 59185
345 0 2 1286 1 9 1
346 0 2 1289 12 99 18
347 1 3 1293 1 10 1
348 1 4 1297 1 3 1
349 1 1 1301 94 869 141
350 1 3 1303 45 400 67
351 1 2 1307 4 33 6
352 1 2 1310 590 5971 885
353 1 4 1313 30 104 45
354 0 11 1317 306 1306 459
355 1 1 1321 207 1992 310
356 1 1 1324 8357 95074 12535
357 0 4 1327 1 4 1
358 1 3 1331 1 10 1
359 0 3 1335 1 11 1
360 1 1 1339 10 81 15
361 1 2 1342 9 73 13
362 1 1 1345 108 1006 162
363 1 2 1348 66 599 99
364 0 1 1351 1 9 1
365 1 1 1354 1 11 1
366 1 30 1357 6 18 9
367 1 2 1362 2 17 3
368 0 1 1366 2 17 3
369 1 11 1369 1 4 1
370 0 18 1373 1 3 1
371 0 6 1378 1 6 1
372 1 2 1382 32240 387372 48360
373 1 3 1386 35 307 52
374 1 1 1390 1 10 1
375 0 1 1393 1 12 1
376 1 10 1395 1 5 1
377 0 2 1399 1622 17194 2433
378 1 2 1402 1 10 1
379 1 7 1406 1 4 1
380 1 2 1410 1 9 1
381 0 3 1413 1 4 1
382 0 1 1417 6 48 9
383 0 3 1420 50805 302862 76207
384 0 1 1424 1 9 1
385 1 10 1427 1 3 1
386 1 4 1431 1 4 1
387 1 1 1435 12 99 18
388 1 6 1438 1 4 1
389 1 2 1442 1 9 1
390 0 2 1446 3 25 4
391 0 3 1449 41 363 61
392 0 2 1453 73 666 109
393 1 3 1457 1 12 1
394 0 2 1461 48005 585832 72007
395 1 17 1465 1 4 1
396 0 1 1470 7650 86711 11475
397 0 41 1473 132 526 198
398 1 3 1478 1 5 1
399 1 6 1482 970 4511 1455
400 0 1 1486 3 25 4
401 0 1 1489 48 428 72
402 1 16 1492 4 12 6
403 1 1 1496 16 134 24
404 0 3 1499 1 9 1
405 0 2 1503 20 170 30
406 0 1 1506 6248 70221 9372
407 1 2 1509 560 5654 840
408 1 2 1513 809 8309 1213
409 1 3 1517 506 2243 759
410 1 6 1521 368 1593 552
411 1 7 1525 5671 29689 8506
412 0 1 1529 33 288 49
413 0 1 1532 1 11 1
414 0 3 1535 1 9 1
415 0 3 1539 1080 5060 1620
416 1 2 1543 1 9 1
417 0 10 1546 5 15 7
418 0 5 1550 24 81 36
419 1 1 1554 23 197 34
420 1 5 1557 1 4 1
421 0 1 1561 118 1104 177
422 1 1 1564 6 48 9
423 1 6 1567 32 112 48
424 0 1 1571 1 10 1
425 1 2 1574 1 10 1
426 0 13 1578 1 4 1
427 0 9 1582 58 215 87
428 1 14 1586 1 4 1
429 0 19 1590 1 3 1
430 1 5 1595 307 1310 460
431 0 5 1599 1 4 1
432 0 6 1603 1 4 1
433 0 5 1607 4 12 6
434 1 3 1611 59 219 88
435 1 4 1615 663 2999 994
436 0 37 1619 506954 3408234 760431
437 0 2 1624 90 830 135
438 0 1 1627 1 9 1
439 1 2 1630 1 9 1
440 0 2 1634 2 17 3
441 1 3 1638 11179059 86606577 16768588
442 0 5 1642 8 24 12
443 1 27 1646 6 18 9
444 1 4 1651 2 7 3
445 0 35 1655 1 3 1
446 1 3 1660 1 12 1
447 0 6 1664 1 3 1
448 0 2 1668 1447 15261 2170
449 0 27 1672 478 2110 717
450 0 6 1677 533 2373 799
451 0 1 1681 43 381 64
452 0 1 1684 1 12 1
453 1 1 1686 6 48 9
454 0 1 1689 1 9 1
455 1 4 1692 30 104 45
456 1 1 1696 1 11 1
457 1 2 1699 5 40 7
458 0 1 1703 601 6088 901
459 1 4 1705 1 5 1
460 1 2 1709 32 279 48
461 1 2 1712 16 134 24
462 0 2 1715 32 279 48
463 0 4 1719 1 3 1
464 1 3 1723 248 1041 372
465 1 4 1727 2 6 3
466 1 1 1731 274 2673 411
467 0 11 1734 597 2680 895
468 1 1 1738 10 81 15
469 1 1 1741 12 99 18
470 1 1 1744 1 9 1
471 1 1 1747 68 618 102
472 1 4 1750 1 6 1
473 0 5 1754 1 5 1
474 0 3 1758 7 21 10
475 1 20 1762 1 5 1
476 0 3 1767 1 5 1
477 1 6 1771 1 5 1
478 1 3 1775 540 2406 810
479 1 4 1779 11 34 16
480 1 17 1783 2 6 3
481 1 20 1788 1 4 1
482 0 2 1793 2 17 3
483 1 3 1797 108 1006 162
484 1 3 1801 1 3 1
485 1 4 1805 1 3 1
486 1 4 1809 3219 16248 4828
487 0 2 1813 154 1460 231
488 1 6 1817 36 128 54
489 0 4 1821 23 78 34
490 1 4 1825 3 10 4
491 0 6 1829 40020 235408 60030
492 1 3 1833 1 6 1
493 0 2 1837 1311 13765 1966
494 1 1 1841 722 7377 1083
495 1 14 1844 1697 8206 2545
496 1 6 1848 16 52 24
497 0 5 1852 57309 343920 85963
498 1 10 1856 1 3 1
499 0 2 1860 1 10 1
500 0 5 1864 1 6 1
501 0 5 1868 1 5 1
502 0 5 1872 1957 9555 2935
503 0 1 1876 84 772 126
504 1 3 1879 144 1361 216
505 1 3 1883 3 9 4
506 1 2 1887 476 4769 714
507 0 3 1891 1 4 1
508 0 1 1895 116 1084 174
509 0 1 1898 1 9 1
510 0 2 1901 2847 30939 4270
511 0 2 1904 1 9 1
512 1 4 1908 3 9 4
513 0 2 1912 20 170 30
514 1 5 1916 2 7 3
515 1 1 1920 19 161 28
516 1 7 1923 26 89 39
517 1 1 1927 2 17 3
518 1 9 1930 97 376 145
519 1 2 1934 176 1680 264
520 1 1 1938 1260 13206 1890
521 1 96 1941 32 112 48
522 1 2 1946 1 10 1
523 0 2 1950 1 10 1
524 0 2 1954 1 10 1
525 0 2 1957 988 10241 1482
526 1 2 1961 1 10 1
527 1 2 1965 1 9 1
528 0 2 1969 1976 21132 2964
529 0 5 1973 1 4 1
530 1 4 1977 8 24 12
531 1 1 1981 1530 16177 2295
532 1 10 1984 1 5 1
533 0 3 1988 157 635 235
534 0 1 1992 53 475 79
535 1 1 1995 15 125 22
536 0 6 1998 3 10 4
537 1 2 2002 14 116 21
538 1 3 2006 12 38 18
539 0 1 2010 20 170 30
540 0 6 2013 85 326 127
541 1 45 2017 2 6 3
542 1 14 2022 67 252 100
543 0 1 2026 1 11 1
544 0 4 2029 3 9 4
545 0 4 2033 4 12 6
546 0 7 2037 15 48 22
547 0 2 2041 2 17 3
548 0 6 2045 9 27 13
549 0 4 2049 15 48 22
550 1 2 2053 2 17 3
551 0 5 2056 37 131 55
552 0 8 2060 1 5 1
553 1 1 2064 1 9 1
554 0 9 2067 57 211 85
555 0 3 2071 6 18 9
556 1 2 2075 1286 13491 1929
557 0 1 2079 2 17 3
558 0 4 2082 80 305 120
559 0 32 2086 1 4 1
560 0 2 2091 403 4006 604
561 1 3 2095 1 9 1
562 1 5 2099 1 3 1
563 1 6 2103 12 38 18
564 1 3 2107 3079 15496 4618
565 0 3 2111 1 9 1
566 0 1 2115 3 25 4
567 0 11 2118 1 3 1
568 0 5 2122 13 41 19
569 1 9 2126 1 3 1
570 1 4 2130 1 4 1
571 0 3 2134 1 5 1
572 1 2 2138 4 33 6
573 1 2 2141 37099 448217 55648
574 1 1 2145 3 25 4
575 1 16 2148 1 4 1
576 1 1 2153 2 17 3
577 0 2 2156 706 7206 1059
578 1 4 2160 3 10 4
579 1 3 2164 261 1100 391
580 1 9 2168 1 4 1
581 0 2 2172 62 561 93
582 0 14 2175 45 163 67
583 0 6 2179 7 21 10
584 0 6 2183 1766 8563 2649
585 1 1 2187 316 3105 474
586 0 5 2189 1 4 1
587 1 3 2193 5 15 7
588 1 2 2197 1 9 1
589 0 4 2201 2 7 3
590 0 1 2205 2 17 3
591 1 2 2208 1 9 1
592 1 2 2211 1 11 1
593 1 9 2214 1 6 1
594 0 1 2218 52 466 78
595 1 4 2221 1 4 1
596 0 2 2225 392530 5180423 588795
597 0 2 2228 281 2745 421
598 1 1 2231 1 9 1
599 1 9 2234 1 4 1
600 0 6 2238 4 12 6
601 1 1 2242 137982 1752783 206973
602 1 1 2245 16 134 24
603 1 1 2248 59357 730326 89035
604 1 1 2251 1149 11993 1723
605 0 1 2253 1 9 1
606 1 1 2256 1460 15404 2190
607 1 2 2258 4 33 6
608 1 6 2262 1 3 1
609 1 1 2266 755 7730 1132
610 1 3 2269 2730 13631 4095
611 1 3 2273 82 314 123
612 0 3 2277 229618 2972150 344427
613 0 6 2281 1 6 1
614 1 1 2285 64 580 96
615 0 1 2288 1 11 1
616 0 3 2291 1 4 1
617 1 3 2295 22 74 33
618 0 1 2299 1 9 1
619 1 3 2302 7 56 10
620 1 4 2306 44 159 66
621 0 8 2310 4555 23515 6832
622 1 1 2314 6 48 9
623 0 4 2316 1 5 1
624 1 5 2320 448 1968 672
625 1 1 2324 282 2755 423
626 1 5 2327 26 89 39
627 0 7 2331 2 6 3
628 1 2 2335 35 307 52
629 1 2 2338 543 5475 814
630 1 1 2342 24 206 36
631 1 1 2345 20 170 30
632 1 48 2348 7 21 10
633 1 2 2353 8 64 12
634 0 3 2357 3 10 4
635 0 2 2361 8 64 12
636 0 3 2365 1 4 1
637 0 3 2369 166194 2125785 249291
638 0 2 2373 4206 46484 6309
639 1 2 2377 1 10 1
640 1 15 2381 1 6 1
641 1 16 2385 2 7 3
642 0 1 2389 728 7441 1092
643 0 21 2392 1 4 1
644 1 3 2397 45 400 67
645 1 2 2401 33 288 49
646 0 4 2405 1 4 1
647 1 7 2409 1 4 1
648 1 3 2413 4 12 6
649 0 3 2417 2 6 3
650 1 1 2421 18 152 27
651 0 2 2424 14 116 21
652 1 1 2428 1 9 1
653 0 4 2431 112 440 168
654 0 2 2435 6 48 9
655 0 5 2438 4 12 6
656 0 13 2442 32 112 48
657 0 12 2446 526 2339 789
658 0 2 2450 106 986 159
659 0 6 2453 102 397 153
660 0 9 2457 165 670 247
661 0 18 2461 48 175 72
662 1 5 2466 1 4 1
663 1 27 2470 6 18 9
664 0 2 2475 73 666 109
665 1 4 2478 10 31 15
666 1 6 2482 2 7 3
667 0 1 2486 2081 22306 3121
668 0 11 2489 1 5 1
669 1 2 2493 1 11 1
670 1 1 2496 1 9 1
671 1 9 2499 8746 47042 13119
672 1 1 2503 290 2837 435
673 0 4 2505 1 3 1
674 0 2 2509 103 957 154
675 0 1 2512 103 957 154
676 1 1 2515 13 107 19
677 1 2 2518 1 11 1
678 0 4 2522 1 4 1
679 1 4 2526 3 10 4
680 0 16 2530 1799 8734 2698
681 1 6 2534 341 1467 511
682 1 4 2538 1535 7371 2302
683 0 2 2542 180 1720 270
684 0 5 2545 2066 10125 3099
685 0 4 2549 1 4 1
686 1 2 2553 2 17 3
687 0 4 2557 1 5 1
688 0 3 2561 1 9 1
689 1 1 2565 8 64 12
690 1 5 2568 11 34 16
691 0 2 2572 979 10144 1468
692 1 1 2576 18 152 27
693 1 2 2579 1 11 1
694 1 10 2583 17 56 25
695 0 1 2587 1 9 1
696 0 2 2590 2 17 3
697 1 1 2593 94 869 141
698 1 1 2596 1 9 1
699 1 5 2599 44 159 66
700 1 2 2603 1 11 1
701 0 5 2607 1 5 1
702 1 10 2611 4 12 6
703 0 6 2615 1 4 1
704 1 2 2619 1 9 1
705 0 1 2622 133 1252 199
706 0 2 2624 4 33 6
707 0 13 2627 3 10 4
708 0 2 2631 11 90 16
709 1 1 2635 5 40 7
710 1 6 2638 1 3 1
711 1 1 2642 9 73 13
712 1 4 2645 7197 38245 10795
713 1 3 2649 1 4 1
714 0 1 2653 296 2899 444
715 0 3 2656 1 5 1
716 1 1 2660 1205 12604 1807
717 1 3 2663 1 3 1
718 1 2 2667 10 81 15
719 0 6 2671 1408 6721 2112
720 1 2 2675 39 344 58
721 0 5 2678 1 3 1
722 1 15 2682 9 27 13
723 0 2 2686 8 64 12
724 1 28 2690 33 116 49
725 1 2 2695 7 56 10
726 1 1 2699 1 9 1
727 0 6 2702 15 49 22
728 1 2 2706 1934 20663 2901
729 0 4 2709 1 5 1
730 1 4 2713 4 12 6
731 1 12 2717 23 78 34
732 0 2 2721 4 33 6
733 0 14 2725 1 4 1
734 1 3 2729 7 21 10
735 1 4 2733 7388 39324 11082
736 1 3 2737 67 252 100
737 0 2 2741 2 17 3
738 0 3 2745 19413 109541 29119
739 1 7 2749 3 9 4
740 0 4 2753 10 31 15
741 0 1 2757 636 6460 954
742 0 4 2760 2 7 3
743 0 1 2764 1 9 1
744 1 7 2767 5 15 7
745 1 2 2771 1 9 1
746 1 1 2774 1 9 1
747 1 3 2777 226 941 339
748 1 2 2781 57591 707775 86386
749 1 2 2784 106 986 159
750 1 7 2788 1 4 1
751 0 3 2792 2 7 3
752 0 9 2796 1 4 1
753 0 4 2800 1 4 1
754 1 4 2804 1 5 1
755 0 8 2808 2 6 3
756 1 3 2812 1194 5634 1791
757 0 3 2816 4 12 6
758 0 2 2820 4 33 6
759 0 7 2824 1 3 1
760 1 2 2828 6 48 9
761 1 3 2832 1223 12801 1834
762 0 4 2836 1 4 1
763 0 6 2840 404 1761 606
764 1 3 2844 1 3 1
765 0 2 2848 2 17 3
766 0 18 2852 18 59 27
767 0 1 2857 2 17 3
768 1 3 2859 1 11 1
769 1 2 2863 3 25 4
770 0 1 2867 1 9 1
771 1 4 2870 136 543 204
772 0 1 2874 44 391 66
773 1 3 2877 693 3145 1039
774 1 4 2881 1 5 1
775 0 1 2885 341 3363 511
776 0 2 2888 3 25 4
777 1 2 2891 19 161 28
778 1 3 2895 285 2786 427
779 0 3 2899 4 12 6
780 1 2 2903 4 33 6
781 1 5 2907 1 3 1
782 1 7 2911 2 6 3
783 0 2 2915 1002 10393 1503
784 1 13 2919 2 7 3
785 1 3 2923 14 45 21
786 1 2 2927 1 11 1
787 0 2 2931 53 475 79
788 1 3 2934 3685 18765 5527
789 0 6 2938 53 195 79
790 0 2 2942 3 25 4
791 0 2 2945 1 9 1
792 1 1 2948 561 5665 841
793 0 7 2951 5 15 7
794 0 2 2955 6066 68091 9099
795 1 1 2959 1 9 1
796 0 1 2962 1 9 1
797 0 1 2965 1 10 1
798 0 4 2968 751376 5149369 1127064
799 0 1 2972 3 25 4
800 1 31 2974 62 231 93
801 1 2 2979 1 9 1
802 1 1 2983 1 9 1
803 0 1 2985 55 494 82
804 0 3 2988 1 5 1
805 0 2 2992 3 25 4
806 1 7 2996 54 199 81
807 0 1 3000 7 56 10
808 1 2 3003 55 494 82
809 0 4 3007 31 108 46
810 1 30 3011 1 3 1
811 1 1 3016 523 5264 784
812 1 3 3019 185044 1182294 277566
813 1 3 3023 197 811 295
814 1 2 3027 1 8 1
815 0 4 3030 5 15 7
816 1 1 3034 1 9 1
817 1 11 3037 3 9 4
818 0 1 3041 24 206 36
819 1 1 3044 237 2296 355
820 0 5 3047 5 15 7
821 0 1 3051 14 116 21
822 0 4 3054 1 3 1
823 1 5 3058 1 3 1
824 1 13 3062 40 143 60
825 1 1 3066 14 116 21
826 1 4 3068 1318 6263 1977
827 1 15 3072 1 5 1
828 1 1 3076 1 10 1
829 0 1 3079 10 81 15
830 0 12 3082 11 34 16
831 1 25 3086 3462 17558 5193
832 1 6 3091 2 7 3
833 1 2 3095 62 561 93
834 0 11 3098 3617 18397 5425
835 0 1 3102 1 10 1
836 0 4 3105 502 2224 753
837 0 24 3109 1 3 1
838 1 2 3114 431 4298 646
839 1 1 3118 76 695 114
840 0 1 3121 62174 766351 93261
841 1 1 3124 73 666 109
842 1 2 3127 1 9 1
843 1 1 3131 1 9 1
844 1 1 3132 10 81 15
845 1 2 3135 13 107 19
846 0 12 3138 133 530 199
847 0 3 3142 1 4 1
848 1 1 3146 1 9 1
849 0 2 3149 243 2357 364
850 1 3 3153 38 135 57
851 1 1 3157 7 56 10
852 0 3 3160 36 128 54
853 0 3 3164 1 3 1
854 0 3 3168 4 12 6
855 0 2 3172 1 11 1
856 0 1 3175 1 10 1
857 1 5 3178 530 2358 795
858 0 1 3182 103 957 154
859 0 1 3185 487 4885 730
860 0 3 3188 2 17 3
861 0 5 3192 26 89 39
862 0 9 3196 5 15 7
863 0 4 3200 3283 16593 4924
864 0 2 3204 273 2663 409
865 1 2 3207 12 99 18
866 0 2 3211 13 107 19
867 1 2 3214 6 48 9
868 0 2 3218 34509 415744 51763
869 0 4 3221 1 3 1
870 0 3 3225 3054 15362 4581
871 1 4 3229 21 70 31
872 0 9 3233 16602 92820 24903
873 0 10 3237 108 423 162
874 1 19 3241 2779 13892 4168
875 1 3 3246 1339 14073 2008
876 1 3 3250 87 801 130
877 0 1 3254 1 10 1
878 1 25 3257 50 183 75
879 0 2 3262 1 10 1
880 1 3 3266 1 9 1
881 0 5 3270 11815 64725 17722
882 0 2 3274 9176 104797 13764
883 1 9 3278 77 293 115
884 0 5 3282 13722 75853 20583
885 1 1 3286 396 3933 594
886 0 7 3289 1597 7690 2395
887 1 1 3293 1 11 1
888 0 3 3296 224 932 336
889 0 3 3300 65 244 97
890 0 3 3304 94 364 141
891 1 8 3308 1 4 1
892 1 15 3312 2 7 3
893 1 1 3316 2 17 3
894 0 4 3318 23 78 34
895 0 29 3322 176 718 264
896 1 9 3327 2 6 3
897 0 1 3331 1 9 1
898 0 6 3334 377 1635 565
899 1 2 3338 1 9 1
900 0 6 3341 123 487 184
901 1 10 3345 3 9 4
902 1 1 3349 1 9 1
903 0 6 3352 229 955 343
904 1 14 3356 297 1264 445
905 0 3 3360 1 10 1
906 1 2 3364 106 986 159
907 0 4 3368 24 82 36
908 1 1 3372 18 152 27
909 0 1 3375 11 90 16
910 0 2 3378 2 17 3
911 0 4 3382 1 4 1
912 1 10 3386 13 41 19
913 1 12 3390 3 10 4
914 1 1 3394 1064 11067 1596
915 1 1 3397 1 9 1
916 1 1 3400 6 48 9
917 0 4 3403 1 5 1
918 0 3 3407 43 381 64
919 0 1 3411 1 10 1
920 1 2 3414 18 152 27
921 0 8 3417 2801438 20419649 4202157
922 1 1 3421 29 251 43
923 1 2 3424 6 48 9
924 1 1 3427 13 107 19
925 1 3 3429 1 5 1
926 0 13 3433 163 661 244
927 0 2 3437 7617 86321 11425
928 0 1 3441 1 11 1
929 1 1 3444 4 32 6
930 0 2 3447 1 9 1
931 0 4 3451 1 3 1
932 1 5 3455 291 1237 436
933 1 1 3459 10 81 15
934 0 3 3462 597 2680 895
935 0 9 3466 16 52 24
936 1 3 3470 173 705 259
937 0 2 3474 327 3218 490
938 1 1 3477 1 9 1
939 0 6 3480 55 203 82
940 1 1 3484 2 17 3
941 0 1 3486 259 2520 388
942 1 2 3489 1 11 1
943 0 3 3492 7 21 10
944 0 3 3496 171 1630 256
945 0 1 3500 376365 4959598 564547
946 0 4 3503 33 116 49
947 1 9 3507 16 52 24
948 0 3 3511 2 6 3
949 0 12 3515 1 4 1
950 0 5 3519 189 776 283
951 1 2 3523 1 9 1
952 0 1 3526 2 17 3
953 1 7 3529 36 127 54
954 0 2 3533 55 494 82
955 1 3 3537 4 33 6
956 0 13 3541 425 1860 637
957 0 50 3545 266427 1734427 399640
958 0 6 3550 75362 459092 113043
959 1 3 3554 4319 22221 6478
960 0 4 3558 1 4 1
961 0 4 3562 48 175 72
962 0 4 3566 1816 8822 2724
963 1 3 3570 37 131 55
964 1 1 3574 43 381 64
965 0 5 3577 6 18 9
966 1 1 3581 1 10 1
967 0 3 3584 545 2430 817
968 0 1 3588 1 11 1
969 1 2 3591 43 381 64
970 0 4 3594 124 492 186
971 1 14 3598 1 5 1
972 0 1 3602 1 10 1
973 1 1 3605 259 2520 388
974 1 3 3608 19 63 28
