0 0 5 5 1 4 1
1 1 1 9 1 10 1
2 1 4 12 1 4 1
3 0 5 16 12984 71535 19476
4 0 3 20 19 63 28
5 0 2 24 608 6163 912
6 0 2 28 7 56 10
7 0 1 32 1 11 1
8 0 3 35 1 5 1
9 0 5 39 8 24 12
10 1 2 43 43 381 64
11 0 16 46 1 4 1
12 1 5 50 211244 1358955 316866
13 1 3 54 45 400 67
14 1 2 58 2 17 3
15 1 7 62 1 3 1
16 0 2 66 13 107 19
17 1 3 70 3 25 4
18 0 6 74 1 5 1
19 1 8 78 21 70 31
20 1 1 82 12 99 18
21 1 10 85 1 3 1
22 0 12 89 469 2068 703
23 1 27 93 1 4 1
24 0 6 98 1 5 1
25 0 2 102 434 4330 651
26 1 2 106 1294 13579 1941
27 0 14 110 3277 16560 4915
28 1 11 114 17 56 25
29 0 1 118 2105 22574 3157
30 0 2 121 3 25 4
31 1 5 125 1 4 1
32 1 1 129 34 298 51
33 1 6 132 811 3723 1216
34 1 14 136 1 3 1
35 0 1 140 1 11 1
36 0 4 143 26 89 39
37 0 2 147 1 9 1
38 0 2 151 178 1700 267
39 1 2 155 1 9 1
40 1 2 159 1 10 1
41 1 1 163 10 81 15
42 0 3 166 19 63 28
43 0 7 170 1 4 1
44 0 2 174 1 10 1
45 1 1 178 7 56 10
46 0 3 181 2 6 3
47 0 5 185 17 56 25
48 0 2 189 65 589 97
49 0 9 193 1 3 1
50 1 1 197 63 570 94
51 1 5 200 913 4227 1369
52 1 6 204 1 4 1
53 0 3 208 7 56 10
54 0 2 212 1 8 1
55 0 8 216 14 45 21
56 0 9 220 1 3 1
57 1 3 224 1 4 1
58 1 12 228 1 3 1
59 1 1 232 14 116 21
60 1 5 235 29 100 43
61 1 20 239 2 7 3
62 0 4 244 8 24 12
63 1 1 248 1 9 1
64 1 19 250 629 2834 943
65 1 1 255 3 25 4
66 0 10 258 1 3 1
67 1 2 262 2 17 3
68 0 1 265 1 10 1
69 0 6 268 2 7 3
70 1 2 272 7 56 10
71 1 1 276 1 9 1
72 0 9 279 406 1771 609
73 0 3 283 42 151 63
74 1 14 287 7 21 10
75 1 2 291 3158 34473 4737
76 1 5 295 76 289 114
77 0 6 299 1 6 1
78 1 13 303 1 5 1
79 1 2 307 5 40 7
80 1 1 311 1 10 1
81 0 8 314 1 3 1
82 1 8 318 4 12 6
83 1 1 322 1 9 1
84 0 3 325 384690 5073283 577035
85 1 11 329 2088 10240 3132
86 0 1 333 181 1730 271
87 0 3 336 3 9 4
88 1 1 340 1 9 1
89 1 8 343 1 3 1
90 1 8 347 118257 738043 177385
91 0 6 351 7 21 10
92 0 6 355 103 402 154
93 1 3 359 1 4 1
94 0 3 363 29 101 43
95 0 18 367 5 15 7
96 1 1 372 26 224 39
97 1 2 375 1827 19470 2740
98 0 1 379 820 8427 1230
99 0 7 382 1 4 1
100 1 3 386 658 2975 987
101 0 1 390 1 9 1
102 0 1 393 9 72 13
103 0 17 396 2 7 3
104 0 3 401 1 10 1
105 1 4 405 27 93 40
106 1 5 409 72 272 108
107 0 3 413 1 4 1
108 1 7 417 3 9 4
109 1 4 421 1 4 1
110 0 4 425 68 256 102
111 0 11 429 63 235 94
112 0 2 433 517 5200 775
113 0 3 437 1 10 1
114 0 1 441 1 9 1
115 0 4 444 1 4 1
116 0 2 448 1 10 1
117 1 1 452 23 197 34
118 1 5 454 105 410 157
119 0 7 458 11638 63698 17457
120 0 2 462 1 9 1
121 0 3 466 108616 674815 162924
122 0 2 470 216 2083 324
123 0 6 474 1 4 1
124 0 1 478 16 134 24
125 0 4 481 30 104 45
126 1 2 485 5 40 7
127 0 1 489 1 11 1
128 0 2 492 621 6300 931
129 1 4 496 9 27 13
130 1 2 500 256 2489 384
131 0 5 503 2 6 3
132 0 1 507 4 33 6
133 1 1 510 1 9 1
134 1 1 513 1 9 1
135 0 11 516 17369 97368 26053
136 1 2 520 9 73 13
137 1 21 524 1862 9061 2793
138 0 6 529 1 4 1
139 0 2 533 5 40 7
140 1 2 537 12156 140448 18234
141 1 7 540 1 4 1
142 1 1 544 1 11 1
143 1 19 547 16 52 24
144 0 3 552 31866 185039 47799
145 0 9 556 1 5 1
146 0 2 560 1 8 1
147 1 23 563 1 3 1
148 0 16 568 22 74 33
149 1 1 572 1 9 1
150 1 1 575 11747 135533 17620
151 0 1 578 3 25 4
152 0 2 581 1526 16133 2289
153 1 5 584 330 1416 495
154 0 5 588 4 12 6
155 0 6 592 14 45 21
156 0 8 596 1 4 1
157 1 2 600 271 2643 406
158 1 2 604 241 2337 361
159 1 2 608 2 17 3
160 1 3 611 201 829 301
161 1 2 615 1 10 1
162 0 2 619 1 9 1
163 0 5 623 1 4 1
164 0 19 627 63 235 94
165 0 2 632 1 11 1
166 1 1 635 1 9 1
167 1 1 638 60 542 90
168 1 1 641 3 25 4
169 1 13 644 2 7 3
170 0 2 648 18 152 27
171 1 1 651 1 11 1
172 1 3 654 1 3 1
173 1 6 658 57 211 85
174 0 1 662 1 8 1
175 0 3 665 1 11 1
176 1 1 669 1 10 1
177 0 4 672 2004 9801 3006
178 0 4 676 122 483 183
179 0 14 680 80551 492478 120826
180 0 3 684 1 4 1
181 0 2 688 321 3156 481
182 0 16 692 14 45 21
183 1 6 696 1 4 1
184 0 3 700 130 1222 195
185 1 1 704 310 3043 465
186 0 10 707 191 785 286
187 1 3 711 10 31 15
188 0 2 715 1 10 1
189 0 3 719 1 5 1
190 0 6 723 118 466 177
191 0 3 727 573 5792 859
192 1 17 731 3 9 4
193 1 5 736 3 9 4
194 1 2 740 91 840 136
195 1 3 744 121 479 181
196 1 1 748 1 9 1
197 0 1 751 1 12 1
198 0 55 754 5 15 7
199 1 7 759 1670 8066 2505
200 0 1 763 1 9 1
201 0 7 766 621 2796 931
202 1 5 770 3 10 4
203 0 8 774 1 3 1
204 1 30 778 151 608 226
205 1 1 783 6 48 9
206 0 1 786 11 90 16
207 1 1 789 1 11 1
208 1 2 792 6 48 9
209 0 8 796 9919 53764 14878
210 0 2 800 3 25 4
211 1 3 803 1 4 1
212 0 2 807 14937 174035 22405
213 1 2 810 1 9 1
214 0 1 814 1 9 1
215 1 5 817 7 21 10
216 0 6 821 33 116 49
217 0 1 825 1 10 1
218 0 5 828 2 6 3
219 1 2 832 22 187 33
220 0 1 836 21 179 31
221 0 4 839 10 31 15
222 0 2 843 1 9 1
223 1 5 847 110 432 165
224 1 4 851 3162 15942 4743
225 0 7 855 57 211 85
226 1 2 859 19 161 28
227 0 4 863 9 27 13
228 1 7 867 2 7 3
229 0 2 871 10 81 15
230 0 1 874 1 11 1
231 0 1 877 6 48 9
232 1 6 880 418 1827 627
233 1 9 884 14 45 21
234 1 3 888 1 9 1
235 0 4 892 1 4 1
236 0 7 896 1 4 1
237 1 1 900 21 179 31
238 0 3 903 1 3 1
239 1 5 907 1 4 1
240 1 1 911 168 1600 252
241 1 15 914 764 3492 1146
242 0 4 918 5 15 7
243 1 2 922 564 5697 846
244 1 3 925 2 17 3
245 1 2 929 1 9 1
246 0 5 933 36 127 54
247 1 2 937 24 206 36
248 1 2 940 384 3809 576
249 0 11 944 1 3 1
250 0 8 948 11 34 16
251 0 1 952 476 4769 714
252 1 2 955 132 1242 198
253 0 1 958 1 10 1
254 1 1 961 4 33 6
255 0 1 963 1278 13404 1917
256 1 1 966 537 5411 805
257 0 3 969 1083 11273 1624
258 0 3 973 725 3301 1087
259 1 4 977 6593616 49929555 9890424
260 1 32 981 1 4 1
261 0 5 986 34318 200120 51477
262 0 2 990 125 1173 187
263 1 1 994 411 4089 616
264 1 7 997 4 12 6
265 0 8 1001 696732 4757461 1045098
266 1 1 1005 2 17 3
267 1 1 1008 1 10 1
268 1 3 1011 74 280 111
269 0 3 1015 4 13 6
270 0 1 1019 92 850 138
271 1 4 1021 117 461 175
272 1 3 1025 82 314 123
273 0 1 1029 1 9 1
274 0 4 1032 1 3 1
275 1 1 1036 4 32 6
276 0 5 1039 1 4 1
277 0 10 1043 1 4 1
278 1 1 1047 1 10 1
279 1 3 1050 300 1278 450
280 1 3 1054 1 10 1
281 1 5 1058 3 10 4
282 0 3 1062 1239 5862 1858
283 1 2 1066 1 11 1
284 1 3 1069 2 7 3
285 1 7 1073 1 3 1
286 0 2 1077 32 279 48
287 1 3 1081 2 6 3
288 0 16 1085 328 1407 492
289 0 3 1089 1 4 1
290 0 2 1093 7 56 10
291 1 7 1097 1 3 1
292 1 1 1101 9 72 13
293 1 5 1104 1 4 1
294 0 8 1108 45 163 67
295 0 1 1112 1 9 1
296 0 1 1115 4 33 6
297 0 2 1118 1001 10383 1501
298 1 6 1122 1176 5543 1764
299 0 2 1126 323 3177 484
300 1 2 1129 3 25 4
301 0 2 1132 1182 12353 1773
302 1 1 1136 6 48 9
303 0 2 1138 26 224 39
304 1 5 1142 1 3 1
305 0 1 1146 45 400 67
306 0 20 1149 1 5 1
307 0 2 1154 8 64 12
308 0 5 1158 106 414 159
309 0 3 1162 1 3 1
310 0 1 1166 83 763 124
311 0 2 1169 10 81 15
312 0 4 1173 1 4 1
313 0 6 1177 1 5 1
314 1 10 1181 3 10 4
315 1 2 1185 60 542 90
316 1 5 1189 1 3 1
317 1 6 1193 7 21 10
318 1 2 1197 1 9 1
319 0 2 1201 267858 3486642 401787
320 0 3 1204 4 12 6
321 0 1 1208 1 10 1
322 1 4 1211 3 9 4
323 1 9 1215 6 18 9
324 1 1 1219 40 353 60
325 1 1 1222 2 17 3
326 0 1 1225 4 33 6
327 0 4 1228 2 6 3
328 0 3 1232 1 9 1
329 1 1 1236 1 10 1
330 1 2 1239 1 10 1
331 1 5 1243 1 4 1
332 1 8 1247 4 12 6
333 0 9 1251 50 183 75
334 1 3 1255 2355 11643 3532
335 1 1 1259 34 297 51
336 1 2 1262 2 17 3
337 1 2 1266 1 10 1
338 0 3 1269 2 17 3
339 1 3 1273 1 11 1
340 1 3 1277 1 3 1
341 1 2 1281 1 11 1
342 1 20 1285 80620 492923 120930
343 1 9 1290 347 1495 520
344 0 2 1294 31 270 46
345 1 1 1297 1 10 1
346 0 3 1300 1 3 1
347 0 2 1304 37 326 55
348 1 3 1308 1703 8237 2554
349 0 6 1312 35 124 52
350 1 1 1316 1 9 1
351 1 1 1319 106 986 159
352 1 1 1322 4 33 6
353 1 4 1325 3 9 4
354 0 1 1329 97 898 145
355 0 1 1332 1 9 1
356 0 2 1335 969 10036 1453
357 1 7 1338 29788 172308 44682
358 0 16 1342 4336 22314 6504
359 0 4 1346 3 10 4
360 0 5 1350 1 4 1
361 1 4 1354 1641 7917 2461
362 1 5 1358 6 18 9
363 1 2 1362 7 56 10
364 0 6 1366 2 6 3
365 0 3 1370 1 4 1
366 0 2 1374 1 8 1
367 1 4 1378 13 41 19
368 1 7 1382 90 347 135
369 1 7 1386 35 124 52
370 1 1 1390 1 9 1
371 1 7 1393 2 6 3
372 0 2 1397 7567 85731 11350
373 0 5 1400 14 45 21
374 0 3 1404 944 9765 1416
375 0 20 1408 1 4 1
376 1 3 1413 981 10166 1471
377 0 11 1417 79 301 118
378 0 42 1421 1072 5020 1608
379 1 1 1426 44 391 66
380 0 2 1429 20 170 30
381 0 7 1433 1 4 1
382 1 3 1437 1 3 1
383 1 1 1441 45 400 67
384 0 2 1444 16 134 24
385 0 2 1447 1 11 1
386 0 1 1451 9169 104714 13753
387 1 9 1454 1 5 1
388 1 3 1458 1 5 1
389 0 1 1462 183 1750 274
390 0 4 1465 3 9 4
391 1 1 1469 777 7966 1165
392 1 7 1472 5942 31199 8913
393 0 1 1476 14 116 21
394 1 7 1479 4 13 6
395 1 1 1483 1110 11567 1665
396 0 5 1486 469 2068 703
397 1 3 1490 2224 23908 3336
398 0 1 1494 4 33 6
399 1 6 1497 60 223 90
400 1 1 1501 1 11 1
401 0 1 1504 1725 18336 2587
402 0 1 1507 1 11 1
403 0 2 1510 376 3725 564
404 0 4 1514 5 15 7
405 0 4 1518 179815 1147178 269722
406 0 7 1522 4 13 6
407 1 12 1526 1 4 1
408 0 5 1530 509 2258 763
409 1 1 1534 885 9128 1327
410 1 18 1537 1644 7932 2466
411 1 3 1542 4 13 6
412 1 3 1546 11 34 16
413 1 2 1550 14 116 21
414 1 20 1554 3 9 4
415 0 4 1559 11 34 16
416 1 3 1563 4 12 6
417 1 7 1567 1211 5720 1816
418 0 33 1571 3 9 4
419 1 3 1576 15 48 22
420 1 1 1580 11 90 16
421 1 7 1583 924 4282 1386
422 0 5 1587 123 487 184
423 1 12 1591 6 18 9
424 1 4 1595 9 27 13
425 1 5 1599 3 10 4
426 1 5 1603 1 5 1
427 1 4 1607 138 552 207
428 1 4 1611 1 5 1
429 1 1 1615 1 10 1
430 0 1 1618 1 11 1
431 1 2 1621 1 9 1
432 0 3 1625 2 7 3
433 0 6 1629 32 112 48
434 1 3 1633 10 31 15
435 1 4 1637 14 45 21
436 0 10 1641 28 97 42
437 0 15 1645 361 1560 541
438 1 3 1649 1 4 1
439 1 5 1653 56 207 84
440 1 2 1657 1 11 1
441 0 3 1661 2 17 3
442 0 2 1665 184 1760 276
443 0 7 1669 3 10 4
444 1 7 1673 1 4 1
445 1 1 1677 1 8 1
446 0 1 1680 4 33 6
447 0 2 1683 1 9 1
448 0 6 1687 39 139 58
449 1 2 1691 1 10 1
450 0 8 1694 66 247 99
451 0 9 1698 1 4 1
452 1 7 1702 1 4 1
453 1 9 1706 535 2382 802
454 0 2 1710 300756 3931347 451134
455 1 6 1713 2381 11780 3571
456 0 2 1717 16794 196603 25191
457 1 2 1721 9 73 13
458 1 5 1725 1 5 1
459 1 1 1729 1 9 1
460 1 1 1731 249 2418 373
461 0 3 1734 87 334 130
462 1 1 1738 1 9 1
463 1 17 1741 72 272 108
464 0 4 1746 14 45 21
465 1 2 1750 2 17 3
466 0 18 1754 1 3 1
467 0 4 1759 112 440 168
468 1 4 1763 8 24 12
469 0 9 1767 1 4 1
470 0 15 1771 495 2191 742
471 1 2 1775 26087 310828 39130
472 0 1 1779 6 48 9
473 0 2 1782 1 10 1
474 1 10 1785 1 4 1
475 0 5 1789 26 89 39
476 0 2 1793 42 372 63
477 1 3 1796 9 73 13
478 0 2 1800 34 297 51
479 0 4 1803 44875 265667 67312
480 1 1 1807 1 11 1
481 1 2 1810 558 5633 837
482 0 6 1814 1 6 1
483 0 18 1818 25 85 37
484 0 1 1823 1 9 1
485 0 2 1826 3463 37953 5194
486 1 2 1830 1 9 1
487 1 9 1834 132 526 198
488 1 8 1838 13 41 19
489 0 2 1842 10 81 15
490 1 3 1845 1 9 1
491 0 6 1849 9 27 13
492 0 2 1853 1 10 1
493 0 3 1857 1 4 1
494 1 5 1861 1 5 1
495 1 2 1865 1378 14501 2067
496 1 3 1869 4 12 6
497 1 1 1873 9811 112360 14716
498 0 2 1876 891 9193 1336
499 0 3 1879 2 17 3
500 0 3 1883 34 120 51
501 1 1 1887 251 2439 376
502 1 2 1890 2 17 3
503 0 2 1894 1 10 1
504 1 4 1897 14 45 21
505 0 1 1901 5 41 7
506 1 4 1904 1 4 1
507 0 2 1908 11 90 16
508 1 4 1912 113 444 169
509 0 2 1916 6 48 9
510 1 3 1920 1 6 1
511 1 2 1924 1982 21199 2973
512 1 4 1928 1 3 1
513 0 12 1932 96134 593380 144201
514 1 2 1936 1 9 1
515 1 2 1940 56611 695272 84916
516 0 1 1943 2 17 3
517 1 3 1946 1163 5478 1744
518 0 9 1950 1 4 1
519 0 1 1954 1 9 1
520 0 8 1957 25 85 37
521 1 14 1961 5 15 7
522 0 6 1965 134 535 201
523 0 1 1969 1 10 1
524 1 2 1972 1 9 1
525 0 1 1975 4 33 6
526 1 13 1978 4227 21717 6340
527 1 2 1982 21088 249143 31632
528 0 3 1985 385 1672 577
529 0 1 1989 68910 852731 103365
530 0 1 1992 6 48 9
531 0 19 1995 35680 208522 53520
532 1 8 2000 3 10 4
533 0 1 2004 46 409 69
534 1 37 2007 5 15 7
535 1 1 2012 3 25 4
536 0 3 2015 4 33 6
537 1 1 2019 195 1871 292
538 0 1 2022 1475657 20399349 2213485
539 1 3 2025 1 5 1
540 1 2 2029 998 10350 1497
541 1 25 2033 157 635 235
542 0 4 2038 2 7 3
543 1 29 2042 1 6 1
544 0 4 2047 1 4 1
545 0 2 2051 39 344 58
546 1 4 2055 53 195 79
547 1 4 2059 12 38 18
548 0 4 2063 47 171 70
549 0 4 2067 5 15 7
550 1 8 2071 32416 188417 48624
551 0 1 2075 2 17 3
552 0 2 2078 18 152 27
553 1 1 2081 1 10 1
554 0 2 2084 13 108 19
555 0 1 2088 1 9 1
556 1 7 2091 27 93 40
557 0 2 2095 11 90 16
558 0 6 2098 20 67 30
559 0 3 2102 1 6 1
560 1 9 2106 1 4 1
561 0 1 2110 121332 1533898 181998
562 0 1 2112 383 3798 574
563 0 4 2115 1 4 1
564 0 7 2119 5 15 7
565 0 4 2123 15 48 22
566 1 1 2127 1 9 1
567 1 1 2130 5 40 7
568 0 3 2133 46 167 69
569 1 12 2137 9 27 13
570 0 2 2141 1 9 1
571 1 6 2145 185 758 277
572 1 2 2149 4 33 6
573 0 6 2153 56 207 84
574 0 2 2157 1 8 1
575 0 46 2160 891 4118 1336
576 0 5 2165 554 2473 831
577 1 2 2169 10 81 15
578 0 2 2172 4 33 6
579 1 3 2176 2 17 3
580 1 2 2180 15890 185604 23835
581 0 3 2183 1 9 1
582 0 4 2187 110 432 165
583 0 3 2191 3604 18326 5406
584 1 1 2195 23 197 34
585 1 2 2198 1070 11132 1605
586 0 1 2201 295 2889 442
587 0 1 2204 9 72 13
588 0 7 2207 1 3 1
589 0 2 2211 3 25 4
590 1 2 2214 1141 11906 1711
591 0 12 2217 14496 80394 21744
592 1 5 2221 24 82 36
593 0 1 2225 5 40 7
594 1 3 2228 76747 953620 115120
595 1 11 2232 3053 15357 4579
596 0 2 2236 654 6652 981
597 1 2 2240 15 125 22
598 1 6 2244 3 10 4
599 0 11 2248 19 63 28
600 1 3 2252 113 444 169
601 0 7 2256 843 3881 1264
602 1 9 2260 11 34 16
603 0 2 2264 1894 20217 2841
604 1 1 2268 1 9 1
605 0 2 2271 6 48 9
606 1 3 2275 1 9 1
607 0 2 2279 1 9 1
608 0 4 2283 945 4386 1417
609 1 2 2287 33 288 49
610 1 4 2291 6087 32009 9130
611 1 3 2295 1 9 1
612 0 4 2299 1 5 1
613 1 2 2303 1 10 1
614 1 5 2306 72 272 108
615 0 1 2310 409 4068 613
616 0 1 2313 3171 34621 4756
617 1 2 2316 7 56 10
618 0 12 2319 1 5 1
619 0 3 2323 1 13 1
620 1 16 2327 88 339 132
621 1 1 2331 444 4434 666
622 1 6 2334 32 112 48
623 1 1 2338 265 2581 397
624 0 5 2341 93 360 139
625 0 5 2345 925 4287 1387
626 0 4 2349 30 104 45
627 1 2 2353 64 580 96
628 0 3 2357 20 67 30
629 0 2 2361 6042 67810 9063
630 1 1 2364 2 17 3
631 0 4 2367 2 7 3
632 0 2 2371 66 599 99
633 1 1 2375 9 73 13
634 0 4 2378 3 10 4
635 1 7 2382 4 12 6
636 1 1 2386 165 1570 247
637 1 6 2389 28 97 42
638 1 10 2393 1 5 1
639 0 2 2397 25 215 37
640 0 1 2401 52 466 78
641 0 3 2404 3035 15260 4552
642 1 3 2408 3 10 4
643 0 2 2412 10 81 15
644 0 3 2416 2 6 3
645 1 2 2420 1 9 1
646 0 3 2424 1 3 1
647 1 2 2428 1 9 1
648 1 3 2432 1 5 1
649 1 1 2436 2 17 3
650 1 1 2439 1 10 1
651 1 24 2442 84 322 126
652 1 6 2447 546 2435 819
653 0 4 2451 926 4291 1389
654 0 1 2455 932 9635 1398
655 0 4 2458 5 15 7
656 1 1 2462 27 233 40
657 1 1 2465 4048 44664 6072
658 1 2 2468 263 2561 394
659 1 5 2472 26110 149893 39165
660 1 10 2476 43 155 64
661 1 3 2480 260 1095 390
662 0 2 2484 11 90 16
663 0 2 2488 1 9 1
664 0 2 2492 9242 105582 13863
665 1 2 2496 1 11 1
666 0 3 2500 22 74 33
667 1 2 2504 1 9 1
668 0 16 2508 16 52 24
669 0 14 2512 3491417 25703430 5237125
670 1 5 2516 1 5 1
671 1 1 2520 2 17 3
672 1 4 2523 20 66 30
673 1 18 2527 1 4 1
674 1 3 2532 522 2320 783
675 0 1 2536 43 381 64
676 1 15 2539 252 1059 378
677 1 2 2543 1 12 1
678 1 3 2546 1 11 1
679 0 3 2550 45979 272573 68968
680 0 2 2554 116 1084 174
681 0 2 2557 514 5169 771
682 1 3 2561 1 5 1
683 1 4 2565 1 3 1
684 0 8 2569 9 27 13
685 0 2 2573 3 25 4
686 0 7 2576 35 124 52
687 0 9 2580 43 155 64
688 1 8 2584 170 692 255
689 1 29 2588 31 108 46
690 1 1 2593 1 11 1
691 0 2 2596 16 134 24
692 0 1 2600 57 513 85
693 1 3 2603 1 4 1
694 1 2 2607 161 1530 241
695 0 3 2611 1 4 1
696 0 1 2615 1 9 1
697 1 6 2618 8518 45741 12777
698 0 2 2622 1 12 1
699 0 9 2626 11 34 16
700 1 22 2630 1 5 1
701 0 1 2635 8 64 12
702 1 2 2638 16537 193474 24805
703 1 14 2642 31 108 46
704 1 1 2646 517 5200 775
705 0 2 2649 1 10 1
706 0 3 2653 49 437 73
707 1 4 2657 114 449 171
708 1 3 2661 579 2593 868
709 0 2 2665 1 9 1
710 1 2 2669 1 11 1
711 1 5 2673 1 3 1
712 1 4 2677 1 4 1
713 1 1 2681 7 56 10
714 0 16 2684 16 52 24
715 1 3 2689 290 1232 435
716 0 1 2693 12 99 18
717 1 2 2696 1 9 1
718 0 5 2700 1 5 1
719 0 2 2704 47 419 70
720 0 4 2707 1 5 1
721 1 1 2711 3 25 4
722 0 1 2714 13 108 19
723 1 14 2717 14 45 21
724 0 4 2721 12 38 18
725 1 1 2725 599 6067 898
726 1 1 2728 1 10 1
727 0 3 2731 2052 21981 3078
728 0 2 2735 36 316 54
729 0 1 2739 2 17 3
730 0 4 2741 4 12 6
731 1 15 2745 1 3 1
732 1 2 2749 1 10 1
733 1 3 2753 2 7 3
734 0 9 2757 6 18 9
735 0 16 2761 2 7 3
736 0 2 2765 15991 186832 23986
737 1 2 2769 1 9 1
738 0 2 2772 1 9 1
739 0 1 2776 1 9 1
740 1 1 2779 162 1540 243
741 0 3 2782 12 99 18
742 0 1 2786 6 48 9
743 0 17 2789 13 41 19
744 1 11 2794 1 4 1
745 0 4 2798 1 5 1
746 0 2 2802 1 8 1
747 0 2 2806 242 2347 363
748 1 1 2810 13 107 19
749 0 4 2813 245 1027 367
750 0 2 2817 54 485 81
751 1 2 2821 81 743 121
752 1 1 2825 12 99 18
753 0 1 2828 44 391 66
754 0 1 2831 770 7891 1155
755 1 2 2834 3925 43249 5887
756 0 8 2838 1138 5352 1707
757 1 1 2842 1 9 1
758 1 2 2845 1 9 1
759 0 1 2849 12 98 18
760 1 3 2852 2237 24054 3355
761 0 1 2856 1 10 1
762 0 11 2859 200 825 300
763 1 3 2863 3 10 4
764 0 6 2867 14 45 21
765 1 6 2871 60 223 90
766 1 1 2875 206 1982 309
767 1 2 2878 63 571 94
768 1 15 2882 1 3 1
769 0 1 2886 1043 10838 1564
770 1 2 2889 1 9 1
771 0 3 2892 33 116 49
772 1 4 2896 1 4 1
773 1 3 2900 1457 6971 2185
774 0 2 2904 1 9 1
775 1 1 2908 2 17 3
776 0 1 2911 1 10 1
777 1 1 2914 57 513 85
778 1 7 2917 49 179 73
779 0 1 2921 3 25 4
780 0 1 2924 1 10 1
781 1 3 2927 1 12 1
782 1 3 2931 1 3 1
783 1 3 2935 1 3 1
784 0 2 2939 4 33 6
785 0 1 2943 4 33 6
786 1 2 2946 64 580 96
787 1 1 2950 397 3944 595
788 0 2 2953 1 11 1
789 1 1 2957 1 10 1
790 1 2 2960 1340 14084 2010
791 1 1 2963 383 3798 574
792 0 3 2966 2 17 3
793 0 2 2970 46 409 69
794 1 6 2973 77 293 115
795 1 9 2977 7 21 10
796 1 1 2981 1 11 1
797 1 2 2984 20 170 30
798 0 13 2988 39 139 58
799 1 5 2992 10 31 15
800 1 1 2996 58 523 87
801 0 2 2999 500 5022 750
802 1 6 3003 49 179 73
803 0 2 3007 20 170 30
804 1 2 3011 45 400 67
805 1 1 3015 178 1700 267
806 1 1 3018 1 9 1
807 0 1 3021 17 143 25
808 0 17 3024 7670 40921 11505
809 1 2 3029 965 9993 1447
810 0 5 3033 4969 25796 7453
811 0 10 3037 601440 4077495 902160
812 0 6 3041 13 41 19
813 1 6 3045 1 5 1
814 0 4 3049 1 4 1
815 0 3 3053 4603 23779 6904
816 0 5 3057 46 167 69
817 1 2 3061 15 125 22
818 1 2 3065 1 9 1
819 0 2 3069 1 9 1
820 0 1 3072 84682 1056158 127023
821 1 5 3075 935 4336 1402
822 0 1 3079 15 125 22
823 1 3 3082 34 120 51
824 0 2 3086 12477 144311 18715
825 1 1 3090 9962 114161 14943
826 1 2 3093 1 11 1
827 1 2 3097 1 9 1
828 0 1 3101 1 11 1
829 0 8 3104 12 38 18
830 0 2 3108 19 161 28
831 1 1 3112 4 33 6
832 0 2 3115 2 17 3
833 1 13 3119 24 82 36
834 0 2 3123 2 17 3
835 1 3 3127 2 6 3
836 0 2 3131 1 10 1
837 0 10 3135 237683 1538321 356524
838 0 3 3139 7 56 10
839 1 3 3143 2 17 3
840 1 4 3147 1 3 1
841 1 3 3151 35 124 52
842 0 2 3155 1 15 1
843 1 7 3159 76 289 114
844 0 1 3163 1 10 1
845 1 6 3165 1 3 1
846 0 9 3169 1 3 1
847 1 10 3173 10 31 15
848 0 1 3177 2002 21422 3003
849 0 2 3180 1 10 1
850 0 3 3184 6 48 9
851 1 4 3188 3 9 4
852 0 3 3192 218 905 327
853 0 2 3196 2 17 3
854 0 2 3200 1 10 1
855 1 1 3204 4 33 6
856 0 1 3207 26 224 39
857 1 2 3210 1 11 1
858 1 6 3213 1 4 1
859 1 3 3217 4 12 6
860 1 1 3221 74 676 111
861 0 1 3224 1 10 1
862 1 2 3227 157 1490 235
863 1 23 3231 20 67 30
864 0 1 3236 24 206 36
865 0 1 3239 1897 20250 2845
866 0 1 3242 1 8 1
867 0 2 3245 6 48 9
868 0 4 3249 2 7 3
869 0 3 3253 18 152 27
870 0 10 3257 20 67 30
871 1 7 3261 43 155 64
872 0 2 3265 1 12 1
873 0 6 3269 4 12 6
874 0 2 3273 1 10 1
875 0 5 3277 110 432 165
876 0 8 3281 1 5 1
877 0 10 3285 1 4 1
878 0 1 3289 24 206 36
879 0 7 3292 20 67 30
880 1 1 3296 4177 46150 6265
881 1 10 3299 17 55 25
882 1 3 3303 1 4 1
883 0 2 3307 80 734 120
884 1 4 3310 5 15 7
885 1 3 3314 1 9 1
886 0 6 3318 1 3 1
887 0 3 3322 7 56 10
888 0 2 3326 1 9 1
889 1 3 3329 5 40 7
890 1 2 3333 7 56 10
891 0 5 3337 1 3 1
892 1 2 3341 1 9 1
893 0 1 3344 1 9 1
894 1 2 3347 7090 80108 10635
895 1 5 3350 1139 5357 1708
896 0 15 3354 46 167 69
897 1 2 3358 1 11 1
898 1 4 3361 1 4 1
899 0 3 3365 5 15 7
900 0 8 3369 77 293 115
901 1 3 3373 4 12 6
902 0 2 3377 28 242 42
903 1 1 3381 8 64 12
904 0 2 3384 3 25 4
905 1 10 3388 7 21 10
906 0 5 3392 3 10 4
907 0 2 3396 9 73 13
908 1 5 3400 12 38 18
909 0 3 3404 4 12 6
910 0 8 3408 113 444 169
911 0 1 3412 7 56 10
912 1 48 3415 1 4 1
913 0 4 3420 3003 15089 4504
914 1 1 3424 7 56 10
915 0 1 3427 1 9 1
916 0 49 3430 3439 17434 5158
917 1 4 3435 1 4 1
918 1 9 3439 17497 98128 26245
919 1 1 3443 110 1025 165
920 1 2 3446 12 99 18
921 0 1 3450 95 879 142
922 0 1 3453 1 10 1
923 1 1 3456 10932 125758 16398
924 1 4 3459 1 5 1
925 0 2 3463 117 1094 175
926 0 1 3467 856105 11614237 1284157
927 1 7 3470 54 199 81
928 0 3 3474 1 4 1
929 0 14 3478 1 3 1
930 1 6 3482 27010 155363 40515
931 1 3 3486 366 1583 549
932 0 3 3490 1 5 1
933 1 20 3494 1 5 1
934 0 2 3499 1 9 1
935 0 3 3503 6 18 9
936 0 7 3507 1 4 1
937 0 5 3511 361 1560 541
938 0 1 3515 1 9 1
939 0 2 3518 17 143 25
940 0 4 3522 15 48 22
941 0 1 3526 80 734 120
942 1 4 3529 4175 21433 6262
943 1 5 3533 1 5 1
944 1 5 3537 98 381 147
945 1 1 3541 1 10 1
946 1 2 3544 1053 10947 1579
947 0 1 3548 6 48 9
948 0 1 3551 1 11 1
949 0 1 3554 7 56 10
950 0 2 3557 6 48 9
951 1 1 3561 184 1761 276
952 1 2 3564 1 9 1
953 1 2 3568 1 9 1
954 1 30 3572 128 509 192
955 0 2 3577 12 99 18
956 1 1 3580 3 25 4
957 0 4 3583 1 4 1
958 0 13 3587 8 24 12
959 1 2 3591 2 17 3
960 1 2 3595 2 17 3
961 0 4 3599 144 578 216
962 1 1 3603 20 169 30
963 1 4 3606 52 191 78
