0 0 5 5 1 10 1
1 1 2 13 640 6503 960
2 1 1 19 327 3218 490
3 1 4 24 1 9 1
4 1 9 32 231 964 346
5 1 1 41 3 25 4
6 0 6 46 1 4 1
7 0 1 55 1 9 1
8 0 1 59 5 40 7
9 1 3 64 30 261 45
10 1 5 72 23 197 34
11 0 4 81 1 9 1
12 0 4 89 16 134 24
13 0 1 97 1 9 1
14 1 2 100 1 12 1
15 1 10 106 17 56 25
16 1 2 116 95 879 142
17 0 12 123 1 3 1
18 0 4 133 1 9 1
19 0 3 141 163 1550 244
20 0 1 148 123348 1560347 185022
21 0 6 154 4 33 6
22 0 16 163 2 7 3
23 1 5 173 1 10 1
24 0 5 181 52 466 78
25 1 1 189 17 143 25
26 1 2 194 1 12 1
27 0 3 201 1 9 1
28 1 1 208 139 1311 208
29 0 2 211 1 12 1
30 0 7 217 736873 5045221 1105309
31 0 18 226 65 244 97
32 1 4 236 2 17 3
33 1 7 244 3 10 4
34 0 1 253 188 1800 282
35 1 2 257 96 889 144
36 0 3 263 32 279 48
37 0 3 271 10 81 15
38 1 3 278 4 33 6
39 0 4 285 1 10 1
40 1 2 293 1 9 1
41 1 3 300 15 125 22
42 0 1 307 1861 19849 2791
43 1 28 312 1 5 1
44 0 9 323 1 5 1
45 1 1 332 122 1143 183
46 0 45 336 25 85 37
47 1 2 348 1 10 1
48 0 10 355 398 1733 597
49 1 5 365 25910 308636 38865
50 1 1 374 297 2909 445
51 1 2 380 24 206 36
52 1 1 386 5 41 7
53 1 2 389 1 10 1
54 0 1 396 836327 11336674 1254490
55 0 1 400 1 9 1
56 1 3 404 1 9 1
57 0 6 411 91 351 136
58 1 13 420 1 4 1
59 1 2 430 351 3466 526
60 0 2 437 12 98 18
61 1 4 444 14 116 21
62 0 4 452 318 3125 477
63 1 2 460 109 1015 163
64 0 2 467 158 1500 237
65 0 8 474 211 874 316
66 0 2 483 22 188 33
67 1 2 490 627 6365 940
68 1 1 497 26 224 39
69 0 2 502 25 215 37
70 1 1 509 57 513 85
71 0 16 514 2 6 3
72 0 1 524 3 25 4
73 0 18 528 13 41 19
74 0 3 538 413 4110 619
75 0 6 545 1 10 1
76 1 2 554 1 9 1
77 0 3 561 1 9 1
78 0 6 568 33 116 49
79 0 2 577 1 9 1
80 1 5 583 1 10 1
81 1 1 591 1 10 1
82 1 1 597 1675 17782 2512
83 1 1 603 1 9 1
84 1 1 608 1 9 1
85 0 2 614 1 10 1
86 0 2 620 1 9 1
87 0 1 626 2 17 3
88 0 2 632 20420 240940 30630
89 0 1 639 2 17 3
90 1 1 644 38 335 57
91 0 1 649 5 40 7
92 0 1 654 12 98 18
93 0 5 659 1 9 1
94 1 13 667 151 609 226
95 1 2 677 4 33 6
96 0 2 683 1 8 1
97 1 5 689 215 2073 322
98 0 7 697 1 3 1
99 1 5 706 25 215 37
100 1 2 714 53 475 79
101 1 9 720 2 6 3
102 1 4 729 2887 31392 4330
103 1 4 737 3642 40002 5463
104 1 2 745 7 56 10
105 0 4 751 4821 53591 7231
106 1 4 759 1 11 1
107 0 6 767 8 64 12
108 1 8 776 1 4 1
109 1 4 785 1 11 1
110 1 2 793 1 9 1
111 0 3 799 826 8492 1239
112 0 1 806 5 40 7
113 1 3 809 35 307 52
114 0 2 817 1 10 1
115 0 12 824 90 347 135
116 0 1 834 1 11 1
117 1 4 838 8 64 12
118 1 4 846 6 48 9
119 0 1 854 1 10 1
120 1 10 859 1 5 1
121 0 2 869 2353 25358 3529
122 0 1 875 1 10 1
123 1 6 880 7358 83266 11037
124 0 2 889 1 9 1
125 1 2 896 1 8 1
126 1 3 903 224 2164 336
127 0 1 910 1 10 1
128 1 5 916 1 10 1
129 1 3 924 1 9 1
130 0 10 931 1 4 1
131 0 1 940 1 11 1
132 1 3 945 249 2418 373
133 0 4 953 37 326 55
134 1 4 961 43 381 64
135 1 1 969 1 10 1
136 1 3 975 4649 51600 6973
137 0 1 983 133 1252 199
138 1 6 986 1 9 1
139 0 2 995 1 9 1
140 1 6 1001 1 9 1
141 1 3 1010 133 1252 199
142 0 3 1017 15 125 22
143 1 8 1024 6 18 9
144 1 4 1033 8 64 12
145 1 2 1041 4 33 6
146 0 4 1048 1 11 1
147 1 2 1056 914493 12434889 1371739
148 0 8 1062 68 256 102
149 0 4 1071 5 40 7
150 0 9 1079 48 175 72
151 1 1 1088 7 56 10
152 1 2 1093 28 242 42
153 1 5 1099 4944 55018 7416
154 0 11 1107 1 4 1
155 1 6 1117 7 56 10
156 0 5 1126 1435 15129 2152
157 0 4 1134 8 64 12
158 1 3 1142 1752 18636 2628
159 1 4 1150 1 9 1
160 0 16 1158 88514 543926 132771
161 0 6 1168 1 9 1
162 1 1 1177 1 8 1
163 0 2 1182 299 2930 448
164 1 2 1188 3574 39224 5361
165 1 6 1195 13 107 19
166 1 2 1204 1 9 1
167 1 2 1210 20 170 30
168 1 6 1217 1 12 1
169 1 5 1226 1 11 1
170 1 5 1234 3 25 4
171 1 1 1242 1 9 1
172 1 1 1247 8 64 12
173 0 4 1250 20 170 30
174 1 2 1258 700 7142 1050
175 0 38 1265 4601 23768 6901
176 1 3 1276 1601 16962 2401
177 0 3 1283 13 108 19
178 1 1 1290 4 33 6
179 0 3 1294 2 17 3
180 1 6 1302 3 25 4
181 0 1 1311 1 10 1
182 1 1 1314 234 2266 351
183 1 3 1317 2 17 3
184 1 2 1324 29 252 43
185 0 2 1331 1 9 1
186 0 1 1337 11747 135532 17620
187 0 39 1342 3553004 26177398 5329506
188 0 11 1354 28664 165441 42996
189 1 3 1364 1 11 1
190 1 1 1371 1 9 1
191 1 3 1376 1 9 1
192 1 32 1383 1 4 1
193 0 2 1394 1 9 1
194 0 2 1400 5 40 7
195 0 4 1406 126 1182 189
196 0 2 1414 1 9 1
197 0 3 1421 1 9 1
198 0 4 1428 294 2878 441
199 1 1 1436 1 10 1
200 1 1 1441 2 17 3
201 1 3 1447 2 17 3
202 0 10 1454 1 5 1
203 0 2 1463 2 17 3
204 0 7 1470 2 6 3
205 0 1 1479 5479 61238 8218
206 0 3 1484 1 11 1
207 1 3 1491 23 197 34
208 1 4 1498 6 48 9
209 0 12 1506 13 41 19
210 0 17 1516 1 5 1
211 0 1 1526 8 64 12
212 0 1 1530 2 17 3
213 1 10 1534 15 48 22
214 0 3 1544 11 90 16
215 0 1 1551 1 9 1
216 0 10 1554 3 10 4
217 0 10 1564 1441 6890 2161
218 0 2 1574 4 33 6
219 1 2 1581 1 9 1
220 1 35 1587 6 18 9
221 0 4 1598 1 10 1
222 0 1 1606 1 10 1
223 1 3 1611 8 64 12
224 1 4 1618 1 10 1
225 0 16 1626 3 10 4
226 0 3 1636 1 8 1
227 0 6 1643 6 48 9
228 1 8 1652 117 462 175
229 0 1 1661 3305 36149 4957
230 0 1 1665 8 64 12
231 0 4 1670 6 48 9
232 1 2 1678 505 5074 757
233 1 9 1684 6 18 9
234 0 3 1693 3 25 4
235 0 3 1700 97 898 145
236 0 2 1707 615 6237 922
237 0 3 1714 1 9 1
238 1 6 1722 1 9 1
239 0 5 1731 200 1921 300
240 0 6 1739 3 25 4
241 1 5 1748 1 10 1
242 1 3 1756 79 724 118
243 1 1 1763 7 56 10
244 1 6 1767 16 134 24
245 0 6 1776 39 139 58
246 0 4 1785 4272 47244 6408
247 0 1 1793 15 125 22
248 1 2 1795 7150 80815 10725
249 1 5 1801 1 9 1
250 1 7 1809 2 7 3
251 0 8 1818 11 34 16
252 0 6 1827 465 4654 697
253 1 3 1836 50 447 75
254 1 3 1844 22 188 33
255 0 2 1851 13 108 19
256 0 6 1857 5883 65951 8824
257 1 2 1866 22 188 33
258 1 3 1873 2 17 3
259 1 1 1881 2 17 3
260 0 5 1884 1 12 1
261 1 3 1892 294 2879 441
262 1 13 1899 87 334 130
263 1 2 1909 1 9 1
264 0 2 1915 1 11 1
265 1 14 1922 1 4 1
266 0 3 1932 305 2991 457
267 0 1 1940 13 108 19
268 0 3 1945 3 25 4
269 0 11 1953 3 10 4
270 1 3 1963 13001 150625 19501
271 0 9 1970 563 2516 844
272 0 7 1979 4 12 6
273 1 3 1988 1 10 1
274 1 7 1995 1 6 1
275 1 3 2004 4 33 6
276 0 19 2012 1 4 1
277 1 3 2023 1 9 1
278 1 35 2030 33 116 49
279 0 2 2041 74 676 111
280 0 2 2047 504 5064 756
281 0 102 2053 13 41 19
282 1 2 2066 620 6290 930
283 0 2 2073 1 13 1
284 0 2 2079 1 9 1
285 1 21 2085 1 4 1
286 0 15 2096 877 4049 1315
287 0 1 2106 1 8 1
288 0 1 2109 35 307 52
289 1 3 2114 1 12 1
290 1 1 2121 1 9 1
291 0 1 2126 28 243 42
292 0 4 2131 1 10 1
293 1 1 2139 233 2255 349
294 1 1 2143 1 10 1
295 0 4 2149 9 73 13
296 0 5 2157 4 33 6
297 1 2 2166 5 40 7
298 0 3 2172 1 10 1
299 1 7 2180 1 5 1
300 0 14 2189 63 235 94
301 0 7 2199 590 2646 885
302 1 1 2208 2 17 3
303 1 3 2212 1454 15338 2181
304 1 2 2219 31 270 46
305 1 1 2225 281280 3667858 421920
306 0 1 2229 11948 137948 17922
307 1 3 2235 22 188 33
308 0 1 2242 1 8 1
309 1 1 2246 246 2388 369
310 0 2 2252 8 64 12
311 0 4 2258 6 48 9
312 0 17 2266 46 167 69
313 0 2 2276 144 1361 216
314 0 1 2283 78 714 117
315 0 2 2288 5 41 7
316 0 1 2294 1 10 1
317 0 2 2298 251 2439 376
318 0 2 2304 2 17 3
319 1 3 2310 16 134 24
320 0 9 2317 199 820 298
321 1 6 2326 442 4413 663
322 0 4 2335 5 41 7
323 0 2 2343 79 724 118
324 1 1 2350 1 9 1
325 1 9 2354 1 6 1
326 1 1 2363 100 928 150
327 0 6 2368 1 9 1
328 1 7 2377 1 4 1
329 1 1 2386 3 25 4
330 0 5 2389 2877 31279 4315
331 1 4 2397 26 224 39
332 1 10 2405 74 281 111
333 0 9 2415 1 4 1
334 1 1 2424 1 9 1
335 1 2 2429 183 1750 274
336 0 9 2436 39 139 58
337 1 1 2445 2823 30666 4234
338 0 9 2450 103 402 154
339 0 1 2459 1 9 1
340 0 7 2463 101 393 151
341 0 8 2472 455 2001 682
342 1 2 2481 2 17 3
343 0 2 2487 1 11 1
344 1 3 2494 1 11 1
345 0 7 2501 3 10 4
346 0 4 2510 1 9 1
347 1 1 2518 61 551 91
348 1 4 2521 21 179 31
349 0 3 2529 18 152 27
350 0 6 2536 46 410 69
351 0 4 2545 1 9 1
352 0 1 2553 97 898 145
353 0 1 2557 1 10 1
354 1 2 2559 1 11 1
355 1 1 2565 6334 71229 9501
356 1 1 2570 1617 17139 2425
357 1 2 2575 7 56 10
358 0 3 2582 384 3808 576
359 1 3 2589 713 7281 1069
360 0 5 2596 9 73 13
361 1 7 2604 1 4 1
362 1 1 2613 1 10 1
363 1 4 2618 10 81 15
364 1 3 2626 104 967 156
365 1 4 2633 1 10 1
366 1 9 2641 17 55 25
367 0 2 2650 155865 1988936 233797
368 1 5 2656 1 9 1
369 1 2 2664 2 17 3
370 1 6 2671 20 170 30
371 1 3 2680 1 9 1
372 1 14 2687 1219 5761 1828
373 1 5 2697 1 10 1
374 0 3 2705 1 9 1
375 0 4 2713 4 33 6
376 0 2 2721 16 134 24
377 0 1 2727 1 9 1
378 0 3 2732 1893 20206 2839
379 0 1 2740 5 40 7
380 1 3 2745 1 9 1
381 0 2 2752 958 9916 1437
382 1 2 2759 1 10 1
383 1 3 2765 476 4770 714
384 0 4 2772 1 8 1
385 0 1 2780 1 10 1
386 1 22 2785 1 4 1
387 0 4 2796 1 9 1
388 1 1 2804 1 10 1
389 1 12 2810 781 3575 1171
390 0 23 2820 79 301 118
391 0 5 2831 1203 12582 1804
392 1 2 2839 20 170 30
393 1 1 2845 2 17 3
394 0 1 2850 5 41 7
395 1 3 2854 6 48 9
396 0 5 2862 187 1791 280
397 0 2 2870 643 6535 964
398 1 12 2876 8 24 12
399 0 2 2886 353 3487 529
400 1 2 2892 9 72 13
401 1 2 2898 51297 627615 76945
402 1 3 2904 2 17 3
403 1 1 2912 116915 1476007 175372
404 0 3 2916 2 17 3
405 1 4 2923 1 9 1
406 1 1 2931 98 908 147
407 1 6 2937 50 447 75
408 0 7 2946 1 4 1
409 1 3 2955 1 9 1
410 1 1 2963 24 206 36
411 1 2 2969 28 242 42
412 0 2 2976 8 64 12
413 0 6 2983 1 11 1
414 0 5 2992 85 782 127
415 1 1 3001 2 17 3
416 0 2 3007 6 48 9
417 0 1 3014 1 9 1
418 0 2 3020 46 409 69
419 1 6 3026 3 25 4
420 0 2 3035 1 10 1
421 1 1 3041 7 56 10
422 1 3 3047 5448 60877 8172
423 0 4 3054 1 10 1
424 1 5 3062 244 2367 366
425 0 3 3070 1 10 1
426 0 7 3077 1 5 1
427 0 1 3086 14 116 21
428 1 1 3092 384 3809 576
429 0 1 3097 603 6109 904
430 1 5 3102 17 143 25
431 1 18 3110 1 4 1
432 0 1 3120 132 1242 198
433 0 7 3126 178 727 267
434 0 1 3135 1 10 1
435 1 14 3140 417 1822 625
436 1 2 3150 1 9 1
437 1 6 3156 127 1193 190
438 1 3 3165 1 10 1
439 1 2 3173 480 4811 720
440 0 1 3180 1 10 1
441 1 3 3185 8 64 12
442 0 2 3192 1 10 1
443 1 2 3198 2 17 3
444 1 3 3204 5656 63301 8484
445 0 11 3211 1 3 1
446 1 8 3221 1 3 1
447 0 3 3230 1 9 1
448 0 2 3237 112 1045 168
449 0 6 3244 160 1520 240
450 0 3 3253 45 400 67
451 1 2 3260 1 9 1
452 0 10 3267 20 67 30
453 0 4 3276 3 25 4
454 0 2 3284 7 56 10
455 0 10 3291 1 4 1
456 0 2 3301 20457 241394 30685
457 0 4 3307 3089 33687 4633
458 1 12 3315 11 34 16
459 0 3 3325 3 25 4
460 1 2 3333 3018 32880 4527
461 1 9 3340 364064 2407678 546096
462 0 1 3349 180 1720 270
463 0 3 3354 22 188 33
464 1 4 3361 1 9 1
465 0 2 3369 1 9 1
466 0 22 3375 1 5 1
467 1 1 3386 58 523 87
468 1 5 3390 1 9 1
469 0 2 3398 29 251 43
470 1 4 3404 2 17 3
471 0 6 3412 58 523 87
472 1 5 3421 1 11 1
473 1 6 3429 942 9743 1413
474 0 4 3438 74 676 111
475 1 2 3446 23567 279670 35350
476 0 1 3452 1 9 1
477 0 6 3456 3 25 4
478 0 1 3465 2 17 3
479 1 12 3470 3 9 4
480 0 2 3480 10 81 15
481 1 1 3487 7105 80285 10657
482 0 1 3493 5 41 7
483 1 10 3499 1 3 1
484 0 18 3508 2 7 3
485 0 4 3518 61 551 91
486 1 2 3526 10120 116047 15180
487 0 2 3532 1 9 1
488 0 3 3538 251 2439 376
489 1 1 3545 1 10 1
490 0 7 3550 154 622 231
491 0 1 3559 7 56 10
492 0 3 3564 4 33 6
493 0 2 3571 1151 12014 1726
494 1 3 3577 1 9 1
495 0 2 3584 40 353 60
496 1 4 3591 8 64 12
497 1 8 3599 3 10 4
498 0 1 3608 79 724 118
