0 0 14 5 1 3 1
1 0 3 14 8 64 12
2 1 2 22 6868 77497 10302
3 0 3 29 1 9 1
4 1 1 37 1 9 1
5 0 2 42 1 9 1
6 0 6 49 49759 296283 74638
7 1 5 57 113754 1434626 170631
8 1 3 65 91 840 136
9 0 3 72 137 1291 205
10 1 2 79 1 9 1
11 1 1 86 2383 25695 3574
12 0 4 93 783 8030 1174
13 0 1 101 1 10 1
14 0 2 108 138767 1763128 208150
15 0 4 115 1 9 1
16 1 2 123 30048 360033 45072
17 1 3 130 2 17 3
18 1 2 138 54 485 81
19 0 3 145 99 918 148
20 1 2 153 1 10 1
21 1 1 160 1 9 1
22 1 5 166 5064 56411 7596
23 0 4 174 610 6184 915
24 0 18 182 493 2182 739
25 0 16 191 476 2101 714
26 1 21 200 377 1635 565
27 0 1 209 5 40 7
28 1 16 215 3409 17272 5113
29 1 9 224 1 4 1
30 0 2 233 355 3508 532
31 1 2 240 53 475 79
32 1 2 247 1 9 1
33 1 2 254 13 107 19
34 0 1 261 18 152 27
35 1 1 267 1 9 1
36 1 1 272 4 33 6
37 0 1 277 1282 13447 1923
38 0 1 281 1225 12823 1837
39 1 16 287 174 710 261
40 1 1 296 6010 67435 9015
41 0 3 302 5 40 7
42 1 2 310 10 81 15
43 1 4 317 1 10 1
44 0 1 325 165 1570 247
45 0 2 331 111 1035 166
46 0 10 338 1 3 1
47 1 2 347 1 11 1
48 0 2 354 2 17 3
49 1 9 361 1 3 1
50 0 3 370 1 9 1
51 0 1 378 9 73 13
52 0 2 384 86 791 129
53 1 2 391 7 56 10
54 1 2 398 45 400 67
55 1 3 405 1 11 1
56 0 1 413 20 170 30
57 0 12 420 163 661 244
58 0 3 429 1 9 1
59 1 6 436 12 99 18
60 1 1 444 3 25 4
61 1 2 451 31 270 46
62 1 3 458 1 10 1
63 0 5 466 14 116 21
64 1 5 474 21013 248221 31519
65 0 9 482 14 45 21
66 1 15 491 1249 5913 1873
67 0 2 500 1 10 1
68 1 1 507 5 41 7
69 1 3 512 5 40 7
70 1 13 520 1 4 1
71 1 2 529 1 11 1
72 1 2 536 75 686 112
73 0 5 543 18 152 27
74 1 9 551 13 41 19
75 0 9 560 1 3 1
76 1 7 569 1 4 1
77 0 14 577 8 24 12
78 0 2 586 215 2073 322
79 1 1 593 15 125 22
80 1 14 599 1 3 1
81 0 2 608 2 17 3
82 0 1 615 2 17 3
83 0 1 619 1 9 1
84 1 5 625 3 25 4
85 1 1 633 1508 15934 2262
86 0 9 639 1 4 1
87 1 2 648 3676 40392 5514
88 1 2 655 962 9960 1443
89 0 3 662 39 344 58
90 1 2 669 614 6226 921
91 0 4 676 13 108 19
92 0 10 684 4 12 6
93 1 6 693 13791 160162 20686
94 1 3 701 474 4749 711
95 1 4 709 230 2225 345
96 1 1 717 2 17 3
97 0 2 723 578 5845 867
98 0 1 730 5 40 7
99 1 1 736 1 10 1
100 0 1 742 1 9 1
101 1 7 748 1 6 1
102 1 2 756 22 188 33
103 0 14 763 19 63 28
104 1 10 772 1 3 1
105 0 20 781 310 1324 465
106 1 13 790 1 3 1
107 1 3 799 1 9 1
108 1 1 806 1 10 1
109 0 6 811 1 9 1
110 0 1 819 2 17 3
111 1 2 825 1 9 1
112 1 8 832 1 4 1
113 0 5 841 9 73 13
114 0 6 849 1740 18503 2610
115 0 8 857 248 1041 372
116 1 3 865 1 12 1
117 1 1 873 56 504 84
118 0 2 880 1 10 1
119 0 34 887 1 3 1
120 1 4 896 6 48 9
121 0 2 904 1 9 1
122 1 1 911 138 1301 207
123 0 2 918 1 9 1
124 0 1 925 1 10 1
125 0 2 931 318 3125 477
126 0 3 938 2 17 3
127 1 2 946 1035 10752 1552
128 0 2 953 320 3146 480
129 0 2 960 1 9 1
130 0 1 967 173 1650 259
131 1 19 973 2 7 3
132 0 4 982 2 17 3
133 0 1 990 13 108 19
134 1 3 996 153 1450 229
135 1 7 1004 131 522 196
136 1 25 1012 1 4 1
137 0 2 1021 324 3187 486
138 1 3 1028 5582 62438 8373
139 1 4 1036 45 400 67
140 0 1 1044 1 11 1
141 0 1 1050 1035 10752 1552
142 1 1 1056 586 5929 879
143 1 1 1062 153672 1959921 230508
144 1 5 1066 1 10 1
145 1 1 1074 10 81 15
146 0 2 1081 1 9 1
147 1 16 1088 3 9 4
148 0 2 1097 1363 14336 2044
149 0 1 1104 2635 28538 3952
150 0 1 1109 3341 36560 5011
151 0 1 1113 167 1590 250
152 0 4 1118 10 81 15
153 0 8 1126 6 18 9
154 0 1 1134 6 48 9
155 1 9 1140 767 3507 1150
156 1 5 1149 26 224 39
157 1 4 1157 1 9 1
158 1 5 1165 4 33 6
159 1 1 1173 3 25 4
160 0 4 1178 2 17 3
161 0 10 1186 1 3 1
162 1 8 1195 34 120 51
163 0 3 1204 2 17 3
164 1 2 1211 95 879 142
165 0 2 1218 1 11 1
166 1 4 1225 1 12 1
167 0 3 1233 1 10 1
168 0 6 1240 1 9 1
169 1 4 1248 1 9 1
170 1 3 1256 1 9 1
171 0 14 1264 14 45 21
172 0 1 1273 2 17 3
173 1 5 1279 3064 33403 4596
174 1 5 1287 9 73 13
175 1 2 1295 1 10 1
176 1 4 1302 8 64 12
177 1 1 1310 1 11 1
178 1 1 1316 75 685 112
179 1 5 1323 7 56 10
180 1 1 1331 47 419 70
181 1 4 1337 1 11 1
182 0 12 1345 686 3111 1029
183 1 2 1354 31 270 46
184 0 1 1361 477132 6341010 715698
185 0 1 1368 24 206 36
186 0 5 1375 79 724 118
187 1 2 1383 1 8 1
188 0 2 1390 1 13 1
189 0 2 1397 154 1460 231
190 0 4 1404 2 17 3
191 1 2 1412 31695 380567 47542
192 1 3 1419 1335 14029 2002
193 0 2 1426 7 56 10
194 1 9 1433 28 97 42
195 1 3 1442 32 279 48
196 1 12 1449 1 6 1
197 1 4 1458 9 73 13
198 1 1 1466 152 1440 228
199 1 1 1470 1 11 1
200 1 2 1477 57 513 85
201 0 2 1484 579 5855 868
202 0 1 1491 66 599 99
203 1 9 1496 1 4 1
204 1 2 1505 29 252 43
205 0 2 1512 2 17 3
206 0 1 1519 15502 180891 23253
207 1 4 1524 13 107 19
208 0 4 1532 4 33 6
209 1 28 1540 1 5 1
210 0 3 1549 29 251 43
211 1 1 1557 9 73 13
212 0 2 1563 49 438 73
213 0 8 1570 19 63 28
214 1 5 1579 16912 198040 25368
215 0 11 1587 8 24 12
216 1 13 1596 43 155 64
217 1 1 1605 81 743 121
218 0 6 1611 2 17 3
219 0 9 1619 34 120 51
220 1 1 1628 68 618 102
221 0 4 1632 4623506 66412579 6935259
222 1 1 1640 9 73 13
223 1 8 1647 1494 7161 2241
224 0 2 1655 138 1301 207
225 0 5 1662 1 9 1
226 0 3 1670 749 7666 1123
227 0 3 1678 10 81 15
228 0 6 1686 170 1620 255
229 0 12 1694 2 7 3
230 0 5 1703 21 179 31
231 1 1 1711 93 859 139
232 0 12 1716 1280 6070 1920
233 1 1 1725 1 10 1
234 1 6 1730 1 9 1
235 0 6 1738 1 11 1
236 1 14 1746 4 12 6
237 0 2 1755 1 9 1
238 0 3 1762 3 25 4
239 1 1 1770 188 1800 282
240 0 3 1777 1 9 1
241 0 7 1784 1 4 1
242 1 3 1792 15 125 22
243 1 5 1800 4 33 6
244 1 1 1808 1 8 1
245 0 3 1813 8 64 12
246 1 2 1821 1 9 1
247 1 4 1828 1 12 1
248 1 21 1836 1 4 1
249 0 1 1845 1 12 1
250 1 1 1851 1 9 1
251 1 2 1857 1 9 1
252 0 2 1864 106 986 159
253 1 3 1871 114 1065 171
254 1 1 1879 6 48 9
255 0 6 1885 2 17 3
256 1 3 1893 39 344 58
257 0 3 1901 1 12 1
258 1 3 1908 1 9 1
259 1 2 1916 1 9 1
260 1 1 1923 9 72 13
261 0 3 1929 34 297 51
262 0 1 1937 1 9 1
263 0 1 1944 1 12 1
264 0 4 1950 1 9 1
265 1 3 1958 1 11 1
266 1 2 1966 1 8 1
267 0 16 1973 1 4 1
268 0 15 1982 29324 169471 43986
269 0 15 1991 275 1163 412
270 0 2 2000 2 17 3
271 1 4 2007 1 10 1
272 0 1 2015 1 9 1
273 1 1 2020 16912 198040 25368
274 1 2 2027 15876 185434 23814
275 1 1 2034 22 188 33
276 0 11 2040 1 4 1
277 1 1 2049 4 33 6
278 0 2 2055 2 17 3
279 0 7 2062 15 48 22
280 1 1 2070 1 10 1
281 1 8 2077 1 4 1
282 1 2 2085 128 1203 192
283 0 3 2092 5 40 7
284 1 3 2099 1 8 1
285 0 5 2107 12 99 18
286 1 1 2115 2 17 3
287 0 1 2121 1396 14699 2094
288 0 7 2127 54000 322998 81000
289 1 17 2135 1 4 1
290 1 1 2144 5 40 7
291 1 2 2149 209 2012 313
292 1 1 2156 1 11 1
293 0 1 2161 23 197 34
294 0 1 2168 5 41 7
295 1 2 2174 3 25 4
296 1 2 2181 1 11 1
297 0 3 2188 2 17 3
298 1 2 2196 1 10 1
299 1 1 2203 319 3135 478
300 1 1 2209 464 4644 696
301 1 15 2215 59 219 88
302 1 6 2224 1 10 1
303 0 1 2232 86 791 129
304 0 3 2238 1 9 1
305 0 3 2246 10 81 15
306 0 51 2253 1 5 1
307 0 4 2263 2 17 3
308 1 3 2271 502 5043 753
309 1 1 2278 1 11 1
310 0 2 2284 1 10 1
311 0 6 2291 43 381 64
312 0 1 2299 19 160 28
313 1 3 2305 5965 66909 8947
314 0 1 2312 5 41 7
315 0 4 2318 4 33 6
316 0 1 2326 3 25 4
317 1 2 2331 1 9 1
318 1 1 2338 2 17 3
319 0 11 2345 1 3 1
320 0 10 2354 544 2425 816
321 0 8 2363 1 4 1
322 0 2 2372 29 251 43
323 1 1 2379 8 64 12
324 0 2 2385 1 10 1
325 0 4 2392 4102 45285 6153
326 1 4 2400 499 5011 748
327 0 5 2408 7 56 10
328 1 4 2416 67 609 100
329 1 12 2424 9 27 13
330 1 4 2433 15 125 22
331 0 1 2441 1 10 1
332 0 4 2447 2745 29783 4117
333 0 7 2455 1 4 1
334 1 1 2463 143 1351 214
335 1 7 2469 41 147 61
336 0 20 2477 404 1761 606
337 0 3 2486 1 10 1
338 0 8 2493 2342 11575 3513
339 0 1 2502 5 41 7
340 0 3 2507 1 8 1
341 0 4 2515 15 125 22
342 0 3 2523 102 947 153
343 0 4 2531 3 25 4
344 1 6 2539 26 224 39
345 1 6 2547 1431 15085 2146
346 0 1 2555 18 152 27
347 0 1 2562 11 90 16
348 0 1 2569 1 9 1
349 0 13 2574 1 4 1
350 1 3 2583 1 9 1
351 1 23 2591 1 5 1
352 0 3 2600 2 17 3
353 0 4 2607 1 11 1
354 1 8 2615 3 9 4
355 1 8 2624 117 462 175
356 1 5 2632 1 8 1
357 0 5 2640 1932 20641 2898
358 0 17 2648 13 41 19
359 1 1 2657 8 64 12
360 1 2 2663 94 869 141
361 1 1 2670 1 9 1
362 0 3 2675 1 8 1
363 1 4 2683 3 25 4
364 0 4 2691 1 10 1
365 1 5 2699 151 1431 226
366 1 1 2707 1 9 1
367 1 4 2712 4 32 6
368 1 4 2720 320 3146 480
369 0 6 2728 258 2510 387
370 1 2 2736 1 12 1
371 1 2 2743 1 10 1
372 0 4 2750 3539 38823 5308
373 1 7 2758 1 4 1
374 1 3 2766 1 9 1
375 1 2 2774 1 9 1
376 1 1 2781 9 72 13
377 1 1 2786 8 64 12
378 1 2 2792 1 11 1
379 1 3 2799 11 90 16
380 0 9 2806 1 3 1
381 0 3 2815 12615 145973 18922
382 1 11 2823 1 5 1
383 1 2 2832 307 3012 460
384 1 5 2839 375 3715 562
385 0 5 2847 1 9 1
386 1 1 2855 1 9 1
387 0 3 2861 73 666 109
388 0 15 2869 1276 6049 1914
389 1 2 2878 1 9 1
390 1 10 2885 43 155 64
391 0 1 2894 1 10 1
392 0 3 2901 40 353 60
393 0 1 2909 1 13 1
394 0 2 2916 2 17 3
395 1 3 2923 47 419 70
396 1 3 2931 5 41 7
397 1 1 2939 1 9 1
398 1 5 2945 1 11 1
399 1 2 2953 7096 80179 10644
400 1 5 2960 23 197 34
401 0 14 2968 1 4 1
402 1 1 2977 2 17 3
403 1 1 2983 1 9 1
404 1 1 2989 139 1311 208
405 1 9 2995 13 41 19
406 0 5 3004 1 10 1
407 1 3 3012 1 9 1
408 1 1 3020 2 17 3
409 0 2 3024 13 107 19
410 1 5 3031 2099 22507 3148
411 0 2 3039 166 1580 249
412 1 1 3046 93 859 139
413 0 2 3052 1 12 1
414 0 1 3059 2 17 3
415 0 1 3065 1 10 1
416 0 6 3072 7 56 10
417 0 2 3080 2 17 3
418 0 12 3087 78 297 117
419 0 2 3096 105 976 157
420 0 4 3103 11 90 16
421 0 3 3111 1 10 1
422 1 11 3119 1 4 1
423 0 7 3128 1 3 1
424 1 2 3136 1 9 1
425 0 4 3143 6 48 9
426 0 7 3151 1 4 1
427 1 2 3159 4 33 6
428 0 3 3166 1 11 1
429 1 2 3173 34 298 51
430 0 7 3180 356 1537 534
431 1 9 3188 28 97 42
432 0 4 3197 1 12 1
433 0 10 3205 1 5 1
434 1 5 3214 6 48 9
435 0 8 3222 1 4 1
436 0 2 3231 11985 138393 17977
437 1 5 3238 1 9 1
438 0 1 3246 1 9 1
439 1 3 3251 1 10 1
440 1 15 3258 1 4 1
441 1 1 3267 695 7088 1042
442 0 4 3273 4 33 6
443 0 2 3281 2 17 3
444 1 1 3288 1 9 1
445 0 3 3294 5 41 7
446 0 1 3302 1 11 1
447 1 1 3308 1463 15438 2194
448 1 1 3315 16 134 24
449 0 3 3320 1 11 1
450 0 2 3327 1 11 1
451 0 8 3334 117 461 175
452 0 2 3343 1 10 1
453 1 4 3350 1 9 1
454 0 1 3358 1 12 1
455 0 2 3364 1 11 1
456 0 2 3371 3 25 4
457 1 5 3378 4 33 6
458 0 19 3386 12 38 18
459 1 4 3395 45 400 67
460 0 1 3403 34 297 51
461 1 3 3410 116 1084 174
462 1 13 3418 1 4 1
463 1 2 3427 46 410 69
464 0 1 3434 1 9 1
465 0 1 3440 2 17 3
466 1 1 3445 2971 32346 4456
467 0 4 3451 1 12 1
468 0 7 3459 102 398 153
469 0 23 3467 1 3 1
470 0 2 3476 4 33 6
471 0 1 3483 1 13 1
472 0 1 3490 1 10 1
473 0 2 3496 183 1750 274
474 1 10 3503 11 34 16
475 0 1 3512 3 25 4
476 0 1 3518 2352 25347 3528
477 0 16 3525 6 18 9
478 1 4 3534 1 9 1
479 1 5 3542 1 12 1
480 1 10 3550 2 7 3
481 0 8 3559 1 4 1
482 0 4 3567 7 56 10
483 1 5 3575 29 251 43
484 1 3 3583 1 9 1
485 0 5 3591 3 25 4
486 0 1 3599 1 9 1
487 0 1 3605 9 73 13
488 1 4 3610 1 10 1
