0 1 1 5 72 656 108
1 1 2 11 14 116 21
2 1 6 18 3 9 4
3 0 1 26 22 188 33
4 0 7 32 1 3 1
5 0 5 40 1 3 1
6 1 3 48 9 72 13
7 1 11 55 1 4 1
8 0 18 64 258977 1683496 388465
9 0 15 73 15 48 22
10 0 2 82 2 17 3
11 0 3 89 10441 119882 15661
12 1 3 97 8 24 12
13 1 2 105 1 9 1
14 0 1 112 126 1183 189
15 1 12 119 112 440 168
16 0 3 128 18 152 27
17 0 13 135 1 5 1
18 0 1 144 9 73 13
19 1 1 151 61 551 91
20 1 3 158 1 11 1
21 1 4 165 3 9 4
22 1 1 173 46 409 69
23 1 1 179 1 9 1
24 0 2 184 1 12 1
25 0 1 191 1 10 1
26 1 1 196 1 11 1
27 0 14 202 6 18 9
28 1 5 211 154 622 231
29 0 3 219 1 4 1
30 0 6 227 1 4 1
31 1 13 235 3 9 4
32 1 1 244 41 362 61
33 1 7 251 3 9 4
34 0 1 259 8 64 12
35 1 6 264 1 3 1
36 1 3 272 85 326 127
37 1 3 280 1 4 1
38 1 5 288 1 5 1
39 1 3 296 7052 37427 10578
40 1 1 304 3 25 4
41 1 1 310 727 7431 1090
42 0 2 315 1 10 1
43 0 5 322 9 27 13
44 1 11 330 1 3 1
45 1 4 339 136 543 204
46 1 12 347 680 3082 1020
47 0 7 356 115 453 172
48 1 1 364 122 1143 183
49 1 5 370 224 932 336
50 1 3 378 3 25 4
51 1 14 385 11 34 16
52 1 2 394 1 11 1
53 1 7 401 33744 196585 50616
54 0 3 409 20 66 30
55 0 2 417 42 372 63
56 0 1 424 3 25 4
57 0 2 428 12 99 18
58 0 3 435 79 301 118
59 1 1 443 3034 33062 4551
60 0 1 449 60 542 90
61 0 18 454 2 6 3
62 0 20 463 4 12 6
63 1 5 472 10964 59792 16446
64 1 15 480 60 223 90
65 0 6 489 2 7 3
66 0 8 497 15 48 22
67 0 8 505 1 4 1
68 1 9 514 1 3 1
69 0 3 523 5 41 7
70 0 5 530 1 3 1
71 1 1 538 1 11 1
72 0 1 544 64 580 96
73 0 2 551 6221 69905 9331
74 0 2 558 1 9 1
75 0 1 565 35765 431481 53647
76 0 15 572 21 70 31
77 0 2 581 30 261 45
78 0 3 588 1 5 1
79 1 2 596 56 504 84
80 1 2 603 1 9 1
81 1 1 610 1 9 1
82 1 8 616 1 4 1
83 0 26 624 1 4 1
84 1 13 633 956658 6632729 1434987
85 0 2 642 1 11 1
86 0 2 649 1 9 1
87 0 2 656 1 9 1
88 0 7 663 50 183 75
89 1 17 671 617 2776 925
90 0 1 680 1 9 1
91 0 5 686 123 487 184
92 0 3 694 1 3 1
93 0 2 702 9 72 13
94 0 1 709 20 170 30
95 1 1 715 10 81 15
96 1 1 721 2 17 3
97 1 6 727 5 15 7
98 0 8 735 3 10 4
99 1 10 743 2 7 3
100 1 2 752 1 12 1
101 0 11 759 1 5 1
102 0 15 768 2 6 3
103 0 3 777 12 38 18
104 1 4 785 2 6 3
105 1 5 793 3 10 4
106 0 2 801 26 224 39
107 0 2 808 9 72 13
108 0 20 815 5 15 7
109 0 6 824 5 15 7
110 1 1 832 84 772 126
111 1 4 837 146 587 219
112 1 3 845 1 3 1
113 0 2 853 174 1660 261
114 1 1 860 1261 13217 1891
115 0 1 867 8 64 12
116 0 1 873 39 344 58
117 1 1 878 55 494 82
118 1 5 884 1 4 1
119 1 2 892 152 1440 228
120 1 6 899 4 12 6
121 0 6 907 35 124 52
122 0 6 915 1 3 1
123 1 1 923 309 3033 463
124 0 5 928 1 4 1
125 0 6 936 49 179 73
126 0 3 944 4 33 6
127 0 3 951 1034238 7197311 1551357
128 0 6 959 11 34 16
129 1 7 967 21 70 31
130 0 2 975 16 134 24
131 0 1 982 3 25 4
132 0 6 988 81 309 121
133 0 2 996 203 1952 304
134 0 17 1003 1 4 1
135 0 3 1012 16364 191368 24546
136 0 1 1019 6 48 9
137 0 2 1024 37 325 55
138 1 20 1031 2 6 3
139 1 4 1040 1 4 1
140 0 5 1048 74 280 111
141 1 10 1056 73441 446762 110161
142 1 5 1065 174 710 261
143 0 1 1073 5 40 7
144 1 1 1078 1393 14666 2089
145 0 10 1085 34 120 51
146 1 1 1094 2 17 3
147 1 5 1099 1 4 1
148 1 3 1107 1888 9196 2832
149 0 3 1115 1 4 1
150 1 1 1123 1 9 1
151 1 1 1128 1 13 1
152 0 14 1134 1 3 1
153 0 2 1143 7 56 10
154 1 7 1150 21940 124690 32910
155 1 7 1158 12 38 18
156 0 1 1166 4 33 6
157 1 2 1171 1 10 1
158 1 10 1178 56 207 84
159 1 6 1187 30 104 45
160 1 2 1195 1 11 1
161 0 1 1202 9 72 13
162 1 2 1209 466 4665 699
163 1 1 1216 355 3507 532
164 0 5 1222 1 5 1
165 0 1 1230 2 17 3
166 0 1 1237 148 1401 222
167 1 3 1243 1 9 1
168 0 1 1251 1 10 1
169 0 1 1258 302 2961 453
170 1 6 1264 1 4 1
171 0 2 1272 15 125 22
172 1 4 1279 1 4 1
173 1 1 1287 1 11 1
174 1 4 1293 2 7 3
175 0 1 1301 2 17 3
176 0 6 1307 1 3 1
177 0 2 1315 1 10 1
178 0 3 1322 328 1407 492
179 0 2 1330 683 6961 1024
180 1 2 1337 1 9 1
181 1 1 1344 8 64 12
182 0 2 1349 1 10 1
183 0 1 1356 3 25 4
184 0 1 1361 10 81 15
185 0 10 1368 383 1663 574
186 1 18 1377 1 3 1
187 1 9 1386 5844872 44026484 8767308
188 1 2 1395 13 107 19
189 0 1 1402 909 9387 1363
190 1 1 1409 1 9 1
191 1 5 1415 1 3 1
192 1 3 1423 1 4 1
193 1 2 1431 360323 4740779 540484
194 0 3 1438 1 4 1
195 1 1 1446 5 41 7
196 0 4 1451 1 3 1
197 1 9 1459 15 48 22
198 0 3 1468 121 1134 181
199 1 2 1475 52 466 78
200 1 1 1482 2 17 3
201 1 3 1488 1 5 1
202 0 1 1496 1 9 1
203 1 2 1503 1 9 1
204 0 4 1510 3091 15560 4636
205 0 8 1518 46 167 69
206 0 2 1527 2 17 3
207 1 4 1534 16 52 24
208 0 39 1542 9945 53914 14917
209 0 1 1552 3 25 4
210 0 3 1558 1 4 1
211 0 3 1566 4 12 6
212 1 19 1574 1 3 1
213 0 3 1583 1 9 1
214 1 1 1591 1 10 1
215 0 20 1598 7 21 10
216 0 2 1607 9 73 13
217 0 3 1614 1 9 1
218 0 3 1621 20 67 30
219 1 7 1629 1 4 1
220 1 1 1637 97 898 145
221 1 2 1643 1 9 1
222 0 6 1650 12 38 18
223 0 3 1658 1 9 1
224 0 2 1666 3944 43468 5916
225 0 2 1673 1 10 1
226 1 4 1680 15 48 22
227 0 3 1688 38 135 57
228 1 1 1696 10 81 15
229 0 6 1703 8 24 12
230 1 5 1711 3 10 4
231 0 2 1719 1 9 1
232 1 9 1726 1 4 1
233 0 2 1735 1 10 1
234 1 3 1742 1 4 1
235 0 4 1750 13 41 19
236 0 9 1758 7 21 10
237 0 6 1767 7 21 10
238 1 1 1775 3 25 4
239 0 2 1780 27 233 40
240 0 4 1787 16240 90678 24360
241 1 6 1795 8 24 12
242 0 2 1803 247 2398 370
243 0 2 1810 4110 45378 6165
244 0 12 1817 575 2574 862
245 1 3 1826 25 215 37
246 1 8 1834 825 3792 1237
247 0 3 1842 7233 38449 10849
248 0 1 1850 1 9 1
249 0 1 1855 1 10 1
250 0 3 1862 2 17 3
251 0 1 1869 2 17 3
252 1 1 1875 82 753 123
253 0 7 1881 1 4 1
254 0 12 1889 1 4 1
255 1 14 1898 1634 7881 2451
256 0 136 1907 1 3 1
257 0 35 1917 2 7 3
258 0 3 1926 3 10 4
259 0 3 1934 297 2910 445
260 1 3 1941 1 9 1
261 1 1 1948 1 10 1
262 1 7 1954 1 3 1
263 0 5 1962 76 289 114
264 0 1 1970 18 152 27
265 0 1 1976 1 9 1
266 1 3 1983 1 4 1
267 1 2 1991 5 40 7
268 0 1 1998 40 353 60
269 1 2 2004 1 9 1
270 1 4 2011 423 1850 634
271 1 21 2019 1 3 1
272 1 5 2028 1 5 1
273 1 25 2036 1 3 1
274 1 10 2045 3 10 4
275 0 3 2054 1 5 1
276 0 12 2062 228 950 342
277 0 2 2071 8 64 12
278 0 1 2078 6 48 9
279 1 2 2084 6 48 9
280 0 3 2091 3 9 4
281 0 4 2099 86238 529196 129357
282 0 6 2107 356 1537 534
283 0 5 2115 4 12 6
284 0 1 2123 157 1490 235
285 0 36 2129 9 27 13
286 1 1 2138 1965 21009 2947
287 1 2 2145 619 6279 928
288 1 10 2152 15 48 22
289 1 2 2161 92 849 138
290 0 2 2168 1 12 1
291 1 3 2175 21 70 31
292 1 9 2183 8 24 12
293 1 3 2192 294 1250 441
294 0 4 2200 481984 3232301 722976
295 1 7 2208 3 10 4
296 0 7 2216 1 4 1
297 1 3 2224 1 10 1
298 0 8 2232 1 3 1
299 1 1 2241 1 9 1
300 1 5 2247 167 679 250
301 0 15 2255 1 4 1
302 1 3 2264 24 206 36
303 1 14 2271 5 15 7
304 0 2 2280 244 2367 366
305 1 9 2287 118 466 177
306 1 2 2296 13 108 19
307 1 6 2303 1 3 1
308 0 2 2311 28 242 42
309 1 13 2318 7 21 10
310 0 2 2327 2 17 3
311 0 4 2334 1 3 1
312 1 2 2342 185 1770 277
313 1 1 2349 1 12 1
314 1 1 2355 1 9 1
315 0 2 2360 1 9 1
316 0 4 2367 1 6 1
317 0 10 2375 99 385 148
318 0 4 2384 635 2863 952
319 1 5 2392 1 5 1
320 1 6 2400 1344 6395 2016
321 0 3 2408 13 108 19
322 1 41 2415 273 1154 409
323 1 2 2425 1 9 1
324 1 1 2432 1 10 1
325 0 9 2438 580005 3925206 870007
326 1 6 2447 9 27 13
327 0 1 2455 1 9 1
328 0 2 2461 1 11 1
329 1 3 2468 3 25 4
330 1 2 2476 1 8 1
331 1 2 2483 26 224 39
332 1 1 2490 1 9 1
333 1 2 2496 337 3321 505
334 1 9 2503 47 171 70
335 0 18 2512 85 326 127
336 1 1 2521 2 17 3
337 0 1 2527 1 10 1
338 1 2 2533 261 2541 391
339 1 2 2540 2 17 3
340 0 4 2547 10 31 15
341 1 6 2555 1 3 1
342 1 7 2563 12 38 18
343 1 7 2571 2 6 3
344 0 7 2579 284 1205 426
345 1 12 2587 1681 8123 2521
346 1 2 2596 295 2889 442
347 1 6 2603 792 3629 1188
348 0 1 2611 1651 17515 2476
349 1 1 2617 1 9 1
350 1 4 2622 45 163 67
351 1 2 2630 1 10 1
352 0 1 2637 1 9 1
353 1 1 2642 9 73 13
354 1 9 2649 3 9 4
355 1 5 2658 4 12 6
356 0 4 2666 4821 24979 7231
357 1 1 2674 1 9 1
358 1 5 2680 180035 1148655 270052
359 0 5 2688 1 3 1
360 1 7 2696 339 1458 508
361 1 1 2704 8 64 12
362 1 2 2711 1975 21121 2962
363 0 11 2718 2 6 3
364 1 12 2727 902 4172 1353
365 1 3 2736 8689 46716 13033
366 1 2 2744 446 4455 669
367 0 8 2751 1 4 1
368 1 1 2759 23 197 34
369 1 4 2766 207 856 310
370 0 5 2774 1 5 1
371 0 3 2782 22 74 33
372 0 3 2790 704 3199 1056
373 0 6 2798 1 5 1
374 0 1 2806 497 4990 745
375 0 3 2812 11062 127315 16593
376 1 13 2820 496 2196 744
377 0 5 2829 108 423 162
378 1 3 2837 1 4 1
379 0 2 2845 701 7152 1051
380 1 12 2852 783 3585 1174
381 1 1 2861 9316 106463 13974
382 0 1 2868 1 9 1
383 0 3 2874 1 3 1
384 0 1 2882 1 9 1
385 1 3 2888 30 261 45
386 1 2 2895 1 9 1
387 0 2 2902 6 48 9
388 0 2 2909 576 5824 864
389 0 1 2916 1 10 1
390 1 1 2922 81577 1015991 122365
391 0 7 2928 7 21 10
392 0 4 2936 1 5 1
393 0 3 2944 670 6822 1005
394 0 6 2951 1 4 1
395 0 14 2959 1 4 1
396 1 3 2968 6 48 9
397 0 1 2975 1 10 1
398 1 2 2981 251 2438 376
399 1 3 2988 707 3213 1060
400 1 4 2996 17 56 25
401 0 5 3004 63 235 94
402 0 5 3012 4 12 6
403 0 6 3020 2 7 3
404 1 2 3028 2 17 3
405 0 6 3035 1 4 1
406 1 1 3043 746 7633 1119
407 1 4 3048 1 5 1
408 0 1 3056 1 9 1
409 0 2 3063 1 12 1
410 0 2 3070 1 9 1
411 1 21 3077 440 1930 660
412 1 2 3086 48 428 72
413 1 14 3093 317 1356 475
414 0 1 3102 3677 40403 5515
415 1 7 3108 2 7 3
416 0 1 3116 1 12 1
417 0 3 3121 3 10 4
418 1 5 3129 1037 4845 1555
419 0 9 3137 1 3 1
420 0 2 3146 15 125 22
421 1 4 3153 797 3654 1195
422 0 6 3161 77 293 115
423 0 5 3169 5816 30496 8724
424 0 4 3177 1 4 1
425 0 3 3185 53 476 79
426 1 2 3192 1 9 1
427 1 4 3199 58 215 87
428 1 1 3207 714399 9630653 1071598
429 1 3 3213 95 879 142
430 0 26 3220 6 18 9
431 0 6 3229 8 24 12
432 1 1 3237 1 10 1
433 1 5 3244 1 3 1
434 1 1 3252 5 40 7
435 0 1 3259 9 72 13
436 0 3 3265 1 4 1
437 0 2 3273 5 41 7
438 0 3 3280 174 1660 261
439 1 15 3287 2 7 3
440 1 6 3296 1 5 1
441 0 3 3304 26 89 39
442 1 9 3312 1 6 1
443 0 1 3321 155 1470 232
444 0 5 3328 1 3 1
445 1 2 3336 1 11 1
446 1 2 3343 1069 11121 1603
447 1 1 3350 19 161 28
448 1 4 3356 793 3634 1189
449 1 7 3364 16 52 24
450 1 1 3372 73 666 109
451 0 4 3378 8 24 12
452 0 2 3386 111 1035 166
453 0 17 3393 3 9 4
454 0 2 3402 2 17 3
455 1 15 3409 3 9 4
456 1 2 3418 1 10 1
457 0 2 3425 29 252 43
458 0 2 3432 2 17 3
459 0 2 3439 4 33 6
460 0 1 3446 7 56 10
461 0 4 3453 1 4 1
462 1 1 3461 226 2185 339
463 1 53 3467 12206 66999 18309
464 0 2 3477 1 11 1
465 1 6 3484 53 195 79
466 1 16 3492 260 1095 390
467 0 2 3501 124376 1573839 186564
468 0 9 3508 217 901 325
469 0 6 3517 1028401 7154764 1542601
470 0 27 3525 1642 7922 2463
471 1 2 3534 152 1441 228
472 0 1 3541 2 17 3
473 0 6 3544 1 4 1
474 0 2 3552 202 1942 303
475 1 4 3559 1 5 1
476 1 2 3567 443 4423 664
477 0 3 3574 1 3 1
478 1 1 3582 5605 62707 8407
479 0 3 3588 1 9 1
480 0 1 3595 1 9 1
481 0 3 3602 1 4 1
482 0 2 3610 1 9 1
