0 1 1 5 225 2174 337
1 1 3 7 6 18 9
2 0 6 11 1 4 1
3 1 2 15 147 1391 220
4 0 7 18 1 4 1
5 0 4 23 2 7 3
6 1 3 27 1 6 1
7 0 3 31 50033 611560 75049
8 0 26 35 2 6 3
9 1 12 40 160 648 240
10 0 4 45 1 3 1
11 1 1 49 2 17 3
12 0 10 51 989780 6873526 1484670
13 0 5 56 3 10 4
14 1 2 60 3 25 4
15 0 3 63 3 9 4
16 0 16 67 5206 27107 7809
17 1 1 72 607 6152 910
18 0 9 73 1 3 1
19 1 7 78 1 4 1
20 0 28 82 1 4 1
21 0 15 88 342 1472 513
22 1 2 93 3 25 4
23 0 2 96 1 9 1
24 0 4 99 405 1766 607
25 0 6 103 301 1282 451
26 0 5 107 1 4 1
27 1 2 111 1 9 1
28 1 4 114 4 12 6
29 0 10 118 1 5 1
30 0 2 123 1 10 1
31 0 2 126 1598 16929 2397
32 0 5 129 1 3 1
33 0 4 133 3 9 4
34 1 23 137 84 322 126
35 1 7 142 1 3 1
36 0 3 147 1 4 1
37 1 5 151 13 41 19
38 0 4 155 23 78 34
39 1 2 159 5 40 7
40 0 12 162 1 4 1
41 1 4 167 267 1127 400
42 0 1 171 5 40 7
43 1 6 174 47 171 70
44 1 7 178 1 4 1
45 1 3 183 1 9 1
46 1 1 187 125 1173 187
47 1 1 189 1 10 1
48 0 1 192 1 10 1
49 1 4 194 1 5 1
50 0 1 198 16 134 24
51 0 1 200 1 10 1
52 0 1 202 285 2786 427
53 1 1 204 285 2786 427
54 1 5 205 1 3 1
55 0 2 209 2 17 3
56 0 3 212 17 56 25
57 0 1 216 1265 13261 1897
58 0 6 218 388 1686 582
59 1 4 222 35 124 52
60 1 2 226 63 570 94
61 1 6 229 5 15 7
62 1 3 233 5 15 7
63 0 4 237 535 2382 802
64 0 3 241 54 485 81
65 1 6 244 4 12 6
66 0 2 248 3873 42652 5809
67 0 2 251 9 72 13
68 0 8 254 1 3 1
69 0 6 259 3 9 4
70 0 2 263 8 64 12
71 1 1 266 900 9290 1350
72 0 1 269 46 409 69
73 1 2 272 1 10 1
74 0 1 275 1873 19983 2809
75 1 3 277 10 31 15
76 0 3 281 1 5 1
77 0 1 285 1 12 1
78 1 1 287 2 17 3
79 0 4 289 1 3 1
80 0 8 293 1 4 1
81 1 1 298 375 3715 562
82 0 1 300 24 206 36
83 1 3 303 1 11 1
84 1 13 307 65 244 97
85 1 4 312 1 3 1
86 0 3 316 272 2653 408
87 1 1 320 1 10 1
88 0 1 323 2 17 3
89 1 10 326 21 70 31
90 1 2 331 1 11 1
91 1 6 334 9 27 13
92 1 30 338 194 798 291
93 1 2 344 2 17 3
94 1 1 347 736067 9933157 1104100
95 1 3 350 1 9 1
96 1 3 354 1334473 9399278 2001709
97 0 3 358 2 7 3
98 0 6 362 279 1182 418
99 0 8 366 141 565 211
100 1 5 371 3 9 4
101 0 2 375 222 2144 333
102 1 2 378 1 9 1
103 1 6 381 4 12 6
104 1 1 385 1 9 1
105 1 6 388 2 7 3
106 1 13 392 321 1375 481
107 0 1 397 1 10 1
108 0 2 399 6235 70069 9352
109 0 5 402 1531 7351 2296
110 1 10 406 1117 5246 1675
111 1 2 411 1 10 1
112 0 20 414 3 10 4
113 1 2 419 1 11 1
114 1 5 422 2 6 3
115 0 3 426 6 48 9
116 0 1 430 20 170 30
117 0 4 433 1 5 1
118 0 1 437 25 215 37
119 0 9 439 23 78 34
120 1 1 444 1 9 1
121 1 19 447 136 543 204
122 0 2 452 51 456 76
123 0 3 455 169 687 253
124 0 2 459 1 10 1
125 0 3 462 9 27 13
126 0 1 466 29 252 43
127 1 2 469 4 33 6
128 1 3 472 5 15 7
129 1 1 476 20 170 30
130 0 11 478 1 4 1
131 1 3 483 2 6 3
132 1 8 487 337 1448 505
133 1 4 492 135 539 202
134 1 2 496 89 821 133
135 0 5 499 17 56 25
136 0 2 503 76 695 114
137 1 2 506 1 9 1
138 0 9 509 22 74 33
139 1 1 514 660 6715 990
140 1 2 516 1 11 1
141 0 4 519 5 15 7
142 1 3 523 1 4 1
143 0 5 527 26 89 39
144 1 22 531 1 4 1
145 1 3 536 18 59 27
146 1 1 540 1 11 1
147 0 1 542 15 125 22
148 1 3 543 1 9 1
149 1 6 546 12 38 18
150 0 1 550 99 918 148
151 1 1 553 6677 75252 10015
152 0 6 556 75 285 112
153 1 2 560 1 9 1
154 1 2 563 1802 19192 2703
155 0 1 566 494 4959 741
156 1 8 569 1 5 1
157 0 3 574 1 9 1
158 0 1 578 1 10 1
159 1 4 580 1 6 1
160 0 1 584 11 90 16
161 1 1 586 52 466 78
162 1 4 588 54 199 81
163 0 1 592 5 41 7
164 1 7 594 1 5 1
165 1 3 598 3 10 4
166 1 1 602 1 10 1
167 0 2 605 1 9 1
168 0 1 608 232 2245 348
169 0 2 610 1 8 1
170 0 2 613 4 33 6
171 1 7 616 11577 63344 17365
172 1 2 620 5 41 7
173 0 1 623 1 8 1
174 1 5 626 1 6 1
175 0 3 630 41 147 61
176 1 9 634 1 4 1
177 1 2 639 3 25 4
178 0 9 642 2 6 3
179 1 2 647 1 9 1
180 1 6 650 9 27 13
181 0 3 654 3637 39945 5455
182 0 9 658 5 15 7
183 0 7 663 347 1495 520
184 0 10 668 1 5 1
185 1 2 673 1 9 1
186 1 5 676 2 6 3
187 1 1 680 383 3798 574
188 1 2 682 20 170 30
189 1 2 685 339 3342 508
190 1 2 688 3 25 4
191 0 7 691 1 5 1
192 0 2 695 47 419 70
193 0 2 698 34 297 51
194 0 4 701 1 4 1
195 0 3 705 76 289 114
196 0 3 709 1 3 1
197 0 3 713 1 4 1
198 0 2 717 35 307 52
199 0 1 720 6235 70069 9352
200 0 11 722 99 385 148
201 1 7 727 1 4 1
202 1 1 731 43615 530280 65422
203 1 4 733 11 34 16
204 1 4 737 1 4 1
205 1 3 741 1 6 1
206 0 6 745 1 4 1
207 1 4 749 530 2358 795
208 1 1 753 7 56 10
209 1 5 756 4719 24418 7078
210 0 3 760 3 9 4
211 1 2 764 222 2144 333
212 0 4 767 1 4 1
213 1 16 771 804 3689 1206
214 1 4 776 855 3940 1282
215 0 3 780 150 1420 225
216 1 1 784 1777 18914 2665
217 0 7 786 3 9 4
218 0 8 791 1 4 1
219 0 3 796 612 2752 918
220 0 5 800 24 81 36
221 1 9 804 46 167 69
222 1 3 809 995 10318 1492
223 1 1 813 2 17 3
224 0 3 816 326 1398 489
225 1 1 820 12 99 18
226 1 4 822 1 3 1
227 1 3 826 20 67 30
228 0 4 830 21124 119787 31686
229 0 1 834 1 12 1
230 1 2 836 26 224 39
231 1 1 839 32 279 48
232 1 3 841 29 100 43
233 0 4 845 1 4 1
234 0 1 849 100 928 150
235 1 1 852 3 25 4
236 1 6 855 402 1752 603
237 0 2 859 1 9 1
238 0 4 862 2 7 3
239 1 6 866 15137 84166 22705
240 1 2 870 2762 29975 4143
241 0 2 873 1 10 1
242 0 2 876 5 40 7
243 1 6 879 264 1113 396
244 1 2 883 1 10 1
245 1 3 886 2 17 3
246 0 3 890 43 155 64
247 0 3 894 1 3 1
248 1 1 898 1 11 1
249 1 1 900 1 9 1
250 0 5 902 424 1855 636
251 1 2 906 727 7430 1090
252 1 1 909 228 2205 342
253 1 1 911 1 11 1
254 1 40 913 11 34 16
255 1 2 919 423 4215 634
256 0 3 922 5 15 7
257 1 1 926 299 2930 448
258 1 4 929 1 5 1
259 0 1 933 20 169 30
260 0 4 935 23 78 34
261 0 2 939 288 2817 432
262 0 2 942 42 372 63
263 1 2 945 1 10 1
264 0 1 948 6 48 9
265 1 1 951 4 33 6
266 0 1 953 1 9 1
267 1 3 956 1 3 1
268 1 1 960 1 8 1
269 1 1 962 2 17 3
270 0 4 964 2 7 3
271 1 2 968 3797 41779 5695
272 1 1 971 227 2195 340
273 0 10 974 1 4 1
274 1 2 979 10 81 15
275 1 1 982 17 143 25
276 0 1 984 1 9 1
277 1 4 987 1442 6895 2163
278 1 1 991 1 10 1
279 1 2 993 1 10 1
280 1 11 996 98649 609748 147973
281 1 2 1001 1 9 1
282 0 3 1004 211 2033 316
283 0 3 1008 1 4 1
284 0 1 1012 9 72 13
285 0 1 1015 17 143 25
286 0 12 1018 548 2444 822
287 0 1 1023 37 325 55
288 0 9 1025 170 692 255
289 1 1 1030 665 6769 997
290 0 2 1032 1 9 1
291 1 9 1035 2 6 3
292 1 1 1040 41 362 61
293 1 4 1042 19 63 28
294 1 6 1046 1 4 1
295 0 26 1050 1 4 1
296 1 2 1055 1 9 1
297 1 5 1058 4 12 6
298 0 3 1062 1 4 1
299 1 2 1066 10 81 15
300 1 2 1069 1 11 1
301 1 4 1072 185 758 277
302 1 3 1076 3 10 4
303 1 1 1080 3 25 4
304 0 7 1082 1 4 1
305 1 4 1086 19 63 28
306 1 15 1090 558 2492 837
307 0 1 1095 1 9 1
308 1 1 1098 1 11 1
309 1 1 1100 6 48 9
310 1 1 1102 79 724 118
311 1 1 1104 137 1291 205
312 0 1 1106 4 33 6
313 0 8 1109 744 3394 1116
314 1 5 1114 1157 5448 1735
315 1 3 1118 2893 14500 4339
316 1 2 1122 63 570 94
317 0 2 1125 2 17 3
318 0 2 1128 13 107 19
319 1 4 1131 34 120 51
320 1 3 1135 1 9 1
321 0 1 1139 3 25 4
322 1 1 1141 1 9 1
323 0 1 1142 6 48 9
324 0 3 1144 7 21 10
325 0 1 1148 55 494 82
326 1 6 1150 1 4 1
327 0 3 1154 1 11 1
328 0 1 1157 22398 265258 33597
329 1 1 1158 2 17 3
330 0 2 1160 1 9 1
331 0 1 1163 113 1055 169
332 1 2 1165 2 17 3
333 1 6 1168 204 843 306
334 1 3 1172 1 4 1
335 1 29 1176 1 4 1
336 1 11 1182 1 5 1
337 0 9 1187 2 6 3
338 1 8 1192 74 280 111
339 1 5 1197 34 120 51
340 1 8 1201 11 34 16
341 0 6 1206 6 18 9
342 0 3 1210 911 4217 1366
343 0 2 1214 1 9 1
344 1 50 1217 10220 55497 15330
345 1 6 1223 1 3 1
346 1 1 1227 1 9 1
347 0 1 1229 1 10 1
348 0 1 1232 54 485 81
349 1 5 1235 1 4 1
350 0 2 1239 10 81 15
351 0 1 1242 293 2868 439
352 0 1 1244 12 99 18
353 1 2 1245 1 11 1
354 1 4 1248 15 48 22
355 1 1 1252 1 9 1
356 0 4 1255 186 763 279
357 0 4 1259 1 4 1
358 1 2 1263 10 81 15
359 0 3 1266 1 4 1
360 0 9 1270 8 24 12
361 0 25 1275 40 143 60
362 1 2 1280 1 10 1
363 0 5 1283 110 432 165
364 0 2 1287 786 8063 1179
365 0 1 1290 14 116 21
366 0 7 1292 1 4 1
367 0 1 1296 18 152 27
368 0 13 1298 1 4 1
369 1 1 1303 1 10 1
370 1 1 1305 4 33 6
371 0 2 1308 57 513 85
372 0 1 1311 6 48 9
373 0 7 1313 1340 6374 2010
374 1 2 1317 5164 57572 7746
375 1 2 1320 1 9 1
376 1 9 1323 25 85 37
377 1 4 1328 86 330 129
378 1 1 1332 557 5622 835
379 1 2 1334 2 17 3
380 1 4 1337 3 9 4
381 0 5 1341 508 2253 762
382 0 9 1345 454 1997 681
383 1 12 1350 38 135 57
384 1 30 1355 1 5 1
385 1 1 1361 1 9 1
386 1 5 1363 207 856 310
387 0 1 1367 2 17 3
388 0 10 1369 29 101 43
389 1 3 1374 17689 99269 26533
390 0 10 1378 6 18 9
391 0 3 1383 5 41 7
392 0 5 1387 35 123 52
393 0 2 1391 1 11 1
394 0 9 1394 847 3900 1270
395 1 6 1399 1 3 1
396 1 8 1403 2 7 3
397 0 2 1408 1 10 1
398 1 2 1411 18 152 27
399 0 5 1414 1 5 1
400 0 4 1418 12 38 18
401 0 3 1422 1 3 1
402 0 2 1426 57 513 85
403 0 1 1429 14767 171975 22150
404 1 3 1432 1 4 1
405 0 1 1436 1 11 1
406 0 2 1439 154 1461 231
407 0 2 1442 71166 881732 106749
408 0 7 1445 1 4 1
409 1 1 1449 1 9 1
410 0 1 1451 1 9 1
411 0 6 1453 4 12 6
412 0 2 1457 2 17 3
413 0 1 1460 34 297 51
414 0 10 1462 2 6 3
415 1 4 1467 224 932 336
416 1 14 1471 1 3 1
417 1 3 1476 2 7 3
418 0 3 1480 35 123 52
419 1 1 1484 7 56 10
420 0 3 1486 1228 5806 1842
421 1 4 1490 1 4 1
422 1 10 1494 121 479 181
423 0 7 1499 282 1195 423
424 0 2 1503 77 705 115
425 0 3 1506 3251 16420 4876
426 0 6 1510 17 56 25
427 1 2 1514 1 9 1
428 0 4 1517 43 155 64
429 1 1 1521 3 25 4
430 1 1 1524 2 17 3
431 0 2 1525 1 9 1
432 1 5 1528 1 4 1
433 0 6 1532 679 3077 1018
434 0 5 1536 1 4 1
435 1 3 1540 3073 15464 4609
436 0 1 1544 10 81 15
437 0 2 1546 1 11 1
438 0 1 1549 1 9 1
439 1 5 1551 1 3 1
440 0 1 1555 21 179 31
441 0 4 1558 1 4 1
442 0 9 1562 238 996 357
443 0 8 1567 6 18 9
444 1 2 1572 359 3549 538
445 1 3 1575 4 12 6
446 1 9 1579 27 93 40
447 0 10 1584 90 347 135
448 0 4 1589 2 7 3
449 0 6 1593 1 3 1
450 1 1 1597 47 419 70
451 1 1 1599 1 12 1
452 0 2 1602 69 628 103
453 1 6 1605 22 74 33
454 0 1 1609 4 33 6
455 0 1 1612 1 10 1
456 0 3 1614 1 10 1
457 0 1 1618 1 9 1
458 1 7 1620 23 78 34
459 1 8 1625 1 4 1
460 1 3 1630 570 5760 855
461 1 5 1634 21 70 31
462 1 2 1638 3053 33278 4579
463 1 10 1641 44 159 66
464 0 2 1646 1 10 1
465 1 5 1649 328 1407 492
466 0 3 1653 91 840 136
467 0 9 1657 1 5 1
468 1 3 1662 326 3208 489
469 0 1 1666 2 17 3
470 1 14 1668 16714 93483 25071
471 0 29 1673 1 3 1
472 0 32 1679 193 794 289
473 0 2 1685 344 3394 516
474 1 19 1688 24 82 36
475 1 2 1693 3 25 4
476 0 6 1696 456 2006 684
477 0 2 1700 44980 547531 67470
478 0 6 1703 1736 8407 2604
479 1 1 1707 1 12 1
480 1 1 1709 13 107 19
481 1 2 1712 1 10 1
482 1 7 1715 119308 744952 178962
483 1 2 1719 195 1871 292
484 1 14 1722 1 3 1
485 1 8 1727 16 52 24
486 0 4 1732 15914 88751 23871
487 0 6 1736 99 385 148
488 1 7 1740 1 5 1
489 0 13 1744 16731 93584 25096
490 1 4 1749 200 825 300
491 1 1 1753 1 9 1
492 0 1 1755 166 1580 249
493 1 1 1756 4 33 6
494 0 3 1759 708 3218 1062
495 0 1 1763 1975 21120 2962
496 1 2 1766 4531 50235 6796
497 0 3 1769 5 15 7
498 1 1 1773 326 3208 489
499 0 1 1775 1 12 1
500 0 1 1777 1 9 1
501 1 1 1779 42 372 63
502 1 2 1781 1 10 1
503 0 1 1784 95956 1202441 143934
504 1 1 1786 198 1902 297
505 0 4 1789 380 1649 570
506 1 3 1793 4 13 6
507 1 1 1797 13789 160138 20683
508 0 1 1799 1225 12823 1837
509 0 2 1802 39 344 58
510 1 4 1805 124 492 186
511 0 3 1809 1 3 1
512 0 1 1813 115 1074 172
513 1 4 1815 1 3 1
514 1 3 1819 365 3611 547
515 1 2 1823 142 1341 213
516 0 5 1826 2 6 3
517 0 28 1830 4 12 6
518 1 4 1836 1 3 1
519 1 17 1840 1 3 1
520 0 2 1845 14 116 21
521 0 5 1848 3630 18467 5445
522 1 1 1852 4 33 6
523 1 7 1854 643 2902 964
524 1 1 1858 160 1520 240
525 0 4 1861 1 3 1
526 1 4 1865 30 104 45
527 1 7 1869 3168 15974 4752
528 1 3 1873 20 170 30
529 1 5 1877 1 3 1
530 1 2 1881 226 2185 339
531 0 15 1884 1 3 1
532 1 2 1889 86 792 129
533 0 2 1892 352 3477 528
534 0 4 1895 407 1775 610
535 0 4 1899 4 12 6
536 1 3 1903 2 17 3
537 0 2 1907 737 7537 1105
538 1 7 1910 1 4 1
539 0 5 1914 816585 5618766 1224877
540 0 10 1918 1 3 1
541 0 3 1923 36 128 54
542 1 8 1927 1 6 1
543 1 1 1932 1 11 1
544 1 4 1935 59 219 88
545 0 1 1939 179046 2296483 268569
546 0 8 1941 13 41 19
547 1 5 1946 4 12 6
548 1 1 1950 14 116 21
549 1 3 1952 2 17 3
550 1 2 1956 256 2490 384
551 0 4 1959 1 3 1
552 1 2 1963 2235 24032 3352
553 1 1 1966 3 25 4
554 0 2 1969 92 849 138
555 1 2 1972 17113 200490 25669
556 1 1 1975 1 10 1
557 0 36 1977 23519 134205 35278
558 1 2 1983 361 3570 541
559 0 11 1986 1130 5312 1695
560 0 1 1991 1 9 1
561 0 5 1993 1 3 1
562 1 4 1997 8 24 12
563 0 9 2001 10 31 15
564 1 4 2006 1 4 1
565 0 2 2010 4066 44871 6099
566 0 4 2013 1 3 1
567 0 2 2017 18 152 27
568 1 3 2020 6 48 9
569 1 6 2024 1 3 1
570 1 7 2028 1 4 1
571 0 5 2032 256 1077 384
572 0 2 2036 8299 94387 12448
573 0 10 2039 1 5 1
574 1 1 2044 1 9 1
575 0 3 2046 1 3 1
576 0 1 2050 1 9 1
577 1 3 2052 22 74 33
578 1 2 2056 1 9 1
579 0 1 2059 1 10 1
580 1 5 2061 5 15 7
581 1 8 2065 425 1860 637
582 0 3 2070 2 17 3
583 1 4 2074 13 41 19
584 1 1 2078 1 10 1
585 0 2 2080 13 108 19
586 0 3 2083 1 5 1
587 0 7 2087 1 4 1
588 0 1 2091 1 9 1
589 0 1 2094 9 72 13
590 0 6 2096 7 21 10
591 1 10 2100 411 1794 616
592 1 6 2105 2 6 3
593 1 4 2109 252 1059 378
594 0 2 2113 3 25 4
595 0 8 2116 7 21 10
596 0 1 2121 1 9 1
597 1 2 2124 1 11 1
598 1 1 2127 16 134 24
599 1 2 2130 354 3497 531
600 1 5 2133 6217 32736 9325
601 0 2 2137 2028 21713 3042
602 0 2 2140 3 25 4
603 0 4 2143 1 3 1
604 0 1 2147 1 12 1
605 0 4 2150 53 195 79
606 1 2 2154 2 17 3
607 1 3 2157 1 3 1
608 0 2 2161 10 81 15
609 0 2 2164 1 8 1
610 0 1 2167 81 743 121
611 1 7 2170 4 12 6
612 0 2 2174 7 56 10
613 0 2 2177 1 9 1
614 1 2 2180 15 125 22
615 1 3 2183 1 4 1
616 1 3 2187 26167 311820 39250
617 0 7 2191 21 70 31
618 1 2 2196 1514 16000 2271
619 0 3 2199 1 11 1
620 1 15 2203 1 5 1
621 1 7 2208 2 6 3
622 1 13 2213 6 18 9
623 0 2 2218 7 56 10
624 1 2 2221 2 17 3
625 1 2 2224 2 17 3
626 0 49 2227 5 15 7
627 0 6 2233 1 5 1
628 0 3 2237 1 4 1
629 1 2 2241 243 2357 364
630 0 1 2244 1 11 1
631 0 1 2246 1353 14227 2029
632 1 1 2249 322 3167 483
633 0 5 2252 835 3841 1252
634 1 1 2256 12173 140653 18259
635 1 3 2258 114 449 171
636 1 2 2262 410 4079 615
637 1 2 2265 2 17 3
638 0 1 2268 3 25 4
639 1 3 2271 7 21 10
640 1 8 2275 94 364 141
641 1 23 2280 26 89 39
642 1 2 2285 1 9 1
643 0 4 2288 1 5 1
644 1 8 2292 1 4 1
645 1 2 2297 2356 25392 3534
646 1 3 2300 1 6 1
647 1 2 2304 2557 27657 3835
648 0 2 2307 1 9 1
649 1 2 2310 451 4507 676
650 1 3 2313 188 772 282
651 1 2 2317 4 33 6
652 0 8 2320 5508 28782 8262
653 1 22 2325 392 1705 588
654 1 1 2330 1 9 1
655 1 2 2333 28 242 42
656 1 1 2336 1 10 1
657 0 6 2339 4 12 6
658 1 1 2343 1 9 1
659 0 6 2346 1 4 1
660 1 1 2350 83 762 124
661 0 2 2353 9 72 13
662 1 16 2356 138859 874004 208288
663 0 4 2361 58 215 87
664 1 33 2365 1 4 1
665 0 9 2371 2561 12733 3841
666 0 6 2376 1883 9170 2824
667 1 6 2380 1 4 1
668 0 3 2384 2 17 3
669 0 1 2388 6 48 9
670 0 3 2391 3 9 4
671 0 1 2395 249 2418 373
672 0 21 2397 31 108 46
673 1 1 2402 1 12 1
674 0 1 2404 1 10 1
675 0 5 2407 39191 230260 58786
676 0 2 2411 5384 60131 8076
677 1 1 2414 7 56 10
678 0 2 2417 12 99 18
679 0 11 2420 1 4 1
680 0 1 2425 2 17 3
681 0 5 2428 1 4 1
682 0 2 2432 1 10 1
683 0 1 2435 1 11 1
684 0 1 2438 112 1045 168
685 0 3 2440 1 4 1
686 1 4 2444 183 749 274
687 1 1 2448 1129 11774 1693
688 0 10 2451 2 7 3
689 1 12 2456 1 4 1
690 0 1 2461 67 609 100
691 1 1 2464 983 10188 1474
692 1 3 2466 11 34 16
693 0 2 2470 1 9 1
694 1 8 2473 1 4 1
695 0 2 2478 4 33 6
696 1 3 2481 1 4 1
697 0 3 2485 1 5 1
698 0 3 2489 52 466 78
699 1 2 2493 24 206 36
700 1 1 2496 10 81 15
701 1 17 2498 316 1352 474
702 1 1 2503 14 116 21
703 0 8 2506 67 252 100
704 1 2 2511 9 73 13
705 0 12 2514 1 4 1
706 1 1 2519 360 3559 540
707 1 4 2522 2 7 3
708 0 1 2526 11 90 16
709 0 3 2529 4169 21401 6253
710 1 2 2533 16 134 24
711 1 2 2536 238 2306 357
712 0 3 2539 17 56 25
713 0 2 2543 775 7945 1162
714 0 10 2546 545 2430 817
715 0 1 2551 34 298 51
716 1 2 2554 80 733 120
717 0 2 2557 1 10 1
718 0 7 2560 3 10 4
719 1 4 2565 17 56 25
720 0 1 2569 99 918 148
721 0 2 2571 4 33 6
722 0 2 2574 186 1781 279
723 1 1 2577 1 9 1
724 1 4 2578 1 4 1
725 1 2 2582 2 17 3
726 0 12 2585 8691 46727 13036
727 0 2 2590 1720 18281 2580
728 1 3 2593 1 4 1
729 1 14 2597 73 276 109
730 1 5 2602 14 45 21
731 1 2 2606 584 5908 876
732 0 2 2609 1 9 1
733 0 3 2612 3 9 4
734 1 6 2616 39 139 58
735 1 5 2620 771 3526 1156
736 0 9 2624 3152 15888 4728
737 1 2 2629 2 17 3
738 1 1 2632 33 288 49
739 1 1 2634 774 7934 1161
740 1 1 2635 5 40 7
741 0 2 2636 627 6364 940
742 1 4 2639 295 1255 442
743 0 5 2643 1 3 1
744 1 3 2647 1 4 1
745 1 1 2651 2 17 3
746 0 14 2653 2179 10717 3268
747 0 2 2658 432 4309 648
748 1 6 2661 7300 38827 10950
749 0 3 2665 1 11 1
750 1 4 2669 13 41 19
751 0 4 2673 1 4 1
752 0 11 2677 1 4 1
753 1 3 2682 1 9 1
754 0 3 2686 1908 9300 2862
755 1 1 2690 2 17 3
756 1 4 2692 1 3 1
757 1 1 2696 1 11 1
758 1 33 2698 1 6 1
759 0 3 2704 1 3 1
760 0 3 2708 1 3 1
761 1 4 2712 2 6 3
762 0 2 2716 136 1282 204
763 1 1 2719 3 25 4
764 0 2 2721 3863 42537 5794
765 1 2 2724 1 10 1
766 0 4 2727 1 4 1
767 1 11 2731 1 3 1
768 0 1 2736 64 580 96
769 0 10 2738 18 59 27
770 1 4 2743 2 6 3
771 0 3 2747 76 695 114
772 0 5 2751 1 3 1
773 1 8 2755 3 10 4
774 1 38 2760 70 264 105
775 1 1 2766 1 10 1
776 0 2 2769 1 10 1
777 1 17 2772 2 6 3
778 0 1 2777 9604 109892 14406
779 0 4 2779 117 461 175
780 0 3 2783 2 6 3
781 0 10 2787 1854 9019 2781
782 1 2 2792 6 48 9
783 0 7 2795 1 4 1
784 0 2 2800 3 25 4
785 0 3 2803 1 12 1
786 1 2 2807 10 81 15
787 0 4 2810 8 24 12
788 0 5 2814 296 1260 444
789 0 3 2818 5 15 7
790 0 59 2822 1 5 1
791 1 3 2828 7588 85979 11382
792 0 6 2831 8 24 12
793 0 9 2835 16 52 24
794 1 11 2840 2 7 3
795 0 1 2845 1 9 1
796 1 3 2847 62 231 93
797 1 5 2851 13 41 19
798 0 5 2855 1 4 1
799 1 2 2859 1 8 1
800 0 4 2862 271 1145 406
801 0 2 2866 4687 52039 7030
802 0 2 2869 2614 28301 3921
803 1 2 2872 1 9 1
804 1 1 2875 16 134 24
805 1 1 2878 21527 254539 32290
806 1 2 2879 8 64 12
807 0 2 2882 7 56 10
808 0 1 2885 67 609 100
809 1 4 2888 1 4 1
810 1 33 2892 1 5 1
811 0 3 2898 1 4 1
812 1 1 2902 73 666 109
813 0 2 2904 30 261 45
814 1 3 2907 354 1527 531
815 0 5 2911 12 38 18
816 0 4 2915 1 4 1
817 1 2 2919 1 9 1
818 1 3 2922 148131 935534 222196
819 0 2 2926 1 11 1
820 1 4 2929 9 27 13
821 0 1 2933 2346 25279 3519
822 0 1 2936 1 9 1
823 0 3 2938 1 4 1
824 1 15 2942 33 116 49
825 1 6 2947 10 31 15
826 1 2 2951 1608 17039 2412
827 0 2 2954 1 11 1
828 0 8 2957 48 175 72
829 0 2 2962 1 10 1
830 0 8 2965 3 9 4
831 1 3 2970 1 3 1
832 0 1 2974 1 9 1
833 1 8 2976 26 89 39
834 0 11 2981 3 10 4
835 0 9 2986 3089 15550 4633
836 0 4 2991 1 4 1
837 1 7 2995 2 6 3
838 1 1 2999 1 12 1
839 1 3 3001 5101 56841 7651
840 0 2 3005 2 17 3
841 1 3 3008 2 17 3
842 0 4 3012 1 3 1
843 1 2 3016 77 705 115
844 0 2 3019 7 56 10
845 1 4 3022 1 5 1
846 0 1 3026 96 889 144
847 1 1 3028 178 1700 267
848 1 26 3030 2 6 3
849 1 3 3035 57999 348290 86998
850 0 22 3039 6028 31679 9042
851 0 6 3044 346 1490 519
852 0 4 3048 1 4 1
853 1 1 3052 55 494 82
854 1 3 3054 20 170 30
855 1 4 3058 564 2521 846
856 0 3 3062 67 252 100
857 1 2 3066 5 41 7
858 1 2 3069 62 561 93
859 0 68 3072 1 4 1
860 1 1 3078 1 9 1
861 0 3 3081 69 627 103
862 1 3 3085 1199 12539 1798
863 0 7 3089 1 6 1
864 0 3 3093 20 66 30
865 0 6 3097 2122 10418 3183
866 0 4 3101 1 4 1
867 1 4 3105 5 15 7
868 0 2 3109 5 40 7
869 0 6 3112 74 280 111
870 0 1 3116 4181 46196 6271
871 0 22 3118 1222 5776 1833
872 1 2 3123 1 12 1
873 0 2 3126 23 197 34
874 1 4 3129 11 34 16
875 1 8 3133 1 5 1
876 1 2 3138 342 3373 513
877 1 1 3141 1 12 1
878 0 2 3144 292 2858 438
879 1 16 3147 2 6 3
880 1 12 3152 1 4 1
881 0 3 3157 334 1435 501
882 0 4 3161 70 264 105
883 0 4 3165 174 709 261
884 0 1 3169 1 10 1
885 1 2 3171 1 10 1
886 0 1 3174 1 10 1
887 0 6 3176 8 24 12
888 1 3 3180 1 9 1
889 0 1 3184 1 9 1
890 0 2 3186 96 889 144
891 1 1 3189 620 6290 930
892 0 3 3191 1 9 1
893 0 7 3195 1 4 1
894 0 1 3199 1 12 1
895 0 4 3202 156 630 234
896 0 3 3206 48 428 72
897 1 1 3210 1 10 1
898 0 2 3213 46 409 69
899 0 1 3216 579 5855 868
900 1 2 3218 808 8299 1212
901 0 1 3221 3 25 4
902 1 1 3224 254 2469 381
903 1 2 3227 1 8 1
904 1 2 3230 6 48 9
905 0 6 3233 18 59 27
906 0 1 3237 1 9 1
907 0 10 3240 846 3896 1269
908 1 17 3245 1 3 1
909 1 2 3250 7 56 10
910 1 9 3253 1 5 1
911 0 1 3258 3 25 4
912 1 1 3261 139 1311 208
913 1 3 3263 3760 19172 5640
914 1 1 3267 34 298 51
915 0 1 3269 1 10 1
916 0 2 3272 188 1801 282
917 1 6 3275 4945 25664 7417
918 0 6 3279 1 3 1
919 1 3 3283 3 9 4
920 1 2 3287 119 1114 178
921 1 2 3290 1 10 1
922 0 7 3293 1 4 1
923 0 2 3297 3 25 4
924 1 2 3300 386 3829 579
925 1 1 3303 35 307 52
926 0 43 3305 1 4 1
927 0 1 3311 68330 845280 102495
928 1 12 3314 102 398 153
929 0 4 3319 13 41 19
930 0 2 3323 1 9 1
931 1 1 3326 5972 66991 8958
932 1 1 3329 867 8934 1300
933 1 1 3331 593 6004 889
934 0 1 3333 1 9 1
935 1 3 3336 15 48 22
936 1 2 3340 136 1282 204
937 0 1 3343 137 1292 205
938 1 3 3346 4507 23252 6760
939 0 1 3350 110 1025 165
940 0 1 3352 87 801 130
941 0 5 3355 1 4 1
942 0 8 3359 1 4 1
943 1 4 3364 1 3 1
944 0 2 3368 1 9 1
945 1 2 3371 1 10 1
946 1 2 3374 1 8 1
947 0 3 3377 4 12 6
948 0 3 3381 2 17 3
949 1 8 3384 3 10 4
950 1 7 3389 6 18 9
951 0 5 3393 1 3 1
952 0 1 3397 1349 14183 2023
953 0 9 3399 45 163 67
954 1 1 3404 41 363 61
955 0 3 3407 8 24 12
956 0 3 3411 24 81 36
957 0 5 3415 246 1032 369
958 1 4 3419 1 4 1
959 0 3 3423 1 4 1
960 1 9 3427 528 2349 792
961 1 5 3432 87 334 130
962 1 5 3436 3563 18104 5344
963 1 19 3440 1 4 1
964 0 1 3445 4 32 6
965 1 4 3447 1 3 1
966 1 2 3451 1 8 1
967 1 4 3454 2341 11569 3511
968 0 8 3458 1 6 1
969 1 17 3463 1 4 1
970 0 6 3468 689 3125 1033
971 0 5 3472 2 7 3
972 0 1 3476 39 344 58
973 0 2 3478 208 2002 312
974 0 5 3481 1 6 1
975 0 1 3485 1 9 1
976 0 10 3487 8 24 12
977 1 4 3492 33883 197441 50824
978 0 2 3496 76 695 114
979 1 5 3499 75 285 112
980 0 6 3503 5 15 7
981 1 3 3507 26 89 39
982 1 2 3511 1 13 1
983 0 2 3514 779 7987 1168
984 1 3 3517 1 3 1
985 1 1 3521 1 9 1
986 1 3 3524 22 74 33
987 1 13 3528 162 657 243
988 0 3 3533 2 6 3
989 1 4 3537 46 167 69
990 1 1 3541 1 11 1
991 1 2 3543 1030 10697 1545
992 1 1 3546 1 12 1
993 1 3 3548 4 12 6
994 0 3 3552 1 5 1
995 0 2 3556 1 11 1
996 1 23 3559 1 4 1
997 1 69 3564 319 1365 478
998 1 2 3570 41 363 61
999 1 1 3573 29572 354107 44358
1000 1 5 3574 1 4 1
1001 1 9 3578 1 3 1
1002 1 1 3583 10529 120935 15793
1003 1 2 3585 2413 26033 3619
1004 1 7 3588 1 3 1
1005 1 5 3593 20 67 30
1006 1 2 3597 1 9 1
1007 0 2 3600 125 1173 187
1008 1 2 3603 3 25 4
1009 1 4 3606 854 3935 1281
