0 0 28 5 1 4 1
1 0 1 24 30 261 45
2 1 9 35 14 45 21
3 1 2 52 751 7687 1126
4 0 2 66 2097 22485 3145
5 1 1 81 68 618 102
6 1 1 94 1815 19337 2722
7 0 2 107 2 17 3
8 1 1 121 980 10155 1470
9 1 3 134 1 9 1
10 1 4 149 36756 443911 55134
11 1 1 165 2865 31143 4297
12 1 2 174 275 2684 412
13 1 4 188 1 12 1
14 1 2 204 1 10 1
15 1 2 219 175 1670 262
16 1 3 234 26 224 39
17 0 4 249 1 9 1
18 0 5 265 13925 161782 20887
19 1 2 281 7 56 10
20 0 2 295 2 17 3
21 1 10 309 1 4 1
22 1 2 326 1 12 1
23 1 3 340 84 772 126
24 1 11 355 2223 10948 3334
25 0 1 372 1964 20998 2946
26 0 4 385 691 7046 1036
27 0 8 401 382 1658 573
28 1 4 418 3 25 4
29 0 3 434 1 8 1
30 1 2 449 17 143 25
31 0 2 463 2 17 3
32 1 2 477 34 297 51
33 1 2 491 10 81 15
34 0 4 505 21 179 31
35 1 13 521 10 31 15
36 0 2 539 1 13 1
37 0 11 553 1 4 1
38 1 1 570 138 1302 207
39 1 2 580 1 9 1
40 1 1 595 175899 2254643 263848
41 0 2 605 7 56 10
42 0 3 619 363 3590 544
43 1 3 634 67 608 100
44 1 2 649 4 33 6
45 0 6 663 719 7345 1078
46 1 2 680 1 9 1
47 0 3 694 50 447 75
48 0 1 709 1 9 1
49 1 9 720 1134 5332 1701
50 1 1 737 3 25 4
51 0 2 750 2 17 3
52 0 3 764 11 90 16
53 1 1 779 100 928 150
54 0 7 792 1 3 1
55 0 2 809 1 10 1
56 0 4 823 303 2971 454
57 0 1 839 15 125 22
58 1 5 852 1 9 1
59 0 12 868 360 1556 540
60 1 26 886 4 12 6
61 1 1 905 1 9 1
62 1 2 914 42 372 63
63 0 1 929 12 99 18
64 1 4 940 296 2899 444
65 0 5 956 196 1881 294
66 1 1 972 145 1371 217
67 0 2 984 752 7698 1128
68 0 5 999 1 10 1
69 0 2 1015 3 25 4
70 0 4 1029 62 561 93
71 0 13 1045 1 4 1
72 1 1 1063 8876 101231 13314
73 0 2 1074 1 11 1
74 0 2 1088 1 9 1
75 0 2 1102 296 2899 444
76 1 2 1116 1 9 1
77 1 1 1130 1 10 1
78 1 8 1143 390 1695 585
79 1 3 1160 205 1972 307
80 1 2 1175 1 9 1
81 1 7 1189 10286 55877 15429
82 1 2 1206 1 9 1
83 1 3 1221 2 17 3
84 0 5 1236 1 9 1
85 0 1 1252 433 4319 649
86 0 4 1265 21 179 31
87 1 6 1281 8 64 12
88 1 2 1298 1 10 1
89 1 2 1312 63 570 94
90 0 1 1326 3214 35111 4821
91 1 1 1338 1 12 1
92 1 3 1349 41 363 61
93 0 2 1364 1 10 1
94 0 2 1378 194399 2500969 291598
95 0 1 1392 1 9 1
96 1 8 1403 1 3 1
97 1 4 1420 124 1163 186
98 0 5 1436 3 25 4
99 1 1 1452 1 9 1
100 1 1 1465 1 9 1
101 1 2 1474 91 840 136
102 1 6 1489 1 14 1
103 1 2 1505 19 161 28
104 0 2 1520 344 3394 516
105 1 3 1535 1 9 1
106 1 2 1550 373 3694 559
107 1 7 1564 5 15 7
108 0 2 1581 1 10 1
109 1 3 1596 56 504 84
110 1 1 1611 4392271 62984497 6588406
111 1 1 1622 6 48 9
112 0 128 1633 46 167 69
113 1 2 1653 1 10 1
114 1 5 1667 1 10 1
115 0 1 1683 2102931 29423086 3154396
116 0 1 1696 1 10 1
117 0 1 1707 1 9 1
118 0 6 1720 1 10 1
119 1 18 1737 1 4 1
120 0 4 1755 596535 7990878 894802
121 0 10 1771 1 3 1
122 1 6 1788 3 25 4
123 1 1 1804 5 40 7
124 1 4 1817 3 25 4
125 1 1 1833 65 590 97
126 1 3 1843 4 33 6
127 0 3 1858 4 33 6
128 0 2 1873 5 40 7
129 1 5 1887 22076 261294 33114
130 0 1 1903 223 2154 334
131 1 3 1915 1 9 1
132 1 7 1930 2 6 3
133 0 2 1947 1313 13787 1969
134 1 3 1961 1 9 1
135 1 3 1976 24 206 36
136 0 2 1991 88 811 132
137 0 6 2005 71031 431316 106546
138 1 3 2022 69 628 103
139 0 3 2037 1 10 1
140 0 5 2052 135 1272 202
141 0 5 2068 124 1163 186
142 0 5 2084 3 25 4
143 1 4 2100 25 215 37
144 1 2 2116 1 12 1
145 1 3 2131 53 476 79
146 1 14 2146 3 10 4
147 1 5 2164 2 17 3
148 1 4 2180 10 81 15
149 0 1 2196 58 523 87
150 1 7 2208 39281 230818 58921
151 1 8 2225 1 5 1
152 1 3 2242 1 11 1
153 0 2 2257 1 9 1
154 1 2 2271 705 7195 1057
155 1 5 2285 1 10 1
156 0 3 2301 1 10 1
157 0 1 2316 1 8 1
158 0 9 2329 1 4 1
159 0 2 2346 1065 11077 1597
160 1 3 2360 14 116 21
161 0 2 2375 7441 84244 11161
162 0 2 2389 1 11 1
163 1 5 2404 26 224 39
164 1 1 2420 1 9 1
165 1 1 2433 263 2561 394
166 0 6 2446 16 134 24
167 1 1 2463 1 9 1
168 0 29 2475 4056 20783 6084
169 1 2 2494 31 270 46
170 1 4 2508 18547 217996 27820
171 1 3 2524 30 261 45
172 0 7 2539 18 59 27
173 0 8 2556 25885 148527 38827
174 0 2 2573 1 10 1
175 1 1 2588 1 9 1
176 1 15 2599 1 3 1
177 0 1 2617 312 3063 468
178 1 2 2630 2588 28007 3882
179 1 3 2645 1 12 1
180 1 5 2660 1 10 1
181 1 3 2676 1 10 1
182 1 2 2691 9 73 13
183 0 4 2705 2 17 3
184 0 6 2721 212 2043 318
185 0 4 2738 1 9 1
186 1 4 2754 6 48 9
187 1 2 2770 105 976 157
188 1 3 2784 258 2510 387
189 0 2 2799 1 11 1
190 1 5 2813 7 56 10
191 1 3 2829 1 12 1
192 0 5 2844 671 6832 1006
193 0 1 2860 1 9 1
194 0 2 2873 18 152 27
195 0 11 2887 2 7 3
196 0 1 2904 12 98 18
197 0 2 2917 150 1421 225
198 1 7 2932 1 4 1
199 0 30 2949 41004 241525 61506
200 1 53 2968 2 6 3
201 0 1 2987 1 9 1
202 1 4 3000 8 64 12
203 0 1 3016 9 73 13
204 0 2 3026 6 48 9
205 1 3 3040 1 10 1
206 1 3 3055 1 9 1
207 1 2 3070 1 12 1
208 1 5 3084 1 13 1
209 1 4 3100 1 11 1
210 0 4 3116 1 10 1
211 1 1 3132 162 1540 243
212 1 2 3145 134 1262 201
213 1 3 3160 1 12 1
214 0 66 3175 1 4 1
215 1 7 3195 13 41 19
216 1 4 3212 9 72 13
217 1 4 3228 7 56 10
218 0 2 3244 7 56 10
219 1 21 3259 973 4525 1459
220 1 1 3277 133 1252 199
221 1 5 3290 82 753 123
222 1 3 3306 1 9 1
223 1 1 3321 1 10 1
224 0 2 3332 1 10 1
225 0 4 3347 8 64 12
226 1 3 3363 495 4969 742
227 1 4 3378 1 9 1
228 0 2 3394 591 5983 886
229 1 4 3408 1 9 1
230 1 1 3424 3 25 4
231 0 1 3436 1 9 1
232 1 2 3448 8 64 12
233 1 11 3462 124 491 186
234 1 2 3479 27 233 40
235 0 1 3494 1 9 1
236 0 3 3506 3092 33722 4638
237 0 2 3521 1 8 1
238 0 4 3536 81 743 121
239 1 10 3552 84 322 126
240 0 2 3569 1 9 1
241 0 1 3583 6 48 9
242 0 3 3593 422 4204 633
243 0 7 3608 1 3 1
