0 0 5 5 1 9 1
1 0 2 9 336 3311 504
2 1 1 12 267 2602 400
3 1 3 14 6 48 9
4 1 1 18 2750 29839 4125
5 1 3 21 1 8 1
6 0 1 25 28 243 42
7 0 8 28 2 7 3
8 1 1 33 25 215 37
9 1 9 36 2 7 3
10 0 1 41 5631 63010 8446
11 1 3 44 6 48 9
12 1 2 48 944 9765 1416
13 0 4 51 1 10 1
14 0 3 55 1 11 1
15 0 2 59 36833 444878 55249
16 1 8 62 1 3 1
17 1 5 67 2 17 3
18 0 4 71 3 25 4
19 1 11 75 1 4 1
20 1 1 80 6 48 9
21 1 1 82 2841 30870 4261
22 0 3 85 19 161 28
23 1 1 89 30 261 45
24 1 1 92 1322 13886 1983
25 0 1 95 23 197 34
26 0 1 97 1 9 1
27 1 2 100 35 307 52
28 0 16 103 3 9 4
29 0 8 108 1 5 1
30 1 8 113 3 9 4
31 1 1 118 800 8213 1200
32 0 8 120 1783 8651 2674
33 0 2 125 1 10 1
34 0 3 128 44 391 66
35 1 6 132 3 25 4
36 0 3 136 1 9 1
37 0 1 140 73 666 109
38 0 2 143 571 5771 856
39 0 4 146 1 8 1
40 1 1 150 7 56 10
41 1 4 152 221 2134 331
42 1 86 156 40 143 60
43 1 1 162 10 81 15
44 0 7 165 1 4 1
45 0 2 169 1 9 1
46 1 1 172 47915 584691 71872
47 1 4 175 15 125 22
48 1 3 179 17466 204794 26199
49 0 1 183 1 9 1
50 1 1 185 100 928 150
51 1 2 187 1 9 1
52 1 7 190 442 1940 663
53 0 5 194 25 215 37
54 1 2 198 13 108 19
55 0 3 201 1 9 1
56 0 2 205 1 9 1
57 1 3 208 1 11 1
58 0 1 212 2 17 3
59 1 6 215 1 9 1
60 0 1 219 619 6279 928
61 0 2 221 1 9 1
62 1 2 224 2 17 3
63 1 11 227 4 12 6
64 0 4 232 1 9 1
65 0 5 236 16 134 24
66 1 5 240 2170 23302 3255
67 1 10 244 5759 30179 8638
68 0 1 249 5 41 7
69 1 4 252 25 215 37
70 0 16 256 12 38 18
71 1 4 261 2 17 3
72 0 7 265 1 3 1
73 1 1 269 1 9 1
74 1 12 271 1 4 1
75 1 2 276 29 252 43
76 1 2 279 3 25 4
77 1 2 282 15 125 22
78 0 4 285 637 6471 955
79 1 1 289 353 3487 529
80 1 13 291 9474 51208 14211
81 1 9 296 15 48 22
82 0 2 301 670 6822 1005
83 1 15 304 1 3 1
84 0 6 309 41 363 61
85 0 7 313 6 18 9
86 1 9 318 15 48 22
87 0 2 323 1 9 1
88 0 9 326 10 31 15
89 1 1 331 12 99 18
90 1 2 334 2 17 3
91 0 2 337 58 523 87
92 1 1 340 4 33 6
93 0 1 342 568 5739 852
94 0 2 344 1 10 1
95 1 3 347 1 9 1
96 0 1 351 406 4038 609
97 1 4 354 1 9 1
98 1 15 358 34 120 51
99 0 8 363 3 10 4
100 1 1 368 5 41 7
101 0 3 370 4 32 6
102 1 2 374 1 9 1
103 0 13 377 1 4 1
104 0 1 382 1 9 1
105 1 1 385 77 705 115
106 0 6 387 1 8 1
107 0 1 391 1 9 1
108 1 3 393 1 9 1
109 0 1 397 203 1952 304
110 1 5 399 1 10 1
111 0 4 403 1 9 1
112 1 1 407 71 647 106
113 1 4 410 6 48 9
114 0 1 414 6 48 9
115 1 6 416 22 188 33
116 1 24 420 1 4 1
117 0 6 425 2 17 3
118 0 11 429 1 5 1
119 1 1 434 1 10 1
120 1 7 436 222 923 333
121 1 9 440 7 21 10
122 1 5 445 19 161 28
123 1 6 449 2 7 3
124 1 1 453 1 10 1
125 1 11 455 2 6 3
126 0 7 460 1 5 1
127 1 2 464 3 25 4
128 0 6 467 1 9 1
129 0 7 471 63 235 94
130 0 5 476 30 261 45
131 0 1 480 1 11 1
132 0 7 483 1603 7721 2404
133 1 4 487 1 10 1
134 0 1 491 33 288 49
135 1 3 493 48 428 72
136 1 3 497 170 1620 255
137 1 1 501 4 32 6
138 0 7 502 1 3 1
139 0 4 506 10 81 15
140 0 38 510 18 59 27
141 0 6 516 2 17 3
142 0 22 520 17 56 25
143 1 1 525 1 9 1
144 0 4 527 109540 1379524 164310
145 0 3 531 1 9 1
146 1 14 535 5 15 7
147 1 9 540 1 3 1
148 0 1 545 1 14 1
149 0 3 547 1 11 1
150 1 2 551 2 17 3
151 1 10 554 43 155 64
152 1 7 559 26 89 39
153 0 4 564 1 9 1
154 1 4 568 33 288 49
155 1 3 572 16 134 24
156 0 7 576 137 548 205
157 0 1 580 816 8385 1224
158 1 3 583 102 947 153
159 1 4 587 54 485 81
160 0 1 591 1 9 1
161 1 10 594 306 1306 459
162 0 2 599 13 107 19
163 1 4 602 2 17 3
164 1 1 606 170 1620 255
165 0 1 609 33 288 49
166 0 1 612 23 197 34
167 0 3 614 18 152 27
168 0 14 618 5 15 7
169 1 2 623 1 9 1
170 0 2 626 1 10 1
171 0 11 629 9 27 13
172 0 2 634 4 33 6
173 1 9 637 21 70 31
174 1 5 642 18 152 27
175 1 1 646 10 81 15
176 0 2 647 1 10 1
177 0 3 650 1 10 1
178 1 3 654 73 666 109
179 0 15 658 1 6 1
180 1 5 663 4079 45021 6118
181 1 69 667 7 21 10
182 1 3 673 1 9 1
183 1 3 677 125 1173 187
184 1 2 681 1 11 1
185 1 28 684 109 427 163
186 1 6 690 1154 12047 1731
187 0 1 694 36 316 54
188 1 2 697 43 381 64
189 1 8 700 122 483 183
190 1 1 705 443 4424 664
191 0 2 707 461 4612 691
192 1 2 710 1 9 1
193 0 1 713 697 7110 1045
194 0 1 716 15 125 22
195 1 2 719 7 56 10
196 0 5 722 1 12 1
197 1 1 726 133 1252 199
198 0 2 729 1 11 1
199 0 14 732 766 3502 1149
200 1 5 737 1914 20440 2871
201 1 1 741 1 9 1
202 0 1 743 9 73 13
203 0 2 745 466 4664 699
204 1 1 748 108 1006 162
205 1 1 750 2 17 3
206 0 1 753 11 90 16
207 0 14 755 6061 31864 9091
208 1 14 760 3 9 4
209 1 1 765 1 11 1
210 1 3 768 11 90 16
211 1 14 772 44 159 66
212 0 9 777 1 4 1
213 1 3 782 9 72 13
214 1 5 786 1 9 1
215 1 1 790 19 161 28
216 0 1 792 1 9 1
217 0 2 794 461 4612 691
218 1 4 797 1 13 1
219 0 5 801 4 33 6
220 0 3 805 1 9 1
221 0 4 809 2 17 3
222 0 1 813 1 9 1
223 1 3 816 5654 63278 8481
224 1 6 820 1 11 1
225 1 1 824 1 9 1
226 0 5 827 1 9 1
227 0 2 831 15 125 22
228 1 1 834 1 10 1
229 1 2 837 1 9 1
230 0 2 840 5 40 7
231 0 1 843 3020 32903 4530
232 0 2 846 1 9 1
233 0 23 849 1 3 1
234 0 1 854 1 11 1
235 0 4 855 8 64 12
236 0 2 859 1 9 1
237 0 2 862 76 695 114
238 1 4 865 39 344 58
239 0 1 869 17 143 25
240 0 1 872 7678 87041 11517
241 0 3 873 1 11 1
242 0 4 877 21 179 31
243 1 3 881 1 10 1
244 0 5 885 7 56 10
245 1 1 889 1 9 1
246 0 4 891 64739 799204 97108
247 0 2 895 154 1460 231
248 1 1 898 345 3404 517
249 1 4 901 1 9 1
250 0 7 905 1 4 1
251 0 1 910 2 17 3
252 0 3 912 1 9 1
253 1 1 916 4 33 6
254 1 1 918 4 33 6
255 1 5 921 5 40 7
256 0 3 925 2 17 3
257 1 2 929 3 25 4
258 0 3 932 6 48 9
259 0 5 936 1 11 1
260 0 2 940 12 98 18
261 1 1 943 364 3601 546
262 1 9 945 1 5 1
263 1 3 950 9 73 13
264 0 9 954 1 4 1
265 1 2 959 2 17 3
266 0 5 962 1 13 1
267 0 2 966 1 9 1
268 1 1 969 1446 15250 2169
269 1 7 971 1 4 1
270 0 3 976 1 10 1
271 0 3 980 41360 501824 62040
272 0 8 984 787374 5408273 1181061
273 0 6 989 53 476 79
274 1 1 993 2312 24897 3468
275 1 12 995 3 10 4
276 0 4 1000 105 976 157
277 0 2 1004 50 447 75
278 0 4 1007 3 25 4
279 0 4 1011 2 17 3
280 0 19 1015 126 500 189
281 0 1 1020 5 40 7
282 0 10 1022 24 82 36
283 0 2 1027 2 17 3
284 0 6 1030 1 10 1
285 1 4 1034 1 9 1
286 1 3 1038 1 10 1
287 1 1 1042 336 3311 504
288 0 6 1045 207 856 310
289 1 6 1049 1 9 1
290 0 6 1053 1 9 1
291 1 3 1057 587 5940 880
292 0 25 1061 9 27 13
293 0 12 1066 1 5 1
294 0 7 1071 1 4 1
295 1 2 1075 1 9 1
296 1 1 1078 5 40 7
297 1 2 1080 1496 15801 2244
298 1 2 1083 552 5570 828
299 1 3 1086 5 41 7
300 1 2 1090 3 25 4
301 0 8 1093 7 21 10
302 0 8 1098 824 3787 1236
303 1 1 1103 2 17 3
304 0 3 1105 8 64 12
305 0 17 1109 2 7 3
306 0 2 1114 3 25 4
307 1 3 1117 1397 14710 2095
308 0 1 1120 231 2235 346
309 1 5 1123 2765 30009 4147
310 0 7 1127 17 56 25
311 0 3 1131 2598 28120 3897
312 0 10 1135 6 18 9
313 0 3 1140 1 9 1
314 1 14 1144 1 4 1
315 1 1 1149 2 17 3
316 1 20 1151 531 2363 796
317 0 5 1156 5 41 7
318 0 17 1160 243 1018 364
319 1 4 1165 1 12 1
320 1 10 1169 1 5 1
321 1 5 1174 8 64 12
322 0 3 1178 1307 13721 1960
323 1 6 1182 1 9 1
324 1 2 1186 3 25 4
325 1 1 1189 187 1791 280
326 0 5 1191 295 2889 442
327 1 3 1195 11360 130888 17040
328 1 25 1199 8549 45918 12823
329 0 1 1204 1 9 1
330 1 6 1207 89 343 133
331 0 4 1211 7536 85365 11304
332 1 3 1215 1 9 1
333 1 3 1219 1 11 1
334 0 2 1223 4404 48768 6606
335 1 4 1226 1 9 1
336 0 3 1230 1 10 1
337 0 2 1234 3 25 4
338 1 2 1237 5 41 7
339 0 3 1240 20 170 30
340 1 1 1244 206 1982 309
341 0 3 1247 503 5053 754
342 0 1 1251 491 4927 736
343 1 2 1254 2051 21970 3076
344 1 6 1257 1 10 1
345 0 9 1261 6 18 9
346 0 1 1266 1 10 1
347 0 3 1268 1 9 1
348 0 8 1272 581 2603 871
349 1 1 1277 1 12 1
350 1 1 1279 34 298 51
351 1 9 1282 1 4 1
352 1 1 1287 1 9 1
353 1 11 1289 1 4 1
354 0 6 1294 8 64 12
355 1 4 1298 2 17 3
356 0 5 1302 1 10 1
357 0 2 1306 1 13 1
358 0 1 1309 3465 37976 5197
359 1 5 1312 6775 76404 10162
360 0 1 1316 1 9 1
361 0 1 1319 1 11 1
362 0 4 1321 1 11 1
363 1 1 1325 1 10 1
364 0 3 1328 1 9 1
365 0 5 1332 1 10 1
366 0 6 1336 12683 146792 19024
367 0 5 1340 5 41 7
368 1 53 1344 16297 91015 24445
369 1 1 1350 16 134 24
370 0 3 1353 9 72 13
371 0 1 1357 1 11 1
372 0 11 1360 2 6 3
373 0 6 1365 1 3 1
374 1 1 1369 7717 87502 11575
375 0 3 1371 57 513 85
376 1 34 1375 5403 28199 8104
377 0 3 1381 490 4917 735
378 0 2 1385 135 1272 202
379 0 71 1388 1 4 1
380 1 1 1394 10 81 15
381 0 6 1396 1 9 1
382 1 1 1400 5 41 7
383 0 3 1403 104 967 156
384 1 5 1407 2 17 3
385 0 1 1411 1 8 1
386 1 3 1413 1 9 1
387 0 21 1417 21 70 31
388 1 3 1422 20001 235800 30001
389 1 1 1426 1 9 1
390 1 2 1429 15 125 22
391 0 2 1432 4018 44319 6027
392 0 3 1435 1 10 1
393 0 1 1438 1048 10893 1572
394 1 3 1441 1 11 1
395 1 10 1445 1 5 1
396 1 7 1450 68 256 102
397 0 4 1455 1 11 1
398 0 1 1459 2 17 3
399 1 3 1461 891060 12105316 1336590
400 0 3 1465 1 11 1
401 0 4 1468 1 9 1
402 1 5 1472 2 17 3
403 0 3 1476 217 2093 325
404 1 2 1480 1 9 1
405 1 4 1483 162 1540 243
406 1 4 1487 1 10 1
407 0 1 1491 2 17 3
408 1 2 1493 11 90 16
409 0 2 1496 10907 125458 16360
410 1 2 1499 1 9 1
411 0 3 1502 13 107 19
412 1 2 1506 1 9 1
413 1 2 1509 1 8 1
414 0 3 1512 1 12 1
415 1 4 1516 2 17 3
416 0 2 1520 894 9225 1341
417 1 4 1523 5 40 7
418 1 8 1527 45 163 67
419 0 3 1532 1 11 1
420 0 5 1536 1 9 1
421 1 1 1540 170 1620 255
422 0 2 1542 29 251 43
423 0 2 1545 34 297 51
424 0 2 1548 1 12 1
425 0 2 1551 9 73 13
426 1 16 1554 1578 7592 2367
427 0 6 1559 1 9 1
428 0 7 1563 1 5 1
429 1 3 1567 121 1133 181
430 1 5 1571 1080 11241 1620
431 0 4 1575 1 9 1
432 1 2 1579 73 666 109
433 0 4 1582 50 447 75
434 1 11 1586 1 3 1
435 1 1 1591 8 64 12
436 0 2 1594 13 108 19
437 0 9 1597 1 4 1
438 0 6 1602 1 10 1
439 0 6 1606 1 11 1
440 1 3 1610 1 8 1
441 0 23 1614 990 4610 1485
442 0 3 1619 1 9 1
443 1 3 1623 42 372 63
444 1 2 1627 15 125 22
445 1 2 1630 356 3518 534
446 1 3 1633 369 3653 553
447 0 5 1637 1 9 1
448 0 4 1641 39 344 58
449 1 3 1645 22 188 33
450 1 1 1649 110 1026 165
451 0 19 1651 1028 4800 1542
452 0 4 1656 22 188 33
453 1 7 1660 58 215 87
454 1 2 1664 95 879 142
455 1 3 1667 10 81 15
456 1 2 1671 12 98 18
457 1 3 1674 1 10 1
458 1 3 1678 672 6843 1008
459 1 5 1682 1 9 1
460 1 5 1686 2 17 3
461 1 9 1690 1 4 1
462 1 5 1695 1 9 1
463 0 18 1699 1 3 1
464 1 2 1704 8 64 12
465 0 2 1707 3 25 4
466 0 2 1710 1 10 1
467 0 2 1713 155 1470 232
468 1 1 1716 2198 23617 3297
469 0 6 1719 1 9 1
470 0 3 1723 25 215 37
471 1 10 1727 1 4 1
472 1 3 1732 1 8 1
473 1 1 1736 32 279 48
474 1 1 1738 1 10 1
475 1 1 1739 39 344 58
476 0 6 1741 384 3808 576
477 0 8 1745 2515 12489 3772
478 1 11 1750 36 128 54
479 0 2 1755 1 9 1
480 1 2 1758 12 99 18
481 0 3 1761 3 25 4
482 0 8 1765 16 52 24
483 1 20 1770 1 3 1
484 0 3 1775 2 17 3
485 1 1 1779 2 17 3
486 1 4 1782 8 64 12
487 1 2 1786 54 485 81
488 0 3 1789 664 6758 996
489 0 3 1793 81231 1011518 121846
490 1 2 1797 17 143 25
491 1 4 1800 2 17 3
492 0 2 1804 7 56 10
493 1 55 1807 1 4 1
494 1 3 1813 1 11 1
495 0 2 1817 4 33 6
496 1 4 1820 15 125 22
497 1 3 1824 5 40 7
498 0 1 1828 7 56 10
499 0 10 1831 8 24 12
500 0 4 1836 1881 20072 2821
501 1 1 1840 6 48 9
502 1 5 1842 2 17 3
503 0 1 1846 1 10 1
504 1 4 1849 1 9 1
505 0 1 1853 28 242 42
506 1 7 1854 1 4 1
507 1 3 1859 95 879 142
508 1 3 1863 1 9 1
509 0 2 1867 5 41 7
510 0 9 1870 12 38 18
511 0 2 1875 15826 184826 23739
512 1 9 1878 40 143 60
513 1 80 1883 1 4 1
514 1 8 1889 4 12 6
515 0 5 1894 125 1173 187
516 0 16 1898 1 4 1
517 1 1 1903 322 3167 483
518 0 4 1906 14 116 21
519 0 3 1910 1 9 1
520 1 1 1914 480 4811 720
521 1 3 1917 1 9 1
522 1 2 1921 383 3798 574
523 1 5 1924 1 9 1
524 0 5 1928 307745 4026048 461617
525 1 1 1932 121 1133 181
526 1 23 1935 32 112 48
527 0 4 1940 2 17 3
528 0 1 1944 7 56 10
529 0 1 1947 16 134 24
530 1 4 1950 4 33 6
531 1 3 1954 84 772 126
532 0 1 1958 43 381 64
533 1 4 1961 19 161 28
534 1 4 1965 1 9 1
535 1 2 1969 51 457 76
536 1 15 1972 28 97 42
537 1 5 1977 1 9 1
538 0 1 1981 1 9 1
539 1 4 1984 54 485 81
540 0 23 1988 215 892 322
541 0 7 1993 1 3 1
542 0 1 1997 1 11 1
543 1 1 2000 1 10 1
544 0 2 2003 1 8 1
545 1 22 2006 1 4 1
546 0 5 2011 138 1302 207
547 0 1 2015 5 40 7
548 1 14 2017 6 18 9
549 0 3 2022 15 125 22
550 0 2 2026 12 98 18
551 1 8 2029 1 4 1
552 0 36 2034 1 4 1
553 0 2 2040 160 1520 240
554 1 4 2043 101 937 151
555 0 4 2047 3 25 4
556 0 4 2051 488 4895 732
557 0 1 2055 4 32 6
558 0 8 2058 1 5 1
559 1 2 2063 1 10 1
560 0 2 2066 1 9 1
561 1 1 2069 18 152 27
562 1 1 2071 64 580 96
563 0 4 2074 1 10 1
564 0 1 2078 1 12 1
565 1 2 2080 13 107 19
566 1 2 2083 362 3580 543
567 1 1 2086 1012 10502 1518
568 0 2 2089 1 10 1
569 0 1 2092 3 25 4
570 0 1 2094 67 608 100
571 0 2 2096 15 125 22
572 0 3 2099 19153 225410 28729
573 0 6 2103 24 206 36
574 1 1 2107 747 7644 1120
575 0 4 2110 2 17 3
576 0 4 2114 4 33 6
577 1 7 2118 1 3 1
578 0 10 2122 80 305 120
579 1 7 2127 98 381 147
580 0 1 2132 20 170 30
581 0 7 2134 1 4 1
582 1 7 2138 1 3 1
583 1 4 2143 1159 12102 1738
584 0 2 2147 3 25 4
585 1 28 2150 3 9 4
586 0 5 2156 1 9 1
587 0 2 2160 1 10 1
588 0 2 2163 2814 30564 4221
589 1 4 2166 46 410 69
590 1 2 2170 24 206 36
591 1 6 2173 1 5 1
592 1 8 2177 1 3 1
593 1 1 2182 1 9 1
594 1 6 2185 1 4 1
595 0 2 2189 1 11 1
596 1 2 2192 1 9 1
597 1 2 2195 7 56 10
598 0 2 2198 22 188 33
599 1 8 2201 2 6 3
600 1 2 2206 1222 12790 1833
601 1 12 2209 786 3600 1179
602 0 2 2214 54 485 81
603 0 11 2217 1 5 1
604 0 8 2222 11678 63930 17517
605 0 6 2227 18674054 147844458 28011081
606 1 3 2231 2269 24414 3403
607 0 1 2235 1 10 1
608 1 2 2237 1 9 1
609 0 2 2240 1 9 1
610 0 2 2243 614 6226 921
611 1 11 2246 6 18 9
612 1 3 2251 1 9 1
613 0 8 2255 4675 24175 7012
614 1 6 2260 8170 92859 12255
615 1 3 2264 6 48 9
616 1 1 2268 1 11 1
617 1 5 2270 5 40 7
618 0 13 2274 20 67 30
619 0 1 2279 38450 465190 57675
620 0 2 2282 27 233 40
621 0 1 2285 180 1720 270
622 0 1 2287 5 40 7
623 1 3 2290 5 40 7
624 0 3 2294 1 9 1
625 0 6 2298 2 17 3
626 0 8 2302 1278 6059 1917
627 1 2 2307 297 2909 445
628 0 6 2310 28 97 42
629 0 2 2314 5 41 7
630 1 10 2317 2 7 3
631 0 3 2322 7 56 10
632 0 7 2326 1 6 1
633 0 1 2331 1 8 1
634 0 3 2333 361 3570 541
635 0 2 2337 1 10 1
636 0 2 2340 12790 148081 19185
637 0 6 2343 2 17 3
638 0 3 2347 13 107 19
639 0 1 2351 1577 16696 2365
640 0 5 2353 162 1540 243
641 1 2 2357 2 17 3
642 0 2 2360 15 125 22
643 0 13 2363 100 389 150
644 0 1 2368 1 10 1
645 0 4 2371 2 17 3
646 0 1 2375 293 2868 439
647 0 4 2378 4500 49876 6750
648 1 2 2382 217 2093 325
649 1 3 2385 6 48 9
650 1 1 2389 1 10 1
651 1 6 2391 1 9 1
652 0 3 2395 321 3156 481
653 1 1 2399 11 90 16
654 1 1 2400 1 9 1
655 1 1 2403 1 10 1
656 0 3 2405 1 10 1
657 1 1 2409 63 570 94
658 1 1 2411 31 270 46
659 0 2 2413 3 25 4
660 0 7 2416 714 3247 1071
661 0 1 2420 15 125 22
662 0 2 2423 11718 135184 17577
663 1 1 2426 1 10 1
664 0 2 2428 56 504 84
665 0 9 2431 286 1214 429
666 0 7 2436 970 4511 1455
667 0 2 2441 111 1035 166
668 1 1 2444 1756 18681 2634
669 0 5 2447 1 11 1
670 0 7 2451 66 247 99
671 1 8 2456 67 252 100
672 0 4 2461 1162 12135 1743
673 1 3 2465 1 9 1
674 1 4 2469 130 1222 195
675 0 7 2473 15 48 22
676 1 1 2477 8 64 12
677 0 3 2479 106 986 159
678 1 2 2483 758 7762 1137
679 0 1 2486 1 10 1
680 1 3 2487 1 9 1
681 1 1 2491 1 9 1
682 0 3 2492 226 2184 339
683 0 9 2495 74 280 111
684 1 5 2500 135 1272 202
685 0 2 2504 1 9 1
686 1 1 2507 1 10 1
687 0 4 2509 4 33 6
688 0 1 2513 1 9 1
689 0 3 2515 7 56 10
690 0 4 2519 1 9 1
691 0 3 2523 205 1972 307
692 1 11 2527 283 1200 424
693 1 2 2532 908 9376 1362
694 0 1 2535 3 25 4
695 0 1 2538 8 64 12
696 0 2 2540 8 64 12
697 0 7 2543 5 15 7
698 1 4 2547 188748 2425634 283122
699 0 3 2551 1 9 1
700 1 2 2555 1861 19849 2791
701 0 2 2558 34 298 51
702 0 7 2561 44 159 66
703 1 3 2565 2 17 3
704 1 1 2569 1 9 1
705 0 2 2571 1 8 1
706 0 1 2574 1 9 1
707 0 52 2576 13986 77400 20979
708 0 19 2582 1 3 1
709 0 5 2587 8 64 12
710 0 2 2591 175794 2253248 263691
711 1 1 2594 12 99 18
712 0 2 2595 6 48 9
713 0 3 2598 2 17 3
714 1 1 2602 2 17 3
715 1 3 2605 1 9 1
716 1 4 2609 1 9 1
717 1 15 2613 62 231 93
718 0 1 2618 1 8 1
719 0 1 2621 9 73 13
720 1 2 2624 154 1460 231
721 0 10 2627 1 3 1
722 1 4 2632 2904 31585 4356
723 1 1 2636 1 8 1
724 0 9 2639 1 4 1
725 0 7 2644 1 4 1
726 1 4 2648 1 9 1
727 0 7 2652 1123 5276 1684
728 1 1 2656 277 2704 415
729 0 2 2659 9025 103002 13537
730 0 3 2662 1 13 1
731 1 4 2666 61 551 91
732 0 6 2670 23501 278855 35251
733 1 6 2674 38 334 57
734 0 4 2678 3 25 4
735 1 5 2682 1 10 1
736 0 1 2686 5 40 7
737 1 2 2687 1 9 1
738 1 11 2690 22 74 33
739 0 3 2695 2 17 3
740 0 1 2699 1 9 1
741 1 8 2702 4 12 6
742 1 2 2707 3 25 4
743 0 2 2710 2 17 3
744 0 16 2713 1 5 1
745 0 1 2718 1 12 1
746 0 2 2720 1 9 1
747 0 6 2723 7557 85613 11335
748 1 3 2727 5 41 7
749 0 3 2731 2 17 3
750 0 21 2735 1 3 1
751 1 33 2740 1 5 1
752 0 2 2746 1 9 1
753 0 4 2749 371 3673 556
754 0 15 2753 2 6 3
755 0 71 2758 47 171 70
756 1 7 2764 16 52 24
757 0 5 2768 4 33 6
758 0 1 2772 3 25 4
759 0 3 2774 2 17 3
760 1 4 2778 851 8761 1276
761 1 2 2782 1 9 1
762 0 61 2785 9 27 13
763 0 12 2791 345 1486 517
764 1 2 2796 87 801 130
765 0 3 2799 103 957 154
766 0 6 2803 5246 58526 7869
767 1 3 2807 10 81 15
768 0 3 2811 191 1831 286
769 0 2 2815 13 108 19
770 1 1 2818 9847 112789 14770
771 0 4 2819 1 9 1
772 1 8 2823 1 4 1
773 0 1 2828 1718 18259 2577
774 0 18 2830 1070 5010 1605
775 0 1 2835 3 25 4
776 0 2 2838 7 56 10
777 1 1 2841 82 753 123
778 1 8 2843 94 364 141
779 1 8 2848 1 4 1
780 1 10 2853 778 3561 1167
781 1 4 2858 3 25 4
782 1 2 2862 1 10 1
783 1 2 2865 1 10 1
784 1 1 2868 68 618 102
785 1 4 2869 2 17 3
786 1 1 2873 32373 389032 48559
787 0 4 2875 2 17 3
788 0 25 2879 2 7 3
789 0 3 2884 25 215 37
790 0 4 2888 5 40 7
791 1 3 2892 29 252 43
792 0 2 2896 12 99 18
793 1 5 2899 31363 376425 47044
794 0 2 2903 4 33 6
795 1 3 2906 10 81 15
796 1 3 2910 5 40 7
797 0 1 2914 1 8 1
798 0 1 2917 5 40 7
799 1 5 2920 69 628 103
800 1 2 2924 30 261 45
801 1 1 2927 19 161 28
802 0 7 2929 3352 16964 5028
803 0 4 2934 2 17 3
804 0 1 2938 3 25 4
805 0 16 2941 1102 5171 1653
806 1 2 2946 48 428 72
807 0 2 2949 468 4686 702
808 1 1 2952 6 48 9
809 1 3 2954 693 7067 1039
810 0 6 2958 1 9 1
811 0 4 2962 6 48 9
812 0 1 2966 2835 30802 4252
813 1 2 2968 82745 1031094 124117
814 1 4 2971 2 17 3
815 1 6 2975 3 10 4
816 1 6 2979 52 466 78
817 1 2 2983 6 48 9
818 1 1 2986 3 25 4
819 1 6 2988 7 56 10
820 1 1 2992 20 170 30
821 1 2 2995 1 8 1
822 0 2 2998 6 48 9
823 0 3 3001 41 363 61
824 1 2 3005 1 11 1
825 0 1 3008 1 9 1
826 1 1 3011 1 9 1
827 0 2 3014 47 419 70
828 0 2 3017 14 116 21
829 1 4 3020 261 2541 391
830 0 1 3024 2 17 3
831 0 1 3027 45 400 67
832 1 19 3030 1 4 1
833 0 8 3035 1 6 1
834 0 1 3040 27 233 40
835 1 4 3043 902 9311 1353
836 0 1 3047 21 179 31
837 1 2 3049 2 17 3
838 0 3 3052 12019 138801 18028
839 0 1 3056 253 2459 379
840 0 10 3058 1396 6660 2094
841 1 1 3063 1 12 1
842 1 2 3065 1 9 1
843 1 4 3068 4 33 6
844 1 6 3072 974 10090 1461
845 0 7 3076 2 7 3
846 1 1 3080 66 599 99
847 1 2 3083 2 17 3
848 1 1 3086 3731 41022 5596
849 0 5 3089 11 90 16
850 1 7 3093 1 5 1
851 0 3 3098 66261 818722 99391
852 0 12 3102 1 3 1
853 0 3 3107 1 9 1
854 0 5 3111 2486 26856 3729
855 1 1 3115 1 9 1
856 0 2 3118 3 25 4
857 0 2 3121 65 589 97
858 0 28 3124 1 3 1
859 1 2 3130 2 17 3
860 0 2 3133 1 15 1
861 1 16 3136 1 5 1
862 0 2 3141 1 9 1
863 0 3 3144 494 4958 741
864 1 1 3148 34 297 51
865 0 2 3151 1 9 1
866 0 2 3154 2 17 3
867 1 1 3157 423 4214 634
868 0 1 3159 3 25 4
869 0 6 3161 1 9 1
870 1 7 3165 1 4 1
871 0 6 3170 1 9 1
872 1 3 3174 2 17 3
873 1 2 3178 65 589 97
874 0 17 3181 141 565 211
875 0 3 3186 1 10 1
876 0 2 3190 679 6918 1018
877 0 3 3193 4 33 6
878 0 15 3197 2275 11221 3412
879 1 5 3202 1 11 1
880 1 3 3206 19 161 28
881 1 27 3210 14142 78315 21213
882 0 4 3216 1 12 1
883 0 10 3220 1 4 1
884 0 7 3225 1 3 1
885 1 2 3230 314 3084 471
886 0 19 3233 1 3 1
887 1 2 3238 9 72 13
888 1 1 3241 1 10 1
889 0 8 3243 21 70 31
890 1 1 3248 21 179 31
891 0 5 3251 41 363 61
892 0 1 3255 1 13 1
893 0 3 3258 1 10 1
894 0 1 3262 1 10 1
895 1 1 3265 38 334 57
896 0 5 3267 3 25 4
897 0 6 3271 3 25 4
898 0 1 3275 8 64 12
899 0 1 3277 1 9 1
900 1 4 3278 2 17 3
901 0 2 3282 2635 28538 3952
902 0 2 3285 121 1133 181
903 0 2 3288 1 11 1
904 0 3 3291 6 48 9
905 1 3 3295 1 8 1
906 0 2 3299 16 134 24
907 1 3 3302 49 437 73
908 1 1 3306 1 10 1
909 0 2 3308 1 9 1
910 0 3 3311 1 10 1
911 0 8 3315 669 3028 1003
912 1 3 3320 130 1222 195
913 1 16 3324 17 56 25
914 1 1 3329 8 64 12
915 1 9 3332 1291 6125 1936
916 1 10 3337 161 652 241
917 1 3 3342 1 9 1
918 0 5 3346 1 9 1
919 1 10 3350 1 3 1
920 0 3 3355 13 108 19
921 0 3 3359 1 11 1
922 0 3 3363 89 821 133
923 0 2 3367 1 9 1
924 0 4 3370 4 33 6
925 0 17 3374 1 5 1
926 0 3 3379 2367 25515 3550
927 0 6 3383 1 10 1
928 1 5 3387 53 475 79
929 0 1 3391 1 9 1
930 1 6 3394 1 9 1
931 1 1 3398 5 40 7
932 1 1 3400 52 466 78
933 0 6 3402 1019 10578 1528
934 1 12 3406 39 139 58
935 1 1 3411 1 8 1
936 1 6 3413 791 8116 1186
937 0 10 3417 2 7 3
938 0 1 3422 1 9 1
939 1 4 3425 3 25 4
940 1 3 3429 10 81 15
941 0 1 3433 16 134 24
942 0 1 3435 1 9 1
943 0 1 3438 21 179 31
944 0 1 3441 32 279 48
945 1 3 3444 48 428 72
946 1 1 3448 1 10 1
947 0 2 3450 32 279 48
948 1 2 3453 223 2154 334
949 1 3 3456 47 419 70
950 1 5 3460 1 9 1
951 0 31 3464 1 4 1
952 0 4 3470 5 41 7
953 0 2 3474 1 9 1
954 0 1 3477 1 10 1
955 1 3 3480 103 957 154
956 0 3 3484 2 17 3
957 1 1 3488 18 152 27
958 1 7 3490 1 4 1
959 0 1 3495 1 10 1
960 1 2 3497 1 9 1
961 0 6 3500 523 2325 784
962 0 1 3504 12969 150239 19453
963 0 3 3507 2284 24582 3426
964 0 4 3511 3026 32971 4539
965 1 4 3515 2014 21556 3021
966 0 1 3519 1 11 1
967 1 5 3521 48 428 72
968 1 2 3525 1 10 1
969 0 3 3528 1 9 1
970 1 8 3532 215 892 322
971 0 1 3537 41381 502089 62071
972 0 4 3540 2 17 3
973 1 1 3544 1 9 1
974 1 3 3546 28 242 42
975 1 2 3550 2 17 3
976 0 12 3553 6296 33178 9444
977 1 2 3558 1 10 1
978 0 3 3561 1 9 1
979 1 17 3565 15509 86359 23263
980 1 3 3570 21 179 31
981 1 1 3574 77 704 115
982 0 1 3576 404 4016 606
983 1 1 3578 34 297 51
984 1 8 3581 17 56 25
985 0 1 3586 1 9 1
986 0 1 3588 52 466 78
987 1 8 3590 1 4 1
988 0 1 3595 1 11 1
989 1 3 3598 1 9 1
990 1 3 3602 1076 11197 1614
991 1 1 3606 1 10 1
