0 0 4 5 1 9 1
1 1 5 13 1 10 1
2 0 10 21 1 8 1
3 0 2 31 24 75 36
4 0 1 37 180 1464 270
5 0 5 42 1 8 1
6 1 4 50 3 9 4
7 1 1 58 94 861 141
8 1 2 62 1 8 1
9 1 1 69 1 9 1
10 0 6 70 5926 75885 8889
11 1 4 79 1 5 1
12 0 2 87 188 815 282
13 0 4 93 1950 16989 2925
14 1 2 101 1 9 1
15 1 2 108 2 7 3
16 1 7 114 30239 275768 45358
17 1 3 123 1 4 1
18 1 2 131 3865 31544 5797
19 1 3 137 1 9 1
20 0 2 144 118 1185 177
21 0 3 150 2 20 3
22 0 11 158 29 251 43
23 1 1 168 1 9 1
24 1 1 173 3 26 4
25 1 5 178 73 253 109
26 0 2 186 1 8 1
27 0 7 193 4 12 6
28 1 4 202 6 49 9
29 1 1 210 1 9 1
30 1 9 214 1 3 1
31 1 3 223 2 17 3
32 0 3 230 1 9 1
33 1 11 237 12 45 18
34 0 8 247 686 7626 1029
35 1 4 256 11 97 16
36 1 7 264 1 10 1
37 0 3 273 10 106 15
38 0 1 280 3 9 4
39 1 3 285 1 9 1
40 1 7 292 12 101 18
41 1 1 301 67 226 100
42 0 4 304 1 3 1
43 0 3 312 34 163 51
44 0 1 319 3 10 4
45 1 1 322 3470 38308 5205
46 1 3 326 88 863 132
47 1 4 333 69116 625837 103674
48 1 2 341 1 11 1
49 0 1 348 1 9 1
50 0 7 352 21 225 31
51 1 2 361 538 5098 807
52 1 3 368 1 13 1
53 0 1 375 1 5 1
54 0 3 381 2 18 3
55 1 2 388 1 5 1
56 0 5 395 17 148 25
57 0 4 403 3 13 4
58 1 2 411 73 671 109
59 1 1 418 1 10 1
60 0 5 423 1 8 1
61 1 5 431 129 485 193
62 0 3 439 54 526 81
63 0 5 446 1 10 1
64 0 1 454 38 170 57
65 0 7 459 3 26 4
66 0 2 468 1 8 1
67 1 5 475 1 9 1
68 0 5 483 72 227 108
69 1 2 492 15 67 22
70 0 2 499 20 210 30
71 0 7 505 1 8 1
72 0 1 514 2 19 3
73 0 5 518 21 200 31
74 1 4 526 590 5774 885
75 0 5 534 53 581 79
76 1 1 542 1 9 1
77 0 2 546 26 278 39
78 1 2 552 15 188 22
79 0 10 559 2 19 3
80 0 9 568 3629 32950 5443
81 0 1 577 16 62 24
82 1 1 583 449 3804 673
83 1 2 588 1 8 1
84 0 9 594 1 3 1
85 0 2 603 12 99 18
86 1 2 609 1 8 1
87 0 11 615 1 3 1
88 1 1 625 13 163 19
89 1 3 631 2 6 3
90 1 1 638 109 980 163
91 0 4 643 188534 2181289 282801
92 0 1 651 1 3 1
93 0 1 655 349 4609 523
94 0 6 660 4 42 6
95 1 3 669 1 8 1
96 1 3 676 1 9 1
97 1 3 683 59356 556636 89034
98 1 1 691 12961 107952 19441
99 0 11 695 3 27 4
100 0 2 705 30 347 45
101 1 14 711 1 8 1
102 1 3 721 45 422 67
103 0 2 728 20 91 30
104 0 1 735 419 3422 628
105 0 15 740 1 9 1
106 1 4 750 4 32 6
107 0 1 758 425 3874 637
108 1 3 763 1 8 1
109 1 9 771 92 1040 138
110 1 1 780 1 8 1
111 0 1 785 5648 19305 8472
112 0 3 790 22 205 33
113 0 2 797 1 8 1
114 0 2 804 11 36 16
115 1 3 810 1 14 1
116 1 5 817 12 106 18
117 0 13 825 1 11 1
118 1 3 835 79 665 118
119 0 4 842 2 16 3
120 0 1 850 3 14 4
121 1 2 855 2 16 3
122 0 2 861 8 79 12
123 0 5 867 1 8 1
124 0 3 875 11391 114344 17086
125 1 1 882 1 8 1
126 0 6 887 3 34 4
127 0 2 896 15 146 22
128 1 3 902 1 9 1
129 1 2 910 28276 255383 42414
130 0 2 916 1 9 1
131 0 9 923 5 15 7
132 1 1 932 5 47 7
133 0 10 936 18 194 27
134 0 2 946 1 4 1
135 0 14 953 33 312 49
136 0 2 963 176 1454 264
137 1 16 970 1 4 1
138 1 1 980 1 9 1
139 0 5 985 40 383 60
140 1 6 994 1 8 1
141 1 9 1003 32884 318653 49326
142 0 1 1012 19504 110827 29256
143 1 1 1016 1 11 1
144 1 3 1021 1 8 1
145 0 7 1028 384 3337 576
146 0 2 1037 1 8 1
147 0 3 1043 1 9 1
148 0 10 1051 196 731 294
149 0 1 1061 11 102 16
150 0 26 1067 1 8 1
151 0 13 1078 26 225 39
152 1 3 1088 16 81 24
153 1 3 1095 497990 4438679 746985
154 1 5 1102 16 51 24
155 1 3 1110 471 1437 706
156 1 5 1117 118 1024 177
157 1 1 1125 345 3283 517
158 0 8 1129 125 387 187
159 0 2 1138 7 58 10
160 0 2 1144 2 24 3
161 1 5 1151 46 478 69
162 1 7 1159 306 2489 459
163 0 1 1168 196 2183 294
164 1 3 1174 21 69 31
165 1 2 1181 1 9 1
166 1 2 1187 13 115 19
167 0 3 1194 3 30 4
168 0 5 1202 2 17 3
169 0 1 1210 34 341 51
170 1 1 1216 7 57 10
171 1 1 1221 2 8 3
172 1 4 1226 5 57 7
173 1 3 1234 11 100 16
174 0 1 1241 3 26 4
175 1 2 1245 1895 18434 2842
176 1 6 1252 6162 58279 9243
177 1 2 1261 36 368 54
178 1 3 1268 1602 17871 2403
179 0 2 1275 1 9 1
180 1 2 1282 159 1505 238
181 1 1 1289 71 276 106
182 0 2 1294 2 20 3
183 1 1 1300 17 121 25
184 1 1 1306 3 13 4
185 1 3 1310 5 19 7
186 1 36 1317 129990 1134741 194985
187 1 5 1328 8 48 12
188 0 1 1336 2 16 3
189 1 6 1340 1 10 1
190 1 7 1349 1 9 1
191 0 1 1358 1 9 1
192 0 2 1363 199 2036 298
193 0 2 1369 3 25 4
194 0 2 1375 1 10 1
195 0 10 1381 30 250 45
196 1 2 1391 1 8 1
197 1 11 1397 26529 259713 39793
198 0 6 1407 1 8 1
199 1 1 1416 11 101 16
200 1 4 1421 86 817 129
201 1 1 1429 96 972 144
202 0 3 1432 19908 168405 29862
203 0 24 1439 6337 19779 9505
204 1 6 1450 1 3 1
205 0 1 1459 1 9 1
206 1 16 1463 509 4911 763
207 0 2 1473 17 166 25
208 1 3 1479 74 616 111
209 0 1 1486 29 331 43
210 0 2 1491 60 720 90
211 1 2 1497 63 189 94
212 0 2 1504 1 8 1
213 1 4 1511 37 312 55
214 1 1 1519 20915 259351 31372
215 0 2 1524 1 3 1
216 0 11 1530 65 607 97
217 0 2 1540 1 9 1
218 0 19 1546 1 10 1
219 1 4 1557 33 276 49
220 1 2 1565 39 173 58
221 0 3 1572 7 62 10
222 1 1 1579 1 9 1
223 0 6 1583 62 627 93
224 0 4 1592 3 26 4
225 1 9 1600 4 38 6
226 1 3 1609 6576 34987 9864
227 0 4 1617 1928 6525 2892
228 1 1 1625 1 9 1
229 0 4 1630 169 1392 253
230 0 8 1638 63 686 94
231 1 2 1647 1 10 1
232 0 38 1653 1 3 1
233 0 4 1664 19 208 28
234 0 3 1672 108 949 162
235 1 2 1680 1 8 1
236 1 12 1687 11 118 16
237 1 2 1697 1 10 1
238 0 1 1704 1 8 1
239 1 1 1710 681 5724 1021
240 1 2 1716 1254 11405 1881
241 0 2 1723 1 9 1
242 1 5 1730 1 3 1
243 1 5 1738 159 1355 238
244 1 1 1746 1495 15222 2242
245 0 2 1751 1 3 1
246 0 1 1758 1 9 1
247 0 2 1763 1 13 1
248 0 1 1769 3511 31178 5266
249 0 1 1774 1 9 1
250 1 3 1779 1 11 1
251 1 3 1786 121 487 181
252 0 2 1793 643 2318 964
253 1 3 1799 2 16 3
254 1 2 1806 128 1305 192
255 1 5 1813 1 10 1
256 0 4 1821 28 236 42
257 1 3 1829 217 2495 325
258 1 1 1836 87 807 130
259 1 3 1839 511 5250 766
260 1 6 1846 848 7381 1272
261 0 2 1855 11 105 16
262 0 9 1862 2 16 3
263 0 7 1871 2 16 3
264 1 2 1880 309 4069 463
265 1 2 1887 319 2558 478
266 0 4 1894 9 97 13
267 1 2 1902 2361 22295 3541
268 1 2 1909 2708 29670 4062
269 1 7 1915 1 9 1
270 0 11 1924 35 136 52
271 0 2 1934 2 20 3
272 1 2 1940 2 8 3
273 1 6 1946 2 17 3
274 0 3 1955 10805 105385 16207
275 0 6 1962 1 4 1
276 1 4 1971 1 8 1
277 1 1 1979 33 272 49
278 0 2 1985 4 35 6
279 0 4 1992 24 212 36
280 0 6 2000 3 9 4
281 0 2 2009 1 9 1
282 0 1 2015 1 10 1
283 1 7 2019 40149 431231 60223
284 1 1 2028 48 461 72
285 0 4 2034 1 11 1
286 1 7 2042 506 2393 759
287 0 4 2051 34 392 51
288 1 2 2059 94 873 141
289 1 3 2066 2 18 3
290 0 6 2074 1 8 1
291 0 1 2083 1 9 1
292 1 6 2087 47 591 70
293 0 2 2096 30 109 45
294 0 1 2102 1 11 1
295 0 4 2107 10 100 15
296 0 2 2115 1 3 1
297 0 4 2122 113 1111 169
298 1 2 2130 1 10 1
299 1 1 2136 42201 520413 63301
300 0 1 2141 5 56 7
301 0 1 2145 63 698 94
302 0 1 2147 1 9 1
303 1 6 2151 127 1047 190
304 0 1 2160 98 401 147
305 0 15 2166 1 11 1
306 1 2 2176 32 288 48
307 0 1 2182 1 10 1
308 0 2 2188 1 8 1
309 1 1 2195 1 9 1
310 0 1 2197 1 11 1
311 1 3 2202 1 8 1
312 0 9 2209 1 8 1
313 1 6 2218 6 19 9
314 1 2 2227 1 9 1
315 0 2 2233 1 9 1
316 0 2 2239 119 1123 178
317 0 51 2246 13 136 19
318 1 3 2258 1 8 1
319 0 1 2265 11 115 16
320 1 1 2270 2 18 3
321 1 1 2275 1 9 1
322 0 1 2280 1 9 1
323 1 3 2286 2 21 3
324 0 1 2294 23 197 34
325 0 6 2299 3 26 4
326 1 9 2308 110 1032 165
327 0 6 2317 1 12 1
328 0 1 2326 1081 8701 1621
329 0 1 2331 1 10 1
330 1 2 2335 1 4 1
331 1 3 2342 6189 26976 9283
332 1 8 2350 2844 23098 4266
333 1 1 2359 5 54 7
334 0 16 2365 1 9 1
335 0 18 2375 1 8 1
336 0 5 2385 1720 14552 2580
337 0 1 2393 1 8 1
338 1 4 2397 1 10 1
339 0 11 2405 18966 165739 28449
340 1 8 2415 1286 12406 1929
341 0 1 2424 1 8 1
342 1 5 2429 210 1803 315
343 0 1 2437 202 1891 303
344 0 3 2440 863 8046 1294
345 0 2 2447 300 910 450
346 0 2 2454 20 170 30
347 0 6 2461 2 25 3
348 1 1 2470 1 10 1
349 1 2 2475 196 1647 294
350 1 1 2482 1 11 1
351 0 5 2487 5 48 7
352 0 6 2495 2 19 3
353 0 4 2504 175 716 262
354 1 1 2512 1 9 1
355 0 1 2517 1 3 1
356 1 18 2523 3 25 4
357 0 2 2533 4966 51339 7449
358 1 4 2540 68215 691279 102322
359 0 2 2548 1 8 1
360 1 1 2555 827 3265 1240
361 0 31 2561 10 81 15
362 1 3 2572 1538 14016 2307
363 0 2 2579 1 10 1
364 1 3 2585 4758 38221 7137
365 0 1 2593 1 4 1
366 1 12 2597 1 4 1
367 1 8 2607 1 4 1
368 1 1 2616 1 8 1
369 1 1 2621 10 80 15
370 0 5 2626 1 10 1
371 1 2 2635 6 55 9
372 0 1 2642 1 4 1
373 0 6 2647 1 8 1
374 0 3 2656 1 9 1
375 1 4 2663 1 8 1
376 1 5 2671 1658 5006 2487
377 1 3 2679 64 643 96
378 0 4 2687 1 5 1
379 0 4 2695 2 18 3
380 0 8 2703 4540 46701 6810
381 1 3 2712 17 178 25
382 1 5 2719 251919 2298882 377878
383 0 4 2727 24 263 36
384 1 1 2735 1 10 1
385 1 2 2739 2 23 3
386 1 9 2746 2 13 3
387 0 1 2755 1 3 1
388 1 12 2759 5504 49550 8256
389 0 2 2769 1 3 1
390 0 4 2776 1 8 1
391 0 9 2784 1 8 1
392 1 6 2793 2399 22002 3598
393 1 3 2802 2 20 3
394 0 1 2810 16 60 24
395 0 1 2814 9 38 13
396 0 1 2819 2 16 3
397 0 6 2824 1 8 1
398 1 2 2833 1758 22965 2637
399 0 6 2839 49228 442356 73842
400 0 2 2848 1 9 1
401 1 4 2855 8 32 12
402 1 3 2863 524 4589 786
403 0 2 2871 1 10 1
404 1 1 2877 5 50 7
405 0 3 2883 1 10 1
406 0 3 2890 155 1754 232
407 1 3 2898 46149 453172 69223
408 0 1 2905 1 8 1
409 1 4 2911 2 21 3
410 1 3 2919 18 82 27
411 1 2 2926 32 283 48
412 0 2 2932 13 154 19
413 0 4 2938 1 8 1
414 1 2 2946 32 360 48
415 1 2 2952 1 5 1
416 0 2 2958 10 95 15
417 0 2 2964 16 137 24
418 1 2 2970 115 1144 172
419 1 10 2976 188 2109 282
420 1 1 2986 92 868 138
421 0 1 2990 113 1228 169
422 1 12 2994 1 3 1
423 1 19 3004 1675 17953 2512
424 1 4 3015 5508 47052 8262
425 1 3 3023 1 12 1
426 0 10 3030 1 10 1
427 1 3 3040 6629775 58987894 9944662
428 1 8 3047 15 147 22
429 1 10 3056 2 27 3
430 1 4 3066 3 30 4
431 1 1 3074 3574 30721 5361
432 0 6 3079 3849 39398 5773
433 1 6 3088 2 20 3
434 1 3 3097 109 897 163
435 0 1 3104 22190 222398 33285
436 0 2 3110 1 3 1
437 1 3 3117 29 235 43
438 0 1 3124 1 3 1
439 0 3 3129 1 10 1
440 1 1 3136 1 10 1
441 1 17 3141 83 321 124
442 1 2 3151 1 11 1
443 1 4 3157 1 8 1
444 1 2 3165 11 91 16
445 0 4 3171 1 9 1
446 0 7 3179 2 16 3
447 1 5 3188 2018487 19529733 3027730
448 0 4 3196 328097 2802881 492145
449 0 3 3204 6 64 9
450 0 18 3211 959892 8437107 1439838
451 1 3 3221 1 10 1
452 0 5 3228 9 77 13
453 0 4 3236 4 34 6
454 0 6 3244 1971 19784 2956
455 1 7 3253 1 10 1
456 1 1 3262 1 9 1
457 0 2 3268 1 3 1
458 0 6 3275 1 11 1
459 1 3 3284 10 35 15
460 0 12 3291 2029 20245 3043
461 0 6 3301 32587 273243 48880
462 1 1 3310 3240 34378 4860
463 1 3 3316 7935 70166 11902
464 0 2 3323 3 25 4
465 0 3 3330 1 10 1
466 0 18 3337 275 2441 412
467 0 1 3347 434 3913 651
468 0 4 3352 176 1500 264
469 0 3 3360 10 82 15
470 1 6 3367 40 134 60
471 1 13 3376 19 81 28
472 0 4 3386 97 906 145
473 1 9 3394 135 1467 202
474 1 2 3403 1 10 1
475 1 4 3409 2 17 3
476 1 4 3417 11 118 16
477 1 4 3425 88 771 132
478 1 12 3433 1 9 1
479 0 15 3443 1 9 1
480 1 1 3453 5831 48691 8746
481 0 3 3459 1 8 1
482 1 13 3467 22007 248988 33010
483 0 1 3477 1 4 1
484 0 1 3481 465 4857 697
485 1 2 3484 1 8 1
486 0 5 3491 1 8 1
487 0 10 3499 1 10 1
488 1 2 3509 1 11 1
489 1 2 3516 1 3 1
490 1 8 3523 1 9 1
491 1 3 3532 1 10 1
492 1 1 3539 1 8 1
493 0 4 3544 64 519 96
494 1 6 3552 1 11 1
495 0 1 3561 1 11 1
496 1 3 3563 119 1189 178
497 0 9 3570 625 2318 937
498 1 1 3579 1 4 1
499 0 1 3585 5 41 7
500 0 2 3589 229 1885 343
501 1 2 3596 1 8 1
502 1 1 3603 9 82 13
503 0 2 3606 4606 39140 6909
