0 0 6 5 8 24 12
1 0 1 23 2714 29432 4071
2 1 3 32 410 4079 615
3 0 1 46 4 33 6
4 1 1 57 2 17 3
5 1 3 67 1 12 1
6 1 3 82 1 12 1
7 0 4 97 434 4330 651
8 1 3 113 24 206 36
9 1 3 128 42 372 63
10 0 9 142 1 4 1
11 0 1 161 2 17 3
12 0 2 169 351 3466 526
13 0 1 181 8 64 12
14 0 9 191 1 5 1
15 1 4 210 1 9 1
16 0 1 226 32 279 48
17 0 3 235 4042 44595 6063
18 1 5 249 25 215 37
19 1 4 266 1 10 1
20 0 26 282 115 453 172
21 1 1 304 8 64 12
22 1 2 312 14 116 21
23 1 1 326 4 33 6
24 1 2 338 6 48 9
25 1 6 352 5 15 7
26 1 14 370 53 195 79
27 1 2 390 1 9 1
28 0 16 402 1 3 1
29 1 7 423 11 34 16
30 0 1 441 7 56 10
31 0 3 449 8 64 12
32 1 80 463 3 10 4
33 1 54 488 16 52 24
34 1 1 512 1 9 1
35 1 7 522 15055 83683 22582
36 0 5 540 10 81 15
37 0 12 557 1 4 1
38 0 2 577 2 17 3
39 0 7 589 26 89 39
40 0 1 607 4 33 6
41 1 26 617 3166 15963 4749
42 1 14 639 1 4 1
43 0 2 659 1 10 1
44 1 5 673 4 32 6
45 0 1 690 1 10 1
46 1 1 698 1 10 1
47 1 19 709 2 7 3
48 1 9 730 1 3 1
49 0 1 749 2 17 3
50 0 1 760 139 1311 208
51 0 1 771 1 9 1
52 0 1 778 15 125 22
53 1 11 788 45 163 67
54 1 3 808 1 11 1
55 1 2 823 1 10 1
56 0 3 836 1 9 1
57 0 8 850 17 56 25
58 0 7 869 5 15 7
59 1 13 887 1 4 1
60 1 7 907 12 38 18
61 1 1 925 254 2469 381
62 1 18 935 2 7 3
63 1 5 956 1 9 1
64 0 3 972 3 25 4
65 0 1 987 2 17 3
66 0 4 998 3 25 4
67 1 4 1014 1 11 1
68 1 3 1030 2075 22239 3112
69 1 9 1045 234 977 351
70 0 6 1064 9 73 13
71 1 35 1081 561 2507 841
72 0 7 1104 1 4 1
73 1 4 1122 1 10 1
74 0 9 1137 7 21 10
75 0 5 1156 188 1801 282
76 1 2 1173 271 2643 406
77 1 1 1185 1 11 1
78 0 2 1190 52 466 78
79 1 6 1202 1 9 1
80 1 9 1219 752 3433 1128
81 1 1 1238 2170 23303 3255
82 0 20 1243 56 207 84
83 0 8 1264 200 825 300
84 0 2 1282 486 4875 729
85 1 1 1295 1 11 1
86 1 4 1303 5 40 7
87 1 4 1319 1 9 1
88 0 1 1334 6 48 9
89 0 13 1345 3 9 4
90 1 1 1365 1 9 1
91 1 4 1371 17 143 25
92 1 10 1387 2 6 3
93 1 2 1406 1 10 1
94 0 3 1419 4 32 6
95 1 8 1434 2587 12871 3880
96 0 2 1452 1 10 1
97 0 1 1466 1 11 1
98 1 6 1475 8 64 12
99 0 8 1492 140 561 210
100 1 5 1510 1 11 1
101 1 11 1527 10152 55105 15228
102 1 3 1546 1 12 1
103 1 6 1561 23 197 34
104 1 2 1578 11 90 16
105 0 2 1590 4100 45263 6150
106 0 3 1603 16 134 24
107 1 1 1617 66 599 99
108 0 4 1627 2 17 3
109 0 4 1643 16 134 24
110 1 3 1659 1 10 1
111 1 1 1673 7 56 10
112 1 2 1682 18 152 27
113 1 4 1696 1 9 1
114 0 1 1712 9 72 13
115 1 5 1720 2 17 3
116 0 2 1737 1 8 1
117 0 62 1749 1084 5081 1626
118 0 1 1773 510 5127 765
119 1 17 1784 6 18 9
120 0 1 1805 39 344 58
121 0 7 1816 4 12 6
122 1 2 1834 1 10 1
123 1 2 1847 2445 26394 3667
124 0 2 1860 1 8 1
125 0 1 1872 175 1670 262
126 0 2 1882 27 233 40
127 1 4 1896 54 485 81
128 0 3 1912 608 6162 912
129 1 13 1927 1 4 1
130 1 3 1947 74 676 111
131 0 33 1962 9 27 13
132 0 10 1985 1 4 1
133 1 2 2004 44 391 66
134 0 3 2018 35 307 52
135 1 6 2033 135 1272 202
136 0 3 2051 997 10339 1495
137 0 1 2066 558582 7465111 837873
138 0 4 2077 1 9 1
139 1 4 2092 8 64 12
140 0 3 2108 1 10 1
141 1 1 2122 1 9 1
142 0 14 2130 284 1205 426
143 0 2 2150 1 8 1
144 0 3 2162 1 10 1
145 1 2 2177 77 705 115
146 0 4 2191 3914945 55926671 5872417
147 1 3 2207 35 307 52
148 0 3 2221 8 64 12
149 1 1 2235 41 363 61
150 0 2 2246 74 676 111
151 0 1 2259 1 9 1
152 1 12 2267 1 3 1
153 0 2 2287 2 17 3
154 1 8 2299 1 3 1
155 0 3 2317 1 11 1
156 1 1 2331 546 5506 819
157 0 7 2339 88996 547048 133494
158 0 2 2357 13091 151710 19636
159 0 12 2369 1 4 1
160 0 2 2389 6 48 9
161 0 23 2403 3 9 4
162 1 4 2425 1 11 1
163 1 1 2441 34 297 51
164 0 1 2452 12 99 18
165 1 3 2462 1 10 1
166 0 1 2477 1 10 1
167 1 26 2486 3111 15668 4666
168 1 1 2508 61 551 91
169 1 4 2516 31 270 46
170 1 4 2532 1 10 1
171 1 2 2548 4 32 6
172 0 5 2561 3 25 4
173 0 1 2578 39 344 58
174 0 2 2588 22 188 33
175 0 1 2600 1 10 1
176 1 2 2610 1 9 1
177 1 5 2622 4569 50674 6853
178 0 1 2638 14 116 21
179 0 2 2645 1 9 1
180 1 6 2659 39 344 58
181 1 2 2676 1 9 1
182 0 2 2690 2 17 3
183 0 1 2702 26 224 39
184 0 1 2712 1 9 1
185 0 1 2722 1 10 1
186 1 3 2730 59 532 88
187 0 2 2744 1 10 1
188 0 15 2758 1 4 1
189 0 3 2778 1141 11905 1711
190 0 1 2792 15 125 22
191 1 33 2803 30 104 45
192 1 1 2826 1 10 1
193 1 1 2835 1 11 1
194 1 1 2844 227746 2947037 341619
195 0 8 2852 841 3871 1261
196 0 5 2871 356 3518 534
197 1 4 2888 1 11 1
198 0 1 2904 1 9 1
199 1 4 2914 3 25 4
200 0 6 2930 1 11 1
201 0 2 2947 2 17 3
202 0 3 2960 1 9 1
203 1 3 2974 47 419 70
204 0 3 2988 97 898 145
205 0 1 3002 1 9 1
206 0 2 3009 161 1530 241
207 1 7 3021 8 24 12
208 1 8 3039 3 10 4
209 1 6 3057 3 25 4
210 1 3 3074 1 9 1
211 1 5 3089 2901 31551 4351
212 1 3 3106 1 10 1
213 1 2 3120 6 48 9
214 1 1 3133 22 188 33
215 1 2 3139 29 252 43
216 0 2 3152 4 33 6
217 0 3 3165 1085 11295 1627
218 0 3 3180 1 10 1
219 1 32 3195 385 1672 577
220 1 5 3218 1 9 1
221 0 2 3235 36 316 54
222 1 2 3249 1 10 1
223 0 9 3263 3432 17396 5148
224 1 4 3282 3 25 4
225 1 2 3298 1 8 1
226 0 1 3311 1 9 1
227 1 2 3321 2 17 3
228 1 1 3333 1 9 1
229 0 1 3340 14025 162991 21037
230 0 6 3348 1 10 1
231 0 3 3365 1 9 1
232 1 5 3380 2 17 3
233 1 1 3396 150 1420 225
234 0 2 3405 421 4194 631
235 1 7 3419 3 10 4
236 1 13 3437 2 7 3
237 0 11 3457 6684 35356 10026
238 0 3 3476 1 9 1
239 0 2 3491 10 81 15
240 1 2 3503 2469996 34746832 3704994
241 0 12 3516 204 843 306
242 0 14 3536 1 3 1
243 1 1 3556 68 618 102
244 1 2 3563 59432 731285 89148
245 0 8 3575 160 648 240
246 1 8 3593 1 4 1
247 1 1 3612 1 9 1
