0 1 1 5 7 56 10
1 1 2 6 583 5898 874
2 1 3 9 1 9 1
3 0 1 13 16 134 24
4 1 9 15 8 24 12
5 1 2 20 3 25 4
6 1 3 23 1 9 1
7 1 35 27 615 2767 922
8 0 5 33 110 432 165
9 1 2 37 107 996 160
10 1 26 40 1 3 1
11 1 1 45 1 10 1
12 1 2 47 13 107 19
13 0 1 50 3 25 4
14 0 1 51 50 447 75
15 1 1 54 200 1921 300
16 0 4 57 7 21 10
17 0 5 61 3 9 4
18 1 2 65 11 90 16
19 1 12 68 3 10 4
20 0 2 73 73 666 109
21 0 1 76 1 9 1
22 1 3 79 2 6 3
23 1 35 83 1 3 1
24 1 2 89 65 590 97
25 0 15 92 1898 9248 2847
26 1 2 97 523 5264 784
27 0 7 100 803 3683 1204
28 1 5 104 1 4 1
29 1 9 108 42 151 63
30 1 2 113 1 10 1
31 1 1 116 137 1291 205
32 0 2 119 2 17 3
33 0 2 122 1 10 1
34 0 7 125 233 973 349
35 1 2 130 126 1183 189
36 1 6 133 1 4 1
37 0 2 137 696 7099 1044
38 0 4 140 1 4 1
39 0 8 144 9 27 13
40 1 1 149 1 9 1
41 1 2 152 161 1530 241
42 1 4 155 64 239 96
43 0 2 159 12 98 18
44 0 11 162 1 4 1
45 1 3 167 27528 328698 41292
46 0 6 171 1 3 1
47 1 1 175 4 33 6
48 1 1 178 97 898 145
49 1 2 180 1 9 1
50 0 3 183 1 3 1
51 1 2 187 15 125 22
52 1 13 190 428 1874 642
53 1 4 195 2 7 3
54 0 2 199 183 1750 274
55 1 6 202 24 82 36
56 0 12 206 1 4 1
57 0 2 211 904 9333 1356
58 0 1 214 1 10 1
59 0 4 217 1 3 1
60 1 1 221 75 685 112
61 0 2 223 47288 576745 70932
62 1 4 226 299 1273 448
63 0 2 230 37 325 55
64 1 7 233 1 3 1
65 1 4 237 12 38 18
66 1 3 241 1 11 1
67 1 2 245 1 9 1
68 0 1 248 458 4580 687
69 0 4 250 7 21 10
70 1 1 254 294 2879 441
71 1 2 257 7 56 10
72 0 1 260 31 270 46
73 1 7 262 5 15 7
74 1 15 266 3777 19265 5665
75 0 2 271 1 9 1
76 0 4 274 11 34 16
77 0 3 278 38 135 57
78 0 1 282 1112 11589 1668
79 0 1 284 1 11 1
80 1 1 286 1 10 1
81 1 3 288 1113 5226 1669
82 1 1 292 3 25 4
83 0 3 294 1 4 1
84 0 1 298 124 1163 186
85 0 4 300 1 4 1
86 1 2 304 1 13 1
87 1 3 307 52 191 78
88 0 2 311 125 1173 187
89 0 1 314 636 6460 954
90 1 1 316 12 99 18
91 1 73 318 16 52 24
92 0 1 324 7742 87797 11613
93 1 15 326 2 6 3
94 1 22 331 9 27 13
95 1 2 336 396 3933 594
96 1 2 339 10 81 15
97 1 4 342 20359 115200 30538
98 1 62 346 199 820 298
99 0 5 352 267377 1740927 401065
100 0 1 356 1 11 1
101 1 7 358 30 104 45
102 1 4 363 2 7 3
103 1 2 367 12 99 18
104 0 4 370 1 4 1
105 1 9 374 120 474 180
106 0 23 379 6 18 9
107 1 2 384 59 532 88
108 1 2 387 142 1341 213
109 0 5 390 20 66 30
110 0 3 394 1 4 1
111 0 3 398 1 9 1
112 0 2 402 3254 35567 4881
113 0 1 405 11 90 16
114 1 1 408 1 11 1
115 1 1 411 3 25 4
116 1 6 413 58 215 87
117 0 11 417 140 561 210
118 0 2 422 9 73 13
119 1 3 425 588869 3988151 883303
120 1 9 429 1 5 1
121 0 1 434 2 17 3
122 1 3 437 25 215 37
123 1 1 441 1 9 1
124 0 1 443 3 25 4
125 1 8 445 1 4 1
126 1 3 450 7 56 10
127 1 2 454 12 99 18
128 0 43 457 1 3 1
129 0 8 463 61 227 91
130 0 3 468 1 9 1
131 0 2 472 1 8 1
132 1 5 475 1 4 1
133 0 2 479 22832 270605 34248
134 1 15 482 8 24 12
135 1 2 487 1346 14150 2019
136 1 6 490 1 3 1
137 1 96 494 1 5 1
138 0 15 500 26 89 39
139 1 1 505 4 33 6
140 1 6 507 178 727 267
141 1 2 511 3 25 4
142 1 3 514 225871 1458059 338806
143 0 1 518 17 143 25
144 1 106 520 82 314 123
145 0 1 526 1 10 1
146 0 2 529 36 316 54
147 0 1 532 241314 3129213 361971
148 0 1 534 4614 51195 6921
149 0 2 536 215 2073 322
150 1 6 539 1 4 1
151 0 5 543 1 3 1
152 0 1 547 1 10 1
153 1 3 550 32 279 48
154 0 4 554 13 41 19
155 0 3 558 55 203 82
156 1 1 562 1 9 1
157 0 8 563 1 3 1
158 1 2 568 36860 445217 55290
159 0 1 571 11 90 16
160 1 3 574 25 215 37
161 0 2 578 1 12 1
162 0 4 581 1 3 1
163 1 3 585 1 3 1
164 1 2 589 904 9333 1356
165 1 10 592 43 155 64
166 0 3 597 1402 6691 2103
167 0 10 601 5 15 7
168 1 3 606 608 2733 912
169 1 1 610 1 9 1
170 0 7 611 68 256 102
171 1 1 615 2 17 3
172 1 8 618 4 12 6
173 0 5 623 1 4 1
174 0 3 627 6678 35322 10017
175 0 2 631 977 10122 1465
176 1 1 634 1 8 1
177 0 2 636 5 40 7
178 1 3 639 1 10 1
179 1 1 643 5439 60772 8158
180 1 16 646 97 377 145
181 0 1 651 3 25 4
182 0 3 654 1962 9582 2943
183 0 5 658 10 31 15
184 1 13 662 4 12 6
185 0 10 667 696 3160 1044
186 0 1 672 47 419 70
187 0 5 674 1 4 1
188 0 51 678 93 360 139
189 1 4 684 17 56 25
190 1 1 688 132 1242 198
191 0 4 690 6 18 9
192 1 2 694 28 242 42
193 1 3 697 7 56 10
194 0 2 701 1 9 1
195 0 6 704 1 5 1
196 0 3 708 7362 83313 11043
197 0 2 712 1 9 1
198 0 2 715 61 551 91
199 1 2 718 108 1006 162
200 1 7 721 24 82 36
201 1 5 725 1 5 1
202 0 8 729 1 5 1
203 1 2 734 321 3156 481
204 0 2 737 175543 2249912 263314
205 0 1 740 1 9 1
206 1 6 742 3 9 4
207 0 7 746 26 89 39
208 0 2 750 1 11 1
209 0 3 753 4992 55575 7488
210 0 3 757 1 9 1
211 0 4 761 1 4 1
212 0 6 765 1669 8061 2503
213 1 6 769 59 219 88
214 1 6 773 272007 1772620 408010
215 1 22 777 1 5 1
216 1 2 782 3 25 4
217 0 1 785 3983761 56942572 5975641
218 0 1 787 211 2032 316
219 0 2 790 1 10 1
220 0 1 793 1 9 1
221 1 3 796 200 825 300
222 1 1 800 275 2684 412
223 1 4 803 23 78 34
224 1 1 807 1 11 1
225 1 6 810 10921 59543 16381
226 1 10 814 110 432 165
227 0 7 819 261 1100 391
228 1 3 823 5 15 7
229 1 12 827 1 3 1
230 1 56 832 23 78 34
231 0 1 838 1234 12922 1851
232 0 2 840 1 9 1
233 1 2 843 1 9 1
234 0 17 846 50 183 75
235 1 3 851 37 131 55
236 1 4 855 3 9 4
237 0 2 859 1 10 1
238 0 1 862 1 10 1
239 0 4 864 1 4 1
240 0 1 868 1 9 1
241 0 3 871 140 1321 210
242 1 3 875 2 7 3
243 1 1 879 2 17 3
244 1 2 882 18 152 27
245 0 7 885 349 1504 523
246 1 1 890 1279 13414 1918
247 1 10 892 10 31 15
248 1 1 897 3 25 4
249 0 2 899 29 252 43
250 0 1 902 1 8 1
251 0 3 904 4 12 6
252 1 1 908 1 9 1
253 0 3 909 119 470 178
254 1 3 913 1 5 1
255 1 4 917 1 3 1
256 0 2 921 470 4707 705
257 1 4 924 8 24 12
258 0 2 928 1 12 1
259 0 1 931 1 9 1
260 1 2 934 19014 223709 28521
261 1 6 937 312 1333 468
262 1 5 941 1 4 1
263 1 2 945 281 2745 421
264 0 2 948 206 1982 309
265 1 3 951 68 256 102
266 1 6 955 4 12 6
267 0 1 959 22 188 33
268 0 3 961 6 18 9
269 0 2 965 1 9 1
270 1 4 968 36 127 54
271 1 6 972 1 3 1
272 0 1 976 286 2797 429
273 0 2 979 2 17 3
274 0 3 982 1 9 1
275 1 3 986 1 4 1
276 0 3 990 432 1893 648
277 0 3 994 4 33 6
278 1 2 998 2 17 3
279 1 5 1001 54 199 81
280 0 5 1005 52 191 78
281 1 2 1009 20 170 30
282 1 1 1012 1 10 1
283 1 2 1014 1 11 1
284 0 3 1017 47 171 70
285 1 2 1021 96 888 144
286 1 2 1024 508 5106 762
287 0 1 1027 33857 407584 50785
288 0 3 1030 1 6 1
289 0 14 1034 3 10 4
290 1 1 1039 1 10 1
291 0 1 1040 17 143 25
292 1 1 1042 21 179 31
293 1 1 1044 11 90 16
294 1 1 1046 49 438 73
295 1 1 1048 1 10 1
296 1 11 1050 474 2091 711
297 1 1 1055 2 17 3
298 1 2 1056 4 33 6
299 0 1 1059 42 372 63
300 0 1 1062 63 570 94
301 0 1 1064 26 224 39
302 0 7 1067 1333 6339 1999
303 0 5 1071 53 195 79
304 1 1 1075 1 9 1
305 0 1 1078 1 9 1
306 1 3 1081 20 67 30
307 0 6 1085 1 4 1
308 0 5 1089 64 239 96
309 1 4 1093 7 21 10
310 0 6 1097 14 45 21
311 1 2 1101 1 9 1
312 1 1 1104 1 9 1
313 0 6 1105 1 4 1
314 0 7 1109 1 4 1
315 0 7 1114 1 4 1
316 1 2 1118 1 9 1
317 0 1 1121 3245 35465 4867
318 1 1 1123 495 4969 742
319 0 3 1126 1205796 16553623 1808694
320 1 1 1130 61 551 91
321 1 25 1132 8 24 12
322 1 5 1137 3 10 4
323 1 1 1141 3 25 4
324 0 15 1143 403 1756 604
325 1 4 1148 1 4 1
326 0 6 1152 120 474 180
327 0 2 1156 1 9 1
328 1 5 1159 1 4 1
329 1 3 1163 2 6 3
330 0 1 1167 10 81 15
331 0 3 1169 83 763 124
332 0 4 1173 62 231 93
333 0 3 1177 1 4 1
334 0 14 1181 174 710 261
335 0 7 1186 1 6 1
336 0 2 1190 11 90 16
337 1 2 1193 4 33 6
338 1 5 1196 1 4 1
339 1 2 1200 3 25 4
340 0 1 1203 1 9 1
341 1 2 1206 1 10 1
342 1 5 1209 3 9 4
343 0 1 1213 64 580 96
344 0 3 1215 19 63 28
345 0 10 1219 1 3 1
346 0 1 1224 1 10 1
347 0 8 1227 391 1700 586
348 0 1 1232 276 2694 414
349 0 4 1235 1 4 1
350 1 4 1239 1 3 1
351 0 5 1243 1 5 1
352 1 1 1247 1 9 1
353 0 3 1249 872 4024 1308
354 1 6 1253 1 3 1
355 0 1 1257 381 3777 571
356 1 1 1260 10016 114806 15024
357 1 2 1262 8 64 12
358 1 4 1265 5 15 7
359 0 4 1269 1357 6461 2035
360 0 2 1273 182707 2345189 274060
361 1 1 1276 4 33 6
362 1 2 1279 1 10 1
363 0 2 1282 119 1114 178
364 0 3 1285 4 13 6
365 1 3 1289 723 3291 1084
366 0 8 1293 18 59 27
367 0 2 1298 142 1341 213
368 0 1 1301 6 48 9
369 1 2 1303 3 25 4
370 0 2 1306 1 9 1
371 1 6 1309 2 6 3
372 1 42 1313 1 4 1
373 1 6 1319 1 4 1
374 0 1 1323 65 590 97
375 0 4 1325 125 496 187
376 0 4 1329 54 199 81
377 1 1 1333 1 11 1
378 0 1 1335 1 9 1
379 0 4 1336 1 3 1
380 1 1 1340 1 9 1
381 0 6 1342 110 432 165
382 0 1 1346 1 9 1
383 0 2 1348 349 3445 523
384 1 1 1351 1 10 1
385 1 2 1354 1 11 1
386 1 6 1357 1 5 1
387 1 5 1361 1 5 1
388 1 37 1365 71 268 106
389 1 1 1371 1 9 1
390 0 1 1373 1 9 1
391 0 1 1376 1 9 1
392 1 1 1378 9 73 13
393 0 1 1381 1 10 1
394 1 2 1383 4 33 6
395 1 6 1386 76 289 114
396 1 1 1390 48745 595215 73117
397 0 3 1392 52 466 78
398 1 1 1396 1 9 1
399 0 36 1399 1 4 1
400 0 2 1405 1 10 1
401 1 11 1408 1 3 1
402 0 4 1413 349 1504 523
403 1 6 1417 3 9 4
404 0 5 1421 2488 12346 3732
405 0 5 1425 1 4 1
406 1 3 1429 247 1036 370
407 1 2 1433 20 170 30
408 1 1 1436 1 8 1
409 0 10 1438 176731 1126491 265096
410 1 3 1443 4 33 6
411 1 2 1447 2 17 3
412 0 1 1450 1 10 1
413 0 3 1452 9 73 13
414 0 25 1456 618 2781 927
415 0 2 1461 1 10 1
416 1 7 1464 71 268 106
417 1 7 1469 215 892 322
418 1 2 1474 3 25 4
419 0 5 1477 381 1653 571
420 1 1 1481 1 10 1
421 0 6 1484 1 4 1
422 0 9 1488 1 4 1
423 1 4 1493 4 13 6
424 0 13 1497 3 10 4
425 1 6 1502 2 6 3
426 0 2 1506 289 2827 433
427 1 1 1509 36 316 54
428 0 2 1511 1 10 1
429 1 6 1514 60 223 90
430 0 3 1518 4756 52838 7134
431 0 3 1522 1 4 1
432 1 2 1526 39 344 58
433 0 12 1529 7 21 10
434 1 8 1534 1 4 1
435 1 3 1539 1 4 1
436 1 35 1543 1 3 1
437 1 1 1549 110 1026 165
438 1 4 1550 12 38 18
439 1 5 1554 1 4 1
440 1 4 1558 11223 61291 16834
441 0 1 1562 127 1193 190
442 0 2 1564 1 9 1
443 0 11 1567 1 3 1
444 1 6 1572 13 41 19
445 1 1 1576 3 25 4
446 0 5 1578 34 120 51
447 0 2 1582 12 99 18
448 1 2 1585 39 344 58
449 1 5 1588 7 21 10
450 0 3 1592 1 5 1
451 1 4 1596 7382 39291 11073
452 0 4 1600 2 7 3
453 0 2 1604 1 10 1
454 0 4 1607 41 147 61
455 0 1 1611 82 753 123
456 0 2 1614 619 6279 928
457 1 3 1617 70 637 105
458 0 3 1621 13 41 19
459 1 1 1625 1 9 1
460 0 2 1628 47 419 70
461 0 3 1631 1 5 1
462 1 5 1635 13 41 19
463 1 2 1639 6 48 9
464 1 3 1642 216 897 324
465 0 1 1646 980 10155 1470
466 1 2 1649 55 494 82
467 1 1 1652 11403 131403 17104
468 0 4 1654 1 5 1
469 1 24 1658 1 4 1
470 0 10 1663 19 63 28
471 0 4 1668 1 4 1
472 0 5 1672 1 3 1
473 1 5 1676 111 436 166
474 1 22 1680 1 4 1
475 1 5 1685 1 4 1
476 1 2 1689 45826 558233 68739
477 1 1 1692 475 4759 712
478 0 2 1695 2 17 3
479 0 5 1698 1 3 1
480 1 7 1702 1 4 1
481 0 5 1707 1835 8920 2752
482 1 6 1711 54 199 81
483 0 2 1715 28 243 42
484 0 8 1718 6 18 9
485 0 22 1723 183 749 274
486 1 5 1728 53 195 79
487 0 2 1732 1 11 1
488 1 3 1735 83 318 124
489 0 4 1739 1 4 1
490 0 37 1743 1 3 1
491 1 1 1749 1 9 1
492 1 3 1752 118421 739121 177631
493 1 3 1756 2 7 3
494 0 2 1760 1 11 1
495 1 7 1763 124 492 186
496 1 7 1767 1 4 1
497 1 6 1771 1 4 1
498 1 3 1775 159 1510 238
499 0 7 1779 65 243 97
500 1 4 1784 2 6 3
501 1 1 1788 29 251 43
502 0 2 1790 2522 27262 3783
503 0 3 1793 1 9 1
504 1 5 1797 1 5 1
505 0 5 1801 2 7 3
506 0 6 1805 1 4 1
507 1 4 1809 1 3 1
508 0 1 1813 1 9 1
509 1 3 1815 4975 25829 7462
510 0 2 1819 1 10 1
511 0 4 1822 9 27 13
512 1 1 1826 2 17 3
513 1 2 1828 1 11 1
514 0 3 1831 55 203 82
515 0 2 1835 1 9 1
516 1 4 1838 1 6 1
517 1 15 1842 73 276 109
518 1 9 1847 4 13 6
519 1 3 1852 15 125 22
520 1 2 1856 100 928 150
521 0 4 1859 180 736 270
522 0 2 1863 2 17 3
523 1 1 1866 12 99 18
524 0 3 1869 2 7 3
525 0 1 1873 7 56 10
526 1 4 1875 1 4 1
527 0 4 1879 17 56 25
528 1 11 1883 199 820 298
529 1 4 1888 1146 5392 1719
530 0 7 1892 6553 34620 9829
531 1 8 1896 2 7 3
532 0 1 1901 1699 18048 2548
533 1 2 1904 1 9 1
534 1 5 1907 2488 12346 3732
535 0 2 1911 2 17 3
536 0 2 1914 1 10 1
537 1 4 1917 87 334 130
538 1 19 1921 1 3 1
539 1 1 1926 12 99 18
540 0 1 1928 2 17 3
541 1 3 1930 6 48 9
542 0 4 1934 508 2253 762
543 1 4 1938 667 3019 1000
544 1 6 1942 13 41 19
545 1 1 1946 14 116 21
546 1 1 1949 1 9 1
547 1 5 1950 53 195 79
548 1 8 1954 117 462 175
549 1 12 1959 172 701 258
550 0 2 1964 1 9 1
551 0 10 1967 2 7 3
552 0 2 1972 1 10 1
553 1 2 1975 1 10 1
554 1 8 1978 1 3 1
555 1 5 1983 99 385 148
556 1 2 1987 132 1242 198
557 0 12 1990 446 1959 669
558 0 1 1995 2 17 3
559 1 2 1997 1 10 1
560 0 1 2000 40 353 60
561 0 3 2002 19 161 28
562 1 3 2006 42 151 63
563 1 2 2010 2552 27600 3828
564 1 3 2013 1 4 1
565 1 6 2017 3 10 4
566 1 2 2021 1 9 1
567 0 1 2024 1 9 1
568 0 1 2027 26 224 39
569 1 2 2030 1 11 1
570 1 2 2033 2 17 3
571 1 14 2036 40 143 60
572 1 2 2041 22 188 33
573 1 5 2044 1 3 1
574 1 1 2048 1 10 1
575 1 4 2050 1 4 1
576 0 2 2054 1 9 1
577 0 2 2057 13 107 19
578 0 2 2060 975 10101 1462
579 0 2 2063 14 116 21
580 1 4 2066 32 112 48
581 1 3 2070 39 139 58
582 1 2 2074 1 9 1
583 1 6 2077 1 4 1
584 1 5 2081 9 27 13
585 1 1 2085 47 419 70
586 1 5 2088 2 7 3
587 0 5 2092 434 1902 651
588 1 2 2096 13 108 19
589 1 2 2099 1 9 1
590 1 5 2102 1 4 1
591 1 8 2106 25576 146652 38364
592 0 1 2111 1 9 1
593 1 1 2112 15 125 22
594 1 4 2115 1 3 1
595 0 2 2119 100 928 150
596 1 1 2122 18 152 27
597 0 2 2124 1 9 1
598 1 3 2127 3 9 4
599 0 1 2131 9 73 13
600 1 2 2133 41 363 61
601 1 5 2136 84 322 126
602 1 7 2140 383 1663 574
603 0 1 2144 1 9 1
604 0 2 2146 1 9 1
605 0 6 2149 1 4 1
606 0 5 2153 1 5 1
607 0 7 2157 5 15 7
608 1 2 2162 1 8 1
609 1 3 2165 42 151 63
610 1 5 2169 1 3 1
611 1 18 2173 1 4 1
612 0 5 2178 13 41 19
613 1 2 2182 2 17 3
614 0 6 2185 3 10 4
615 0 6 2189 2563 12743 3844
616 0 1 2193 2 17 3
617 0 2 2196 1 9 1
618 0 7 2199 81 310 121
619 0 1 2203 8 64 12
620 0 1 2206 384 3808 576
621 0 4 2209 1 3 1
622 1 6 2213 2 7 3
623 1 3 2217 28 97 42
624 1 6 2221 3 10 4
625 1 4 2225 1 6 1
626 0 1 2229 48 428 72
627 1 19 2232 70 264 105
628 0 3 2237 1 3 1
629 1 2 2241 388 3850 582
630 0 8 2244 3 10 4
631 1 3 2249 420 4183 630
632 1 3 2253 1 6 1
633 1 5 2257 38 135 57
634 1 2 2261 1 12 1
635 1 7 2264 2897 14522 4345
636 1 4 2269 14 45 21
637 0 3 2273 2 17 3
638 1 1 2277 2 17 3
639 1 28 2280 1 6 1
640 1 8 2286 1 4 1
641 0 1 2291 1 11 1
642 0 2 2294 996 10328 1494
643 1 1 2297 170 1620 255
644 0 15 2300 142 569 213
645 0 2 2305 1 8 1
646 1 17 2308 2 6 3
647 1 5 2313 66 248 99
648 0 18 2317 134 535 201
649 1 2 2322 1 9 1
650 0 21 2325 1 5 1
651 1 3 2330 1 6 1
652 0 10 2334 2 7 3
653 0 2 2339 1879 20049 2818
654 1 2 2342 2 17 3
655 0 2 2345 26 224 39
656 0 2 2348 1 10 1
657 0 3 2351 1 4 1
658 0 2 2355 127 1193 190
659 1 4 2358 1 7 1
660 1 1 2362 81 743 121
661 1 3 2365 5 15 7
662 1 5 2369 233 973 349
663 1 2 2373 82 753 123
664 0 13 2376 101 393 151
665 0 2 2381 197 1891 295
666 0 25 2384 88 339 132
667 1 3 2389 6 18 9
668 0 2 2393 18531 217800 27796
669 1 2 2396 170 1620 255
670 0 1 2399 1 9 1
671 1 1 2402 627 6364 940
672 1 7 2404 20 67 30
673 0 2 2409 93 859 139
674 1 1 2412 1 9 1
675 0 15 2414 1 3 1
676 0 2 2419 884 9117 1326
677 0 1 2422 1 8 1
678 1 8 2425 15 48 22
679 0 6 2430 1792 8697 2688
680 1 4 2434 1571 7556 2356
681 1 4 2438 1 3 1
682 1 6 2442 6798 35997 10197
683 1 1 2446 38 335 57
684 0 2 2449 31077 372858 46615
685 1 1 2452 1064 11067 1596
686 1 4 2455 1 5 1
687 1 7 2459 2 7 3
688 0 1 2464 665 6769 997
689 0 14 2467 1 4 1
690 0 21 2472 308 1315 462
691 1 4 2477 96 372 144
692 1 1 2481 1 9 1
693 0 2 2483 33 289 49
694 0 2 2486 17 143 25
695 0 1 2489 3 25 4
696 1 8 2492 1 4 1
697 0 3 2497 69 260 103
698 0 6 2501 29 101 43
699 0 5 2505 26 89 39
700 0 2 2509 1 11 1
701 1 5 2512 58 215 87
702 0 6 2516 1 4 1
703 1 1 2520 8 64 12
704 1 2 2523 16 134 24
705 0 10 2526 6 18 9
706 0 1 2531 9 73 13
707 1 1 2533 1 9 1
708 0 5 2536 2 7 3
709 0 4 2540 1 3 1
710 1 10 2544 1 4 1
711 1 2 2549 1 10 1
712 1 1 2552 86 792 129
713 1 2 2555 9 73 13
714 1 1 2558 1 9 1
715 0 1 2561 93 859 139
716 0 1 2564 53013 649436 79519
717 1 9 2565 4 12 6
718 0 4 2570 3 10 4
719 1 6 2574 1 4 1
720 1 2 2578 67 609 100
721 1 1 2581 153 1450 229
722 1 4 2583 1 4 1
723 1 1 2587 31 270 46
724 1 2 2590 41 362 61
725 0 10 2593 1 4 1
726 1 1 2598 4 32 6
727 0 1 2600 1815 19337 2722
728 0 3 2602 3 9 4
729 1 2 2606 6 48 9
730 0 12 2609 13 41 19
731 1 2 2614 1 9 1
732 0 6 2617 1 4 1
733 1 1 2621 3032 33039 4548
734 1 14 2624 4 12 6
735 1 1 2629 15790 184389 23685
736 1 2 2631 9 73 13
737 1 11 2634 2 6 3
738 1 1 2639 3 25 4
739 1 1 2641 8515 96947 12772
740 1 18 2643 167 679 250
741 0 2 2648 2 17 3
742 0 2 2651 1 10 1
743 0 1 2654 522 5253 783
744 0 2 2657 786 8063 1179
745 0 5 2660 1726 8356 2589
746 0 5 2664 1564 7520 2346
747 1 7 2668 1 3 1
748 1 6 2673 50 183 75
749 1 3 2677 58 215 87
750 0 7 2681 881 4068 1321
751 1 1 2686 82270 1024951 123405
752 0 5 2689 6 18 9
753 0 7 2693 10 31 15
754 1 2 2698 198 1901 297
755 1 14 2701 31 108 46
756 1 3 2706 1 4 1
757 1 1 2710 1 10 1
758 0 5 2713 10 31 15
759 0 9 2717 8 24 12
760 1 1 2722 86 792 129
761 1 3 2724 1 9 1
762 0 1 2728 1 9 1
763 0 2 2730 11 90 16
764 1 1 2733 1 11 1
765 0 4 2736 1 3 1
766 1 8 2740 1 4 1
767 1 1 2745 158 1500 237
768 1 3 2748 1 4 1
769 1 4 2752 29 101 43
770 1 1 2756 1 9 1
771 0 1 2759 616 6247 924
772 0 5 2762 1 4 1
773 0 1 2766 1 9 1
774 0 4 2769 3963 20276 5944
775 1 1 2773 1 9 1
776 0 4 2775 6373 33610 9559
777 1 3 2779 2 17 3
778 1 3 2783 1 3 1
779 1 3 2787 85 782 127
780 1 9 2791 287 1218 430
781 0 1 2796 51 456 76
782 1 2 2798 29 251 43
783 0 13 2801 5739 30067 8608
784 1 1 2806 71 647 106
785 0 1 2808 30 260 45
786 1 3 2811 472 2082 708
787 1 4 2815 1 4 1
788 1 4 2819 1571 7556 2356
789 1 4 2823 1 4 1
790 0 2 2827 6 48 9
791 0 2 2830 182 1740 273
792 1 2 2833 1 8 1
793 1 18 2836 6 18 9
794 1 1 2841 17 143 25
795 1 5 2844 1215 5740 1822
796 1 5 2848 2 6 3
797 1 1 2852 40 353 60
798 0 2 2854 3140 34268 4710
799 0 6 2857 16677 93264 25015
800 1 3 2861 307 1310 460
801 1 3 2865 10 31 15
802 0 2 2869 2 17 3
803 1 1 2872 1 12 1
804 0 3 2874 1 3 1
805 0 1 2878 1 8 1
806 0 7 2881 1 4 1
807 0 1 2885 11 90 16
808 0 5 2888 4919 25520 7378
809 0 4 2892 2 7 3
810 0 3 2896 1 12 1
811 1 3 2900 1 4 1
812 0 1 2904 4038 44549 6057
813 1 3 2906 1 3 1
814 1 7 2910 2 7 3
815 0 1 2915 1 10 1
816 1 1 2917 1 9 1
817 0 2 2920 1 9 1
818 0 2 2923 1 12 1
819 1 1 2926 1 11 1
820 1 1 2929 2 17 3
821 0 3 2931 1 5 1
822 1 2 2935 462 4622 693
823 0 2 2938 20 170 30
824 1 4 2941 6284 33111 9426
825 1 2 2945 1 9 1
826 1 2 2948 49 438 73
827 1 1 2951 2 17 3
828 0 7 2953 2 7 3
829 1 5 2957 93 360 139
830 1 1 2961 1 9 1
831 1 4 2964 75 284 112
832 0 1 2968 5 41 7
833 1 16 2970 54 199 81
834 0 1 2975 1 13 1
835 0 7 2977 3 9 4
836 1 3 2981 3 25 4
837 0 1 2984 2 17 3
838 0 2 2987 831 8546 1246
839 1 1 2990 3 25 4
840 1 1 2992 1 10 1
841 1 4 2995 1 5 1
842 0 2 2999 33 288 49
843 0 2 3002 138 1301 207
844 0 2 3005 14 116 21
845 0 2 3008 1 9 1
846 0 4 3011 1 5 1
847 1 3 3015 79 301 118
848 0 2 3019 42724 519030 64086
849 1 4 3022 1 5 1
850 0 1 3026 2 17 3
851 0 2 3029 1 9 1
852 1 9 3032 1896 9238 2844
853 1 2 3037 968 10025 1452
854 1 1 3040 1 11 1
855 1 8 3043 3 9 4
856 1 7 3048 1 5 1
857 0 2 3052 1836 19570 2754
858 0 1 3055 3 25 4
859 1 1 3058 2 17 3
860 1 4 3061 2161 10623 3241
861 0 32 3065 1 3 1
862 0 5 3071 10 31 15
863 0 2 3075 95 879 142
864 1 13 3078 11 34 16
865 0 3 3083 917 9473 1375
866 0 1 3087 1 10 1
867 1 3 3088 1 5 1
868 0 3 3092 1 11 1
869 0 9 3096 12 38 18
870 0 7 3101 4 12 6
871 1 7 3105 19 63 28
872 0 4 3110 3 10 4
873 0 4 3114 15 48 22
874 1 1 3118 1 9 1
875 0 3 3120 1 8 1
876 0 8 3124 2 6 3
877 1 1 3129 1 10 1
878 0 1 3130 1 9 1
879 1 1 3132 38 335 57
880 0 6 3134 1 4 1
881 0 1 3138 80019 995857 120028
882 1 2 3141 1 10 1
883 1 3 3144 1 4 1
884 1 4 3148 23 78 34
885 0 10 3152 1 5 1
886 0 1 3157 1 11 1
887 1 1 3160 1 9 1
888 0 2 3162 148 1401 222
889 0 1 3165 1 11 1
890 1 8 3168 2 6 3
891 1 2 3173 32 279 48
892 0 6 3176 1990 9728 2985
893 0 1 3180 6640 74818 9960
894 1 2 3182 863 8890 1294
895 1 7 3185 1 3 1
896 1 3 3190 11 34 16
897 0 1 3194 2 17 3
898 0 1 3197 2 17 3
899 0 1 3199 2 17 3
900 0 30 3202 821 3772 1231
901 0 3 3208 1 4 1
902 0 7 3212 1 5 1
903 0 14 3217 1 5 1
904 0 51 3222 80 305 120
905 0 9 3228 1 4 1
906 1 2 3233 177 1690 265
907 0 11 3236 1 5 1
908 0 4 3241 568 2540 852
909 1 2 3245 391 3881 586
910 1 3 3248 49 179 73
911 1 2 3252 232 2245 348
912 1 2 3255 41373 501988 62059
913 0 23 3258 123519 772664 185278
914 1 3 3263 3 10 4
915 0 2 3267 114 1064 171
916 0 1 3270 8797 100293 13195
917 0 4 3272 17215 96454 25822
918 1 5 3276 4135386 30676040 6203079
919 0 2 3280 2 17 3
920 1 1 3283 174 1660 261
921 1 4 3284 27 93 40
922 0 2 3288 671 6832 1006
923 1 2 3291 45 400 67
924 0 1 3294 7 56 10
925 1 4 3297 1 4 1
926 1 1 3301 1 9 1
927 0 1 3304 1 8 1
928 0 2 3307 21265 251318 31897
929 1 2 3310 5 40 7
930 1 7 3313 1 4 1
931 1 1 3317 4 33 6
932 1 1 3319 7 56 10
933 1 2 3321 1 12 1
934 1 5 3324 1 4 1
935 0 5 3328 1 4 1
936 0 1 3332 1 10 1
937 1 2 3334 4 33 6
938 0 2 3337 1 9 1
939 1 6 3340 1 5 1
940 0 44 3344 2124 10428 3186
941 0 1 3350 4 33 6
942 0 13 3353 2157 10601 3235
943 1 2 3358 1 9 1
944 0 4 3361 1 3 1
945 0 3 3365 58 215 87
946 0 5 3369 10 31 15
947 0 2 3373 63 570 94
948 0 9 3376 2 7 3
949 1 2 3381 6382 71791 9573
950 0 5 3384 1 4 1
951 1 15 3388 680 3082 1020
952 1 4 3393 9318 50314 13977
953 0 1 3397 1526 16133 2289
954 1 6 3400 191 785 286
955 1 5 3404 7 21 10
956 1 2 3408 8437 96022 12655
957 1 4 3411 239 1000 358
958 0 6 3415 20 67 30
959 1 1 3419 116 1084 174
960 0 2 3421 21 178 31
961 0 3 3424 3157557 23140507 4736335
962 0 6 3428 20 67 30
963 0 1 3432 51363 628454 77044
964 0 1 3435 6 48 9
965 1 2 3438 1 9 1
966 1 1 3441 1 12 1
967 0 1 3443 5 40 7
968 0 2 3445 9 73 13
969 0 2 3448 6 48 9
970 0 1 3451 1 9 1
971 1 2 3453 1 9 1
972 0 2 3456 2263 24346 3394
973 0 5 3459 1 3 1
974 1 2 3463 5 41 7
975 0 4 3466 582 2607 873
976 0 3 3470 2 6 3
977 0 1 3474 152 1440 228
978 0 19 3476 1 4 1
979 0 3 3481 1 5 1
980 0 2 3485 5906 66220 8859
981 0 1 3488 629 6385 943
982 1 6 3491 31 108 46
983 0 1 3495 1190 12440 1785
984 0 2 3498 4238 46853 6357
985 0 2 3501 223 2154 334
986 0 1 3504 5575 62356 8362
987 1 3 3506 1 9 1
988 1 3 3510 1 4 1
989 1 4 3514 5 15 7
990 0 8 3518 222 923 333
991 1 5 3523 3 9 4
992 0 8 3527 1 5 1
993 0 3 3532 21 179 31
994 0 2 3536 1 12 1
995 1 3 3539 11 34 16
996 1 4 3543 1254 5938 1881
997 1 3 3547 41 147 61
998 0 2 3551 1 8 1
999 0 3 3554 51 187 76
1000 0 3 3558 5 15 7
1001 1 6 3562 74 281 111
1002 1 7 3566 2577 12818 3865
1003 1 6 3570 52 191 78
1004 1 3 3574 3 10 4
1005 0 3 3578 1 3 1
1006 1 1 3582 21 178 31
1007 0 1 3583 22 188 33
1008 0 3 3586 1 4 1
1009 1 6 3590 241 1009 361
1010 0 1 3594 1 10 1
1011 1 2 3596 29 252 43
1012 0 2 3599 4 33 6
1013 1 4 3602 782 3580 1173
1014 0 1 3606 200 1922 300
