0 0 6 5 1 3 1
1 1 7 13 1 3 1
2 0 3 21 1 3 1
3 0 3 29 1 6 1
4 0 8 37 2 7 3
5 1 1 46 24 206 36
6 0 1 53 240 2327 360
7 1 2 59 56 504 84
8 0 1 66 213 2053 319
9 1 2 73 78 714 117
10 1 3 80 7 21 10
11 1 1 88 16 134 24
12 1 3 92 7 21 10
13 1 2 100 18849 221689 28273
14 1 2 107 2022 21646 3033
15 1 2 114 9022 102966 13533
16 1 2 121 1804 19214 2706
17 0 4 128 1 4 1
18 1 2 136 1 10 1
19 1 1 143 188 1801 282
20 0 5 149 13 41 19
21 0 2 157 1 11 1
22 1 3 164 1 12 1
23 0 5 171 1 5 1
24 0 7 179 2694 13439 4041
25 0 11 187 20 67 30
26 1 3 196 1 3 1
27 0 3 204 29261 169087 43891
28 1 1 212 3 25 4
29 1 2 219 6 48 9
30 1 30 226 67 252 100
31 1 2 235 6 48 9
32 1 3 242 1 4 1
33 1 2 250 312 3064 468
34 0 21 257 31 108 46
35 0 4 266 1 4 1
36 1 1 274 4 33 6
37 1 3 279 239 1000 358
38 1 5 287 72 272 108
39 0 2 295 8 64 12
40 0 2 302 8 64 12
41 1 8 309 1133 5327 1699
42 1 3 318 56 207 84
43 0 1 326 52 466 78
44 1 1 332 1 10 1
45 0 3 337 3 25 4
46 0 3 344 1 9 1
47 0 1 352 1 11 1
48 0 1 358 12 98 18
49 0 1 365 2 17 3
50 0 7 372 58 215 87
51 1 3 380 756 3453 1134
52 0 4 388 435 1907 652
53 0 5 396 34 120 51
54 0 2 404 1 8 1
55 0 16 411 1 3 1
56 1 1 420 5 40 7
57 1 97 427 1 4 1
58 1 2 437 1 11 1
59 1 1 444 226103 2925003 339154
60 0 6 451 3 9 4
61 1 34 459 6 18 9
62 1 1 468 4 33 6
63 1 2 474 3 25 4
64 0 5 481 44 159 66
65 1 7 489 1 4 1
66 1 3 497 337 1449 505
67 0 9 505 36 128 54
68 0 3 514 9 27 13
69 0 3 522 10 81 15
70 0 21 529 7750 41374 11625
71 1 4 538 1 4 1
72 1 6 546 7 21 10
73 1 11 554 1 4 1
74 0 2 563 91 840 136
75 0 7 570 2 6 3
76 0 1 578 3 25 4
77 0 2 584 3 25 4
78 1 2 591 1039 10795 1558
79 1 1 598 257 2500 385
80 1 2 604 2 17 3
81 1 4 611 2 6 3
82 0 3 619 32057 385087 48085
83 1 11 627 4 12 6
84 0 1 636 1 9 1
85 1 5 642 18 59 27
86 1 7 650 6 18 9
87 1 8 658 50 183 75
88 1 2 666 2 17 3
89 0 2 673 11826 136482 17739
90 1 8 680 1 3 1
91 0 7 689 1 3 1
92 1 1 697 1 10 1
93 1 1 702 1 11 1
94 1 2 708 1 10 1
95 0 3 715 1 3 1
96 1 10 723 216 896 324
97 1 2 732 1 11 1
98 1 3 739 1 3 1
99 0 1 747 3 25 4
100 0 3 752 801 3674 1201
101 0 2 760 3 25 4
102 0 6 767 15 48 22
103 0 6 775 1 4 1
104 0 3 783 1517 7279 2275
105 0 4 791 1 4 1
106 0 7 799 96 372 144
107 0 4 807 2 7 3
108 1 1 815 32844 394917 49266
109 0 24 821 1 4 1
110 0 25 830 27 93 40
111 0 4 839 1 4 1
112 1 67 847 1 3 1
113 0 2 857 32 279 48
114 0 2 864 1 10 1
115 1 4 871 10 31 15
116 1 11 879 1 4 1
117 1 4 888 1 4 1
118 1 1 896 47 419 70
119 0 3 902 90 347 135
120 0 6 910 1 4 1
121 0 1 918 66 599 99
122 0 2 924 88 811 132
123 0 10 931 9 27 13
124 1 2 940 3187 34803 4780
125 0 4 947 7 21 10
126 1 1 955 11 90 16
127 0 5 961 326 1398 489
128 0 2 969 1 12 1
129 1 3 976 1 4 1
130 0 2 984 168 1600 252
131 0 7 991 1058 4950 1587
132 0 8 999 1 4 1
133 0 1 1008 4 32 6
134 0 7 1015 733 3340 1099
135 0 3 1023 2 17 3
136 0 5 1030 1 3 1
137 0 5 1038 34 120 51
138 1 17 1046 3 9 4
139 1 1 1055 1 9 1
140 0 2 1061 1 10 1
141 1 1 1068 21 179 31
142 0 7 1074 2320 11459 3480
143 0 2 1082 6 48 9
144 0 1 1089 28 242 42
145 0 2 1095 11 90 16
146 0 1 1102 234 2266 351
147 0 3 1109 536 2387 804
148 1 2 1117 23 197 34
149 1 1 1124 47 419 70
150 0 3 1130 21812 123920 32718
151 0 3 1138 12 38 18
152 1 1 1146 18 152 27
153 0 5 1151 1 3 1
154 1 2 1159 29 251 43
155 0 2 1166 2 17 3
156 1 1 1173 12 99 18
157 0 1 1179 43 381 64
158 1 12 1185 2 6 3
159 0 3 1194 2110 10355 3165
160 1 15 1202 777 3556 1165
161 1 2 1211 1 10 1
162 0 1 1218 1 9 1
163 1 4 1224 12 38 18
164 1 8 1232 1041 4865 1561
165 0 2 1241 9 72 13
166 0 4 1248 1 3 1
167 1 11 1256 1 5 1
168 1 7 1265 1080 5060 1620
169 0 2 1273 3 25 4
170 0 1 1280 29 252 43
171 1 3 1287 9 27 13
172 0 1 1295 1 10 1
173 1 2 1300 17 143 25
174 0 1 1307 1 9 1
175 0 5 1312 8711 46842 13066
176 1 2 1320 1075 11186 1612
177 0 2 1327 228256 2953878 342384
178 1 6 1334 97258 600692 145887
179 0 1 1342 5 41 7
180 0 2 1347 1 11 1
181 0 1 1354 60 542 90
182 0 1 1360 32 279 48
183 1 9 1366 1 3 1
184 1 2 1375 14 116 21
185 0 3 1382 11152 128394 16728
186 1 2 1389 1 10 1
187 1 11 1396 24 81 36
188 1 1 1405 1 9 1
189 0 7 1411 559 2497 838
190 0 1 1419 1578 16708 2367
191 0 4 1424 2 7 3
192 0 2 1432 1 9 1
193 1 1 1439 9 73 13
194 1 3 1444 1 3 1
195 0 1 1452 11 90 16
196 0 2 1459 1 10 1
197 0 4 1466 1 3 1
198 1 14 1474 182 745 273
199 1 2 1483 1 11 1
200 0 7 1490 1 3 1
201 1 11 1498 196238 1257632 294357
202 1 1 1507 3 25 4
203 0 1 1513 192 1841 288
204 0 1 1519 1 10 1
205 0 3 1525 1 9 1
206 0 4 1532 4 12 6
207 0 5 1540 50 183 75
208 0 1 1548 1 8 1
209 0 3 1554 18 59 27
210 0 1 1562 1 9 1
211 0 2 1567 875 9020 1312
212 0 1 1574 61 551 91
213 1 1 1580 4076 44986 6114
214 0 6 1586 12 38 18
215 1 3 1594 488 4895 732
216 1 3 1601 529 2353 793
217 0 2 1609 3 25 4
218 0 23 1616 289 1228 433
219 1 12 1625 1 4 1
220 0 3 1634 263 2561 394
221 0 2 1641 2598 28120 3897
222 0 8 1648 2 6 3
223 1 19 1657 2 6 3
224 0 2 1666 32 279 48
225 0 3 1673 1 5 1
226 1 1 1681 8 64 12
227 1 1 1687 1 9 1
228 1 5 1692 99 385 148
229 1 2 1700 1 11 1
230 0 1 1707 16 134 24
231 1 8 1714 8 24 12
232 0 2 1723 5 40 7
233 1 39 1730 21 70 31
234 0 3 1740 2 17 3
235 1 2 1747 532 5359 798
236 1 6 1754 1 4 1
237 1 2 1762 1 11 1
238 0 5 1769 85 326 127
239 0 2 1777 249 2418 373
240 0 1 1784 1 10 1
241 1 3 1791 1405 6706 2107
242 1 18 1799 16 52 24
243 0 2 1808 1 11 1
244 1 14 1815 1 3 1
245 0 2 1824 91 840 136
246 0 14 1831 1 4 1
247 0 6 1840 8266 44305 12399
248 1 5 1848 1 4 1
249 1 4 1856 1724 8345 2586
250 0 2 1864 30753 368818 46129
251 0 5 1871 9 27 13
252 1 3 1879 53 195 79
253 1 2 1887 158 1500 237
254 0 24 1894 8 24 12
255 1 1 1903 45 400 67
256 1 4 1909 287 1218 430
257 1 1 1917 6 48 9
258 0 5 1923 10 31 15
259 1 4 1931 2208 10869 3312
260 1 7 1939 21 70 31
261 0 1 1947 158 1500 237
262 0 2 1953 2 17 3
263 0 1 1960 1 10 1
264 0 4 1965 306 1305 459
265 1 1 1973 41 363 61
266 1 11 1979 1 4 1
267 0 2 1988 2 17 3
268 0 4 1995 2 7 3
269 1 2 2003 1 12 1
270 1 52 2010 311 1328 466
271 0 34 2020 103 402 154
272 0 2 2029 90 830 135
273 0 2 2036 4 33 6
274 0 1 2043 1 11 1
275 0 5 2046 1 4 1
276 0 2 2054 1 11 1
277 0 1 2061 77 704 115
278 1 1 2067 20800 245605 31200
279 1 3 2073 10 31 15
280 1 2 2081 2108 22608 3162
281 0 5 2088 4795 24836 7192
282 1 2 2096 9 73 13
283 0 2 2103 17478 204940 26217
284 0 8 2110 24 82 36
285 0 7 2118 1 4 1
286 1 2 2126 1 11 1
287 0 5 2133 102 398 153
288 1 3 2141 8 64 12
289 0 12 2149 2 6 3
290 1 1 2158 83 762 124
291 1 1 2165 37385 451808 56077
292 1 2 2171 2 17 3
293 1 5 2178 93 360 139
294 0 1 2186 2 17 3
295 1 2 2191 241 2337 361
296 1 4 2198 7 21 10
297 0 1 2206 1197 12517 1795
298 1 6 2211 1 4 1
299 1 15 2219 71 268 106
300 0 4 2228 1 5 1
301 0 1 2236 5 40 7
302 0 4 2242 1 4 1
303 0 4 2250 1 3 1
304 1 2 2258 4 33 6
305 1 1 2265 22 188 33
306 0 4 2272 1 3 1
307 1 2 2280 1 9 1
308 1 3 2287 13 107 19
309 1 6 2294 1 5 1
310 1 6 2302 1 6 1
311 1 1 2310 1 9 1
312 1 4 2317 2 7 3
313 0 2 2325 2 17 3
314 1 4 2332 1 5 1
315 1 2 2340 90992 1137950 136488
316 0 1 2347 5554 62112 8331
317 1 6 2351 1 4 1
318 0 2 2359 33 288 49
319 1 3 2366 113 1055 169
320 0 2 2374 1 10 1
321 0 1 2381 1 9 1
322 1 3 2387 110 1026 165
323 0 1 2394 1 10 1
324 1 1 2399 1 9 1
325 1 3 2405 10 31 15
326 0 3 2413 28 242 42
327 1 1 2420 1 10 1
328 0 2 2427 127 1193 190
329 0 1 2434 2923 31801 4384
330 1 4 2440 8 24 12
331 1 7 2448 324 1389 486
332 0 1 2456 3 25 4
333 1 2 2462 73 666 109
334 0 8 2469 1 6 1
335 1 4 2477 1 4 1
336 0 3 2485 1 4 1
337 0 4 2493 3 9 4
338 1 1 2501 585 5919 877
339 0 2 2508 1 9 1
340 1 1 2515 1 10 1
341 1 4 2521 671 3038 1006
342 0 4 2529 1 5 1
343 1 3 2537 2 6 3
344 1 4 2545 17080 95653 25620
345 1 2 2553 1 9 1
346 1 2 2560 1 10 1
347 1 3 2567 81 743 121
348 1 2 2575 385 3819 577
349 0 2 2582 76 695 114
350 0 6 2589 1 5 1
351 0 12 2597 1 4 1
352 1 3 2606 1 10 1
353 1 2 2614 4 33 6
354 1 2 2621 2 17 3
355 1 6 2628 4 12 6
356 0 10 2636 6 18 9
357 0 10 2645 2 7 3
358 1 4 2654 86 330 129
359 0 2 2662 6 48 9
360 1 3 2669 1 10 1
361 0 30 2676 28 97 42
362 1 1 2685 71 647 106
363 0 2 2689 2 17 3
364 1 3 2696 1 10 1
365 0 2 2703 1 9 1
366 0 5 2710 5 15 7
367 0 1 2718 21 179 31
368 1 4 2724 50 183 75
369 1 1 2732 45130 549428 67695
370 1 12 2738 3 10 4
371 1 1 2747 1 11 1
372 1 3 2752 2 17 3
373 1 1 2760 5 40 7
374 0 7 2766 66 247 99
375 0 2 2774 48 428 72
376 1 42 2781 16 52 24
377 1 1 2791 1 9 1
378 0 5 2797 25 85 37
379 1 3 2805 1 4 1
380 1 7 2813 1 3 1
381 0 5 2821 449 1973 673
382 0 11 2829 1 3 1
383 1 7 2838 24 82 36
384 1 5 2846 1 3 1
385 0 1 2854 184 1761 276
386 1 6 2860 31 108 46
387 0 7 2868 1 4 1
388 0 3 2876 200412 2581214 300618
389 0 6 2883 13 41 19
390 1 4 2891 2 6 3
391 1 3 2899 1 5 1
392 1 1 2907 412 4100 618
393 0 1 2913 53 475 79
394 0 8 2920 321 1375 481
395 1 6 2928 5 15 7
396 0 3 2936 79 301 118
397 1 2 2944 24 206 36
398 1 1 2951 1681 17848 2521
399 1 9 2956 53 195 79
400 0 2 2965 270 2633 405
401 1 4 2972 74 280 111
402 0 2 2980 49 437 73
403 0 1 2987 31 270 46
404 1 6 2993 27 93 40
405 0 4 3001 1 4 1
406 1 1 3009 1 12 1
407 1 1 3014 105 976 157
408 1 1 3020 2 17 3
409 1 12 3026 177 723 265
410 1 2 3035 1 13 1
411 1 6 3042 11 34 16
412 0 10 3050 1 3 1
413 1 3 3059 1 10 1
414 0 2 3066 1 9 1
415 0 6 3073 1 5 1
416 1 2 3081 1329 13963 1993
417 1 2 3088 1 11 1
418 0 3 3095 17626 206746 26439
419 0 1 3102 105 976 157
420 1 1 3108 1 10 1
421 1 2 3113 1 9 1
422 1 4 3120 1 3 1
423 1 1 3128 34 297 51
424 1 1 3134 1 11 1
425 1 10 3139 59 219 88
426 1 3 3148 1 3 1
427 0 3 3156 1 3 1
428 0 7 3164 1 5 1
429 1 3 3172 103 402 154
430 1 4 3180 6483 34227 9724
431 1 91 3188 7 21 10
432 0 1 3198 1 10 1
433 0 4 3205 2 6 3
434 1 5 3213 14 45 21
435 1 2 3221 1 11 1
436 0 1 3228 28 242 42
437 1 1 3234 1 9 1
438 0 11 3240 20 67 30
439 0 1 3249 144 1361 216
440 1 4 3254 2 7 3
441 1 3 3262 1 6 1
442 1 2 3270 7 56 10
443 1 3 3277 24 82 36
444 0 16 3285 2 6 3
445 0 1 3294 24 206 36
446 0 10 3301 1 7 1
447 0 1 3310 43120 524028 64680
448 1 11 3315 4 12 6
449 0 1 3324 2 17 3
450 0 6 3329 20 67 30
451 1 2 3337 2 17 3
452 1 1 3344 4 33 6
453 0 2 3351 1031 10708 1546
454 1 4 3358 1 4 1
455 1 4 3366 1 3 1
456 0 8 3374 6623 35013 9934
457 1 3 3382 16 52 24
458 1 16 3390 740 3374 1110
459 1 4 3399 1 4 1
460 1 3 3407 1 4 1
461 1 21 3415 1 4 1
462 0 1 3424 25243 300379 37864
463 0 3 3429 895 4138 1342
464 1 8 3437 88 339 132
465 1 2 3446 313 3074 469
466 0 1 3453 1 9 1
467 0 5 3459 304 1296 456
468 1 6 3467 1 3 1
469 1 4 3475 1 3 1
470 1 4 3483 1 4 1
471 0 1 3491 54914 673639 82371
472 0 3 3496 3032 33039 4548
473 1 2 3503 48 428 72
474 1 3 3510 1 5 1
475 1 5 3518 160 648 240
476 0 19 3526 10 31 15
477 0 4 3535 3 10 4
478 1 24 3543 1 4 1
479 0 2 3552 13 107 19
480 1 1 3559 2 17 3
481 1 1 3565 57 513 85
482 0 2 3572 9 72 13
483 1 9 3579 125 496 187
484 0 2 3588 19 161 28
485 1 6 3595 2 7 3
486 1 4 3603 4389 22605 6583
487 0 1 3611 1 9 1
