0 0 6 5 1 10 1
1 0 3 22 8 64 12
2 1 1 36 32 279 48
3 1 1 47 38 335 57
4 1 1 57 1781 18959 2671
5 0 2 68 33 288 49
6 1 2 82 15850 185118 23775
7 1 2 95 488 4895 732
8 1 21 109 1 4 1
9 1 9 130 208 860 312
10 1 5 149 2 17 3
11 0 1 166 1 10 1
12 1 3 177 16 134 24
13 1 6 192 1 4 1
14 1 2 210 1 8 1
15 1 8 224 1 3 1
16 0 5 243 141 1331 211
17 1 8 260 1 3 1
18 0 1 278 99 918 148
19 1 6 289 44 391 66
20 0 1 306 2772 30088 4158
21 1 14 317 1 4 1
22 1 1 337 1 9 1
23 1 2 347 297 2909 445
24 0 2 359 192 1841 288
25 1 4 371 2 17 3
26 0 5 387 1 10 1
27 1 2 404 16 134 24
28 1 1 416 1 9 1
29 1 4 426 1 9 1
30 0 1 442 444 4434 666
31 0 2 449 1 9 1
32 0 6 461 1 10 1
33 1 3 479 1 10 1
34 0 7 493 13074 72061 19611
35 0 6 511 1 12 1
36 1 2 528 290174 3788107 435261
37 0 5 540 146 1381 219
38 0 22 557 3785 19308 5677
39 1 2 578 187 1791 280
40 1 5 590 3 25 4
41 0 4 606 1 8 1
42 0 1 622 2 17 3
43 0 1 633 97 898 145
44 1 3 638 1 10 1
45 0 3 652 142 1341 213
46 1 2 667 364 3601 546
47 1 3 681 1 9 1
48 1 2 695 5762706 83376559 8644059
49 1 2 707 1 11 1
50 0 5 720 4 33 6
51 0 11 737 10113 54881 15169
52 0 5 756 4 33 6
53 0 1 773 21 179 31
54 1 5 783 3 25 4
55 1 2 800 1 11 1
56 1 54 813 304 1296 456
57 1 2 837 82 753 123
58 0 1 849 1 11 1
59 0 2 855 5 41 7
60 1 1 867 1 13 1
61 1 5 879 19 161 28
62 1 3 896 10 81 15
63 0 3 910 86 791 129
64 0 3 925 8 64 12
65 1 2 940 1 9 1
66 1 5 952 1 10 1
67 1 1 969 2747 29805 4120
68 0 6 977 1 10 1
69 0 1 994 2 17 3
70 0 3 1001 1 9 1
71 0 5 1016 9 73 13
72 1 1 1033 124 1163 186
73 1 14 1043 1 5 1
74 0 1 1063 1 11 1
75 0 2 1074 12 99 18
76 0 4 1086 8 64 12
77 1 3 1102 4943 55006 7414
78 1 3 1117 2 17 3
79 0 3 1132 14 116 21
80 0 2 1146 1 9 1
81 1 1 1160 17 143 25
82 0 3 1168 1 11 1
83 0 14 1182 18788 105811 28182
84 1 1 1202 1 12 1
85 0 11 1210 270 1141 405
86 1 4 1229 4 33 6
87 0 2 1245 4 33 6
88 1 8 1258 241 1009 361
89 1 4 1276 4 33 6
90 0 13 1292 354 1527 531
91 1 3 1312 1 11 1
92 1 2 1326 1 11 1
93 0 5 1339 1 13 1
94 1 10 1356 14 45 21
95 1 9 1375 2631 13104 3946
96 1 1 1394 284 2776 426
97 0 1 1403 9 73 13
98 1 13 1413 98 381 147
99 1 1 1433 15 125 22
100 0 55 1444 145 582 217
101 0 4 1468 1 9 1
102 0 5 1484 1 13 1
103 0 3 1501 1 9 1
104 0 3 1515 1 9 1
105 0 1 1529 1217 12736 1825
106 1 12 1540 4 13 6
107 1 2 1560 8 64 12
108 0 11 1572 1638 7901 2457
109 0 2 1591 723 7387 1084
110 1 3 1604 5681 63593 8521
111 0 2 1619 91 840 136
112 0 4 1633 1 9 1
113 1 3 1649 1946 20797 2919
114 1 8 1663 1 4 1
115 1 7 1682 1 4 1
116 1 1 1700 261 2541 391
117 1 3 1709 3 25 4
118 1 2 1724 1 11 1
119 0 4 1738 1 12 1
120 1 3 1754 10 81 15
121 1 3 1769 2 17 3
122 0 3 1784 1 10 1
123 0 1 1798 1 9 1
124 1 1 1809 16 134 24
125 1 3 1818 2 17 3
126 0 1 1832 1 10 1
127 0 2 1840 1 10 1
128 0 1 1853 27 233 40
129 0 5 1864 1 10 1
130 1 1 1881 243 2357 364
131 0 7 1890 3 9 4
132 0 3 1908 59 532 88
133 0 3 1923 1 11 1
134 1 4 1938 2257 24279 3385
135 0 2 1954 148 1400 222
136 0 29 1966 107 419 160
137 0 2 1988 1 10 1
138 1 1 2001 316 3105 474
139 0 26 2006 14 45 21
140 0 2 2028 6 48 9
141 0 2 2041 1 10 1
142 0 2 2054 1 8 1
143 0 2 2066 1 11 1
144 1 1 2080 15326 178754 22989
145 1 15 2089 1 4 1
146 0 4 2109 746 7633 1119
147 0 2 2125 1 9 1
148 1 4 2137 22 188 33
149 1 5 2153 7 56 10
150 1 11 2169 1 4 1
151 1 1 2189 2761 29964 4141
152 0 1 2199 1734 18436 2601
153 1 4 2208 43812 532768 65718
154 0 3 2223 13 107 19
155 0 3 2238 12 99 18
156 0 2 2253 157 1490 235
157 0 18 2266 20 67 30
158 1 7 2287 15 48 22
159 1 4 2305 1 9 1
160 1 2 2321 7768 88104 11652
161 0 11 2333 5 15 7
162 1 4 2352 784 8041 1176
163 1 4 2368 21 179 31
164 1 2 2384 1 10 1
165 0 6 2398 92 850 138
166 0 1 2416 1 11 1
167 1 3 2425 36227 437274 54340
168 1 2 2440 1 10 1
169 0 4 2454 6 48 9
170 0 2 2470 249 2418 373
171 0 2 2482 80 733 120
172 0 2 2495 130 1222 195
173 1 6 2508 10 81 15
174 1 1 2525 72 656 108
175 0 2 2534 113 1055 169
176 0 3 2548 74 676 111
177 1 8 2563 1 4 1
178 0 3 2581 6 48 9
179 0 4 2596 97 898 145
180 0 1 2612 1 10 1
181 0 1 2620 15 125 22
182 1 1 2626 15 125 22
183 0 1 2634 895 9236 1342
184 1 2 2644 356 3518 534
185 1 3 2657 5 40 7
186 0 2 2672 55 494 82
187 0 4 2684 5 40 7
188 0 1 2700 1 10 1
189 0 3 2705 412 4100 618
190 0 4 2719 10 81 15
191 0 2 2735 162 1540 243
192 1 2 2748 1323 13897 1984
193 1 2 2762 1 10 1
194 1 1 2775 10 81 15
195 0 1 2785 26 224 39
196 0 4 2795 34 298 51
197 1 1 2811 47 419 70
198 1 1 2816 1 10 1
199 1 2 2819 7 56 10
200 0 1 2831 14 116 21
201 1 2 2840 1 9 1
202 0 2 2853 30 261 45
203 0 11 2866 8 24 12
204 0 2 2886 1 10 1
205 1 3 2898 20 170 30
206 1 24 2913 20 67 30
207 0 13 2935 1 3 1
208 1 1 2955 31 270 46
209 1 2 2965 3096 33767 4644
210 1 6 2979 1 11 1
211 1 2 2996 253 2459 379
212 0 36 3009 607 2728 910
213 0 1 3032 1 12 1
214 1 3 3040 69 628 103
215 0 2 3055 1 9 1
216 0 7 3069 2 6 3
217 0 3 3087 1456 15360 2184
218 1 1 3102 217 2093 325
219 0 1 3111 1 9 1
220 0 1 3118 1 10 1
221 0 2 3129 1 9 1
222 1 1 3141 4 33 6
223 0 2 3149 2 17 3
224 0 1 3163 2 17 3
225 0 1 3175 1 10 1
226 1 2 3186 25 215 37
227 1 6 3199 1 10 1
228 0 1 3216 60 542 90
229 0 16 3221 1 3 1
230 0 3 3242 1 10 1
231 1 1 3257 1 9 1
232 1 7 3265 4 12 6
233 0 3 3283 1 9 1
234 0 2 3297 1 12 1
235 0 1 3311 14502 168764 21753
236 1 1 3321 1 9 1
237 0 1 3331 7 56 10
238 0 1 3341 1 10 1
239 1 3 3350 175 1670 262
240 0 1 3365 1 9 1
241 1 3 3372 51264 627196 76896
242 0 11 3387 1 3 1
243 0 14 3406 8 24 12
244 1 5 3426 1 11 1
245 0 2 3443 39 344 58
246 1 3 3456 1 12 1
247 0 1 3470 1 10 1
248 1 2 3478 17 143 25
249 1 4 3490 6236 70081 9354
250 1 2 3506 1006 10437 1509
251 0 1 3519 5 41 7
252 1 1 3526 170 1620 255
253 1 1 3537 25321 301345 37981
254 1 7 3547 1 4 1
255 0 28 3565 1 3 1
256 1 9 3587 1 6 1
257 1 3 3606 1 10 1
