0 0 6 5 2 17 3
1 0 1 22 39 344 58
2 1 4 32 3 25 4
3 0 10 48 1 4 1
4 0 2 67 1 9 1
5 0 1 79 1 9 1
6 0 5 86 12 99 18
7 1 6 103 1 9 1
8 1 2 120 1 11 1
9 0 12 134 12 38 18
10 1 6 154 13 107 19
11 0 3 171 1 9 1
12 0 2 185 1 10 1
13 0 13 198 17 56 25
14 0 9 218 7142 37935 10713
15 0 2 237 1 9 1
16 1 2 251 9 72 13
17 1 3 263 1 10 1
18 0 3 278 1 9 1
19 0 8 292 144674 912570 217011
20 0 3 310 4 33 6
21 1 2 325 12 99 18
22 1 1 338 1 9 1
23 0 13 347 1 5 1
24 1 10 367 1 4 1
25 0 1 386 3 25 4
26 0 1 397 103 957 154
27 1 1 406 14446 168086 21669
28 0 3 416 292 2858 438
29 0 4 431 7 56 10
30 1 9 447 123 487 184
31 1 3 466 6 48 9
32 1 2 481 1 9 1
33 1 2 495 218774 2826780 328161
34 0 1 507 12 99 18
35 0 3 516 897 9257 1345
36 1 1 530 4 33 6
37 1 3 538 1 10 1
38 0 3 553 1 11 1
39 1 2 568 5495 61424 8242
40 0 1 582 215109 2777706 322663
41 1 5 588 194 1861 291
42 1 44 605 1 4 1
43 0 1 628 1 11 1
44 1 3 638 2 17 3
45 1 1 652 26 224 39
46 0 3 662 7 56 10
47 1 6 677 96 888 144
48 0 3 695 104 967 156
49 0 2 710 54 485 81
50 1 2 724 15918 185945 23877
51 0 3 738 1 10 1
52 1 4 752 505 5074 757
53 0 4 767 2 17 3
54 1 8 783 21 70 31
55 1 1 802 8 64 12
56 0 2 813 1 11 1
57 0 17 825 25 85 37
58 0 1 846 4 33 6
59 0 4 852 2 17 3
60 0 3 868 110 1026 165
61 1 1 882 198 1901 297
62 0 1 890 10401 119404 15601
63 1 2 900 62 561 93
64 1 2 912 1 9 1
65 1 3 925 1 8 1
66 1 1 940 64 580 96
67 1 4 950 1 9 1
68 1 1 966 44509 541576 66763
69 0 3 971 160 1520 240
70 1 5 985 1 10 1
71 0 2 1002 1 10 1
72 1 4 1016 23 197 34
73 0 15 1032 1 5 1
74 0 2 1052 280 2735 420
75 1 1 1064 2865 31142 4297
76 0 1 1075 24 206 36
77 1 17 1086 9 27 13
78 1 2 1107 44 391 66
79 1 2 1119 1 10 1
80 1 7 1133 9 27 13
81 0 6 1151 4075 44975 6112
82 0 2 1168 2 17 3
83 0 23 1180 7843 41902 11764
84 0 2 1202 4 33 6
85 0 7 1214 419 1832 628
86 1 2 1232 1 10 1
87 1 2 1245 3 25 4
88 1 1 1259 1 10 1
89 0 1 1268 10 81 15
90 1 4 1279 1 11 1
91 0 4 1295 1 9 1
92 0 3 1311 2 17 3
93 1 5 1325 1 9 1
94 0 2 1342 858 8837 1287
95 1 2 1355 62 561 93
96 0 1 1367 12926 149720 19389
97 0 2 1374 255741 3323318 383611
98 1 2 1387 1 10 1
99 0 6 1400 1 10 1
100 1 3 1417 24 206 36
101 1 1 1431 20 170 30
102 1 3 1442 62 561 93
103 0 2 1457 20 170 30
104 0 5 1469 1 8 1
105 0 1 1486 3911 43089 5866
106 0 3 1494 13666 158652 20499
107 0 1 1509 5 40 7
108 0 7 1519 5 15 7
109 1 1 1537 1 8 1
110 1 8 1546 1 4 1
111 0 3 1564 29 251 43
112 1 6 1579 1 4 1
113 0 3 1597 1 9 1
114 0 4 1611 44 391 66
115 1 3 1627 27 233 40
116 1 4 1642 988 10242 1482
117 0 8 1658 4 12 6
118 0 1 1677 4 33 6
119 0 2 1688 14 116 21
120 1 3 1701 1480 15625 2220
121 0 3 1715 96 889 144
122 1 1 1729 2254 24245 3381
123 0 1 1739 13 107 19
124 1 4 1749 1 9 1
125 0 4 1765 1 9 1
126 1 1 1781 156 1480 234
127 0 1 1791 1 11 1
128 1 1 1802 4 33 6
129 1 2 1811 635 6449 952
130 0 9 1823 1 5 1
131 0 1 1842 22 188 33
132 1 3 1847 14 116 21
133 1 2 1862 156 1480 234
134 0 1 1874 129 1212 193
135 0 8 1883 1 3 1
136 1 2 1901 10 81 15
137 1 3 1913 1 11 1
138 1 3 1928 9 73 13
139 1 18 1943 1 3 1
140 0 7 1964 1 4 1
141 1 2 1982 36 316 54
142 1 6 1995 678 6907 1017
143 0 4 2012 1 9 1
144 0 1 2028 1 9 1
145 0 1 2038 7 56 10
146 0 1 2049 3 25 4
147 1 13 2060 321989 2116328 482983
148 1 1 2080 302 2961 453
149 0 3 2090 1 10 1
150 1 1 2105 461 4612 691
151 0 6 2113 56 504 84
152 1 8 2130 1 3 1
153 1 1 2148 1 10 1
154 0 1 2158 1 9 1
155 0 2 2169 1 10 1
156 1 1 2182 23491 278732 35236
157 1 3 2193 83 762 124
158 1 6 2207 1 10 1
159 0 6 2224 268 2612 402
160 0 2 2241 6620 74583 9930
161 0 5 2254 20201 238253 30301
162 0 3 2271 1 9 1
163 1 1 2286 1 11 1
164 1 5 2296 372 3684 558
165 1 3 2313 414 4121 621
166 0 2 2327 14 116 21
167 1 1 2340 39 344 58
168 1 1 2349 2 17 3
169 0 5 2359 17222 201818 25833
170 0 7 2376 1 4 1
171 0 15 2394 4 12 6
172 1 34 2414 64 240 96
173 1 2 2437 2 17 3
174 1 11 2450 30 104 45
175 0 14 2469 63286 381867 94929
176 1 3 2489 1775 18892 2662
177 1 5 2503 3 25 4
178 1 1 2520 28 242 42
179 0 1 2525 1 9 1
180 0 2 2533 1 13 1
181 0 19 2547 23 78 34
182 0 7 2568 33 116 49
183 0 2 2586 5172 57665 7758
184 1 19 2599 1 6 1
185 0 7 2620 365 1579 547
186 0 2 2638 4 33 6
187 1 4 2650 1 9 1
188 1 13 2666 15 49 22
189 0 3 2686 34 298 51
190 1 1 2701 1 10 1
191 0 1 2711 2 17 3
192 1 3 2720 4 33 6
193 1 2 2735 1 9 1
194 1 2 2748 1 12 1
195 1 5 2761 3 25 4
196 1 1 2778 51 457 76
197 1 2 2789 5 40 7
198 0 4 2802 9003 102740 13504
199 0 5 2818 1 13 1
200 1 4 2835 10 81 15
201 1 5 2851 166645 2131767 249967
202 1 2 2868 15 125 22
203 1 2 2881 1 9 1
204 0 5 2895 1 10 1
205 0 2 2912 9 73 13
206 1 2 2925 3332 36457 4998
207 0 2 2939 3 25 4
208 0 4 2953 5 40 7
209 1 5 2969 748793 10110965 1123189
210 1 2 2986 84 772 126
211 0 2 2998 1 11 1
212 0 1 3010 1 9 1
213 0 1 3020 1 9 1
214 1 2 3031 5 41 7
215 1 1 3044 1 9 1
216 0 3 3052 48 428 72
217 0 2 3067 5 40 7
218 1 16 3079 2 6 3
219 0 29 3100 1 3 1
220 0 7 3122 3 9 4
221 0 3 3140 15 125 22
222 0 1 3155 9 73 13
223 0 1 3164 1204 12593 1806
224 0 50 3171 19 63 28
225 1 6 3195 1 9 1
226 1 1 3212 1 10 1
227 1 5 3220 1 11 1
228 0 1 3237 1 9 1
229 1 5 3246 720 7356 1080
230 0 3 3263 5 41 7
231 1 2 3277 1359 14292 2038
232 0 1 3290 122 1143 183
233 0 3 3301 246 2388 369
234 0 2 3316 327 3218 490
235 1 9 3329 1 5 1
236 1 10 3348 393 1709 589
237 0 6 3367 1 3 1
238 1 11 3385 258 1086 387
239 0 1 3404 1 10 1
240 1 19 3413 1 4 1
241 1 2 3434 3 25 4
242 1 4 3446 1 9 1
243 0 3 3461 1 9 1
244 1 2 3475 2 17 3
245 0 2 3489 2 17 3
246 1 1 3501 2 17 3
247 0 1 3509 10 81 15
248 0 4 3513 22 188 33
249 1 2 3529 51548 630805 77322
250 0 3 3543 3 25 4
251 1 11 3558 231 964 346
252 1 2 3577 1 8 1
253 1 1 3589 4 33 6
254 1 6 3598 1 10 1
255 1 3 3615 21769 257516 32653
