0 0 6 5 2 7 3
1 1 7 22 2 7 3
2 0 4 39 1 5 1
3 1 2 55 5578 62391 8367
4 0 6 70 1 4 1
5 1 5 87 1 3 1
6 1 3 103 4 12 6
7 1 5 118 1 5 1
8 0 2 134 59 532 88
9 0 1 148 276 2694 414
10 0 1 161 4 33 6
11 0 5 172 1 4 1
12 0 3 188 2 7 3
13 1 10 203 9 27 13
14 0 21 220 226 941 339
15 0 2 238 49 437 73
16 1 1 253 111 1035 166
17 0 2 266 30 261 45
18 1 1 280 3 25 4
19 1 1 291 6 48 9
20 1 1 302 6961 78590 10441
21 0 20 312 22 74 33
22 0 29 330 170 692 255
23 1 1 349 670 6822 1005
24 0 1 361 1148 11982 1722
25 1 2 373 879 9063 1318
26 0 23 387 212 879 318
27 0 4 405 2977 14949 4465
28 0 1 421 868 8945 1302
29 1 1 430 1 11 1
30 1 2 442 13 107 19
31 1 3 456 31 270 46
32 1 2 471 4 33 6
33 0 2 485 2 17 3
34 1 2 498 12 99 18
35 0 2 512 4959 55192 7438
36 1 2 526 9 73 13
37 0 2 540 1 9 1
38 1 2 554 1 9 1
39 0 4 569 1 5 1
40 1 2 585 11 90 16
41 1 1 599 2 17 3
42 0 4 610 9 27 13
43 0 15 626 76 289 114
44 0 9 644 1 4 1
45 1 18 661 46 167 69
46 1 3 679 63 570 94
47 0 1 694 1 14 1
48 1 3 707 6 48 9
49 0 10 722 1 3 1
50 1 4 739 1 4 1
51 1 5 755 1 3 1
52 0 2 771 17 143 25
53 1 16 785 108 423 162
54 0 3 803 1 9 1
55 0 1 818 2 17 3
56 1 8 829 1 3 1
57 0 1 846 126 1183 189
58 1 7 858 2 7 3
59 1 2 875 1 9 1
60 1 9 889 1 4 1
61 1 14 906 1 4 1
62 1 1 924 1 10 1
63 1 4 932 32906 191429 49359
64 1 1 948 9 72 13
65 1 2 959 217 2093 325
66 1 3 973 1 9 1
67 1 3 988 6 18 9
68 1 1 1003 1 9 1
69 0 1 1011 45 400 67
70 1 13 1024 1 6 1
71 0 1 1042 1 10 1
72 1 3 1055 1 5 1
73 1 16 1070 56 207 84
74 1 6 1088 31 108 46
75 0 5 1105 1 4 1
76 1 2 1121 1628 17261 2442
77 1 1 1135 2 17 3
78 0 8 1147 35 123 52
79 0 4 1164 75 285 112
80 1 5 1180 1 5 1
81 1 1 1196 967 10014 1450
82 1 5 1209 1 4 1
83 1 8 1225 10 31 15
84 0 5 1242 1616 7788 2424
85 0 4 1258 6 18 9
86 0 3 1274 10 31 15
87 0 2 1289 1 9 1
88 0 3 1303 78 714 117
89 0 1 1318 21 179 31
90 0 11 1330 1 5 1
91 1 3 1347 1 4 1
92 1 8 1362 1 4 1
93 1 1 1379 1 10 1
94 1 3 1392 7 21 10
95 1 3 1407 1 6 1
96 1 5 1422 1 3 1
97 0 2 1438 25 215 37
98 0 2 1453 1 9 1
99 0 6 1468 5 15 7
100 0 1 1485 1 8 1
101 0 1 1498 1 9 1
102 0 1 1507 1 10 1
103 1 3 1520 1 3 1
104 1 2 1535 4 33 6
105 1 1 1549 123 1153 184
106 0 4 1561 12910 71103 19365
107 1 2 1577 1 10 1
108 1 10 1592 17 56 25
109 1 3 1609 568 5739 852
110 1 1 1624 1 9 1
111 0 3 1637 6840 36233 10260
112 0 2 1652 881 9084 1321
113 0 17 1667 1 4 1
114 1 11 1685 30 104 45
115 1 21 1703 1 3 1
116 0 1 1721 1 10 1
117 1 2 1733 194287 2499475 291430
118 1 1 1747 3381 37017 5071
119 0 1 1760 10 81 15
120 0 4 1772 1 3 1
121 1 3 1788 63 235 94
122 0 2 1803 30 261 45
123 1 1 1817 22 188 33
124 1 4 1826 12 38 18
125 1 5 1842 19 63 28
126 0 3 1858 11715 64145 17572
127 0 4 1873 22 74 33
128 1 1 1889 2637 28561 3955
129 0 25 1902 1 4 1
130 1 9 1921 48 175 72
131 1 2 1938 1 11 1
132 1 16 1952 1124 5281 1686
133 1 3 1970 5 15 7
134 0 5 1985 195 803 292
135 1 8 2001 1 3 1
136 1 6 2018 222 923 333
137 1 4 2034 16 52 24
138 1 4 2050 2445 12118 3667
139 0 1 2066 99 918 148
140 0 2 2078 13 108 19
141 1 3 2092 293787 1922049 440680
142 1 2 2107 1 9 1
143 1 1 2122 14677 170884 22015
144 0 3 2135 1 3 1
145 1 2 2150 3018 32880 4527
146 0 2 2164 12 99 18
147 0 4 2178 64 239 96
148 0 2 2194 7 56 10
149 0 9 2208 296 1260 444
150 0 3 2225 5 15 7
151 0 2 2240 2 17 3
152 1 1 2255 240 2327 360
153 1 3 2268 993 10296 1489
154 1 7 2283 3 10 4
155 1 1 2300 67 609 100
156 0 1 2313 32 279 48
157 1 1 2325 225 2174 337
158 0 2 2338 3 25 4
159 1 1 2352 1 10 1
160 0 2 2364 16 134 24
161 1 3 2378 1 11 1
162 1 2 2393 39 344 58
163 1 4 2407 8 24 12
164 0 2 2423 31 270 46
165 1 5 2438 40 143 60
166 0 1 2454 1 9 1
167 1 3 2467 1 4 1
168 0 1 2482 4 33 6
169 1 5 2495 258 1086 387
170 0 1 2511 68 618 102
171 0 2 2523 2 17 3
172 0 2 2538 1 12 1
173 1 2 2552 55 494 82
174 1 3 2566 1 10 1
175 1 2 2581 3 25 4
176 1 3 2596 93 360 139
177 0 2 2611 890 9182 1335
178 1 4 2625 145 582 217
179 0 2 2641 119 1114 178
180 0 2 2655 16 134 24
181 1 1 2669 1 9 1
182 0 5 2680 1 3 1
183 1 1 2696 87 801 130
184 0 3 2705 4893 54426 7339
185 1 1 2720 1 9 1
186 1 11 2732 1 3 1
187 0 1 2749 1 10 1
188 0 4 2762 1 3 1
189 1 19 2778 28 97 42
190 0 2 2796 10 81 15
191 1 2 2810 9 72 13
192 0 5 2824 136 543 204
193 0 1 2840 164 1560 246
194 1 2 2852 814 8363 1221
195 1 1 2866 126371 1600034 189556
196 1 119 2878 7744 41340 11616
197 1 2 2898 1 9 1
198 0 3 2912 1215 5740 1822
199 0 7 2927 1 4 1
200 1 3 2944 130 1222 195
201 0 6 2959 143526 904951 215289
202 1 1 2975 235 2276 352
203 1 3 2985 1 9 1
204 1 1 3000 137 1291 205
205 1 1 3013 1 9 1
206 0 5 3026 2 6 3
207 0 7 3042 1 4 1
208 1 3 3059 53 195 79
209 1 1 3074 18 152 27
210 1 1 3086 1 13 1
211 0 1 3094 170 1620 255
212 0 1 3105 25 215 37
213 0 5 3117 8 24 12
214 1 71 3133 20 67 30
215 1 2 3153 9 73 13
216 0 4 3167 41 147 61
217 0 3 3183 23 197 34
218 1 8 3198 103 402 154
219 1 3 3215 1 3 1
220 1 2 3230 1 10 1
221 1 1 3244 1 9 1
222 0 1 3257 2 17 3
223 1 1 3270 397 3943 595
224 1 2 3283 1 9 1
225 0 12 3297 1 3 1
226 0 6 3315 293 1246 439
227 0 1 3332 2 17 3
228 0 2 3345 57 513 85
229 0 4 3359 2353 11633 3529
230 0 4 3375 3 10 4
231 0 6 3391 3 10 4
232 1 9 3408 12 38 18
233 0 2 3425 18 152 27
234 1 8 3439 4 12 6
235 0 16 3456 1 5 1
236 1 1 3474 4 33 6
237 0 1 3486 1 9 1
238 1 2 3499 810 8320 1215
239 1 1 3512 32 279 48
240 0 16 3525 1513 7258 2269
241 1 1 3543 6 48 9
242 0 3 3556 1 11 1
243 0 2 3571 2 17 3
244 1 2 3586 1 9 1
245 0 3 3600 2 6 3
246 1 1 3615 1 9 1
