0 0 25 5 28308 163269 42462
1 0 4 24 49 438 73
2 0 17 40 3 10 4
3 1 1 58 47 419 70
4 0 2 71 1 10 1
5 1 3 85 1165 12167 1747
6 1 5 100 1 10 1
7 0 1 116 81 743 121
8 1 4 128 49163 600518 73744
9 0 2 144 1 11 1
10 1 9 158 1 4 1
11 1 1 175 1 9 1
12 0 6 188 21 70 31
13 1 2 205 32 279 48
14 1 2 219 11 90 16
15 1 3 234 1 10 1
16 0 6 249 658 6694 987
17 0 5 266 1 8 1
18 1 1 282 127 1193 190
19 0 9 294 1 4 1
20 0 1 311 450 4497 675
21 0 1 324 1 9 1
22 1 3 336 86 792 129
23 1 6 351 1062 11045 1593
24 0 1 368 128 1202 192
25 0 4 381 51 456 76
26 1 2 397 1293 13568 1939
27 0 6 411 1 9 1
28 1 1 427 1 9 1
29 0 4 440 2 17 3
30 0 2 456 6 48 9
31 0 14 470 309 1319 463
32 0 2 488 1 10 1
33 1 1 502 409 4068 613
34 0 1 515 4162 45977 6243
35 0 2 528 1 10 1
36 1 2 542 9 72 13
37 0 4 556 7 56 10
38 0 9 572 7 21 10
39 1 4 589 20 170 30
40 1 3 605 36 316 54
41 0 1 620 1 11 1
42 1 5 632 3 25 4
43 0 2 648 1 8 1
44 1 2 662 1 9 1
45 0 4 676 14130 164262 21195
46 0 1 692 1 9 1
47 1 3 699 1 9 1
48 1 11 714 10 31 15
49 1 1 731 477 4780 715
50 0 3 743 2 17 3
51 0 1 758 624 6332 936
52 1 2 767 70590 874324 105885
53 1 1 781 1 10 1
54 0 2 791 1 9 1
55 0 5 806 2 17 3
56 1 4 822 4 33 6
57 0 12 838 88 339 132
58 0 3 856 12 99 18
59 1 2 871 1 9 1
60 1 6 885 1 10 1
61 1 6 902 1 9 1
62 0 3 919 8 64 12
63 1 1 934 6 48 9
64 1 6 946 11679 134716 17518
65 1 34 963 680 3082 1020
66 1 4 982 139 1311 208
67 1 1 998 229 2215 343
68 1 1 1011 16 134 24
69 0 1 1023 1 10 1
70 1 2 1035 19153 225410 28729
71 1 17 1049 36 128 54
72 1 2 1067 1 12 1
73 1 3 1081 967 10014 1450
74 0 1 1096 1 9 1
75 0 7 1107 1233 5831 1849
76 0 8 1124 1 4 1
77 1 5 1141 23 197 34
78 0 4 1157 7301 82594 10951
79 1 1 1173 2 17 3
80 0 1 1184 172 1640 258
81 0 5 1194 3251 35533 4876
82 1 2 1210 1 10 1
83 0 15 1224 193 794 289
84 0 5 1242 132 1242 198
85 1 4 1258 12572 145455 18858
86 1 2 1274 32536 391069 48804
87 1 14 1288 6 18 9
88 1 2 1306 6 48 9
89 0 2 1320 1 10 1
90 0 2 1335 4853 53963 7279
91 0 1 1349 31 270 46
92 1 3 1362 1 11 1
93 1 6 1377 612 6205 918
94 1 1 1394 832 8557 1248
95 0 2 1404 53 475 79
96 0 2 1418 92 850 138
97 1 3 1432 1 9 1
98 1 3 1447 310 3043 465
99 1 2 1463 269 2622 403
100 0 1 1478 2 17 3
101 1 2 1486 61 551 91
102 1 4 1500 1 11 1
103 0 2 1516 1 9 1
104 1 9 1530 1 4 1
105 1 2 1547 64 580 96
106 1 2 1561 38 335 57
107 1 3 1575 86 791 129
108 1 2 1590 3037 33096 4555
109 1 2 1604 44 390 66
110 0 5 1618 1 8 1
111 0 2 1634 36 316 54
112 0 1 1648 1 9 1
113 1 1 1658 16 134 24
114 0 2 1668 1 9 1
115 0 2 1683 15 125 22
116 0 1 1697 4213 46564 6319
117 0 1 1710 1 9 1
118 1 1 1722 163 1550 244
119 1 11 1735 6 18 9
120 0 1 1752 21 179 31
121 1 1 1765 2 17 3
122 0 2 1777 5 40 7
123 1 3 1791 5 40 7
124 1 3 1806 1 11 1
125 0 8 1821 4 12 6
126 1 2 1838 4947 55053 7420
127 1 2 1852 72 657 108
128 0 4 1867 6 48 9
129 1 2 1883 1 9 1
130 0 1 1897 1 9 1
131 0 2 1910 4 33 6
132 0 1 1924 1 9 1
133 1 6 1937 283 2766 424
134 1 2 1954 1135159 15551478 1702738
135 1 2 1968 5 41 7
136 1 6 1982 27 233 40
137 1 1 1998 1 11 1
138 1 5 2011 4 33 6
139 0 3 2027 2718 29477 4077
140 1 1 2043 2 17 3
141 0 1 2054 1 10 1
142 0 7 2067 1 5 1
143 0 2 2084 1 9 1
144 1 2 2098 5 40 7
145 0 1 2112 265 2582 397
146 0 1 2125 1 9 1
147 0 2 2138 33 288 49
148 1 8 2153 1 4 1
149 0 1 2170 64 580 96
150 0 13 2183 26 89 39
151 1 2 2201 1 10 1
152 0 6 2215 22 188 33
153 0 13 2231 13 41 19
154 0 13 2249 15 48 22
155 1 2 2267 2 17 3
156 0 2 2281 76 695 114
157 1 4 2295 1 9 1
158 1 1 2311 48375 590523 72562
159 1 3 2323 60 542 90
160 1 1 2338 55 494 82
161 1 9 2351 7181 38155 10771
162 0 9 2368 5 15 7
163 1 7 2385 4 13 6
164 1 1 2402 6303 70865 9454
165 0 1 2413 7 56 10
166 0 5 2425 4515 50050 6772
167 1 3 2441 177 1690 265
168 0 2 2456 25 215 37
169 0 2 2470 561 5665 841
170 0 22 2485 3 10 4
171 0 2 2503 1 9 1
172 1 3 2517 1 10 1
173 0 16 2532 1 4 1
174 0 12 2550 836 3846 1254
175 1 4 2568 3 25 4
176 1 2 2584 33 288 49
177 1 49 2598 60 223 90
178 1 5 2617 70 637 105
179 1 2 2633 21 179 31
180 1 1 2647 36 316 54
181 1 1 2660 2 17 3
182 1 2 2669 857 8826 1285
183 1 3 2684 35 307 52
184 1 3 2699 65432 808089 98148
185 0 4 2714 1 9 1
186 0 3 2730 227 2195 340
187 1 1 2745 1 9 1
188 1 3 2758 66 599 99
189 0 7 2773 311 1328 466
190 1 4 2790 19 161 28
191 0 3 2806 1105 11513 1657
192 1 3 2821 3 25 4
193 1 1 2836 1 11 1
194 1 9 2848 150 604 225
195 0 2 2865 4 33 6
196 0 7 2879 2876 14409 4314
197 0 2 2896 1 10 1
198 1 2 2910 5 40 7
199 0 7 2925 343 1476 514
200 1 1 2942 95 879 142
201 1 2 2954 1595 16896 2392
202 1 2 2968 57 513 85
203 0 11 2982 1 4 1
204 0 2 2999 8 64 12
205 1 7 3013 2002 9790 3003
206 1 2 3030 2058 22048 3087
207 0 3 3044 534 5380 801
208 0 1 3059 9 73 13
209 1 8 3072 8 24 12
210 1 2 3089 1 11 1
211 0 2 3104 571 5770 856
212 1 5 3118 20 170 30
213 0 12 3134 2 7 3
214 0 2 3152 1 9 1
215 0 3 3166 1841 19626 2761
216 1 2 3181 12 98 18
217 0 2 3195 569 5750 853
218 1 2 3209 16 134 24
219 0 1 3224 1 9 1
220 0 4 3237 61 551 91
221 0 30 3253 173 705 259
222 1 4 3272 5 41 7
223 1 11 3288 36549 213892 54823
224 1 4 3305 402 3996 603
225 0 5 3321 523 5264 784
226 1 1 3337 1676 17793 2514
227 1 3 3350 7 56 10
228 1 2 3365 30 261 45
229 1 1 3378 1 9 1
230 1 1 3391 1 11 1
231 0 2 3403 867 8933 1300
232 1 1 3417 360 3560 540
233 1 7 3430 1811 8796 2716
234 1 1 3447 1 12 1
235 1 2 3460 4 33 6
236 1 2 3474 1 9 1
237 0 3 3488 333 3280 499
238 0 6 3503 9 72 13
239 0 1 3519 41 363 61
240 1 56 3528 4 12 6
241 0 4 3547 3 25 4
242 1 2 3563 5 41 7
243 0 5 3577 7 56 10
244 1 2 3593 142354 1810421 213531
245 1 1 3607 51 457 76
