0 0 4 5 4 33 6
1 0 14 13 2 7 3
2 0 3 23 4 32 6
3 0 9 30 1 4 1
4 0 2 39 11 90 16
5 1 10 46 1 4 1
6 0 3 55 1 12 1
7 0 2 63 3784 41630 5676
8 1 3 70 3 25 4
9 1 9 78 1 4 1
10 0 2 87 21707 256753 32560
11 0 3 94 1 11 1
12 0 3 102 2 17 3
13 0 5 109 1 11 1
14 1 3 117 7 56 10
15 0 1 124 621 6300 931
16 0 1 129 158 1500 237
17 0 6 135 1 9 1
18 0 1 144 5226 58293 7839
19 1 11 149 3 9 4
20 1 2 159 1 9 1
21 1 3 165 598 6056 897
22 0 4 172 6472 72846 9708
23 0 1 180 606 6141 909
24 0 2 186 1 11 1
25 0 2 192 3 25 4
26 0 6 199 4 33 6
27 0 3 208 20 170 30
28 0 10 215 3 10 4
29 1 9 225 1 4 1
30 1 6 234 5 40 7
31 0 1 243 10 81 15
32 1 3 248 4243 46910 6364
33 0 8 256 1 3 1
34 0 12 265 1649 7958 2473
35 0 9 275 82 313 123
36 1 1 284 1 9 1
37 0 1 288 1 11 1
38 0 9 293 2 7 3
39 1 1 302 21 179 31
40 1 2 307 1 9 1
41 0 3 313 69 628 103
42 0 1 321 2 17 3
43 0 1 323 1 9 1
44 0 1 329 1 11 1
45 0 2 335 1 9 1
46 1 4 342 1671 17738 2506
47 1 5 350 1 9 1
48 1 10 358 19 63 28
49 1 2 368 1 12 1
50 1 7 374 370 1602 555
51 1 1 383 510 5127 765
52 0 4 389 14 116 21
53 1 9 397 619 2786 928
54 0 4 406 176 1680 264
55 0 3 414 12 99 18
56 0 1 422 1 12 1
57 0 4 428 1 10 1
58 0 3 436 117 1094 175
59 1 4 443 7 56 10
60 0 2 451 1 9 1
61 1 2 457 1 9 1
62 1 2 463 2 17 3
63 1 1 470 1 9 1
64 0 1 475 1 9 1
65 1 13 481 6 18 9
66 0 1 491 3 25 4
67 0 2 495 1056 10980 1584
68 0 7 502 1 5 1
69 0 13 511 281 1191 421
70 0 4 521 3581 39304 5371
71 1 3 529 145 1371 217
72 1 1 536 44 391 66
73 1 3 540 29 251 43
74 1 7 547 3 10 4
75 0 4 556 216 2083 324
76 0 1 564 1 9 1
77 1 1 569 1 9 1
78 1 4 574 4 33 6
79 0 8 582 6758 35772 10137
80 1 15 591 15143 84201 22714
81 0 3 601 16 134 24
82 0 3 608 1 9 1
83 1 1 615 1 9 1
84 1 10 620 131 522 196
85 1 9 630 22 74 33
86 1 4 639 1 9 1
87 0 2 647 15 125 22
88 1 2 654 4 33 6
89 1 2 660 17 143 25
90 1 1 667 1 10 1
91 1 1 672 1 10 1
92 0 4 678 51 456 76
93 1 1 686 1 10 1
94 0 1 691 2852 30995 4278
95 0 1 697 2 17 3
96 0 5 701 4 33 6
97 0 5 709 44 391 66
98 1 3 717 21 179 31
99 1 2 724 1 10 1
100 0 2 730 1 9 1
101 0 3 736 6 48 9
102 1 6 743 1 10 1
103 0 5 752 245341 3183353 368011
104 0 1 760 4 33 6
105 1 2 765 12581 145563 18871
106 0 1 771 1 12 1
107 0 2 774 1 8 1
108 0 11 780 588 2636 882
109 1 2 790 36 316 54
110 0 6 797 30 260 45
111 1 1 806 2 17 3
112 1 5 811 256 2490 384
113 0 4 819 1 10 1
114 0 12 827 4 12 6
115 1 31 837 2 6 3
116 1 2 848 1 11 1
117 1 7 854 35 124 52
118 0 1 863 10 81 15
119 1 3 869 17 143 25
120 1 4 877 2349 25313 3523
121 0 1 885 15871 185373 23806
122 1 2 889 2 17 3
123 0 7 896 16 52 24
124 1 13 905 1 5 1
125 1 3 915 1 10 1
126 1 3 922 7 56 10
127 1 2 929 34 297 51
128 1 29 936 59 219 88
129 0 2 947 1 9 1
130 0 3 954 2 17 3
131 1 2 961 3 25 4
132 1 4 967 1 10 1
133 1 3 975 4 33 6
134 1 1 982 23 197 34
135 1 2 987 100 928 150
136 0 1 994 32 279 48
137 0 7 999 1 6 1
138 0 2 1008 1 11 1
139 1 5 1014 3165 34553 4747
140 0 5 1022 1257 13173 1885
141 1 13 1030 1 4 1
142 0 5 1040 26 224 39
143 0 3 1048 5098 56806 7647
144 1 1 1055 1 9 1
145 1 5 1058 786883 10643763 1180324
146 0 2 1066 1 10 1
147 0 1 1072 21 179 31
148 0 2 1076 8 64 12
149 0 2 1083 5 40 7
150 0 11 1090 1 4 1
151 1 2 1100 1 8 1
152 1 4 1106 26 224 39
153 1 3 1114 599 6067 898
154 1 3 1122 1 10 1
155 0 1 1129 63 570 94
156 0 2 1132 13 108 19
157 0 24 1138 2 7 3
158 0 1 1149 130 1222 195
159 1 7 1155 1 4 1
160 0 11 1164 550 2454 825
161 1 5 1174 3 25 4
162 0 8 1182 159 644 238
163 0 3 1191 1 9 1
164 0 2 1198 14 116 21
165 1 1 1204 1 9 1
166 1 3 1209 1 11 1
167 0 4 1216 5 41 7
168 0 1 1224 1176 12288 1764
169 1 1 1229 2 17 3
170 0 3 1231 1 10 1
171 1 2 1239 1 9 1
172 0 23 1246 1 3 1
173 0 6 1257 1 9 1
174 1 2 1266 8489 96639 12733
175 1 4 1272 2 17 3
176 1 2 1280 4 33 6
177 1 2 1287 1 9 1
178 1 58 1293 6 18 9
179 0 15 1305 1 4 1
180 1 3 1315 538 5422 807
181 0 2 1322 2 17 3
182 1 6 1329 3 25 4
183 1 2 1338 1 10 1
184 0 2 1345 1436 15140 2154
185 1 17 1351 1 3 1
186 1 6 1361 2511 27138 3766
187 1 4 1370 51 457 76
188 1 2 1378 2841 30870 4261
189 0 1 1385 1 10 1
190 1 7 1390 8 24 12
191 0 2 1399 4 33 6
192 0 2 1405 2 17 3
193 1 14 1411 15 48 22
194 0 2 1421 6 48 9
195 0 6 1427 1 11 1
196 0 1 1436 18 152 27
197 1 3 1441 249 2418 373
198 1 1 1449 43 381 64
199 0 5 1455 3 25 4
200 1 2 1464 3 25 4
201 0 12 1471 2 7 3
202 1 5 1481 19 161 28
203 0 1 1489 1 11 1
204 0 6 1492 504 5064 756
205 1 3 1501 1 9 1
206 0 2 1508 19 161 28
207 0 1 1514 3938 43399 5907
208 1 1 1517 8 64 12
209 1 1 1520 1 9 1
210 1 1 1524 37 325 55
211 0 3 1529 2 17 3
212 1 5 1537 14 116 21
213 1 5 1546 1 10 1
214 1 4 1554 1 8 1
215 0 7 1562 17 56 25
216 0 2 1571 1 11 1
217 1 3 1577 1 9 1
218 1 4 1584 1 9 1
219 0 12 1592 1 5 1
220 0 1 1602 836 8600 1254
221 1 9 1606 4 13 6
222 1 3 1615 1 10 1
223 0 8 1622 2 7 3
224 0 11 1631 1606 7736 2409
225 0 8 1641 1 4 1
226 0 1 1650 19333 227614 28999
227 1 4 1655 1 10 1
228 0 3 1663 189 1811 283
229 0 7 1670 5 15 7
230 0 1 1679 1 9 1
231 0 4 1685 1 9 1
232 1 1 1693 1 10 1
233 1 2 1699 1 9 1
234 0 16 1706 2 7 3
235 0 18 1716 1704810 12145974 2557215
236 1 2 1726 1 11 1
237 1 4 1733 15 125 22
238 0 2 1741 1 9 1
239 1 28 1748 1624 7829 2436
240 0 13 1759 3721 18961 5581
241 0 2 1769 22 188 33
242 1 3 1775 2207 23717 3310
243 0 5 1782 6 48 9
244 1 2 1790 250 2429 375
245 0 1 1797 15 125 22
246 0 1 1802 4 33 6
247 0 5 1807 3 25 4
248 0 6 1815 38 335 57
249 1 10 1824 2 6 3
250 0 3 1834 16 134 24
251 1 5 1841 2 17 3
252 0 1 1849 1530 16177 2295
253 1 4 1855 1 9 1
254 1 6 1863 3 9 4
255 1 1 1872 1 9 1
256 0 3 1876 2 17 3
257 1 1 1883 9 72 13
258 1 7 1889 10 31 15
259 1 27 1898 1 4 1
260 0 3 1909 1 10 1
261 1 16 1916 4181 21466 6271
262 1 1 1926 1 10 1
263 1 7 1931 781 3575 1171
264 0 1 1940 9472 108320 14208
265 0 2 1944 1159 12102 1738
266 0 2 1950 2 17 3
267 1 9 1957 1 4 1
268 1 12 1966 56 207 84
269 0 2 1976 452 4518 678
270 1 5 1982 1 11 1
271 0 3 1990 2065 22127 3097
272 1 9 1998 1 5 1
273 1 7 2007 1 3 1
274 0 3 2016 67 609 100
275 0 5 2024 504 5063 756
276 1 1 2032 1 11 1
277 0 29 2036 227 946 340
278 0 1 2047 1 10 1
279 1 3 2052 1276 13382 1914
280 0 8 2059 21 70 31
281 1 4 2068 1 9 1
282 0 2 2076 1 10 1
283 0 4 2082 11338 130624 17007
284 0 30 2090 22 74 33
285 1 1 2101 7336 83006 11004
286 1 9 2106 1 4 1
287 1 1 2115 814 8363 1221
288 1 2 2118 21 179 31
289 1 3 2125 959 9928 1438
290 0 1 2133 316 3105 474
291 1 3 2137 26 224 39
292 1 6 2144 1 9 1
293 1 5 2153 2522 27262 3783
294 1 5 2161 1 9 1
295 0 5 2169 44 391 66
296 1 3 2177 1 10 1
297 0 2 2184 1 9 1
298 1 5 2191 4 32 6
299 1 3 2199 9 73 13
300 0 4 2206 1 10 1
301 1 1 2214 53 475 79
302 1 1 2220 5 41 7
303 1 2 2226 16636 194679 24954
304 0 1 2233 1 10 1
305 0 3 2238 3 25 4
306 0 1 2245 76 695 114
307 0 2 2250 1 9 1
308 0 5 2257 1 10 1
309 1 12 2265 36 128 54
310 1 10 2275 46 167 69
311 0 1 2285 1 10 1
312 1 1 2290 63 570 94
313 0 6 2295 14 116 21
314 0 1 2304 2 17 3
315 1 20 2308 26 89 39
316 1 1 2319 5 41 7
317 0 12 2324 1 3 1
318 0 13 2334 3 10 4
319 1 17 2344 7 21 10
320 0 2 2354 1 9 1
321 0 12 2360 1 4 1
322 0 2 2370 2 17 3
323 0 4 2376 36 316 54
324 0 4 2384 3 25 4
325 1 12 2392 31 108 46
326 0 1 2402 6 48 9
327 0 10 2407 17 56 25
328 1 7 2416 27 93 40
329 1 18 2425 123 487 184
330 1 23 2435 1 4 1
331 1 2 2446 59 532 88
332 1 5 2453 12 99 18
333 0 23 2462 475 2096 712
334 0 3 2473 57 513 85
335 0 7 2480 575 2574 862
336 1 4 2489 1 10 1
337 1 2 2497 5 40 7
338 1 4 2504 2 17 3
339 1 2 2512 1 9 1
340 0 2 2518 1008 10458 1512
341 0 2 2525 1 13 1
342 1 4 2532 138 1302 207
343 1 8 2540 8 24 12
344 0 2 2549 17 143 25
345 0 1 2555 12 99 18
346 0 4 2560 25165 299414 37747
347 1 2 2568 7 56 10
348 1 5 2575 2 17 3
349 0 3 2583 2 17 3
350 0 1 2591 6425 72295 9637
351 0 2 2594 117 1094 175
352 1 2 2600 1 9 1
353 1 1 2606 11 90 16
354 1 5 2611 1 8 1
355 1 2 2619 3 25 4
356 0 4 2626 8 64 12
357 0 2 2634 1 10 1
358 0 2 2640 1 11 1
359 1 9 2647 1 4 1
360 0 3 2656 5 40 7
361 0 2 2664 137 1292 205
362 1 31 2671 508 2253 762
363 1 8 2682 43 155 64
364 0 3 2691 3 25 4
365 1 2 2698 569 5750 853
366 1 14 2704 4 12 6
367 0 1 2714 1 9 1
368 1 1 2719 24 206 36
369 0 2 2723 1 12 1
370 0 4 2729 395 3923 592
371 0 1 2737 9 73 13
372 0 2 2743 4558 50547 6837
373 0 1 2750 5 41 7
374 0 1 2755 363 3590 544
375 0 2 2760 9 73 13
376 1 4 2767 2 17 3
377 0 2 2775 1 13 1
378 1 8 2781 10 31 15
379 0 2 2790 26656 317880 39984
380 0 8 2796 1 3 1
381 0 1 2805 10 81 15
382 1 5 2810 8 64 12
383 0 4 2818 53 475 79
384 1 15 2826 14 45 21
385 1 2 2836 2269 24414 3403
386 0 7 2842 457 2011 685
387 0 10 2851 3 10 4
388 1 5 2861 58 523 87
389 0 2 2870 1 12 1
390 0 11 2877 14 45 21
391 0 1 2887 822 8449 1233
392 1 3 2892 244 2367 366
393 1 2 2899 1 9 1
394 0 8 2905 1 4 1
395 1 3 2914 34512 415782 51768
396 1 2 2922 107 996 160
397 1 7 2928 42 151 63
398 0 1 2937 1 9 1
399 1 1 2940 35 307 52
400 1 6 2945 3 25 4
401 1 2 2954 75830 941795 113745
402 0 2 2961 4946 55041 7419
403 1 6 2968 4 33 6
404 0 1 2977 1 11 1
405 1 2 2981 1 11 1
406 1 7 2988 42 151 63
407 1 1 2997 36 316 54
408 0 4 3002 1 9 1
409 1 16 3010 444 1949 666
410 0 14 3020 1 3 1
411 0 10 3030 7983 42696 11974
412 1 35 3040 725 3301 1087
413 1 3 3051 3016 32857 4524
414 1 5 3058 188 1801 282
415 1 6 3067 938 9700 1407
416 1 7 3076 145 582 217
417 1 1 3085 173 1650 259
418 1 5 3090 4934 54902 7401
419 0 1 3098 1 9 1
420 1 3 3102 3 25 4
421 0 1 3110 18 152 27
422 0 2 3113 526 5295 789
423 0 1 3119 974 10090 1461
424 0 7 3124 22180 126134 33270
425 1 2 3133 1 9 1
426 0 2 3139 846 8707 1269
427 0 1 3146 43 381 64
428 0 2 3151 536 5401 804
429 0 1 3157 78 714 117
430 0 8 3162 113 444 169
431 0 3 3171 24 206 36
432 1 5 3178 3 25 4
433 1 9 3186 2 7 3
434 0 3 3195 16 134 24
435 1 3 3202 8 64 12
436 0 1 3210 32 279 48
437 1 3 3214 2 17 3
438 0 27 3221 1 5 1
439 0 19 3232 1 4 1
440 1 1 3243 1 12 1
441 0 1 3249 145 1371 217
442 0 1 3253 43 381 64
443 0 2 3257 7 56 10
444 0 2 3263 1 11 1
445 1 3 3269 67 608 100
446 0 9 3276 1 3 1
447 0 6 3285 1 10 1
448 0 2 3294 11 90 16
449 1 2 3300 49 437 73
450 0 12 3307 245 1027 367
451 0 1 3317 2 17 3
452 1 15 3323 250 1050 375
453 0 2 3333 2 17 3
454 0 11 3340 4951 25697 7426
455 0 5 3350 20914 247005 31371
456 0 3 3358 4 33 6
457 0 8 3365 54 199 81
458 0 4 3374 30 261 45
459 0 4 3382 88 811 132
460 1 3 3390 8 64 12
461 1 1 3397 6342 71322 9513
462 0 17 3401 58 215 87
463 0 2 3411 3 25 4
464 1 1 3417 1 12 1
465 1 2 3422 1 9 1
466 1 3 3428 6 48 9
467 0 1 3436 2 17 3
468 0 3 3441 9 73 13
469 1 10 3449 94 364 141
470 0 3 3459 3 25 4
471 1 4 3466 1 9 1
472 1 1 3474 10 81 15
473 0 3 3479 898020 12203175 1347030
474 0 1 3486 2 17 3
475 0 15 3491 1 6 1
476 1 1 3501 7 56 10
477 0 3 3507 1 11 1
478 0 1 3514 627 6364 940
479 0 3 3519 1 9 1
480 0 3 3526 13932935 207404280 20899402
481 0 3 3533 24 206 36
482 1 3 3541 4 33 6
483 0 2 3548 1 11 1
484 0 15 3554 27 93 40
485 0 2 3564 185 1770 277
486 0 3 3571 2 17 3
487 0 1 3578 8 64 12
488 1 1 3581 695 7088 1042
489 0 1 3585 4 33 6
490 1 3 3590 1 11 1
491 0 1 3597 4200 46414 6300
492 1 1 3602 3 25 4
493 0 3 3607 2413 26033 3619
