0 0 15 5 1 3 1
1 1 2 14 9 73 13
2 1 7 21 1 5 1
3 1 1 29 6 48 9
4 0 5 35 3 25 4
5 0 3 43 2 17 3
6 1 5 51 1 9 1
7 0 11 59 1 4 1
8 0 4 68 1 9 1
9 0 6 76 1 11 1
10 0 3 84 1 9 1
11 1 4 92 11 90 16
12 0 1 100 1 9 1
13 0 12 106 1 4 1
14 0 9 115 3322 16803 4983
15 1 3 124 1 8 1
16 0 15 131 20946 118719 31419
17 1 6 140 1 9 1
18 0 4 148 1284 13469 1926
19 0 5 156 19 161 28
20 0 2 164 104 967 156
21 1 3 171 58 523 87
22 0 2 179 9 73 13
23 0 3 186 5730 64164 8595
24 1 1 194 1 11 1
25 1 2 200 1 12 1
26 0 1 207 1460 15404 2190
27 1 2 213 5 40 7
28 0 3 220 50796 621250 76194
29 1 2 228 1821 19404 2731
30 1 3 235 1 11 1
31 0 3 243 1 10 1
32 0 2 251 1 13 1
33 1 1 258 830 8535 1245
34 0 2 263 30 261 45
35 1 25 270 16 52 24
36 0 23 279 83 318 124
37 0 2 288 1 9 1
38 0 1 295 2 17 3
39 1 3 301 1 9 1
40 1 2 309 25 215 37
41 0 2 316 2372 25571 3558
42 0 4 323 26 224 39
43 1 4 331 1 8 1
44 1 3 339 1 11 1
45 0 3 347 14 116 21
46 0 1 354 1790 19059 2685
47 1 2 360 27 233 40
48 1 2 367 2 17 3
49 0 7 374 1 6 1
50 1 13 382 1 4 1
51 1 8 391 298 1269 447
52 1 4 400 16 134 24
53 0 9 408 115 453 172
54 1 2 417 6122 68746 9183
55 0 1 424 1 11 1
56 1 1 431 18 152 27
57 0 9 438 33 116 49
58 1 1 447 9 73 13
59 0 28 453 2 6 3
60 0 1 462 80 734 120
61 0 6 468 1 9 1
62 0 5 476 1 9 1
63 1 3 484 14 116 21
64 1 1 491 2 17 3
65 0 2 498 1 9 1
66 1 3 505 138 1301 207
67 0 4 513 3 25 4
68 1 5 521 150 1420 225
69 1 2 529 1 9 1
70 0 2 536 51 456 76
71 0 1 543 5 40 7
72 0 2 549 2 17 3
73 1 3 556 2 17 3
74 1 2 564 21528 254551 32292
75 0 1 571 1 12 1
76 1 1 577 1 9 1
77 0 1 581 2887 31392 4330
78 0 2 587 255 2479 382
79 1 21 594 24 81 36
80 1 2 603 1 9 1
81 1 7 610 27 93 40
82 1 13 618 13049 71915 19573
83 0 2 627 1 9 1
84 0 4 634 155 1470 232
85 1 9 642 8 24 12
86 0 1 651 13 108 19
87 1 4 657 2 17 3
88 0 2 665 367 3632 550
89 1 6 672 3 25 4
90 1 1 680 12 98 18
91 1 3 685 1 10 1
92 1 1 693 72 657 108
93 1 9 699 470 2072 705
94 1 1 708 4630 51380 6945
95 0 1 713 18 152 27
96 1 1 718 1 9 1
97 0 4 720 5245 58514 7867
98 0 12 728 1087138 7583401 1630707
99 1 7 737 9 27 13
100 0 6 745 31 270 46
101 0 8 753 62 231 93
102 0 3 762 16 134 24
103 1 3 769 33 288 49
104 0 4 777 1 9 1
105 0 2 785 1 9 1
106 0 1 792 7 56 10
107 0 2 798 4 33 6
108 1 9 805 14 45 21
109 0 2 814 3790 41699 5685
110 1 1 821 32 279 48
111 0 1 827 1 9 1
112 1 2 832 4 33 6
113 1 3 839 475 4759 712
114 0 1 847 978 10133 1467
115 1 3 853 1 8 1
116 1 6 860 1365 14359 2047
117 1 17 868 1 4 1
118 0 18 877 223 928 334
119 0 7 886 4 13 6
120 1 15 894 1 5 1
121 0 14 903 1 4 1
122 0 2 912 4 33 6
123 1 13 919 21 70 31
124 0 1 928 334 3290 501
125 0 3 934 11 90 16
126 1 3 942 1 10 1
127 1 9 949 1 5 1
128 1 1 958 1 11 1
129 0 1 964 2 17 3
130 1 36 969 8 24 12
131 0 3 978 13144 152350 19716
132 0 2 986 9 73 13
133 1 1 993 1 9 1
134 0 2 998 36 316 54
135 0 29 1005 4 12 6
136 0 2 1014 1 9 1
137 1 1 1021 11 90 16
138 1 1 1028 1 11 1
139 1 3 1035 1 11 1
140 1 4 1042 6376369 92560424 9564553
141 0 2 1050 1 11 1
142 1 9 1057 68 256 102
143 0 26 1066 3 10 4
144 1 16 1075 1 4 1
145 0 6 1084 142 1341 213
146 0 2 1092 4 33 6
147 1 3 1099 1 13 1
148 1 2 1107 219 2114 328
149 0 55 1114 1 4 1
150 1 2 1124 1 9 1
151 0 1 1131 28 242 42
152 1 2 1137 2 17 3
153 1 1 1144 16 134 24
154 1 5 1150 1 10 1
155 0 6 1158 5076 26387 7614
156 1 3 1166 9 72 13
157 1 46 1174 281 1191 421
158 0 3 1184 1 11 1
159 0 1 1191 5 41 7
160 1 2 1198 5 41 7
161 0 9 1205 2 6 3
162 0 3 1214 2 17 3
163 1 1 1222 1 11 1
164 0 1 1228 6 48 9
165 0 4 1235 11 90 16
166 1 16 1243 4 12 6
167 0 2 1252 1 9 1
168 0 2 1259 3 25 4
169 1 4 1266 10 81 15
170 0 1 1274 1 10 1
171 1 3 1280 224 2164 336
172 1 1 1288 7 56 10
173 0 1 1292 2 17 3
174 0 5 1298 1 11 1
175 1 4 1306 427 4257 640
176 1 5 1314 1 9 1
177 1 1 1322 3 25 4
178 0 1 1328 6 48 9
179 1 3 1334 6267 70443 9400
180 1 3 1341 1 13 1
181 1 4 1349 28 242 42
182 0 5 1357 1 9 1
183 0 3 1365 1 9 1
184 1 3 1373 626 6354 939
185 0 2 1381 220 2123 330
186 0 7 1388 1 4 1
187 0 12 1396 3 9 4
188 1 3 1405 692 7056 1038
189 0 13 1412 1 4 1
190 1 1 1421 2 17 3
191 0 4 1427 1 10 1
192 1 7 1435 1 5 1
193 1 1 1443 2 17 3
194 0 9 1448 67 252 100
195 1 3 1457 2778 30156 4167
196 0 3 1464 1 11 1
197 0 4 1472 105 977 157
198 0 3 1480 11 90 16
199 1 3 1487 132 1242 198
200 0 1 1495 5 40 7
201 0 4 1501 1 9 1
202 0 6 1509 613 6216 919
203 0 2 1517 1 10 1
204 1 3 1524 2429 26214 3643
205 0 3 1532 82 753 123
206 0 2 1540 309 3033 463
207 0 5 1547 3 25 4
208 0 9 1555 1 3 1
209 0 28 1564 10272 55797 15408
210 1 1 1573 528 5316 792
211 1 6 1579 17 143 25
212 1 9 1587 1 3 1
213 0 2 1596 1 10 1
214 1 11 1603 558 2492 837
215 1 2 1612 9 73 13
216 0 4 1619 158 1500 237
217 1 2 1627 9 72 13
218 1 3 1634 1 9 1
219 0 1 1641 5595 62590 8392
220 1 4 1647 1 9 1
221 0 3 1655 1 9 1
222 1 4 1663 19 161 28
223 1 17 1671 1 4 1
224 1 3 1680 810 8320 1215
225 0 5 1688 2 17 3
226 0 4 1696 125 1173 187
227 1 1 1704 36 316 54
228 1 3 1709 1 11 1
229 0 11 1717 27 93 40
230 1 1 1726 79 724 118
231 0 1 1732 47 419 70
232 0 18 1738 3 10 4
233 1 2 1747 6 48 9
234 0 5 1754 1 11 1
235 0 2 1762 1 11 1
236 0 1 1769 151 1430 226
237 0 12 1774 1 4 1
238 0 3 1783 9 73 13
239 0 27 1791 3278 16566 4917
240 0 4 1800 1 9 1
241 1 2 1808 1 9 1
242 0 12 1815 4 12 6
243 0 4 1824 303 2971 454
244 1 3 1832 9 73 13
245 0 2 1840 1082 11263 1623
246 0 3 1847 476 4769 714
247 1 3 1855 1 10 1
248 1 5 1863 1 10 1
249 0 6 1871 67 609 100
250 0 6 1879 1 6 1
251 0 10 1887 1 3 1
252 1 2 1896 1 8 1
253 0 2 1903 2 17 3
254 0 7 1910 19 63 28
255 0 3 1918 1 9 1
256 1 14 1926 2 6 3
257 0 1 1935 1 9 1
258 1 2 1941 85 782 127
259 1 4 1948 539 5432 808
260 0 1 1956 892 9203 1338
261 0 2 1961 492 4937 738
262 0 3 1968 464 4643 696
263 0 6 1976 11 90 16
264 1 5 1984 35 307 52
265 0 3 1992 2 17 3
266 1 2 2000 11390 131248 17085
267 1 2 2007 16 134 24
268 1 5 2014 1 9 1
269 0 2 2022 1 9 1
270 0 1 2029 230 2225 345
271 0 11 2036 4235 21761 6352
272 1 2 2045 3 25 4
273 0 1 2052 56 504 84
274 1 3 2058 1 9 1
275 0 16 2066 2 7 3
276 1 2 2075 1 10 1
277 0 5 2082 30 260 45
278 1 2 2090 290 2838 435
279 0 2 2097 4 33 6
280 0 1 2104 1 10 1
281 0 3 2110 30 261 45
282 1 3 2118 1 9 1
283 1 2 2126 75 685 112
284 0 1 2133 45 400 67
285 0 2 2139 1 10 1
286 0 4 2146 1 9 1
287 1 5 2154 1 9 1
288 0 1 2162 527 5306 790
289 0 3 2168 1112 11589 1668
290 0 7 2175 42 151 63
291 0 9 2183 69 260 103
292 1 1 2192 5 40 7
293 1 3 2198 1 13 1
294 1 4 2205 1155 12058 1732
295 0 2 2213 1 9 1
296 1 5 2220 3 25 4
297 0 5 2228 820 8428 1230
298 0 2 2236 1 10 1
299 0 10 2243 49110 292206 73665
300 1 1 2252 17 143 25
301 1 4 2258 2774 30111 4161
302 1 1 2266 1 11 1
303 1 2 2272 5 40 7
304 1 5 2279 6306 70901 9459
305 1 3 2287 37022 447250 55533
306 1 1 2294 15 125 22
307 1 1 2300 1 11 1
308 0 28 2307 1 3 1
309 1 3 2316 5 40 7
310 0 3 2324 15 125 22
311 0 3 2332 137636 1748225 206454
312 0 32 2340 3 10 4
313 0 7 2349 7 21 10
314 0 2 2357 6 48 9
315 0 6 2364 5 40 7
316 1 3 2372 90 831 135
317 1 1 2379 1 9 1
318 1 5 2386 1117 11644 1675
319 1 5 2394 3 25 4
320 1 3 2402 45 400 67
321 0 1 2410 29 251 43
322 0 3 2416 1 9 1
323 0 1 2423 9 72 13
324 0 2 2429 1 9 1
325 1 5 2436 1 10 1
326 1 12 2444 491 2172 736
327 1 6 2453 30 261 45
328 1 6 2461 726 7420 1089
329 1 2 2469 1 9 1
330 0 3 2476 49 437 73
331 0 3 2484 13 107 19
332 0 8 2492 464 2044 696
333 1 6 2500 38 334 57
334 1 2 2508 38558 466548 57837
335 1 11 2515 18 59 27
336 1 4 2524 1 11 1
337 0 8 2532 5 15 7
338 0 2 2541 1 11 1
339 0 1 2548 13 107 19
340 1 2 2555 1 10 1
341 0 2 2562 2 17 3
342 0 1 2569 28 242 42
343 0 3 2575 3 25 4
344 1 1 2582 1016 10545 1524
345 1 7 2588 2 6 3
346 1 2 2596 1 13 1
347 1 3 2603 13 107 19
348 0 5 2610 15 125 22
349 1 5 2618 1 10 1
350 0 2 2626 1 9 1
351 1 2 2633 2 17 3
352 0 4 2640 274 2674 411
353 1 1 2648 2 17 3
354 1 8 2654 1 3 1
355 1 5 2663 71 647 106
356 1 7 2671 39 139 58
357 1 2 2679 29 251 43
358 1 1 2686 6 48 9
359 0 7 2692 1 3 1
360 0 2 2700 1419 14953 2128
361 1 1 2707 720 7355 1080
362 0 1 2712 14 116 21
363 1 3 2718 1 10 1
364 0 7 2726 4918 25514 7377
365 1 2 2734 1 11 1
366 0 6 2741 1 9 1
367 1 1 2749 1084 11285 1626
368 1 2 2756 1 11 1
369 0 6 2763 27 233 40
370 1 6 2771 4 12 6
371 1 1 2779 453 4528 679
372 0 6 2785 1 9 1
373 1 6 2793 1 9 1
374 0 1 2801 1 10 1
375 1 1 2807 7 56 10
376 1 2 2814 1 9 1
377 1 2 2821 962 9960 1443
378 0 1 2828 1 9 1
379 1 9 2834 2 7 3
380 1 1 2843 71 647 106
381 1 1 2850 209 2012 313
382 0 1 2856 2 17 3
383 0 2 2861 656 6673 984
384 0 68 2868 115 453 172
385 1 5 2878 7 56 10
386 1 3 2886 1 10 1
387 0 3 2894 73 666 109
388 0 6 2902 12 99 18
389 1 28 2910 9 27 13
390 1 1 2919 1 9 1
391 0 4 2926 3 25 4
392 0 3 2934 1 8 1
393 0 1 2942 2 17 3
394 0 3 2948 66 599 99
395 1 2 2956 618 6269 927
396 1 3 2963 1 11 1
397 1 1 2970 8 64 12
398 0 5 2977 1 9 1
399 0 3 2985 1 9 1
400 1 2 2993 75 685 112
401 1 2 3000 78 714 117
402 0 20 3007 4 12 6
403 1 5 3016 565 5707 847
404 0 3 3024 1 11 1
405 1 6 3031 5 41 7
406 1 13 3039 2 6 3
407 0 3 3048 1 10 1
408 0 1 3056 7567 85731 11350
409 1 1 3062 19528 230003 29292
410 0 3 3067 8 64 12
411 0 2 3075 1 9 1
412 1 33 3082 1 4 1
413 0 3 3091 4459 49403 6688
414 0 4 3099 2 17 3
415 1 17 3107 41 147 61
416 0 2 3116 4 33 6
417 0 6 3123 792 3629 1188
418 0 1 3131 3 25 4
419 0 3 3137 171 1630 256
420 1 1 3145 1 11 1
421 0 1 3151 25 215 37
422 0 17 3158 1 5 1
423 0 3 3167 2 17 3
424 0 1 3174 170 1620 255
425 1 1 3179 8 64 12
426 1 4 3184 12 98 18
427 0 5 3192 3654 40139 5481
428 0 9 3200 23 78 34
429 0 1 3209 284094 3705890 426141
430 1 1 3215 2560 27691 3840
431 0 2 3221 54 485 81
432 0 2 3228 1 9 1
433 0 4 3235 1 10 1
434 1 1 3243 5 40 7
435 0 2 3249 3524 38651 5286
436 1 1 3256 1 11 1
437 0 2 3262 2890 31426 4335
438 1 2 3269 11 90 16
439 1 3 3276 1 12 1
440 0 5 3283 24 206 36
441 0 3 3291 12 98 18
442 0 6 3299 1 12 1
443 0 3 3307 12 99 18
444 0 7 3314 1 4 1
445 1 4 3322 473 4738 709
446 0 1 3330 7 56 10
447 1 6 3336 286 2796 429
448 0 1 3344 1 10 1
449 0 3 3350 2 17 3
450 0 1 3358 1 9 1
451 0 53 3363 1 4 1
452 0 3 3373 5 40 7
453 1 3 3381 1 9 1
454 1 1 3389 5 41 7
455 0 1 3395 6 48 9
456 0 2 3402 63 570 94
457 1 9 3409 2 6 3
458 0 9 3418 16 52 24
459 1 5 3427 26890 320782 40335
460 1 1 3435 1 9 1
461 1 4 3441 1 9 1
462 1 7 3449 1 4 1
463 0 1 3457 1 12 1
464 0 22 3464 226 941 339
465 0 1 3473 30 261 45
466 1 1 3478 1 9 1
467 0 1 3484 970 10046 1455
468 0 3 3491 507 5095 760
469 1 18 3499 49 179 73
470 1 2 3508 1 8 1
471 0 2 3515 1 13 1
472 1 1 3522 479 4801 718
473 1 1 3527 15851 185130 23776
474 0 2 3533 787 8073 1180
475 0 8 3540 18 59 27
476 0 2 3549 8 64 12
477 1 4 3556 228 2205 342
478 0 4 3564 2 17 3
479 1 2 3572 508 5106 762
480 0 5 3579 3 25 4
481 1 2 3587 24747 294245 37120
482 1 3 3594 17 143 25
483 0 1 3602 1 9 1
484 0 6 3608 9 73 13
