0 0 6 5 1 10 1
1 1 4 22 1 9 1
2 0 1 37 12 99 18
3 0 4 43 6 48 9
4 1 1 59 1821697 25364503 2732545
5 0 1 70 30 261 45
6 0 2 77 27 233 40
7 0 3 91 5507 61564 8260
8 1 2 105 4 33 6
9 1 2 119 1 9 1
10 1 3 131 144 1361 216
11 1 10 146 407 1775 610
12 1 2 165 484 4854 726
13 1 1 177 1 9 1
14 1 1 188 197 1891 295
15 1 60 197 1 3 1
16 1 2 221 3 25 4
17 1 5 233 1 9 1
18 1 1 250 1 10 1
19 1 5 261 1 9 1
20 0 4 278 13749 159654 20623
21 0 11 294 627 2825 940
22 0 1 313 43757 532073 65635
23 1 11 316 16 52 24
24 1 1 335 87 801 130
25 1 2 341 597 6046 895
26 1 7 354 2 7 3
27 1 4 372 15 125 22
28 1 2 388 40 353 60
29 0 2 401 1 9 1
30 0 2 415 1 12 1
31 0 3 428 8582 97741 12873
32 1 2 442 1 9 1
33 0 1 455 3545 38892 5317
34 0 13 466 1 3 1
35 0 2 486 18 152 27
36 1 2 498 20 170 30
37 0 8 510 2 6 3
38 0 3 528 950 9830 1425
39 1 2 543 4336 47983 6504
40 0 4 557 265 2581 397
41 0 2 572 9 73 13
42 0 12 584 1 4 1
43 1 2 604 2 17 3
44 1 1 617 6 48 9
45 1 8 628 1911 9316 2866
46 0 2 646 1 9 1
47 0 2 659 1 10 1
48 1 1 672 25 215 37
49 1 3 681 10 81 15
50 1 9 695 271 1145 406
51 0 4 714 1 9 1
52 0 3 730 237 2296 355
53 0 1 745 3 25 4
54 0 4 756 2 17 3
55 0 5 772 1 10 1
56 1 1 789 1 9 1
57 1 2 796 1 9 1
58 1 1 809 1 9 1
59 1 5 820 16 134 24
60 1 1 837 2 17 3
61 1 4 846 17523 205489 26284
62 1 4 862 220 2124 330
63 0 7 878 1165 5488 1747
64 1 6 896 13 41 19
65 0 4 914 30318 363397 45477
66 1 12 930 730 3326 1095
67 0 2 950 2 17 3
68 0 3 963 7 56 10
69 1 2 978 1 9 1
70 1 6 990 9 72 13
71 1 14 1007 1 3 1
72 1 2 1027 75 685 112
73 1 2 1040 2 17 3
74 0 2 1052 64 580 96
75 0 1 1065 1 9 1
76 0 1 1071 15 125 22
77 1 1 1081 47 419 70
78 1 3 1091 1 9 1
79 0 2 1105 1 9 1
80 0 1 1118 801 8224 1201
81 1 4 1129 17 143 25
82 1 3 1145 104 967 156
83 0 15 1159 314 1342 471
84 0 3 1179 4497 49842 6745
85 1 17 1193 1 4 1
86 1 1 1214 2019 21612 3028
87 0 6 1224 15 125 22
88 1 1 1241 106 986 159
89 1 1 1248 2 17 3
90 0 2 1259 2523 27273 3784
91 0 7 1272 1 4 1
92 1 6 1290 173 1650 259
93 0 1 1307 14 116 21
94 1 2 1313 48 428 72
95 0 1 1326 2162 23213 3243
96 1 7 1334 387 1681 580
97 1 5 1352 8 64 12
98 1 1 1369 1 10 1
99 0 2 1379 3 25 4
100 0 2 1393 1 9 1
101 1 1 1405 14 116 21
102 0 2 1416 74 675 111
103 1 4 1429 153 1450 229
104 0 1 1445 1 10 1
105 1 3 1456 57 513 85
106 1 1 1470 1 12 1
107 0 5 1480 101 937 151
108 0 2 1497 1 9 1
109 0 4 1510 13 107 19
110 0 1 1526 27 233 40
111 0 2 1535 32 279 48
112 1 2 1549 1 9 1
113 0 1 1562 2 17 3
114 1 1 1573 1 10 1
115 1 3 1582 20 170 30
116 1 8 1596 1161 5468 1741
117 1 3 1614 254 2469 381
118 0 1 1629 419 4173 628
119 0 10 1639 6 18 9
120 1 13 1658 6 18 9
121 0 2 1678 41 363 61
122 0 2 1691 4 33 6
123 0 1 1703 1 9 1
124 0 6 1714 1169 12211 1753
125 1 2 1732 1 11 1
126 0 3 1745 1 9 1
127 1 3 1760 8 64 12
128 0 13 1774 1 3 1
129 0 2 1794 1 9 1
130 0 23 1808 19 63 28
131 1 2 1830 201 1931 301
132 0 1 1842 1 9 1
133 1 1 1853 207 1992 310
134 1 9 1863 79 301 118
135 0 4 1882 2 17 3
136 0 8 1898 8 24 12
137 1 2 1916 4905 54565 7357
138 1 2 1930 10451 120002 15676
139 0 2 1942 1 12 1
140 0 1 1955 1 9 1
141 0 3 1964 131 1232 196
142 0 3 1979 1 9 1
143 0 1 1994 207 1992 310
144 1 3 2001 469 4696 703
145 0 11 2016 1 4 1
146 1 2 2035 1 9 1
147 1 4 2049 126 1183 189
148 1 10 2065 3 10 4
149 0 3 2084 1 11 1
150 1 1 2098 621 6301 931
151 1 23 2109 1 4 1
152 1 6 2131 97 898 145
153 1 7 2149 1 6 1
154 1 6 2167 2839 14212 4258
155 0 14 2185 33 116 49
156 1 1 2205 1 9 1
157 0 1 2214 1 10 1
158 1 2 2223 1 10 1
159 0 1 2236 68 618 102
160 1 5 2245 1 10 1
161 1 2 2262 1 11 1
162 0 1 2274 2740 29726 4110
163 0 1 2281 1 10 1
164 1 1 2291 20 170 30
165 1 5 2301 17388 203843 26082
166 0 3 2318 94 869 141
167 1 1 2332 17 143 25
168 1 2 2343 1 12 1
169 0 3 2357 38705 468396 58057
170 0 6 2372 7979 90599 11968
171 0 1 2389 47 419 70
172 1 5 2400 1 9 1
173 1 1 2417 15805 184571 23707
174 0 2 2428 2 17 3
175 0 5 2441 37 325 55
176 1 6 2457 6805 76756 10207
177 1 1 2474 1 10 1
178 1 1 2485 2 17 3
179 1 1 2495 1 10 1
180 1 3 2505 51 456 76
181 0 5 2520 1 9 1
182 0 2 2537 4175 46126 6262
183 0 5 2549 71 647 106
184 0 3 2565 1 10 1
185 0 4 2579 149 1411 223
186 1 1 2595 10 81 15
187 0 12 2604 2 7 3
188 1 1 2624 575 5813 862
189 0 2 2635 1 9 1
190 1 1 2649 1 9 1
191 1 1 2655 1 9 1
192 0 4 2666 4 32 6
193 1 5 2682 1 11 1
194 0 7 2699 13 41 19
195 0 2 2717 34 298 51
196 1 4 2730 59 532 88
197 0 4 2745 249 2418 373
198 1 3 2761 1 9 1
199 0 114 2776 3 9 4
200 1 2 2802 285 2786 427
201 0 4 2815 3 25 4
202 1 3 2831 3 25 4
203 1 2 2845 19 161 28
204 1 1 2857 2659 28809 3988
205 1 2 2866 6404 72049 9606
206 0 6 2879 4024 44388 6036
207 0 1 2896 502 5043 753
208 1 3 2905 3 25 4
209 0 3 2920 1 9 1
210 1 13 2934 13 41 19
211 1 1 2954 1 9 1
212 1 2 2965 2490 26901 3735
213 0 2 2977 82 753 123
214 0 3 2991 1 13 1
215 0 2 3006 22 188 33
216 1 10 3018 1 4 1
217 1 9 3037 1 4 1
218 0 7 3056 15 48 22
219 1 1 3074 10 81 15
220 1 2 3085 20 169 30
221 1 4 3098 3 25 4
222 1 4 3113 45 400 67
223 1 7 3128 1 3 1
224 1 2 3146 1 10 1
225 0 7 3158 212 878 318
226 1 2 3176 9 73 13
227 1 2 3188 904 9333 1356
228 1 6 3202 1 11 1
229 0 2 3219 2253 24234 3379
230 1 2 3231 2 17 3
231 1 19 3244 649 2931 973
232 0 1 3265 4205 46472 6307
233 0 4 3276 1 12 1
234 0 4 3292 2096 22473 3144
235 1 1 3308 1 10 1
236 1 6 3313 363 3591 544
237 0 19 3330 2572 12791 3858
238 0 25 3351 38 135 57
239 1 4 3373 1 9 1
240 0 6 3389 104 406 156
241 0 7 3407 1 4 1
242 1 3 3425 5892 66056 8838
243 1 6 3440 1 9 1
244 1 4 3457 40 353 60
245 0 20 3473 9 27 13
246 1 8 3494 214 887 321
247 0 1 3513 2 17 3
248 0 2 3521 245 2378 367
249 0 1 3534 199 1911 298
250 1 2 3542 3 25 4
251 1 1 3554 1 10 1
252 0 11 3565 1 5 1
253 1 4 3584 2876 31268 4314
254 1 1 3600 1 9 1
255 0 3 3609 3 25 4
