0 0 6 5 1 9 1
1 0 2 22 126 1183 189
2 1 1 34 11 90 16
3 1 2 38 7 56 10
4 1 1 52 10 81 15
5 0 2 57 1 12 1
6 1 3 70 1 9 1
7 1 4 84 1 10 1
8 1 5 100 5 40 7
9 1 5 116 2 17 3
10 1 4 133 9 72 13
11 0 19 149 726 3306 1089
12 1 3 170 12 99 18
13 0 1 184 14 116 21
14 0 1 194 1 9 1
15 0 1 205 18 152 27
16 0 17 214 1291 6125 1936
17 0 1 235 1 10 1
18 0 11 244 7 21 10
19 0 2 264 1 10 1
20 0 2 276 93 859 139
21 1 4 289 1 10 1
22 0 3 305 1 10 1
23 0 8 319 5 15 7
24 1 2 337 1 9 1
25 0 5 350 1 9 1
26 1 13 367 2 7 3
27 0 1 387 702 7163 1053
28 1 7 396 39 139 58
29 1 3 414 2412 26022 3618
30 1 7 429 9199 49632 13798
31 1 6 447 1 10 1
32 0 4 464 1483 15658 2224
33 0 1 480 1 8 1
34 1 2 491 290 2837 435
35 0 1 505 21 179 31
36 0 2 516 4019 44330 6028
37 1 3 529 343 3384 514
38 1 1 544 2302 24785 3453
39 1 4 555 1 12 1
40 1 1 571 7 56 10
41 1 2 581 6 48 9
42 0 2 594 2 17 3
43 1 2 606 37 326 55
44 1 2 619 30 261 45
45 0 3 633 67 608 100
46 0 7 648 360 1556 540
47 1 9 666 222 923 333
48 1 6 685 22 74 33
49 1 1 703 20 170 30
50 0 2 713 640 6503 960
51 1 1 725 1 9 1
52 0 2 735 2 17 3
53 0 2 747 2505 27070 3757
54 1 1 759 2 17 3
55 1 1 769 1 10 1
56 0 6 780 12 99 18
57 0 13 797 1 4 1
58 0 68 817 1 3 1
59 1 1 841 1 8 1
60 0 10 850 311 1328 466
61 0 1 869 356 3518 534
62 0 1 877 938 9700 1407
63 1 7 886 12777 70327 19165
64 0 2 904 1 9 1
65 1 4 916 1 9 1
66 1 3 932 1105 11513 1657
67 1 1 947 47 419 70
68 1 4 958 1 9 1
69 1 7 974 1 4 1
70 1 2 992 236 2286 354
71 1 1 1005 39 344 58
72 1 2 1009 256 2490 384
73 0 10 1023 3 9 4
74 0 7 1042 3 10 4
75 1 5 1060 1 10 1
76 1 2 1077 15 125 22
77 0 2 1089 1 8 1
78 0 1 1101 1 10 1
79 0 6 1109 12409 143492 18613
80 1 2 1126 2 17 3
81 0 2 1140 1 11 1
82 1 5 1153 1 11 1
83 1 5 1170 2 17 3
84 1 1 1187 17 143 25
85 1 2 1198 20 170 30
86 1 1 1211 273 2663 409
87 1 4 1215 1 9 1
88 1 4 1231 773 7923 1159
89 1 6 1247 3 25 4
90 0 1 1264 1 10 1
91 1 2 1274 1830 19504 2745
92 0 1 1287 2 17 3
93 0 4 1296 17 143 25
94 0 3 1311 17 143 25
95 0 6 1326 955 9884 1432
96 0 2 1343 4 33 6
97 1 13 1356 159 644 238
98 1 3 1376 2 17 3
99 1 2 1391 1 8 1
100 1 3 1404 1243 13020 1864
101 1 5 1419 14 116 21
102 1 5 1436 59381 730633 89071
103 1 3 1453 40 353 60
104 1 1 1468 1 10 1
105 0 1 1479 211 2033 316
106 1 6 1489 5 41 7
107 1 1 1507 1 9 1
108 1 2 1514 12 99 18
109 0 5 1526 1 10 1
110 1 1 1543 35256 425101 52884
111 1 3 1553 23951 284410 35926
112 0 4 1568 5 40 7
113 1 2 1584 1 9 1
114 0 10 1597 5 15 7
115 1 2 1616 17 143 25
116 0 2 1628 1 8 1
117 0 1 1642 5 40 7
118 1 3 1652 1 9 1
119 0 1 1667 1 9 1
120 0 5 1676 9357 106951 14035
121 0 9 1693 11 34 16
122 1 1 1712 24 206 36
123 1 3 1722 1 9 1
124 1 2 1736 42 372 63
125 0 3 1749 9 73 13
126 0 5 1763 50645 619332 75967
127 1 2 1780 48 428 72
128 1 3 1792 10 81 15
129 1 12 1807 1 4 1
130 0 1 1827 140 1321 210
131 0 10 1834 1636 7891 2454
132 0 3 1853 1 9 1
133 0 8 1867 9 27 13
134 1 2 1885 3 25 4
135 0 2 1899 954 9873 1431
136 0 3 1913 1 9 1
137 0 9 1928 13 41 19
138 0 1 1947 166026 2123556 249039
139 1 1 1957 52141 638344 78211
140 1 5 1966 14 116 21
141 1 1 1983 3 25 4
142 1 4 1991 1 10 1
143 1 1 2007 2159 23179 3238
144 1 18 2013 111 436 166
145 1 3 2034 1 9 1
146 0 5 2049 42 372 63
147 1 6 2066 20 169 30
148 0 2 2083 20 169 30
149 1 3 2095 87233 1089199 130849
150 0 1 2109 650 6609 975
151 1 39 2120 1 4 1
152 1 2 2143 678 6907 1017
153 0 8 2156 5647 29555 8470
154 1 1 2175 312 3064 468
155 0 2 2182 14 116 21
156 1 2 2196 350 3456 525
157 0 3 2209 37 325 55
158 0 17 2223 805 3693 1207
159 0 25 2244 59 219 88
160 1 3 2266 2 17 3
161 1 10 2280 1 7 1
162 1 2 2299 1 10 1
163 1 2 2312 272 2653 408
164 0 12 2324 1 4 1
165 0 3 2344 25 215 37
166 0 3 2358 1 11 1
167 0 1 2373 6 48 9
168 1 14 2383 42 151 63
169 1 2 2403 1 9 1
170 1 3 2416 21782 257676 32673
171 0 3 2430 284 2776 426
172 1 1 2444 1 10 1
173 0 10 2455 260 1095 390
174 0 1 2474 6330 71182 9495
175 0 7 2483 1 3 1
176 0 4 2501 1 9 1
177 0 2 2517 1322 13886 1983
178 0 1 2530 1 10 1
179 0 6 2541 8 64 12
180 1 1 2558 23 197 34
181 1 2 2567 1192 12462 1788
182 1 1 2579 8 64 12
183 1 12 2590 255 1072 382
184 1 3 2610 1 10 1
185 0 2 2624 4 33 6
186 0 2 2637 48 428 72
187 0 4 2650 8 64 12
188 0 2 2666 518 5211 777
189 0 2 2679 1 9 1
190 0 1 2692 14 116 21
191 1 4 2696 70 637 105
192 1 1 2712 7 56 10
193 0 2 2721 6309 70936 9463
194 0 1 2735 3 25 4
195 0 2 2745 218380 2821503 327570
196 0 1 2758 1 9 1
197 1 2 2769 1 9 1
198 1 7 2782 14475 80271 21712
199 0 1 2800 1 10 1
200 0 3 2805 1 10 1
201 0 3 2819 4 33 6
202 0 5 2834 252388 3278171 378582
203 0 2 2851 1 10 1
204 0 8 2863 17 56 25
205 1 2 2882 6 48 9
206 0 5 2895 2 17 3
207 1 3 2912 1 10 1
208 1 8 2926 457 2011 685
209 1 13 2944 7 21 10
210 1 1 2964 397 3944 595
211 0 7 2975 2 7 3
212 0 2 2993 3104 33858 4656
213 0 2 3006 74 676 111
214 1 5 3020 343 3383 514
215 0 2 3037 250 2428 375
216 1 2 3050 3 25 4
217 1 3 3062 17 143 25
218 0 4 3077 13 107 19
219 0 2 3093 1 9 1
220 1 11 3105 1 3 1
221 1 1 3124 84 772 126
222 0 9 3128 1 4 1
223 1 3 3147 18513 217580 27769
224 0 2 3161 5 40 7
225 1 1 3175 52 466 78
226 1 18 3186 16 52 24
227 0 1 3207 28 242 42
228 0 3 3212 3 25 4
229 1 1 3226 1 9 1
230 1 7 3235 9 27 13
231 0 3 3253 1 8 1
232 1 17 3268 1 4 1
233 1 31 3289 1 6 1
234 1 1 3311 7 56 10
235 0 3 3318 1 9 1
236 0 2 3332 1 11 1
237 0 5 3344 2 17 3
238 1 1 3360 18 152 27
239 1 6 3368 2921 31778 4381
240 0 2 3385 1 9 1
241 1 1 3398 118 1104 177
242 0 3 3406 9 73 13
243 0 2 3420 105924 1332303 158886
244 1 1 3432 1 11 1
245 0 5 3440 3570868 50856001 5356302
246 1 3 3457 2 17 3
247 0 2 3472 131 1232 196
248 1 5 3485 2210 23751 3315
249 1 5 3502 1 9 1
250 1 2 3519 1 9 1
251 0 3 3532 3 25 4
252 0 6 3547 1 3 1
253 0 3 3565 58 523 87
254 1 1 3580 1 10 1
255 1 1 3589 8 64 12
256 0 2 3599 5 40 7
257 0 3 3613 55 494 82
