0 1 1 5 73 666 109
1 0 2 9 9 73 13
2 1 2 16 374 3705 561
3 0 2 23 19616 231081 29424
4 1 2 29 2 17 3
5 0 119 35 1 3 1
6 1 5 48 2 6 3
7 0 9 57 235 982 352
8 1 4 66 1 3 1
9 1 1 74 10 81 15
10 0 17 79 1508 7233 2262
11 0 2 89 30 261 45
12 0 1 96 4 33 6
13 1 2 101 1 9 1
14 0 4 108 23 78 34
15 1 14 116 3 9 4
16 0 1 126 1 9 1
17 1 6 131 1298 6161 1947
18 1 4 140 33 116 49
19 0 2 148 5 40 7
20 0 1 154 36 316 54
21 1 4 157 2 7 3
22 1 1 165 271 2643 406
23 0 7 170 2 6 3
24 1 5 179 24 81 36
25 1 18 187 1 4 1
26 1 1 197 1 11 1
27 1 4 202 788 3610 1182
28 0 7 210 1 5 1
29 1 1 219 9 73 13
30 0 2 222 1 9 1
31 1 8 229 7 21 10
32 1 4 238 2 7 3
33 0 2 246 1 9 1
34 0 6 253 474 2091 711
35 0 3 262 10 81 15
36 0 13 269 5657 29611 8485
37 0 8 279 2 7 3
38 1 18 288 902 4173 1353
39 0 3 298 1 4 1
40 1 4 305 9 27 13
41 1 8 313 12 38 18
42 0 1 322 1 10 1
43 1 3 327 1 10 1
44 1 2 334 1 11 1
45 1 3 340 28 97 42
46 0 1 348 92 850 138
47 0 7 352 2 6 3
48 0 10 361 1 4 1
49 1 1 371 69 628 103
50 0 2 374 17 143 25
51 0 4 380 7 21 10
52 1 2 388 7711 87431 11566
53 0 1 394 1 10 1
54 0 4 398 1 4 1
55 1 4 406 1 3 1
56 0 5 414 1 4 1
57 0 3 422 1893 20206 2839
58 1 1 429 132 1242 198
59 0 5 434 1 4 1
60 1 7 442 9635 52132 14452
61 0 2 451 30 261 45
62 0 1 457 2 17 3
63 0 3 459 321 1375 481
64 0 2 466 3 25 4
65 1 4 472 2010 9832 3015
66 1 6 480 1 4 1
67 1 4 489 11 34 16
68 0 4 497 5 15 7
69 0 2 505 3 25 4
70 1 2 511 1 10 1
71 0 6 517 4 13 6
72 0 1 526 7 56 10
73 1 7 530 1267 6004 1900
74 0 2 539 1 8 1
75 1 3 545 1 8 1
76 0 4 552 2 7 3
77 0 1 560 182 1740 273
78 0 3 565 30 104 45
79 1 1 573 1735 18448 2602
80 0 9 578 1 4 1
81 0 3 587 9 73 13
82 0 1 594 33 288 49
83 1 9 599 546 2435 819
84 1 12 608 3227 16291 4840
85 0 1 618 554 5591 831
86 1 10 624 2249 11085 3373
87 0 11 634 1 4 1
88 1 5 644 31065 180126 46597
89 0 13 652 1 4 1
90 0 1 662 58 523 87
91 0 8 666 73017 444042 109525
92 1 6 675 2 7 3
93 0 3 684 19711 111323 29566
94 0 3 691 23 78 34
95 1 1 698 24 206 36
96 0 7 703 1 3 1
97 0 7 712 1 4 1
98 1 4 721 35 124 52
99 0 1 729 14071 163548 21106
100 1 2 734 7402 83784 11103
101 1 1 741 19 161 28
102 0 8 746 39060 229447 58590
103 0 3 755 860 8858 1290
104 1 2 762 1 11 1
105 1 1 769 2 17 3
106 1 2 774 1 9 1
107 0 2 780 79 724 118
108 0 2 787 1 10 1
109 0 4 793 438 1921 657
110 0 2 801 34 298 51
111 1 3 807 1 5 1
112 0 3 814 12 99 18
113 0 2 821 18 152 27
114 1 3 828 2 6 3
115 0 2 835 274 2674 411
116 1 1 841 1 10 1
117 0 1 846 8 64 12
118 0 1 851 7 56 10
119 1 27 856 557 2487 835
120 0 5 867 723 3291 1084
121 0 6 875 1 5 1
122 1 3 884 18 152 27
123 1 2 891 2 17 3
124 1 1 897 3 25 4
125 1 1 902 1 11 1
126 0 2 907 8 64 12
127 0 3 913 6 48 9
128 1 2 920 1 9 1
129 0 2 927 1 10 1
130 0 5 934 197 812 295
131 0 3 942 1 4 1
132 0 6 950 1 6 1
133 1 1 959 59 532 88
134 0 5 965 4 12 6
135 0 2 973 1 9 1
136 0 2 979 5 41 7
137 0 5 986 64193 387643 96289
138 1 2 994 15 125 22
139 1 1 1000 1 10 1
140 1 4 1004 63 235 94
141 0 1 1012 2 17 3
142 0 8 1017 1 3 1
143 1 3 1026 46 409 69
144 1 3 1033 75 685 112
145 0 1 1040 1924 20551 2886
146 0 2 1045 195 1871 292
147 0 4 1052 1 4 1
148 1 1 1060 1 10 1
149 1 9 1066 3 9 4
150 1 3 1075 1 4 1
151 1 4 1082 5531 28910 8296
152 0 2 1090 4 33 6
153 1 14 1096 1 5 1
154 1 4 1106 1 4 1
155 0 6 1114 1 3 1
156 0 2 1123 1 12 1
157 0 5 1130 10 31 15
158 1 4 1138 16 52 24
159 1 3 1146 5 40 7
160 0 3 1153 1 5 1
161 0 13 1161 1 5 1
162 1 3 1171 4 12 6
163 1 2 1178 46 409 69
164 1 2 1184 4 33 6
165 1 8 1191 4 12 6
166 0 1 1200 874 9009 1311
167 0 6 1205 1 5 1
168 0 7 1214 11 34 16
169 0 1 1223 740 7569 1110
170 1 2 1229 1729 18381 2593
171 0 1 1236 3 25 4
172 0 1 1242 13 107 19
173 0 10 1247 2 6 3
174 0 2 1257 63 570 94
175 0 5 1263 73 276 109
176 0 7 1272 5 15 7
177 1 3 1281 213 883 319
178 0 4 1288 1 5 1
179 1 2 1296 96 888 144
180 1 3 1302 28 97 42
181 0 4 1309 3 10 4
182 0 1 1317 938 9700 1407
183 0 1 1320 2936 31948 4404
184 0 5 1322 2611 12998 3916
185 1 4 1331 1 3 1
186 0 4 1339 1 5 1
187 0 3 1347 19418 228655 29127
188 0 1 1354 1 8 1
189 0 5 1358 6 18 9
190 1 4 1366 7 21 10
191 1 4 1374 1 5 1
192 0 4 1382 1 5 1
193 1 1 1390 1 12 1
194 0 6 1394 1 3 1
195 1 9 1403 1372308 9678470 2058462
196 0 2 1412 16251 189993 24376
197 0 4 1419 1 4 1
198 1 3 1427 6 48 9
199 0 1 1434 1664 17660 2496
200 1 1 1439 3 25 4
201 1 3 1444 32 112 48
202 1 2 1451 181 1730 271
203 1 13 1457 5947 31227 8920
204 0 5 1467 70 264 105
205 0 20 1475 7 21 10
206 1 1 1486 4 33 6
207 0 1 1492 1 10 1
208 1 3 1497 2 6 3
209 0 1 1504 404 4017 606
210 1 4 1508 1 4 1
211 1 2 1516 4 33 6
212 1 1 1523 139 1312 208
213 0 6 1528 124 492 186
214 1 2 1537 6956 78531 10434
215 0 2 1544 428 4267 642
216 1 7 1550 181 741 271
217 0 21 1559 74 280 111
218 0 1 1570 122575 1550203 183862
219 1 3 1576 127 504 190
220 1 3 1584 793 3634 1189
221 1 2 1592 33 288 49
222 0 20 1599 1 4 1
223 0 3 1610 27 93 40
224 1 3 1617 125015 1582228 187522
225 1 6 1624 1 4 1
226 1 3 1633 1 4 1
227 0 3 1640 2 7 3
228 0 3 1647 98 381 147
229 0 2 1654 3 25 4
230 1 1 1661 1 10 1
231 0 1 1665 1 9 1
232 1 2 1670 1 10 1
233 0 3 1676 266 1123 399
234 1 3 1684 1 4 1
235 1 1 1691 10 81 15
236 1 5 1696 6 18 9
237 1 1 1704 1 9 1
238 0 2 1709 6 48 9
239 1 2 1716 1 10 1
240 0 1 1722 371549 4893871 557323
241 0 3 1726 2 6 3
242 0 3 1733 1 4 1
243 0 6 1740 139 556 208
244 1 4 1749 2138 10502 3207
245 0 1 1757 1 8 1
246 1 12 1762 1 3 1
247 1 3 1772 4 12 6
248 1 1 1780 7 56 10
249 1 1 1786 1 10 1
250 1 2 1792 1 9 1
251 0 2 1798 5 40 7
252 1 1 1805 139 1311 208
253 0 2 1810 1 14 1
254 1 2 1816 11 90 16
255 0 3 1823 97 898 145
256 1 12 1830 3 10 4
257 0 1 1840 1 8 1
258 1 1 1845 1 11 1
259 1 2 1850 1 9 1
260 0 6 1857 4 12 6
261 0 2 1866 1 13 1
262 0 2 1873 874 9009 1311
263 0 3 1880 11 34 16
264 0 1 1887 1 11 1
265 0 1 1892 11400 131368 17100
266 1 17 1895 1 5 1
267 0 11 1905 1 6 1
268 0 8 1915 38 135 57
269 0 5 1924 1 4 1
270 1 1 1932 217 2093 325
271 1 4 1936 446 1959 669
272 1 5 1944 1403 6696 2104
273 0 5 1953 64 239 96
274 0 5 1961 3 9 4
275 1 2 1969 3 25 4
276 1 8 1975 1 4 1
277 1 3 1984 1 10 1
278 1 3 1991 36 127 54
279 0 13 1998 66 248 99
280 0 3 2008 668 3023 1002
281 1 9 2015 20 67 30
282 1 2 2024 2 17 3
283 1 3 2031 2 7 3
284 0 5 2038 284 1205 426
285 0 2 2046 1 8 1
286 1 1 2053 188 1800 282
287 0 4 2059 1 3 1
288 1 16 2067 1 4 1
289 1 6 2077 16 52 24
290 1 16 2086 14 45 21
291 0 4 2096 1 3 1
292 1 3 2104 159 644 238
293 1 9 2111 181 740 271
294 0 9 2120 1061 4965 1591
295 1 1 2129 1 9 1
296 1 14 2134 3159 15926 4738
297 1 3 2144 138 552 207
298 0 1 2151 1 12 1
299 0 1 2156 1 11 1
300 0 3 2160 2 17 3
301 1 3 2167 1 3 1
302 0 2 2174 1 9 1
303 1 1 2181 1 9 1
304 1 5 2185 212 878 318
305 1 11 2193 185 758 277
306 0 5 2203 3 9 4
307 1 4 2211 37 131 55
308 0 3 2219 10 31 15
309 1 4 2226 9088 48997 13632
310 0 1 2234 1773 18870 2659
311 0 3 2239 3 25 4
312 1 3 2246 227 946 340
313 1 2 2254 1 11 1
314 0 3 2261 131 522 196
315 1 3 2268 8 24 12
316 0 1 2275 1 9 1
317 1 1 2279 1 10 1
318 1 1 2285 965 9992 1447
319 0 1 2289 1 10 1
320 0 2 2291 56 504 84
321 1 7 2298 1 4 1
322 0 1 2307 1140 11894 1710
323 1 6 2308 1 5 1
324 0 2 2317 11 90 16
325 0 2 2323 31 270 46
326 1 1 2329 115 1075 172
327 1 8 2334 34132 198974 51198
328 1 1 2343 1 9 1
329 0 2 2349 6 48 9
330 0 1 2356 4 33 6
331 1 1 2361 1 9 1
332 1 1 2365 17 143 25
333 0 1 2370 2444 26383 3666
334 0 15 2374 1 6 1
335 1 2 2384 1 12 1
336 0 6 2390 24 82 36
337 0 9 2399 2 7 3
338 1 5 2408 1 4 1
339 0 5 2416 6 18 9
340 1 2 2424 6 48 9
341 1 1 2430 275 2684 412
342 1 1 2435 2 17 3
343 0 2 2440 1 9 1
344 1 6 2447 1 4 1
345 0 8 2456 1 3 1
346 0 1 2465 444 4434 666
347 1 4 2470 1 4 1
348 1 1 2478 11 90 16
349 0 5 2483 13 41 19
350 0 10 2491 37 131 55
351 1 2 2501 89898 1123754 134847
352 0 13 2508 1 5 1
353 1 2 2518 16 134 24
354 0 26 2524 1 4 1
355 0 8 2535 2 7 3
356 0 2 2544 1 10 1
357 0 13 2550 5619 29399 8428
358 1 2 2560 71 647 106
359 1 1 2566 2 17 3
360 0 2 2572 20 170 30
361 1 4 2578 1 3 1
362 0 2 2586 1 9 1
363 1 2 2592 726408 9798272 1089612
364 1 3 2599 4 12 6
365 0 3 2606 1 4 1
366 1 6 2613 1 5 1
367 0 8 2622 57 211 85
368 0 5 2631 46 167 69
369 0 5 2639 2 7 3
370 0 2 2647 1 10 1
371 1 2 2653 49 438 73
372 0 5 2659 3 9 4
373 1 1 2667 90 830 135
374 1 3 2672 832 8557 1248
375 1 2 2679 1 9 1
376 1 1 2685 1 9 1
377 0 1 2688 1 9 1
378 0 6 2692 16 52 24
379 1 12 2701 1 4 1
380 0 1 2711 70 637 105
381 1 3 2716 28 97 42
382 0 2 2723 2 17 3
383 0 4 2730 1 3 1
384 0 1 2738 20 170 30
385 1 3 2742 456 4560 684
386 1 4 2749 1 3 1
387 0 5 2757 68 256 102
388 0 2 2765 17 143 25
389 1 4 2771 1841 8952 2761
390 0 1 2779 4 33 6
391 0 1 2780 352 3477 528
392 1 2 2785 1 9 1
393 1 6 2792 3 9 4
394 0 2 2801 5 40 7
395 1 4 2808 1595 7680 2392
396 1 2 2816 85 782 127
397 1 1 2822 1 10 1
398 1 2 2826 17843 209395 26764
399 1 2 2833 5 40 7
400 1 9 2839 8531 45815 12796
401 0 3 2848 1 4 1
402 0 4 2855 1 4 1
403 0 14 2863 1 5 1
404 1 2 2873 1 9 1
405 1 1 2880 31 270 46
406 0 3 2886 488 2158 732
407 0 3 2893 1 4 1
408 0 1 2900 2 17 3
409 1 9 2906 1 5 1
410 0 1 2915 15 125 22
411 1 1 2920 4786 53186 7179
412 1 13 2925 12313 67622 18469
413 1 3 2935 1 4 1
414 1 3 2942 47 171 70
415 1 1 2949 21 179 31
416 0 4 2953 558 2492 837
417 0 8 2961 140 561 210
418 1 1 2970 10 81 15
419 0 26 2975 154 622 231
420 0 7 2986 272 1150 408
421 1 5 2995 423 1850 634
422 1 2 3003 30 261 45
423 1 5 3009 1 3 1
424 1 1 3017 44708 544092 67062
425 0 1 3023 1 10 1
426 0 3 3028 2861 31097 4291
427 1 2 3035 2 17 3
428 1 5 3042 3 9 4
429 0 14 3051 1 6 1
430 1 4 3061 1 4 1
431 0 3 3069 2 17 3
432 0 8 3076 30 104 45
433 0 4 3085 1 3 1
434 0 19 3093 88059 540980 132088
435 1 9 3104 1 3 1
436 1 1 3113 1 11 1
437 1 1 3117 1 10 1
438 0 4 3120 348 1500 522
439 1 2 3128 1 9 1
440 0 1 3134 3 25 4
441 1 5 3139 6 18 9
442 1 2 3147 1 9 1
443 0 11 3153 96 372 144
444 0 3 3163 1 3 1
445 1 2 3170 1 9 1
446 0 1 3177 5 40 7
447 1 2 3180 162 1540 243
448 1 3 3186 32913 191472 49369
449 1 9 3194 5448 28449 8172
450 0 15 3203 284 1204 426
451 0 6 3213 1 3 1
452 0 10 3222 1 3 1
453 1 10 3232 55 203 82
454 0 5 3242 45 163 67
455 1 2 3250 1 9 1
456 0 1 3257 2 17 3
457 0 6 3262 1 4 1
458 1 1 3271 45 400 67
459 1 16 3275 1 4 1
460 1 6 3285 4 12 6
461 0 2 3294 2 17 3
462 1 4 3301 17 56 25
463 0 1 3309 2 17 3
464 1 3 3313 1 5 1
465 1 53 3321 2 6 3
466 0 2 3333 13 107 19
467 1 4 3339 1 4 1
468 0 6 3347 1 3 1
469 0 5 3356 1 4 1
470 1 3 3364 702 7163 1053
471 0 6 3371 1 3 1
472 0 1 3380 1 9 1
473 1 2 3385 1 9 1
474 1 5 3391 1 5 1
475 0 9 3399 4 12 6
476 1 2 3408 1 12 1
477 0 1 3415 74 676 111
478 1 7 3420 1 3 1
479 1 2 3429 1 10 1
480 1 2 3435 1 10 1
481 1 1 3442 40 353 60
482 0 3 3447 1 4 1
483 0 1 3455 1 9 1
484 0 1 3460 241 2337 361
485 0 1 3465 17 143 25
486 0 11 3470 81 309 121
487 0 4 3480 1 3 1
488 0 3 3488 17996770 142262190 26995155
489 0 1 3495 1 12 1
490 1 2 3500 2 17 3
491 1 6 3506 66 247 99
492 0 2 3515 50 447 75
493 1 3 3521 1 3 1
494 0 2 3528 117 1094 175
495 0 3 3534 123 487 184
496 1 3 3542 5 15 7
497 0 4 3550 249 1045 373
498 1 9 3558 1 5 1
499 1 2 3567 22 188 33
500 1 1 3573 121 1133 181
501 0 5 3579 1 4 1
502 1 1 3587 4 33 6
503 1 11 3593 1 3 1
504 1 3 3603 1 5 1
505 0 6 3611 53 195 79
