0 1 1 5 26 224 39
1 1 5 7 3 9 4
2 0 18 11 185 758 277
3 1 31 16 3356 16986 5034
4 0 1 22 21 179 31
5 0 5 24 45 163 67
6 0 2 28 1 10 1
7 0 2 31 71 647 106
8 1 2 34 1 9 1
9 1 1 37 1177 12298 1765
10 0 6 39 1 4 1
11 1 2 43 1 9 1
12 1 1 46 204 1962 306
13 1 2 47 72 656 108
14 1 4 50 1 3 1
15 1 2 54 71 647 106
16 1 5 57 1 4 1
17 0 5 61 1 5 1
18 1 1 65 1 14 1
19 0 2 68 1 9 1
20 0 7 71 13 41 19
21 0 1 75 1 10 1
22 1 24 78 6729 35609 10093
23 0 6 83 1988 9717 2982
24 1 4 87 16 52 24
25 1 4 91 1 4 1
26 1 3 95 8 24 12
27 0 3 99 3 9 4
28 0 9 103 7 21 10
29 0 1 108 2 17 3
30 1 3 110 324 3187 486
31 0 6 114 15 48 22
32 0 10 118 1 4 1
33 1 13 123 18 59 27
34 0 2 128 1 9 1
35 1 2 131 1 10 1
36 1 2 134 7 56 10
37 0 9 137 1 4 1
38 1 2 142 4 33 6
39 1 32 145 1 4 1
40 0 3 151 7 21 10
41 0 24 155 1 4 1
42 1 1 160 48403 590878 72604
43 0 2 162 3 25 4
44 0 7 165 1 4 1
45 1 2 170 45 400 67
46 0 4 173 1 3 1
47 1 6 177 1 3 1
48 0 3 181 1 5 1
49 0 8 185 252 1059 378
50 0 3 190 1 4 1
51 1 9 194 163 661 244
52 0 3 199 17 55 25
53 1 7 203 389 1691 583
54 0 2 208 3 25 4
55 0 3 211 1 4 1
56 0 6 215 1 4 1
57 1 2 219 33 288 49
58 1 7 222 26 89 39
59 0 7 226 540 2406 810
60 1 4 230 2 7 3
61 1 2 234 11 90 16
62 0 24 237 1 4 1
63 0 2 242 10551 121198 15826
64 0 5 245 2 6 3
65 0 2 249 3 25 4
66 0 2 252 1 9 1
67 0 1 255 68 618 102
68 1 1 257 21 179 31
69 1 106 258 3 9 4
70 1 4 264 182 745 273
71 1 9 268 1 4 1
72 1 7 273 13354 73698 20031
73 0 2 277 16 134 24
74 0 2 280 1 10 1
75 0 1 283 1 12 1
76 1 17 286 183 749 274
77 1 2 291 1 9 1
78 0 3 294 69 260 103
79 0 2 298 2 17 3
80 0 9 301 145 583 217
81 0 6 306 52 191 78
82 0 24 310 57 211 85
83 0 4 315 1 5 1
84 1 6 319 7 21 10
85 0 1 323 1 9 1
86 1 1 326 14 116 21
87 0 6 328 10 31 15
88 0 2 332 1 8 1
89 0 5 335 13 41 19
90 1 1 339 23 197 34
91 1 14 342 114 449 171
92 0 2 347 1 9 1
93 1 3 350 15 125 22
94 0 3 354 3 9 4
95 1 3 358 44 159 66
96 0 2 362 3 25 4
97 1 6 365 21 70 31
98 0 1 369 1 9 1
99 0 5 371 10 31 15
100 0 1 375 1 9 1
101 1 2 378 3 25 4
102 0 2 381 1 9 1
103 0 4 384 272 1150 408
104 0 3 388 1867 9087 2800
105 1 10 392 6 18 9
106 0 1 397 1 8 1
107 0 2 399 35971 434064 53956
108 1 15 402 1 3 1
109 0 2 407 8 64 12
110 0 2 410 2 17 3
111 0 1 413 12 99 18
112 0 13 415 1 6 1
113 1 2 420 1 10 1
114 1 5 423 75 285 112
115 0 1 427 8 64 12
116 0 6 429 1 4 1
117 1 1 433 40 353 60
118 0 10 435 7 21 10
119 0 3 440 2 17 3
120 0 11 444 1 4 1
121 1 4 449 130 517 195
122 1 5 453 1 3 1
123 0 2 457 23 197 34
124 0 1 460 17 143 25
125 0 3 463 8 24 12
126 1 3 467 19 63 28
127 0 2 471 1 9 1
128 0 1 474 1 9 1
129 1 10 477 1 4 1
130 1 17 482 1 4 1
131 1 3 487 1 11 1
132 1 15 491 32 112 48
133 1 2 496 3 25 4
134 1 3 499 6 18 9
135 0 3 503 23 78 34
136 1 7 507 3 10 4
137 1 11 511 52 191 78
138 0 5 516 2 7 3
139 0 32 520 1 3 1
140 0 11 526 382 1658 573
141 1 15 531 84 322 126
142 0 1 536 1 9 1
143 0 1 538 287 2807 430
144 0 1 540 4 33 6
145 1 18 542 20 67 30
146 1 1 547 1 10 1
147 1 3 549 1 9 1
148 1 8 553 5 15 7
149 0 23 558 19 63 28
150 1 8 563 55 203 82
151 1 2 568 10 81 15
152 0 3 571 1 10 1
153 0 27 575 4 12 6
154 1 6 581 1 4 1
155 1 2 585 2409 25988 3613
156 0 10 588 1 4 1
157 0 22 593 3210 16200 4815
158 1 10 598 1 3 1
159 1 2 603 17110 200453 25665
160 0 7 606 6 18 9
161 0 1 611 1 12 1
162 0 1 613 1 9 1
163 0 2 614 515 5179 772
164 0 2 617 55 494 82
165 1 11 620 4 13 6
166 0 5 625 13 41 19
167 1 5 629 1599 7700 2398
168 0 3 633 5054 26266 7581
169 1 4 637 2 7 3
170 1 1 641 11982 138356 17973
171 1 5 643 1 5 1
172 1 3 647 1 3 1
173 0 1 651 1 10 1
174 0 5 652 1729 8371 2593
175 0 1 656 247 2398 370
176 1 5 658 1 3 1
177 0 8 662 374 1621 561
178 0 1 667 25 215 37
179 1 2 670 184 1760 276
180 1 5 673 91 351 136
181 1 1 677 20 170 30
182 0 5 680 203 838 304
183 1 1 684 3 25 4
184 1 6 686 29 100 43
185 0 4 690 462 2035 693
186 1 4 694 4 12 6
187 1 1 698 1 10 1
188 0 1 700 1 9 1
189 1 2 702 1 10 1
190 0 9 705 1 5 1
191 1 3 710 1 3 1
192 1 4 714 37 131 55
193 1 2 718 3 25 4
194 0 4 721 1 6 1
195 0 2 725 6 48 9
196 1 1 728 13 108 19
197 1 1 729 6242 70151 9363
198 0 3 732 4 12 6
199 1 2 736 2 17 3
200 1 3 739 1 3 1
201 0 4 743 1 4 1
202 1 5 747 91 351 136
203 1 2 751 1 11 1
204 1 1 754 1 9 1
205 0 4 756 165 670 247
206 0 1 760 4 33 6
207 1 1 762 14 116 21
208 0 3 764 1 11 1
209 0 1 768 4 33 6
210 0 1 771 668 6800 1002
211 0 6 773 156 631 234
212 1 2 777 1 9 1
213 1 3 780 4 12 6
214 1 2 784 1 10 1
215 1 3 787 1 4 1
216 0 4 791 1081 5065 1621
217 1 6 795 4 12 6
218 1 2 799 50 447 75
219 0 2 802 1 10 1
220 1 41 805 1 4 1
221 0 1 811 2709 29375 4063
222 1 4 814 6 18 9
223 1 1 818 1 9 1
224 0 2 821 2 17 3
225 0 1 824 2 17 3
226 1 1 826 8 64 12
227 0 2 828 4 33 6
228 0 1 831 1 11 1
229 1 1 834 1 9 1
230 1 1 835 4 33 6
231 0 4 837 24 82 36
232 0 2 841 3 25 4
233 0 1 844 5 40 7
234 1 3 847 2 7 3
235 0 9 851 165581 1051847 248371
236 0 4 856 61 227 91
237 0 5 860 173 705 259
238 1 4 864 89 343 133
239 0 3 868 4 12 6
240 0 1 872 19 160 28
241 0 6 874 9 27 13
242 0 4 878 52 191 78
243 1 3 882 540 2406 810
244 0 21 886 356 1537 534
245 1 1 891 1 11 1
246 1 3 893 13 107 19
247 0 2 897 5 40 7
248 1 4 900 10 31 15
249 1 14 904 4 12 6
250 0 5 909 438 1921 657
251 1 6 913 15 48 22
252 0 2 917 1 11 1
253 0 4 920 111 436 166
254 1 5 924 1390 6629 2085
255 0 1 928 1 10 1
256 1 15 931 2 7 3
257 0 1 936 5 40 7
258 0 8 939 3 10 4
259 0 1 944 49 437 73
260 0 5 947 3 9 4
261 0 3 951 2 7 3
262 1 1 955 12 98 18
263 0 1 957 1 10 1
264 0 14 960 40 143 60
265 1 1 965 16 134 24
266 1 1 968 1 8 1
267 0 2 971 1 10 1
268 0 1 974 7084 80038 10626
269 1 1 975 2 17 3
270 0 14 978 1 3 1
271 0 4 983 1 4 1
272 0 5 987 92 356 138
273 0 4 991 494 2187 741
274 0 1 995 6 48 9
275 0 3 998 4 12 6
276 0 2 1002 11 90 16
277 1 6 1005 1 3 1
278 0 1 1009 1 9 1
279 1 26 1011 24 82 36
280 0 4 1016 2 7 3
281 0 2 1020 4 33 6
282 0 1 1023 5 40 7
283 1 2 1025 54 485 81
284 1 3 1028 1 6 1
285 0 10 1032 42 151 63
286 1 8 1037 1 4 1
287 0 6 1042 1 4 1
288 1 2 1046 255 2480 382
289 0 28 1049 1 4 1
290 0 4 1055 99 385 148
291 0 3 1059 587355 3977396 881032
292 1 5 1063 699 3174 1048
293 1 1 1067 4373 48410 6559
294 1 19 1069 1249 5912 1873
295 0 4 1074 1 4 1
296 0 3 1078 71 268 106
297 1 2 1082 794 8148 1191
298 0 9 1085 1 4 1
299 0 1 1090 3 25 4
300 0 2 1093 1 9 1
301 0 1 1096 53 475 79
302 1 1 1099 63 570 94
303 1 4 1101 1 4 1
304 1 1 1105 554 5591 831
305 1 2 1107 14 116 21
306 0 1 1110 34 298 51
307 0 4 1111 14999 83353 22498
308 0 51 1115 597 2680 895
309 1 2 1121 1 10 1
310 1 1 1124 2 17 3
311 1 10 1126 1 5 1
312 0 2 1131 1 8 1
313 1 1 1134 1 11 1
314 0 2 1137 1 9 1
315 1 4 1140 3 9 4
316 0 9 1144 1 5 1
317 0 30 1149 7 21 10
318 1 1 1155 13465 156224 20197
319 1 5 1157 51 187 76
320 0 57 1161 10 31 15
321 0 4 1167 1 4 1
322 1 2 1171 279 2725 418
323 0 13 1174 2275 11222 3412
324 1 1 1179 120 1124 180
325 0 2 1181 35 307 52
326 1 4 1184 30008 173654 45012
327 0 2 1188 6 48 9
328 1 2 1191 47 419 70
329 1 4 1194 1 3 1
330 0 39 1198 1 3 1
331 0 1 1204 132 1242 198
332 0 18 1207 304 1296 456
333 0 3 1212 144 578 216
334 0 5 1216 1 4 1
335 0 1 1220 1 12 1
336 0 5 1222 1 4 1
337 0 11 1226 18795 105853 28192
338 0 3 1231 227493 2943644 341239
339 1 9 1234 1 4 1
340 1 1 1239 9354 106915 14031
341 0 2 1241 225 2174 337
342 0 4 1244 33 116 49
343 0 6 1248 745 3399 1117
344 0 2 1252 2332 25122 3498
345 1 3 1255 1 4 1
346 1 4 1259 1 3 1
347 1 6 1263 114 449 171
348 0 2 1267 1 10 1
349 0 1 1270 5213 58142 7819
350 1 1 1273 1 9 1
351 0 20 1275 540 2406 810
352 0 4 1280 183 749 274
353 1 18 1284 5 15 7
354 0 1 1289 1 9 1
355 0 1 1291 3994 44043 5991
356 1 2 1294 18 152 27
357 1 15 1297 14 45 21
358 1 1 1302 1 9 1
359 1 1 1304 11 90 16
360 0 8 1306 40 143 60
361 1 2 1311 1 11 1
362 1 13 1314 3 9 4
363 0 5 1319 38 135 57
364 0 3 1323 2450 12145 3675
365 1 1 1327 1 11 1
366 1 4 1329 9 27 13
367 0 3 1333 53 475 79
368 0 4 1337 3 10 4
369 0 4 1341 1 4 1
370 0 1 1345 4 33 6
371 0 1 1347 2 17 3
372 0 1 1350 1 9 1
373 1 5 1353 8 24 12
374 1 3 1357 3 25 4
375 0 2 1361 119 1114 178
376 1 2 1364 45 400 67
377 0 2 1367 112 1045 168
378 1 2 1370 3 25 4
379 0 4 1373 1 4 1
380 0 2 1377 68 618 102
381 0 1 1380 4 33 6
382 0 7 1383 340 1462 510
383 1 3 1387 987 4595 1480
384 0 7 1391 10 31 15
385 1 1 1395 1 9 1
386 1 2 1398 10423 119667 15634
387 0 7 1401 459 2020 688
388 0 1 1405 1 10 1
389 0 2 1407 9 72 13
390 1 3 1410 28656 342711 42984
391 1 2 1413 49 438 73
392 1 2 1416 100 928 150
393 1 4 1419 7 21 10
394 1 1 1423 1804 19214 2706
395 1 15 1425 1 5 1
396 0 12 1430 63153 381021 94729
397 1 8 1435 6 18 9
398 1 3 1440 1 3 1
399 1 5 1444 118 466 177
400 0 3 1448 553 2468 829
401 1 5 1452 1 4 1
402 0 12 1456 42187 248891 63280
403 1 4 1461 15 48 22
404 0 4 1465 183 749 274
405 1 3 1469 15 49 22
406 1 2 1473 8 64 12
407 1 2 1476 1 9 1
408 1 1 1479 16 134 24
409 0 2 1481 59 532 88
410 0 3 1484 29 252 43
411 0 8 1488 487 2153 730
412 1 2 1493 1 9 1
413 1 2 1496 422310 5588052 633465
414 1 2 1499 1 13 1
415 1 23 1502 3745 19091 5617
416 1 1 1507 53 476 79
417 0 2 1509 1 9 1
418 1 2 1512 1 9 1
419 0 3 1515 9 27 13
420 1 14 1519 2 7 3
421 0 6 1524 1 5 1
422 0 2 1528 956 9895 1434
423 1 8 1531 1 4 1
424 1 5 1536 1 5 1
425 1 1 1540 3270 35749 4905
426 0 29 1543 3 10 4
427 0 1 1549 1 9 1
428 1 1 1551 1 10 1
429 0 2 1554 1 10 1
430 0 3 1557 1 4 1
431 0 4 1561 1 4 1
432 0 3 1565 10 31 15
433 1 2 1569 162 1540 243
434 0 2 1572 69692 862780 104538
435 0 3 1575 1 4 1
436 1 2 1579 84 772 126
437 1 2 1582 1 9 1
438 1 2 1585 82 753 123
439 1 1 1588 1 10 1
440 0 2 1591 2 17 3
441 1 4 1594 5 15 7
442 1 6 1598 20 67 30
443 1 1 1602 900 9289 1350
444 0 4 1605 1 5 1
445 0 2 1609 2 17 3
446 1 5 1612 2025 9910 3037
447 1 2 1616 301 2951 451
448 1 9 1619 15 48 22
449 0 1 1624 1 9 1
450 1 1 1626 130 1222 195
451 0 3 1628 1 3 1
452 1 4 1632 4 12 6
453 0 2 1636 14 116 21
454 1 1 1639 1 9 1
455 1 1 1641 3 25 4
456 1 15 1644 1 4 1
457 1 2 1649 1 9 1
458 1 8 1652 1 5 1
459 0 1 1657 1 10 1
460 1 15 1659 1 4 1
461 1 1 1664 1 9 1
462 0 2 1667 1 9 1
463 1 5 1670 2 7 3
464 1 5 1674 102 398 153
465 0 1 1678 9 73 13
466 1 1 1680 1 9 1
467 0 14 1682 1434 6854 2151
468 0 2 1687 4 33 6
469 1 3 1690 1 5 1
470 0 2 1694 541 5453 811
471 1 1 1697 1 9 1
472 0 3 1699 5 15 7
473 0 8 1703 1 4 1
474 0 4 1708 1 3 1
475 1 15 1712 12102 66394 18153
476 0 17 1717 97 377 145
477 0 3 1722 12 99 18
478 0 4 1726 20 67 30
479 1 1 1730 1 9 1
480 1 2 1732 1 10 1
481 0 1 1735 4 33 6
482 0 14 1738 79796 487614 119694
483 1 6 1743 1 4 1
484 0 4 1747 3758 19161 5637
485 0 10 1751 1 3 1
486 0 1 1756 1 9 1
487 1 9 1758 1704 8242 2556
488 0 1 1763 8 64 12
489 0 4 1765 1 4 1
490 1 2 1769 16 134 24
491 0 2 1772 1 9 1
492 1 3 1775 1 10 1
493 1 11 1779 5 15 7
494 1 2 1784 1 11 1
495 1 2 1787 338 3332 507
496 0 6 1790 1 4 1
497 1 1 1794 27 233 40
498 0 8 1796 1 4 1
499 0 3 1801 84 772 126
500 0 2 1805 2165 23246 3247
501 1 3 1808 16 134 24
502 0 12 1812 29 101 43
503 1 8 1817 20 67 30
504 1 1 1822 2 17 3
505 1 3 1824 1 6 1
506 0 2 1828 1 9 1
507 1 3 1831 1 6 1
508 0 2 1835 7 56 10
509 1 3 1838 1 4 1
510 1 5 1842 1 4 1
511 0 1 1846 3356 36731 5034
512 0 2 1849 1 11 1
513 0 5 1852 28 97 42
514 1 10 1856 4941 25641 7411
515 1 7 1861 1 4 1
516 0 4 1866 792 3629 1188
517 0 17 1870 1 5 1
518 1 2 1875 1 10 1
519 1 3 1878 1 8 1
520 0 1 1882 1 9 1
521 1 2 1884 1 9 1
522 0 3 1887 1 9 1
523 1 18 1891 2 7 3
524 1 2 1896 180 1720 270
525 1 1 1899 1 9 1
526 1 15 1901 157 635 235
527 0 1 1906 2 17 3
528 0 2 1908 1 12 1
529 1 1 1911 1 12 1
530 1 3 1914 1 4 1
531 1 2 1918 2 17 3
532 1 3 1921 137 548 205
533 1 3 1925 531 5348 796
534 1 1 1929 576 5824 864
535 0 7 1932 13310 73441 19965
536 1 11 1936 36 127 54
537 0 3 1941 1 12 1
538 1 3 1945 1 4 1
539 0 5 1949 687 3116 1030
540 0 34 1953 24 82 36
541 0 1 1959 65 589 97
542 0 6 1962 10 31 15
543 1 1 1966 1 10 1
544 0 2 1967 232 2245 348
545 0 4 1970 16 52 24
546 0 4 1974 11 34 16
547 1 2 1978 5 40 7
548 1 5 1981 5 15 7
549 1 10 1985 3 10 4
550 0 4 1990 1 4 1
551 1 4 1994 8581 46100 12871
552 1 5 1998 20 67 30
553 0 5 2002 5 15 7
554 0 26 2006 1 5 1
555 0 9 2011 1680 8118 2520
556 1 2 2016 383 3798 574
557 0 1 2019 23 197 34
558 0 2 2021 1 13 1
559 1 3 2024 1 3 1
560 0 1 2028 138 1302 207
561 0 6 2031 1 3 1
562 1 2 2035 2 17 3
563 1 6 2038 3 10 4
564 1 17 2042 7 21 10
565 1 4 2047 2 6 3
566 1 2 2051 3 25 4
567 1 1 2054 48 428 72
568 0 5 2057 1 4 1
569 0 3 2061 5 15 7
570 0 2 2065 69 628 103
571 1 2 2068 57 513 85
572 0 2 2071 14 116 21
573 1 11 2074 41 147 61
574 0 1 2079 68 618 102
575 0 6 2082 3 10 4
576 1 6 2086 24 82 36
577 1 1 2090 4 33 6
578 0 1 2092 218 2104 327
579 1 17 2095 8 24 12
580 0 11 2100 42 151 63
581 1 4 2105 4 12 6
582 0 5 2109 1 5 1
583 0 4 2113 1 3 1
584 0 4 2117 1 4 1
585 0 3 2121 37 131 55
586 1 5 2125 1 4 1
587 0 4 2129 5292 27583 7938
588 0 8 2133 1 4 1
589 1 5 2138 1 3 1
590 0 1 2142 2 17 3
591 0 2 2144 16 134 24
592 0 4 2147 15 48 22
593 1 2 2151 299 2930 448
594 1 1 2154 1 10 1
595 1 15 2156 36 127 54
596 0 3 2161 332 1426 498
597 1 5 2165 7 21 10
598 1 1 2169 1886 20128 2829
599 1 4 2172 8 24 12
600 1 3 2176 48 175 72
601 0 11 2180 201 829 301
602 1 3 2185 91416 562736 137124
603 0 2 2189 3 25 4
604 1 1 2192 1 9 1
605 0 6 2194 1 4 1
606 0 1 2198 1 9 1
607 1 2 2200 148 1400 222
608 1 2 2203 1 10 1
609 0 11 2206 8 24 12
610 1 8 2211 1 4 1
611 1 3 2216 3 9 4
612 1 2 2220 1 10 1
613 1 3 2223 196 807 294
614 0 2 2227 1 10 1
615 1 4 2230 1 4 1
616 0 4 2234 327 1402 490
617 0 2 2238 599 6067 898
618 1 3 2241 36 316 54
619 0 10 2245 1 4 1
620 1 2 2250 1 10 1
621 0 11 2253 1 5 1
622 0 8 2258 99 385 148
623 1 3 2263 1 4 1
624 1 4 2267 230 959 345
625 0 2 2271 1 10 1
626 1 6 2274 4 12 6
627 0 2 2278 56 504 84
628 1 6 2281 122 483 183
629 1 2 2285 14 116 21
630 0 1 2288 1 9 1
631 1 1 2290 218 2103 327
632 0 1 2292 2 17 3
633 1 3 2295 70 637 105
634 0 1 2298 1 12 1
635 1 10 2301 102088 632162 153132
636 1 1 2306 1 12 1
637 0 6 2308 114 449 171
638 0 1 2312 27 233 40
639 0 1 2314 5516 61669 8274
640 0 3 2317 1 3 1
641 0 4 2321 15 48 22
642 0 1 2325 1 10 1
643 1 1 2327 8 64 12
644 1 3 2329 376 1630 564
645 1 3 2333 1 4 1
646 0 3 2337 67 608 100
647 1 9 2341 92 355 138
648 1 4 2346 1 4 1
649 0 2 2350 5 41 7
650 1 8 2353 98 381 147
651 0 15 2358 6 18 9
652 0 73 2363 624 2810 936
653 0 5 2369 1 4 1
654 1 4 2373 403 1756 604
655 0 3 2377 12 99 18
656 1 5 2381 5 15 7
657 0 17 2385 280 1186 420
658 0 10 2390 1 5 1
659 0 10 2395 4 12 6
660 0 2 2400 110 1026 165
661 0 4 2403 55 203 82
662 1 2 2407 117 1094 175
663 1 4 2410 1312 6232 1968
664 0 6 2414 1 4 1
665 1 3 2418 1 4 1
666 0 9 2422 10202 55393 15303
667 0 10 2427 13 41 19
668 0 11 2432 41591 245179 62386
669 1 14 2437 1 4 1
670 1 1 2442 1 11 1
671 1 2 2444 36751 443849 55126
672 0 5 2447 16 52 24
673 0 5 2451 30 104 45
674 0 8 2455 893 4128 1339
675 1 4 2460 1 5 1
676 1 1 2464 276 2694 414
677 0 5 2467 1 4 1
678 0 1 2471 2 17 3
679 1 4 2473 2 7 3
680 1 1 2477 1 9 1
681 1 7 2479 1 3 1
682 1 3 2484 1 3 1
683 0 3 2488 1 4 1
684 0 7 2492 32 112 48
685 1 4 2497 1 4 1
686 0 1 2501 8 64 12
687 0 1 2504 3 25 4
688 1 2 2506 1 9 1
689 1 1 2509 14 116 21
690 0 2 2512 1 10 1
691 0 2 2515 1 10 1
692 0 3 2518 1 11 1
693 1 4 2522 1 4 1
694 0 4 2526 8225 44072 12337
695 0 2 2530 30745 368718 46117
696 1 2 2533 1875 20005 2812
697 1 1 2536 2 17 3
698 1 3 2538 1 9 1
699 0 7 2542 1 6 1
700 1 1 2546 233 2256 349
701 0 2 2548 5831 65344 8746
702 0 1 2551 1 9 1
703 1 7 2553 235 982 352
704 0 4 2557 792 3629 1188
705 1 18 2561 1 4 1
706 0 1 2566 1 11 1
707 0 70 2569 5905 30993 8857
708 1 4 2575 14 45 21
709 1 2 2579 875 9020 1312
710 1 1 2582 5 40 7
711 0 4 2584 1 6 1
712 1 4 2588 1 5 1
713 1 2 2592 4150 45838 6225
714 0 14 2595 2 7 3
715 1 1 2600 272 2653 408
716 1 1 2602 1 9 1
717 1 2 2604 3306 36160 4959
718 1 3 2607 1 4 1
719 1 3 2611 1 5 1
720 0 1 2615 27410 327234 41115
721 1 5 2618 1 4 1
722 1 9 2622 2 7 3
723 1 6 2627 140 561 210
724 0 3 2631 15 48 22
725 1 29 2635 3 9 4
726 0 5 2641 11969 65621 17953
727 1 1 2645 44 391 66
728 0 8 2647 5 15 7
729 0 3 2652 3153 15893 4729
730 1 1 2656 1 10 1
731 1 1 2659 1 10 1
732 0 2 2662 6 48 9
733 1 1 2665 1 9 1
734 1 1 2667 1 9 1
735 1 5 2669 16 52 24
736 0 2 2673 330 3249 495
737 0 17 2676 1 5 1
738 0 1 2681 265 2581 397
739 1 4 2683 7 21 10
740 1 1 2687 5 41 7
741 0 3 2689 2 17 3
742 1 1 2693 1 9 1
743 1 4 2695 36 127 54
744 1 10 2699 3 10 4
745 1 1 2704 1 11 1
746 0 5 2705 4944 25658 7416
747 1 4 2709 1 4 1
748 1 6 2713 36 127 54
749 1 2 2717 1 10 1
750 1 34 2720 3 10 4
751 1 5 2726 27 93 40
752 1 4 2730 8 24 12
753 1 2 2734 151 1430 226
754 1 7 2737 113 444 169
755 0 5 2741 32 112 48
756 1 12 2745 4 12 6
757 1 2 2750 1 9 1
758 0 2 2753 1 11 1
759 0 1 2756 1 9 1
760 1 6 2758 1 4 1
761 1 2 2762 8 64 12
762 1 1 2765 166 1580 249
763 1 3 2767 106920 663721 160380
764 0 2 2771 6 48 9
765 1 24 2774 13683 75624 20524
766 0 1 2779 2 17 3
767 0 3 2782 1 9 1
768 0 12 2786 746 3404 1119
769 1 1 2791 1 10 1
770 1 2 2794 85 782 127
771 0 1 2797 1 11 1
772 1 2 2800 1 9 1
773 0 3 2803 194 798 291
774 0 8 2807 1 5 1
775 0 1 2812 1 9 1
776 1 5 2815 1 4 1
777 1 6 2819 3 10 4
778 1 1 2823 1 11 1
779 1 17 2825 7 21 10
780 1 6 2830 1 4 1
781 1 1 2834 33713 405782 50569
782 1 8 2837 1 4 1
783 1 3 2842 1 9 1
784 1 1 2846 3 25 4
785 0 2 2848 60 542 90
786 0 7 2851 316 1352 474
787 0 3 2855 868 4004 1302
788 1 5 2859 98485 608680 147727
789 1 2 2863 557 5623 835
790 0 4 2866 1 5 1
791 0 5 2870 28 97 42
792 0 2 2874 2 17 3
793 1 2 2877 2 17 3
794 0 2 2880 25526 303882 38289
795 0 8 2883 1 3 1
796 0 4 2888 1 4 1
797 0 4 2892 58 215 87
798 0 2 2896 1 9 1
799 0 5 2899 127 505 190
800 0 1 2903 28 243 42
801 1 1 2905 10 81 15
802 0 24 2907 2 6 3
803 0 12 2912 203 838 304
804 0 7 2917 1 4 1
805 1 13 2921 24 82 36
806 0 2 2926 20 170 30
807 0 5 2929 1 4 1
808 0 4 2933 375 1625 562
809 1 1 2937 1 9 1
810 0 2 2939 1 9 1
811 1 1 2942 2 17 3
812 1 1 2943 3353 36697 5029
813 0 2 2945 178 1700 267
814 1 5 2948 1 4 1
815 1 1 2952 1506 15912 2259
816 1 5 2955 5 15 7
817 1 1 2959 32 279 48
818 1 3 2962 4444 22906 6666
819 1 3 2966 1379180 19021550 2068770
820 1 4 2970 21 70 31
821 0 3 2974 1 11 1
822 0 2 2978 41 363 61
823 0 2 2981 7 56 10
824 1 13 2984 179 732 268
825 0 2 2989 11 90 16
826 1 8 2992 1 3 1
827 1 3 2997 1 9 1
828 1 2 3001 672 6843 1008
829 0 5 3004 91132 560893 136698
830 0 1 3008 2454 26495 3681
831 0 1 3011 9 73 13
832 1 6 3014 1 4 1
833 1 3 3018 7 21 10
834 1 1 3022 493 4948 739
835 0 3 3024 9 27 13
836 1 2 3028 1 11 1
837 0 4 3031 1 5 1
838 0 1 3035 116 1084 174
839 1 2 3037 1 11 1
840 0 1 3040 1 10 1
841 0 6 3042 44622 264086 66933
842 0 3 3046 1 4 1
843 1 1 3050 4 33 6
844 1 5 3052 5 15 7
845 1 3 3056 8565 46009 12847
846 0 20 3060 5 15 7
847 0 1 3065 1 9 1
848 0 1 3068 15 125 22
849 0 2 3071 18 152 27
850 1 2 3074 67 609 100
851 0 1 3077 6 48 9
852 0 4 3080 2 7 3
853 1 5 3084 1761 8537 2641
854 1 2 3088 1 9 1
855 0 3 3091 10 81 15
856 1 25 3095 18997 107058 28495
857 0 14 3100 2 7 3
858 1 1 3105 4 33 6
859 0 13 3107 1 4 1
860 0 5 3112 434 1902 651
861 1 1 3116 1 9 1
862 0 2 3118 1 9 1
863 0 3 3121 10 31 15
864 0 3 3125 226 941 339
865 0 2 3129 1 10 1
866 1 11 3132 1 4 1
867 0 1 3137 8 64 12
868 1 1 3140 27 233 40
869 0 2 3142 1 10 1
870 0 2 3145 1 9 1
871 0 1 3148 261 2541 391
872 1 6 3150 5 15 7
873 0 1 3154 1 9 1
874 1 1 3156 1 10 1
875 1 1 3158 518 5211 777
876 1 2 3161 10 81 15
877 0 4 3164 1 5 1
878 1 2 3168 1 12 1
879 1 5 3171 1 3 1
880 1 7 3175 1 4 1
881 1 6 3180 3 10 4
882 0 7 3184 33 116 49
883 0 5 3188 1 3 1
884 0 6 3192 345 1486 517
885 0 33 3196 1 3 1
886 1 5 3202 54 199 81
887 0 7 3206 2 7 3
888 0 2 3211 36 316 54
889 0 8 3214 9 27 13
890 1 2 3219 1 8 1
891 1 31 3222 27 93 40
892 0 1 3228 223 2154 334
893 1 5 3230 99 385 148
894 1 12 3234 1 4 1
895 1 2 3239 955 9884 1432
896 0 4 3242 1 3 1
897 1 4 3246 8 24 12
898 1 6 3250 1 4 1
899 1 14 3254 1 4 1
900 1 4 3259 403 1756 604
901 1 3 3263 1 4 1
902 0 2 3267 6 48 9
903 1 2 3270 1391 14644 2086
904 0 4 3273 94 364 141
905 0 45 3277 1461 6992 2191
906 1 1 3283 11809 136277 17713
907 1 3 3286 17 56 25
908 1 3 3290 1 5 1
909 0 4 3294 1 3 1
910 1 1 3298 3 25 4
911 0 21 3301 1733 8392 2599
912 0 2 3306 55 494 82
913 1 2 3309 3 25 4
914 1 5 3312 1 4 1
915 0 2 3316 2397 25853 3595
916 0 2 3319 1 9 1
917 0 4 3322 55 203 82
918 1 3 3326 1 4 1
919 1 2 3330 930 9614 1395
920 0 2 3333 37476 452951 56214
921 1 1 3336 1315 13809 1972
922 1 1 3339 79 724 118
923 1 2 3340 5 40 7
924 1 3 3343 9 27 13
925 0 3 3347 1 4 1
926 0 4 3351 1 4 1
927 1 2 3355 6715 75698 10072
928 0 4 3358 45 163 67
929 0 1 3362 1 11 1
930 1 4 3365 1 4 1
931 0 2 3369 173 1650 259
932 1 3 3372 9 27 13
933 1 4 3376 17 56 25
934 0 26 3380 1 4 1
935 0 1 3385 6 48 9
936 1 1 3387 1 11 1
937 1 7 3389 1 4 1
938 0 2 3393 728 7441 1092
939 1 3 3396 1 4 1
940 1 5 3400 339 1458 508
941 1 1 3404 2 17 3
942 1 1 3406 1 11 1
943 0 8 3409 3 10 4
944 0 1 3414 1 10 1
945 0 7 3415 1 3 1
946 0 2 3420 7 56 10
947 0 2 3423 58 523 87
948 0 3 3426 1 5 1
949 1 1 3430 1 8 1
950 0 5 3433 14 45 21
951 0 4 3437 13 41 19
952 0 3 3441 2747 13721 4120
953 1 17 3445 27 93 40
954 1 12 3450 159 644 238
955 0 2 3455 2 17 3
956 0 1 3458 32 279 48
957 1 26 3460 270 1141 405
958 1 2 3465 1 11 1
959 0 4 3468 176 718 264
960 1 36 3472 1 5 1
961 1 2 3478 114 1065 171
962 1 1 3481 11 90 16
963 1 3 3483 1 9 1
964 0 1 3487 1 10 1
965 1 9 3488 1 4 1
966 0 4 3493 1 3 1
967 0 17 3497 15 49 22
968 0 8 3502 2304 11374 3456
969 0 1 3507 69 628 103
970 0 3 3510 5 15 7
971 1 6 3514 27 93 40
972 1 2 3518 1 8 1
973 1 4 3521 1 3 1
974 0 2 3525 45 400 67
975 1 7 3528 1 4 1
976 1 6 3533 99 385 148
977 0 1 3537 1 9 1
978 0 3 3539 677 6897 1015
979 1 1 3543 1002 10393 1503
980 1 1 3545 1 10 1
981 0 2 3547 540 5443 810
982 1 4 3550 1 4 1
983 1 15 3554 1 4 1
984 1 1 3559 1 9 1
985 1 17 3561 21 70 31
986 0 5 3566 1 4 1
987 0 3 3570 6 18 9
988 1 7 3574 25875 148467 38812
989 1 3 3579 2 17 3
990 1 3 3583 206 1982 309
991 0 2 3587 56 504 84
992 0 13 3590 15054 83677 22581
993 1 17 3595 7 21 10
994 1 1 3600 14 116 21
995 0 5 3601 1 3 1
996 0 3 3605 2 6 3
997 0 2 3609 102 947 153
