0 0 4 5 1 9 1
1 0 1 9 623 6322 934
2 1 4 12 1 8 1
3 1 7 16 1 4 1
4 0 1 21 51 456 76
5 1 6 24 2 17 3
6 0 23 28 57 211 85
7 0 6 33 2 17 3
8 1 1 37 1 9 1
9 0 5 39 3 25 4
10 0 13 43 3 9 4
11 0 4 48 6 48 9
12 0 29 52 5 15 7
13 1 3 58 1 9 1
14 0 3 62 1 10 1
15 0 15 66 29 101 43
16 1 6 71 1 9 1
17 0 2 75 20 170 30
18 0 10 78 645 2912 967
19 0 2 83 529 5327 793
20 0 2 86 8621 98204 12931
21 0 2 89 21 179 31
22 0 2 92 1 11 1
23 1 3 95 1 10 1
24 0 4 99 335 3301 502
25 1 4 103 15 125 22
26 0 1 107 3745 41183 5617
27 0 2 109 299 2930 448
28 0 2 112 1 9 1
29 0 2 115 1022 10610 1533
30 0 4 118 1 14 1
31 0 1 122 1 9 1
32 0 3 125 240 2327 360
33 0 3 129 1 11 1
34 1 2 133 29 252 43
35 1 5 136 23529 279201 35293
36 0 3 140 1 9 1
37 1 2 144 11 90 16
38 1 14 147 66 248 99
39 0 2 152 221 2134 331
40 1 2 155 1 9 1
41 1 1 158 542 5464 813
42 1 2 161 1 11 1
43 0 1 164 4 33 6
44 1 1 165 1 10 1
45 0 1 167 25 215 37
46 1 4 168 229784 2974378 344676
47 0 1 172 1 12 1
48 0 6 175 1 12 1
49 0 3 179 1 9 1
50 0 8 183 4 12 6
51 1 2 188 1 10 1
52 1 1 191 1 9 1
53 1 6 192 1879 20050 2818
54 1 5 196 1 10 1
55 0 19 200 25 85 37
56 1 3 205 1 9 1
57 0 3 209 35 307 52
58 1 3 213 1811 19292 2716
59 0 3 217 8112 92172 12168
60 0 3 221 1 9 1
61 0 9 225 49 179 73
62 1 12 230 16 52 24
63 1 23 235 25 85 37
64 0 4 240 437 4361 655
65 1 1 244 1 9 1
66 0 7 247 1 4 1
67 1 2 252 6 48 9
68 1 9 255 2207 10864 3310
69 1 2 260 796 8170 1194
70 0 2 263 1 9 1
71 1 2 266 10 81 15
72 1 7 269 6 18 9
73 1 1 274 20 170 30
74 1 2 277 1 12 1
75 1 1 280 1 9 1
76 0 1 282 197 1891 295
77 1 5 285 21 179 31
78 1 1 289 210 2022 315
79 1 35 291 580 2598 870
80 1 7 297 2 7 3
81 1 3 302 30 261 45
82 1 2 306 15 125 22
83 0 2 309 1 11 1
84 1 17 312 1 5 1
85 1 2 317 2 17 3
86 1 1 320 111 1035 166
87 1 7 322 161 652 241
88 1 3 326 1 10 1
89 1 1 330 1 9 1
90 1 4 331 1 9 1
91 0 3 335 1 11 1
92 0 1 339 6 48 9
93 0 2 341 1 9 1
94 1 2 344 82 753 123
95 0 2 347 1 10 1
96 0 8 350 47 171 70
97 1 1 355 1 10 1
98 0 3 358 1 10 1
99 0 5 362 1 10 1
100 0 9 366 4 13 6
101 1 1 371 106 986 159
102 1 1 374 51 456 76
103 0 1 376 7 56 10
104 1 5 379 441 4403 661
105 0 3 383 5 41 7
106 0 2 387 2227443 31225797 3341164
107 0 1 390 1 11 1
108 0 5 393 1 9 1
109 1 4 397 382581 5044475 573871
110 0 17 401 24 81 36
111 0 13 406 142722 899616 214083
112 1 3 411 1 9 1
113 0 4 415 22347 264630 33520
114 0 3 419 2 17 3
115 0 11 423 2 7 3
116 0 2 428 1 9 1
117 0 5 431 1 9 1
118 0 2 435 1 8 1
119 1 6 438 4 33 6
120 0 4 442 1 9 1
121 0 4 446 1 11 1
122 0 4 450 63 570 94
123 0 1 454 1 9 1
124 0 1 456 261 2541 391
125 0 3 458 36 316 54
126 0 1 462 5 41 7
127 1 3 464 22 188 33
128 0 3 468 86 791 129
129 1 3 472 821 8439 1231
130 1 3 476 566 5718 849
131 0 2 480 73750 914992 110625
132 0 1 483 2 17 3
133 1 1 485 32 279 48
134 1 3 487 20 170 30
135 0 2 491 2 17 3
136 0 3 494 131 1232 196
137 0 2 498 94 869 141
138 1 7 501 80 305 120
139 0 6 506 37 131 55
140 1 4 510 2876 31267 4314
141 0 6 514 603 2709 904
142 1 14 518 1 3 1
143 0 4 523 11 90 16
144 0 10 527 10684 58173 16026
145 0 1 532 32549 391231 48823
146 1 4 534 4 33 6
147 0 5 538 150 1421 225
148 1 14 542 1 5 1
149 1 184 547 2 7 3
150 1 2 554 106 986 159
151 0 7 557 163 661 244
152 1 1 561 77 705 115
153 0 11 564 2 6 3
154 0 1 569 76 695 114
155 0 2 572 31 270 46
156 1 4 575 4 33 6
157 1 1 579 24 206 36
158 0 2 581 1 8 1
159 0 1 584 334 3290 501
160 0 2 587 2 17 3
161 0 2 590 1 9 1
162 0 8 593 2 6 3
163 0 1 598 1 9 1
164 1 1 601 1 9 1
165 0 10 604 19 63 28
166 1 1 609 5 40 7
167 0 9 612 154 622 231
168 0 1 617 394494 5207274 591741
169 0 1 620 1 9 1
170 1 1 623 1 8 1
171 0 2 626 1 13 1
172 1 2 629 1 10 1
173 0 2 632 5 40 7
174 0 16 635 4 12 6
175 1 2 640 12 99 18
176 0 2 643 1 9 1
177 0 2 646 26 224 39
178 1 4 649 38 335 57
179 1 1 653 1 10 1
180 0 5 655 1 8 1
181 1 3 659 7 56 10
182 0 2 663 103 957 154
183 0 13 666 221 919 331
184 1 2 671 11 90 16
185 1 1 674 1 10 1
186 1 1 677 9220 105321 13830
187 0 5 679 16 134 24
188 1 1 683 13 107 19
189 0 2 685 1 13 1
190 1 1 688 33 288 49
191 0 1 691 1 10 1
192 0 5 692 27 233 40
193 1 1 696 2 17 3
194 1 4 698 3 25 4
195 1 1 702 2 17 3
196 1 1 705 2 17 3
197 0 1 707 3 25 4
198 0 4 709 4027 44423 6040
199 0 10 713 1 6 1
200 0 4 718 1 8 1
201 0 9 722 357 1541 535
202 1 11 727 7 21 10
203 0 2 732 40 353 60
204 1 3 735 2 17 3
205 1 1 739 31 270 46
206 1 2 741 837 8610 1255
207 1 3 744 1 8 1
208 0 3 748 1 10 1
209 0 3 752 1 9 1
210 0 7 756 52 191 78
211 0 3 760 891 9192 1336
212 1 1 764 9991 114507 14986
213 0 1 766 2290 24649 3435
214 1 1 767 1 9 1
215 0 2 768 3 25 4
216 0 8 771 1 3 1
217 1 1 776 25978 309478 38967
218 0 9 779 1 3 1
219 1 2 784 2 17 3
220 0 2 787 7 56 10
221 0 7 790 1 4 1
222 0 21 794 574 2569 861
223 1 3 799 1 10 1
224 0 2 803 37358 451469 56037
225 1 1 806 29 252 43
226 0 1 809 334 3290 501
227 1 1 810 13 107 19
228 0 3 813 76 695 114
229 1 9 816 7 21 10
230 0 8 821 4 12 6
231 1 1 826 1 10 1
232 1 2 828 8 64 12
233 1 3 831 793 8138 1189
234 0 3 835 1 12 1
235 0 3 839 135 1272 202
236 1 1 843 5 40 7
237 0 19 845 1 3 1
238 0 2 850 1 9 1
239 1 7 853 5 15 7
240 0 30 857 1 4 1
241 0 12 863 465 2049 697
242 0 1 868 1 9 1
243 1 9 871 19 63 28
244 0 1 876 522 5253 783
245 0 50 878 3 10 4
246 1 5 884 1410 14853 2115
247 0 11 888 1 6 1
248 1 2 893 32 279 48
249 0 1 896 18 152 27
250 1 12 897 1 4 1
251 0 5 902 1 9 1
252 1 3 906 1 9 1
253 1 3 910 29806 357020 44709
254 0 4 914 1 9 1
255 0 1 918 3 25 4
256 1 3 921 266 2592 399
257 0 1 925 10 81 15
258 0 7 927 12 38 18
259 1 1 932 2 17 3
260 0 1 935 1 10 1
261 0 4 938 1 8 1
262 1 6 942 2092 22429 3138
263 0 4 946 1 12 1
264 1 1 950 220 2124 330
265 1 8 952 10 31 15
266 1 2 957 4 33 6
267 1 1 960 511 5137 766
268 1 1 963 9 72 13
269 1 1 965 3 25 4
270 1 2 967 302969 3961325 454453
271 0 2 970 345 3404 517
272 0 10 973 7696 41068 11544
273 1 4 978 1 9 1
274 1 3 982 172 1640 258
275 1 2 986 243 2357 364
276 0 9 989 3 9 4
277 0 5 994 1 11 1
278 0 3 998 3 25 4
279 1 8 1002 7 21 10
280 0 2 1007 469 4696 703
281 0 5 1010 2447 26416 3670
282 0 2 1014 1 10 1
283 0 3 1017 73 666 109
284 0 1 1021 1 11 1
285 1 1 1022 198753 2559066 298129
286 0 1 1023 2 17 3
287 0 1 1025 94 869 141
288 0 1 1028 4 33 6
289 1 2 1030 1 9 1
290 1 1 1033 14 116 21
291 0 3 1035 1 9 1
292 0 3 1039 257 2500 385
293 1 7 1043 1 4 1
294 0 3 1047 21888 258980 32832
295 1 1 1051 2 17 3
296 0 3 1054 70 637 105
297 0 3 1058 2123 22776 3184
298 0 3 1062 5 40 7
299 1 14 1066 2 7 3
300 1 19 1071 7763 41448 11644
301 0 7 1076 5 15 7
302 0 13 1080 1 3 1
303 0 3 1085 2 17 3
304 1 5 1089 341 3363 511
305 1 2 1093 167 1590 250
306 0 1 1096 15 125 22
307 0 1 1098 1 10 1
308 1 11 1100 681 3087 1021
309 0 2 1105 1 9 1
310 1 1 1108 4 33 6
311 1 3 1110 33 289 49
312 0 3 1114 15 125 22
313 0 3 1118 170 1620 255
314 1 1 1122 1 9 1
315 0 2 1124 315 3094 472
316 1 7 1127 1 5 1
317 1 5 1131 1072 11154 1608
318 1 3 1135 1 10 1
319 1 2 1139 4 33 6
320 1 11 1142 6 18 9
321 1 4 1147 1 13 1
322 1 1 1151 47 419 70
323 1 1 1153 6 48 9
324 0 1 1155 229 2215 343
325 0 3 1157 170 1620 255
326 1 1 1161 88 811 132
327 0 9 1163 274774 1791573 412161
328 1 2 1168 53 475 79
329 1 15 1171 1411 6736 2116
330 0 6 1176 17 143 25
331 0 4 1180 1106 11524 1659
332 1 7 1184 11 34 16
333 0 1 1189 4 33 6
334 0 1 1191 12939 149877 19408
335 1 1 1193 3129 34143 4693
336 1 3 1195 26 224 39
337 0 3 1199 62 561 93
338 1 106 1203 213 883 319
339 1 9 1209 69 260 103
340 1 2 1214 12 99 18
341 0 38 1217 6 18 9
342 1 1 1223 66 599 99
343 1 1 1226 25 215 37
344 1 1 1228 1855 19782 2782
345 0 10 1230 589 2641 883
346 1 1 1235 21 179 31
347 1 3 1237 1 10 1
348 0 1 1241 4316 47752 6474
349 0 1 1244 1 11 1
350 1 1 1247 189 1811 283
351 0 9 1250 1830 8894 2745
352 1 1 1255 13 107 19
353 0 6 1257 48 175 72
354 1 3 1261 631 6407 946
355 0 1 1265 1 9 1
356 0 2 1267 2 17 3
357 0 24 1270 234 977 351
358 1 2 1275 33 288 49
359 0 3 1278 5603 62683 8404
360 0 2 1282 20 170 30
361 1 3 1285 19844 233875 29766
362 0 2 1289 1 10 1
363 0 1 1292 7 56 10
364 1 2 1295 108 1006 162
365 1 1 1298 2 17 3
366 0 1 1300 1 11 1
367 1 6 1302 8 64 12
368 1 3 1306 2 17 3
369 0 5 1310 1 10 1
370 1 1 1314 2552 27601 3828
371 0 1 1317 1 9 1
372 1 33 1319 1801 8744 2701
373 0 3 1325 6 48 9
374 0 1 1329 5 40 7
375 1 1 1332 1 9 1
376 1 2 1334 2 17 3
377 1 2 1337 5 40 7
378 1 6 1340 19 63 28
379 1 2 1344 22 188 33
380 1 3 1347 1 10 1
381 0 3 1351 2 17 3
382 1 5 1354 191910 2467778 287865
383 1 1 1358 66 599 99
384 0 3 1360 37 326 55
385 1 11 1364 127 504 190
386 1 1 1369 6092 68395 9138
387 1 17 1371 1 3 1
388 0 2 1376 1 9 1
389 1 12 1379 92 355 138
390 1 2 1384 12 98 18
391 1 5 1387 447 4466 670
392 1 2 1391 86 792 129
393 1 3 1394 13106 151891 19659
394 1 2 1398 107 996 160
395 1 1 1401 64 580 96
396 0 4 1404 11 90 16
397 0 17 1408 1 4 1
398 0 12 1413 2 7 3
399 1 1 1418 134 1262 201
400 0 2 1420 17 143 25
401 1 3 1423 1 9 1
402 0 9 1427 570001 3854220 855001
403 1 6 1432 953 9862 1429
404 0 1 1436 302 2961 453
405 0 2 1439 1 9 1
406 1 3 1442 349 3446 523
407 1 6 1446 2733 13647 4099
408 0 1 1450 9 73 13
409 0 4 1453 4 33 6
410 1 10 1457 1 5 1
411 1 8 1462 1 4 1
412 1 5 1467 1 9 1
413 1 1 1471 1 12 1
414 0 2 1473 1 11 1
415 0 1 1476 676 6886 1014
416 0 14 1478 11 34 16
417 1 1 1483 7 56 10
418 0 5 1485 5 40 7
419 0 1 1489 12814 148370 19221
420 0 4 1492 567 5728 850
421 0 2 1496 2116089 29613429 3174133
422 0 7 1499 1 5 1
423 0 3 1504 2 17 3
424 1 3 1508 13 108 19
425 0 3 1512 146 1381 219
426 1 1 1516 1 9 1
427 0 1 1518 23 197 34
428 1 1 1520 1 9 1
429 1 3 1522 100 928 150
430 1 1 1526 1 9 1
431 1 2 1529 1 11 1
432 0 1 1532 5 40 7
433 0 1 1535 14 116 21
434 1 3 1537 3 25 4
435 0 2 1541 16 134 24
436 0 2 1544 5 40 7
437 0 1 1547 1 12 1
438 1 2 1550 18 152 27
439 0 1 1553 1 9 1
440 1 2 1556 1418 14942 2127
441 1 12 1559 21 70 31
442 0 2 1564 5438 60760 8157
443 1 2 1567 9 73 13
444 0 19 1570 1 5 1
445 0 9 1575 2 7 3
446 0 2 1580 1 10 1
447 1 1 1583 3 25 4
448 1 1 1585 323 3177 484
449 1 2 1588 2354 25369 3531
450 1 1 1591 1 10 1
451 0 5 1593 10 81 15
452 1 1 1597 827 8503 1240
453 0 2 1599 84 772 126
454 1 2 1602 470 4706 705
455 0 2 1605 1 11 1
456 1 2 1608 1 9 1
457 1 1 1611 2 17 3
458 0 1 1613 2 17 3
459 0 9 1615 5 15 7
460 0 2 1620 107 996 160
461 0 8 1623 7 21 10
462 1 67 1628 1 3 1
463 0 2 1634 200 1922 300
464 1 2 1637 9 72 13
465 0 3 1640 50 447 75
466 1 2 1644 290 2838 435
467 1 2 1647 1 10 1
468 1 2 1650 12 99 18
469 0 1 1653 9 72 13
470 0 1 1655 1 11 1
471 1 4 1656 9 73 13
472 1 2 1660 11 90 16
473 0 4 1663 1 11 1
474 0 4 1667 4 33 6
475 0 1 1671 298 2920 447
476 1 2 1674 1 10 1
477 0 2 1677 337 3321 505
478 0 3 1680 2 17 3
479 0 2 1684 12 99 18
480 0 8 1687 11 34 16
481 0 3 1692 1 9 1
482 0 1 1696 6 48 9
483 0 5 1698 28 243 42
484 1 20 1702 2 6 3
485 1 1 1707 14 116 21
486 0 5 1709 35362 426429 53043
487 1 3 1713 16 134 24
488 1 4 1717 47 419 70
489 0 7 1721 1 3 1
490 0 2 1725 1 9 1
491 1 4 1728 470 4707 705
492 0 1 1732 4691 52086 7036
493 0 3 1735 190 1821 285
494 0 3 1739 4 33 6
495 0 16 1743 1061 4965 1591
496 1 18 1748 4 12 6
497 0 4 1753 1 11 1
498 1 1 1757 1 10 1
499 1 4 1758 246 2388 369
500 0 1 1762 1935 20674 2902
501 1 1 1765 12163 140532 18244
502 0 6 1767 1 9 1
503 0 3 1771 1 9 1
504 1 2 1775 905 9343 1357
505 0 3 1778 1 10 1
506 0 2 1782 1 10 1
507 1 1 1785 6 48 9
508 0 1 1787 2 17 3
509 0 7 1789 1624 7829 2436
510 1 2 1793 5 40 7
511 1 3 1796 19773 233005 29659
512 0 6 1800 1 5 1
513 0 2 1804 96905 1214784 145357
514 1 2 1807 1 9 1
515 1 1 1810 16 134 24
516 0 37 1812 3 10 4
517 1 9 1818 1 4 1
518 1 2 1823 2 17 3
519 0 2 1826 87 801 130
520 1 1 1829 53 475 79
521 0 1 1831 156 1480 234
522 0 1 1832 1 9 1
523 1 2 1835 1 10 1
524 0 1 1838 125930 1594243 188895
525 1 1 1841 19 161 28
526 0 3 1843 482 4833 723
527 1 8 1847 1 4 1
528 1 5 1852 2 17 3
529 1 1 1856 1 9 1
530 0 1 1859 59 532 88
531 0 11 1861 922 4272 1383
532 1 2 1866 498 5000 747
533 1 12 1869 32 112 48
534 1 2 1874 27248 325223 40872
535 1 3 1877 23 197 34
536 1 2 1881 15 125 22
537 1 5 1884 808 8299 1212
538 1 2 1888 1 11 1
539 0 2 1891 91 840 136
540 1 2 1894 561 5665 841
541 0 17 1897 48 175 72
542 1 4 1902 3 25 4
543 0 3 1906 2675 28990 4012
544 0 3 1910 1 9 1
545 1 4 1914 1 9 1
546 0 9 1918 3262 16480 4893
547 1 1 1923 1 9 1
548 0 4 1925 5 41 7
549 0 2 1929 2 17 3
550 1 18 1932 42 151 63
551 1 8 1937 14 45 21
552 0 1 1942 2 17 3
553 0 3 1943 1 11 1
554 0 3 1947 116 1084 174
555 0 2 1951 2289 24638 3433
556 0 3 1954 700 7142 1050
557 0 3 1958 4 33 6
558 0 1 1962 1 11 1
559 0 10 1964 1 3 1
560 1 4 1969 174 1660 261
561 1 3 1973 290 2838 435
562 0 2 1977 4 33 6
563 1 1 1980 1 9 1
564 1 10 1982 97 377 145
565 1 2 1987 1 10 1
566 1 6 1990 5 40 7
567 0 1 1994 8 64 12
568 1 3 1997 1 10 1
569 0 4 2001 1 10 1
570 1 16 2005 14477 80283 21715
571 0 1 2010 2786 30247 4179
572 1 5 2012 6 48 9
573 1 1 2016 2 17 3
574 1 9 2018 1 4 1
575 0 1 2023 175 1670 262
576 1 3 2026 117 1094 175
577 0 4 2030 23 197 34
578 1 2 2034 518 5211 777
579 0 10 2037 4 12 6
580 1 1 2042 16 134 24
581 0 2 2045 45 400 67
582 0 1 2048 16 134 24
583 0 3 2051 1 9 1
584 0 5 2055 1 9 1
585 0 3 2059 7 56 10
586 0 6 2063 1 11 1
587 0 3 2067 3 25 4
588 1 2 2071 76 695 114
589 1 2 2074 1 8 1
590 1 7 2077 256 1077 384
591 0 3 2081 1 9 1
592 0 11 2085 29 101 43
593 0 1 2090 1 9 1
594 1 1 2091 2 17 3
595 1 2 2094 1 9 1
596 0 1 2097 18 152 27
597 1 9 2099 21 70 31
598 0 2 2104 339 3342 508
599 0 4 2107 36 316 54
600 0 9 2111 149905 947329 224857
601 0 5 2116 2921 31778 4381
602 0 19 2120 3 9 4
603 1 4 2125 4 33 6
604 0 1 2129 1274 13360 1911
605 1 3 2131 142 1341 213
606 0 5 2135 19 161 28
607 1 1 2139 615 6237 922
608 0 14 2142 111 436 166
609 0 15 2147 129 513 193
610 1 3 2152 1 9 1
611 1 1 2155 8 64 12
612 1 1 2157 1 11 1
613 1 8 2159 22 74 33
614 1 1 2164 1 11 1
615 0 1 2166 1 9 1
616 0 2 2169 236753 3067932 355129
617 0 5 2172 52 466 78
618 1 1 2176 1 10 1
619 1 2 2178 229919 2976189 344878
620 1 6 2181 1 10 1
621 0 3 2185 292 2858 438
622 0 3 2189 44 391 66
623 0 6 2193 1 10 1
624 1 3 2197 2 17 3
625 0 1 2201 2 17 3
626 0 5 2203 2 17 3
627 0 2 2207 36 316 54
628 1 16 2210 1 4 1
629 1 2 2215 1 10 1
630 1 2 2218 1 10 1
631 1 11 2221 279 1182 418
632 0 3 2226 7934 90067 11901
633 0 1 2230 1 9 1
634 0 13 2232 1 4 1
635 0 2 2237 22 188 33
636 0 2 2240 203 1952 304
637 1 3 2243 1 13 1
638 1 2 2247 1 8 1
639 0 8 2250 250 1050 375
640 0 5 2255 1 9 1
641 1 2 2259 26 224 39
642 0 2 2262 63 570 94
643 0 2 2265 4302 47590 6453
644 1 3 2268 1 10 1
645 1 1 2272 13 107 19
646 1 3 2275 1 10 1
647 1 5 2279 114 1065 171
648 1 5 2283 1 10 1
649 1 2 2287 895 9236 1342
650 1 2 2290 27 233 40
651 1 2 2293 15 125 22
652 1 42 2296 2 7 3
653 0 1 2302 21 179 31
654 0 7 2304 7 21 10
655 1 5 2308 1 9 1
656 1 2 2312 185 1771 277
657 0 4 2315 726 7420 1089
658 0 1 2319 1 8 1
659 0 14 2321 671 3038 1006
660 0 8 2326 659 2980 988
661 0 3 2331 30092 360581 45138
662 0 3 2335 4 33 6
663 0 1 2339 198 1901 297
664 0 1 2342 1384 14567 2076
665 1 1 2344 1 8 1
666 1 3 2347 1 11 1
667 0 2 2351 640 6502 960
668 1 3 2354 11 90 16
669 0 2 2358 3 25 4
670 1 10 2361 1 4 1
671 0 2 2366 1 8 1
672 1 4 2369 2346371 32950741 3519556
673 1 9 2373 4 12 6
674 0 5 2378 6 48 9
675 1 1 2382 1 9 1
676 0 10 2384 1 4 1
677 1 11 2389 1 4 1
678 0 2 2394 1 11 1
679 1 1 2397 344 3394 516
680 1 2 2400 1 11 1
681 0 1 2403 193 1851 289
682 0 4 2405 22 188 33
683 1 6 2409 1 10 1
684 1 2 2413 1 9 1
685 1 3 2416 5 41 7
686 1 2 2420 1 10 1
687 0 5 2423 1 12 1
688 1 4 2427 5 40 7
689 1 8 2431 90 347 135
690 0 2 2436 1 9 1
691 1 1 2439 1 9 1
692 1 1 2442 1 10 1
693 1 2 2445 18 152 27
694 1 2 2448 6 48 9
695 1 3 2451 1 11 1
696 1 2 2455 1 9 1
697 1 1 2458 33 288 49
698 1 5 2461 5 41 7
699 0 2 2465 3 25 4
700 1 1 2468 156 1480 234
701 0 2 2471 2 17 3
702 0 3 2474 12 99 18
703 1 1 2478 1 10 1
704 1 5 2481 5 40 7
705 1 7 2485 71 268 106
706 0 29 2489 9 27 13
707 1 1 2495 1 11 1
708 0 1 2498 1 10 1
709 1 1 2501 54391 666977 81586
710 1 2 2503 291 2848 436
711 0 4 2506 56206 690106 84309
712 1 4 2510 1 11 1
713 0 16 2514 30635 177492 45952
714 0 1 2519 60 542 90
715 0 2 2521 1 11 1
716 1 3 2524 1 12 1
717 0 6 2528 2 17 3
718 1 2 2532 6 48 9
719 0 2 2535 95 879 142
720 1 1 2538 160 1520 240
721 1 3 2541 6 48 9
722 0 5 2545 6 48 9
723 0 3 2549 1 10 1
724 1 2 2553 1 11 1
725 0 1 2556 18690 219744 28035
726 1 3 2559 27 233 40
727 0 10 2563 1 4 1
728 1 2 2568 175 1670 262
729 0 1 2571 933 9646 1399
730 1 1 2572 3 25 4
731 1 2 2573 2 17 3
732 1 2 2576 4 33 6
733 0 6 2579 20 169 30
734 0 17 2583 436 1911 654
735 1 2 2588 6 48 9
736 0 1 2591 1545713 21401709 2318569
737 1 1 2594 1 9 1
738 0 24 2596 1 5 1
739 1 5 2601 600 6078 900
740 1 1 2605 49 438 73
741 1 5 2607 99 918 148
742 1 4 2611 5 41 7
743 0 4 2615 3 25 4
744 0 2 2619 6 48 9
745 1 2 2622 478 4790 717
746 0 3 2625 188 1801 282
747 0 25 2629 61 227 91
748 1 5 2634 1 10 1
749 1 2 2638 1 9 1
750 1 4 2641 209 2012 313
751 0 1 2645 16 134 24
752 1 1 2646 24 206 36
753 0 8 2648 29396 169911 44094
754 1 1 2653 13 108 19
755 0 2 2655 1 9 1
756 0 1 2658 159 1510 238
757 0 3 2660 51 457 76
758 1 2 2664 1 11 1
759 1 1 2667 3 25 4
760 0 2 2669 25 215 37
761 1 12 2672 13 41 19
762 1 8 2677 1 5 1
763 0 22 2682 1 5 1
764 0 19 2687 19 63 28
765 1 3 2692 523 5263 784
766 1 5 2696 1 9 1
767 1 3 2700 408 4058 612
768 0 1 2704 115 1074 172
769 0 6 2707 83 762 124
770 0 4 2711 10 81 15
771 1 63 2715 16 52 24
772 1 19 2721 3853 19678 5779
773 0 1 2726 10 81 15
774 0 7 2728 1 4 1
775 0 1 2732 1 11 1
776 1 4 2734 431 4298 646
777 1 1 2738 8 64 12
778 0 1 2739 103 957 154
779 0 5 2742 11 90 16
780 1 2 2746 1 9 1
781 1 9 2749 25 85 37
782 0 4 2754 1 9 1
783 1 9 2758 4 12 6
784 1 1 2763 10 81 15
785 0 1 2766 1 10 1
786 0 1 2768 1 10 1
787 1 2 2771 2 17 3
788 1 2 2774 1 8 1
789 1 3 2777 1 9 1
790 1 8 2781 103 402 154
791 1 7 2786 2 6 3
792 0 2 2791 4 33 6
793 0 2 2794 1 9 1
794 0 2 2797 1 9 1
795 0 1 2800 12 98 18
796 0 1 2803 124 1163 186
797 0 1 2806 420 4184 630
798 1 1 2809 369 3653 553
799 1 2 2810 8 64 12
800 1 15 2813 5682 29750 8523
801 0 3 2818 1 9 1
802 0 5 2822 163 1550 244
803 1 3 2826 6 48 9
804 0 4 2830 1 9 1
805 0 3 2834 1 9 1
806 0 9 2838 1 4 1
807 0 1 2843 1 8 1
808 1 2 2845 5 41 7
809 0 3 2848 591 5982 886
810 1 3 2852 1 9 1
811 0 2 2856 1 10 1
812 1 5 2859 1158 12091 1737
813 0 2 2863 4 33 6
814 0 2 2866 70 637 105
815 1 6 2869 4578 50778 6867
816 1 6 2873 63 570 94
817 0 8 2877 3955 20233 5932
818 0 1 2882 10 81 15
819 0 13 2883 640 2888 960
820 0 7 2888 6 18 9
821 1 1 2892 34 297 51
822 0 6 2895 3 9 4
823 0 1 2899 1 11 1
824 0 5 2901 5 40 7
825 1 6 2905 6 48 9
826 1 5 2909 22 188 33
827 1 2 2913 7383 83560 11074
828 1 2 2916 1 9 1
829 0 3 2919 103 957 154
830 1 8 2923 2 7 3
831 0 2 2928 1 9 1
832 0 3 2931 111 1035 166
833 1 3 2935 215 2073 322
834 1 5 2939 140 1321 210
835 1 1 2943 1 11 1
836 0 9 2946 150 604 225
837 1 2 2951 294 2879 441
838 1 2 2954 1 10 1
839 0 2 2957 23 197 34
840 0 8 2960 18 59 27
841 0 2 2965 5 40 7
842 1 6 2968 1 10 1
843 1 2 2972 1307 13722 1960
844 0 4 2975 5 40 7
845 1 2 2979 24 206 36
846 0 9 2982 1 5 1
847 0 1 2987 1 10 1
848 0 1 2989 1 9 1
849 1 2 2991 1 9 1
850 0 10 2994 1 4 1
851 0 2 2999 74 676 111
852 1 3 3002 143 1351 214
853 1 10 3006 12 38 18
854 1 10 3011 3795 19363 5692
855 0 1 3016 46 409 69
856 1 2 3019 3 25 4
857 0 2 3022 882 9095 1323
858 0 4 3025 83 762 124
859 1 1 3029 95 879 142
860 1 2 3032 1 10 1
861 1 2 3035 1 9 1
862 1 3 3038 83 762 124
863 0 1 3042 406 4037 609
864 1 1 3044 1 10 1
865 1 8 3046 56 207 84
866 1 9 3051 17 55 25
867 1 1 3056 1 9 1
868 1 21 3059 1 4 1
869 0 1 3064 1748 18592 2622
870 1 1 3066 461 4612 691
871 1 4 3069 76 695 114
872 1 1 3073 31554 378808 47331
873 1 6 3075 1308 13732 1962
874 1 4 3079 37 325 55
875 0 2 3083 10 81 15
876 1 2 3086 6 48 9
877 0 12 3089 1 5 1
878 1 1 3094 29 251 43
879 1 6 3095 259 2520 388
880 1 6 3099 118 1104 177
881 0 4 3103 19 161 28
882 0 2 3107 1 9 1
883 1 3 3110 5758 64491 8637
884 1 16 3114 2 7 3
885 1 8 3119 2 6 3
886 1 3 3124 8 64 12
887 0 10 3128 5 15 7
888 0 6 3133 437 4361 655
889 1 5 3137 5 40 7
890 0 4 3141 11 90 16
891 0 2 3145 428 4267 642
892 1 1 3148 1 11 1
893 1 1 3150 36 316 54
894 1 4 3153 1 12 1
895 1 2 3157 207 1992 310
896 1 2 3160 1 10 1
897 0 8 3163 5 15 7
898 1 12 3168 1 5 1
899 0 3 3173 1 9 1
900 1 3 3177 1 9 1
901 0 3 3181 2 17 3
902 0 3 3185 1 10 1
903 0 1 3189 244 2367 366
904 1 6 3191 755 7730 1132
905 0 6 3195 45 400 67
906 1 1 3199 11 90 16
907 1 1 3201 1 10 1
908 1 7 3204 325395 2139848 488092
909 0 2 3209 3 25 4
910 1 3 3212 946 9787 1419
911 1 5 3216 6 48 9
912 1 8 3220 1 4 1
913 1 2 3225 5 41 7
914 1 5 3228 227 2195 340
915 0 13 3232 64 240 96
916 1 1 3237 1 10 1
917 0 5 3239 40 353 60
918 0 33 3243 307 1310 460
919 1 6 3249 1 11 1
920 1 7 3253 9 27 13
921 0 1 3258 58 523 87
922 0 3 3260 9 72 13
923 1 8 3264 1 5 1
924 0 2 3269 3 25 4
925 1 1 3272 8 64 12
926 1 3 3273 126 1183 189
927 0 1 3277 1929 20607 2893
928 1 3 3279 1 13 1
929 1 5 3283 1 9 1
930 0 3 3287 5 40 7
931 1 2 3291 1953 20875 2929
932 1 2 3294 5 40 7
933 1 2 3297 303 2971 454
934 1 3 3300 1 9 1
935 1 2 3304 137626 1748093 206439
936 1 5 3307 3 25 4
937 0 1 3311 369 3653 553
938 1 2 3313 348 3435 522
939 1 5 3316 371 3673 556
940 1 4 3320 479 4801 718
941 0 3 3324 10 81 15
942 0 3 3328 1 12 1
943 0 1 3332 1 10 1
944 1 5 3334 269 2622 403
945 0 13 3338 1 5 1
946 0 1 3343 22643 268277 33964
947 1 3 3345 1 8 1
948 0 3 3349 21 179 31
949 0 8 3353 1 5 1
950 1 3 3358 1 9 1
951 1 2 3362 1 9 1
952 1 1 3365 1 11 1
953 0 11 3368 1 7 1
954 1 16 3373 6 18 9
955 1 1 3378 1 12 1
956 1 16 3381 11 34 16
957 0 2 3386 3 25 4
958 1 14 3389 1 4 1
959 1 8 3394 10 31 15
960 0 2 3399 35 307 52
961 1 8 3402 11 34 16
962 1 2 3407 5 40 7
963 1 2 3410 3 25 4
964 1 6 3413 15 125 22
965 0 9 3417 24566 140534 36849
966 0 8 3422 1221 5771 1831
967 0 1 3427 1 9 1
968 0 12 3428 2 7 3
969 0 1 3433 214 2063 321
970 1 6 3436 1 9 1
971 0 1 3440 2 17 3
972 0 1 3442 11 90 16
973 0 3 3444 1 9 1
974 1 23 3448 1 4 1
975 0 11 3453 1 4 1
976 0 2 3458 1 9 1
977 1 3 3461 2 17 3
978 0 4 3465 1 9 1
979 1 2 3469 10 81 15
980 1 18 3472 45 163 67
981 1 5 3477 2 17 3
982 0 2 3481 21 179 31
983 1 1 3484 1 9 1
984 1 5 3487 102 947 153
985 0 13 3491 35291 206121 52936
986 0 3 3496 1 10 1
987 1 1 3500 12 99 18
988 0 14 3502 18 59 27
989 1 1 3507 2 17 3
990 0 1 3510 2 17 3
991 1 2 3513 1 8 1
992 0 7 3516 1 4 1
993 0 4 3520 69 628 103
994 0 1 3524 968 10025 1452
995 1 2 3526 1 11 1
996 1 3 3529 755 7730 1132
997 1 2 3533 1 9 1
998 0 2 3536 420 4183 630
999 1 10 3539 3 9 4
1000 1 1 3544 1 10 1
1001 0 2 3547 4 33 6
1002 1 5 3550 1 9 1
1003 1 3 3554 1 9 1
1004 0 1 3558 1 9 1
1005 1 2 3560 2680 29047 4020
1006 0 4 3563 3 25 4
1007 1 4 3567 36 316 54
1008 1 2 3571 53 475 79
1009 0 1 3574 1 11 1
1010 1 5 3576 1 9 1
1011 1 1 3580 1188 12419 1782
1012 1 1 3583 93 859 139
1013 0 1 3586 113 1055 169
1014 1 2 3589 42 372 63
1015 1 1 3592 1 9 1
1016 1 1 3594 2 17 3
1017 1 3 3597 18 152 27
1018 0 4 3601 14 116 21
1019 0 5 3605 1 9 1
1020 1 1 3609 2 17 3
