0 0 27 5 4 12 6
1 1 1 24 319 3136 478
2 1 3 36 432 4309 648
3 1 1 51 1182 12353 1773
4 0 2 63 128 1202 192
5 0 2 77 28 243 42
6 1 1 91 1 10 1
7 1 2 103 12 99 18
8 1 7 117 1 3 1
9 0 3 134 5450 60900 8175
10 1 3 149 1 9 1
11 1 2 164 69 628 103
12 1 7 178 1 4 1
13 1 2 195 76 695 114
14 1 1 209 3334 36480 5001
15 0 6 221 4 33 6
16 0 6 238 142 1341 213
17 0 2 255 2703004 38139946 4054506
18 1 18 269 1068 5000 1602
19 0 1 287 13 108 19
20 0 1 299 1 9 1
21 0 3 312 24957 296841 37435
22 1 3 327 2651 28719 3976
23 1 3 342 66 599 99
24 0 1 357 1 10 1
25 0 3 370 13 108 19
26 1 3 385 159 1510 238
27 1 2 400 1 10 1
28 1 2 414 1 8 1
29 0 2 427 2 17 3
30 0 7 442 1 4 1
31 1 3 459 11 90 16
32 0 2 474 35 307 52
33 1 5 488 53 476 79
34 1 8 504 44 159 66
35 0 6 521 6 48 9
36 0 12 538 115 453 172
37 1 2 556 1 8 1
38 1 2 571 169 1610 253
39 0 1 585 3 25 4
40 1 1 592 1 10 1
41 1 1 604 14 116 21
42 0 1 617 11 90 16
43 1 1 630 1 10 1
44 1 2 643 6 48 9
45 1 51 657 8 24 12
46 1 1 676 1 10 1
47 0 3 686 1 9 1
48 1 1 701 29 252 43
49 0 5 714 1 10 1
50 1 1 730 1 9 1
51 0 4 742 1 9 1
52 0 9 758 1 3 1
53 0 2 775 2 17 3
54 1 3 790 94 869 141
55 0 7 805 23666 135092 35499
56 1 9 822 56 207 84
57 0 1 839 6 48 9
58 1 5 852 1 9 1
59 0 4 868 1 9 1
60 0 1 884 463 4633 694
61 1 1 897 2 17 3
62 1 2 907 1640 17394 2460
63 1 8 921 15 48 22
64 1 1 938 2791 30303 4186
65 0 6 949 8 24 12
66 0 7 966 76 289 114
67 0 5 983 157338 2008432 236007
68 0 1 999 1 9 1
69 1 12 1009 1 6 1
70 0 10 1027 1 4 1
71 0 5 1044 48 428 72
72 0 2 1060 64 580 96
73 1 2 1075 3445 37748 5167
74 1 1 1089 2 17 3
75 1 3 1100 2 17 3
76 1 9 1115 20627 116806 30940
77 0 9 1132 5 15 7
78 1 5 1149 2 17 3
79 1 5 1165 1 11 1
80 1 1 1181 12 99 18
81 1 4 1194 45 400 67
82 1 1 1210 2 17 3
83 1 3 1223 249 2418 373
84 1 1 1238 7 56 10
85 1 3 1251 15208 177322 22812
86 1 3 1266 1 10 1
87 1 2 1281 2564 27736 3846
88 1 3 1295 2977 32414 4465
89 1 3 1310 4 33 6
90 0 7 1325 44 159 66
91 0 2 1342 3582 39315 5373
92 1 2 1356 22 188 33
93 1 2 1371 13151 152434 19726
94 0 8 1385 10 31 15
95 0 6 1402 1 10 1
96 1 1 1419 3 25 4
97 0 10 1428 30 104 45
98 0 2 1445 1 10 1
99 0 3 1459 87 801 130
100 1 3 1474 6 48 9
101 0 5 1489 7 56 10
102 0 2 1505 14 116 21
103 0 1 1519 46 409 69
104 0 4 1530 6 48 9
105 1 1 1546 79 724 118
106 1 3 1558 2 17 3
107 0 2 1573 61 551 91
108 1 4 1587 27 233 40
109 0 2 1603 3 25 4
110 0 1 1617 1 14 1
111 1 3 1630 21060 248799 31590
112 0 2 1645 1 10 1
113 0 2 1660 4 33 6
114 1 2 1673 1775 18892 2662
115 1 34 1687 4 12 6
116 0 3 1706 83 763 124
117 1 2 1721 1 9 1
118 0 3 1735 594 6014 891
119 0 7 1750 1 4 1
120 1 6 1767 887 9149 1330
121 0 1 1783 1 9 1
122 1 6 1795 3671 40334 5506
123 0 2 1812 3 25 4
124 1 37 1826 10 31 15
125 1 2 1845 2 17 3
126 0 2 1860 1354 14238 2031
127 1 1 1874 1 9 1
128 1 3 1885 206 1982 309
129 1 1 1900 65 589 97
130 0 4 1911 287 2806 430
131 0 27 1927 1 3 1
132 0 6 1946 1 10 1
133 0 1 1962 87 801 130
134 0 1 1975 157 1490 235
135 0 6 1987 669 3028 1003
136 1 3 2004 1 9 1
137 0 3 2019 2 17 3
138 0 6 2034 33 116 49
139 0 3 2051 8 64 12
140 0 1 2066 39 344 58
141 1 3 2079 9 73 13
142 0 1 2094 87 801 130
143 1 6 2107 11 90 16
144 1 2 2124 2 17 3
145 0 4 2138 1 11 1
146 1 1 2154 1 10 1
147 0 4 2167 339 3342 508
148 1 1 2183 1 9 1
149 1 3 2196 238 2306 357
150 0 2 2211 64 580 96
151 1 20 2226 45 163 67
152 0 2 2244 6 48 9
153 1 4 2258 2855 31029 4282
154 0 1 2274 1 9 1
155 1 2 2287 102 947 153
156 0 1 2301 1 11 1
157 0 4 2314 29 252 43
158 0 19 2330 1 3 1
159 1 21 2348 3 9 4
160 1 52 2366 13 41 19
161 0 18 2385 489 2163 733
162 0 6 2403 1 4 1
163 0 2 2420 14 116 21
164 1 2 2434 280 2735 420
165 1 1 2448 1 10 1
166 1 9 2461 1027 4795 1540
167 1 4 2478 14 116 21
168 1 9 2494 1 3 1
169 0 1 2511 12245 141519 18367
170 1 27 2523 2 6 3
171 1 5 2542 51 457 76
172 1 12 2558 92 355 138
173 0 1 2576 6212 69799 9318
174 1 1 2589 16 134 24
175 0 3 2599 1 10 1
176 0 1 2614 2 17 3
177 1 2 2624 11 90 16
178 0 1 2639 103 957 154
179 0 2 2650 230 2225 345
180 0 3 2665 570 5760 855
181 0 5 2680 2 17 3
182 1 1 2696 2 17 3
183 1 15 2706 1 3 1
184 1 1 2724 1441 15195 2161
185 1 9 2735 140 561 210
186 1 5 2752 204 1962 306
187 0 2 2768 236 2286 354
188 0 5 2782 6 48 9
189 0 1 2798 1 9 1
190 0 1 2811 15 125 22
191 1 1 2824 2712 29409 4068
192 1 3 2837 1 10 1
193 1 1 2852 76 695 114
194 0 6 2865 1 8 1
195 1 1 2882 1 9 1
196 1 5 2895 2 17 3
197 0 2 2911 845 8696 1267
198 0 12 2926 102 398 153
199 0 4 2944 2 17 3
200 0 2 2960 23 197 34
201 0 1 2975 2 17 3
202 0 9 2987 4 12 6
203 0 2 3004 385 3819 577
204 1 9 3019 21 70 31
205 0 25 3036 256 1077 384
206 1 1 3055 346 3414 519
207 1 8 3067 57700 346396 86550
208 0 2 3084 5 40 7
209 0 5 3098 1 9 1
210 1 1 3114 3 25 4
211 0 2 3127 23 197 34
212 1 1 3142 4 33 6
213 1 1 3153 18 152 27
214 1 5 3166 6 48 9
215 1 17 3182 1 5 1
216 0 3 3200 1 9 1
217 0 2 3215 290 2837 435
218 1 5 3229 5889 66021 8833
219 1 1 3245 73 666 109
220 1 2 3257 51 457 76
221 0 22 3271 134698 846457 202047
222 0 2 3289 1 9 1
223 0 2 3304 23 197 34
224 1 1 3318 47 419 70
225 1 8 3330 15 49 22
226 1 3 3347 42 372 63
227 1 6 3362 1 5 1
228 1 17 3379 1188 5604 1782
229 0 2 3397 175 1670 262
230 0 2 3411 1 11 1
231 0 1 3425 5 40 7
232 1 1 3438 1 10 1
233 1 4 3451 19 161 28
234 1 6 3467 59 532 88
235 1 8 3483 22 74 33
236 1 2 3500 1 11 1
237 0 2 3514 1 9 1
238 0 2 3528 508 5106 762
239 1 2 3542 69 628 103
240 0 3 3556 1 10 1
241 0 12 3571 14 45 21
242 1 3 3589 279 2724 418
243 0 1 3604 4 33 6
244 0 6 3617 411 4090 616
