0 1 1 5 1215 12713 1822
1 1 8 7 1 5 1
2 0 2 12 1 9 1
3 0 4 15 34 120 51
4 1 1 19 3346 36617 5019
5 0 2 21 78 714 117
6 0 8 24 422 1846 633
7 0 2 29 1375 14468 2062
8 1 1 32 31 270 46
9 1 1 34 1 9 1
10 1 2 36 959 9927 1438
11 0 2 39 865 8912 1297
12 0 13 42 12 38 18
13 1 1 47 88 811 132
14 1 2 49 1 9 1
15 1 2 52 5 41 7
16 1 2 55 2 17 3
17 1 9 58 1 4 1
18 1 2 63 135 1272 202
19 0 2 66 312 3064 468
20 1 2 69 18 152 27
21 0 1 72 4165 46011 6247
22 1 2 73 1 9 1
23 1 1 76 1 9 1
24 0 14 78 1 4 1
25 1 3 83 8 24 12
26 1 4 87 143 574 214
27 1 6 91 162 657 243
28 1 2 95 4 32 6
29 0 1 98 1 9 1
30 1 3 101 421 4194 631
31 0 1 105 11 90 16
32 1 2 108 2764 29998 4146
33 0 23 111 4 12 6
34 0 7 116 2195 10801 3292
35 0 4 120 1 4 1
36 1 13 124 873336 6028687 1310004
37 0 3 129 6 48 9
38 1 2 133 35 307 52
39 0 1 136 2 17 3
40 1 3 139 1 3 1
41 1 12 143 1 4 1
42 1 1 148 1 9 1
43 1 3 150 1 9 1
44 1 1 153 182 1740 273
45 1 3 156 1 4 1
46 1 2 160 1 9 1
47 0 4 163 7 21 10
48 0 2 167 4 33 6
49 1 3 170 8 24 12
50 0 1 174 50 447 75
51 0 7 177 53 195 79
52 0 5 181 2 7 3
53 1 8 185 6 18 9
54 0 6 190 33 116 49
55 0 6 194 14 45 21
56 1 9 198 82 314 123
57 0 25 203 1 3 1
58 1 30 208 129 513 193
59 1 11 214 3 10 4
60 1 2 219 94 869 141
61 0 6 222 791 3624 1186
62 1 2 226 1 10 1
63 1 17 229 1 4 1
64 1 16 234 86 330 129
65 0 3 239 2 7 3
66 0 24 243 1 5 1
67 0 2 248 2 17 3
68 0 1 251 38 335 57
69 1 1 254 1 11 1
70 0 6 257 9 27 13
71 0 1 261 65 590 97
72 0 23 263 1 3 1
73 1 3 268 1 4 1
74 1 1 272 1 11 1
75 1 2 274 1 9 1
76 1 1 277 1842 19638 2763
77 1 6 280 163 661 244
78 1 17 284 364 1574 546
79 0 24 289 442 1940 663
80 0 27 294 1 5 1
81 1 9 300 604 2714 906
82 0 1 305 44 391 66
83 0 4 307 69 260 103
84 1 2 311 13788 160126 20682
85 1 1 314 1 9 1
86 1 4 317 259 1091 388
87 0 4 321 60 223 90
88 1 1 325 2 17 3
89 0 5 328 470 2072 705
90 0 6 332 18 59 27
91 1 3 336 1 3 1
92 1 12 340 2 7 3
93 0 6 345 1 5 1
94 0 2 349 3445 37748 5167
95 0 5 352 21 70 31
96 1 3 356 1 9 1
97 1 1 360 12 98 18
98 0 4 362 1 4 1
99 0 6 366 1 3 1
100 1 4 370 150 604 225
101 0 4 374 1 3 1
102 0 2 378 6 48 9
103 1 2 381 6780 76462 10170
104 0 19 384 257 1081 385
105 0 13 389 15 48 22
106 0 2 394 52 466 78
107 0 2 397 16 134 24
108 0 4 400 20606 116680 30909
109 1 2 404 2 17 3
110 0 1 407 1 10 1
111 1 1 410 3186 34792 4779
112 0 2 413 1 10 1
113 0 3 416 39 139 58
114 0 1 420 68 618 102
115 0 2 423 9 73 13
116 0 1 426 67 608 100
117 1 1 429 1427032 19704544 2140548
118 0 4 431 2530 12569 3795
119 1 1 435 36 316 54
120 1 2 438 3 25 4
121 0 1 441 1 11 1
122 0 2 443 1 8 1
123 0 12 446 3392 17180 5088
124 1 3 451 1 4 1
125 1 5 455 4210 21625 6315
126 0 1 459 1 10 1
127 1 2 462 2 17 3
128 0 11 465 36 127 54
129 0 2 470 1863 19871 2794
130 0 7 473 1264 5988 1896
131 1 4 477 3734 19031 5601
132 0 1 481 2 17 3
133 0 5 484 1 5 1
134 1 3 488 2 6 3
135 1 2 492 6 48 9
136 1 1 495 4 33 6
137 1 2 497 1287 13502 1930
138 1 22 500 1 5 1
139 0 4 505 1 4 1
140 0 1 509 1 9 1
141 0 2 511 130 1222 195
142 1 2 514 22 188 33
143 0 3 517 1233 5832 1849
144 0 4 521 42 151 63
145 1 2 525 2 17 3
146 0 6 528 1669 8061 2503
147 1 2 532 10 81 15
148 1 6 535 10 31 15
149 1 13 539 1 5 1
150 1 1 544 1 9 1
151 0 2 546 1 9 1
152 1 3 549 12 99 18
153 0 2 553 1120 11677 1680
154 0 1 556 12 99 18
155 0 2 559 1 10 1
156 0 3 562 6 18 9
157 1 5 566 131 522 196
158 0 3 570 5919 31071 8878
159 0 2 574 5 40 7
160 0 4 577 4 12 6
161 1 2 581 1 9 1
162 0 7 584 7 21 10
163 0 18 588 423 1850 634
164 1 7 593 837945 5772904 1256917
165 0 4 597 1 4 1
166 0 2 601 1 10 1
167 0 1 604 1 9 1
168 1 2 607 1 10 1
169 1 2 610 1 9 1
170 1 3 613 48145 286148 72217
171 1 4 617 50 183 75
172 0 25 621 1 4 1
173 0 3 626 3 10 4
174 0 3 630 1 3 1
175 1 1 634 1641 17405 2461
176 1 4 637 1 4 1
177 1 4 641 1 3 1
178 0 6 645 461 2030 691
179 1 1 649 6 48 9
180 0 1 652 681 6939 1021
181 1 2 654 1 9 1
182 0 2 657 1 9 1
183 0 1 660 14 116 21
184 0 1 663 603 6109 904
185 1 7 666 1 6 1
186 0 1 670 968 10025 1452
187 1 3 673 1 9 1
188 1 3 677 79 724 118
189 1 6 681 1 5 1
190 0 6 685 1 5 1
191 0 5 689 23 78 34
192 1 3 693 44 391 66
193 0 1 697 1 9 1
194 1 2 700 99 918 148
195 0 9 703 3 9 4
196 0 3 708 26 89 39
197 1 1 712 83 762 124
198 0 2 714 1 9 1
199 1 3 717 1 4 1
200 0 4 721 116 457 174
201 0 13 725 20 67 30
202 0 3 730 1 10 1
203 1 1 734 4 32 6
204 1 2 736 9 73 13
205 1 3 739 3 9 4
206 1 5 743 8 24 12
207 1 4 747 82 313 123
208 0 6 751 12 38 18
209 0 4 755 32 112 48
210 0 2 759 20 170 30
211 1 3 762 3105 33869 4657
212 1 1 766 1 8 1
213 0 9 768 223 928 334
214 1 8 773 1 4 1
215 1 3 778 1 4 1
216 0 1 782 23 197 34
217 1 6 784 1 4 1
218 1 18 788 12977 71494 19465
219 1 1 793 1 9 1
220 1 4 795 9 27 13
221 0 1 799 1 12 1
222 1 6 802 34 120 51
223 0 4 806 1 4 1
224 1 1 810 1 10 1
225 0 3 812 4 12 6
226 0 5 816 45 163 67
227 0 1 820 1 10 1
228 1 1 821 2 17 3
229 1 4 824 119 470 178
230 1 10 828 14183 78556 21274
231 0 2 833 1 9 1
232 1 3 836 17 143 25
233 1 3 840 88 339 132
234 1 2 844 178 1700 267
235 1 4 847 107 419 160
236 0 1 851 1 9 1
237 0 1 853 11 90 16
238 1 2 856 2434 26270 3651
239 0 4 859 1 3 1
240 1 1 863 1 11 1
241 1 1 866 183 1750 274
242 1 4 868 249 1045 373
243 0 3 872 2 17 3
244 1 2 876 2859 31075 4288
245 1 8 879 24 81 36
246 0 1 884 1 9 1
247 0 4 886 24 82 36
248 0 2 890 10 81 15
249 1 1 893 1 9 1
250 0 14 895 4 12 6
251 0 16 900 1 4 1
252 1 4 905 1 3 1
253 1 5 909 35 123 52
254 1 1 913 5 40 7
255 1 2 915 158 1500 237
256 0 8 918 1 4 1
257 1 3 923 184 754 276
258 1 2 927 616 6247 924
259 1 21 930 2 6 3
260 0 3 935 3 25 4
261 1 1 939 1 9 1
262 0 13 941 122 483 183
263 1 1 946 1 11 1
264 1 2 948 5 40 7
265 1 1 951 1 10 1
266 0 2 953 3398 37211 5097
267 1 1 956 29 251 43
268 0 4 959 100974 624897 151461
269 0 1 963 307 3012 460
270 1 4 966 2136 10491 3204
271 1 4 970 1 6 1
272 1 2 974 83027 1034741 124540
273 0 9 977 5 15 7
274 1 2 982 1 10 1
275 1 3 985 61 227 91
276 0 3 989 1 8 1
277 0 4 993 102035 631817 153052
278 0 2 997 1 9 1
279 1 8 1000 3 10 4
280 1 9 1005 13788 76239 20682
281 1 3 1010 69 260 103
282 1 2 1014 5 40 7
283 0 6 1017 1 6 1
284 1 2 1021 2 17 3
285 0 25 1024 1 4 1
286 0 4 1029 20 67 30
287 1 1 1033 1 9 1
288 0 2 1035 816 8385 1224
289 1 3 1038 1 4 1
290 1 17 1042 1 3 1
291 0 9 1047 4 12 6
292 0 2 1052 15102 176036 22653
293 0 1 1055 46 409 69
294 1 1 1057 250 2428 375
295 0 2 1060 1 8 1
296 0 12 1063 21 70 31
297 0 2 1068 12 98 18
298 0 2 1071 1 10 1
299 0 4 1074 1 4 1
300 1 1 1078 1 9 1
301 0 8 1081 1 4 1
302 1 4 1086 54 199 81
303 1 2 1090 758 7762 1137
304 1 1 1093 8 64 12
305 0 4 1095 1 4 1
306 1 1 1099 712 7270 1068
307 1 2 1102 1 11 1
308 1 9 1105 16 52 24
309 0 2 1110 230 2225 345
310 1 49 1113 2 7 3
311 0 8 1119 1 4 1
312 0 2 1124 1080 11241 1620
313 1 12 1127 6 18 9
314 0 3 1132 92 356 138
315 0 8 1136 1 3 1
316 0 9 1141 1 4 1
317 0 2 1146 4 33 6
318 1 3 1149 1 5 1
319 0 1 1153 1 9 1
320 0 5 1155 1 4 1
321 1 2 1159 1 11 1
322 1 1 1162 10 81 15
323 1 4 1165 39 139 58
324 0 4 1169 358 1546 537
325 0 10 1173 2 6 3
326 0 2 1178 1 10 1
327 0 5 1181 1 7 1
328 0 3 1185 753 3438 1129
329 1 7 1189 1 5 1
330 0 1 1193 65 589 97
331 0 2 1196 3 25 4
332 1 2 1199 5 41 7
333 1 3 1202 19 160 28
334 1 2 1206 83 762 124
335 1 3 1209 2 7 3
336 1 2 1213 4 33 6
337 0 3 1216 24 81 36
338 1 7 1220 1 4 1
339 0 2 1224 4 33 6
340 0 3 1227 1 3 1
341 1 2 1231 31 270 46
342 0 10 1234 1 3 1
343 1 4 1239 11 34 16
344 0 2 1243 2 17 3
345 1 2 1246 1 9 1
346 0 3 1249 1617 7793 2425
347 0 3 1253 1 3 1
348 0 3 1257 3 10 4
349 1 6 1261 2 6 3
350 1 8 1265 1 5 1
351 0 34 1270 1 4 1
352 0 2 1276 1 9 1
353 0 11 1279 10417 56632 15625
354 0 2 1284 3 25 4
355 0 4 1287 1 5 1
356 0 13 1291 1 4 1
357 0 3 1296 2 7 3
358 1 2 1300 32 279 48
359 0 2 1303 24 206 36
360 1 1 1306 1 10 1
361 1 4 1309 8 24 12
362 1 1 1313 2186 23482 3279
363 1 2 1315 1572 16641 2358
364 1 4 1318 1 4 1
365 0 4 1322 1 3 1
366 1 5 1326 55 203 82
367 0 5 1330 8 24 12
368 1 2 1334 1 9 1
369 1 1 1337 25 215 37
370 0 3 1340 190 1821 285
371 0 7 1344 60 223 90
372 1 2 1348 1 9 1
373 0 1 1351 4 33 6
374 1 2 1352 50 447 75
375 1 4 1355 1 3 1
376 1 2 1359 1 9 1
377 1 1 1362 8 64 12
378 0 4 1364 655 2960 982
379 0 7 1368 157 635 235
380 0 1 1373 1 9 1
381 0 3 1376 5 15 7
382 0 1 1380 42 372 63
383 0 6 1383 178 727 267
384 1 10 1387 2 6 3
385 0 3 1392 1 4 1
386 1 7 1396 20 67 30
387 1 1 1400 58 523 87
388 1 5 1402 1 3 1
389 1 4 1406 1 3 1
390 0 4 1410 17 56 25
391 0 4 1414 7 21 10
392 0 2 1418 1 13 1
393 1 1 1421 456 4560 684
394 1 29 1423 41722 245995 62583
395 0 1 1429 2 17 3
396 1 1 1431 1 11 1
397 1 4 1434 1 3 1
398 0 1 1438 942 9744 1413
399 0 1 1440 4 32 6
400 0 3 1443 1 4 1
401 0 3 1447 2 7 3
402 0 1 1451 91 840 136
403 1 2 1453 1 9 1
404 1 21 1456 153 617 229
405 1 9 1461 181 740 271
406 1 2 1466 13 107 19
407 0 4 1469 4266 21931 6399
408 1 1 1473 17 143 25
409 1 5 1475 80489 492079 120733
410 0 1 1479 3 25 4
411 1 23 1481 1 3 1
412 0 5 1486 1 3 1
413 0 1 1490 9 72 13
414 0 1 1492 16 134 24
415 0 5 1494 11934 65417 17901
416 0 5 1498 7 21 10
417 0 1 1502 8 64 12
418 0 10 1504 4 12 6
419 1 3 1509 3 9 4
420 1 4 1513 13 41 19
421 0 1 1517 7 56 10
422 1 9 1518 59 219 88
423 1 2 1523 1 10 1
424 1 17 1526 1 4 1
425 0 2 1531 1091 11361 1636
426 0 1 1534 1 9 1
427 1 6 1536 1323 6288 1984
428 0 5 1540 1 4 1
429 1 8 1544 98 381 147
430 0 1 1549 713 7281 1069
431 1 4 1552 2 7 3
432 1 6 1556 1 5 1
433 0 9 1560 1 3 1
434 0 5 1565 11 34 16
435 1 4 1569 1 3 1
436 0 8 1573 1 3 1
437 0 56 1578 5 15 7
438 1 3 1584 1 4 1
439 1 2 1588 435 4340 652
440 0 3 1591 35 123 52
441 1 4 1595 30 104 45
442 1 6 1599 158 639 237
443 1 4 1603 39 139 58
444 0 1 1607 1 9 1
445 0 1 1609 77 704 115
446 0 9 1612 1 3 1
447 0 3 1617 3 25 4
448 1 8 1621 1 3 1
449 1 1 1626 1 9 1
450 0 21 1628 132 526 198
451 0 1 1633 12 99 18
452 0 2 1636 2177 23381 3265
453 0 2 1639 2 17 3
454 1 6 1642 3 9 4
455 0 4 1646 1 4 1
456 1 1 1650 1 13 1
457 1 3 1652 1 9 1
458 0 10 1656 17 56 25
459 1 2 1661 12 99 18
460 0 1 1664 567 5728 850
461 1 2 1667 482 4833 723
462 1 13 1670 173 705 259
463 1 3 1675 2 7 3
464 1 1 1679 83 763 124
465 0 1 1681 2 17 3
466 0 1 1684 1 9 1
467 1 7 1687 65 243 97
468 1 19 1691 3 9 4
469 1 3 1696 32 279 48
470 0 1 1700 1 9 1
471 1 2 1703 1 10 1
472 1 11 1706 1 4 1
473 0 3 1711 1 6 1
474 1 1 1715 1 10 1
475 1 1 1717 18 152 27
476 1 2 1719 20 170 30
477 0 1 1722 1 10 1
478 0 4 1725 1 6 1
479 1 8 1729 104 406 156
480 1 2 1734 11428 131704 17142
481 1 1 1737 1 11 1
482 1 7 1739 105 410 157
483 1 6 1744 16 52 24
484 0 1 1748 2 17 3
485 0 3 1749 1 4 1
486 1 3 1753 345 1486 517
487 0 3 1757 86 791 129
488 1 2 1761 486 4874 729
489 0 3 1764 539 2401 808
490 0 4 1768 1 4 1
491 1 3 1772 1 3 1
492 1 1 1776 1 9 1
493 1 3 1779 1 3 1
494 0 7 1783 1 6 1
495 0 4 1787 3 10 4
496 1 2 1791 1 12 1
497 0 6 1794 6 18 9
498 1 2 1798 1 9 1
499 1 1 1801 6 48 9
500 0 3 1804 1 11 1
501 1 1 1808 33 288 49
502 0 25 1811 45 163 67
503 0 4 1816 524 2329 786
504 0 3 1820 575 5813 862
505 0 2 1824 2 17 3
506 0 5 1827 78 297 117
507 1 10 1831 2 6 3
508 1 15 1836 1 4 1
509 0 3 1841 1 11 1
510 1 3 1845 25 215 37
511 0 2 1849 74 676 111
512 0 6 1852 1 4 1
513 1 1 1856 3306 36160 4959
514 0 26 1858 1 5 1
515 1 2 1863 251 2438 376
516 1 4 1866 1 4 1
517 0 1 1870 670 6822 1005
518 0 6 1872 1 4 1
519 1 11 1876 44 159 66
520 1 1 1881 1 9 1
521 1 3 1882 1 4 1
522 1 2 1886 341 3363 511
523 0 26 1889 2 7 3
524 0 1 1894 12 99 18
525 0 8 1896 1 3 1
526 1 2 1901 564 5697 846
527 1 6 1904 237464 1536831 356196
528 1 4 1908 17 56 25
529 1 2 1912 25 215 37
530 1 17 1915 40 143 60
531 0 15 1920 1 3 1
532 1 4 1925 1 4 1
533 0 1 1929 645 6556 967
534 1 6 1932 2 6 3
535 1 2 1936 7 56 10
536 0 1 1939 12 98 18
537 1 4 1942 635 2863 952
538 1 4 1946 2 7 3
539 0 3 1950 380 1649 570
540 0 2 1954 2 17 3
541 1 17 1957 465 2048 697
542 0 2 1962 1 11 1
543 0 1 1965 275 2684 412
544 1 4 1967 1 4 1
545 1 75 1971 1 4 1
546 0 16 1977 7 21 10
547 1 3 1982 141 565 211
548 1 5 1986 1 3 1
549 1 2 1990 1 10 1
550 0 1 1993 9 72 13
551 0 1 1996 8 64 12
552 1 1 1999 1 9 1
553 1 2 2002 1 9 1
554 0 7 2005 431 1888 646
555 1 1 2009 19 161 28
556 1 10 2012 7 21 10
557 0 5 2017 90 347 135
558 0 5 2021 15182 84431 22773
559 1 8 2025 4 13 6
560 0 1 2030 18 152 27
561 0 2 2032 66 599 99
562 0 1 2035 5 41 7
563 1 2 2037 1 10 1
564 1 1 2040 3445 37748 5167
565 0 3 2043 87 334 130
566 0 3 2047 95 368 142
567 0 8 2051 1 3 1
568 1 1 2056 1 8 1
569 0 1 2058 182 1741 273
570 0 3 2060 84 322 126
571 1 3 2064 92 355 138
572 0 14 2068 1 3 1
573 1 1 2073 315 3094 472
574 1 1 2075 1 9 1
575 1 2 2077 1 9 1
576 1 1 2080 2 17 3
577 1 2 2082 119 1114 178
578 0 2 2085 1 9 1
579 1 2 2088 729 7452 1093
580 0 1 2091 2 17 3
581 0 4 2093 1580 7603 2370
582 0 1 2097 1 9 1
583 0 1 2099 23729 281669 35593
584 1 1 2101 56989 700093 85483
585 1 5 2103 1 3 1
586 1 1 2107 2 17 3
587 0 8 2109 839 3861 1258
588 1 7 2114 928 4301 1392
589 1 1 2118 96 889 144
590 1 5 2121 2 6 3
591 0 1 2125 1 9 1
592 0 4 2127 101 393 151
593 0 5 2131 15 48 22
594 1 3 2135 25 85 37
595 1 3 2139 81 309 121
596 1 6 2143 1 4 1
597 1 3 2147 125 1173 187
598 0 2 2150 1 10 1
599 1 6 2153 1 4 1
600 1 4 2157 3 9 4
601 0 3 2161 8 64 12
602 0 2 2165 13 107 19
603 0 3 2168 4213 21641 6319
604 0 1 2172 1 9 1
605 0 2 2174 128 1203 192
606 1 3 2177 4 12 6
607 0 7 2181 157 635 235
608 1 1 2185 1 8 1
609 0 2 2188 1 9 1
610 0 2 2191 144 1361 216
611 1 2 2194 1 9 1
612 1 6 2197 2801 14009 4201
613 0 17 2201 899 4158 1348
614 1 6 2206 24656 141078 36984
615 1 40 2210 1 4 1
616 0 6 2216 5 15 7
617 1 5 2220 9 27 13
618 1 6 2224 79 301 118
619 1 6 2228 8 24 12
620 0 15 2232 1 3 1
621 0 1 2237 22 188 33
622 0 4 2240 4 13 6
623 1 20 2244 1 5 1
624 1 19 2249 1 4 1
625 0 1 2254 46 409 69
626 0 4 2255 4 13 6
627 1 3 2259 95 368 142
628 0 4 2263 173 705 259
629 0 3 2267 366 1583 549
630 0 17 2271 8 24 12
631 0 3 2276 1 4 1
632 0 5 2280 1 4 1
633 0 3 2284 73 666 109
634 1 1 2287 1 9 1
635 0 2 2289 1 10 1
636 0 2 2292 26 224 39
637 0 1 2295 1 13 1
638 1 1 2298 1 10 1
639 1 4 2301 277 1172 415
640 0 1 2305 167 1590 250
641 1 5 2307 1 3 1
642 1 3 2311 9 27 13
643 0 4 2315 1 4 1
644 1 1 2319 24 206 36
645 1 1 2321 2 17 3
646 0 2 2322 26 224 39
647 0 1 2325 115 1074 172
648 0 1 2327 3 25 4
649 1 12 2330 45 163 67
650 0 4 2335 1 4 1
651 1 2 2339 251573 3267200 377359
652 1 7 2342 3 9 4
653 1 27 2346 1758 8521 2637
654 0 4 2352 1 4 1
655 0 2 2356 1 9 1
656 0 1 2359 1 9 1
657 0 1 2361 1 10 1
658 0 16 2363 32 112 48
659 0 2 2368 21 179 31
660 1 5 2371 42 151 63
661 0 2 2375 5 40 7
662 1 8 2378 730 3326 1095
663 1 2 2383 3 25 4
664 1 1 2386 1 9 1
665 0 1 2389 7 56 10
666 1 4 2390 5 15 7
667 0 5 2394 1 3 1
668 1 1 2398 4 32 6
669 1 4 2401 1 4 1
670 0 2 2405 66526 822121 99789
671 1 13 2408 1 4 1
672 1 3 2413 1 9 1
673 0 2 2417 32 279 48
674 0 1 2420 4 33 6
675 0 1 2423 19 161 28
676 0 47 2425 23 78 34
677 1 8 2431 111 436 166
678 1 1 2436 22 188 33
679 1 7 2439 1 3 1
680 0 1 2444 2 17 3
681 0 1 2446 12 99 18
682 1 5 2447 6939 36790 10408
683 1 2 2451 595 6025 892
684 0 32 2454 1 4 1
685 1 3 2460 10 81 15
686 0 3 2464 1 11 1
687 1 1 2468 115857 1462152 173785
688 1 4 2470 1 4 1
689 1 1 2474 13 107 19
690 1 4 2477 3 10 4
691 1 1 2481 16 134 24
692 0 5 2484 10 31 15
693 0 2 2488 3 25 4
694 0 4 2491 5 15 7
695 0 4 2495 10144 55059 15216
696 0 3 2499 1 10 1
697 0 1 2503 3 25 4
698 0 4 2505 1 4 1
699 0 6 2509 11 34 16
700 0 1 2513 1 9 1
701 1 2 2515 2 17 3
702 0 78 2518 5 15 7
703 0 3 2524 1542 16309 2313
704 1 12 2527 1 4 1
705 1 1 2532 373 3694 559
706 0 16 2535 1 4 1
707 1 1 2540 1 8 1
708 1 7 2543 271 1145 406
709 1 6 2547 188 771 282
710 0 1 2551 1 8 1
711 1 2 2553 919 9495 1378
712 0 3 2556 1 5 1
713 1 1 2560 223 2154 334
714 0 2 2562 12 98 18
715 0 3 2565 1 4 1
716 1 2 2569 4 33 6
717 1 1 2572 1 11 1
718 1 1 2574 8383 95382 12574
719 0 1 2576 1 9 1
720 1 3 2579 68627 415936 102940
721 0 8 2583 1 4 1
722 0 2 2588 103 957 154
723 0 2 2591 358 3538 537
724 1 6 2594 4 12 6
725 0 1 2598 1 11 1
726 1 1 2600 9067 103501 13600
727 1 6 2603 2 7 3
728 0 4 2607 144 578 216
729 1 1 2611 14 116 21
730 0 5 2613 68 256 102
731 0 1 2617 5 41 7
732 0 19 2620 1 5 1
733 0 1 2625 8 64 12
734 0 5 2627 1 6 1
735 1 19 2631 1 3 1
736 1 1 2636 57 513 85
737 0 1 2639 170 1620 255
738 1 5 2642 136 543 204
739 1 1 2646 185 1770 277
740 1 6 2649 303 1292 454
741 1 6 2653 1 3 1
742 0 15 2657 1 3 1
743 0 43 2662 1 4 1
744 1 5 2668 6237 32848 9355
745 1 1 2672 21 179 31
746 1 4 2674 2121 10413 3181
747 0 1 2678 1 10 1
748 1 1 2681 8070 91675 12105
749 0 39 2683 39 139 58
750 0 6 2689 90 347 135
751 1 12 2693 1 4 1
752 1 3 2698 25 85 37
753 0 1 2702 45 400 67
754 1 3 2705 18 59 27
755 1 2 2709 5 41 7
756 0 1 2712 19 161 28
757 1 1 2715 19 161 28
758 0 2 2717 1 10 1
759 0 3 2720 1 3 1
760 1 3 2724 1 3 1
761 0 1 2728 608 6163 912
762 0 1 2731 15 125 22
763 0 7 2732 1 3 1
764 1 1 2737 1009 10469 1513
765 1 2 2740 1 10 1
766 0 5 2743 1 3 1
767 0 9 2747 22 74 33
768 0 1 2752 1979 21165 2968
769 1 2 2754 1 11 1
770 0 2 2757 14 116 21
771 1 1 2760 179 1710 268
772 0 6 2762 271 1145 406
773 1 2 2766 20 170 30
774 1 6 2769 1 3 1
775 1 4 2773 2 7 3
776 0 38 2777 5 15 7
777 0 2 2783 1929 20607 2893
778 0 3 2786 1 12 1
779 0 1 2790 7859 89180 11788
780 0 5 2793 1 4 1
781 1 1 2797 4 33 6
782 0 12 2800 267 1127 400
783 1 1 2805 2 17 3
784 1 3 2808 19 63 28
785 1 1 2812 1 9 1
786 1 5 2814 4 13 6
787 0 8 2818 1 5 1
788 0 2 2823 45 400 67
789 0 6 2826 1 3 1
790 1 2 2830 3361 36788 5041
791 1 2 2833 3 25 4
792 1 2 2836 6 48 9
793 1 3 2839 1 4 1
794 0 13 2843 2 6 3
795 1 2 2848 2 17 3
796 1 1 2851 2 17 3
797 1 1 2853 1 10 1
798 1 1 2855 1 10 1
799 1 3 2857 1 9 1
800 0 10 2861 1587 7639 2380
801 1 2 2866 9663 110595 14494
802 0 3 2869 1 4 1
803 1 5 2873 1 4 1
804 1 8 2877 444 1949 666
805 1 2 2882 2 17 3
806 1 4 2885 30 104 45
807 1 1 2889 185 1770 277
808 0 2 2891 1618 17150 2427
809 0 1 2894 1 9 1
810 0 18 2897 9 27 13
811 1 13 2902 1 3 1
812 1 3 2907 38 335 57
813 0 10 2911 20 67 30
814 0 5 2916 122550 766283 183825
815 0 2 2920 1 9 1
816 1 4 2923 109 427 163
817 0 5 2927 26312 151120 39468
818 0 3 2931 1 12 1
819 1 3 2935 14 45 21
820 1 5 2939 9 27 13
821 0 2 2943 1 9 1
822 0 16 2946 16 52 24
823 1 5 2951 2055 10067 3082
824 0 1 2955 59 532 88
825 0 1 2958 1 10 1
826 1 9 2960 9 27 13
827 0 11 2965 5 15 7
828 1 1 2970 1 10 1
829 0 5 2973 17 56 25
830 0 3 2977 1369 14402 2053
831 1 11 2981 3 9 4
832 0 1 2986 1 12 1
833 1 8 2989 88 339 132
834 1 2 2994 21 179 31
835 0 1 2997 39 344 58
836 0 5 2999 1 4 1
837 1 1 3003 5 40 7
838 0 1 3005 1 12 1
839 0 8 3006 56 207 84
840 0 3 3011 1035 4835 1552
841 1 2 3015 11550 133167 17325
842 1 11 3018 1 3 1
843 0 8 3023 1 4 1
844 0 3 3028 289 1227 433
845 1 1 3032 62 561 93
846 1 6 3035 1 3 1
847 1 4 3039 1 4 1
848 0 4 3043 11 34 16
849 0 5 3047 150 604 225
850 1 1 3051 73 666 109
851 1 1 3053 28 242 42
852 1 1 3056 1 9 1
853 1 3 3058 1 4 1
854 0 1 3062 135 1272 202
855 0 3 3065 4 12 6
856 0 13 3069 1 4 1
857 1 3 3074 30 261 45
858 0 1 3078 69 628 103
859 0 15 3081 4 12 6
860 1 8 3086 1 4 1
861 0 1 3091 4 33 6
862 0 3 3093 2 7 3
863 0 14 3097 7 21 10
864 0 3 3102 16 52 24
865 1 7 3106 1 4 1
866 0 2 3111 1 9 1
867 1 3 3114 1 4 1
868 0 9 3118 1 3 1
869 1 2 3123 66 599 99
870 0 1 3126 57 513 85
871 0 12 3128 1 4 1
872 0 5 3133 1 4 1
873 1 1 3137 1 10 1
874 0 2 3139 1 11 1
875 1 1 3142 2 17 3
876 0 2 3144 272405 3547998 408607
877 1 10 3147 1 6 1
878 1 17 3152 21 70 31
879 0 27 3157 1065 4985 1597
880 0 1 3163 2127 22821 3190
881 1 1 3165 83 763 124
882 0 14 3166 1 3 1
883 0 2 3171 1 13 1
884 0 2 3174 1 9 1
885 1 2 3177 1 9 1
886 0 1 3180 2 17 3
887 1 1 3181 1 8 1
888 1 11 3184 11539 63123 17308
889 1 3 3189 250 2428 375
890 1 3 3192 88436 543421 132654
891 0 2 3196 31 270 46
892 0 12 3199 1 4 1
893 1 12 3204 5303 27644 7954
894 1 8 3209 1 4 1
895 0 2 3214 59737 735182 89605
896 0 5 3217 672 3043 1008
897 1 1 3221 1 11 1
898 1 9 3223 10 31 15
899 0 1 3228 1 9 1
900 0 2 3231 210 2022 315
901 0 15 3234 1 5 1
902 1 3 3239 1 3 1
903 0 2 3243 2 17 3
904 1 8 3246 2 7 3
905 0 3 3251 160 648 240
906 1 8 3255 242 1014 363
907 1 3 3260 1 10 1
908 0 8 3264 72 272 108
909 0 4 3269 3 10 4
910 0 3 3273 199 821 298
911 0 1 3277 1496 15802 2244
912 1 5 3280 1 3 1
913 0 2 3284 1 9 1
914 1 7 3287 3 10 4
915 1 5 3292 1 4 1
916 0 2 3296 1 11 1
917 1 2 3299 55 494 82
918 1 4 3302 2 7 3
919 1 1 3306 193 1851 289
920 1 13 3309 2 6 3
921 1 11 3314 1 4 1
922 1 4 3319 1075 5035 1612
923 1 2 3323 179 1710 268
924 0 2 3326 29 251 43
925 0 10 3329 2 6 3
926 0 3 3334 264 1113 396
927 1 4 3338 98583 609318 147874
928 1 2 3342 1 9 1
929 1 3 3345 793 3634 1189
930 1 2 3349 2 17 3
931 1 3 3352 31 108 46
932 1 2 3356 908 9376 1362
933 0 1 3359 17 143 25
934 0 3 3362 52 191 78
935 0 5 3366 38 135 57
936 0 2 3370 1 9 1
937 1 3 3373 288 1223 432
938 1 1 3377 483 4843 724
939 0 2 3379 2 17 3
940 1 1 3382 390 3871 585
941 1 3 3384 1 3 1
942 1 5 3388 3 10 4
943 0 3 3392 1 9 1
944 0 4 3396 3 9 4
945 1 3 3400 160 648 240
946 0 2 3404 1 9 1
947 0 1 3407 37 325 55
948 1 2 3410 1901 20295 2851
949 1 1 3413 2 17 3
950 1 6 3416 141 565 211
951 0 33 3420 1 3 1
952 1 1 3426 1 9 1
953 1 1 3428 1 12 1
954 1 43 3431 11 34 16
955 1 4 3437 1 4 1
956 0 1 3441 5475 61191 8212
957 0 1 3443 1 10 1
958 0 19 3444 1 3 1
959 0 2 3449 1 8 1
960 1 8 3452 1 5 1
961 0 1 3457 29 251 43
962 1 1 3459 17053 199758 25579
963 1 5 3462 9 27 13
964 0 4 3466 6 18 9
965 0 6 3470 15 49 22
966 0 1 3474 1 9 1
967 0 2 3475 47 419 70
968 1 2 3478 10 81 15
969 0 3 3481 45 400 67
970 0 2 3485 1 10 1
971 0 4 3488 82 314 123
972 0 2 3492 3 25 4
973 1 2 3495 1 11 1
974 1 2 3498 1278 13403 1917
975 0 6 3501 610 2742 915
976 1 17 3505 250 1050 375
977 0 1 3510 2 17 3
978 0 2 3512 1 8 1
979 0 1 3515 711 7259 1066
980 0 1 3517 1 9 1
981 0 5 3519 15095 83919 22642
982 0 1 3523 3323 36354 4984
983 0 1 3526 1 10 1
984 1 5 3529 1 3 1
985 1 4 3533 1 4 1
986 0 4 3537 2 6 3
987 0 1 3541 1 9 1
988 0 2 3544 2 17 3
989 1 13 3547 5 15 7
990 0 1 3552 39 344 58
991 0 12 3555 43 155 64
992 1 2 3560 31 270 46
993 0 4 3563 1 4 1
994 0 10 3567 112 440 168
995 1 2 3572 39 344 58
996 1 1 3575 8 64 12
997 1 15 3576 4 12 6
998 1 1 3581 34 297 51
999 1 5 3582 30037 173831 45055
1000 1 14 3586 1 4 1
1001 0 1 3591 1 11 1
1002 1 2 3593 1 12 1
1003 0 4 3596 1 4 1
1004 0 6 3600 2 7 3
1005 0 39 3604 13 41 19
1006 0 2 3610 1 10 1
