0 1 1 5 169 1610 253
1 1 3 14 5 15 7
2 0 2 29 72 656 108
3 1 7 41 1 4 1
4 1 1 59 347 3425 520
5 1 2 69 21 179 31
6 0 4 82 1 4 1
7 1 2 97 5373 60003 8059
8 1 7 109 1 4 1
9 1 4 127 1 3 1
10 1 2 143 2348 25302 3522
11 1 4 156 1 4 1
12 0 2 172 10 81 15
13 0 1 185 24 206 36
14 1 8 192 1 3 1
15 1 5 210 1 3 1
16 0 2 227 85 782 127
17 1 5 240 1 4 1
18 0 3 257 1 4 1
19 1 4 272 1 5 1
20 1 28 288 2 6 3
21 0 3 310 7 21 10
22 0 5 325 1 5 1
23 0 3 341 17 143 25
24 1 3 355 29 252 43
25 1 2 369 30390 364294 45585
26 1 3 382 5 15 7
27 1 1 397 590 5972 885
28 0 1 407 193 1851 289
29 0 3 416 5 15 7
30 0 1 431 3 25 4
31 0 1 439 1 8 1
32 1 5 448 2 6 3
33 0 11 465 1 3 1
34 0 5 484 1 5 1
35 1 9 501 2711 13530 4066
36 0 3 520 1 3 1
37 1 2 535 1 10 1
38 0 4 549 1 3 1
39 1 5 565 1 4 1
40 0 4 582 4 12 6
41 1 6 598 5 15 7
42 0 9 615 59 219 88
43 1 6 634 17400 97552 26100
44 0 2 652 1 9 1
45 1 2 666 31 270 46
46 1 8 678 209 865 313
47 1 2 696 1 8 1
48 1 1 709 1 11 1
49 0 5 719 388 1686 582
50 1 4 735 1 6 1
51 0 2 751 338 3332 507
52 0 4 764 1 3 1
53 0 3 779 1 12 1
54 1 3 793 6 18 9
55 1 4 808 206 852 309
56 1 3 824 805 3693 1207
57 0 1 839 10 81 15
58 0 1 848 14 116 21
59 0 3 858 4160 45953 6240
60 1 3 872 24 206 36
61 1 1 886 1 10 1
62 1 2 897 3 25 4
63 1 7 911 48 175 72
64 0 32 929 1221 5771 1831
65 1 2 951 5 40 7
66 0 4 963 1 5 1
67 0 1 979 459 4591 688
68 0 1 987 2 17 3
69 0 1 997 1 11 1
70 0 1 1002 363 3591 544
71 1 2 1005 448 4476 672
72 0 1 1018 929 9603 1393
73 1 3 1028 2 7 3
74 1 4 1043 3 10 4
75 0 2 1059 1 9 1
76 0 2 1072 1 9 1
77 0 1 1085 404 4016 606
78 0 1 1091 2 17 3
79 1 6 1098 85 326 127
80 0 3 1115 1 3 1
81 0 5 1130 3267 16506 4900
82 0 2 1146 3 25 4
83 1 2 1158 10 81 15
84 0 1 1170 52 466 78
85 0 8 1175 552 2463 828
86 0 2 1193 3095 33756 4642
87 1 18 1205 1 7 1
88 1 1 1226 2 17 3
89 0 4 1237 60 223 90
90 1 4 1253 12 38 18
91 0 10 1269 1298 6161 1947
92 0 5 1288 1 4 1
93 1 2 1305 2 17 3
94 1 5 1317 3 10 4
95 1 1 1334 200024 2576034 300036
96 1 4 1344 11 34 16
97 0 2 1360 1 10 1
98 0 21 1372 8 24 12
99 0 1 1393 119 1114 178
100 0 17 1403 1 4 1
101 1 2 1424 51 457 76
102 1 2 1437 123 1153 184
103 1 1 1450 51514 630373 77271
104 0 3 1461 884 9117 1326
105 1 3 1475 1 4 1
106 1 5 1490 1 4 1
107 0 1 1507 939 9711 1408
108 0 3 1517 83 762 124
109 1 1 1531 1 9 1
110 0 8 1541 1 5 1
111 0 4 1560 1 5 1
112 0 3 1576 41 147 61
113 0 2 1591 8 64 12
114 1 3 1604 123 1153 184
115 0 8 1618 69 260 103
116 1 11 1636 1 4 1
117 1 11 1656 4 12 6
118 1 3 1675 1 9 1
119 0 1 1689 1 9 1
120 1 7 1697 1 3 1
121 1 2 1715 8 64 12
122 1 2 1728 27 233 40
123 1 19 1741 1 4 1
124 1 3 1762 1 9 1
125 0 2 1776 489 4906 733
126 0 2 1789 25311 301221 37966
127 0 4 1801 9 27 13
128 0 4 1817 14 45 21
129 0 2 1833 418 4162 627
130 1 19 1846 1 3 1
131 0 13 1867 21 70 31
132 0 1 1887 1 9 1
133 0 6 1898 10 31 15
134 1 3 1915 1 4 1
135 0 3 1930 8756 47099 13134
136 1 1 1945 1 9 1
137 0 3 1952 245 2378 367
138 1 1 1966 2 17 3
139 0 2 1977 1 10 1
140 1 8 1989 1 4 1
141 0 3 2007 871 4019 1306
142 1 7 2022 1 5 1
143 1 5 2040 41 147 61
144 1 5 2057 24319 139039 36478
145 0 1 2074 2 17 3
146 0 17 2081 155 626 232
147 1 3 2102 5 40 7
148 0 2 2116 1 11 1
149 1 6 2130 2007 9816 3010
150 1 11 2148 1 5 1
151 0 1 2167 2616 28324 3924
152 1 1 2175 120 1124 180
153 1 1 2186 1 9 1
154 1 5 2192 1 4 1
155 1 1 2208 3 25 4
156 1 1 2219 1 12 1
157 1 1 2227 1 9 1
158 0 2 2238 1 9 1
159 1 3 2250 2 17 3
160 0 2 2264 2 17 3
161 0 1 2278 4 33 6
162 0 78 2288 2258 11132 3387
163 1 2 2313 10 81 15
164 1 11 2326 86 330 129
165 0 2 2345 244 2367 366
166 1 10 2358 60 223 90
167 1 3 2377 18537 217874 27805
168 1 3 2391 1 4 1
169 0 2 2406 1 12 1
170 0 5 2419 2 6 3
171 0 1 2436 4 33 6
172 1 3 2447 6 18 9
173 1 6 2462 7 21 10
174 0 4 2480 343 1476 514
175 1 2 2496 7 56 10
176 1 5 2508 15 48 22
177 0 2 2525 540 5443 810
178 0 1 2539 5608 62741 8412
179 0 4 2544 1 4 1
180 0 2 2560 421 4194 631
181 0 3 2572 32 112 48
182 0 1 2587 22 188 33
183 0 3 2595 444 1949 666
184 0 4 2610 3 9 4
185 0 2 2626 144 1361 216
186 1 4 2639 4 12 6
187 1 2 2655 15 125 22
188 0 1 2668 16 134 24
189 0 6 2679 56934 341546 85401
190 1 7 2696 369 1597 553
191 0 3 2714 1 3 1
192 0 15 2729 1 4 1
193 1 5 2749 1 4 1
194 1 4 2766 7 21 10
195 1 3 2782 9 27 13
196 0 8 2797 1553 7464 2329
197 1 4 2816 1 4 1
198 1 12 2832 3 10 4
199 1 5 2852 2 6 3
200 0 1 2869 1 9 1
201 1 3 2880 2 17 3
202 1 2 2894 39 344 58
203 1 1 2906 1 10 1
204 1 2 2917 332 3270 498
205 0 2 2931 3333 36468 4999
206 1 3 2943 190 780 285
207 0 4 2958 103 402 154
208 1 14 2974 25997 149207 38995
209 1 5 2994 1 3 1
210 0 28 3010 512 2272 768
211 1 4 3032 3 10 4
212 0 1 3048 1 9 1
213 1 3 3057 1 9 1
214 1 2 3071 1 10 1
215 1 1 3085 4 33 6
216 1 2 3095 1 9 1
217 0 4 3108 1 3 1
218 1 1 3123 16292 190492 24438
219 0 2 3133 1 10 1
220 0 1 3146 6 48 9
221 1 28 3153 10 31 15
222 0 1 3175 13 107 19
223 1 1 3182 9 72 13
224 0 2 3191 203 1952 304
225 1 1 3204 1 9 1
226 1 4 3214 1 6 1
227 1 1 3230 403 4006 604
228 1 7 3239 52617 314274 78925
229 0 1 3257 7117 80426 10675
230 0 1 3267 1 11 1
231 0 1 3274 1 10 1
232 0 3 3282 1 10 1
233 0 2 3296 86665 1081839 129997
234 0 1 3309 40 353 60
235 1 4 3320 12 38 18
236 1 5 3336 1 5 1
237 0 6 3353 15 48 22
238 1 4 3370 120070 749963 180105
239 0 1 3386 1 10 1
240 0 2 3393 1 11 1
241 1 4 3405 1 5 1
242 1 6 3421 1 4 1
243 0 8 3439 1 3 1
244 1 8 3458 4 13 6
245 1 5 3476 1 5 1
246 0 2 3493 1 9 1
247 0 6 3507 109 428 163
248 1 2 3524 159602 2038411 239403
249 1 2 3537 9 73 13
250 1 1 3549 1 14 1
251 0 7 3557 98 381 147
252 1 1 3575 1 10 1
253 0 2 3586 34 298 51
254 0 2 3598 3 25 4
255 1 3 3611 2 6 3
