0 0 7 5 1 4 1
1 1 2 22 84 772 126
2 1 6 36 1 4 1
3 0 3 52 2 7 3
4 0 3 68 1 6 1
5 1 3 83 8 64 12
6 0 2 98 29 251 43
7 0 1 113 2090 22406 3135
8 0 1 126 32 279 48
9 0 2 137 14 116 21
10 1 1 151 10 81 15
11 1 3 159 7 21 10
12 1 4 174 5 15 7
13 1 15 190 3 10 4
14 1 1 208 39 344 58
15 0 7 221 1 3 1
16 1 7 238 1 3 1
17 1 6 255 1 3 1
18 1 1 271 1 10 1
19 0 1 283 11 90 16
20 1 6 295 9 27 13
21 1 3 312 59 532 88
22 0 2 327 2 17 3
23 1 1 342 14978 174533 22467
24 0 3 353 43 155 64
25 1 2 368 32489 390481 48733
26 0 3 382 19 161 28
27 1 2 397 252 2449 378
28 1 2 411 1 9 1
29 0 1 425 1 11 1
30 0 21 437 1 4 1
31 1 1 455 1 9 1
32 0 3 468 1 4 1
33 0 4 483 1 5 1
34 0 5 499 2 7 3
35 0 4 515 1 4 1
36 1 4 531 5 15 7
37 0 4 547 1 6 1
38 1 3 563 1 3 1
39 0 6 578 1 7 1
40 0 1 595 1 10 1
41 0 12 607 4 12 6
42 1 3 625 1517 7279 2275
43 1 3 640 1 5 1
44 1 3 656 264 1113 396
45 1 3 671 160 648 240
46 1 7 686 6 18 9
47 0 3 703 1 5 1
48 0 2 718 1 9 1
49 0 3 733 63 235 94
50 1 1 749 97 898 145
51 0 2 762 1 9 1
52 1 3 776 17 56 25
53 1 6 791 1 5 1
54 1 7 808 1 5 1
55 1 2 825 236 2286 354
56 1 54 839 1 3 1
57 1 8 858 1 4 1
58 1 1 875 5 41 7
59 1 6 888 1 5 1
60 0 3 905 44 391 66
61 0 4 920 372 1611 558
62 1 4 936 7 21 10
63 1 2 952 6 48 9
64 0 5 967 7 21 10
65 0 6 983 7175 38121 10762
66 0 3 1000 4976 25835 7464
67 0 6 1015 811 3723 1216
68 0 2 1031 10 81 15
69 0 1 1045 1 10 1
70 0 3 1058 1 4 1
71 1 89 1073 1666 8046 2499
72 0 3 1093 3 9 4
73 0 2 1108 683 6961 1024
74 0 2 1122 140 1321 210
75 0 2 1136 2 17 3
76 0 3 1150 2 17 3
77 1 6 1165 1191 5619 1786
78 0 1 1182 61 552 91
79 1 1 1192 5 40 7
80 1 4 1202 33155 192960 49732
81 1 2 1218 64 580 96
82 0 3 1232 1958 9561 2937
83 1 1 1247 1 9 1
84 0 1 1260 227 2195 340
85 0 4 1272 58 215 87
86 0 7 1288 1 5 1
87 0 12 1305 2 6 3
88 0 3 1323 1 4 1
89 0 1 1338 5 41 7
90 0 1 1351 8 64 12
91 0 3 1362 2354 11638 3531
92 0 2 1377 1 9 1
93 0 3 1391 7 56 10
94 0 2 1406 1 11 1
95 0 4 1420 1 5 1
96 1 1 1436 112 1045 168
97 1 2 1449 22 188 33
98 0 5 1463 293 1246 439
99 0 3 1479 670623 4570702 1005934
100 1 7 1494 2 7 3
101 0 3 1511 4 12 6
102 1 3 1526 1 9 1
103 1 1 1541 127 1193 190
104 0 17 1554 1 6 1
105 1 3 1572 3 10 4
106 0 3 1587 6 18 9
107 0 3 1602 14 45 21
108 0 1 1617 2 17 3
109 1 2 1629 2 17 3
110 1 8 1643 1 3 1
111 0 1 1660 138 1301 207
112 0 3 1672 5046 56202 7569
113 1 2 1687 1 10 1
114 0 13 1702 2115 10381 3172
115 1 4 1720 3 9 4
116 1 6 1736 8 24 12
117 1 2 1753 34 298 51
118 0 4 1766 3 9 4
119 0 3 1782 4383 22572 6574
120 1 4 1797 4 12 6
121 1 1 1813 40 353 60
122 0 8 1823 2 7 3
123 1 6 1840 1168 5503 1752
124 0 5 1857 28 97 42
125 0 1 1873 1 10 1
126 1 2 1886 1 10 1
127 0 4 1900 612 2752 918
128 0 1 1916 2 17 3
129 1 3 1929 493 2182 739
130 0 3 1944 5 40 7
131 0 1 1959 1 10 1
132 0 3 1969 434 1902 651
133 1 1 1984 4 32 6
134 0 4 1997 2264 11164 3396
135 1 1 2013 225 2174 337
136 1 1 2024 1 10 1
137 0 1 2037 32 279 48
138 1 2 2049 502 5043 753
139 0 168 2063 2 6 3
140 0 4 2083 2 6 3
141 0 1 2099 1 9 1
142 0 2 2112 1 9 1
143 0 6 2127 44 159 66
144 0 5 2144 13 41 19
145 1 2 2160 264 2571 396
146 1 4 2174 1 4 1
147 0 1 2190 19 161 28
148 1 3 2203 1 4 1
149 0 8 2218 159 644 238
150 1 1 2235 1 13 1
151 0 3 2247 7 21 10
152 1 2 2262 1 11 1
153 1 2 2276 29 252 43
154 0 2 2290 9 73 13
155 1 1 2304 7 56 10
156 1 7 2311 1 3 1
157 0 2 2328 150 1420 225
158 1 1 2342 1 11 1
159 0 4 2355 1 5 1
160 0 4 2371 23 78 34
161 1 10 2387 1 4 1
162 1 8 2404 1 4 1
163 0 2 2421 1 9 1
164 0 2 2434 4175 46126 6262
165 1 1 2449 22 188 33
166 1 6 2461 1 4 1
167 0 1 2478 11 90 16
168 1 6 2489 1 4 1
169 0 2 2506 1 9 1
170 0 6 2521 16809 94046 25213
171 1 2 2537 17 143 25
172 0 3 2551 9 27 13
173 1 3 2567 758 7762 1137
174 0 14 2582 26 89 39
175 1 11 2600 1 4 1
176 0 1 2617 306 3002 459
177 1 1 2629 1 8 1
178 1 6 2642 17 56 25
179 0 2 2658 68 618 102
180 1 1 2673 15 125 22
181 0 3 2680 1 9 1
182 0 9 2695 30 104 45
183 0 10 2712 1 3 1
184 1 6 2729 3356 16986 5034
185 1 1 2745 18 152 27
186 1 3 2758 1 3 1
187 1 3 2774 1 4 1
188 1 2 2789 555 5601 832
189 0 7 2804 1 3 1
190 0 5 2821 105 410 157
191 0 5 2837 1 4 1
192 1 1 2853 38 335 57
193 0 2 2866 2 17 3
194 1 10 2881 3 10 4
195 0 2 2898 415 4131 622
196 0 6 2913 1 4 1
197 0 5 2930 2 7 3
198 0 2 2946 1 9 1
199 1 3 2960 1 11 1
200 0 3 2975 1 9 1
201 0 1 2990 584 5908 876
202 0 2 3003 43 381 64
203 0 9 3017 6 18 9
204 1 1 3034 1 10 1
205 1 4 3047 2 7 3
206 1 2 3063 2 17 3
207 0 1 3077 3 25 4
208 0 2 3089 1 9 1
209 1 13 3103 6 18 9
210 0 1 3121 287 2807 430
211 0 1 3133 1 10 1
212 0 2 3146 1 9 1
213 0 9 3160 741 3379 1111
214 0 6 3177 2 6 3
215 0 11 3194 596 2675 894
216 1 1 3211 29637 354916 44455
217 0 3 3224 3970 43767 5955
218 1 4 3239 5 15 7
219 1 5 3255 3663 18646 5494
220 0 1 3271 1 9 1
221 1 4 3284 34 120 51
222 1 2 3300 1 9 1
223 0 6 3314 44 159 66
224 1 1 3331 1036 10762 1554
225 1 6 3343 1 4 1
226 1 3 3360 1 5 1
227 0 1 3376 4 33 6
228 0 8 3388 35682 208535 53523
229 1 4 3405 1 5 1
230 0 3 3421 1 4 1
231 0 4 3436 107 419 160
232 0 4 3452 292 1241 438
233 0 1 3468 153 1450 229
234 1 2 3481 10 81 15
235 1 30 3495 1 4 1
236 0 1 3514 1051 10925 1576
237 1 3 3524 40 143 60
238 0 7 3539 2 7 3
239 1 4 3556 1 3 1
240 0 13 3572 3 9 4
241 0 4 3590 4 12 6
242 1 10 3606 21 70 31
