0 0 18 5 106 414 159
1 1 13 23 55 203 82
2 0 1 41 261 2540 391
3 0 2 54 20 170 30
4 1 1 68 6 48 9
5 1 2 80 13 108 19
6 1 3 94 261287 3398039 391930
7 1 1 110 2 17 3
8 1 2 119 1 9 1
9 1 3 134 18396 216150 27594
10 1 3 149 4 33 6
11 1 2 164 1 9 1
12 0 3 178 594 6014 891
13 1 13 194 22952 130784 34428
14 1 2 212 7 56 10
15 0 2 227 21815 258082 32722
16 1 23 241 24 81 36
17 1 1 259 58911 724629 88366
18 0 3 271 1 10 1
19 0 2 286 133 1252 199
20 0 3 300 27 233 40
21 1 2 315 1 9 1
22 1 5 329 22 188 33
23 1 2 345 48 428 72
24 0 2 359 1 10 1
25 0 9 373 390 1695 585
26 0 2 390 12 99 18
27 1 1 404 48811 596052 73216
28 1 5 416 1 12 1
29 1 2 432 2 17 3
30 1 3 446 4 33 6
31 1 2 461 1 10 1
32 0 1 475 2 17 3
33 0 7 487 23879 136379 35818
34 1 4 504 4 33 6
35 0 3 520 3 25 4
36 0 3 535 123 1153 184
37 0 8 550 19 63 28
38 1 1 567 5063 56399 7594
39 0 1 580 48 428 72
40 1 3 591 1 9 1
41 0 2 606 370248 4876121 555372
42 1 5 620 1 10 1
43 0 13 636 1 3 1
44 0 1 654 3 25 4
45 0 2 666 84 772 126
46 1 2 680 1 9 1
47 0 2 694 222 2144 333
48 1 13 709 25 85 37
49 1 9 727 4 12 6
50 0 3 744 6 48 9
51 1 2 759 61 551 91
52 1 6 774 1 9 1
53 0 4 791 6 48 9
54 1 4 807 16 134 24
55 1 1 823 1 11 1
56 0 2 835 51 456 76
57 1 23 849 2 6 3
58 1 5 867 29 252 43
59 0 1 883 1 10 1
60 1 1 896 714 7291 1071
61 0 5 907 1 11 1
62 1 3 923 140 1321 210
63 1 1 938 309 3033 463
64 1 14 949 25 85 37
65 1 3 967 1 9 1
66 0 1 982 1 9 1
67 0 27 995 2 7 3
68 0 3 1014 42 372 63
69 0 4 1029 18 152 27
70 0 1 1045 3024 32948 4536
71 1 5 1057 1 11 1
72 0 2 1073 446 4455 669
73 1 6 1088 4 12 6
74 0 6 1105 14 45 21
75 0 1 1122 12 99 18
76 1 2 1134 8 64 12
77 0 4 1148 1 9 1
78 1 2 1164 4 33 6
79 1 1 1178 1 9 1
80 0 2 1191 17610 206551 26415
81 1 9 1205 1 4 1
82 1 9 1222 26555 152596 39832
83 1 5 1239 175 1670 262
84 0 1 1255 25 215 37
85 1 2 1267 1 11 1
86 0 2 1281 3 25 4
87 1 3 1296 1 8 1
88 1 1 1312 71 647 106
89 0 3 1324 113 1055 169
90 1 1 1339 1 8 1
91 1 1 1351 30215 362114 45322
92 1 3 1364 1 10 1
93 0 12 1379 1 4 1
94 1 4 1397 1 9 1
95 1 13 1413 3 10 4
96 0 2 1431 1 10 1
97 1 3 1445 123 1153 184
98 0 28 1460 24 81 36
99 0 1 1479 1 8 1
100 0 2 1492 1 9 1
101 1 2 1506 24 206 36
102 1 3 1521 47 419 70
103 1 5 1536 2 17 3
104 0 1 1552 1 9 1
105 0 4 1561 4 32 6
106 0 5 1577 672 6843 1008
107 0 11 1593 1 5 1
108 0 1 1611 1 9 1
109 0 1 1624 2 17 3
110 1 3 1637 285 2786 427
111 1 2 1652 1 9 1
112 1 4 1666 1 9 1
113 1 4 1682 72 657 108
114 0 10 1698 1 4 1
115 0 4 1715 6 48 9
116 0 5 1731 5 41 7
117 0 2 1747 80 733 120
118 1 2 1761 1 12 1
119 0 9 1775 4315 22199 6472
120 1 9 1792 1 3 1
121 1 2 1809 1 12 1
122 0 1 1823 1218 12746 1827
123 0 6 1836 7215 81580 10822
124 0 13 1853 137 548 205
125 0 3 1871 1 9 1
126 1 2 1886 1 9 1
127 1 4 1900 62 561 93
128 0 10 1916 1 4 1
129 0 4 1933 40 353 60
130 0 1 1949 39 344 58
131 1 5 1962 9 73 13
132 1 5 1978 167 1590 250
133 1 1 1994 490 4916 735
134 0 7 2004 419 1832 628
135 0 1 2021 2 17 3
136 1 10 2034 131 522 196
137 1 3 2051 1 10 1
138 0 3 2066 3 25 4
139 1 1 2081 1 9 1
140 1 5 2092 1 12 1
141 0 1 2108 94698 1186085 142047
142 0 1 2119 51 457 76
143 1 2 2128 5 40 7
144 1 3 2142 13 108 19
145 1 2 2157 10 81 15
146 0 3 2172 6658 75029 9987
147 0 4 2187 68718 850264 103077
148 0 1 2203 3865 42560 5797
149 1 14 2216 1 3 1
150 1 2 2234 16317 190796 24475
151 1 2 2249 177 1690 265
152 1 1 2263 27 233 40
153 1 9 2271 250 1050 375
154 0 1 2288 97 899 145
155 1 7 2296 1 3 1
156 1 1 2313 1440 15184 2160
157 0 5 2326 127 1193 190
158 1 6 2342 2 7 3
159 0 1 2359 96 889 144
160 1 6 2372 523 5264 784
161 0 2 2389 1 9 1
162 0 1 2404 51 457 76
163 0 2 2414 1 11 1
164 0 16 2429 2 7 3
165 0 1 2447 69 628 103
166 0 2 2459 1 8 1
167 1 1 2473 1 12 1
168 1 1 2486 5568 62275 8352
169 1 16 2497 1 3 1
170 1 1 2515 1 10 1
171 0 4 2528 1 10 1
172 1 1 2544 1 10 1
173 1 24 2557 3 9 4
174 0 2 2575 3 25 4
175 1 6 2589 4 33 6
176 1 4 2605 151 1430 226
177 1 11 2621 1 3 1
178 0 3 2639 1 9 1
179 1 3 2654 8 64 12
180 1 2 2669 33 288 49
181 0 1 2683 1 10 1
182 1 1 2692 6996 79002 10494
183 0 3 2703 169 1610 253
184 1 1 2718 17203 201587 25804
185 1 2 2729 45 400 67
186 0 2 2743 162 1540 243
187 1 2 2758 6278 70572 9417
188 0 2 2773 2 17 3
189 1 3 2787 1 8 1
190 0 9 2802 205 847 307
191 0 17 2819 1 3 1
192 1 2 2837 1 10 1
193 0 2 2851 92 850 138
194 0 2 2866 1 9 1
195 1 1 2880 22 188 33
196 0 6 2892 19706 232183 29559
197 0 1 2908 2 17 3
198 1 1 2918 1 11 1
199 0 6 2931 61 551 91
200 1 2 2948 1 10 1
201 1 2 2962 45 400 67
202 1 5 2976 1 10 1
203 1 1 2992 1 12 1
204 1 1 3004 143 1351 214
205 0 5 3017 35 307 52
206 0 2 3033 4445313 63770351 6667969
207 1 4 3048 3 25 4
208 1 6 3064 1 9 1
209 0 1 3080 1 10 1
210 0 3 3093 93 860 139
211 0 4 3108 4 32 6
212 0 2 3124 12 98 18
213 0 3 3138 11 90 16
214 0 4 3153 1 9 1
215 1 4 3169 152 1440 228
216 1 1 3185 25716 306234 38574
217 0 1 3197 1 9 1
218 1 8 3208 25617 146901 38425
219 1 3 3225 37330 451118 55995
220 0 10 3240 3 9 4
221 1 6 3257 1 9 1
222 1 25 3273 2 7 3
223 1 5 3292 1 10 1
224 0 1 3308 1 9 1
225 1 5 3321 2 17 3
226 0 15 3337 1 5 1
227 0 3 3355 1 11 1
228 0 2 3370 1 10 1
229 0 7 3384 1 3 1
230 0 2 3401 38548 466422 57822
231 0 2 3415 1 10 1
232 0 2 3430 3064 33403 4596
233 0 2 3444 38 335 57
234 1 1 3459 97 898 145
235 0 7 3471 958816 6648406 1438224
236 1 2 3488 1 9 1
237 0 2 3503 39 344 58
238 0 6 3517 1 9 1
239 1 8 3534 1 3 1
240 0 1 3551 7 56 10
241 1 5 3564 7 56 10
242 1 6 3580 10 81 15
243 1 2 3597 1 11 1
244 1 10 3611 13 41 19
