0 0 6 5 4 12 6
1 0 1 13 15 125 22
2 1 18 19 3 10 4
3 1 2 28 10 81 15
4 0 5 35 1 5 1
5 1 2 43 135 1272 202
6 1 2 50 63 570 94
7 1 2 57 10034 115020 15051
8 0 4 64 1 5 1
9 0 2 72 504 5063 756
10 1 7 79 1 3 1
11 0 1 87 41 362 61
12 1 2 94 1152 12025 1728
13 1 4 101 1 4 1
14 1 9 109 1 4 1
15 1 4 118 2 6 3
16 0 1 126 1312 13777 1968
17 1 16 132 179 732 268
18 1 16 141 1 4 1
19 0 1 150 70 637 105
20 0 2 156 28 242 42
21 0 2 163 5632 63021 8448
22 1 6 170 1 4 1
23 1 2 178 39412 477290 59118
24 1 2 185 19 161 28
25 1 2 192 1 11 1
26 0 3 199 1 3 1
27 0 2 207 68 618 102
28 0 3 214 48 428 72
29 1 6 221 1 3 1
30 0 6 229 80 305 120
31 0 1 237 1 9 1
32 1 1 244 4 33 6
33 0 13 249 201036 1289989 301554
34 0 2 258 141 1331 211
35 1 7 265 1 4 1
36 0 1 273 14 116 21
37 0 6 280 1817 8827 2725
38 1 3 288 2 6 3
39 0 2 296 2 17 3
40 1 2 303 9 73 13
41 1 6 310 37321 218669 55981
42 1 3 318 2325 25043 3487
43 0 1 325 2 17 3
44 0 6 332 16 52 24
45 0 8 340 11 34 16
46 1 1 349 2 17 3
47 0 1 355 1 10 1
48 1 3 360 2 17 3
49 0 2 368 338 3332 507
50 1 1 375 7 56 10
51 1 3 382 985 4585 1477
52 0 1 390 27 233 40
53 1 2 396 1 9 1
54 1 14 403 1 3 1
55 1 6 412 36 127 54
56 1 4 420 368 1593 552
57 1 8 428 1 3 1
58 0 4 436 9213 49712 13819
59 1 1 444 10181 116776 15271
60 0 3 450 47 171 70
61 0 1 458 683 6961 1024
62 1 2 464 1 11 1
63 0 9 471 38 135 57
64 1 8 480 147 591 220
65 0 1 488 4 32 6
66 0 1 495 53 475 79
67 0 5 502 1 3 1
68 1 2 510 1 10 1
69 1 2 517 1 9 1
70 0 2 524 2 17 3
71 1 1 531 10 81 15
72 1 5 537 563 2516 844
73 1 2 545 1 10 1
74 0 1 552 106 986 159
75 1 3 558 687 3116 1030
76 0 1 566 1 11 1
77 0 7 573 538 2396 807
78 1 5 581 3 9 4
79 0 4 589 1 3 1
80 1 19 597 4 12 6
81 0 2 606 21050 248676 31575
82 0 1 613 1 10 1
83 1 6 619 1 4 1
84 1 2 627 1 9 1
85 0 5 634 1 3 1
86 1 2 642 1 9 1
87 1 1 649 36 316 54
88 0 4 656 1 4 1
89 0 2 664 61 551 91
90 0 14 671 33 116 49
91 0 1 680 5 40 7
92 1 4 687 16 52 24
93 1 12 695 1 3 1
94 1 1 704 1 11 1
95 0 11 710 4 12 6
96 1 3 719 609 2738 913
97 0 2 727 49 438 73
98 1 1 734 1 9 1
99 1 8 740 1 4 1
100 1 4 748 20 67 30
101 0 4 756 4 12 6
102 0 54 764 3726 18988 5589
103 0 1 774 1 11 1
104 1 1 781 257 2500 385
105 1 10 787 31 108 46
106 1 6 796 1 4 1
107 1 5 804 123 487 184
108 0 8 812 40380 237645 60570
109 1 1 821 1 10 1
110 0 6 828 7 21 10
111 1 2 836 52 466 78
112 0 1 843 540 5443 810
113 1 4 848 11 34 16
114 0 1 856 2 17 3
115 0 1 862 43 381 64
116 0 2 868 5993 67237 8989
117 1 12 875 90 347 135
118 1 5 884 4 12 6
119 1 3 892 3023 15196 4534
120 0 1 900 3 25 4
121 1 2 906 17 143 25
122 1 5 913 2 7 3
123 0 5 921 1 5 1
124 1 1 929 40 353 60
125 0 16 934 1 3 1
126 0 1 943 1 9 1
127 0 5 949 305 1301 457
128 0 2 957 4898 54484 7347
129 1 4 964 1 3 1
130 1 1 972 6319 71053 9478
131 0 2 978 62 561 93
132 1 11 985 2 7 3
133 0 29 994 7 21 10
134 0 6 1003 3 10 4
135 0 2 1011 1 10 1
136 1 115 1018 346 1490 519
137 1 1 1028 1 10 1
138 1 6 1033 95 368 142
139 0 1 1041 1 9 1
140 1 2 1047 2 17 3
141 0 3 1054 38 135 57
142 1 3 1062 1 11 1
143 1 1 1070 150 1421 225
144 0 1 1075 15 125 22
145 1 3 1081 10 81 15
146 1 6 1088 1 3 1
147 0 1 1096 1 10 1
148 1 2 1102 864 8901 1296
149 1 2 1109 2 17 3
150 0 20 1116 19 63 28
151 0 2 1125 1147 11971 1720
152 1 1 1132 8 64 12
153 1 15 1138 1499 7187 2248
154 0 1 1147 2908021 41133342 4362031
155 0 5 1152 1 4 1
156 0 3 1160 18486 104011 27729
157 1 1 1168 1 9 1
158 0 8 1175 2 7 3
159 0 13 1183 172 701 258
160 0 9 1192 19 63 28
161 1 1 1201 837 8611 1255
162 1 3 1208 35 123 52
163 1 4 1216 47 171 70
164 1 1 1224 3 25 4
165 0 7 1231 1 4 1
166 0 5 1239 13 41 19
167 0 2 1247 8 64 12
168 1 2 1254 919 9495 1378
169 0 3 1261 104 406 156
170 0 21 1269 1989 9722 2983
171 1 1 1278 37 325 55
172 1 2 1284 1 9 1
173 1 2 1291 1 9 1
174 1 1 1298 1 10 1
175 1 2 1302 20 170 30
176 0 22 1309 1 3 1
177 1 3 1318 30 260 45
178 1 3 1325 196 807 294
179 1 7 1333 52 191 78
180 0 2 1341 169 1610 253
181 1 5 1348 10756 58590 16134
182 1 1 1356 795827 10768998 1193740
183 1 6 1363 3 10 4
184 0 1 1371 4 33 6
185 1 10 1377 12275 67401 18412
186 0 7 1386 2 7 3
187 0 1 1394 1305 13699 1957
188 1 5 1400 2345 11591 3517
189 1 2 1408 581 5876 871
190 0 16 1415 1 3 1
191 1 13 1424 5527 28887 8290
192 0 1 1433 1 11 1
193 0 2 1439 214 2063 321
194 1 4 1446 45 163 67
195 0 5 1454 9 27 13
196 1 1 1462 5 40 7
197 0 3 1468 1490 7140 2235
198 0 2 1476 8 64 12
199 1 1 1483 1 9 1
200 0 3 1489 1 9 1
201 0 1 1497 1 11 1
202 0 5 1503 3 9 4
203 1 1 1511 1 11 1
204 0 3 1517 277 2704 415
205 1 3 1524 4 12 6
206 1 2 1532 39 344 58
207 0 3 1539 1 6 1
208 1 4 1547 1 4 1
209 1 1 1555 1 9 1
210 0 2 1561 1 9 1
211 1 1 1568 1 11 1
212 0 1 1574 1 9 1
213 0 1 1581 1 11 1
214 0 4 1587 557 2488 835
215 0 10 1595 1 4 1
216 0 2 1604 1 10 1
217 0 32 1611 1 4 1
218 1 1 1620 2 17 3
219 1 1 1626 3045 33187 4567
220 0 1 1632 7 56 10
221 0 2 1637 2 17 3
222 1 1 1644 1 13 1
223 1 2 1651 108 1006 162
224 1 1 1658 1 11 1
225 0 2 1665 6 48 9
226 0 30 1672 1 4 1
227 0 4 1681 508 2253 762
228 1 5 1689 2 6 3
229 1 7 1697 1 5 1
230 1 7 1705 3 9 4
231 0 2 1713 1243 13020 1864
232 1 9 1720 1 3 1
233 0 2 1729 43 381 64
234 0 1 1736 7931 90031 11896
235 0 2 1742 24 206 36
236 0 2 1749 8 64 12
237 0 2 1756 1 8 1
238 0 2 1763 5502 61506 8253
239 0 3 1770 1 5 1
240 1 3 1778 30 104 45
241 0 2 1786 39657 480373 59485
242 1 3 1793 1 3 1
243 1 1 1801 3698 40644 5547
244 0 14 1808 1 5 1
245 1 1 1817 298 2920 447
246 0 2 1824 3 25 4
247 0 2 1831 3 25 4
248 1 3 1838 1 4 1
249 1 2 1846 9 72 13
250 0 5 1853 707 3213 1060
251 0 2 1861 4453 49334 6679
252 1 39 1868 64 239 96
253 0 1 1878 216 2083 324
254 0 1 1885 2 17 3
255 1 1 1891 8 64 12
256 1 1 1897 1 12 1
257 1 2 1902 1 9 1
258 0 3 1909 1 3 1
259 0 1 1917 384 3809 576
260 1 3 1923 462 4623 693
261 0 16 1930 1 5 1
262 1 3 1939 27 93 40
263 1 5 1947 3 9 4
264 0 3 1955 227 946 340
265 1 6 1963 1 3 1
266 0 1 1971 1 10 1
267 1 3 1977 94 364 141
268 0 3 1985 51 457 76
269 1 4 1992 2 6 3
270 1 5 2000 3240 16361 4860
271 1 4 2008 77 293 115
272 0 3 2016 540 2406 810
273 1 4 2024 1 4 1
274 1 5 2032 1 3 1
275 0 17 2040 2 6 3
276 0 3 2049 63 235 94
277 1 4 2057 5 15 7
278 1 1 2065 4 33 6
279 0 1 2071 28253 337702 42379
280 1 30 2077 98263 607234 147394
281 1 1 2086 935 9668 1402
282 0 1 2092 131 1232 196
283 0 4 2099 13 41 19
284 1 1 2107 1 8 1
285 1 13 2113 469 2068 703
286 1 4 2122 1 6 1
287 0 4 2130 1669 8061 2503
288 1 3 2138 1 4 1
289 1 1 2146 1 9 1
290 1 9 2153 1 4 1
291 1 24 2162 12 38 18
292 0 3 2171 179 732 268
293 0 21 2179 3746923 27672061 5620384
294 1 3 2188 6 18 9
295 1 3 2196 1 10 1
296 1 5 2203 101 393 151
297 1 3 2211 74 280 111
298 1 1 2219 9 72 13
299 0 11 2225 203 838 304
300 0 1 2234 909 9387 1363
301 0 8 2240 36 128 54
302 1 5 2249 24 82 36
303 1 2 2257 12 98 18
304 1 1 2264 1 9 1
305 1 10 2270 1 4 1
306 0 7 2279 1 4 1
307 0 1 2287 1 11 1
308 1 3 2293 1 4 1
309 1 5 2301 6 18 9
310 0 3 2309 14 45 21
311 1 1 2317 235 2276 352
312 0 17 2323 155 626 232
313 1 1 2332 1859 19827 2788
314 1 7 2338 4 12 6
315 0 1 2346 1 9 1
316 0 2 2353 1 9 1
317 1 3 2360 61 551 91
318 0 3 2367 1 9 1
319 0 20 2374 2262 11153 3393
320 0 20 2383 5 15 7
321 1 1 2392 69 628 103
322 1 1 2398 1 9 1
323 0 5 2403 31 108 46
324 0 2 2411 1044 10849 1566
325 0 3 2418 735 3350 1102
326 0 3 2426 2 17 3
327 0 2 2433 1 10 1
328 1 4 2440 1 4 1
329 0 2 2448 26 224 39
330 0 5 2455 3 10 4
331 1 2 2463 4 33 6
332 0 8 2470 23 78 34
333 1 7 2478 1396 6660 2094
334 1 9 2486 8 24 12
335 0 3 2495 49 437 73
336 1 2 2502 1 11 1
337 0 2 2509 1 11 1
338 0 2 2516 1 9 1
339 0 1 2523 10 81 15
340 0 22 2529 2944 14773 4416
341 1 3 2538 7 56 10
342 1 4 2545 2 6 3
343 1 3 2553 1 4 1
344 1 4 2561 1 3 1
345 0 1 2569 255 2479 382
346 1 9 2575 1 4 1
347 0 1 2584 1 9 1
348 1 2 2590 8146 92575 12219
349 1 4 2597 291 1237 436
350 1 1 2605 143 1351 214
351 0 5 2611 1 6 1
352 0 10 2619 15 48 22
353 0 1 2628 2 17 3
354 1 1 2633 1 11 1
355 0 5 2639 3275 16549 4912
356 0 6 2647 3 10 4
357 1 2 2655 1141 11905 1711
358 0 9 2662 1 4 1
359 1 1 2671 14 116 21
360 1 1 2677 1 9 1
361 0 6 2683 66935 405128 100402
362 0 2 2691 2 17 3
363 1 2 2698 18628 218986 27942
364 1 2 2705 1 10 1
365 0 5 2712 1 3 1
366 0 9 2720 3 9 4
367 1 5 2729 3 9 4
368 1 1 2737 4052 44710 6078
369 0 3 2742 2 6 3
370 0 1 2750 18 152 27
371 1 8 2755 379 1644 568
372 0 3 2764 12 38 18
373 0 2 2772 1 10 1
374 1 2 2779 1 9 1
375 0 3 2786 1 10 1
376 0 1 2793 6 48 9
377 1 2 2799 1 9 1
378 1 4 2806 1 5 1
379 0 1 2814 18928 222656 28392
380 0 3 2820 140 561 210
381 0 3 2828 8312 94541 12468
382 0 2 2835 3 25 4
383 0 1 2842 8 64 12
384 1 6 2847 1 3 1
385 0 4 2855 2 7 3
386 1 9 2863 7 21 10
387 0 3 2872 2 17 3
388 0 3 2879 82 753 123
389 0 3 2887 1 9 1
390 0 3 2894 1 4 1
391 1 9 2902 282 1195 423
392 1 1 2911 250 2428 375
393 1 1 2918 1 10 1
394 0 3 2925 7 56 10
395 1 1 2932 13769 159896 20653
396 1 1 2938 11 90 16
397 1 2 2944 1 10 1
398 1 1 2951 49534 605226 74301
399 0 9 2956 2246 11069 3369
400 1 1 2965 1 9 1
401 1 12 2971 3 10 4
402 1 1 2980 1 11 1
403 1 7 2986 14 45 21
404 0 1 2994 1464 15448 2196
405 1 2 3000 388 3850 582
406 1 4 3007 1 4 1
407 0 6 3015 46 167 69
408 1 4 3023 3 9 4
409 0 4 3031 2 7 3
410 0 10 3039 20 67 30
411 1 3 3048 40 143 60
412 1 2 3056 1 11 1
413 1 1 3063 57010 700361 85515
414 0 2 3069 1 10 1
415 1 2 3076 13 107 19
416 0 7 3083 14 45 21
417 1 12 3091 1 3 1
418 1 3 3100 38 135 57
419 1 10 3108 595 2670 892
420 1 7 3117 421 1841 631
421 1 1 3125 88 811 132
422 1 4 3132 319 1366 478
423 0 2 3140 112 1045 168
424 1 13 3147 340 1462 510
425 1 7 3156 19 63 28
426 1 3 3164 1 3 1
427 0 1 3172 1 10 1
428 0 1 3177 30 261 45
429 1 6 3183 1 5 1
430 0 5 3191 1006 4690 1509
431 0 1 3199 5 40 7
432 1 8 3204 1 4 1
433 0 2 3213 1 9 1
434 0 2 3220 140 1321 210
435 1 2 3227 1 9 1
436 1 1 3234 20 170 30
437 1 17 3240 1203 5680 1804
438 1 3 3249 1 4 1
439 1 7 3257 1 3 1
440 1 7 3265 205 847 307
441 1 2 3273 404955 5350371 607432
442 1 11 3280 1 4 1
443 0 5 3289 17 56 25
444 1 2 3297 8788 100186 13182
445 0 1 3304 52 466 78
446 1 3 3310 1 9 1
447 1 1 3317 609 6173 913
448 1 3 3322 111664 694775 167496
449 1 3 3330 1301 6176 1951
450 1 10 3338 3 10 4
451 1 3 3347 544 5485 816
452 0 1 3354 219 2113 328
453 1 3 3361 429 4277 643
454 0 6 3369 495 2191 742
455 0 12 3377 1 3 1
456 0 4 3386 1 3 1
457 0 9 3394 1 3 1
458 0 5 3403 43 155 64
459 0 1 3411 17472 204867 26208
460 0 50 3418 1682 8128 2523
461 1 5 3428 728 3316 1092
462 1 5 3436 3 10 4
463 0 5 3444 81 309 121
464 0 2 3452 186 1781 279
465 1 2 3459 1 9 1
466 1 3 3466 1 9 1
467 0 3 3473 2 7 3
468 1 2 3481 1 10 1
469 0 11 3488 556 2483 834
470 1 15 3497 1 4 1
471 0 1 3506 3 25 4
472 1 3 3513 185 758 277
473 1 2 3521 1 10 1
474 1 3 3528 1 6 1
475 0 1 3536 1 8 1
476 1 7 3542 525 2334 787
477 1 3 3550 25 215 37
478 0 3 3557 1 4 1
479 1 2 3565 567 5728 850
480 0 3 3572 10 31 15
481 0 2 3580 1 9 1
482 1 27 3587 1 4 1
483 0 5 3596 1 5 1
484 0 6 3604 1 5 1
485 0 4 3612 2 7 3
