0 0 6 5 1 4 1
1 0 3 22 4 12 6
2 0 2 37 150 1421 225
3 1 1 51 478 4790 717
4 1 3 64 25 215 37
5 1 2 79 1012825 13820894 1519237
6 1 2 94 324 3187 486
7 0 2 108 612 6205 918
8 1 27 122 1 5 1
9 0 1 141 9 73 13
10 1 2 153 1 10 1
11 0 13 167 1 4 1
12 1 1 185 1 10 1
13 0 5 195 1 4 1
14 1 4 211 530 2358 795
15 1 3 227 4821 53592 7231
16 0 5 242 6 18 9
17 1 4 258 193 794 289
18 1 5 274 136 543 204
19 1 5 290 29433 170138 44149
20 1 1 306 3 25 4
21 0 1 318 54 485 81
22 0 3 331 5638 29505 8457
23 1 1 346 80 734 120
24 1 2 354 23 197 34
25 0 2 368 1 11 1
26 0 3 382 82 314 123
27 1 1 397 3248 35499 4872
28 0 2 409 2 17 3
29 0 2 424 4 33 6
30 1 5 438 118282 738207 177423
31 1 1 454 1 10 1
32 0 2 466 5 40 7
33 0 2 480 2 17 3
34 0 3 495 3 25 4
35 1 4 510 1 4 1
36 0 2 526 2 17 3
37 0 2 541 1 10 1
38 0 24 555 8200 43930 12300
39 0 1 573 5 41 7
40 1 12 586 167 679 250
41 0 5 604 110 432 165
42 1 2 620 1 13 1
43 0 3 635 26 89 39
44 0 4 650 206 852 309
45 0 20 666 580 2598 870
46 1 3 684 85 326 127
47 1 7 699 4 12 6
48 1 4 716 3 10 4
49 0 7 732 1 5 1
50 1 2 749 41 363 61
51 0 3 763 1631 7865 2446
52 0 1 778 1 10 1
53 0 2 791 273 2663 409
54 1 3 805 10 31 15
55 1 3 820 199 1911 298
56 1 2 835 1 8 1
57 0 2 849 10 81 15
58 1 1 863 69 628 103
59 1 3 874 1 4 1
60 0 3 890 51102 304731 76653
61 0 6 905 415 1813 622
62 1 2 922 30 261 45
63 0 1 937 1 8 1
64 1 5 950 6 18 9
65 1 2 966 1 11 1
66 1 3 980 787 8073 1180
67 1 1 995 1214732 16680542 1822098
68 1 17 1007 8755 47093 13132
69 1 2 1025 1 8 1
70 0 2 1040 53 475 79
71 1 6 1054 39 139 58
72 1 2 1070 18 152 27
73 1 2 1084 7004 79096 10506
74 1 1 1099 1 9 1
75 0 8 1112 28526 164599 42789
76 0 3 1129 86 330 129
77 0 6 1144 18 59 27
78 1 3 1160 31 270 46
79 0 3 1175 2 17 3
80 0 5 1190 2 6 3
81 1 31 1206 139 556 208
82 0 2 1225 1 10 1
83 0 3 1239 3 9 4
84 1 2 1254 1 9 1
85 1 1 1268 320 3146 480
86 0 1 1279 10595 121724 15892
87 1 1 1292 1 11 1
88 0 12 1305 109747 682218 164620
89 0 8 1323 1664 8035 2496
90 0 18 1340 1 3 1
91 0 24 1358 96 372 144
92 0 2 1376 24 206 36
93 0 15 1390 25 85 37
94 0 3 1408 105 976 157
95 1 2 1423 68 618 102
96 0 3 1437 613 2757 919
97 0 2 1452 45 400 67
98 0 1 1466 8 64 12
99 0 2 1478 1 11 1
100 1 2 1492 10 81 15
101 1 1 1506 29 251 43
102 0 1 1517 1 9 1
103 1 8 1530 12 38 18
104 1 4 1547 1 3 1
105 1 1 1563 14 116 21
106 1 1 1575 1 9 1
107 1 1 1587 6 48 9
108 0 31 1599 20 67 30
109 0 6 1618 1 5 1
110 1 7 1635 3 10 4
111 0 3 1652 2224 10953 3336
112 1 5 1667 1 4 1
113 1 1 1683 1 13 1
114 1 2 1696 39 344 58
115 1 3 1711 2 7 3
116 1 2 1726 1701 18070 2551
117 0 3 1741 1 10 1
118 0 6 1756 10625 57833 15937
119 0 1 1772 2 17 3
120 0 1 1785 1 11 1
121 0 1 1798 47 419 70
122 0 1 1811 706 7206 1059
123 0 1 1822 3240 35408 4860
124 1 1 1834 23 197 34
125 1 1 1847 1 9 1
126 1 1 1860 2 17 3
127 1 2 1873 2261 24324 3391
128 0 3 1887 105 976 157
129 1 6 1902 1 3 1
130 1 2 1919 1 9 1
131 0 1 1933 1 11 1
132 1 13 1943 1 4 1
133 0 2 1961 1 9 1
134 1 12 1976 1 4 1
135 1 2 1994 1 10 1
136 0 11 2008 17 55 25
137 0 3 2025 1 3 1
138 1 1 2040 1 12 1
139 1 1 2053 1 12 1
140 1 3 2065 38 335 57
141 1 6 2080 6 18 9
142 0 1 2096 38037 459999 57055
143 1 6 2106 7368 39211 11052
144 1 3 2123 6370 33593 9555
145 1 1 2138 51812 634161 77718
146 1 3 2151 1166 5493 1749
147 1 3 2166 2 6 3
148 1 1 2181 205 1972 307
149 0 7 2194 27 93 40
150 0 2 2211 1 11 1
151 1 4 2225 5295 27600 7942
152 0 2 2241 5 41 7
153 1 3 2255 1 5 1
154 0 5 2270 152 613 228
155 1 2 2286 5 41 7
156 1 2 2301 1 9 1
157 1 2 2315 41 363 61
158 1 2 2329 3 25 4
159 0 10 2343 1 4 1
160 0 3 2360 1 4 1
161 1 1 2375 1 10 1
162 0 1 2388 5914 66314 8871
163 0 6 2401 14 45 21
164 1 3 2417 37 131 55
165 1 4 2432 498 2205 747
166 0 1 2448 1 10 1
167 0 11 2458 274 1159 411
168 1 6 2476 1 3 1
169 1 4 2493 99 385 148
170 1 4 2509 7 21 10
171 0 4 2525 2 7 3
172 1 17 2541 8 24 12
173 0 1 2559 1 10 1
174 1 2 2572 44 391 66
175 1 1 2585 136 1282 204
176 0 2 2593 51 456 76
177 1 12 2607 3928 20086 5892
178 0 3 2625 963 4475 1444
179 1 3 2640 20 67 30
180 0 10 2655 7 21 10
181 1 8 2672 1446 6915 2169
182 0 5 2689 1 4 1
183 1 16 2705 3246 16393 4869
184 1 1 2723 1 9 1
185 1 3 2733 376 1630 564
186 0 2 2748 6 48 9
187 1 2 2763 88 811 132
188 1 2 2778 288 2817 432
189 1 2 2793 1 11 1
190 1 1 2808 148 1400 222
191 1 3 2821 2 7 3
192 0 1 2836 1 8 1
193 1 2 2848 6 48 9
194 1 3 2862 11 34 16
195 1 2 2877 613 6216 919
196 1 9 2892 1 6 1
197 0 23 2909 1 5 1
198 1 3 2927 1 4 1
199 1 6 2942 5 15 7
200 1 1 2958 1 10 1
201 1 3 2970 53 195 79
202 1 8 2985 10 31 15
203 1 2 3002 3 25 4
204 1 4 3016 1 3 1
205 0 8 3032 2 7 3
206 0 4 3049 1 5 1
207 1 5 3065 9 27 13
208 0 2 3081 56 504 84
209 1 3 3095 1 9 1
210 1 2 3110 7096 80179 10644
211 1 1 3124 1 10 1
212 1 5 3137 3 10 4
213 0 2 3153 1 13 1
214 1 6 3167 1 3 1
215 1 1 3184 2 17 3
216 0 3 3197 1 5 1
217 1 22 3212 22 74 33
218 0 3 3230 1 12 1
219 0 9 3245 1 4 1
220 0 2 3262 1 11 1
221 0 1 3276 1 9 1
222 0 2 3289 1 10 1
223 1 2 3304 1 10 1
224 0 1 3318 289 2827 433
225 0 2 3331 4 33 6
226 1 13 3346 1 3 1
227 0 43 3364 144 578 216
228 1 13 3383 1 3 1
229 0 10 3401 1 5 1
230 0 3 3418 1 4 1
231 0 1 3433 3588 39384 5382
232 1 12 3446 7 21 10
233 0 1 3464 1 9 1
234 1 56 3477 37 131 55
235 0 1 3496 11 90 16
236 0 4 3507 7 21 10
237 0 2 3523 2887 31392 4330
238 1 5 3537 75039 457018 112558
239 1 2 3553 1 9 1
240 1 3 3567 8 24 12
241 0 1 3582 108 1006 162
242 1 2 3593 36 316 54
243 1 32 3607 29 101 43
