0 0 11 5 1 3 1
1 0 2 9 20 170 30
2 1 2 12 1158 12091 1737
3 1 4 16 1 10 1
4 1 1 20 19 161 28
5 1 5 23 5 41 7
6 0 4 27 1 10 1
7 0 4 31 1 11 1
8 1 2 35 11 90 16
9 0 1 38 16 134 24
10 0 1 41 1550 16398 2325
11 0 2 44 21 179 31
12 0 1 48 547 5517 820
13 0 1 50 1 12 1
14 0 44 53 134 535 201
15 1 5 58 4929 54844 7393
16 1 2 62 240 2326 360
17 0 4 66 1 8 1
18 1 2 70 181 1730 271
19 1 2 74 5444 60830 8166
20 1 1 77 359536 4730052 539304
21 0 4 80 3 25 4
22 1 2 84 122 1143 183
23 1 2 88 1 11 1
24 1 2 91 287 2807 430
25 0 3 95 1245 13042 1867
26 1 11 99 232 968 348
27 0 1 103 1046 10871 1569
28 0 2 106 1 11 1
29 0 5 110 1 9 1
30 0 2 114 40115 486139 60172
31 0 2 118 6 48 9
32 1 2 121 5279 58910 7918
33 0 2 125 1 10 1
34 0 4 128 6152 69097 9228
35 0 3 132 6 48 9
36 1 2 136 1 11 1
37 0 3 140 2 17 3
38 1 6 144 1 4 1
39 1 20 148 69 260 103
40 1 2 153 8 64 12
41 1 4 157 10 81 15
42 0 2 161 12 99 18
43 1 3 164 30 260 45
44 1 5 168 1 10 1
45 0 3 172 262 2551 393
46 1 7 176 3 10 4
47 1 1 180 1 10 1
48 1 6 183 2 17 3
49 0 2 187 5 41 7
50 0 2 191 786 8062 1179
51 0 1 194 22 188 33
52 0 2 197 1 8 1
53 0 1 201 433 4319 649
54 1 1 204 1 10 1
55 1 1 207 2 17 3
56 1 1 210 1746 18570 2619
57 0 7 213 1 3 1
58 0 5 217 1017 10556 1525
59 0 2 221 1 10 1
60 1 3 225 1071 11143 1606
61 1 7 229 1 3 1
62 1 17 233 45 163 67
63 0 4 238 13 107 19
64 1 1 242 2 17 3
65 1 11 245 1 3 1
66 1 1 249 21 179 31
67 1 2 252 1144414 15682665 1716621
68 0 4 256 4 33 6
69 0 1 260 4832 53719 7248
70 0 7 263 3 10 4
71 0 19 267 1 3 1
72 1 7 272 1 6 1
73 1 4 276 3 25 4
74 0 1 280 1 10 1
75 1 4 283 7 56 10
76 0 4 287 204 1962 306
77 0 1 291 3 25 4
78 0 1 293 1 10 1
79 0 1 296 13 107 19
80 1 2 299 3 25 4
81 1 4 302 1 12 1
82 0 1 306 140 1321 210
83 1 4 309 3 25 4
84 1 1 313 1 9 1
85 1 2 316 1832 19526 2748
86 0 5 320 1 9 1
87 0 9 324 1070 5010 1605
88 0 3 328 38174 461721 57261
89 1 2 332 8 64 12
90 0 3 336 33 288 49
91 0 1 340 1 13 1
92 0 5 343 13969 162314 20953
93 0 11 347 4 12 6
94 1 4 351 31 270 46
95 1 3 355 4 33 6
96 0 8 359 9 27 13
97 1 1 363 1 10 1
98 1 8 366 230 959 345
99 0 3 370 2349 25313 3523
100 1 1 374 16 134 24
101 1 4 377 41 363 61
102 1 9 381 2 7 3
103 1 2 385 1732 18414 2598
104 1 3 389 64 580 96
105 1 4 393 1 10 1
106 1 1 397 1 11 1
107 1 4 400 1 11 1
108 1 4 404 1 9 1
109 1 1 408 7 56 10
110 1 4 411 96 889 144
111 1 1 415 4063 44837 6094
112 1 1 418 1 11 1
113 1 1 421 1 11 1
114 0 2 424 17 143 25
115 1 3 428 1 11 1
116 0 6 432 33 116 49
117 0 52 436 1 3 1
118 1 3 441 1 9 1
119 0 4 445 7 56 10
120 0 8 449 1 4 1
121 0 1 453 10 81 15
122 0 2 455 5 40 7
123 0 3 458 2 17 3
124 0 1 462 17 143 25
125 1 5 465 741 7580 1111
126 0 3 469 4438 49160 6657
127 0 8 473 1 3 1
128 1 12 477 146 587 219
129 1 30 481 1 3 1
130 0 2 486 4 33 6
131 1 2 490 1621 17183 2431
132 1 2 493 1 13 1
133 1 1 496 71 647 106
134 1 1 499 21583 255228 32374
135 1 1 502 86 791 129
136 0 1 504 176 1680 264
137 1 11 506 6 18 9
138 1 1 510 1 10 1
139 1 2 512 50 447 75
140 0 4 516 3 25 4
141 0 1 520 2 17 3
142 0 2 523 2 17 3
143 0 6 527 43 381 64
144 0 3 531 665 6768 997
145 0 3 535 1 9 1
146 0 9 539 6 18 9
147 1 3 543 1 8 1
148 1 2 547 1 10 1
149 1 2 551 6 48 9
150 0 1 554 22 188 33
151 1 1 557 1 9 1
152 0 3 559 1 9 1
153 1 3 563 1 10 1
154 1 3 567 6 48 9
155 0 6 571 44 391 66
156 1 2 575 6 48 9
157 0 9 578 338 1453 507
158 1 15 582 26 89 39
159 0 3 586 1 9 1
160 1 10 590 1 4 1
161 1 3 594 3 25 4
162 0 4 598 155 1470 232
163 1 20 602 208 861 312
164 1 2 607 460 4602 690
165 0 1 611 3 25 4
166 0 2 614 1 10 1
167 1 4 617 2866 31154 4299
168 1 1 621 86 792 129
169 1 5 624 357 3528 535
170 1 3 628 1 9 1
171 0 1 632 331 3259 496
172 0 3 635 4 33 6
173 0 3 639 6142 68980 9213
174 0 1 643 51 457 76
175 1 1 646 5 40 7
176 1 2 649 1 10 1
177 1 2 653 9738 111489 14607
178 1 1 657 1 11 1
179 1 3 660 1 9 1
180 0 6 664 6 48 9
181 1 2 668 11 90 16
182 1 5 672 104 967 156
183 1 10 676 2089 10245 3133
184 0 6 680 1 9 1
185 0 1 684 45 400 67
186 0 1 687 7 56 10
187 1 4 690 114 1065 171
188 0 3 694 6 48 9
189 1 20 698 1 4 1
190 0 9 703 1 4 1
191 1 3 707 1 13 1
192 0 9 711 2 6 3
193 1 13 715 9 27 13
194 1 2 719 1 9 1
195 0 10 722 5 15 7
196 0 8 726 768 3512 1152
197 0 9 730 324 1388 486
198 1 4 734 16 134 24
199 1 7 738 1 4 1
200 1 3 742 20342 239982 30513
201 1 1 746 2 17 3
202 0 3 749 351 3466 526
203 0 1 753 4749 52758 7123
204 0 2 756 2 17 3
205 1 10 760 1 4 1
206 1 9 764 1 3 1
207 0 3 768 10 81 15
208 0 2 772 1 9 1
209 1 1 775 1 10 1
210 0 1 778 1 8 1
211 1 4 781 84 772 126
212 1 4 785 1 11 1
213 0 2 789 106 986 159
214 0 2 793 1 11 1
215 0 1 796 3 25 4
216 0 7 799 1 3 1
217 1 12 803 22 74 33
218 1 10 807 7 21 10
219 0 1 811 2509 27115 3763
220 0 5 814 1 9 1
221 0 2 818 1 9 1
222 1 3 821 192 1841 288
223 0 2 825 1 9 1
224 1 1 828 3 25 4
225 0 10 831 1 4 1
226 1 1 835 125 1173 187
227 0 3 838 10 81 15
228 1 3 842 842 8664 1263
229 1 2 846 2 17 3
230 1 2 850 1 9 1
231 0 21 853 1 4 1
232 0 4 858 3 25 4
233 0 3 862 1 8 1
234 0 4 866 545 5496 817
235 0 1 870 1 11 1
236 1 2 873 1 10 1
237 0 2 877 1 9 1
238 0 8 880 5 15 7
239 0 2 884 8 64 12
240 0 3 887 2 17 3
241 1 1 891 1531 16188 2296
242 1 3 894 1 9 1
243 0 13 898 16 52 24
244 1 3 902 1 10 1
245 1 3 906 1798 19148 2697
246 0 11 910 20 67 30
247 1 1 914 873 8998 1309
248 1 26 916 1 4 1
249 0 2 921 50 447 75
250 0 13 925 1 4 1
251 0 3 929 13 107 19
252 1 14 933 1 4 1
253 0 1 937 1 10 1
254 0 2 940 20 170 30
255 0 2 943 1 12 1
256 0 3 947 13 108 19
257 0 6 951 1 4 1
258 0 2 955 39 344 58
259 1 3 958 252743 3282950 379114
260 1 2 962 5 40 7
261 0 2 966 44 391 66
262 1 1 970 5 40 7
263 1 9 973 56 207 84
264 1 4 977 144 1361 216
265 0 8 981 4511 23274 6766
266 1 17 985 2 7 3
267 1 2 990 2 17 3
268 1 4 994 1 10 1
269 1 5 998 439 4382 658
270 1 6 1002 8 64 12
271 0 1 1006 3 25 4
272 1 4 1009 265 2581 397
273 0 2 1013 1 9 1
274 0 5 1017 3 25 4
275 0 3 1021 30 260 45
276 1 1 1025 1065 11078 1597
277 0 16 1028 1450 6936 2175
278 1 10 1032 15663 87268 23494
279 0 2 1036 125 1173 187
280 0 3 1039 6 48 9
281 1 1 1043 1 9 1
282 1 4 1046 2 17 3
283 0 7 1050 3 10 4
284 1 1 1054 39 344 58
285 1 5 1057 10 81 15
286 0 1 1061 1 10 1
287 1 1 1064 1 10 1
288 0 3 1067 100 928 150
289 1 8 1071 16 52 24
290 0 1 1075 8 64 12
291 1 9 1078 1 7 1
292 0 5 1082 1 11 1
293 1 1 1086 1 11 1
294 1 1 1089 1 9 1
295 0 2 1092 3 25 4
296 1 1 1096 1 9 1
297 0 3 1099 1 9 1
298 1 5 1103 1 9 1
299 0 6 1107 1 10 1
300 1 5 1111 2 17 3
301 1 11 1115 1 4 1
302 1 2 1119 1 9 1
303 0 4 1123 2 17 3
304 0 1 1127 1 11 1
305 0 8 1130 23 78 34
306 0 5 1134 8 64 12
307 0 5 1138 32 279 48
308 1 15 1142 1 4 1
309 0 2 1146 125 1173 187
310 0 3 1149 30 261 45
311 1 1 1153 26 224 39
312 1 12 1156 58 215 87
313 0 2 1160 4 33 6
314 0 4 1164 89 821 133
315 1 2 1168 1 12 1
316 0 2 1171 5 40 7
317 0 1 1175 130 1222 195
318 0 7 1178 12 38 18
319 1 2 1182 45 400 67
320 0 10 1186 37 131 55
321 1 2 1190 52500 642909 78750
322 1 4 1194 257 2500 385
323 1 4 1198 2 17 3
324 0 3 1202 1 11 1
325 0 4 1206 1 10 1
326 0 2 1210 1 10 1
327 1 11 1214 1 4 1
328 1 3 1218 25 215 37
329 0 2 1222 479 4801 718
330 1 3 1226 70 637 105
331 1 1 1230 2 17 3
332 1 1 1233 2 17 3
333 0 11 1235 523 2325 784
334 0 3 1239 54 485 81
335 0 1 1243 1 10 1
336 1 1 1246 1 9 1
337 1 1 1249 1 9 1
338 0 2 1252 90683 1133939 136024
339 1 2 1256 12 99 18
340 0 7 1259 692 3140 1038
341 0 7 1263 110726 688629 166089
342 1 5 1267 1 11 1
343 0 2 1271 6 48 9
344 0 2 1274 5 40 7
345 0 32 1278 1 5 1
346 1 1 1283 2 17 3
347 0 5 1286 6 48 9
348 1 5 1290 1 9 1
349 0 1 1294 106 986 159
350 1 1 1297 3 25 4
351 1 8 1299 1 4 1
352 1 2 1303 1 9 1
353 1 2 1307 1 9 1
354 1 1 1311 3 25 4
355 0 1 1314 85 782 127
356 1 2 1317 48 428 72
357 0 2 1321 1 9 1
358 0 3 1325 1 11 1
359 1 15 1329 4997 25951 7495
360 0 10 1333 1 3 1
361 0 5 1337 27 233 40
362 1 1 1341 1 10 1
363 1 2 1344 1 8 1
364 0 4 1348 1 9 1
365 1 4 1352 921 9516 1381
366 0 1 1356 1 9 1
367 1 2 1359 30 261 45
368 0 3 1363 18 152 27
369 1 3 1367 16 134 24
370 1 3 1371 1 13 1
371 1 3 1375 1 9 1
372 1 2 1379 1490 15735 2235
373 0 36 1382 3181 16044 4771
374 0 11 1387 1 4 1
375 0 4 1391 17 143 25
376 0 7 1395 1 5 1
377 0 40 1399 39 139 58
378 0 1 1404 1 9 1
379 1 1 1407 51 456 76
380 0 18 1410 1 3 1
381 0 7 1415 3 10 4
382 0 6 1419 28 242 42
383 1 6 1423 19 160 28
384 0 5 1427 21 179 31
385 0 5 1431 1 10 1
386 0 4 1435 1 10 1
387 1 9 1439 311 1328 466
388 1 8 1443 1 3 1
389 1 5 1447 8 64 12
390 0 5 1451 10 81 15
391 0 3 1455 17973 210982 26959
392 0 3 1459 1 9 1
393 1 1 1463 1 10 1
394 0 6 1465 21234 250937 31851
395 1 2 1469 1 8 1
396 0 40 1473 6 18 9
397 0 4 1478 3 25 4
398 0 1 1482 10 81 15
399 0 1 1485 47337 577366 71005
400 0 1 1488 159 1510 238
401 0 4 1491 1 13 1
402 1 7 1495 104 406 156
403 1 1 1499 1 9 1
404 0 3 1502 2 17 3
405 0 4 1506 1 8 1
406 1 3 1510 12 98 18
407 1 1 1514 5 40 7
408 1 2 1517 1 9 1
409 0 1 1521 7 56 10
410 0 3 1524 336 3311 504
411 1 2 1528 1 10 1
412 0 1 1532 3900246 55709750 5850369
413 1 4 1535 414 4121 621
414 0 1 1539 54 485 81
415 1 19 1542 1 5 1
416 1 10 1547 1 4 1
417 1 15 1551 12 38 18
418 1 4 1555 1 8 1
419 1 4 1559 3 25 4
420 1 4 1563 858 8837 1287
421 1 4 1567 17 143 25
422 0 2 1571 7 56 10
423 1 1 1575 83156 1036410 124734
424 0 5 1578 1 10 1
425 1 1 1582 921 9516 1381
426 1 13 1585 2 7 3
427 1 10 1589 2 7 3
428 1 1 1593 17 143 25
429 1 5 1596 2 17 3
430 1 14 1600 1 3 1
431 1 1 1604 11 90 16
432 0 57 1607 22 74 33
433 1 6 1612 1 10 1
434 0 1 1616 2 17 3
435 0 12 1619 2 6 3
436 0 2 1623 459 4591 688
437 1 38 1626 1 4 1
438 1 4 1631 5 41 7
439 0 1 1635 1 9 1
440 0 1 1638 1 12 1
441 0 1 1641 142 1341 213
442 1 2 1644 618 6269 927
443 1 6 1648 1 5 1
444 0 6 1652 1 9 1
445 0 6 1656 1 11 1
446 1 2 1660 99 918 148
447 0 3 1664 48021 586035 72031
448 1 18 1668 17514 98229 26271
449 0 9 1673 1 3 1
450 0 3 1677 1 12 1
451 0 2 1681 2 17 3
452 1 5 1685 308 3023 462
453 0 3 1689 3422 37485 5133
454 0 3 1693 262 2551 393
455 1 5 1697 3 25 4
456 0 23 1701 1 4 1
457 1 3 1706 5 41 7
458 1 9 1710 25 85 37
459 0 1 1714 227 2194 340
460 1 6 1717 2 17 3
461 0 1 1721 157 1490 235
462 0 3 1724 1 9 1
463 1 6 1728 64049 790362 96073
464 0 6 1732 2 17 3
465 0 5 1736 1 9 1
466 0 4 1740 2 17 3
467 1 1 1744 296 2899 444
468 0 2 1747 4394 48652 6591
469 0 7 1751 1 4 1
470 1 1 1755 2330 25099 3495
471 0 13 1758 29 101 43
472 1 3 1762 4 33 6
473 0 2 1766 13 107 19
474 1 36 1770 1 4 1
475 0 2 1775 1 11 1
476 0 10 1778 1 4 1
477 1 2 1782 1 9 1
478 1 7 1785 1 5 1
479 1 4 1789 1 10 1
480 1 4 1793 2 17 3
481 1 1 1797 1 9 1
482 1 9 1800 89 343 133
483 1 2 1804 21 179 31
484 0 2 1807 1 9 1
485 1 24 1810 3 10 4
486 0 1 1815 2 17 3
487 0 1 1818 9 73 13
488 0 3 1821 1 11 1
489 0 3 1825 25 215 37
490 0 8 1829 1 4 1
491 1 1 1833 1 10 1
492 0 2 1836 1 9 1
493 0 2 1840 3423 37496 5134
494 1 8 1844 1 4 1
495 0 2 1848 86 792 129
496 0 4 1852 1 9 1
497 1 3 1856 97427 1221575 146140
498 1 7 1860 3 10 4
499 0 2 1864 178 1700 267
500 0 11 1868 3549 18029 5323
501 1 5 1872 18 152 27
502 0 8 1876 1 4 1
503 0 1 1880 2 17 3
504 0 1 1883 6 48 9
505 0 1 1886 1 11 1
506 1 2 1889 2777 30145 4165
507 1 8 1893 1 3 1
508 1 5 1897 1 10 1
509 1 2 1901 529 5327 793
510 1 7 1905 1 4 1
511 1 12 1909 3077 15485 4615
512 1 18 1913 888 4103 1332
513 0 3 1918 2 17 3
514 0 1 1922 2 17 3
515 1 21 1925 3 9 4
516 1 2 1930 1 9 1
517 1 1 1934 86 791 129
518 0 3 1936 1 8 1
519 0 2 1940 183 1751 274
520 1 4 1943 1179 12320 1768
521 0 5 1947 1 10 1
522 1 2 1951 16 134 24
523 0 3 1955 1 9 1
524 1 3 1959 3 25 4
525 1 30 1963 1 5 1
526 0 1 1968 1 9 1
527 0 73 1971 1 3 1
528 0 10 1976 4 12 6
529 1 1 1980 291 2848 436
530 0 2 1983 821 8439 1231
531 1 22 1986 1 4 1
532 0 3 1991 13170 152663 19755
533 1 2 1995 2 17 3
534 1 3 1999 1 11 1
535 1 3 2003 4029 44445 6043
536 0 2 2007 1 11 1
537 0 6 2010 1 11 1
538 0 6 2014 1 9 1
539 0 8 2018 134 535 201
540 0 1 2022 1 10 1
541 0 6 2025 7 56 10
542 1 12 2029 18 59 27
543 1 3 2033 199 1911 298
544 0 2 2037 152 1440 228
545 1 5 2041 4 33 6
546 1 3 2045 142 1341 213
547 1 3 2049 2 17 3
548 0 2 2053 1 11 1
549 0 5 2057 13549 157238 20323
550 0 12 2061 2 7 3
551 0 2 2065 17371 203635 26056
552 1 12 2069 4 12 6
553 1 5 2073 1 9 1
554 0 1 2077 1 10 1
555 1 2 2080 3 25 4
556 0 3 2084 3 25 4
557 0 2 2088 2154 23123 3231
558 1 2 2092 2 17 3
559 0 21 2096 4 12 6
560 0 1 2101 1 10 1
561 0 7 2104 3 9 4
562 1 4 2108 28 242 42
563 1 2 2112 538 5422 807
564 0 7 2116 201 829 301
565 1 7 2120 1 3 1
566 0 2 2124 6 48 9
567 1 11 2127 1 4 1
568 1 14 2131 1 5 1
569 1 2 2135 1305 13699 1957
570 0 2 2139 7 56 10
571 1 8 2143 23 78 34
572 1 8 2147 1 4 1
573 0 7 2151 4574 23620 6861
574 1 2 2155 1 9 1
575 0 5 2159 73 666 109
576 0 3 2163 500 5021 750
577 1 13 2167 3 10 4
578 0 4 2171 7 56 10
579 0 3 2175 150 1421 225
580 1 2 2179 48 428 72
581 1 4 2183 1 11 1
582 0 3 2187 374 3705 561
583 1 5 2191 1498 15824 2247
584 0 14 2195 3 10 4
585 1 1 2199 1 10 1
586 1 3 2202 38 335 57
587 0 2 2206 1 10 1
588 1 1 2210 15 125 22
589 1 1 2213 1 9 1
590 1 2 2216 20 170 30
591 0 3 2220 1379 14513 2068
592 1 4 2224 364 3601 546
593 0 3 2228 1 12 1
594 0 1 2232 1 9 1
595 0 11 2235 3 10 4
596 0 2 2239 2 17 3
597 1 2 2243 4 33 6
598 0 1 2246 17 143 25
599 1 3 2249 1 9 1
600 0 12 2253 241 1009 361
601 1 3 2257 15 125 22
602 0 2 2261 2 17 3
603 1 1 2265 39 344 58
604 1 4 2268 3 25 4
605 0 24 2272 83 318 124
606 0 4 2277 2 17 3
607 0 1 2281 67 608 100
608 1 3 2284 2 17 3
609 0 2 2288 2 17 3
610 0 1 2292 18 152 27
611 1 1 2294 1 9 1
612 0 4 2297 1 10 1
613 1 10 2301 605 2718 907
614 0 4 2305 1 12 1
615 0 1 2309 6404 72049 9606
616 0 2 2312 15419 179883 23128
617 1 4 2315 231 2235 346
618 1 1 2319 1 10 1
619 0 2 2322 1 9 1
620 0 7 2326 1 4 1
621 0 1 2330 1 12 1
622 1 3 2333 1 8 1
623 1 4 2337 1 9 1
624 0 6 2341 351 3466 526
625 0 4 2345 192 1841 288
626 1 1 2349 1 8 1
627 1 2 2351 1 10 1
628 0 4 2354 1 10 1
629 1 4 2358 27 233 40
630 1 11 2362 8 24 12
631 0 7 2366 8 24 12
632 1 4 2370 1 10 1
633 0 10 2374 1 4 1
634 1 1 2378 1 9 1
635 0 2 2381 1 11 1
636 0 9 2385 6 18 9
637 0 4 2389 32 279 48
638 1 21 2393 118 466 177
639 1 2 2398 1 11 1
640 0 4 2402 19 161 28
641 1 3 2406 272148 3544529 408222
642 1 4 2410 175 1670 262
643 1 4 2414 528 5316 792
644 0 4 2418 28 243 42
645 0 2 2422 1 9 1
646 0 6 2425 82 753 123
647 0 2 2429 2 17 3
648 1 3 2433 3 25 4
649 0 2 2437 4 33 6
650 0 4 2441 92 850 138
651 0 1 2445 13939 161952 20908
652 1 1 2448 2 17 3
653 0 3 2451 1 8 1
654 0 9 2455 2 6 3
655 0 4 2459 4 33 6
656 1 3 2463 1 9 1
657 1 5 2467 20 170 30
658 1 1 2471 2867 31165 4300
659 1 1 2474 5 40 7
660 0 1 2477 3 25 4
661 1 3 2480 1267 13283 1900
662 1 5 2484 1 10 1
663 1 2 2488 4 33 6
664 1 1 2492 24 206 36
665 0 1 2495 1 10 1
666 0 4 2498 1 9 1
667 1 2 2502 1 9 1
668 0 12 2505 522 2320 783
669 0 1 2509 55 494 82
670 1 7 2511 36 127 54
671 1 20 2515 3 9 4
672 1 1 2520 32 279 48
673 1 3 2523 65 590 97
674 1 12 2527 86 330 129
675 0 5 2531 3 25 4
676 1 1 2535 1 9 1
677 0 1 2538 2102 22541 3153
678 1 6 2541 1 10 1
679 1 1 2545 520 5232 780
680 0 5 2548 337 3321 505
681 1 1 2552 1 10 1
682 0 2 2555 2 17 3
683 1 4 2558 1 9 1
684 0 2 2562 1 9 1
685 0 10 2566 102 397 153
686 1 3 2570 1 11 1
687 1 5 2574 1 9 1
688 1 7 2578 1 7 1
689 0 5 2582 1 9 1
690 0 1 2586 1 9 1
691 1 11 2589 573 2564 859
692 1 3 2593 1 9 1
693 1 1 2597 5 41 7
694 0 2 2600 8 64 12
695 1 4 2603 67076 829180 100614
696 0 2 2607 2 17 3
697 1 3 2610 2 17 3
698 1 3 2614 170659 2185036 255988
699 0 2 2618 265 2582 397
700 1 3 2622 29 252 43
701 0 3 2626 6 48 9
702 0 6 2630 3 25 4
703 1 2 2634 12 98 18
704 1 7 2637 1 4 1
705 0 3 2641 1 11 1
706 1 7 2645 2 7 3
707 1 9 2649 5 15 7
708 1 20 2653 84 322 126
709 0 9 2658 1 3 1
710 1 2 2662 2 17 3
711 1 1 2666 223 2154 334
712 1 7 2669 1 4 1
713 0 13 2673 601 2699 901
714 1 1 2677 3 25 4
715 1 3 2680 118 1104 177
716 0 1 2684 391 3881 586
717 1 4 2687 285745 3728210 428617
718 0 3 2691 1 9 1
719 0 2 2695 13 107 19
720 0 3 2699 1 9 1
721 0 1 2703 1 11 1
722 0 3 2705 9 72 13
723 0 2 2709 17 143 25
724 1 3 2712 2 17 3
725 0 11 2716 81 309 121
726 1 6 2720 1 9 1
727 1 3 2724 10 81 15
728 0 3 2728 1 8 1
729 0 1 2732 2 17 3
730 0 14 2735 1 4 1
731 0 4 2739 1 9 1
732 1 119 2743 1 5 1
733 1 3 2748 43 381 64
734 1 2 2752 3 25 4
735 0 26 2756 8 24 12
736 1 8 2761 3 9 4
737 0 3 2765 1 9 1
738 0 2 2769 1 10 1
739 0 1 2773 1 9 1
740 0 1 2776 1 10 1
741 1 5 2779 55 494 82
742 0 3 2783 1 9 1
743 0 12 2787 30 104 45
744 1 1 2791 1 12 1
745 0 1 2794 1 13 1
746 0 4 2797 1 10 1
747 0 2 2801 2 17 3
748 0 3 2805 9777 111954 14665
749 0 1 2809 134 1262 201
750 0 4 2811 1 10 1
751 1 2 2815 52553 643583 78829
752 0 1 2818 42 372 63
753 1 6 2820 9 73 13
754 0 1 2824 1 9 1
755 1 1 2827 1 9 1
756 1 7 2830 1 3 1
757 0 2 2834 214 2063 321
758 1 1 2837 53 475 79
759 0 3 2840 3 25 4
760 0 3 2844 2547 27544 3820
761 0 1 2848 51 456 76
762 0 3 2851 59 532 88
763 1 4 2855 2407 25966 3610
764 0 2 2859 1 9 1
765 0 2 2863 19 161 28
766 0 3 2866 640 6502 960
767 0 8 2870 32 112 48
768 0 2 2874 392 3892 588
769 0 6 2878 2 17 3
770 0 2 2882 15 125 22
771 1 9 2886 1 3 1
772 0 2 2890 1 11 1
773 0 1 2894 2661 28832 3991
774 0 4 2897 35 307 52
775 1 1 2901 372 3684 558
776 0 3 2903 11 90 16
777 1 3 2907 2 17 3
778 0 11 2911 1 4 1
779 1 4 2915 1 9 1
780 0 13 2919 2795 13977 4192
781 0 5 2923 2 17 3
782 1 2 2927 68 618 102
783 0 12 2931 5 15 7
784 1 1 2935 206 1982 309
785 1 2 2938 2268 24403 3402
786 1 7 2942 1 5 1
787 0 1 2946 1 9 1
788 0 4 2949 7 56 10
789 0 1 2953 3042 33153 4563
790 1 6 2956 1492 15757 2238
791 0 1 2960 25222867 382545952 37834300
792 0 8 2963 7 21 10
793 0 6 2967 1 9 1
794 0 1 2971 1 9 1
795 1 1 2973 1 9 1
796 1 2 2976 10 81 15
797 0 11 2980 1 4 1
798 1 4 2984 19 160 28
799 0 2 2988 849 8740 1273
800 1 3 2992 249 2418 373
801 1 2 2996 1 8 1
802 0 2 3000 781 8009 1171
803 0 2 3004 14252 165738 21378
804 0 5 3008 55 494 82
805 0 4 3012 55 494 82
806 1 3 3016 1 9 1
807 1 4 3020 706 7206 1059
808 1 6 3024 41 363 61
809 0 7 3028 466 2053 699
810 0 2 3032 8130 92386 12195
811 0 2 3035 8 64 12
812 0 1 3038 4 33 6
813 0 1 3041 5390 60201 8085
814 1 11 3044 46 167 69
815 1 1 3048 1645 17449 2467
816 1 3 3051 1 9 1
817 1 6 3055 636 6460 954
818 1 7 3059 59052 354966 88578
819 1 2 3063 52 466 78
820 1 1 3067 1 9 1
821 1 2 3070 1 11 1
822 1 4 3073 1 9 1
823 0 4 3077 5 40 7
824 1 17 3081 27 93 40
825 1 1 3086 284 2776 426
826 0 3 3089 403 4006 604
827 0 5 3093 79 724 118
828 1 3 3097 1 12 1
829 1 1 3101 283 2765 424
830 0 1 3103 3 25 4
831 0 9 3106 389 1691 583
832 0 2 3110 130 1222 195
833 1 4 3114 90 830 135
834 0 3 3118 126 1183 189
835 1 2 3122 1 11 1
836 0 2 3126 1 9 1
837 1 2 3129 1 9 1
838 0 80 3132 34 120 51
839 0 1 3137 193 1851 289
840 0 4 3140 38 335 57
841 1 1 3144 1727 18359 2590
842 0 1 3146 90 830 135
843 1 13 3149 166470 1057790 249705
844 1 2 3153 1 10 1
845 1 9 3156 1341 6380 2011
846 1 1 3160 1 12 1
847 1 5 3163 1 9 1
848 0 11 3167 1 5 1
849 1 6 3171 1 11 1
850 1 2 3175 1 9 1
851 0 2 3179 67 609 100
852 0 1 3182 509 5116 763
853 0 1 3185 20 170 30
854 0 6 3188 27 233 40
855 1 8 3192 1 4 1
856 1 15 3196 10 31 15
857 1 4 3200 1 13 1
858 0 11 3204 14 45 21
859 0 2 3208 69 627 103
860 0 1 3211 3 25 4
861 1 3 3214 85304 1064211 127956
862 1 3 3218 1 10 1
863 0 1 3222 7118 80438 10677
864 0 8 3225 87 334 130
865 0 3 3229 1188 12419 1782
866 0 2 3233 1 10 1
867 0 7 3237 1 5 1
868 1 7 3241 1 5 1
869 1 5 3245 1522 16088 2283
870 0 1 3249 27844 332622 41766
871 1 2 3252 19 161 28
872 1 1 3256 5 41 7
873 1 5 3259 6 48 9
874 0 1 3263 1 10 1
875 0 1 3266 59 532 88
876 0 2 3269 6 48 9
877 1 1 3272 291 2848 436
878 1 1 3275 1 12 1
879 1 4 3278 1 11 1
880 1 4 3282 359 3549 538
881 0 2 3286 15 125 22
882 1 5 3289 1 9 1
883 1 2 3293 1 10 1
884 1 23 3296 4 12 6
885 0 4 3301 4 33 6
886 0 2 3305 11 90 16
887 0 5 3309 3 25 4
888 0 8 3313 51 187 76
889 1 1 3317 2 17 3
890 0 1 3320 4 33 6
891 1 9 3323 249 1045 373
892 1 1 3327 1 10 1
893 0 1 3330 10 81 15
894 1 6 3333 4 33 6
895 1 8 3337 611464 4148800 917196
896 0 6 3341 312 3063 468
897 1 2 3345 7283 82382 10924
898 0 6 3348 1 10 1
899 0 12 3352 1 3 1
900 1 4 3356 13 107 19
901 1 3 3360 68 618 102
902 1 7 3364 3 10 4
903 0 1 3368 227 2195 340
904 0 9 3371 7 21 10
905 1 1 3375 1142 11916 1713
906 0 3 3378 7 56 10
907 1 3 3382 1864 19882 2796
908 0 4 3386 67 609 100
909 1 1 3390 525586 7009002 788379
910 0 16 3393 402 1752 603
911 1 3 3398 19258 226695 28887
912 0 10 3402 3 9 4
913 0 1 3406 95 879 142
914 0 3 3409 4035 44514 6052
915 0 2 3413 1 10 1
916 0 6 3417 771 7901 1156
917 1 8 3421 125414 785150 188121
918 1 6 3425 487 4885 730
919 1 1 3429 3 25 4
920 0 2 3432 1 11 1
921 1 3 3436 958 9917 1437
922 1 1 3440 1 10 1
923 0 3 3442 1 10 1
924 0 1 3446 1607 17028 2410
925 1 8 3449 1 4 1
926 0 13 3453 22 74 33
927 1 2 3457 4 33 6
928 0 3 3460 6 48 9
929 1 4 3464 10 81 15
930 0 34 3468 18 59 27
931 0 5 3473 1 12 1
932 0 20 3477 10 31 15
933 0 4 3482 27 233 40
934 1 1 3486 25 215 37
935 1 6 3489 11 90 16
936 1 4 3493 63 570 94
937 1 1 3497 44497 541425 66745
938 0 5 3500 565 5707 847
939 1 2 3504 2 17 3
940 1 4 3507 74 676 111
941 0 1 3511 21 179 31
942 0 2 3514 1 9 1
943 0 14 3517 1 5 1
944 0 3 3521 1 9 1
945 1 2 3525 19 161 28
946 1 14 3529 1 4 1
947 1 2 3533 2 17 3
948 0 4 3537 1 10 1
949 0 4 3541 173 1650 259
950 1 7 3545 11 34 16
951 1 1 3549 1 10 1
952 0 2 3552 1 10 1
953 0 1 3556 1 9 1
954 1 5 3558 73 666 109
955 0 1 3562 1 9 1
956 0 12 3565 22 74 33
957 0 2 3569 1 8 1
958 0 9 3573 367 1588 550
959 0 6 3577 24 206 36
960 0 6 3581 5 41 7
961 0 5 3585 16398 191782 24597
962 1 5 3589 4 33 6
963 1 2 3593 8 64 12
964 0 39 3597 87 334 130
965 1 3 3602 260 2530 390
966 1 4 3606 1 10 1
