0 0 6 5 1 10 1
1 0 4 22 1 9 1
2 0 5 38 1 11 1
3 0 2 54 179 1710 268
4 0 1 67 11093 127686 16639
5 1 1 76 287 2807 430
6 1 2 87 7 56 10
7 0 2 100 831 8546 1246
8 1 1 114 2 17 3
9 0 1 123 2 17 3
10 1 3 133 1 10 1
11 0 1 147 169 1610 253
12 1 7 157 1 6 1
13 1 7 175 118 466 177
14 1 5 193 196605 2530398 294907
15 0 2 210 647 6577 970
16 1 4 223 1 10 1
17 1 3 238 1 13 1
18 1 2 252 25 215 37
19 1 3 266 2 17 3
20 0 3 280 4333 47948 6499
21 1 3 295 1 9 1
22 1 1 310 2 17 3
23 1 8 321 102 398 153
24 0 2 340 1 10 1
25 1 3 352 2 17 3
26 0 5 367 690 7035 1035
27 0 1 384 1 11 1
28 0 39 394 1 4 1
29 0 2 417 20 170 30
30 1 6 430 3 10 4
31 1 3 448 103 957 154
32 0 2 463 5 40 7
33 0 4 477 2 17 3
34 1 1 493 24 206 36
35 1 1 502 9 73 13
36 1 10 513 568 2540 852
37 1 2 532 86 792 129
38 1 10 545 1 4 1
39 0 1 564 10 81 15
40 0 4 572 112 1045 168
41 1 1 588 516 5190 774
42 0 3 597 2281 24548 3421
43 1 19 612 348 1500 522
44 1 1 633 1579 16718 2368
45 1 1 644 25 215 37
46 0 1 653 2819 30621 4228
47 0 2 660 1 10 1
48 1 1 673 1 10 1
49 0 2 684 1 11 1
50 0 6 697 227 946 340
51 1 73 715 1 4 1
52 0 7 740 1 5 1
53 0 3 758 1 10 1
54 1 2 772 52 466 78
55 0 1 784 3 25 4
56 0 2 795 1 9 1
57 0 2 807 262 2551 393
58 1 1 820 149 1411 223
59 1 2 831 47 419 70
60 0 2 845 1 9 1
61 0 4 857 1 10 1
62 0 3 873 103020 1294422 154530
63 0 4 888 23 197 34
64 1 1 904 1 9 1
65 0 5 916 11 90 16
66 0 4 933 55 494 82
67 0 4 949 1 9 1
68 1 7 965 2 6 3
69 0 23 983 10 31 15
70 1 1 1005 35350 426279 53025
71 1 5 1014 14 116 21
72 0 5 1031 4 33 6
73 0 1 1048 1 9 1
74 1 1 1059 1 9 1
75 0 2 1069 1 9 1
76 0 4 1081 1 10 1
77 0 6 1097 14 116 21
78 1 2 1114 65 589 97
79 1 3 1127 120 1124 180
80 0 16 1141 1 6 1
81 0 2 1162 16088 188011 24132
82 1 1 1176 13 108 19
83 1 7 1188 3 9 4
84 0 13 1206 3 10 4
85 0 2 1226 21 179 31
86 0 19 1238 1 4 1
87 0 2 1259 307 3012 460
88 1 2 1272 279 2725 418
89 0 3 1285 1 9 1
90 1 1 1299 1 9 1
91 1 1 1307 1 8 1
92 1 3 1317 156 1480 234
93 0 13 1332 4 12 6
94 1 11 1352 1173 5528 1759
95 0 6 1371 305 1301 457
96 1 17 1389 65 243 97
97 1 43 1410 2 7 3
98 1 5 1433 10 81 15
99 0 5 1450 46 410 69
100 0 7 1467 191 785 286
101 0 3 1485 1 9 1
102 0 15 1499 2 6 3
103 0 2 1519 1 11 1
104 0 2 1531 5 40 7
105 0 1 1544 1 9 1
106 1 2 1547 1 10 1
107 1 1 1559 55737 684127 83605
108 1 3 1570 1 9 1
109 0 3 1585 30542 366188 45813
110 1 1 1599 7 56 10
111 0 10 1610 280 1186 420
112 1 7 1629 1 5 1
113 1 1 1647 2 17 3
114 1 5 1657 9 73 13
115 0 2 1674 1 9 1
116 1 2 1687 3 25 4
117 1 5 1699 1572 16641 2358
118 1 7 1716 1 5 1
119 0 6 1734 22 188 33
120 1 1 1751 1 11 1
121 0 3 1760 1 9 1
122 0 2 1775 24 206 36
123 1 2 1787 1 11 1
124 0 1 1800 61 551 91
125 1 6 1810 1 9 1
126 0 2 1827 79 724 118
127 0 1 1840 1 11 1
128 1 1 1847 184 1760 276
129 0 5 1858 1 9 1
130 0 3 1875 2 17 3
131 0 5 1890 1 10 1
132 0 1 1907 5883 65951 8824
133 1 15 1917 693 3145 1039
134 0 3 1937 346 3414 519
135 1 13 1952 9 27 13
136 0 29 1972 1 4 1
137 1 1 1994 6 48 9
138 0 3 2003 1 10 1
139 1 2 2018 8 64 12
140 1 3 2031 28 243 42
141 1 2 2046 1 9 1
142 0 1 2059 2 17 3
143 0 1 2065 1 9 1
144 0 3 2076 99 918 148
145 1 1 2090 29485 353023 44227
146 1 4 2099 8 64 12
147 0 3 2115 3 25 4
148 1 2 2130 40 353 60
149 1 17 2144 1 5 1
150 1 6 2165 1115 5236 1672
151 1 1 2183 1 9 1
152 0 3 2192 167 1590 250
153 1 1 2207 2 17 3
154 0 5 2218 1 10 1
155 0 3 2234 1 9 1
156 1 4 2248 1 10 1
157 0 3 2264 4 33 6
158 1 3 2279 1 9 1
159 1 5 2293 1 10 1
160 0 2 2309 2 17 3
161 1 7 2321 1 4 1
162 1 2 2339 629 6386 943
163 1 5 2353 1 12 1
164 1 2 2369 688 7014 1032
165 1 5 2381 3 25 4
166 0 3 2398 265105 3449511 397657
167 0 6 2413 92 850 138
168 0 2 2430 7781 88258 11671
169 0 2 2443 23 197 34
170 1 1 2456 1 11 1
171 0 3 2465 5 40 7
172 0 8 2479 301 1283 451
173 1 3 2497 64 580 96
174 1 13 2512 36 127 54
175 1 1 2532 1 10 1
176 1 8 2542 8 24 12
177 1 3 2560 111 1035 166
178 1 5 2574 3068 33448 4602
179 0 1 2591 3 25 4
180 1 2 2597 8 64 12
181 0 8 2610 2 7 3
182 1 15 2629 5 15 7
183 0 17 2649 116 457 174
184 0 5 2670 94 869 141
185 1 10 2687 15 48 22
186 0 1 2706 10 81 15
187 0 12 2716 1 4 1
188 0 2 2736 6 48 9
189 0 2 2750 60 542 90
190 0 2 2763 10 81 15
191 0 35 2777 1072 5020 1608
192 0 2 2800 8 64 12
193 0 5 2814 4731 52549 7096
194 0 1 2831 39 344 58
195 1 4 2842 20 170 30
196 0 1 2858 215 2073 322
197 0 4 2868 1 11 1
198 0 4 2884 1 11 1
199 0 4 2900 7 56 10
200 0 7 2916 2 7 3
201 1 3 2934 1 9 1
202 1 4 2949 27 233 40
203 1 5 2965 1 9 1
204 0 4 2982 1 9 1
205 0 9 2998 4019 20582 6028
206 1 2 3017 3 25 4
207 0 4 3031 2 17 3
208 1 1 3047 7 56 10
209 1 3 3057 39 344 58
210 1 2 3072 1 9 1
211 0 3 3086 72 657 108
212 1 9 3100 76 289 114
213 1 1 3119 291 2848 436
214 1 2 3128 1 9 1
215 1 3 3140 2 17 3
216 0 6 3154 6 48 9
217 1 3 3171 3169 34598 4753
218 1 1 3186 3623 39784 5434
219 1 2 3197 1 11 1
220 1 2 3209 1 12 1
221 0 7 3222 6 18 9
222 0 3 3240 9098 103870 13647
223 1 1 3254 18 152 27
224 0 1 3262 529 5327 793
225 0 1 3269 3 25 4
226 1 1 3276 1 9 1
227 1 3 3287 73272 908836 109908
228 0 3 3302 8503 96804 12754
229 1 24 3316 43579 257572 65368
230 1 3 3338 1 9 1
231 1 1 3353 1 10 1
232 1 1 3361 999 10361 1498
233 0 2 3369 1 9 1
234 0 1 3382 2 17 3
235 1 6 3389 2191121 15792785 3286681
236 0 3 3407 432933 5733705 649399
237 0 11 3421 1 4 1
238 0 3 3441 36 316 54
239 0 1 3456 4364 48306 6546
240 1 1 3463 7 56 10
241 0 5 3467 14 116 21
242 0 3 3483 5 41 7
243 1 1 3497 21 179 31
244 1 3 3507 2247 24167 3370
245 0 1 3521 1 10 1
246 1 1 3532 6 48 9
247 0 2 3541 5476 61203 8214
248 1 2 3553 41 362 61
249 0 5 3566 3 25 4
250 0 5 3582 47 419 70
251 1 3 3598 1 11 1
252 1 4 3612 2552 27600 3828
