0 0 10 5 3 10 4
1 1 6 9 4 33 6
2 0 9 13 1 3 1
3 1 6 17 2 17 3
4 0 3 21 1 9 1
5 0 2 25 24762 294430 37143
6 0 3 29 1 9 1
7 0 2 33 198899 2561015 298348
8 0 4 37 2 17 3
9 1 8 41 1 4 1
10 1 2 45 2618 28346 3927
11 0 2 48 317 3115 475
12 0 2 52 223 2154 334
13 1 2 56 2855 31029 4282
14 1 3 59 8 64 12
15 0 1 63 29 252 43
16 0 1 65 73 666 109
17 0 1 68 90 830 135
18 0 6 71 1 11 1
19 0 3 75 20 170 30
20 1 2 79 10657 122466 15985
21 0 3 83 1 10 1
22 1 2 87 88 811 132
23 0 6 91 1 10 1
24 1 5 95 1 10 1
25 1 4 99 1 9 1
26 1 4 103 1 12 1
27 0 3 107 57 513 85
28 1 3 111 2 17 3
29 1 6 115 1 4 1
30 1 3 119 1 10 1
31 1 2 123 19335 227639 29002
32 1 1 127 829 8524 1243
33 0 1 130 10136 116238 15204
34 1 2 133 183 1750 274
35 1 2 137 33580 404119 50370
36 0 2 141 3 25 4
37 1 2 145 1 9 1
38 1 3 149 8 64 12
39 0 9 153 4 12 6
40 1 2 157 403 4006 604
41 1 25 161 9 27 13
42 0 1 166 296 2899 444
43 0 3 169 1 12 1
44 1 3 173 25 215 37
45 1 3 177 118 1104 177
46 0 2 181 15 125 22
47 0 1 185 266 2592 399
48 0 2 188 10 81 15
49 0 1 192 139 1311 208
50 0 2 195 1 11 1
51 0 1 199 7 56 10
52 0 5 202 1 10 1
53 1 3 206 31831 382265 47746
54 1 3 210 2426 26179 3639
55 1 2 214 1 9 1
56 0 2 218 1 9 1
57 1 4 221 11 90 16
58 0 13 225 1 3 1
59 0 2 229 6 48 9
60 0 10 233 27689 159496 41533
61 0 1 237 10037 115056 15055
62 1 16 239 14 45 21
63 1 3 244 1206 12615 1809
64 1 2 248 75 685 112
65 1 2 252 319 3136 478
66 1 17 256 129407 811491 194110
67 0 1 261 823 8460 1234
68 1 3 264 72 656 108
69 0 1 268 1 9 1
70 1 1 271 1 9 1
71 1 7 274 268 1132 402
72 1 29 278 4 12 6
73 1 1 283 40 353 60
74 1 2 286 1 10 1
75 0 1 289 86 791 129
76 0 2 292 1 10 1
77 0 3 296 3 25 4
78 0 1 300 1 10 1
79 0 1 303 6 48 9
80 1 2 306 18 152 27
81 0 7 309 20 67 30
82 0 1 313 3 25 4
83 0 1 316 4 33 6
84 1 5 319 31 270 46
85 1 1 323 31 270 46
86 1 4 326 1 9 1
87 0 1 330 1 9 1
88 1 6 333 2 17 3
89 0 2 337 3 25 4
90 0 6 341 1 12 1
91 0 3 345 1 9 1
92 1 7 349 14 45 21
93 0 3 353 310 3043 465
94 1 1 357 1 10 1
95 1 1 360 20 170 30
96 1 11 363 36 127 54
97 0 6 367 256 2489 384
98 1 1 371 1 10 1
99 1 1 374 7 56 10
100 1 6 377 13 107 19
101 1 5 381 1 11 1
102 1 9 385 20 67 30
103 0 6 389 24 206 36
104 0 4 393 4 33 6
105 1 3 397 1 8 1
106 1 2 401 1 8 1
107 1 1 405 1 9 1
108 0 1 408 3 25 4
109 0 12 411 15 48 22
110 1 8 415 1 4 1
111 0 2 419 5 41 7
112 1 2 423 3 25 4
113 0 1 427 28 242 42
114 0 8 430 116 457 174
115 1 3 434 68 618 102
116 0 3 438 21 179 31
117 1 5 442 4 33 6
118 1 1 446 1 9 1
119 1 1 449 971 10057 1456
120 0 4 452 1 12 1
121 1 13 456 7 21 10
122 1 4 460 11 90 16
123 1 7 464 49 179 73
124 0 10 468 17 56 25
125 0 1 472 354 3497 531
126 0 7 475 19 63 28
127 0 3 479 2 17 3
128 1 4 483 10 81 15
129 1 20 487 14 45 21
130 1 6 492 5 15 7
131 1 1 496 5 40 7
132 0 1 499 59912715 933191783 89869072
133 0 2 502 2 17 3
134 1 1 505 197 1891 295
135 0 5 508 2 17 3
136 1 4 512 26 224 39
137 0 2 516 2508 27104 3762
138 1 4 519 311 3053 466
139 1 3 523 1 9 1
140 1 1 527 1 12 1
141 0 1 530 1 9 1
142 0 2 533 1676 17793 2514
143 0 1 537 182 1740 273
144 0 2 540 13996 162641 20994
145 1 1 544 1 8 1
146 1 2 547 537 5411 805
147 1 10 550 22 74 33
148 1 10 554 5162 26863 7743
149 0 1 558 3 25 4
150 1 2 560 2 17 3
151 0 1 563 1 9 1
152 1 11 566 39386 231470 59079
153 0 10 570 144 578 216
154 1 7 574 1 3 1
155 1 8 578 4 12 6
156 1 3 582 889 9171 1333
157 1 3 586 10400 119392 15600
158 1 1 590 4 33 6
159 1 4 593 3 25 4
160 1 2 597 1 9 1
161 0 1 601 126 1183 189
162 0 1 604 1 10 1
163 0 5 607 30877 370364 46315
164 1 1 611 79 724 118
165 0 5 614 1 9 1
166 1 4 618 33760 406370 50640
167 0 3 622 86032 1073639 129048
168 0 2 626 6 48 9
169 0 2 629 16 134 24
170 1 2 633 1 10 1
171 0 3 636 574 5802 861
172 0 1 640 48280 589318 72420
173 0 2 643 24 206 36
174 1 7 647 5 15 7
175 1 1 651 79 724 118
176 0 2 654 2 17 3
177 1 3 657 368 3642 552
178 1 4 661 1 10 1
179 1 10 665 19678 111125 29517
180 0 2 669 17 143 25
181 1 2 673 33 288 49
182 0 15 677 549 2449 823
183 0 4 681 7 56 10
184 0 2 685 139 1311 208
185 1 2 689 2 17 3
186 0 6 693 16 134 24
187 1 10 697 1 4 1
188 1 6 701 2 17 3
189 1 2 705 16494 192950 24741
190 1 1 708 216 2083 324
191 0 1 711 19 161 28
192 0 17 714 1 4 1
193 0 1 719 1 9 1
194 0 3 722 1 9 1
195 0 2 726 1 9 1
196 1 2 730 28 243 42
197 0 7 733 1 4 1
198 1 3 737 45348 552186 68022
199 1 3 741 1367 14380 2050
200 0 3 745 3280 35864 4920
201 1 1 749 1 9 1
202 0 5 751 10796 124129 16194
203 0 2 755 5709 63919 8563
204 0 2 758 31 270 46
205 1 3 762 4216 46599 6324
206 0 3 766 1 10 1
207 1 1 770 1 10 1
208 0 4 773 1 9 1
209 0 1 777 45 400 67
210 0 14 780 1 5 1
211 1 1 784 1 10 1
212 1 3 787 1 9 1
213 0 2 791 1 10 1
214 1 2 795 1 9 1
215 1 1 798 1 10 1
216 1 1 801 575 5813 862
217 0 3 804 1 12 1
218 0 1 808 6339 71287 9508
219 1 5 811 9 73 13
220 0 2 815 6 48 9
221 1 11 819 2 6 3
222 1 3 823 1173 12255 1759
223 1 2 827 2 17 3
224 1 1 830 2 17 3
225 0 2 833 23 197 34
226 1 6 837 2 17 3
227 1 4 841 1 9 1
228 0 5 845 14159 164613 21238
229 1 6 849 29716 355899 44574
230 0 2 853 3 25 4
231 0 7 857 5 15 7
232 1 8 861 135 539 202
233 1 1 865 1 9 1
234 0 2 867 1 12 1
235 0 2 871 9 73 13
236 1 1 875 234 2265 351
237 0 21 878 651 2941 976
238 1 2 883 1 9 1
239 1 4 886 65 589 97
240 0 2 890 164 1560 246
241 0 2 894 1030 10697 1545
242 0 1 898 16 134 24
243 0 6 900 1 9 1
244 0 18 904 8 24 12
245 0 1 909 1 9 1
246 0 23 912 1 5 1
247 0 1 917 1 10 1
248 0 1 920 434 4330 651
249 0 1 923 1 9 1
250 1 2 925 1 9 1
251 1 2 929 1 9 1
252 0 5 932 14 116 21
253 0 4 936 1 11 1
254 0 8 940 43 155 64
255 1 2 944 6 48 9
256 0 4 947 18 152 27
257 0 3 951 1 9 1
258 0 2 955 1 10 1
259 1 15 958 1 4 1
260 0 4 962 1 10 1
261 0 6 966 1 9 1
262 1 7 970 18 59 27
263 1 1 974 2 17 3
264 1 2 977 1 11 1
265 1 14 980 14289 79178 21433
266 1 4 984 44 391 66
267 0 5 988 236 2286 354
268 1 1 992 437 4361 655
269 0 23 994 2 7 3
270 0 2 999 121 1133 181
271 1 4 1003 21 179 31
272 0 2 1007 18 152 27
273 1 3 1010 194 1861 291
274 1 3 1014 5 41 7
275 1 22 1018 1 4 1
276 0 8 1023 2 7 3
277 0 20 1027 1 4 1
278 0 1 1032 65734 811962 98601
279 1 4 1035 4 33 6
280 1 8 1039 1 6 1
281 1 1 1043 2 17 3
282 1 5 1046 2 17 3
283 1 10 1050 1663 8030 2494
284 1 1 1054 1 9 1
285 1 2 1056 121 1134 181
286 1 2 1059 1 12 1
287 0 2 1063 1 9 1
288 1 13 1067 1 3 1
289 0 5 1071 1847 19693 2770
290 1 2 1075 1 9 1
291 1 6 1078 1 9 1
292 1 4 1082 1 9 1
293 0 3 1086 16 134 24
294 0 1 1090 1 8 1
295 0 1 1093 2 17 3
296 0 2 1096 3110 33927 4665
297 0 2 1099 1 10 1
298 1 7 1102 30649 177577 45973
299 1 1 1106 1 11 1
300 1 2 1109 1316 13820 1974
301 0 2 1113 1 8 1
302 1 5 1116 17 143 25
303 0 28 1120 2 6 3
304 0 1 1125 1 8 1
305 1 2 1127 1 9 1
306 0 2 1131 1 9 1
307 0 10 1135 2 6 3
308 0 3 1139 20 170 30
309 0 12 1143 14 45 21
310 0 4 1147 4 33 6
311 0 3 1151 48 428 72
312 1 2 1155 2 17 3
313 0 5 1158 1 9 1
314 0 5 1162 125 1173 187
315 1 5 1166 3 25 4
316 1 3 1170 13 107 19
317 0 6 1174 1 9 1
318 0 1 1178 1 9 1
319 0 3 1181 3 25 4
320 1 1 1185 2 17 3
321 1 1 1188 73 666 109
322 1 2 1191 1 10 1
323 0 11 1195 418 1827 627
324 1 6 1199 1960 20953 2940
325 1 4 1203 1 10 1
326 0 7 1207 20 67 30
327 1 4 1211 17 143 25
328 1 2 1215 1 8 1
329 0 11 1218 2 7 3
330 0 3 1222 1 9 1
331 1 2 1226 1 9 1
332 0 2 1230 3 25 4
333 0 1 1234 1 10 1
334 0 1 1237 27 233 40
335 1 4 1240 3 25 4
336 1 1 1244 50 447 75
337 1 2 1247 5904 66196 8856
338 1 2 1251 141 1331 211
339 1 1 1255 1 9 1
340 1 3 1258 1 8 1
341 0 12 1262 1 4 1
342 0 4 1266 1 9 1
343 0 8 1270 563 2516 844
344 1 2 1274 2335 25155 3502
345 1 3 1278 11 90 16
346 1 1 1282 319 3136 478
347 1 1 1285 80 734 120
348 0 4 1288 20 170 30
349 0 3 1292 2409 25988 3613
350 1 3 1296 14 116 21
351 1 1 1300 7 56 10
352 1 6 1303 1 10 1
353 0 1 1307 251 2438 376
354 0 1 1310 1 10 1
355 1 8 1312 1 6 1
356 0 4 1316 1 10 1
357 0 3 1320 145 1371 217
358 0 4 1324 1 9 1
359 1 2 1328 3 25 4
360 1 1 1331 4194 46345 6291
361 0 1 1334 1 12 1
362 1 5 1336 1 9 1
363 0 5 1340 12 98 18
364 0 9 1344 1 6 1
365 1 2 1348 3 25 4
366 0 7 1352 1 3 1
367 1 6 1356 1846 19682 2769
368 1 2 1360 58 523 87
369 1 4 1364 8 64 12
370 1 2 1368 1 10 1
371 0 3 1372 1 12 1
372 0 8 1376 1 4 1
373 0 1 1380 1 11 1
374 0 1 1383 1 9 1
375 0 4 1386 2 17 3
376 0 1 1390 1490 15735 2235
377 1 9 1393 1 5 1
378 1 5 1397 19 161 28
379 1 8 1401 1 4 1
380 1 9 1405 18 59 27
381 0 5 1409 2 17 3
382 1 1 1413 26 224 39
383 1 1 1416 48 428 72
384 0 4 1419 94 869 141
385 0 1 1423 1 10 1
386 1 4 1426 48 428 72
387 0 9 1430 112 440 168
388 0 1 1434 1 10 1
389 1 4 1437 273 2663 409
390 1 1 1441 3 25 4
391 0 11 1444 2938 14741 4407
392 1 2 1448 31 270 46
393 0 9 1452 1 4 1
394 0 35 1456 43 155 64
395 0 1 1461 1 10 1
396 1 11 1464 4 12 6
397 0 4 1468 1 9 1
398 1 5 1472 1 10 1
399 0 1 1476 121 1133 181
400 0 5 1479 1 12 1
401 0 2 1483 1 10 1
402 1 27 1487 1 3 1
403 1 5 1492 244 2367 366
404 0 2 1496 1 9 1
405 0 4 1499 13 107 19
406 1 1 1503 1 12 1
407 1 1 1506 1 10 1
408 1 8 1509 777 3556 1165
409 1 6 1513 1 8 1
410 1 6 1517 27 233 40
411 0 5 1521 279 2725 418
412 0 3 1525 57 513 85
413 1 8 1529 2266 11174 3399
414 1 1 1533 1045 10860 1567
415 1 5 1536 1 9 1
416 0 2 1540 3 25 4
417 0 2 1544 407 4048 610
418 1 11 1547 3302 16695 4953
419 1 6 1551 1 10 1
420 0 1 1555 886 9139 1329
421 1 5 1558 171 1630 256
422 1 4 1562 1 9 1
423 1 7 1566 23 78 34
424 0 5 1570 532 5358 798
425 1 2 1574 150 1421 225
426 1 1 1577 10176 116716 15264
427 1 3 1580 10 81 15
428 1 1 1584 1470 15515 2205
429 1 2 1587 1 9 1
430 1 1 1590 6 48 9
431 1 10 1593 1 3 1
432 1 13 1597 57 211 85
433 0 6 1601 1 10 1
434 0 2 1605 30 261 45
435 0 1 1609 9 72 13
436 1 1 1612 452470 6001897 678705
437 0 3 1614 31 270 46
438 0 5 1618 12481 144359 18721
439 0 2 1622 7 56 10
440 1 3 1626 3 25 4
441 0 3 1630 43 381 64
442 0 5 1634 5820 65215 8730
443 1 2 1638 1 8 1
444 0 9 1642 137710 866393 206565
445 1 4 1646 1248 13075 1872
446 1 7 1650 1 3 1
447 1 1 1654 1 8 1
448 1 3 1656 11 90 16
449 0 3 1660 19 161 28
450 1 12 1664 9 27 13
451 0 2 1668 962 9960 1443
452 0 25 1672 1 5 1
453 0 2 1677 126 1183 189
454 0 4 1681 3912 43100 5868
455 1 3 1685 22 188 33
456 0 8 1689 2 7 3
457 1 11 1693 1 5 1
458 0 4 1697 21 179 31
459 0 1 1701 1 10 1
460 1 1 1704 2 17 3
461 0 1 1707 158228 2020215 237342
462 0 1 1710 1 10 1
463 1 3 1713 6 48 9
464 0 3 1717 2 17 3
465 0 4 1721 17506 205282 26259
466 1 1 1725 25 215 37
467 1 24 1728 729 3321 1093
468 1 9 1733 22 74 33
469 0 9 1737 273 1154 409
470 1 3 1741 3 25 4
471 0 4 1745 38 335 57
472 1 7 1749 1 4 1
473 1 6 1753 300 2940 450
474 0 2 1757 1 9 1
475 0 4 1761 1 9 1
476 1 2 1765 1 9 1
477 1 8 1769 406 1770 609
478 0 2 1773 19 160 28
479 1 11 1776 4 13 6
480 1 1 1780 499 5011 748
481 0 7 1782 1 4 1
482 1 2 1786 1 9 1
483 0 1 1789 32 279 48
484 1 1 1792 123 1153 184
485 0 14 1795 19 63 28
486 0 2 1799 26 224 39
487 1 6 1803 1 9 1
488 0 2 1807 11 90 16
489 0 1 1810 1 9 1
490 1 5 1813 204 1962 306
491 0 2 1817 8 64 12
492 0 3 1821 231 2235 346
493 1 1 1825 1 9 1
494 1 2 1828 1605 17006 2407
495 0 9 1832 3 9 4
496 1 52 1836 118566 740074 177849
497 0 9 1841 26 89 39
498 1 2 1845 1 9 1
499 1 7 1849 119 470 178
500 1 1 1853 11058 127267 16587
501 1 1 1856 5 40 7
502 1 3 1859 1 9 1
503 0 10 1863 1 4 1
504 0 5 1867 1 13 1
505 1 2 1871 5 40 7
506 0 3 1875 3 25 4
507 0 3 1879 1 11 1
508 0 5 1883 331 3259 496
509 0 1 1887 5 40 7
510 1 14 1890 63 235 94
511 0 2 1894 2 17 3
512 0 1 1898 13 108 19
513 1 14 1901 1 5 1
514 0 3 1905 1 10 1
515 0 3 1909 3 25 4
516 1 1 1913 460 4602 690
517 1 1 1916 291 2848 436
518 0 1 1919 1 10 1
519 0 4 1922 17 143 25
520 0 2 1926 4 33 6
521 0 1 1930 1 10 1
522 0 1 1933 13 107 19
523 0 8 1935 1 3 1
524 0 2 1939 1 10 1
525 1 1 1943 25 215 37
526 1 1 1946 1 9 1
527 1 23 1949 2 7 3
528 1 2 1954 7095 80167 10642
529 0 4 1957 35 307 52
530 0 4 1961 3 25 4
531 0 1 1965 242 2347 363
532 0 2 1968 1 9 1
533 1 4 1972 237 2296 355
534 0 2 1976 14 116 21
535 0 2 1979 33 288 49
536 1 1 1983 3 25 4
537 0 12 1986 2 7 3
538 0 10 1990 1 4 1
539 1 2 1994 109 1016 163
540 1 1 1998 1 9 1
541 0 2 2001 1 9 1
542 0 2 2004 2 17 3
543 0 3 2007 1 10 1
544 1 1 2011 33289 400480 49933
545 1 2 2014 1 10 1
546 1 2 2017 741 7580 1111
547 1 4 2020 134 1262 201
548 0 3 2024 1 9 1
549 0 20 2028 3 9 4
550 0 60 2033 179 732 268
551 0 4 2038 3 25 4
552 0 2 2042 50679 619764 76018
553 1 6 2046 1 9 1
554 0 1 2050 1 9 1
555 1 10 2053 1 4 1
556 1 2 2057 127 1193 190
557 1 1 2060 1 12 1
558 0 1 2062 1 11 1
559 1 2 2064 2759 29941 4138
560 0 2 2068 49 438 73
561 0 3 2072 10 81 15
562 1 2 2076 1 9 1
563 1 3 2079 1 9 1
564 0 5 2083 803 8245 1204
565 1 1 2087 2 17 3
566 0 2 2090 2 17 3
567 0 3 2093 699 7131 1048
568 1 2 2097 27 233 40
569 0 3 2101 2 17 3
570 1 7 2105 1 4 1
571 0 7 2109 1 4 1
572 1 2 2113 123 1153 184
573 0 1 2116 2 17 3
574 1 11 2119 1 4 1
575 1 1 2123 1 10 1
576 0 15 2126 2 7 3
577 0 1 2130 568 5739 852
578 0 3 2132 3523 38640 5284
579 1 1 2136 9 73 13
580 1 4 2139 2 17 3
581 0 2 2143 1 9 1
582 0 1 2147 1 12 1
583 1 2 2150 1 9 1
584 0 3 2154 1 10 1
585 0 4 2158 5283 58956 7924
586 1 2 2162 2 17 3
587 0 7 2166 2 6 3
588 1 1 2170 11 90 16
589 1 7 2172 40 143 60
590 1 3 2176 1049 10904 1573
591 1 2 2180 194 1861 291
592 1 7 2184 1 5 1
593 0 3 2188 5 41 7
594 1 3 2192 1 11 1
595 0 2 2196 2 17 3
596 0 2 2199 3 25 4
597 0 1 2203 301 2951 451
598 1 2 2206 2 17 3
599 1 74 2210 12 38 18
600 1 2 2215 1 9 1
601 1 1 2219 1 11 1
602 1 5 2222 9 72 13
603 0 1 2226 1 10 1
604 0 5 2229 882 9095 1323
605 1 2 2233 40 353 60
606 0 5 2236 1 9 1
607 1 7 2240 1 5 1
608 1 5 2244 245 2377 367
609 1 2 2248 2083 22328 3124
610 1 1 2251 14 116 21
611 0 6 2254 298 2920 447
612 1 1 2258 3 25 4
613 1 5 2261 3 25 4
614 0 8 2265 1 3 1
615 1 2 2269 1 9 1
616 1 1 2273 1 10 1
617 1 2 2276 1 10 1
618 0 2 2280 18 152 27
619 1 9 2284 4 13 6
620 0 1 2288 28 242 42
621 1 1 2290 134 1262 201
622 0 2 2293 1 10 1
623 0 12 2297 1 4 1
624 1 1 2301 1 10 1
625 1 3 2304 6 48 9
626 0 2 2308 20400 240694 30600
627 1 5 2311 1 10 1
628 0 1 2315 315 3094 472
629 0 15 2318 1 6 1
630 0 1 2322 1 9 1
631 1 3 2325 27 233 40
632 1 2 2329 1 11 1
633 0 3 2333 1 9 1
634 0 5 2337 1 10 1
635 1 1 2341 132 1242 198
636 1 2 2344 1 10 1
637 1 3 2347 1 9 1
638 0 4 2351 37 325 55
639 0 6 2355 2 17 3
640 1 8 2359 12 38 18
641 1 11 2363 3 9 4
642 1 4 2367 737 7538 1105
643 1 3 2371 16 134 24
644 1 3 2375 2 17 3
645 0 5 2379 1 9 1
646 0 1 2383 2 17 3
647 1 3 2386 461 4612 691
648 0 1 2390 58 523 87
649 0 5 2393 40850 495397 61275
650 0 3 2397 11 90 16
651 1 6 2401 1 10 1
652 0 6 2405 141 1331 211
653 0 3 2409 4 33 6
654 0 2 2413 595 6025 892
655 0 2 2416 11330 130528 16995
656 1 6 2419 7005 37162 10507
657 1 2 2423 1 9 1
658 0 3 2427 70 637 105
659 0 8 2431 17 56 25
660 0 2 2435 1 10 1
661 1 14 2439 1 4 1
662 1 7 2443 1 4 1
663 0 2 2447 1 10 1
664 1 9 2451 3 10 4
665 1 5 2455 1 9 1
666 1 2 2459 13 107 19
667 0 2 2462 3 25 4
668 1 4 2466 1 9 1
669 0 1 2470 1 9 1
670 0 5 2473 2 17 3
671 1 1 2477 196 1881 294
672 1 1 2480 228 2205 342
673 0 45 2483 1 3 1
674 1 2 2488 1306 13710 1959
675 1 1 2491 337 3322 505
676 1 5 2494 1 9 1
677 0 12 2498 748 3414 1122
678 1 6 2502 4 33 6
679 1 2 2506 676 6886 1014
680 0 1 2509 5221 58235 7831
681 0 39 2512 1 4 1
682 0 6 2517 75 685 112
683 0 5 2521 2298 24739 3447
684 0 5 2525 434 4329 651
685 1 1 2529 20974 247742 31461
686 0 3 2532 78 714 117
687 0 6 2536 65 243 97
688 1 1 2540 1422 14986 2133
689 1 1 2543 1 10 1
690 0 1 2546 555 5601 832
691 1 1 2549 79 724 118
692 1 2 2552 188 1800 282
693 0 3 2556 1 11 1
694 1 1 2560 10 81 15
695 1 2 2563 4152 45861 6228
696 0 9 2567 1 5 1
697 0 3 2571 44 391 66
698 0 1 2575 66 599 99
699 0 4 2578 37 326 55
700 0 2 2582 1 9 1
701 1 3 2586 171 1630 256
702 1 1 2590 12 99 18
703 1 1 2593 46363 565030 69544
704 0 1 2596 63 570 94
705 0 1 2599 1 9 1
706 1 6 2602 4 33 6
707 0 5 2606 1367 14380 2050
708 1 3 2610 111 1035 166
709 1 4 2614 958 9917 1437
710 0 4 2618 1 10 1
711 1 2 2622 15979 186686 23968
712 0 1 2626 1 9 1
713 1 2 2629 1 9 1
714 0 5 2633 1 13 1
715 0 5 2637 6 48 9
716 0 1 2641 131 1232 196
717 1 1 2644 650561 8741262 975841
718 1 1 2647 141 1331 211
719 1 4 2650 1 9 1
720 1 4 2654 2625 28425 3937
721 1 1 2658 1201 12560 1801
722 1 1 2661 1 9 1
723 0 8 2664 145 582 217
724 0 5 2668 126989 1608153 190483
725 0 4 2672 3 25 4
726 0 1 2676 5 40 7
727 0 7 2679 1 3 1
728 0 1 2683 2 17 3
729 0 5 2686 1 10 1
730 1 4 2690 26396 314657 39594
731 0 5 2694 2 17 3
732 0 4 2698 6 48 9
733 0 1 2702 1 9 1
734 0 1 2705 2374 25594 3561
735 0 3 2708 5 40 7
736 1 4 2712 1 9 1
737 0 8 2716 1 4 1
738 0 4 2720 5 41 7
739 0 3 2724 28 242 42
740 1 4 2728 1172 12244 1758
741 1 2 2732 1 9 1
742 0 1 2736 1 10 1
743 1 1 2738 1 10 1
744 0 8 2741 1 4 1
745 1 7 2745 1 4 1
746 1 2 2749 4 33 6
747 0 1 2753 29086 348059 43629
748 1 2 2756 17 143 25
749 0 2 2759 65 589 97
750 0 10 2763 1 4 1
751 1 1 2767 6942 78367 10413
752 1 10 2770 2 7 3
753 0 1 2774 1 9 1
754 0 6 2776 596 6035 894
755 1 3 2780 1 11 1
756 0 5 2784 5 41 7
757 0 3 2788 1 9 1
758 0 3 2792 26 224 39
759 0 1 2796 446 4455 669
760 0 15 2799 69 260 103
761 1 2 2803 47 419 70
762 0 4 2807 13810 160392 20715
763 0 4 2811 3 25 4
764 1 3 2815 1 11 1
765 1 6 2819 4663 24109 6994
766 1 1 2823 34 297 51
767 0 2 2826 11 90 16
768 0 3 2830 1 9 1
769 1 5 2834 1 12 1
770 1 2 2838 6 48 9
771 0 2 2842 6848 77261 10272
772 0 2 2845 62 561 93
773 0 1 2849 1 9 1
774 0 7 2852 1 5 1
775 1 8 2856 78 297 117
776 1 6 2860 1393 6645 2089
777 0 6 2864 24 82 36
778 0 5 2868 1307 13722 1960
779 1 5 2872 5 40 7
780 1 1 2876 9 72 13
781 1 7 2879 2 6 3
782 0 2 2883 1 9 1
783 1 1 2887 3 25 4
784 1 4 2890 74 676 111
785 0 4 2894 3 25 4
786 0 6 2898 945 4386 1417
787 1 3 2902 1 10 1
788 0 10 2906 19480 109942 29220
789 0 1 2910 37 325 55
790 1 2 2913 26 224 39
791 1 3 2917 1 10 1
792 0 17 2921 135 539 202
793 0 2 2926 310 3043 465
794 0 3 2929 454 4539 681
795 0 3 2933 1 11 1
796 0 21 2937 13 41 19
797 1 1 2942 1 11 1
798 1 9 2945 4 12 6
799 1 2 2949 796 8170 1194
800 0 4 2952 3 25 4
801 0 3 2956 418 4163 627
802 1 5 2960 1 9 1
803 0 2 2964 14 116 21
804 0 5 2968 10 81 15
805 0 4 2972 520 5232 780
806 0 6 2976 1 10 1
807 1 15 2980 32 112 48
808 1 1 2984 4 33 6
809 0 7 2987 364 1574 546
810 0 2 2991 197 1891 295
811 1 12 2994 18725 105436 28087
812 1 1 2998 318 3125 477
813 0 2 3001 4 33 6
814 1 1 3005 10 81 15
815 1 9 3007 1 6 1
816 0 5 3011 1 10 1
817 0 34 3015 443 1945 664
818 0 4 3020 1 10 1
819 0 9 3024 1 4 1
820 0 4 3028 1 12 1
821 1 1 3032 8 64 12
822 0 3 3035 11 90 16
823 0 2 3039 1000 10372 1500
824 0 3 3043 24 206 36
825 0 7 3047 5 15 7
826 0 9 3051 1 4 1
827 0 7 3055 1 4 1
828 1 1 3059 10 81 15
829 1 3 3062 895 9236 1342
830 0 2 3066 4 33 6
831 1 2 3070 3554 38994 5331
832 1 2 3074 32 279 48
833 0 3 3077 35 307 52
834 1 1 3081 27 233 40
835 1 2 3084 1241 12998 1861
836 0 5 3088 176 1680 264
837 1 4 3092 3 25 4
838 0 4 3096 390 3871 585
839 0 4 3100 15 125 22
840 1 4 3104 112 1045 168
841 1 9 3108 16 52 24
842 0 1 3112 1 9 1
843 1 11 3115 1 4 1
844 0 1 3119 76 695 114
845 0 2 3121 35810 432045 53715
846 0 6 3124 2 17 3
847 0 6 3128 44 390 66
848 0 4 3132 216 2083 324
849 1 1 3136 374 3705 561
850 1 1 3139 490 4916 735
851 0 5 3142 1 9 1
852 1 29 3146 1 4 1
853 1 1 3151 35 307 52
854 1 2 3154 1 9 1
855 1 2 3157 4 32 6
856 1 4 3161 1 9 1
857 0 1 3165 1 11 1
858 1 3 3168 12151 140388 18226
859 1 1 3172 1 9 1
860 1 2 3175 1 13 1
861 0 4 3179 12 98 18
862 0 13 3183 555 2478 832
863 1 5 3187 2 17 3
864 0 2 3191 62 561 93
865 1 2 3195 3 25 4
866 0 1 3198 1 10 1
867 0 1 3201 48 428 72
868 1 2 3204 3849 42377 5773
869 0 2 3208 1 12 1
870 1 1 3212 9897 113386 14845
871 0 1 3215 13 108 19
872 1 1 3218 27403 327146 41104
873 0 32 3221 2 7 3
874 0 2 3226 898 9268 1347
875 1 4 3230 1080 11241 1620
876 0 1 3234 1 10 1
877 1 2 3237 2 17 3
878 1 2 3241 3 25 4
879 0 5 3245 1 9 1
880 0 3 3249 9868 113040 14802
881 1 1 3253 1 10 1
882 0 5 3256 2 17 3
883 1 2 3260 2 17 3
884 0 1 3264 1 9 1
885 1 1 3267 1 9 1
886 1 5 3270 1 10 1
887 1 1 3274 15 125 22
888 0 3 3277 4 33 6
889 0 2 3281 2 17 3
890 0 1 3285 316 3105 474
891 1 18 3288 30 104 45
892 0 1 3293 8 64 12
893 0 6 3296 2 7 3
894 1 3 3300 1 9 1
895 0 1 3304 7 56 10
896 1 2 3307 278 2715 417
897 1 1 3311 2 17 3
898 0 3 3314 7 56 10
899 0 2 3318 12 98 18
900 0 1 3322 4 33 6
901 0 1 3325 2364 25482 3546
902 1 5 3328 300 2940 450
903 1 5 3332 1182 12353 1773
904 0 3 3336 3 25 4
905 0 3 3340 3107 33892 4660
906 1 3 3344 2 17 3
907 0 2 3348 24317 288930 36475
908 0 1 3352 1 10 1
909 0 5 3355 2 17 3
910 0 2 3359 105 976 157
911 1 2 3363 6 48 9
912 0 5 3367 3168 34587 4752
913 1 1 3371 1 10 1
914 0 2 3374 72 656 108
915 1 3 3378 291 2848 436
916 0 3 3382 1 9 1
917 0 17 3386 1 3 1
918 1 3 3391 1 9 1
919 1 6 3395 15 125 22
920 1 2 3399 3 25 4
921 1 3 3403 13 108 19
922 1 3 3407 1 10 1
923 0 13 3411 34 120 51
924 1 1 3415 1 10 1
925 0 3 3418 6 48 9
926 1 4 3422 1 11 1
927 1 6 3426 5 40 7
928 0 4 3430 1 9 1
929 1 1 3434 4 33 6
930 0 1 3437 14 116 21
931 1 4 3440 1 9 1
932 1 4 3444 1 9 1
933 0 5 3448 1 8 1
934 0 5 3452 1 10 1
935 1 4 3456 1 9 1
936 0 1 3460 3 25 4
937 1 1 3462 1 12 1
938 0 1 3465 130 1222 195
939 1 1 3468 2566 27759 3849
940 0 3 3470 1 9 1
941 0 2 3474 2 17 3
942 0 1 3478 2 17 3
943 1 1 3481 79 724 118
944 0 2 3484 1 11 1
945 0 1 3488 1 10 1
946 0 3 3491 683 6961 1024
947 0 2 3495 51 457 76
948 1 1 3498 1 9 1
949 0 1 3501 24 206 36
950 0 5 3504 271 2643 406
951 0 9 3508 1 3 1
952 1 2 3512 1 11 1
953 0 4 3516 1 11 1
954 0 4 3520 530 5337 795
955 1 15 3524 289 1227 433
956 1 7 3528 1 5 1
957 1 10 3532 187 767 280
958 0 2 3536 27 233 40
959 0 1 3540 16 134 24
960 1 1 3543 30 261 45
961 0 1 3546 1 9 1
962 0 2 3549 9 72 13
963 1 3 3552 1 11 1
964 1 3 3556 528 5317 792
965 1 2 3560 92 850 138
966 1 20 3564 1 4 1
967 0 22 3569 1 4 1
968 1 1 3574 479 4801 718
969 0 2 3577 1 10 1
970 0 3 3581 419 4173 628
971 1 4 3585 10 81 15
972 1 3 3589 81091 1009709 121636
973 0 2 3593 1 10 1
974 0 2 3596 15 125 22
975 0 7 3599 1 3 1
976 1 4 3603 1 9 1
977 1 2 3607 20877 246551 31315
