0 0 6 5 1 10 1
1 0 2 13 133 1252 199
2 1 1 20 2439 26326 3658
3 0 31 27 3 9 4
4 1 1 36 46 409 69
5 0 3 43 1 9 1
6 0 2 51 140 1321 210
7 0 8 58 1 6 1
8 1 16 66 1576 7582 2364
9 0 11 75 108 423 162
10 0 3 84 300 2940 450
11 1 4 91 97 898 145
12 1 2 99 163 1550 244
13 0 2 106 1 9 1
14 0 1 113 3 25 4
15 1 2 120 1549 16387 2323
16 0 2 127 1 10 1
17 1 6 134 1 10 1
18 0 3 142 424 4225 636
19 1 1 150 249 2418 373
20 1 4 157 5 41 7
21 1 4 165 1 9 1
22 0 17 173 1855 9024 2782
23 1 10 182 1 4 1
24 1 1 191 1 9 1
25 1 9 197 2 7 3
26 1 1 206 38078 460514 57117
27 0 11 212 4 12 6
28 1 2 221 208 2002 312
29 0 2 228 9 73 13
30 1 3 235 12 99 18
31 1 13 243 1 3 1
32 1 2 252 2 17 3
33 0 4 259 1 11 1
34 0 8 267 31 108 46
35 1 5 276 126 1183 189
36 0 2 284 55631 682776 83446
37 1 3 291 13 108 19
38 1 1 299 39 344 58
39 1 3 305 2 17 3
40 0 10 312 1 6 1
41 0 1 321 37 326 55
42 0 2 326 9899 113410 14848
43 1 15 333 1 5 1
44 0 3 342 1 9 1
45 0 5 350 1 9 1
46 0 2 358 1 9 1
47 0 1 365 2 17 3
48 1 2 371 1117 11644 1675
49 1 3 378 1 10 1
50 0 1 385 1 9 1
51 0 6 391 1 9 1
52 1 17 399 1 4 1
53 0 12 408 1 3 1
54 0 3 417 14 116 21
55 0 3 425 1 9 1
56 1 2 432 91 840 136
57 1 3 439 2 17 3
58 1 6 447 28 242 42
59 1 5 455 16 134 24
60 0 11 463 463 2039 694
61 0 11 472 14 45 21
62 0 9 481 151 609 226
63 0 4 490 6 48 9
64 1 1 498 1 10 1
65 0 2 503 109284 1376179 163926
66 0 2 510 5 40 7
67 0 4 517 1 11 1
68 0 6 525 1 5 1
69 0 5 533 1181 12342 1771
70 0 7 541 1 3 1
71 0 4 549 3 25 4
72 1 1 557 1 10 1
73 0 11 564 18 59 27
74 0 2 573 1 11 1
75 1 11 580 232 968 348
76 1 1 589 1 9 1
77 1 5 595 424 4225 636
78 1 1 603 502 5043 753
79 1 2 609 243 2357 364
80 0 7 616 329045 2165067 493567
81 0 1 624 1 8 1
82 1 1 629 1 10 1
83 0 2 635 21397 252941 32095
84 1 1 642 1 9 1
85 1 3 648 1 9 1
86 0 3 656 1810 19281 2715
87 1 2 664 2 17 3
88 0 3 671 28693 343171 43039
89 0 4 679 42 372 63
90 0 4 687 446 4455 669
91 1 2 695 49 438 73
92 1 12 702 1 4 1
93 1 4 711 1 9 1
94 1 7 719 159 643 238
95 0 2 727 1 10 1
96 1 5 734 4411 48848 6616
97 1 2 742 1 10 1
98 1 1 749 56043 688028 84064
99 1 2 754 64 580 96
100 1 4 761 1 9 1
101 0 1 769 402542 5317352 603813
102 0 2 776 8 64 12
103 1 2 783 354 3497 531
104 0 10 790 1 4 1
105 0 1 799 1301 13656 1951
106 0 2 805 439 4382 658
107 0 3 812 6 48 9
108 0 3 820 1 11 1
109 1 2 828 1 8 1
110 1 4 835 33 288 49
111 1 7 843 1 5 1
112 1 1 851 253 2459 379
113 1 3 858 594 6014 891
114 0 2 866 6 48 9
115 1 3 873 1 9 1
116 0 22 880 1 5 1
117 1 16 889 17 56 25
118 0 1 898 1257 13174 1885
119 1 1 904 1 9 1
120 0 1 910 14 116 21
121 1 2 916 11 90 16
122 0 7 923 5 15 7
123 0 5 931 1 9 1
124 0 2 939 1 9 1
125 1 5 946 1 10 1
126 0 2 954 1328 13952 1992
127 1 4 961 1 9 1
128 1 2 969 7592 86026 11388
129 0 3 976 671 6832 1006
130 1 3 983 1 13 1
131 1 2 991 88 811 132
132 1 3 998 1 8 1
133 1 1 1006 1 9 1
134 0 2 1012 1 10 1
135 1 1 1019 1 10 1
136 0 4 1024 14 116 21
137 1 2 1032 1 9 1
138 0 1 1039 305 2991 457
139 0 3 1045 1 9 1
140 0 5 1053 1 11 1
141 1 3 1061 1 11 1
142 0 3 1069 28 242 42
143 0 5 1076 47916 584704 71874
144 1 2 1084 1 9 1
145 1 2 1091 1 13 1
146 0 3 1098 1 9 1
147 1 17 1106 26 89 39
148 1 6 1115 48 428 72
149 0 3 1123 13372 155101 20058
150 0 6 1130 1 5 1
151 0 1 1138 219 2113 328
152 1 2 1144 58 523 87
153 0 4 1151 4 33 6
154 0 1 1159 1 9 1
155 0 1 1165 58 523 87
156 1 3 1172 81 743 121
157 1 10 1180 4 12 6
158 1 4 1189 13 108 19
159 1 6 1197 21 179 31
160 0 2 1205 2 17 3
161 1 79 1212 1 5 1
162 1 2 1222 41 363 61
163 1 4 1229 1 9 1
164 1 2 1237 9 73 13
165 0 2 1244 1 9 1
166 1 1 1251 1 10 1
167 1 6 1256 1 3 1
168 1 3 1264 18164 213315 27246
169 0 3 1272 1 9 1
170 0 5 1279 1 9 1
171 1 8 1287 209 865 313
172 0 4 1295 1 10 1
173 0 4 1303 1 11 1
174 1 1 1311 284 2776 426
175 0 1 1317 1 10 1
176 0 2 1323 3 25 4
177 0 11 1330 10 31 15
178 0 1 1339 152 1441 228
179 1 5 1345 1 10 1
180 0 3 1353 1 11 1
181 0 3 1361 1 10 1
182 1 3 1369 1 9 1
183 0 2 1376 42 372 63
184 0 5 1383 68 618 102
185 0 1 1391 56 504 84
186 0 3 1396 1 10 1
187 0 3 1404 3 25 4
188 0 8 1412 2662 13269 3993
189 0 2 1421 3 25 4
190 1 2 1428 7 56 10
191 0 2 1435 3 25 4
192 0 5 1442 3 25 4
193 0 2 1450 8 64 12
194 1 1 1457 1263 13239 1894
195 0 4 1463 572 5781 858
196 1 7 1471 5 15 7
197 0 2 1479 13 107 19
198 1 1 1486 28 242 42
199 1 4 1492 2 17 3
200 0 2 1500 53 475 79
201 1 1 1507 2 17 3
202 1 3 1513 14 116 21
203 1 5 1521 3 25 4
204 1 2 1529 1 10 1
205 1 8 1536 1 3 1
206 1 3 1544 177 1690 265
207 1 10 1551 2812 14068 4218
208 0 30 1560 644 2907 966
209 0 8 1569 417 1822 625
210 1 6 1577 1 10 1
211 1 4 1585 114 1064 171
212 1 2 1593 16 134 24
213 1 3 1600 1 11 1
214 0 1 1608 418 4163 627
215 0 13 1614 1 4 1
216 0 1 1623 20 170 30
217 0 1 1629 1 10 1
218 1 5 1635 13289 154099 19933
219 1 2 1643 22 188 33
220 0 3 1650 2 17 3
221 0 4 1658 7612 86262 11418
222 0 2 1666 1109 11557 1663
223 1 5 1673 71 647 106
224 1 20 1681 2488 12346 3732
225 0 2 1690 1 9 1
226 0 2 1697 1944 20774 2916
227 0 5 1704 2 17 3
228 1 4 1712 6 48 9
229 1 3 1720 1 9 1
230 1 8 1728 1 5 1
231 0 2 1737 13 107 19
232 0 1 1744 7 56 10
233 0 1 1750 5 40 7
234 0 9 1757 50556 301295 75834
235 1 3 1766 21 179 31
236 1 1 1774 1 12 1
237 0 3 1781 1 9 1
238 1 3 1789 1 12 1
239 0 32 1797 84 322 126
240 1 1 1806 1 9 1
241 0 1 1813 3 25 4
242 1 27 1819 3 9 4
243 1 2 1828 4 33 6
244 0 2 1835 1 9 1
245 1 2 1842 26 224 39
246 0 6 1849 6196 69612 9294
247 1 1 1857 1 10 1
248 1 1 1863 396 3933 594
249 1 8 1870 2147 10549 3220
250 0 1 1878 1 9 1
251 0 6 1884 1 10 1
252 1 1 1892 515 5179 772
253 0 11 1899 1 5 1
254 0 6 1908 7048 79614 10572
255 1 4 1916 1 10 1
256 1 2 1924 1 9 1
257 0 2 1931 1 9 1
258 1 2 1938 19 161 28
259 1 2 1945 1 11 1
260 0 6 1952 1 9 1
261 0 2 1960 49 438 73
262 1 3 1967 89266 1115556 133899
263 0 6 1974 1 11 1
264 1 1 1982 14261 165847 21391
265 0 1 1989 958 9917 1437
266 1 1 1995 9 73 13
267 1 5 2002 507412 6758194 761118
268 1 16 2010 116 457 174
269 0 9 2019 456 2006 684
270 1 2 2028 151 1430 226
271 1 8 2035 40 143 60
272 0 2 2043 22 188 33
273 1 3 2050 3 25 4
274 1 3 2057 75 686 112
275 0 2 2065 35 307 52
276 1 1 2072 3 25 4
277 1 2 2079 1 12 1
278 0 2 2086 132 1242 198
279 0 4 2093 15 125 22
280 0 1 2101 2 17 3
281 0 3 2108 1 9 1
282 0 3 2116 14 116 21
283 1 11 2124 3 9 4
284 1 5 2133 120 1124 180
285 1 3 2141 1 9 1
286 0 1 2148 1 10 1
287 1 2 2152 4 33 6
288 1 4 2159 131 1232 196
289 0 29 2167 42 151 63
290 1 2 2176 1 12 1
291 0 3 2183 34 297 51
292 0 1 2190 182 1741 273
293 0 5 2195 1 10 1
294 0 4 2203 1 9 1
295 1 3 2211 18 152 27
296 0 4 2219 3 25 4
297 1 3 2227 2 17 3
298 1 10 2234 4293 22079 6439
299 1 5 2243 13 108 19
300 0 10 2251 15 48 22
301 1 6 2260 347 3425 520
302 1 9 2268 1 4 1
303 1 2 2277 5 40 7
304 1 2 2284 1 9 1
305 0 4 2291 6 48 9
306 0 9 2299 4701 24318 7051
307 1 17 2308 9 27 13
308 1 2 2317 6 48 9
309 1 2 2324 217 2093 325
310 1 14 2331 1 4 1
311 1 1 2340 2 17 3
312 0 4 2346 6 48 9
313 0 5 2354 1 9 1
314 0 6 2362 80879 1006969 121318
315 1 1 2370 1 9 1
316 0 2 2376 5 40 7
317 1 4 2383 5 40 7
318 0 2 2391 340133 4465861 510199
319 0 4 2398 1 9 1
320 1 6 2406 1030 10697 1545
321 1 5 2414 1 10 1
322 0 16 2422 40 143 60
323 1 1 2431 1 9 1
324 1 3 2437 230 2225 345
325 1 5 2444 23 197 34
326 0 8 2452 2388 11817 3582
327 0 2 2460 1 9 1
328 1 7 2467 3 9 4
329 0 19 2475 35 124 52
330 1 3 2484 11894 137299 17841
331 0 3 2491 394 3913 591
332 1 1 2499 5 40 7
333 1 11 2505 505 2239 757
334 0 1 2514 1 12 1
335 0 1 2519 14904 173636 22356
336 0 2 2525 3 25 4
337 1 2 2532 4 33 6
338 1 3 2539 1 9 1
339 1 2 2547 3 25 4
340 0 2 2554 1 8 1
341 1 1 2561 3 25 4
342 0 1 2568 1 11 1
343 0 2 2574 2 17 3
344 0 1 2581 1 9 1
345 0 6 2587 12 98 18
346 0 1 2595 392 3892 588
347 1 2 2601 12 99 18
348 1 3 2608 1 9 1
349 0 4 2616 4 33 6
350 1 44 2624 81 309 121
351 1 5 2634 3097 33779 4645
352 1 1 2642 1 9 1
353 1 2 2648 9 72 13
354 0 5 2655 2491 26912 3736
355 0 10 2663 10 31 15
356 1 1 2672 20 170 30
357 1 9 2679 1 3 1
358 0 102 2688 1 3 1
359 1 9 2698 43 155 64
360 0 1 2707 158 1500 237
361 1 6 2714 433 4319 649
362 0 9 2722 4541 23439 6811
363 1 3 2731 1 10 1
364 1 1 2739 31 270 46
365 0 2 2745 1 9 1
366 1 1 2752 56 504 84
367 0 3 2755 2 17 3
368 0 4 2763 1 10 1
369 0 3 2771 3572 39201 5358
370 1 1 2778 1 9 1
371 1 20 2784 7 21 10
372 0 2 2793 11 90 16
373 1 5 2800 8 64 12
374 0 12 2808 1 4 1
375 0 2 2817 1 10 1
376 0 5 2824 26 224 39
377 0 11 2832 3 10 4
378 1 2 2841 4 33 6
379 0 1 2848 3820 42043 5730
380 1 14 2853 147 591 220
381 1 8 2862 2 7 3
382 1 1 2870 1 9 1
383 0 3 2877 11 90 16
384 0 1 2884 2706 29341 4059
385 0 1 2890 4748 52746 7122
386 1 2 2895 42647 518058 63970
387 1 1 2902 70 637 105
388 1 6 2908 24 81 36
389 1 3 2916 24 206 36
390 0 11 2924 509907 3429067 764860
391 0 3 2933 1 9 1
392 0 1 2941 338 3332 507
393 1 3 2948 69 628 103
394 1 3 2956 11 90 16
395 1 1 2964 1 12 1
396 1 7 2970 1 3 1
397 1 4 2978 1 9 1
398 0 3 2986 9 73 13
399 0 13 2994 1 4 1
400 1 13 3003 863 3979 1294
401 1 1 3012 1 9 1
402 1 2 3019 8290 94280 12435
403 0 3 3026 1 10 1
404 0 9 3034 1 4 1
405 0 7 3043 1 4 1
406 0 2 3051 1 10 1
407 0 3 3058 25 215 37
408 1 2 3066 1 9 1
409 0 4 3073 1 10 1
410 0 2 3081 180 1720 270
411 1 8 3088 1 4 1
412 1 1 3097 3 25 4
413 1 2 3103 3 25 4
414 0 1 3110 62 561 93
415 1 1 3116 2 17 3
416 0 2 3122 318 3125 477
417 1 4 3129 22 188 33
418 0 5 3137 423 4215 634
419 0 1 3145 1189 12429 1783
420 0 2 3151 1 13 1
421 1 2 3158 25 215 37
422 0 3 3165 1 10 1
423 0 1 3173 105 977 157
424 1 3 3179 10710 123100 16065
425 1 2 3187 900 9289 1350
426 0 9 3194 108955 677034 163432
427 1 7 3203 1 4 1
428 1 9 3211 36071 210938 54106
429 1 4 3220 28 242 42
430 0 13 3228 5 15 7
431 1 4 3237 1229 12867 1843
432 1 5 3245 36062 435205 54093
433 0 3 3253 386 3829 579
434 1 14 3261 4 12 6
435 1 2 3270 17 143 25
436 0 1 3277 5 41 7
437 0 2 3283 12 99 18
438 1 9 3290 41 147 61
439 0 3 3299 2 17 3
440 0 2 3307 1 10 1
441 1 2 3314 1 9 1
442 0 12 3321 31 108 46
443 1 3 3330 8401 95596 12601
444 1 1 3337 2 17 3
445 0 8 3342 544 2425 816
446 0 1 3350 9 72 13
447 1 3 3357 124 1163 186
448 0 2 3364 1 9 1
449 0 11 3371 1 4 1
450 1 7 3380 17 55 25
451 0 1 3388 8 64 12
452 1 2 3395 1683 17871 2524
453 0 1 3402 14 116 21
454 0 10 3409 1 3 1
455 1 1 3418 1 9 1
456 0 112 3424 264 1113 396
457 1 13 3434 10 31 15
458 0 13 3443 90 347 135
459 0 1 3452 1 9 1
460 0 2 3456 1 10 1
461 1 4 3463 5 40 7
462 1 1 3471 20 170 30
463 1 1 3477 477 4780 715
464 1 9 3483 299 1273 448
465 1 9 3492 844 3886 1266
466 1 2 3501 1 11 1
467 0 8 3508 123 487 184
468 0 1 3517 81 743 121
469 1 5 3523 101 937 151
470 0 4 3531 1 8 1
471 0 2 3539 1 9 1
472 1 13 3546 2 7 3
473 1 3 3555 2 17 3
474 0 1 3563 1 10 1
475 0 9 3569 3 9 4
476 0 1 3578 58 523 87
477 0 2 3583 1661 17626 2491
478 0 4 3590 59 532 88
479 1 5 3598 3428 37554 5142
480 1 1 3606 1 10 1
