0 0 5 5 3 25 4
1 0 1 9 54 485 81
2 1 3 11 1 11 1
3 0 3 15 1 11 1
4 0 12 19 1 3 1
5 0 4 24 3 25 4
6 0 1 28 1 10 1
7 1 23 31 1 5 1
8 0 3 36 128 1203 192
9 1 4 40 7 56 10
10 0 1 44 1 10 1
11 0 3 46 1 8 1
12 1 6 50 82 753 123
13 0 4 54 1 10 1
14 0 24 58 4 12 6
15 1 1 63 1425 15019 2137
16 0 2 65 328 3228 492
17 0 5 68 6 48 9
18 0 3 72 1 14 1
19 1 1 76 3 25 4
20 1 1 79 405 4027 607
21 0 3 81 1 10 1
22 1 1 85 1177 12298 1765
23 0 5 87 1 10 1
24 0 3 91 393 3902 589
25 1 3 95 2 17 3
26 0 2 99 1 11 1
27 1 5 102 7 56 10
28 0 2 106 18 152 27
29 0 4 109 58 523 87
30 1 1 113 18311 215111 27466
31 0 4 115 1 9 1
32 1 6 119 1 9 1
33 1 3 123 4 33 6
34 0 2 127 3 25 4
35 0 1 130 2826 30700 4239
36 0 2 132 1 9 1
37 0 3 135 123 1153 184
38 1 11 139 1 4 1
39 0 3 144 8 64 12
40 1 3 148 16 134 24
41 1 1 152 23 197 34
42 0 5 155 167 1590 250
43 1 1 159 2 17 3
44 1 6 162 8 24 12
45 0 3 166 1 9 1
46 0 1 170 1 8 1
47 1 1 173 278 2714 417
48 0 1 175 80 733 120
49 0 5 178 1 10 1
50 0 3 182 60 542 90
51 0 16 186 724 3296 1086
52 1 4 191 400 3975 600
53 1 1 195 51 457 76
54 0 2 198 1 9 1
55 0 6 201 138 1302 207
56 1 2 205 1110 11567 1665
57 1 1 208 308 3022 462
58 0 1 211 35 307 52
59 1 2 214 208 2002 312
60 1 1 217 55 494 82
61 1 5 218 3 25 4
62 0 22 222 7 21 10
63 1 1 227 13 107 19
64 0 5 229 17 143 25
65 1 1 233 137 1291 205
66 0 2 236 5 41 7
67 1 2 239 1 11 1
68 1 2 242 20 170 30
69 0 1 245 7 56 10
70 1 1 247 2182 23437 3273
71 0 5 249 1 10 1
72 1 3 253 13639 158325 20458
73 0 1 257 1 10 1
74 0 2 258 16 134 24
75 1 1 261 11 90 16
76 0 3 263 2954 32153 4431
77 0 6 267 11 90 16
78 0 1 271 2 17 3
79 0 3 272 1 10 1
80 0 5 276 8 64 12
81 1 25 280 612 2752 918
82 1 2 285 1 9 1
83 1 4 288 1 10 1
84 0 2 292 202 1942 303
85 1 3 295 97 898 145
86 1 1 299 2 17 3
87 1 2 301 5 41 7
88 0 30 304 575 2574 862
89 0 4 310 5 40 7
90 1 1 314 1 10 1
91 1 3 317 132 1242 198
92 1 4 321 215 2073 322
93 0 8 325 40 143 60
94 1 3 330 19 161 28
95 0 1 334 14967 174399 22450
96 1 4 336 1 12 1
97 0 5 340 53 475 79
98 0 1 344 1 11 1
99 1 2 347 6 48 9
100 1 1 350 1 10 1
101 0 10 352 128 509 192
102 0 17 357 2292 11311 3438
103 0 4 362 22 188 33
104 0 1 366 30 261 45
105 0 3 368 2635 28538 3952
106 1 5 372 1 10 1
107 1 2 376 2277 24503 3415
108 1 1 379 100 928 150
109 0 2 382 1 9 1
110 0 3 385 184 1761 276
111 1 2 389 16475 192719 24712
112 1 4 392 299 2930 448
113 0 3 396 1 9 1
114 1 6 400 1 9 1
115 0 1 404 1 10 1
116 1 5 405 7 56 10
117 1 3 409 45 400 67
118 1 6 413 62 561 93
119 1 2 417 80 733 120
120 1 1 420 133 1252 199
121 0 2 423 1 9 1
122 0 2 426 1 9 1
123 0 1 429 42 372 63
124 0 4 432 4 33 6
125 0 2 436 4 33 6
126 1 2 439 1707 18137 2560
127 1 6 442 22172 262475 33258
128 0 2 446 945 9776 1417
129 1 2 449 412 4100 618
130 1 2 452 177 1690 265
131 1 5 455 1 9 1
132 1 4 459 2 17 3
133 1 6 463 19 161 28
134 1 3 467 93 860 139
135 0 1 471 1329 13963 1993
136 1 1 473 1 10 1
137 0 1 476 1 9 1
138 1 2 479 1 9 1
139 1 6 482 8 64 12
140 1 8 486 25 85 37
141 0 2 491 1 10 1
142 0 7 494 1 3 1
143 0 8 499 1 3 1
144 0 2 504 1 10 1
145 1 2 507 1 10 1
146 1 2 510 1 9 1
147 1 2 513 77 704 115
148 1 1 516 239 2317 358
149 0 5 519 3928 43284 5892
150 1 1 523 39 344 58
151 0 7 525 1 3 1
152 0 10 530 1 4 1
153 0 1 535 6403 72037 9604
154 0 1 538 1 11 1
155 1 12 540 3478 17645 5217
156 1 2 545 48254 588989 72381
157 0 1 548 1 9 1
158 1 5 551 1 9 1
159 1 4 555 33 288 49
160 0 12 559 1 4 1
161 1 3 564 117 1094 175
162 0 2 568 1 8 1
163 0 6 571 1 5 1
164 1 6 575 1 5 1
165 0 7 579 2 7 3
166 0 4 583 438 4372 657
167 0 4 587 237 2296 355
168 1 2 591 3 25 4
169 1 23 594 438 1921 657
170 0 7 599 2 6 3
171 0 2 603 131 1232 196
172 1 2 606 7929 90008 11893
173 1 2 609 1 9 1
174 1 2 612 7 56 10
175 0 8 615 121 479 181
176 0 3 620 121 1133 181
177 1 2 624 1 9 1
178 0 9 627 22 74 33
179 0 12 632 1 5 1
180 1 4 637 1 10 1
181 0 2 641 8 64 12
182 1 2 644 2 17 3
183 1 3 647 446 4455 669
184 0 5 651 12 99 18
185 1 1 655 35 307 52
186 0 12 657 4 12 6
187 0 1 662 114 1065 171
188 1 28 664 4501 23219 6751
189 0 4 670 2 17 3
190 1 9 674 1 5 1
191 1 2 679 832 8557 1248
192 0 6 682 129 1212 193
193 1 2 686 1 9 1
194 0 3 689 69 628 103
195 0 5 693 978 10133 1467
196 1 5 697 1 9 1
197 1 3 701 1 9 1
198 1 2 705 153 1451 229
199 0 2 708 596 6035 894
200 1 3 711 43 381 64
201 1 1 715 1 8 1
202 0 4 717 6 48 9
203 0 1 721 1 9 1
204 0 2 723 2 17 3
205 1 3 726 4 33 6
206 0 3 730 1 10 1
207 1 1 734 221 2134 331
208 1 2 736 1 9 1
209 1 6 739 1 9 1
210 0 3 743 2 17 3
211 0 5 747 2152 23101 3228
212 0 8 751 1645 7937 2467
213 0 3 756 1 10 1
214 1 4 760 1 9 1
215 1 1 764 1 11 1
216 1 2 766 7 56 10
217 0 1 769 540 5443 810
218 1 3 771 1 11 1
219 0 1 775 194 1861 291
220 1 2 777 3 25 4
221 1 3 780 3 25 4
222 1 12 784 1 3 1
223 1 6 789 7 56 10
224 0 4 793 1 11 1
225 0 2 797 2 17 3
226 1 2 800 83 762 124
227 0 6 803 52 466 78
228 0 2 807 3249 35510 4873
229 1 1 810 1 9 1
230 1 5 813 239 2317 358
231 1 5 817 32 279 48
232 0 2 821 1 9 1
233 1 1 824 72 656 108
234 0 14 827 68 256 102
235 0 6 832 2633 28516 3949
236 0 1 836 3 25 4
237 0 7 838 90 347 135
238 1 1 842 1 11 1
239 1 7 845 1 4 1
240 1 3 849 114 1065 171
241 0 13 853 1 5 1
242 1 1 858 79 724 118
243 0 1 861 1 9 1
244 1 12 863 66 247 99
245 1 5 868 2 17 3
246 1 13 872 1 3 1
247 1 11 877 370 1602 555
248 0 5 882 2 17 3
249 1 2 886 2072 22205 3108
250 1 2 889 445 4445 667
251 1 21 892 21771 123674 32656
252 1 7 897 38 135 57
253 0 5 902 331 3259 496
254 0 3 906 8 64 12
255 1 1 910 1413 14887 2119
256 1 18 913 61 227 91
257 0 1 918 3 25 4
258 1 2 920 71 647 106
259 1 4 923 251 2439 376
260 1 3 927 362 3580 543
261 0 4 931 14 116 21
262 0 3 935 36 316 54
263 0 1 939 48 428 72
264 0 4 941 81 743 121
265 1 2 945 642 6524 963
266 0 7 948 29 100 43
267 0 8 953 57 211 85
268 1 1 958 20727 244709 31090
269 0 15 960 12 38 18
270 1 19 965 4 12 6
271 0 3 970 1 11 1
272 1 6 974 503 5053 754
273 0 3 978 1 10 1
274 1 1 982 1 10 1
275 0 1 985 18 152 27
276 1 2 988 1 9 1
277 1 4 991 2 17 3
278 0 1 995 1 12 1
279 0 2 997 40 353 60
280 0 7 1000 14701 81600 22051
281 1 1 1004 1 12 1
282 1 2 1007 83 763 124
283 0 2 1010 1 12 1
284 0 4 1013 30 261 45
285 1 1 1017 85 782 127
286 0 4 1019 277 2704 415
287 0 3 1023 5 41 7
288 1 2 1027 1 12 1
289 1 5 1030 2 17 3
290 1 2 1034 1 10 1
291 0 7 1037 565 2526 847
292 1 14 1041 125 496 187
293 1 1 1046 1 9 1
294 1 1 1049 15852 185142 23778
295 0 6 1052 1 11 1
296 1 7 1056 200 825 300
297 0 49 1060 16 52 24
298 0 5 1066 48 428 72
299 0 1 1070 26 224 39
300 1 3 1073 8 64 12
301 1 1 1077 112 1045 168
302 0 2 1080 26 224 39
303 1 2 1083 1 9 1
304 0 2 1086 1 9 1
305 1 1 1089 2 17 3
306 1 3 1092 1 11 1
307 0 1 1096 4 33 6
308 1 1 1099 5 41 7
309 0 4 1101 2584 27962 3876
310 0 2 1105 191977 2468671 287965
311 0 1 1108 1 9 1
312 1 1 1111 32042 384899 48063
313 1 2 1113 2 17 3
314 1 1 1116 1 9 1
315 1 1 1119 2 17 3
316 0 4 1122 6 48 9
317 1 28 1126 28 97 42
318 0 2 1132 9 73 13
319 0 1 1135 2 17 3
320 0 2 1138 1 10 1
321 1 1 1141 33 288 49
322 1 2 1143 78 714 117
323 0 3 1146 1 9 1
324 1 3 1150 7 56 10
325 1 6 1154 21780 257651 32670
326 0 2 1158 6431 72365 9646
327 1 5 1161 10421 119643 15631
328 0 7 1165 47 171 70
329 1 1 1169 143 1351 214
330 0 7 1171 1171942 8204104 1757913
331 0 2 1175 1 10 1
332 0 9 1178 150 604 225
333 1 4 1183 59 532 88
334 0 4 1187 1 12 1
335 1 3 1191 1 12 1
336 1 2 1195 41 362 61
337 0 3 1198 7 56 10
338 0 3 1202 1 9 1
339 0 4 1206 45 400 67
340 0 2 1210 3 25 4
341 0 1 1213 88 811 132
342 1 1 1215 34 297 51
343 1 3 1217 208 2002 312
344 1 1 1221 2 17 3
345 0 1 1224 3 25 4
346 1 4 1226 5 40 7
347 1 3 1230 71 647 106
348 1 5 1234 18 152 27
349 1 2 1238 1 9 1
350 0 1 1241 9 73 13
351 0 6 1244 338 3332 507
352 0 2 1248 1 10 1
353 1 3 1251 45 400 67
354 1 1 1255 1 9 1
355 0 2 1257 95 879 142
356 0 1 1260 1 9 1
357 0 2 1262 3 25 4
358 0 3 1265 1 11 1
359 1 1 1269 302 2961 453
360 0 2 1271 36 316 54
361 0 8 1274 134 535 201
362 1 8 1279 1 4 1
363 1 4 1284 32 279 48
364 1 6 1288 1 13 1
365 0 3 1292 30 261 45
366 0 3 1296 1 11 1
367 1 1 1300 231 2235 346
368 0 2 1303 1 10 1
369 0 3 1306 2 17 3
370 1 7 1310 7830 41828 11745
371 1 1 1315 4 33 6
372 0 2 1317 9182 104869 13773
373 0 3 1320 1 9 1
374 1 8 1324 96 372 144
375 0 4 1329 7 56 10
376 0 3 1333 1 10 1
377 0 1 1337 579 5855 868
378 0 2 1339 1 10 1
379 1 22 1342 3 10 4
380 0 6 1347 5 41 7
381 1 1 1351 1669 17715 2503
382 1 8 1353 6 18 9
383 0 2 1358 1002 10393 1503
384 0 1 1361 9 72 13
385 1 6 1364 47 419 70
386 1 3 1368 4 33 6
387 1 2 1372 305 2992 457
388 0 2 1375 8421 95833 12631
389 0 2 1378 1 9 1
390 0 2 1381 1 9 1
391 1 1 1384 1 10 1
392 0 3 1387 1 10 1
393 0 3 1390 1 9 1
394 0 1 1394 11617 133972 17425
395 1 2 1397 22 188 33
396 1 3 1400 18 152 27
397 0 3 1404 6 48 9
398 1 1 1408 114 1065 171
399 1 3 1410 24 206 36
400 0 8 1414 4 12 6
401 0 8 1419 1 6 1
402 1 7 1424 230 959 345
403 0 2 1429 1 10 1
404 0 4 1432 6 48 9
405 0 1 1436 61 551 91
406 1 2 1438 1 10 1
407 1 1 1441 1 10 1
408 1 9 1443 1 3 1
409 0 6 1448 5 41 7
410 0 3 1452 1 13 1
411 0 1 1456 1 9 1
412 0 2 1458 1 10 1
413 0 11 1461 1 3 1
414 1 3 1466 5 40 7
415 1 1 1470 462 4623 693
416 1 6 1472 1 9 1
417 1 2 1476 177 1690 265
418 0 6 1479 41215 242838 61822
419 1 2 1483 715 7302 1072
420 1 11 1486 1 4 1
421 0 4 1491 2 17 3
422 0 5 1495 8 64 12
423 1 2 1499 1 10 1
424 0 2 1502 1 9 1
425 0 1 1505 19 161 28
426 1 8 1507 1 5 1
427 0 2 1512 6587 74196 9880
428 0 3 1515 1 9 1
429 1 3 1519 1259 13195 1888
430 1 9 1523 92 355 138
431 1 14 1528 2008 9822 3012
432 1 4 1533 1 11 1
433 1 2 1537 38 334 57
434 1 7 1540 1 5 1
435 1 4 1545 136833 1737647 205249
436 0 1 1549 1 10 1
437 0 4 1550 70 637 105
438 1 2 1554 23263 275920 34894
439 0 3 1557 65 589 97
440 1 1 1561 3 25 4
441 0 1 1563 1180 12331 1770
442 0 10 1566 1 4 1
443 0 21 1571 346 1490 519
444 0 2 1576 141 1331 211
445 0 3 1579 16956 198576 25434
446 0 1 1583 6 48 9
447 0 3 1585 721 7366 1081
448 0 4 1589 1513 15989 2269
449 0 2 1593 18513 217580 27769
450 1 6 1596 40 143 60
451 0 3 1600 1 12 1
452 1 3 1604 5512 61622 8268
453 0 1 1608 1 13 1
454 0 1 1611 1 12 1
455 1 7 1613 54 199 81
456 1 3 1617 1 9 1
457 0 1 1621 1 9 1
458 1 3 1624 8 64 12
459 1 1 1627 20 170 30
460 0 3 1629 17 143 25
461 1 1 1633 14227022 211922595 21340533
462 0 2 1635 47 419 70
463 0 3 1638 3 25 4
464 1 4 1642 1 11 1
465 0 5 1646 94 869 141
466 1 6 1650 280 1186 420
467 1 4 1654 199 1911 298
468 0 2 1658 3133 34188 4699
469 0 3 1661 46 409 69
470 0 4 1665 1 9 1
471 1 1 1669 2812 30542 4218
472 1 1 1671 6740 75992 10110
473 0 4 1673 54 485 81
474 0 1 1677 1 9 1
475 0 2 1679 836 8600 1254
476 1 3 1682 6 48 9
477 1 4 1686 161 1530 241
478 0 2 1690 62 561 93
479 1 5 1693 1 9 1
480 0 3 1697 1331 13985 1996
481 0 1 1701 47 419 70
482 0 4 1703 2296 24717 3444
483 1 4 1707 17 143 25
484 1 13 1711 41 147 61
485 0 3 1716 219 2113 328
486 1 3 1720 1 10 1
487 1 3 1724 1 9 1
488 0 6 1728 1 9 1
489 0 4 1732 1 9 1
490 0 3 1736 91 840 136
491 1 1 1740 1 9 1
492 0 6 1742 15 125 22
493 1 2 1746 614 6226 921
494 0 2 1749 2039 21836 3058
495 0 2 1752 1 9 1
496 0 7 1755 51 187 76
497 0 4 1759 2 17 3
498 1 3 1763 2 17 3
499 0 9 1767 1 6 1
500 1 3 1772 1 11 1
501 1 1 1776 43 381 64
502 0 11 1777 1 4 1
503 0 2 1782 81 743 121
504 0 3 1785 1 11 1
505 0 2 1789 18 152 27
506 0 4 1792 160 1520 240
507 1 2 1796 1 9 1
508 0 2 1799 38 335 57
509 0 2 1802 275 2684 412
510 1 5 1805 4719 52410 7078
511 0 2 1809 4057 44767 6085
512 0 1 1812 3 25 4
513 1 14 1814 1 4 1
514 1 3 1819 4 33 6
515 0 3 1823 213 2053 319
516 1 6 1826 100 928 150
517 0 2 1830 353 3487 529
518 0 62 1833 142 569 213
519 0 4 1839 66 599 99
520 0 2 1843 3 25 4
521 0 2 1846 647 6577 970
522 0 11 1849 49 179 73
523 0 1 1854 102 947 153
524 0 3 1856 174 1660 261
525 1 1 1860 627 6364 940
526 1 1 1863 1 9 1
527 1 5 1865 1 11 1
528 0 5 1869 6 48 9
529 1 2 1873 3 25 4
530 1 2 1876 1 11 1
531 0 2 1879 3 25 4
532 0 1 1882 331 3260 496
533 0 14 1884 1 4 1
534 0 3 1889 1 9 1
535 1 1 1893 11 90 16
536 1 2 1895 10 81 15
537 1 2 1898 1 10 1
538 0 3 1901 67733 837614 101599
539 0 4 1905 1 9 1
540 0 1 1909 1 9 1
541 1 9 1911 25 85 37
542 1 3 1916 6 48 9
543 1 3 1920 87 801 130
544 0 4 1924 109 1016 163
545 0 3 1928 2 17 3
546 0 5 1932 60 542 90
547 0 6 1936 17 143 25
548 1 2 1940 81 743 121
549 0 1 1943 1 13 1
550 1 3 1944 1 9 1
551 1 3 1948 395 3923 592
552 1 1 1952 36 316 54
553 0 5 1954 1 13 1
554 0 4 1958 486 4874 729
555 0 2 1962 1 10 1
556 1 2 1965 1 9 1
557 0 2 1968 1 9 1
558 1 28 1971 1 5 1
559 1 1 1977 1 8 1
560 0 1 1979 1 11 1
561 1 2 1982 150 1420 225
562 1 4 1985 1 10 1
563 0 2 1989 1 9 1
564 1 2 1992 1 10 1
565 1 2 1995 596 6035 894
566 1 4 1998 2335 25155 3502
567 1 1 2002 30 261 45
568 0 3 2005 797 8180 1195
569 1 1 2009 57 513 85
570 1 2 2011 1 9 1
571 1 7 2014 2 7 3
572 0 1 2019 1 9 1
573 1 2 2022 1 10 1
574 0 1 2025 217 2093 325
575 1 3 2028 1 9 1
576 1 2 2031 2 17 3
577 1 1 2034 7 56 10
578 0 1 2037 157 1490 235
579 1 2 2039 4 33 6
580 1 5 2042 1 11 1
581 1 1 2046 1 8 1
582 0 7 2048 13 41 19
583 0 4 2052 1 10 1
584 0 6 2056 2 17 3
585 1 5 2060 16690 195336 25035
586 1 1 2064 1 9 1
587 0 7 2065 420024 2797645 630036
588 1 1 2069 1 11 1
589 1 6 2072 79 724 118
590 0 2 2076 1 11 1
591 0 1 2079 414 4121 621
592 0 2 2081 1 9 1
593 0 4 2084 1 10 1
594 0 36 2088 1 4 1
595 1 4 2094 1 10 1
596 0 1 2098 1 11 1
597 1 6 2101 2 17 3
598 1 3 2105 14 116 21
599 0 4 2109 2874 31245 4311
600 0 5 2113 1 10 1
601 1 2 2117 2 17 3
602 1 6 2120 797 3654 1195
603 0 2 2124 1 10 1
604 1 15 2127 1 4 1
605 0 20 2132 1 4 1
606 1 4 2137 38 334 57
607 1 3 2141 2 17 3
608 1 1 2145 2 17 3
609 0 5 2148 103 957 154
610 1 2 2152 1 11 1
611 1 1 2155 1 9 1
612 1 2 2158 184 1761 276
613 1 2 2161 6 48 9
614 1 7 2164 10 31 15
615 0 10 2169 1 4 1
616 1 3 2174 13283 154027 19924
617 1 8 2178 1 4 1
618 0 3 2183 144 1361 216
619 0 1 2187 38 335 57
620 1 24 2189 112 440 168
621 1 1 2194 1 13 1
622 1 2 2196 107 996 160
623 1 1 2199 1 10 1
624 1 1 2202 2 17 3
625 1 2 2205 419 4173 628
626 1 3 2208 80 734 120
627 1 1 2212 1 9 1
628 1 2 2215 136411 1732088 204616
629 0 1 2218 1110 11567 1665
630 1 2 2221 1 11 1
631 0 2 2224 11 90 16
632 0 4 2227 5 41 7
633 1 4 2231 1 11 1
634 0 3 2235 1 9 1
635 1 26 2239 2 6 3
636 1 1 2244 1 11 1
637 1 1 2246 2 17 3
638 1 6 2248 4 33 6
639 1 3 2252 4 33 6
640 1 9 2256 37 131 55
641 0 1 2261 1673 17760 2509
642 1 2 2263 2 17 3
643 0 5 2266 1 9 1
644 1 10 2270 1 5 1
645 1 3 2275 324 3187 486
646 1 1 2278 1 10 1
647 0 15 2280 8 24 12
648 0 3 2285 22 188 33
649 1 9 2289 1 5 1
650 0 1 2294 1557 16475 2335
651 0 12 2296 3 10 4
652 1 2 2301 1 10 1
653 1 1 2304 1 9 1
654 0 2 2306 1 9 1
655 1 3 2309 3 25 4
656 0 10 2313 54 199 81
657 0 2 2318 1 10 1
658 1 3 2321 23254 275808 34881
659 1 1 2325 1 10 1
660 0 1 2327 96689 1211974 145033
661 1 5 2329 258 2510 387
662 1 1 2333 4 33 6
663 1 2 2335 28 242 42
664 0 3 2338 211 2032 316
665 0 3 2342 3362 36800 5043
666 0 4 2346 1 10 1
667 0 1 2350 1 9 1
668 0 3 2353 158 1500 237
669 0 3 2357 9 73 13
670 1 5 2361 2 17 3
671 0 16 2365 1 3 1
672 1 2 2370 33622 404644 50433
673 0 4 2373 1 10 1
674 0 5 2377 1 8 1
675 1 5 2381 1 10 1
676 1 4 2385 17 143 25
677 0 3 2389 1 9 1
678 0 5 2393 97 898 145
679 0 2 2397 1 10 1
680 1 5 2400 276504 3603340 414756
681 1 4 2404 78 714 117
682 1 4 2408 5083 56631 7624
683 1 2 2412 30955 371336 46432
684 1 1 2415 2958 32198 4437
685 1 2 2418 1 11 1
686 0 1 2421 9885 113243 14827
687 0 2 2424 3851 42399 5776
688 1 9 2427 1 6 1
689 0 4 2432 396 3933 594
690 1 6 2436 1 8 1
691 0 21 2440 35 124 52
692 0 4 2445 9 73 13
693 1 6 2449 2 17 3
694 0 2 2453 4 33 6
695 0 5 2456 1 12 1
696 0 25 2460 1 4 1
697 1 3 2465 1 11 1
698 1 1 2469 9 73 13
699 1 3 2471 1 12 1
700 1 5 2475 1 11 1
701 1 3 2479 1 10 1
702 0 3 2483 1 9 1
703 1 6 2487 2 7 3
704 1 1 2491 273 2663 409
705 1 1 2493 254 2469 381
706 0 3 2495 331 3260 496
707 0 2 2499 51 456 76
708 1 3 2502 330 3249 495
709 1 2 2506 6 48 9
710 1 5 2509 18 152 27
711 0 2 2513 1121 11687 1681
712 1 4 2516 1 9 1
713 0 2 2520 1 9 1
714 1 4 2523 1 11 1
715 0 6 2527 12522 68840 18783
716 1 12 2531 38 135 57
717 0 26 2536 26 89 39
718 1 4 2541 8 64 12
719 0 4 2545 69 628 103
720 1 5 2549 1 9 1
721 0 3 2553 64 580 96
722 0 3 2557 2 17 3
723 0 1 2561 182411 2341250 273616
724 0 7 2564 11 34 16
725 0 4 2569 1 9 1
726 0 15 2573 219 910 328
727 1 26 2578 3 9 4
728 0 2 2583 923 9538 1384
729 1 4 2586 5560 62182 8340
730 0 6 2590 245 2377 367
731 1 6 2594 1 10 1
732 0 1 2598 2 17 3
733 0 7 2601 3 9 4
734 1 5 2605 1 9 1
735 0 1 2609 2 17 3
736 1 7 2611 21 70 31
737 1 11 2615 3853 19678 5779
738 0 5 2620 1 10 1
739 0 4 2624 3 25 4
740 0 1 2628 4 33 6
741 0 3 2630 7572 85790 11358
742 1 3 2634 1 12 1
743 1 12 2638 13 41 19
744 1 2 2643 6 48 9
745 1 3 2646 2 17 3
746 0 1 2650 6 48 9
747 0 2 2652 49 438 73
748 0 3 2655 44 391 66
749 1 3 2659 7 56 10
750 0 2 2663 2317 24953 3475
751 1 5 2666 1 11 1
752 0 4 2670 1 9 1
753 0 1 2674 6 48 9
754 1 2 2676 4 33 6
755 1 7 2679 1 6 1
756 1 27 2683 24 82 36
757 1 1 2689 150212 1914175 225318
758 0 1 2691 12 98 18
759 0 6 2693 126806 1605748 190209
760 0 2 2697 1 10 1
761 1 3 2700 1 9 1
762 1 5 2704 2 17 3
763 1 3 2708 1 10 1
764 0 1 2712 1 9 1
765 0 6 2714 10 81 15
766 1 3 2718 10 81 15
767 0 6 2722 2 17 3
768 1 10 2726 2 7 3
769 0 5 2731 41 363 61
770 0 5 2735 1 10 1
771 0 3 2739 1157116 15862770 1735674
772 1 10 2743 192 789 288
773 0 6 2748 1 9 1
774 1 26 2752 1 4 1
775 0 8 2757 2 6 3
776 1 2 2762 92 850 138
777 1 1 2765 495 4969 742
778 1 4 2768 10 81 15
779 1 9 2772 1 5 1
780 1 4 2777 1 9 1
781 1 2 2781 54 485 81
782 1 7 2784 14 45 21
783 1 3 2788 44 390 66
784 1 3 2792 2 17 3
785 0 5 2795 7 56 10
786 0 1 2799 1 12 1
787 0 3 2802 1 10 1
788 1 5 2806 1 10 1
789 1 4 2810 1 9 1
790 1 10 2814 4 12 6
791 0 5 2819 322 3166 483
792 0 8 2823 2 7 3
793 0 10 2828 1 4 1
794 0 2 2833 218797 2827088 328195
795 1 6 2836 2 17 3
796 1 10 2840 30 104 45
797 0 1 2845 2 17 3
798 1 11 2846 1 4 1
799 1 1 2851 53 475 79
800 0 2 2854 31 270 46
801 0 3 2857 12 99 18
802 0 1 2861 1 10 1
803 0 37 2864 3931 20102 5896
804 0 2 2870 9 72 13
805 1 3 2873 298 2920 447
806 1 2 2877 2 17 3
807 1 128 2880 40 143 60
808 0 5 2886 48 428 72
809 0 1 2890 7397 83726 11095
810 1 2 2892 2 17 3
811 1 2 2895 100792 1265386 151188
812 1 5 2898 501 5032 751
813 0 5 2902 4 33 6
814 1 1 2906 193 1851 289
815 1 3 2908 4878 54253 7317
816 0 6 2912 1 4 1
817 0 7 2916 2 6 3
818 0 2 2921 5 40 7
819 0 3 2924 472 4727 708
820 0 4 2928 2 17 3
821 1 6 2932 13 41 19
822 1 1 2936 1 10 1
823 0 2 2938 311 3053 466
824 1 2 2941 1 10 1
825 1 12 2944 1 5 1
826 0 2 2949 1 9 1
827 1 6 2952 105 976 157
828 1 2 2956 229 2215 343
829 0 3 2959 1 11 1
830 1 1 2963 1 9 1
831 1 6 2965 1 12 1
832 0 2 2969 23 197 34
833 1 2 2972 4530 50223 6795
834 1 2 2975 5 40 7
835 0 4 2978 8622 98216 12933
836 0 2 2982 1 12 1
837 0 2 2985 6 48 9
838 1 3 2988 29 251 43
839 0 3 2992 2 17 3
840 0 8 2996 6 18 9
841 0 1 3001 592 5993 888
842 0 2 3004 13 107 19
843 1 21 3007 35 124 52
844 0 3 3012 7 56 10
845 0 4 3016 1 9 1
846 1 3 3020 1 10 1
847 1 4 3024 1 10 1
848 1 3 3028 1 9 1
849 0 4 3032 1 11 1
850 1 4 3036 1 8 1
851 0 4 3040 2 17 3
852 0 9 3044 1 3 1
853 1 5 3049 83 762 124
854 1 2 3053 1 10 1
855 1 2 3056 670 6822 1005
856 0 1 3059 1 9 1
857 0 1 3061 2 17 3
858 1 1 3064 1 10 1
859 1 2 3067 15 125 22
860 0 1 3070 98 908 147
861 0 3 3072 257 2500 385
862 0 1 3076 11 90 16
863 1 17 3079 1 4 1
864 0 2 3084 1 9 1
865 1 1 3087 40 353 60
866 1 6 3090 1847 19693 2770
867 1 7 3094 21 70 31
868 0 3 3098 7 56 10
869 0 2 3102 1 11 1
870 0 1 3105 2 17 3
871 0 1 3107 302 2961 453
872 1 3 3110 220 2123 330
873 1 1 3114 11 90 16
874 0 6 3116 1 4 1
875 1 1 3120 81 743 121
876 1 3 3123 1 9 1
877 1 2 3127 7 56 10
878 0 2 3130 2535 27409 3802
879 0 13 3133 2 7 3
880 1 1 3138 1 11 1
881 1 4 3140 10 81 15
882 1 2 3144 1 9 1
883 0 2 3147 459 4591 688
884 0 2 3150 1 11 1
885 0 5 3153 2 17 3
886 0 10 3157 2 7 3
887 1 6 3162 796 8170 1194
888 1 8 3166 1 4 1
889 0 4 3171 1 9 1
890 0 2 3175 1 10 1
891 1 1 3178 34 297 51
892 1 6 3181 1 10 1
893 0 3 3185 1 9 1
894 1 3 3189 74 676 111
895 1 2 3193 1 9 1
896 0 4 3196 1 10 1
897 0 3 3200 1 9 1
898 1 14 3204 1 4 1
899 1 2 3209 1 9 1
900 0 3 3212 75 685 112
901 1 22 3216 6 18 9
902 0 3 3221 4 33 6
903 0 1 3225 1 10 1
904 0 1 3227 11 90 16
905 1 3 3229 7 56 10
906 1 2 3233 284 2776 426
907 1 3 3236 3 25 4
908 1 10 3240 710 3228 1065
909 0 3 3245 15 125 22
910 0 3 3249 8 64 12
911 0 4 3253 1 11 1
912 0 1 3257 8 64 12
913 0 7 3259 47 171 70
914 1 11 3263 1 4 1
915 1 1 3268 3632 39888 5448
916 1 15 3271 23 78 34
917 0 5 3276 5 40 7
918 1 3 3280 1 9 1
919 1 2 3284 1 9 1
920 0 1 3287 817 8395 1225
921 0 1 3289 199287 2566194 298930
922 1 3 3292 5 41 7
923 1 2 3296 25 215 37
924 1 5 3299 1 9 1
925 0 4 3303 49086 599541 73629
926 0 4 3307 28 242 42
927 1 8 3311 1 5 1
928 0 11 3316 1 6 1
929 0 3 3321 1 9 1
930 0 2 3324 1 9 1
931 0 20 3327 1 4 1
932 0 6 3332 1855 9024 2782
933 1 1 3336 1 9 1
934 0 3 3339 8 64 12
935 1 3 3343 1 10 1
936 1 7 3347 1 4 1
937 0 9 3352 1 4 1
938 1 2 3357 2589 28018 3883
939 0 6 3360 1 9 1
940 0 8 3364 1 4 1
941 0 4 3369 1 11 1
942 1 2 3373 10 81 15
943 0 1 3376 6449 72576 9673
944 1 3 3379 21 178 31
945 1 5 3383 1 9 1
946 0 9 3387 408 1780 612
947 0 8 3392 21 70 31
948 1 7 3397 15 48 22
949 0 1 3401 1 10 1
950 1 2 3404 2 17 3
951 1 1 3407 3582 39315 5373
952 0 27 3409 143 574 214
953 1 3 3415 65783 812590 98674
954 0 4 3419 7 56 10
955 1 3 3423 1 12 1
956 1 5 3427 13 107 19
957 1 4 3431 1 9 1
958 0 3 3435 1 10 1
959 0 1 3439 259 2520 388
960 0 5 3441 4 33 6
961 1 8 3445 140 561 210
962 1 2 3450 5 40 7
963 0 3 3453 1 10 1
964 0 1 3457 7 56 10
965 1 8 3460 1 4 1
966 0 6 3465 34750 202783 52125
967 1 2 3469 3 25 4
968 0 1 3472 416 4142 624
969 0 1 3474 505 5074 757
970 0 1 3476 6703 75558 10054
971 1 2 3478 248 2408 372
972 0 1 3481 14 116 21
973 0 1 3483 1 10 1
974 0 4 3486 4 33 6
975 0 2 3490 1 9 1
976 0 1 3493 1 9 1
977 0 11 3495 5 15 7
978 0 8 3500 385 1672 577
979 1 8 3505 1 3 1
980 0 3 3510 1958 20931 2937
981 1 1 3514 737 7537 1105
982 1 7 3516 2 7 3
983 1 1 3520 1 12 1
984 0 2 3523 1 10 1
985 1 2 3526 14 116 21
986 1 2 3529 1909 20384 2863
987 1 1 3532 174 1660 261
988 1 3 3533 13 107 19
989 1 2 3537 97 898 145
990 1 1 3540 3915 43135 5872
991 0 3 3542 115 1074 172
992 0 2 3546 3 25 4
993 1 2 3549 49 438 73
994 0 9 3552 327 1402 490
995 1 4 3557 1 8 1
996 1 3 3561 11 90 16
997 1 1 3565 134 1262 201
998 0 14 3567 12 38 18
999 1 2 3572 18 152 27
1000 1 5 3575 1 9 1
1001 0 2 3579 1 10 1
1002 1 6 3582 1 9 1
1003 1 1 3586 1 9 1
1004 0 3 3587 1 11 1
1005 1 4 3591 1 9 1
1006 1 6 3595 6098 68465 9147
1007 0 2 3599 35 307 52
1008 0 2 3602 1 10 1
1009 0 5 3605 4 33 6
1010 1 3 3609 10 81 15
