0 0 4 5 1 9 1
1 1 7 13 1 4 1
2 0 15 22 1 4 1
3 0 9 32 394 1714 591
4 0 1 41 168 1600 252
5 0 12 45 8 24 12
6 0 1 55 2 17 3
7 0 34 60 1 4 1
8 1 5 71 41 362 61
9 1 2 79 1662 17638 2493
10 0 1 85 350 3456 525
11 0 3 89 16 134 24
12 1 4 96 1 11 1
13 0 9 104 32662 189928 48993
14 0 1 113 1 9 1
15 0 5 116 1 9 1
16 0 1 124 4356 48214 6534
17 1 1 129 389 3860 583
18 1 2 133 758 7762 1137
19 1 1 140 3 25 4
20 1 1 146 1 11 1
21 0 2 151 507 5095 760
22 1 3 158 1 9 1
23 0 2 165 1 10 1
24 0 5 172 1 9 1
25 0 6 180 6 48 9
26 0 2 189 1 11 1
27 0 2 195 16 134 24
28 1 1 202 125133 1583777 187699
29 0 3 207 4 33 6
30 0 4 215 11 90 16
31 0 2 223 1 11 1
32 1 5 230 1038 10784 1557
33 0 1 238 4570 50686 6855
34 1 5 242 25871 308153 38806
35 0 5 250 4 33 6
36 1 14 258 19969 112866 29953
37 1 3 268 1 11 1
38 1 2 275 5 41 7
39 1 36 281 1 4 1
40 1 5 292 47 419 70
41 1 3 300 1966 21020 2949
42 1 53 307 248 1041 372
43 0 2 319 48 428 72
44 0 2 326 28 242 42
45 0 3 333 1017 10556 1525
46 1 3 340 2 17 3
47 1 5 347 744 7612 1116
48 0 2 355 2 17 3
49 1 2 362 287 2807 430
50 0 2 368 1 10 1
51 1 3 374 1 10 1
52 1 2 381 5 41 7
53 0 3 388 1 10 1
54 1 3 396 1 9 1
55 1 13 404 5 15 7
56 1 15 414 1 3 1
57 1 1 424 46 409 69
58 0 2 429 1 9 1
59 1 1 436 102 947 153
60 0 1 442 15552 181498 23328
61 1 2 447 23 197 34
62 1 2 453 1 9 1
63 0 1 460 84 772 126
64 0 4 465 2764 29998 4146
65 0 1 473 2 17 3
66 1 6 478 1 9 1
67 0 1 487 26 224 39
68 0 4 490 1 9 1
69 1 1 498 1 10 1
70 0 4 503 5 40 7
71 0 4 511 36 316 54
72 0 3 519 44 391 66
73 0 9 526 74 280 111
74 0 13 535 2307 11390 3460
75 1 3 545 764 7827 1146
76 1 7 552 1 5 1
77 1 1 561 694 7078 1041
78 0 6 567 1 10 1
79 1 2 576 6 48 9
80 0 2 582 2 17 3
81 1 3 588 1 11 1
82 1 7 595 7 21 10
83 1 2 604 1 9 1
84 0 1 610 1 9 1
85 0 3 616 3 25 4
86 1 1 624 24 206 36
87 0 1 628 1 9 1
88 1 10 633 1 3 1
89 0 2 643 1 9 1
90 0 5 649 3 25 4
91 0 5 657 1444 15228 2166
92 1 4 665 19 161 28
93 1 1 673 1 9 1
94 0 12 677 6 18 9
95 0 1 687 2446 26405 3669
96 1 1 693 66 599 99
97 1 1 699 96 888 144
98 1 2 704 14 116 21
99 1 2 710 1 10 1
100 1 4 716 1 9 1
101 0 2 724 2 17 3
102 0 8 731 14 45 21
103 0 3 740 1 9 1
104 1 3 747 20 170 30
105 1 4 754 1 9 1
106 0 6 762 1271087 17481668 1906630
107 0 1 771 27 233 40
108 0 3 775 1 10 1
109 1 15 782 6 18 9
110 0 9 792 1 6 1
111 1 4 801 24 206 36
112 0 2 809 11806 136242 17709
113 0 8 816 1 4 1
114 1 4 825 4 33 6
115 0 7 833 1 3 1
116 1 3 842 1 11 1
117 1 1 850 4 33 6
118 1 1 855 1 9 1
119 0 1 860 1 10 1
120 1 2 864 23 197 34
121 1 11 870 14816 82276 22224
122 1 3 880 18 152 27
123 1 1 887 1 9 1
124 1 1 892 1 10 1
125 1 1 898 8 64 12
126 1 3 903 1 12 1
127 0 7 910 58 215 87
128 0 8 919 1 4 1
129 0 5 928 1 9 1
130 1 1 936 1 9 1
131 0 3 938 2 17 3
132 0 2 946 202 1942 303
133 0 11 953 93 360 139
134 1 2 963 1 9 1
135 1 10 970 85 326 127
136 0 1 980 6 48 9
137 0 1 985 7338 83030 11007
138 1 2 990 1 9 1
139 1 3 997 1 10 1
140 0 8 1004 374 1620 561
141 0 3 1013 202 1942 303
142 0 4 1020 10 81 15
143 0 3 1028 1 9 1
144 0 2 1035 7 56 10
145 0 3 1042 1 9 1
146 0 4 1050 39643 480196 59464
147 1 14 1058 12 38 18
148 0 5 1068 11 90 16
149 0 3 1076 9 73 13
150 0 4 1083 1 10 1
151 0 5 1091 1 9 1
152 0 1 1099 43 382 64
153 0 4 1100 1 10 1
154 1 3 1108 3 25 4
155 1 2 1115 1 9 1
156 0 2 1121 129 1212 193
157 1 11 1127 1 3 1
158 1 7 1137 1 4 1
159 1 3 1146 90 830 135
160 1 4 1153 28 242 42
161 0 3 1161 1 9 1
162 1 6 1168 1 10 1
163 0 5 1177 2 17 3
164 0 8 1185 1 5 1
165 1 4 1194 116 1084 174
166 1 1 1202 3 25 4
167 0 2 1207 1 9 1
168 1 6 1213 8 24 12
169 0 1 1222 107214 1349143 160821
170 0 3 1228 20 170 30
171 0 2 1235 8367 95192 12550
172 1 4 1241 90 830 135
173 0 5 1249 1135 11840 1702
174 1 1 1258 80 734 120
175 1 1 1263 1593 16873 2389
176 0 2 1267 14 116 21
177 0 2 1273 1 9 1
178 1 1 1279 1 10 1
179 1 8 1284 1268 6009 1902
180 0 2 1293 1 10 1
181 0 14 1300 1 4 1
182 0 3 1310 7 56 10
183 0 11 1317 2 6 3
184 0 1 1327 374 3704 561
185 0 4 1330 4 33 6
186 1 2 1338 11 90 16
187 0 3 1344 5868 65776 8802
188 0 1 1351 1 9 1
189 1 2 1355 2 17 3
190 1 5 1361 1 9 1
191 1 4 1369 4 33 6
192 1 2 1377 304 2981 456
193 1 6 1384 1738 18481 2607
194 1 4 1393 1 12 1
195 1 8 1401 1 3 1
196 1 1 1410 4 33 6
197 0 5 1415 36 316 54
198 1 6 1423 1 3 1
199 0 2 1432 1 10 1
200 0 2 1438 1 8 1
201 1 9 1444 2028 9926 3042
202 1 22 1453 4 12 6
203 1 11 1464 1005102 6985042 1507653
204 0 6 1474 1 9 1
205 1 3 1483 4 33 6
206 0 5 1491 1 10 1
207 0 2 1499 1 11 1
208 0 1 1506 4 33 6
209 0 11 1512 8 24 12
210 0 4 1522 557 5622 835
211 1 9 1530 2 7 3
212 0 3 1539 9 73 13
213 1 2 1546 3 25 4
214 1 3 1553 1 10 1
215 1 2 1560 22 188 33
216 1 2 1566 1 9 1
217 0 1 1572 1 10 1
218 0 2 1578 9 72 13
219 0 1 1585 1 10 1
220 0 12 1591 4 12 6
221 0 24 1601 1 3 1
222 0 2 1612 51976 636246 77964
223 1 14 1619 2 6 3
224 1 4 1629 1 9 1
225 0 2 1637 44792 545154 67188
226 0 6 1643 1 11 1
227 1 4 1652 14716 171357 22074
228 0 3 1660 1 9 1
229 1 27 1667 3893 19895 5839
230 0 1 1678 1 9 1
231 0 3 1683 1 10 1
232 0 1 1691 1 10 1
233 0 1 1696 1 10 1
234 1 3 1700 1 10 1
235 0 2 1707 7292 82488 10938
236 1 8 1713 109 427 163
237 1 5 1722 30 261 45
238 1 10 1731 1 4 1
239 0 3 1741 2 17 3
240 1 2 1748 1 11 1
241 1 2 1754 2 17 3
242 0 2 1760 13 107 19
243 1 17 1766 15 48 22
244 0 3 1776 3 25 4
245 0 3 1784 555 5601 832
246 1 1 1791 1 10 1
247 1 1 1796 1 9 1
248 1 4 1800 3 25 4
249 1 1 1808 2 17 3
250 1 4 1812 62 561 93
251 1 6 1820 1 10 1
252 1 4 1829 1 12 1
253 1 1 1837 1 10 1
254 0 3 1843 28 242 42
255 0 2 1850 4 33 6
256 0 11 1857 1 4 1
257 0 3 1867 1 10 1
258 0 1 1875 7 56 10
259 0 10 1879 539 2401 808
260 1 3 1889 1005 10426 1507
261 0 4 1897 17 143 25
262 0 23 1905 67 252 100
263 0 2 1916 1 10 1
264 1 1 1923 2 17 3
265 0 4 1928 1 11 1
266 0 2 1936 12420 143625 18630
267 1 23 1943 1 4 1
268 1 8 1954 265 1118 397
269 0 2 1963 411 4089 616
270 0 4 1970 2147 23045 3220
271 1 5 1978 300 2940 450
272 1 22 1986 293 1246 439
273 1 1 1997 73 666 109
274 1 3 2003 1 10 1
275 1 7 2010 157779 999764 236668
276 1 4 2019 20 170 30
277 1 13 2027 1 5 1
278 1 2 2037 4 33 6
279 0 3 2043 5 41 7
280 0 3 2050 23 197 34
281 1 2 2057 1 8 1
282 0 5 2064 6 48 9
283 0 1 2072 1 9 1
284 0 1 2075 2 17 3
285 1 10 2079 1 5 1
286 1 3 2089 1 12 1
287 0 2 2097 254 2469 381
288 1 1 2104 7 56 10
289 0 6 2108 28 242 42
290 0 4 2117 336 3311 504
291 1 2 2125 1 10 1
292 0 1 2131 558 5633 837
293 1 2 2134 26 224 39
294 0 4 2140 1 10 1
295 0 5 2148 7 56 10
296 0 4 2156 10 81 15
297 1 5 2164 117 1094 175
298 0 4 2172 3322 36343 4983
299 1 2 2180 1 9 1
300 0 1 2187 403 4006 604
301 0 2 2192 1 10 1
302 0 15 2198 352 1518 528
303 1 1 2208 1 12 1
304 1 7 2209 212 878 318
305 0 3 2218 8 64 12
306 0 1 2226 2622049 36959940 3933073
307 0 1 2230 1 9 1
308 1 5 2234 997 10339 1495
309 1 3 2242 1 9 1
310 1 1 2249 1 9 1
311 1 1 2254 1 10 1
312 1 3 2259 1 9 1
313 0 1 2267 1 9 1
314 0 5 2272 1 12 1
315 0 4 2281 2 17 3
316 0 7 2289 137 548 205
317 1 8 2298 1 4 1
318 1 16 2307 141 565 211
319 1 1 2317 93 860 139
320 0 2 2321 7 56 10
321 1 6 2328 48 175 72
322 1 4 2337 1 14 1
323 1 3 2345 1 10 1
324 0 1 2353 2 17 3
325 1 5 2357 1 10 1
326 0 4 2365 1 11 1
327 0 5 2373 12 99 18
328 0 3 2381 3009 32778 4513
329 1 1 2388 847 8718 1270
330 0 1 2393 15 125 22
331 1 2 2398 20 170 30
332 1 2 2405 3084 33631 4626
333 1 6 2411 20 67 30
334 1 3 2420 1 9 1
335 1 5 2428 89 820 133
336 0 9 2436 11 34 16
337 1 1 2445 20 170 30
338 1 2 2448 156660 1999457 234990
339 0 3 2454 1 9 1
340 0 2 2462 15 125 22
341 0 2 2468 22 188 33
342 1 2 2474 1 9 1
343 1 2 2480 5 41 7
344 0 1 2486 46087 561537 69130
345 0 2 2491 3 25 4
346 0 3 2497 3 25 4
347 1 2 2504 13591 157746 20386
348 1 3 2511 5 40 7
349 0 5 2518 1 9 1
350 1 9 2526 666 3014 999
351 0 7 2535 1 5 1
352 1 2 2544 5 41 7
353 0 10 2550 3 9 4
354 1 3 2560 26 224 39
355 0 14 2567 5 15 7
356 1 3 2577 244 2367 366
357 0 5 2584 1 10 1
358 0 1 2592 1 9 1
359 0 1 2596 1 9 1
360 1 4 2598 8 64 12
361 0 2 2606 17 143 25
362 0 3 2613 24644 292971 36966
363 0 1 2620 1 9 1
364 1 2 2623 6 48 9
365 1 5 2629 1 10 1
366 0 1 2637 467 4675 700
367 1 16 2641 1 4 1
368 1 1 2651 1 10 1
369 0 2 2656 1 9 1
370 0 7 2663 6 18 9
371 1 3 2672 1 11 1
372 1 2 2679 140644 1787870 210966
373 0 1 2686 497 4990 745
374 1 2 2690 178 1700 267
375 1 4 2696 326 3208 489
376 1 2 2704 1201 12561 1801
377 1 5 2710 158607 2025234 237910
378 1 12 2718 1586 7633 2379
379 1 1 2728 328 3228 492
380 0 3 2734 850 8751 1275
381 0 3 2741 269 2623 403
382 0 1 2749 1 8 1
383 1 3 2753 19589 230750 29383
384 1 8 2760 1 5 1
385 1 11 2769 1458 6977 2187
386 0 3 2779 5 40 7
387 0 3 2786 8395 95524 12592
388 0 2 2793 1 10 1
389 0 4 2799 1 9 1
390 0 4 2807 121 1133 181
391 1 5 2815 2 17 3
392 1 5 2823 53 475 79
393 1 5 2831 4 33 6
394 0 4 2839 1 9 1
395 0 3 2847 3 25 4
396 0 1 2854 1 10 1
397 0 6 2860 1 11 1
398 1 1 2869 60249 741727 90373
399 1 2 2875 37 326 55
400 1 11 2881 1936 9446 2904
401 1 1 2891 5 41 7
402 0 7 2895 1 5 1
403 0 15 2904 1967 9607 2950
404 0 3 2914 25 215 37
405 0 1 2921 199 1912 298
406 0 3 2924 14 116 21
407 1 3 2931 207 1992 310
408 0 3 2938 1 12 1
409 0 6 2946 4 12 6
410 0 5 2955 1 8 1
411 1 3 2963 6 48 9
412 0 2 2970 17 143 25
413 1 2 2976 1 9 1
414 1 1 2983 179 1710 268
415 0 1 2989 3 25 4
416 1 1 2994 1 9 1
417 0 2 3000 1 9 1
418 0 6 3007 27 93 40
419 0 2 3016 458 4580 687
420 0 2 3022 2 17 3
421 1 1 3028 101 937 151
422 0 2 3032 22810 270334 34215
423 0 3 3039 1 12 1
424 1 1 3046 82 753 123
425 0 1 3052 1 10 1
426 1 9 3057 1 4 1
427 1 3 3066 2 17 3
428 1 12 3073 71 268 106
429 1 8 3083 45083 266968 67624
430 1 2 3092 1 10 1
431 0 3 3098 1 9 1
432 1 20 3105 224 932 336
433 1 9 3116 4 12 6
434 1 3 3125 2 17 3
435 1 2 3132 1509 15945 2263
436 1 1 3138 30 261 45
437 0 1 3142 2 17 3
438 1 1 3144 233 2256 349
439 1 1 3148 6138 68933 9207
440 0 3 3152 1558 16486 2337
441 0 14 3160 1 4 1
442 0 2 3170 18 152 27
443 0 4 3177 1 9 1
444 1 5 3185 1 10 1
445 0 12 3193 1 5 1
446 0 1 3203 1 10 1
447 0 4 3206 1 9 1
448 0 2 3214 12 99 18
449 1 5 3220 9 72 13
450 1 1 3228 49584 605860 74376
451 1 1 3232 13 108 19
452 0 13 3237 73727 448596 110590
453 1 1 3247 411 4089 616
454 0 5 3252 159 1510 238
455 0 6 3260 1 10 1
456 1 3 3269 83 762 124
457 0 1 3276 21 179 31
458 0 2 3278 64528 796500 96792
459 1 1 3285 197 1891 295
460 1 7 3288 130 518 195
461 1 1 3297 4 33 6
462 0 2 3301 1 10 1
463 1 3 3307 198 1901 297
464 1 3 3315 19 161 28
465 1 7 3322 4 12 6
466 1 2 3331 1 11 1
467 0 5 3337 40 353 60
468 1 5 3345 1 11 1
469 1 1 3354 1 10 1
470 1 5 3358 1 9 1
471 1 4 3366 985 10209 1477
472 0 3 3374 1 9 1
473 1 4 3381 2 17 3
474 0 2 3389 12 98 18
475 0 3 3396 1 11 1
476 0 2 3403 395 3923 592
477 0 1 3409 1 10 1
478 0 2 3413 2 17 3
479 0 1 3419 9532 109035 14298
480 1 17 3425 1 3 1
481 0 1 3435 1 9 1
482 1 1 3441 1 9 1
483 0 1 3445 41 362 61
484 1 3 3451 119 1114 178
485 0 2 3458 2787 30258 4180
486 0 2 3465 21 179 31
487 0 2 3471 1 12 1
488 0 2 3477 1 10 1
489 1 2 3483 180 1720 270
490 0 3 3489 8 64 12
491 0 2 3496 1 9 1
492 1 4 3502 1 10 1
493 1 2 3510 321 3156 481
494 1 3 3517 500 5022 750
495 1 2 3524 1 9 1
496 0 6 3530 190 1821 285
497 1 4 3539 2034 21780 3051
498 1 1 3547 7590 86002 11385
499 1 6 3550 38 335 57
500 0 1 3559 1 10 1
501 0 5 3564 2 17 3
502 0 1 3572 32 279 48
503 1 4 3576 1 10 1
504 0 11 3584 1 4 1
505 1 4 3594 1 11 1
506 1 4 3602 1 10 1
507 0 4 3610 20 170 30
