0 1 1 5 1 9 1
1 1 8 9 281 1191 421
2 0 10 18 49 179 73
3 0 8 28 1 5 1
4 0 5 37 1 5 1
5 0 1 45 10 81 15
6 0 12 50 1 4 1
7 0 1 60 2 17 3
8 0 2 64 14 116 21
9 1 5 71 1 5 1
10 1 2 80 17839 209346 26758
11 1 1 86 19 161 28
12 0 5 89 8 24 12
13 0 3 97 168302 2153751 252453
14 1 280 104 42 151 63
15 0 3 118 52 466 78
16 1 2 125 6 48 9
17 0 22 131 78 297 117
18 0 10 142 3 10 4
19 1 1 151 144 1361 216
20 1 9 156 1 5 1
21 1 4 165 5 15 7
22 1 1 173 265 2581 397
23 0 19 178 3 10 4
24 0 3 189 32644 392418 48966
25 0 5 196 10580 57573 15870
26 1 2 204 4353 48179 6529
27 0 3 210 7 56 10
28 0 3 217 38517 466032 57775
29 1 2 224 8 64 12
30 1 1 231 11 90 16
31 1 1 237 40325 488783 60487
32 1 6 242 8 24 12
33 0 12 251 1 4 1
34 0 3 261 13 41 19
35 1 1 268 1 9 1
36 0 4 272 2 7 3
37 1 1 280 410 4079 615
38 1 5 285 1 6 1
39 1 18 293 18 59 27
40 0 7 303 5387 28110 8080
41 1 1 312 150 1420 225
42 0 4 317 1 4 1
43 0 3 325 1 3 1
44 1 1 332 16 134 24
45 1 4 337 1 4 1
46 0 2 345 1 8 1
47 1 2 352 14 116 21
48 1 1 359 1 9 1
49 1 1 361 7 56 10
50 0 1 364 3 25 4
51 1 3 370 686 6992 1029
52 1 2 377 1 9 1
53 1 3 383 3 25 4
54 1 1 390 1 9 1
55 0 19 393 1 3 1
56 1 3 404 41 362 61
57 0 2 411 1 9 1
58 1 1 417 2 17 3
59 1 41 422 36 128 54
60 1 3 434 127 1192 190
61 0 13 441 14 45 21
62 1 2 451 211 2032 316
63 0 13 458 1749 8475 2623
64 0 4 468 12839 70689 19258
65 1 56 476 82806 507022 124209
66 0 14 488 1 4 1
67 0 1 498 112 1045 168
68 0 2 504 1 12 1
69 0 21 510 1 4 1
70 1 4 521 1 4 1
71 0 1 529 38 334 57
72 0 4 534 80 305 120
73 0 3 542 55 494 82
74 1 2 549 17 143 25
75 1 2 555 1 9 1
76 0 10 562 11 34 16
77 1 1 572 8 64 12
78 0 7 574 4 12 6
79 0 4 583 3 9 4
80 0 2 591 1 9 1
81 1 1 597 1 9 1
82 1 2 599 39 344 58
83 1 8 606 1 5 1
84 0 14 615 85 326 127
85 0 2 625 965 9992 1447
86 0 12 631 1 4 1
87 1 3 641 3 10 4
88 1 3 648 70 264 105
89 1 1 656 22 188 33
90 0 23 661 10 31 15
91 1 7 672 3 10 4
92 1 12 681 155 626 232
93 1 4 691 3 10 4
94 1 5 699 325 1393 487
95 0 7 707 701 3184 1051
96 1 2 716 6 48 9
97 1 8 722 1 6 1
98 1 7 731 53 195 79
99 0 1 740 1 9 1
100 1 1 745 34 298 51
101 0 2 749 52 466 78
102 1 2 756 1 10 1
103 0 2 762 19 161 28
104 1 3 768 59 532 88
105 0 2 775 8 64 12
106 1 6 782 70 264 105
107 1 2 791 1 9 1
108 1 3 797 29 100 43
109 1 3 805 129 513 193
110 0 7 812 10 31 15
111 1 2 821 1 12 1
112 1 1 828 3 25 4
113 1 1 833 148 1401 222
114 1 2 839 1 11 1
115 0 11 846 1 5 1
116 1 1 856 4 33 6
117 0 2 859 37 325 55
118 0 6 866 367 1588 550
119 0 10 875 27 93 40
120 1 1 885 20 170 30
121 1 6 887 1054 4930 1581
122 0 4 896 15 48 22
123 0 7 904 84 322 126
124 1 10 913 2425 12013 3637
125 0 9 923 37 131 55
126 0 3 932 97 898 145
127 1 5 939 4 12 6
128 0 2 947 1133 11818 1699
129 1 1 953 1 9 1
130 0 9 959 1 3 1
131 1 4 968 1 3 1
132 0 1 976 1 9 1
133 1 2 981 783 8030 1174
134 1 2 987 16 134 24
135 1 19 994 291 1237 436
136 1 1 1005 561 5665 841
137 0 4 1010 5 15 7
138 0 2 1018 896 9246 1344
139 1 2 1024 631 6407 946
140 0 3 1030 1 5 1
141 0 4 1037 1 4 1
142 1 28 1045 1 3 1
143 0 1 1056 1 10 1
144 0 1 1059 83 763 124
145 0 7 1065 1 4 1
146 1 1 1074 1 10 1
147 0 1 1080 2375 25605 3562
148 1 7 1085 89 343 133
149 1 2 1094 102 947 153
150 1 1 1101 1136 11851 1704
151 1 3 1105 1 9 1
152 0 2 1112 13026 150926 19539
153 1 1 1119 5 40 7
154 1 1 1122 7548 85507 11322
155 1 1 1126 164 1560 246
156 0 10 1131 2 7 3
157 0 6 1141 1 3 1
158 0 16 1150 1 4 1
159 0 1 1160 125 1173 187
160 1 1 1164 1 10 1
161 1 6 1169 84 322 126
162 1 2 1178 4 33 6
163 1 1 1184 1 10 1
164 1 3 1189 8 64 12
165 1 4 1196 1 4 1
166 0 1 1204 301 2950 451
167 0 1 1208 2 17 3
168 0 4 1213 1 4 1
169 1 1 1221 5 41 7
170 1 3 1225 1 3 1
171 1 3 1233 3 9 4
172 0 4 1241 4 12 6
173 1 1 1249 166 1580 249
174 0 1 1253 1 9 1
175 0 2 1258 5 41 7
176 0 21 1265 2 6 3
177 1 2 1276 1855 19782 2782
178 1 2 1282 1 10 1
179 1 1 1289 2 17 3
180 0 2 1294 8929 101861 13393
181 0 1 1301 7 56 10
182 0 8 1305 2 6 3
183 0 1 1314 10 81 15
184 0 1 1317 27 233 40
185 0 2 1323 1 9 1
186 0 1 1330 13 108 19
187 0 4 1334 3 9 4
188 0 1 1342 4 33 6
189 0 4 1348 32 112 48
190 0 6 1356 1 5 1
191 0 6 1365 1 4 1
192 1 4 1374 1 4 1
193 1 1 1382 32 279 48
194 0 14 1388 39 139 58
195 1 11 1398 1590 7654 2385
196 0 2 1408 1 9 1
197 0 1 1415 1 9 1
198 1 1 1420 134 1262 201
199 1 3 1425 23 78 34
200 1 2 1432 1 12 1
201 0 2 1438 2028 21713 3042
202 1 10 1444 1467 7023 2200
203 1 1 1454 4 33 6
204 1 4 1459 7 21 10
205 1 3 1467 372 1611 558
206 1 4 1475 1 4 1
207 1 6 1483 27 93 40
208 1 2 1492 1 11 1
209 1 7 1498 1 6 1
210 1 2 1507 13 108 19
211 1 14 1513 1693094 12058637 2539641
212 0 4 1523 4 12 6
213 1 2 1531 2 17 3
214 1 1 1538 164 1560 246
215 1 1 1543 18 152 27
216 0 1 1548 3413 37382 5119
217 1 8 1553 8 24 12
218 0 1 1562 19 161 28
219 0 1 1568 1 9 1
220 0 31 1574 71512 434397 107268
221 1 7 1585 1 4 1
222 1 1 1594 28414 339703 42621
223 0 4 1600 8 24 12
224 1 2 1608 38 335 57
225 1 3 1614 1 3 1
226 1 2 1621 1 11 1
227 1 2 1627 1 11 1
228 1 6 1634 6 18 9
229 0 7 1643 827 3802 1240
230 0 1 1652 1 12 1
231 0 6 1656 3 9 4
232 1 1 1665 1 10 1
233 0 1 1670 159 1510 238
234 1 5 1674 23 78 34
235 1 2 1682 14 116 21
236 0 6 1689 18 59 27
237 0 2 1698 28 242 42
238 0 3 1704 1 4 1
239 1 7 1711 304121 1993139 456181
240 1 3 1720 114 1065 171
241 0 12 1727 10 31 15
242 0 1 1737 31 270 46
243 1 4 1742 1 3 1
244 0 8 1750 5 15 7
245 0 3 1759 5 15 7
246 0 1 1766 1 9 1
247 0 1 1770 26296 313418 39444
248 0 12 1775 1 4 1
249 1 4 1785 16 52 24
250 0 3 1793 10 31 15
251 0 1 1801 1 11 1
252 1 16 1805 1 3 1
253 1 3 1815 1 5 1
254 0 3 1823 1 5 1
255 1 1 1831 1 10 1
256 1 8 1837 34 120 51
257 1 4 1846 1 4 1
258 1 2 1854 12 98 18
259 1 3 1860 50 183 75
260 0 9 1867 4709 24362 7063
261 1 8 1876 3 10 4
262 0 18 1885 22 74 33
263 1 2 1895 1714 18214 2571
264 1 2 1901 1013 10513 1519
265 0 9 1907 2 7 3
266 1 1 1916 25 215 37
267 1 11 1922 1 4 1
268 1 5 1932 3 9 4
269 0 1 1940 9 72 13
270 0 1 1944 7 56 10
271 0 114 1948 3 9 4
272 1 4 1961 10390 56477 15585
273 1 4 1969 5 15 7
274 0 6 1977 116 457 174
275 1 2 1986 1 10 1
276 1 2 1993 137548 1747065 206322
277 1 1 2000 37 325 55
278 1 5 2006 1 3 1
279 1 6 2014 7 21 10
280 0 1 2023 225 2174 337
281 1 2 2028 1 9 1
282 0 3 2034 1 4 1
283 0 2 2042 1638 17371 2457
284 0 1 2049 4 33 6
285 0 3 2054 1 3 1
286 1 3 2061 15 48 22
287 0 1 2068 2 17 3
288 1 9 2073 9 27 13
289 0 2 2082 11 90 16
290 0 3 2088 178 727 267
291 1 3 2095 21 70 31
292 1 3 2102 49 438 73
293 1 2 2109 256 2489 384
294 1 4 2116 35 123 52
295 1 15 2124 6364 33559 9546
296 0 1 2134 1 10 1
297 0 2 2139 608 6163 912
298 1 1 2146 32 279 48
299 0 3 2152 1 8 1
300 1 17 2159 1 4 1
301 1 9 2169 125 496 187
302 1 2 2178 1 9 1
303 0 11 2184 4 12 6
304 1 2 2194 1 11 1
305 0 3 2201 1 4 1
306 1 47 2208 1 4 1
307 1 3 2220 1 4 1
308 1 2 2228 21509 254318 32263
309 1 3 2234 6837 77132 10255
310 1 1 2241 139 1311 208
311 1 8 2247 224 933 336
312 0 3 2256 1 3 1
313 0 3 2264 1 4 1
314 0 3 2272 1 4 1
315 0 1 2279 5491 61377 8236
316 0 2 2284 79 724 118
317 1 16 2290 6 18 9
318 1 4 2300 98403 608146 147604
319 1 3 2308 3 9 4
320 1 5 2315 1 3 1
321 0 2 2324 10429 119739 15643
322 0 15 2330 8 24 12
323 0 1 2340 8 64 12
324 1 1 2346 3 25 4
325 0 6 2350 7 21 10
326 1 16 2359 19584 110563 29376
327 1 2 2369 2074 22227 3111
328 1 1 2375 2 17 3
329 0 2 2379 1 11 1
330 0 1 2385 1448 15272 2172
331 0 1 2391 3 25 4
332 1 20 2396 1446 6915 2169
333 1 15 2407 3 9 4
334 1 3 2417 1 3 1
335 1 2 2424 1 9 1
336 0 1 2431 7 56 10
337 0 2 2435 12 98 18
338 1 2 2442 604 6120 906
339 0 9 2448 1 3 1
340 0 6 2457 1 4 1
341 1 10 2466 1 5 1
342 0 3 2476 1 3 1
343 0 2 2484 1244 13031 1866
344 0 8 2490 2722 13588 4083
345 1 2 2499 4 33 6
346 1 7 2506 8 24 12
347 0 15 2515 55 203 82
348 1 3 2525 10 81 15
349 0 6 2532 2 6 3
350 1 3 2541 75 285 112
351 1 4 2548 1770 8583 2655
352 0 4 2556 2751 13743 4126
353 0 4 2564 1 4 1
354 1 2 2572 60701 747506 91051
355 1 8 2578 642 2897 963
356 1 2 2587 2022 21646 3033
357 0 1 2594 4 33 6
358 1 1 2598 1 10 1
359 1 3 2604 9107 49105 13660
360 1 2 2611 16 134 24
361 1 1 2618 145 1371 217
362 1 1 2623 1159 12102 1738
363 1 4 2628 1 4 1
364 0 2 2636 242 2347 363
365 1 9 2643 1 5 1
366 1 25 2652 2 6 3
367 0 2 2663 2 17 3
368 1 3 2670 15332 85315 22998
369 0 44 2677 36228 211908 54342
370 1 2 2689 200 1921 300
371 0 3 2695 6 18 9
372 1 2 2702 3 25 4
373 1 5 2709 1 7 1
374 0 2 2718 1 9 1
375 0 3 2725 2 17 3
376 1 15 2732 4 12 6
377 1 3 2742 8 64 12
378 0 1 2749 1 11 1
379 1 5 2754 1 3 1
380 0 4 2762 860 3964 1290
381 0 2 2770 54 485 81
382 0 4 2776 1 4 1
383 1 13 2784 22 74 33
384 0 2 2794 10 81 15
385 1 12 2800 631 2844 946
386 1 2 2810 2 17 3
387 0 1 2816 721 7366 1081
388 0 1 2820 1 12 1
389 1 2 2825 1 10 1
390 0 2 2832 2596 28098 3894
391 1 1 2838 119 1114 178
392 1 2 2843 56 504 84
393 0 2 2850 21 179 31
394 1 5 2856 26 89 39
395 1 2 2864 6 48 9
396 1 1 2870 1 9 1
397 0 8 2876 1 3 1
398 0 6 2885 30 104 45
399 0 2 2894 202 1942 303
400 1 11 2900 535 2382 802
401 1 3 2910 1 3 1
402 1 4 2918 3 9 4
403 0 3 2926 59 219 88
404 0 4 2934 226 941 339
405 0 4 2942 8 24 12
406 1 2 2950 1 11 1
407 0 2 2957 1 10 1
408 0 1 2964 286 2796 429
409 0 12 2969 1 4 1
410 0 2 2979 1 9 1
411 1 1 2985 74 676 111
412 0 4 2991 1 4 1
413 1 6 2999 11 34 16
414 0 7 3008 2 7 3
415 0 12 3017 1 4 1
416 1 1 3027 1 9 1
417 1 10 3032 2 6 3
418 0 4 3042 1 4 1
419 1 2 3050 2473 26709 3709
420 1 1 3056 1 11 1
421 0 3 3060 1 4 1
422 0 2 3067 1 11 1
423 1 3 3074 1 3 1
424 0 3 3081 1 6 1
425 0 2 3089 1670 17726 2505
426 1 2 3095 204 1962 306
427 1 1 3101 204 1962 306
428 1 35 3105 1 4 1
429 1 3 3116 1 3 1
430 1 2 3123 1 10 1
431 0 2 3130 2 17 3
432 1 3 3137 618 2781 927
433 1 5 3144 54 199 81
434 0 1 3152 1705 18115 2557
435 0 3 3157 1 4 1
436 1 1 3164 12 99 18
437 1 3 3169 2 6 3
438 1 4 3176 3 10 4
439 0 8 3184 1 4 1
440 0 3 3193 1 3 1
441 0 1 3201 5 41 7
442 0 1 3204 913 9430 1369
443 0 4 3209 64 239 96
444 1 4 3217 759 3468 1138
445 1 5 3225 21 70 31
446 0 34 3233 113 444 169
447 1 1 3244 1 12 1
448 1 1 3247 1 10 1
449 0 8 3250 1 3 1
450 0 4 3259 2 7 3
451 1 1 3267 71 647 106
452 1 1 3273 1 12 1
453 0 3 3279 309 1319 463
454 1 3 3286 1 9 1
455 1 1 3293 453 4528 679
456 0 2 3297 1 11 1
457 1 19 3304 23 78 34
458 0 2 3315 38 335 57
459 0 1 3322 96 888 144
460 1 2 3328 138 1301 207
461 0 4 3334 4 12 6
462 0 8 3342 5 15 7
463 0 1 3351 1 9 1
464 1 2 3356 1 11 1
465 0 2 3363 3 25 4
466 1 1 3370 2 17 3
467 1 3 3375 1 3 1
468 0 3 3382 34 120 51
469 0 2 3390 295 2889 442
470 1 2 3397 10 81 15
471 0 1 3404 10 81 15
472 0 2 3408 44997 547746 67495
473 1 4 3414 141 565 211
474 1 11 3422 1 5 1
475 0 1 3432 1 11 1
476 0 2 3436 5 40 7
477 1 4 3443 1 3 1
478 0 6 3451 20 67 30
479 1 9 3460 137 548 205
480 1 2 3469 2992 32584 4488
481 1 2 3476 1484 15669 2226
482 0 1 3483 36 316 54
483 1 3 3487 3 9 4
484 1 3 3494 229 955 343
485 0 3 3501 2 7 3
486 0 9 3508 5870 30797 8805
487 0 5 3517 2 6 3
488 0 41 3525 1 5 1
489 1 2 3537 1 10 1
490 0 5 3544 1 3 1
491 1 3 3552 394 1714 591
492 1 1 3560 39 344 58
493 1 2 3565 127 1193 190
494 1 6 3572 3866 19748 5799
495 1 2 3581 40734 493935 61101
496 0 3 3588 9 73 13
497 1 1 3595 739 7559 1108
498 0 16 3600 4 12 6
499 1 22 3610 2 6 3
