0 0 6 5 3 9 4
1 0 10 13 2 6 3
2 0 4 22 5 15 7
3 0 1 30 24 206 36
4 0 20 35 2 6 3
5 1 2 44 10 81 15
6 1 3 51 6 18 9
7 0 15 59 1 3 1
8 0 1 68 40 353 60
9 1 1 75 63 571 94
10 1 1 81 1796 19126 2694
11 1 3 88 3 10 4
12 0 12 96 201 829 301
13 0 6 105 1 6 1
14 0 3 113 2 17 3
15 1 3 120 5 15 7
16 1 19 128 5143 26758 7714
17 1 4 137 20 67 30
18 1 2 145 8 64 12
19 0 20 152 6 18 9
20 1 9 161 7 21 10
21 0 9 170 385 1672 577
22 0 2 179 150 1420 225
23 1 3 186 881 9085 1321
24 0 4 193 20 67 30
25 0 1 201 1 10 1
26 0 1 206 78 714 117
27 1 11 213 1 5 1
28 1 3 222 348 1500 522
29 0 1 230 14 116 21
30 0 2 236 9 72 13
31 0 2 243 19 161 28
32 0 2 250 11 90 16
33 0 8 257 4 12 6
34 0 2 266 15080 175769 22620
35 0 5 273 8 24 12
36 1 1 281 6 48 9
37 1 2 287 21 179 31
38 0 2 294 4337 47994 6505
39 0 1 301 1 8 1
40 0 1 306 1 10 1
41 0 9 313 1352 6436 2028
42 0 9 322 1 6 1
43 0 8 331 3970 20315 5955
44 1 2 340 1 11 1
45 0 3 347 6 48 9
46 1 6 355 23 78 34
47 1 17 363 163 661 244
48 0 3 372 2 7 3
49 0 1 380 56 504 84
50 1 5 385 562648 3802081 843972
51 0 16 393 7 21 10
52 1 2 402 12 99 18
53 1 3 409 86 330 129
54 0 4 417 2214 10901 3321
55 0 2 425 1589 16829 2383
56 0 3 432 2688 13407 4032
57 0 3 440 130 1222 195
58 1 1 447 2 17 3
59 0 7 453 542 2415 813
60 1 6 461 1 5 1
61 0 3 469 12284 67453 18426
62 1 2 477 707 7217 1060
63 1 1 484 6 48 9
64 1 6 490 20 66 30
65 0 1 498 119 1114 178
66 0 2 504 1 9 1
67 0 3 511 1 4 1
68 1 2 519 1 10 1
69 1 1 526 6419 72225 9628
70 0 2 532 1 9 1
71 1 2 539 1 10 1
72 1 2 546 328 3228 492
73 1 2 553 681 6939 1021
74 1 4 560 24 81 36
75 0 1 568 4 33 6
76 1 3 574 103 402 154
77 1 2 582 962 9960 1443
78 1 1 589 2 17 3
79 1 3 595 1 6 1
80 1 2 603 1 8 1
81 0 1 610 13 107 19
82 0 1 616 1 10 1
83 0 1 622 2 17 3
84 0 5 627 1 4 1
85 0 6 635 3 9 4
86 0 4 643 404 1761 606
87 1 2 651 1 9 1
88 1 4 658 1 3 1
89 0 5 666 8 24 12
90 1 1 674 2 17 3
91 1 1 679 2 17 3
92 0 2 686 10 81 15
93 1 2 693 1 10 1
94 0 1 700 11 90 16
95 0 4 706 241 1009 361
96 0 2 714 11 90 16
97 0 1 721 1 9 1
98 1 3 728 1 4 1
99 1 4 736 1 3 1
100 0 15 744 17 56 25
101 1 2 753 287 2807 430
102 0 6 760 181 740 271
103 1 3 768 21 70 31
104 1 8 776 3 10 4
105 1 3 785 1460 6987 2190
106 0 1 793 1 8 1
107 0 5 800 1 5 1
108 0 2 808 1 9 1
109 0 1 815 1074 11175 1611
110 1 11 819 20 67 30
111 1 6 828 2 7 3
112 0 6 836 1 5 1
113 1 13 844 17 56 25
114 1 14 853 1 4 1
115 1 3 862 8 64 12
116 1 12 869 20 66 30
117 0 1 878 39 344 58
118 0 6 884 1 3 1
119 0 9 892 388 1686 582
120 0 3 901 1 9 1
121 1 7 908 42 151 63
122 0 2 916 305 2992 457
123 0 1 923 1 9 1
124 1 23 929 10253 55687 15379
125 0 1 938 3 25 4
126 1 1 944 2 17 3
127 1 14 950 200 825 300
128 0 2 959 4 33 6
129 1 15 966 1 4 1
130 1 8 975 1 5 1
131 1 1 984 3 25 4
132 1 6 990 446 1959 669
133 0 5 998 1 4 1
134 0 2 1006 4 33 6
135 1 1 1013 4 33 6
136 1 1 1019 1 9 1
137 1 2 1025 3 25 4
138 1 3 1032 1 3 1
139 0 1 1040 477 4780 715
140 1 3 1047 1 4 1
141 1 5 1055 1 6 1
142 1 4 1063 1 3 1
143 1 1 1071 1 10 1
144 1 14 1078 21 70 31
145 1 1 1087 84 772 126
146 1 1 1093 1 9 1
147 0 1 1098 10 81 15
148 0 1 1104 1 9 1
149 1 14 1110 48 175 72
150 1 1 1119 1 9 1
151 1 1 1125 3171 34621 4756
152 0 2 1131 1 10 1
153 0 10 1138 1 4 1
154 1 17 1147 2227 10969 3340
155 0 10 1156 1 4 1
156 1 6 1165 8398 45057 12597
157 0 3 1173 5842 65472 8763
158 0 1 1180 304 2981 456
159 1 1 1185 1 9 1
160 1 8 1191 33 116 49
161 0 3 1200 3 25 4
162 1 11 1208 758 3463 1137
163 0 1 1217 31 270 46
164 1 2 1222 12 99 18
165 1 1 1229 4 33 6
166 1 2 1234 143 1351 214
167 0 1 1241 245 2378 367
168 0 5 1247 7 21 10
169 1 1 1255 16 134 24
170 0 8 1262 1 6 1
171 0 2 1270 8418 95797 12627
172 0 1 1277 1 9 1
173 0 5 1283 6004 31545 9006
174 1 2 1291 50 447 75
175 0 3 1298 1 6 1
176 0 4 1306 1 4 1
177 1 1 1314 6 48 9
178 0 3 1320 20 67 30
179 0 9 1328 1 4 1
180 1 6 1337 889 4108 1333
181 1 3 1345 18 59 27
182 1 1 1353 1 8 1
183 1 5 1360 477 2106 715
184 1 9 1368 220 914 330
185 0 7 1377 1 3 1
186 1 12 1385 3 9 4
187 1 4 1394 1127 5297 1690
188 1 5 1402 1 4 1
189 0 1 1410 9 72 13
190 0 3 1417 1 4 1
191 1 3 1425 54020 323125 81030
192 1 4 1433 19 63 28
193 1 6 1441 52 191 78
194 1 2 1449 3 25 4
195 1 1 1456 1300 13645 1950
196 0 13 1462 1 3 1
197 0 2 1471 1 11 1
198 0 7 1478 712 3238 1068
199 0 1 1486 10 81 15
200 0 4 1493 9 27 13
201 1 2 1501 1 12 1
202 1 4 1508 1 4 1
203 0 4 1516 1 4 1
204 0 2 1524 5754 64445 8631
205 0 4 1531 356 1537 534
206 0 2 1539 346 3414 519
207 0 2 1546 1 10 1
208 0 1 1553 2 17 3
209 0 5 1560 1 5 1
210 0 1 1568 208 2002 312
211 1 6 1574 1 3 1
212 1 9 1582 122 483 183
213 1 8 1591 1 4 1
214 0 1 1599 46 409 69
215 0 2 1605 24 206 36
216 1 1 1612 10 81 15
217 1 9 1618 1 4 1
218 1 11 1627 887 4098 1330
219 0 8 1636 26 89 39
220 0 2 1644 1 11 1
221 0 1 1651 640 6502 960
222 0 3 1658 171 1630 256
223 0 1 1665 1 9 1
224 0 5 1669 147 591 220
225 0 68 1677 130 517 195
226 0 3 1687 1 3 1
227 0 3 1695 27 233 40
228 0 3 1702 2 6 3
229 0 2 1710 6 48 9
230 1 4 1717 88 339 132
231 0 21 1725 2 6 3
232 0 3 1734 1 9 1
233 1 4 1741 1 3 1
234 1 11 1749 1 3 1
235 0 3 1758 43 155 64
236 0 2 1766 1 10 1
237 1 9 1773 6 18 9
238 0 1 1782 62 561 93
239 1 2 1788 187 1790 280
240 1 14 1795 1 4 1
241 0 1 1804 1 10 1
242 0 4 1811 18997 107058 28495
243 1 1 1819 73 666 109
244 1 1 1825 1 10 1
245 1 5 1832 25 85 37
246 1 27 1840 74 280 111
247 1 2 1849 3291 35989 4936
248 0 3 1856 1 5 1
249 1 1 1864 15 125 22
250 1 10 1870 1 4 1
251 1 1 1879 15 125 22
252 1 21 1885 1 4 1
253 0 4 1894 9 27 13
254 0 12 1902 4 12 6
255 1 3 1911 1 9 1
256 1 3 1918 1307 6207 1960
257 1 2 1926 111 1035 166
258 0 2 1933 49 438 73
259 0 1 1940 1 10 1
260 0 3 1946 1 4 1
261 0 1 1954 1 10 1
262 1 24 1960 3 9 4
263 1 1 1969 200 1922 300
264 0 3 1975 1 4 1
265 1 5 1983 2 7 3
266 0 1 1991 117 1094 175
267 1 3 1997 1 10 1
268 1 3 2004 2543 27499 3814
269 0 4 2012 58 215 87
270 1 6 2020 1 3 1
271 1 1 2028 814 8363 1221
272 1 5 2034 2 7 3
273 1 4 2042 1 4 1
274 1 2 2050 7 56 10
275 0 2 2057 1 9 1
276 0 2 2064 3 25 4
277 0 5 2071 1 4 1
278 1 10 2079 3 10 4
279 0 1 2088 53 475 79
280 0 3 2095 513 2277 769
281 0 5 2103 10 31 15
282 0 1 2111 1 8 1
283 0 5 2118 1934 9435 2901
284 0 2 2126 2 17 3
285 0 6 2133 40 143 60
286 1 2 2141 1431 15085 2146
287 1 13 2148 38 135 57
288 0 1 2157 1 9 1
289 0 2 2163 2 17 3
290 1 3 2170 370 3663 555
291 1 6 2177 1 3 1
292 1 1 2185 14 116 21
293 0 2 2191 1 12 1
294 1 4 2198 2 7 3
295 0 2 2206 2 17 3
296 1 13 2213 1 4 1
297 0 1 2222 10 81 15
298 0 1 2227 1 11 1
299 1 7 2232 5 15 7
300 1 1 2240 1 8 1
301 0 5 2247 1 4 1
302 1 1 2255 1 9 1
303 0 1 2262 1 11 1
304 1 8 2269 169 687 253
305 1 1 2278 1 9 1
306 0 9 2284 67 252 100
307 0 1 2293 809 8309 1213
308 0 25 2300 64 239 96
309 1 3 2309 1 4 1
310 0 7 2317 1 3 1
311 0 1 2325 5033 56051 7549
312 0 1 2330 7 56 10
313 1 2 2335 2550834 35922882 3826251
314 1 1 2342 1 9 1
315 1 5 2348 3151 15883 4726
316 1 7 2356 2472 12261 3708
317 0 5 2364 18 59 27
318 1 7 2372 1 4 1
319 0 1 2380 9 72 13
320 0 9 2387 1 4 1
321 1 3 2396 1 4 1
322 1 2 2404 1 14 1
323 0 1 2411 1 10 1
324 0 4 2417 1 5 1
325 1 6 2425 14387 79754 21580
326 1 2 2433 2 17 3
327 0 2 2440 17 143 25
328 1 7 2447 167 679 250
329 1 2 2455 46 409 69
330 1 2 2462 16 134 24
331 1 2 2469 2 17 3
332 1 5 2476 1 4 1
333 0 3 2484 1 9 1
334 1 78 2491 7629 40689 11443
335 0 7 2501 1 3 1
336 0 11 2509 1 4 1
337 1 2 2518 281231 3667196 421846
338 1 43 2525 1 5 1
339 1 1 2535 9 73 13
340 0 11 2541 2 6 3
341 1 3 2550 6 48 9
342 1 3 2557 237 991 355
343 1 10 2565 84 322 126
344 1 1 2574 5 40 7
345 1 2 2581 632 6417 948
346 0 2 2588 26 224 39
347 1 6 2595 1 3 1
348 1 2 2603 135 1272 202
349 1 1 2610 1 11 1
350 0 5 2615 18926 106634 28389
351 0 5 2623 15 49 22
352 0 5 2631 272 1150 408
353 1 1 2639 548 5527 822
354 1 4 2644 22 74 33
355 1 1 2652 4 33 6
356 0 1 2658 2 17 3
357 1 1 2664 1511 15967 2266
358 0 1 2670 1 10 1
359 0 1 2676 35 307 52
360 0 2 2681 76 695 114
361 0 13 2688 1 3 1
362 0 1 2697 1 10 1
363 0 1 2702 4380 48491 6570
364 1 6 2708 1 4 1
365 0 3 2716 454 1997 681
366 0 2 2724 1 9 1
367 0 6 2731 2156 10596 3234
368 0 2 2739 2 17 3
369 1 1 2746 4 33 6
370 0 1 2750 2 17 3
371 0 2 2757 2244 24133 3366
372 0 4 2764 1 3 1
373 1 1 2772 7 56 10
374 0 1 2779 104 967 156
375 1 10 2786 370 1602 555
376 0 4 2795 1 4 1
377 1 7 2803 1 3 1
378 1 3 2811 1 5 1
379 1 18 2819 1 4 1
380 0 3 2828 1 3 1
381 1 8 2836 6 18 9
382 0 5 2845 1 3 1
383 1 1 2853 284 2776 426
384 0 1 2859 1 9 1
385 0 3 2865 2 17 3
386 0 4 2872 1 3 1
387 1 1 2880 1 8 1
388 1 6 2887 1 4 1
389 0 1 2895 2 17 3
390 1 1 2901 2 17 3
391 1 2 2908 1 9 1
392 0 9 2915 3 9 4
393 0 5 2924 64 239 96
394 1 1 2932 1 10 1
395 1 4 2939 298 1269 447
396 0 3 2947 2 17 3
397 0 4 2955 1 5 1
398 1 6 2963 1 4 1
399 0 8 2971 79 301 118
400 0 13 2979 734 3345 1101
401 1 2 2988 133 1252 199
402 1 6 2995 1 4 1
403 1 3 3003 376 1630 564
404 0 4 3011 4 12 6
405 0 7 3019 59 219 88
406 0 3 3027 483 2134 724
407 0 5 3035 306 1306 459
408 1 2 3043 1 10 1
409 0 6 3050 1 4 1
410 0 2 3058 14 116 21
411 0 1 3065 1 10 1
412 1 2 3072 1 9 1
413 0 6 3079 16 52 24
414 1 3 3087 9047 48762 13570
415 0 2 3095 8 64 12
416 1 3 3102 1 11 1
417 1 2 3110 14 116 21
418 0 4 3117 1 4 1
419 0 35 3125 60 223 90
420 1 5 3134 1191 5619 1786
421 0 14 3142 10 31 15
422 0 4 3151 9 27 13
423 0 2 3159 390 3871 585
424 0 1 3166 25 215 37
425 1 2 3173 521 5242 781
426 0 11 3180 1 4 1
427 1 3 3189 124 1163 186
428 1 4 3196 1 4 1
429 0 5 3204 1 4 1
430 1 3 3212 3484 17677 5226
431 0 3 3220 1 4 1
432 1 3 3228 13 41 19
433 1 2 3236 1 9 1
434 0 14 3243 12 38 18
435 1 1 3252 10 81 15
436 0 11 3258 2 6 3
437 1 2 3267 822 8449 1233
438 0 1 3274 508 5106 762
439 0 22 3280 9 27 13
440 1 1 3289 8 64 12
441 1 1 3295 56 504 84
442 1 1 3300 71 647 106
443 1 2 3306 81 743 121
444 1 1 3313 10487 120433 15730
445 0 10 3320 118 466 177
446 1 6 3329 44 159 66
447 0 5 3337 3 10 4
448 0 1 3345 17 143 25
449 1 7 3350 14 45 21
450 0 2 3358 1340 14084 2010
451 1 3 3365 5192 27029 7788
452 0 3 3373 15 48 22
453 1 2 3381 29 251 43
454 1 5 3388 7 21 10
455 0 3 3396 1 9 1
456 0 29 3404 51 187 76
457 1 3 3413 1 4 1
458 1 1 3421 969 10036 1453
459 0 2 3428 1 11 1
460 0 1 3435 1 9 1
461 1 1 3442 26 224 39
462 0 3 3448 2 7 3
463 0 1 3456 2 17 3
464 1 2 3462 29 251 43
465 0 10 3469 49587 295203 74380
466 0 2 3478 26 224 39
467 1 4 3485 1 4 1
468 0 2 3493 2 17 3
469 1 3 3500 1 10 1
470 0 2 3507 1 10 1
471 1 2 3514 14 116 21
472 1 1 3521 2 17 3
473 1 16 3526 1829 8889 2743
474 0 6 3535 59 219 88
475 0 21 3543 2 7 3
476 1 1 3552 1 9 1
477 1 6 3558 2 7 3
478 1 8 3566 184 754 276
479 0 1 3574 1 9 1
480 0 3 3580 1 4 1
481 1 1 3588 74 676 111
482 1 7 3595 4 12 6
483 0 2 3603 1 9 1
484 0 1 3610 23 197 34
