0 1 1 5 17 143 25
1 0 2 14 12 99 18
2 1 2 26 1630 17283 2445
3 0 4 38 1 4 1
4 1 11 54 1 3 1
5 1 4 73 3 10 4
6 0 4 89 1 5 1
7 1 2 105 536 5401 804
8 0 1 119 91 840 136
9 1 1 127 1 11 1
10 0 2 136 5 40 7
11 0 5 150 1 3 1
12 0 3 167 82 314 123
13 1 13 182 220 914 330
14 1 16 202 1 4 1
15 1 8 223 552 2463 828
16 1 1 241 1986 21243 2979
17 0 1 250 33 288 49
18 1 2 260 1 9 1
19 0 1 272 1 9 1
20 1 5 283 1 5 1
21 1 2 299 1 9 1
22 0 1 311 1 9 1
23 1 2 322 1 11 1
24 0 7 336 1 4 1
25 1 6 354 122242 764255 183363
26 0 4 371 109 427 163
27 0 3 387 1 3 1
28 0 3 402 1 3 1
29 1 4 417 216 896 324
30 0 3 433 16 52 24
31 0 2 448 2 17 3
32 1 1 461 54 485 81
33 0 9 467 1 4 1
34 1 1 486 24 206 36
35 0 6 497 1 3 1
36 1 5 514 1 4 1
37 0 1 531 27 233 40
38 1 2 542 25454 302990 38181
39 1 11 554 1 3 1
40 0 1 573 1954 20886 2931
41 1 9 583 1 4 1
42 1 2 602 1027 10665 1540
43 1 7 614 1 4 1
44 1 5 632 2 6 3
45 0 1 649 3 25 4
46 1 2 656 38 335 57
47 0 10 668 4184 21482 6276
48 0 8 687 11 34 16
49 0 2 706 2 17 3
50 0 1 719 3853 42422 5779
51 1 7 727 3 9 4
52 0 2 745 1 10 1
53 1 3 758 27264 156909 40896
54 0 1 773 53 475 79
55 0 1 778 134 1262 201
56 0 2 787 5 40 7
57 1 4 799 1247 5902 1870
58 0 13 815 1 3 1
59 0 8 835 2244 11058 3366
60 0 2 853 1 10 1
61 1 4 865 24 82 36
62 1 8 881 6 18 9
63 0 7 899 191 785 286
64 1 2 917 1 9 1
65 0 2 931 256 2489 384
66 0 2 943 1 9 1
67 1 16 956 72 272 108
68 1 1 977 317 3115 475
69 1 3 988 154990 981176 232485
70 0 3 1003 722 3286 1083
71 0 2 1018 9 73 13
72 0 2 1031 13 107 19
73 1 1 1043 134 1262 201
74 1 1 1053 29 252 43
75 1 1 1064 2 17 3
76 1 3 1074 2 6 3
77 1 1 1089 51 456 76
78 0 4 1099 11 34 16
79 1 1 1114 3077 33551 4615
80 1 6 1125 42801 252718 64201
81 1 2 1142 6224 69940 9336
82 0 3 1156 63 235 94
83 0 1 1171 5686 63651 8529
84 1 5 1180 1 5 1
85 0 2 1197 7 56 10
86 0 1 1209 3668 40300 5502
87 1 8 1219 1 3 1
88 0 6 1237 31 108 46
89 1 1 1255 11092564 163926599 16638846
90 1 3 1266 2 17 3
91 0 2 1280 1 9 1
92 1 1 1294 199 1911 298
93 0 8 1302 183 749 274
94 0 17 1320 20 67 30
95 1 8 1341 8 24 12
96 0 1 1359 796311 10775777 1194466
97 1 3 1369 1 9 1
98 1 2 1383 37 325 55
99 1 1 1397 1 9 1
100 1 1 1405 28 242 42
101 1 8 1416 6 18 9
102 0 5 1434 1126418 7870639 1689627
103 1 1 1451 1076 11197 1614
104 1 3 1460 296 2899 444
105 0 1 1474 23 197 34
106 0 2 1485 5 41 7
107 1 2 1499 2 17 3
108 1 2 1513 9 72 13
109 0 2 1527 332 3270 498
110 1 13 1539 146 587 219
111 1 6 1559 2 7 3
112 1 5 1576 2709 13519 4063
113 1 3 1593 1 9 1
114 0 2 1607 1 9 1
115 0 4 1619 1 3 1
116 0 3 1634 1 8 1
117 0 3 1648 3 25 4
118 0 13 1662 27846 160453 41769
119 0 1 1682 2 17 3
120 1 4 1693 1 4 1
121 1 7 1709 21 70 31
122 0 2 1727 57 513 85
123 0 2 1739 2 17 3
124 0 1 1751 46723 569588 70084
125 0 3 1756 6 48 9
126 0 2 1770 6 48 9
127 0 3 1784 10 31 15
128 1 2 1799 2 17 3
129 1 8 1811 9 27 13
130 1 1 1830 28704 343308 43056
131 0 3 1836 2595 12913 3892
132 1 3 1851 78 714 117
133 1 3 1865 8 64 12
134 0 1 1879 12438 143842 18657
135 1 2 1889 4983 55471 7474
136 1 4 1902 1 5 1
137 0 15 1918 1 4 1
138 0 1 1938 156 1480 234
139 1 25 1946 29 100 43
140 0 3 1968 2 17 3
141 1 1 1982 295 2889 442
142 1 14 1991 360 1556 540
143 0 5 2011 1 5 1
144 1 1 2028 93333 1168348 139999
145 1 4 2038 1196 5644 1794
146 1 2 2054 1 9 1
147 1 4 2066 5 15 7
148 1 6 2082 101 393 151
149 0 6 2099 27697 159545 41545
150 1 10 2117 144 578 216
151 0 1 2136 1 9 1
152 0 6 2144 7285 38742 10927
153 0 1 2161 323 3177 484
154 1 12 2169 3 9 4
155 0 5 2189 1834 8915 2751
156 0 2 2205 1097 11426 1645
157 1 3 2218 147 591 220
158 1 9 2233 8 24 12
159 1 2 2252 77 704 115
160 0 1 2265 56 504 84
161 1 6 2275 131 522 196
162 1 2 2292 294 2879 441
163 0 3 2305 294 1250 441
164 0 5 2319 1710 8273 2565
165 1 1 2335 8 64 12
166 1 22 2342 2 7 3
167 0 2 2364 1011 10491 1516
168 0 1 2377 1 10 1
169 1 1 2386 256 2490 384
170 1 2 2396 2 17 3
171 0 2 2409 8 64 12
172 1 1 2423 1 11 1
173 1 3 2430 3734 41057 5601
174 0 2 2444 172 1640 258
175 0 2 2458 1 10 1
176 0 4 2472 1 3 1
177 1 3 2488 4148772 30779775 6223158
178 1 1 2503 669 6811 1003
179 1 2 2513 1 10 1
180 1 9 2526 5 15 7
181 1 1 2545 1 9 1
182 1 1 2554 169 1610 253
183 1 6 2560 1 6 1
184 1 4 2577 892 4123 1338
185 1 1 2593 1 9 1
186 0 9 2603 5 15 7
187 1 1 2622 1159 12102 1738
188 0 2 2632 3047 33210 4570
189 0 4 2645 6 18 9
190 0 7 2661 2 7 3
191 0 16 2679 84 322 126
192 1 2 2700 1 10 1
193 0 3 2714 110 1025 165
194 1 15 2728 6610 34940 9915
195 0 3 2748 3 9 4
196 1 2 2763 79 724 118
197 0 2 2777 40 353 60
198 1 1 2790 32 279 48
199 1 5 2801 218 905 327
200 1 2 2818 8 64 12
201 1 2 2831 2 17 3
202 0 3 2844 291 1237 436
203 0 1 2859 15 125 22
204 0 2 2870 2913 31687 4369
205 0 2 2882 24815 295086 37222
206 1 3 2895 5 40 7
207 1 1 2909 1 10 1
208 1 2 2916 3 25 4
209 1 1 2928 2 17 3
210 1 2 2938 1827 19470 2740
211 1 2 2950 47 419 70
212 1 1 2962 1 9 1
213 1 3 2973 2 17 3
214 1 4 2987 118 466 177
215 1 1 3002 384 3808 576
216 1 5 3013 35 124 52
217 1 2 3030 6 48 9
218 1 23 3043 91 351 136
219 1 3 3065 1 11 1
220 0 4 3079 34 120 51
221 0 2 3095 1 10 1
222 0 2 3108 1 10 1
223 1 6 3120 33 116 49
224 0 3 3137 1 3 1
225 0 3 3151 1 10 1
226 1 2 3165 1 10 1
227 0 4 3178 7 21 10
228 1 3 3194 1 3 1
229 1 11 3209 1 4 1
230 0 3 3229 593 6004 889
231 1 4 3243 2 6 3
232 1 2 3259 2 17 3
233 0 4 3271 3 9 4
234 1 3 3287 93 360 139
235 0 1 3302 9 73 13
236 0 1 3312 4 33 6
237 0 3 3323 24867 142356 37300
238 1 5 3337 291 1237 436
239 1 1 3354 642 6524 963
240 0 7 3364 2 7 3
241 0 10 3382 1 3 1
242 0 6 3401 131 522 196
243 1 2 3418 273 2663 409
244 1 2 3431 1 9 1
245 1 3 3443 91 351 136
246 1 1 3458 279 2725 418
247 0 1 3467 8 64 12
248 1 6 3476 50 183 75
249 0 31 3494 236 986 354
250 1 1 3516 23 197 34
251 0 2 3526 328 3228 492
252 1 1 3538 253 2459 379
253 0 1 3547 55 494 82
254 0 2 3557 264 2571 396
255 0 1 3570 307729 4025831 461593
256 1 3 3580 117 1094 175
257 1 21 3594 127 505 190
258 0 1 3615 246773 3202613 370159
