0 0 15 5 1 3 1
1 1 2 14 11 90 16
2 1 20 21 11879 65098 17818
3 1 4 30 93 860 139
4 0 2 38 1 10 1
5 1 2 45 18 152 27
6 0 6 52 1 8 1
7 1 3 60 2 17 3
8 1 7 67 26 89 39
9 1 7 75 285 1209 427
10 1 1 83 5351 59747 8026
11 1 1 89 144 1361 216
12 0 2 95 16 134 24
13 1 1 102 9 73 13
14 1 1 108 1 9 1
15 0 6 114 1 9 1
16 0 2 122 9 72 13
17 1 2 129 9 73 13
18 0 1 136 1 11 1
19 1 2 141 8 64 12
20 1 6 148 87 801 130
21 1 6 156 1 9 1
22 1 1 164 1 9 1
23 1 1 171 1 9 1
24 1 1 177 1 11 1
25 1 6 183 2 17 3
26 1 5 191 899 9279 1348
27 1 3 199 3 25 4
28 1 1 207 7 56 10
29 1 6 213 4531 50235 6796
30 0 7 221 617 2776 925
31 1 1 229 872 8988 1308
32 1 5 234 1 9 1
33 0 7 242 1 4 1
34 1 5 250 2 17 3
35 0 3 258 1 9 1
36 1 1 266 476 4769 714
37 1 3 272 10 81 15
38 1 3 280 2 17 3
39 1 1 288 308 3023 462
40 0 9 295 13 41 19
41 0 1 304 1 10 1
42 0 2 309 4350 48144 6525
43 0 2 316 1 9 1
44 1 1 323 1 12 1
45 1 8 329 2768 13833 4152
46 1 6 338 73 666 109
47 0 5 346 99 918 148
48 1 5 354 1600 16951 2400
49 0 9 362 1 3 1
50 0 21 371 11 34 16
51 1 5 380 2 17 3
52 0 1 388 142 1341 213
53 1 5 393 147 1391 220
54 1 1 401 641 6513 961
55 1 3 407 50825 621618 76237
56 1 1 414 1 10 1
57 0 9 420 17 56 25
58 0 4 429 50 447 75
59 0 1 437 3478 38125 5217
60 0 3 443 45 400 67
61 1 6 450 2 17 3
62 1 2 458 388 3850 582
63 0 3 465 2 17 3
64 0 22 473 1047 4895 1570
65 0 10 482 27 93 40
66 0 1 491 4882 54299 7323
67 1 47 497 54 199 81
68 0 3 507 2 17 3
69 0 2 515 110 1026 165
70 0 1 522 327775 4297865 491662
71 1 1 529 257 2500 385
72 1 1 536 26 224 39
73 1 4 543 20 170 30
74 0 2 551 1 9 1
75 1 17 558 714 3247 1071
76 1 1 567 175 1670 262
77 0 1 574 6445151 93591585 9667726
78 1 2 581 4 33 6
79 0 2 588 703 7174 1054
80 0 9 595 3 10 4
81 0 2 604 1 10 1
82 1 1 611 3 25 4
83 0 11 617 292 1241 438
84 1 2 626 5623 62916 8434
85 0 2 633 2 17 3
86 1 1 640 1 10 1
87 1 7 646 13551 74851 20326
88 1 1 654 42 372 63
89 1 4 660 1 9 1
90 0 1 668 895 9236 1342
91 0 2 674 38179 461783 57268
92 0 2 681 81 743 121
93 0 2 688 5 41 7
94 0 5 695 4 33 6
95 1 1 703 1 10 1
96 0 2 709 23 197 34
97 1 3 716 2 17 3
98 0 1 723 3108 33904 4662
99 1 1 729 1 9 1
100 0 1 736 6 48 9
101 0 2 741 50826 621631 76239
102 0 4 748 1 10 1
103 1 1 756 138 1301 207
104 1 3 763 1 11 1
105 0 3 771 3471 38045 5206
106 0 3 778 642 6524 963
107 1 1 786 24 206 36
108 1 6 792 8 64 12
109 1 12 800 11 34 16
110 1 3 809 16 134 24
111 1 6 817 11 90 16
112 1 4 825 10 81 15
113 0 1 833 189 1811 283
114 0 2 839 5026 55969 7539
115 0 3 846 4723 52456 7084
116 0 3 854 16563 193790 24844
117 0 2 862 2 17 3
118 1 1 869 176 1680 264
119 1 10 875 125 496 187
120 1 9 884 7664 40887 11496
121 1 7 893 12496 68688 18744
122 0 2 901 1 9 1
123 0 8 908 1 6 1
124 1 2 917 1 9 1
125 1 2 924 41 363 61
126 0 1 931 2 17 3
127 0 3 937 263 2561 394
128 0 3 945 262 2551 393
129 1 9 953 1 4 1
130 0 1 962 139261 1769638 208891
131 0 9 969 1794 8708 2691
132 1 2 978 15 125 22
133 1 4 985 1 9 1
134 0 3 993 1 10 1
135 1 2 1001 5 41 7
136 0 6 1008 1 9 1
137 1 2 1016 13 107 19
138 1 3 1023 1 10 1
139 1 2 1031 26 224 39
140 1 9 1038 1 4 1
141 1 9 1047 58 215 87
142 1 1 1056 1 9 1
143 1 2 1062 7 56 10
144 1 64 1069 345 1486 517
145 1 4 1079 77 705 115
146 0 2 1087 22 188 33
147 1 1 1094 112 1045 168
148 1 1 1099 175 1670 262
149 0 2 1105 1 10 1
150 0 3 1112 812 8341 1218
151 0 1 1119 113 1055 169
152 1 2 1125 1 8 1
153 0 2 1132 8 64 12
154 1 2 1139 1 10 1
155 0 3 1146 1 9 1
156 1 1 1154 6 48 9
157 0 2 1161 20 170 30
158 1 2 1168 1 9 1
159 0 2 1175 1 11 1
160 0 3 1182 1856 19793 2784
161 0 3 1190 5 40 7
162 1 8 1198 20324 114991 30486
163 1 2 1206 3 25 4
164 1 4 1213 808 8298 1212
165 0 1 1221 31 270 46
166 0 11 1227 847 3900 1270
167 0 1 1236 82 753 123
168 1 2 1241 1 12 1
169 1 5 1248 171 1630 256
170 1 2 1256 2801 30417 4201
171 1 3 1263 2 17 3
172 1 14 1270 7 21 10
173 1 14 1279 97 376 145
174 0 2 1288 1 13 1
175 1 9 1295 12956 71372 19434
176 1 1 1304 1 11 1
177 0 13 1311 17344 97219 26016
178 0 6 1320 1 10 1
179 0 3 1328 247 2398 370
180 1 1 1336 6 48 9
181 1 1 1343 2 17 3
182 1 10 1349 9 27 13
183 1 2 1358 1 9 1
184 1 8 1365 3 9 4
185 0 1 1374 320 3146 480
186 1 6 1380 1 3 1
187 1 2 1388 1 10 1
188 0 8 1395 2 6 3
189 0 24 1403 20 67 30
190 1 7 1412 3238 16350 4857
191 0 2 1420 66 599 99
192 1 11 1427 470 2072 705
193 0 3 1436 1 9 1
194 1 1 1444 27048 322741 40572
195 0 2 1451 1 9 1
196 1 2 1458 1 9 1
197 0 1 1465 8 64 12
198 1 13 1471 13812 76380 20718
199 1 1 1480 1 9 1
200 1 2 1487 1 9 1
201 0 5 1494 151 1430 226
202 1 1 1502 1 9 1
203 0 1 1508 42 372 63
204 0 1 1514 1 10 1
205 0 2 1521 620 6290 930
206 1 20 1528 51615 307961 77422
207 0 3 1537 120 1124 180
208 1 1 1544 3 25 4
209 0 12 1550 1 5 1
210 1 7 1559 62 231 93
211 1 4 1567 7 56 10
212 0 3 1575 5 40 7
213 1 1 1583 1 10 1
214 1 3 1588 97 898 145
215 1 5 1596 2 17 3
216 0 1 1604 178 1700 267
217 0 3 1610 5 40 7
218 0 2 1618 1 9 1
219 1 3 1625 16 134 24
220 0 1 1633 1 10 1
221 0 2 1639 1 9 1
222 0 1 1646 272 2653 408
223 0 2 1653 1 10 1
224 0 1 1660 3972 43790 5958
225 0 1 1667 3 25 4
226 1 4 1673 18 152 27
227 0 2 1681 17 143 25
228 1 1 1688 1 12 1
229 1 3 1695 11 90 16
230 0 3 1703 73 666 109
231 0 1 1711 3 25 4
232 0 3 1717 1 12 1
233 1 3 1725 1070 11132 1605
234 1 3 1732 37 325 55
235 1 2 1740 1 10 1
236 1 1 1747 1 9 1
237 1 14 1754 59 219 88
238 0 5 1763 88 811 132
239 1 2 1771 426 4246 639
240 0 3 1778 94 869 141
241 1 20 1786 1089 5106 1633
242 0 3 1795 1 11 1
243 1 18 1802 35 124 52
244 1 4 1811 10 81 15
245 1 1 1819 3366 36845 5049
246 0 13 1825 547 2439 820
247 1 10 1834 1 3 1
248 1 1 1843 429 4277 643
249 0 15 1850 1 3 1
250 1 4 1859 10426 119703 15639
251 1 5 1867 2 17 3
252 1 8 1875 289 1227 433
253 1 1 1884 11743 135485 17614
254 0 2 1891 400 3975 600
255 0 2 1898 13 107 19
256 0 24 1905 173 705 259
257 1 1 1914 1 9 1
258 0 2 1921 68 618 102
259 1 5 1928 2 17 3
260 1 12 1936 633 2854 949
261 0 7 1945 5 15 7
262 0 2 1953 32 279 48
263 0 3 1960 1 9 1
264 1 13 1968 52 191 78
265 0 3 1977 82 753 123
266 0 2 1984 2 17 3
267 1 3 1991 1 8 1
268 0 6 1999 679 6918 1018
269 1 2 2007 36 316 54
270 1 8 2014 1 4 1
271 1 2 2023 281 2745 421
272 0 5 2030 468 4686 702
273 1 2 2038 23 197 34
274 1 1 2045 750 7676 1125
275 0 1 2050 16 134 24
276 0 2 2056 1 8 1
277 0 3 2063 1 9 1
278 1 3 2070 206 1982 309
279 0 5 2078 6 48 9
280 0 7 2086 3 9 4
281 0 35 2094 1 5 1
282 0 1 2103 46 409 69
283 0 3 2108 1 9 1
284 1 3 2116 1 9 1
285 1 8 2124 1 4 1
286 1 1 2132 6 48 9
287 0 4 2138 1 9 1
288 0 1 2146 1184 12375 1776
289 0 3 2152 4 33 6
290 0 11 2160 108 423 162
291 1 2 2169 273 2663 409
292 1 6 2176 16 134 24
293 0 4 2184 5 40 7
294 1 2 2192 3 25 4
295 0 5 2199 17374 203672 26061
296 1 1 2207 1 11 1
297 1 3 2214 1 9 1
298 1 1 2222 1 9 1
299 0 1 2228 1 8 1
300 1 1 2234 6366 71604 9549
301 0 1 2240 34 297 51
302 1 1 2246 1258 13184 1887
303 0 8 2252 209 865 313
304 1 4 2260 1 10 1
305 0 3 2268 1 11 1
306 1 1 2276 187 1791 280
307 1 4 2282 5 40 7
308 1 3 2290 1 12 1
309 1 3 2298 2 17 3
310 0 2 2305 1 9 1
311 0 8 2312 1 3 1
312 1 7 2320 1 5 1
313 0 1 2328 1 11 1
314 1 2 2335 2 17 3
315 1 1 2342 1 9 1
316 1 2 2349 528 5317 792
317 1 1 2356 9 72 13
318 1 5 2363 415 4131 622
319 0 2 2371 1 9 1
320 0 1 2378 1 11 1
321 1 1 2384 1 9 1
322 0 16 2390 27 93 40
323 1 10 2399 6 18 9
324 0 3 2408 256634 3335345 384951
325 0 1 2415 1 10 1
326 1 1 2422 1 10 1
327 0 4 2429 38 335 57
328 0 1 2437 1 10 1
329 1 4 2443 21519 254441 32278
330 1 2 2451 87 801 130
331 0 3 2458 1 10 1
332 0 2 2466 122 1144 183
333 1 2 2473 4 33 6
334 1 1 2480 1 10 1
335 1 2 2486 2 17 3
336 1 2 2493 1 10 1
337 1 6 2500 1 9 1
338 0 1 2508 8 64 12
339 0 1 2512 6 48 9
340 1 1 2517 14 116 21
341 0 6 2523 1 9 1
342 1 1 2531 21 179 31
343 1 3 2537 1 9 1
344 0 2 2545 1 11 1
345 0 8 2552 1 4 1
346 0 1 2561 2 17 3
347 1 1 2568 164 1560 246
348 1 5 2574 2 17 3
349 1 9 2582 4 12 6
350 0 1 2591 6 48 9
351 0 2 2596 174 1660 261
352 1 1 2603 1 12 1
353 1 2 2609 4 33 6
354 0 63 2616 4179 21455 6268
355 1 2 2626 14 116 21
356 0 5 2633 3 25 4
357 0 2 2641 1 10 1
358 0 1 2648 105109 1321668 157663
359 0 2 2654 323 3177 484
360 1 1 2661 14 116 21
361 1 2 2667 1 10 1
362 1 4 2674 2 17 3
363 0 8 2682 1946 9498 2919
364 0 1 2690 5 40 7
365 0 3 2696 23 197 34
366 1 3 2704 4 32 6
367 0 5 2712 1 10 1
368 0 2 2720 18 152 27
369 0 8 2727 6990 37078 10485
370 1 4 2735 1 9 1
371 0 5 2743 49989 611001 74983
372 0 3 2751 1 9 1
373 1 16 2759 1 6 1
374 1 1 2768 3 25 4
375 1 3 2774 1 10 1
376 0 2 2782 3 25 4
377 1 1 2789 368 3642 552
378 0 1 2796 1 11 1
379 1 5 2802 5 41 7
380 0 3 2810 1 8 1
381 1 2 2818 1 9 1
382 1 5 2825 2 17 3
383 1 3 2833 10 81 15
384 0 8 2841 1 6 1
385 0 5 2849 1375 14468 2062
386 0 1 2857 33 288 49
387 0 1 2864 452 4518 678
388 1 2 2868 1 12 1
389 0 2 2875 1 11 1
390 1 19 2882 1 7 1
391 0 2 2891 5 41 7
392 1 2 2898 1 10 1
393 1 2 2905 4 33 6
394 1 4 2912 1 10 1
395 0 4 2920 1 8 1
396 0 1 2928 104 967 156
397 1 3 2934 8 64 12
398 1 4 2942 2 17 3
399 1 3 2950 1458 15382 2187
400 1 6 2958 334 1435 501
401 0 5 2966 31 270 46
402 0 3 2974 6 48 9
403 1 3 2982 8 64 12
404 1 5 2990 2 17 3
405 1 9 2998 3 9 4
406 1 1 3007 768086 10380721 1152129
407 1 3 3013 3 25 4
408 1 1 3020 30828 369753 46242
409 1 5 3027 619 6279 928
410 1 4 3035 1 10 1
411 1 4 3043 83 762 124
412 0 1 3051 1 10 1
413 1 3 3055 10739 123447 16108
414 1 1 3063 1 10 1
415 0 3 3068 1 12 1
416 1 2 3076 4103 45297 6154
417 0 3 3083 50203 613718 75304
418 0 2 3091 928 9592 1392
419 0 1 3098 1 11 1
420 0 7 3102 9 27 13
421 0 2 3110 1 11 1
422 0 3 3117 1 10 1
423 0 2 3125 1 8 1
424 0 2 3132 19 160 28
425 0 6 3139 3 25 4
426 1 1 3147 6 48 9
427 0 3 3153 2 17 3
428 0 5 3161 3 25 4
429 0 1 3169 3 25 4
430 0 6 3173 8 24 12
431 1 3 3181 1967 21031 2950
432 1 4 3189 7 56 10
433 0 18 3197 9 27 13
434 0 5 3206 1 9 1
435 0 4 3214 1 10 1
436 1 1 3222 3 25 4
437 0 10 3229 2 6 3
438 0 2 3238 11 90 16
439 1 10 3245 7229 38426 10843
440 1 2 3254 5653 63266 8479
441 0 10 3261 49 179 73
442 1 4 3270 1034883 14132442 1552324
443 0 3 3278 7 56 10
444 1 5 3286 21 179 31
445 1 1 3294 1 9 1
446 1 15 3300 3378 17105 5067
447 0 4 3309 50 447 75
448 1 3 3317 15 125 22
449 1 1 3325 1979 21165 2968
450 1 4 3331 1 9 1
451 0 3 3339 9 72 13
452 0 1 3347 7 56 10
453 0 1 3353 3 25 4
454 1 1 3359 1 9 1
455 1 3 3366 1 9 1
456 1 3 3373 11 90 16
457 1 9 3381 3 9 4
458 0 2 3390 5 40 7
459 1 3 3397 1598 16929 2397
460 0 3 3404 1 10 1
461 0 6 3411 10272 117863 15408
462 1 1 3419 1 9 1
463 1 31 3424 15 49 22
464 0 3 3433 113 1055 169
465 1 1 3441 7 56 10
466 1 4 3448 21 179 31
467 1 1 3456 10 81 15
468 0 3 3461 264 2571 396
469 1 7 3469 3520 17872 5280
470 1 3 3477 1 9 1
471 1 2 3484 9924 113708 14886
472 1 34 3491 5 15 7
473 0 1 3500 13 108 19
474 0 3 3506 1 11 1
475 1 2 3514 1 9 1
476 0 14 3521 48 175 72
477 1 1 3530 1 9 1
478 1 3 3536 432 4309 648
479 1 3 3544 2 17 3
480 0 3 3552 289 2827 433
481 1 8 3560 349 1504 523
482 0 3 3569 6 48 9
483 0 1 3577 25 215 37
484 1 4 3583 208 2002 312
485 0 3 3591 1 9 1
486 0 4 3599 1 9 1
487 1 7 3607 7 21 10
