0 1 1 5 1 10 1
1 1 1 7 96 888 144
2 1 6 10 1 3 1
3 1 2 14 716 7313 1074
4 0 4 17 15 48 22
5 0 1 21 361 3570 541
6 1 2 24 16 134 24
7 1 1 27 3835 42216 5752
8 0 1 29 1461 15415 2191
9 1 31 31 3 10 4
10 1 17 37 306 1306 459
11 0 1 42 1 10 1
12 1 7 44 647 2922 970
13 1 15 49 7 21 10
14 1 3 54 1 10 1
15 0 1 58 442 4413 663
16 1 1 61 1 11 1
17 0 3 64 1 3 1
18 0 2 68 282 2755 423
19 0 5 71 1909 9305 2863
20 0 1 75 33 288 49
21 0 3 77 1427 6818 2140
22 1 5 81 83 318 124
23 1 2 85 1 9 1
24 0 5 88 1 5 1
25 0 3 92 9298 50199 13947
26 0 2 96 4 33 6
27 0 2 99 9 72 13
28 1 2 102 4 33 6
29 0 1 105 11 90 16
30 1 2 108 1 9 1
31 1 6 111 33 116 49
32 1 3 115 2367 11707 3550
33 0 2 119 1 13 1
34 0 18 122 168 683 252
35 0 2 127 1 10 1
36 1 9 130 1 3 1
37 0 1 135 3878 42709 5817
38 0 9 138 8 24 12
39 0 2 143 1 11 1
40 1 3 146 9 73 13
41 1 3 150 6 18 9
42 0 2 154 1 10 1
43 1 6 157 2 6 3
44 0 3 161 316 1352 474
45 1 2 165 93 860 139
46 1 3 168 1 9 1
47 0 5 172 157 635 235
48 0 1 176 1 10 1
49 0 5 178 2 7 3
50 0 6 182 21 70 31
51 1 3 186 9 27 13
52 1 3 190 1 3 1
53 1 48 194 1 4 1
54 1 1 200 1 13 1
55 0 2 203 1 12 1
56 1 5 206 6 18 9
57 1 1 210 32223 387159 48334
58 1 1 213 5 40 7
59 1 1 215 2 17 3
60 1 6 218 3 9 4
61 1 4 222 1 4 1
62 0 1 226 1 11 1
63 1 2 228 156 1480 234
64 0 5 231 11 34 16
65 0 8 235 11 34 16
66 1 3 240 1 4 1
67 0 3 244 101 393 151
68 0 3 248 2433 12055 3649
69 0 2 252 147 1391 220
70 1 4 255 7214 38341 10821
71 1 18 259 343 1476 514
72 0 3 264 3 10 4
73 1 9 268 664 3004 996
74 1 4 273 1 3 1
75 0 2 277 5550516 80208032 8325774
76 0 1 280 106 986 159
77 1 1 283 80 734 120
78 1 6 286 36 128 54
79 0 2 290 174 1660 261
80 1 1 293 1 10 1
81 1 1 295 28 242 42
82 0 1 298 66 599 99
83 1 2 300 2636 28550 3954
84 1 29 303 237 991 355
85 0 5 309 423 1850 634
86 0 2 313 171 1630 256
87 0 2 316 83 762 124
88 0 2 319 41 363 61
89 0 2 322 1 10 1
90 1 5 325 1 4 1
91 1 16 329 4 12 6
92 1 3 334 1 4 1
93 1 1 338 1555 16453 2332
94 0 3 341 46 167 69
95 0 3 345 3 25 4
96 1 1 349 1 9 1
97 0 1 352 17081 200099 25621
98 0 7 355 267 1127 400
99 0 1 360 13 107 19
100 0 2 362 1 11 1
101 1 1 365 1 10 1
102 0 8 367 210 870 315
103 1 2 372 11 90 16
104 0 2 375 1 11 1
105 0 2 378 1 9 1
106 0 2 381 1 9 1
107 0 2 384 2 17 3
108 1 1 387 20963 247607 31444
109 1 2 390 1 10 1
110 1 2 393 1 9 1
111 0 6 396 512 2272 768
112 0 7 400 1 4 1
113 1 3 404 101 393 151
114 1 4 408 128 509 192
115 1 2 412 4448 49276 6672
116 1 1 415 50 447 75
117 0 4 417 1 3 1
118 1 10 421 6 18 9
119 1 1 426 373 3694 559
120 0 3 429 1 3 1
121 0 2 433 56 504 84
122 0 1 436 917 9473 1375
123 0 2 438 1 9 1
124 1 4 441 1 4 1
125 0 4 445 7 21 10
126 1 1 449 1 10 1
127 1 2 451 16 134 24
128 0 5 454 6 18 9
129 1 3 458 1 4 1
130 0 7 462 1 4 1
131 1 9 466 2 7 3
132 0 9 471 1 4 1
133 0 5 476 1 5 1
134 0 9 480 41 147 61
135 0 15 485 2 7 3
136 0 2 490 12 98 18
137 1 3 493 648 2926 972
138 1 1 497 4997 55633 7495
139 0 1 499 4 33 6
140 0 22 501 686 3111 1029
141 0 1 506 2 17 3
142 0 4 508 231 964 346
143 0 1 512 88 811 132
144 0 1 515 1 10 1
145 1 2 517 628 6375 942
146 0 1 520 1 9 1
147 0 20 523 4 12 6
148 0 6 528 4673 24164 7009
149 0 2 532 1 13 1
150 1 2 535 1217 12736 1825
151 0 2 538 222 2144 333
152 1 1 541 32 279 48
153 1 16 543 4 12 6
154 1 2 548 5 41 7
155 0 8 551 1 5 1
156 0 3 556 16 52 24
157 0 1 560 308 3022 462
158 1 46 562 4 12 6
159 0 10 568 1 4 1
160 1 7 573 1 4 1
161 1 2 578 628 6375 942
162 1 1 581 97 898 145
163 0 4 584 1 3 1
164 1 8 588 1 5 1
165 1 3 593 1 4 1
166 1 1 597 1 11 1
167 1 1 598 2161 23202 3241
168 0 6 600 1 3 1
169 0 3 604 28 242 42
170 0 3 607 2 7 3
171 1 7 611 1 5 1
172 1 1 616 55 494 82
173 0 4 617 11 34 16
174 1 8 621 1 3 1
175 1 4 626 1 4 1
176 1 3 630 1 3 1
177 0 4 634 7 21 10
178 1 1 638 1 12 1
179 1 7 641 2 7 3
180 0 3 645 1 14 1
181 1 1 649 5 41 7
182 0 1 651 1 9 1
183 0 3 654 62 231 93
184 0 1 658 1 10 1
185 1 4 661 6494 34289 9741
186 1 1 665 98 908 147
187 1 2 668 450 4497 675
188 0 1 671 2 17 3
189 1 7 673 1 4 1
190 1 4 678 2 7 3
191 1 2 682 42 372 63
192 1 11 685 11 34 16
193 1 3 690 1 3 1
194 1 3 694 26 224 39
195 1 3 698 2 6 3
196 0 10 702 49 179 73
197 1 1 707 65 589 97
198 1 2 710 1 10 1
199 1 2 713 1 9 1
200 1 1 716 2 17 3
201 0 5 718 71 268 106
202 1 4 722 32 112 48
203 1 1 726 1 9 1
204 0 3 728 1 4 1
205 1 5 732 225 937 337
206 1 1 736 4 33 6
207 0 1 738 3263 35670 4894
208 1 1 740 2 17 3
209 0 18 743 41 147 61
210 1 2 748 828 8514 1242
211 1 1 751 217 2093 325
212 1 3 753 14 45 21
213 0 12 757 220 914 330
214 1 5 762 239 1000 358
215 1 2 766 51 456 76
216 1 1 769 1 9 1
217 1 5 771 9 27 13
218 1 1 775 7 56 10
219 1 5 778 518 2301 777
220 1 4 782 1 4 1
221 1 3 786 1 4 1
222 0 6 790 20 67 30
223 1 56 794 150 604 225
224 0 4 800 1 4 1
225 0 2 804 2 17 3
226 0 9 807 18 59 27
227 1 1 812 67 609 100
228 0 3 815 4 12 6
229 0 5 819 1 5 1
230 1 1 823 1 9 1
231 0 2 825 1 9 1
232 1 4 828 1 3 1
233 0 7 832 1 4 1
234 0 14 837 453 1992 679
235 1 3 842 3409 37336 5113
236 0 4 846 4 12 6
237 1 3 850 1 4 1
238 1 3 854 1 5 1
239 1 3 858 1 4 1
240 0 7 862 1105 5186 1657
241 1 1 866 151 1431 226
242 1 1 869 103 957 154
243 0 41 872 29354 169655 44031
244 1 4 878 1 4 1
245 1 2 882 2 17 3
246 1 2 885 1 11 1
247 0 1 888 5 40 7
248 0 4 891 1694 8190 2541
249 1 10 895 1 4 1
250 0 6 900 14 45 21
251 0 1 904 1 9 1
252 1 2 907 1 9 1
253 0 13 910 1 3 1
254 1 1 915 1 10 1
255 0 7 918 47 171 70
256 0 1 922 2 17 3
257 0 1 925 17834 209285 26751
258 0 5 928 1 6 1
259 0 4 932 42 151 63
260 0 5 936 4 12 6
261 1 1 940 896 9246 1344
262 0 2 942 1427 15041 2140
263 0 9 945 1 5 1
264 0 17 950 20 67 30
265 0 1 955 2 17 3
266 0 5 958 1 4 1
267 1 2 962 10 81 15
268 0 3 965 252 1059 378
269 1 1 969 10 81 15
270 0 23 972 1534 7366 2301
271 1 6 977 274 1159 411
272 1 7 981 3 9 4
273 1 1 985 1 10 1
274 0 18 988 4297 22101 6445
275 1 2 993 4 33 6
276 1 2 996 1 9 1
277 0 2 999 9 72 13
278 1 13 1002 1 4 1
279 1 1 1007 2 17 3
280 0 2 1009 7 56 10
281 0 1 1012 7 56 10
282 1 1 1014 35 307 52
283 0 6 1015 1 4 1
284 0 1 1019 1 11 1
285 1 2 1022 48 428 72
286 1 1 1025 82 753 123
287 1 15 1028 354 1528 531
288 1 4 1033 5 15 7
289 0 45 1037 25 85 37
290 1 16 1043 1 4 1
291 0 3 1048 23 197 34
292 1 1 1052 2 17 3
293 1 6 1054 1 6 1
294 0 3 1058 35 124 52
295 1 1 1062 1 12 1
296 0 4 1064 1 4 1
297 0 4 1068 1 4 1
298 1 2 1072 457 4570 685
299 0 1 1075 445 4445 667
300 1 7 1077 11 34 16
301 1 4 1082 18 59 27
302 1 2 1086 4 33 6
303 1 1 1089 2 17 3
304 1 13 1091 22 74 33
305 1 18 1096 6883 36475 10324
306 0 3 1101 250 1050 375
307 1 5 1105 9 27 13
308 1 5 1109 4238 21778 6357
309 0 6 1113 40 143 60
310 0 5 1117 1 4 1
311 0 7 1121 51 187 76
312 0 2 1125 427 4256 640
313 0 2 1128 1 9 1
314 1 3 1131 1 4 1
315 1 10 1135 2 7 3
316 0 4 1140 1 4 1
317 1 4 1144 4 12 6
318 0 2 1148 1 10 1
319 1 2 1151 76 695 114
320 0 2 1154 13 107 19
321 1 2 1157 1 8 1
322 1 10 1160 86 330 129
323 0 4 1165 50 183 75
324 1 5 1169 11 34 16
325 0 3 1173 1 3 1
326 0 3 1177 2034 9957 3051
327 1 1 1181 64 580 96
328 0 33 1182 1 4 1
329 0 5 1188 754 3443 1131
330 0 2 1192 6 48 9
331 1 4 1195 2253 11106 3379
332 1 2 1199 1 9 1
333 0 11 1202 2 6 3
334 1 6 1207 98 381 147
335 1 6 1211 2 6 3
336 0 1 1215 1 10 1
337 0 14 1216 1 3 1
338 1 7 1221 1 4 1
339 1 2 1225 143 1351 214
340 0 3 1228 1 6 1
341 0 2 1232 12 99 18
342 0 3 1235 66 248 99
343 0 3 1239 2 17 3
344 1 3 1243 1 5 1
345 0 1 1247 1 10 1
346 0 2 1250 67 609 100
347 0 4 1253 11 34 16
348 0 2 1257 12 99 18
349 0 10 1260 2 6 3
350 0 10 1265 1 4 1
351 1 3 1270 508 5106 762
352 0 1 1274 1 14 1
353 0 3 1276 98 908 147
354 0 2 1280 1 8 1
355 0 2 1283 12 99 18
356 1 3 1286 488 2158 732
357 0 8 1290 4 12 6
358 0 1 1295 4 33 6
359 1 3 1298 18 59 27
360 1 12 1302 1558 7489 2337
361 0 3 1307 191 1831 286
362 1 7 1311 3 9 4
363 1 3 1315 316 1352 474
364 1 2 1319 5910 66267 8865
365 1 22 1322 1 3 1
366 0 8 1327 6503 34339 9754
367 0 25 1332 1 4 1
368 1 2 1337 48809 596027 73213
369 1 8 1340 19 63 28
370 0 4 1345 19164 108054 28746
371 0 3 1349 16 134 24
372 1 2 1352 23 197 34
373 1 1 1355 1 10 1
374 1 9 1358 1 3 1
375 0 1 1363 1 9 1
376 1 4 1366 271 1145 406
377 1 1 1370 3 25 4
378 0 6 1372 9 27 13
379 1 1 1376 1 9 1
380 0 9 1378 1572 7561 2358
381 0 2 1383 1 9 1
382 1 3 1386 162 657 243
383 1 4 1390 1 6 1
384 0 3 1394 1 9 1
385 0 4 1398 1 3 1
386 0 4 1402 1 4 1
387 1 5 1406 37 131 55
388 1 2 1410 116 1084 174
389 1 2 1413 254 2469 381
390 0 2 1416 32 279 48
391 0 1 1419 49 437 73
392 0 4 1421 1 3 1
393 1 14 1425 1 4 1
394 1 3 1430 158 1500 237
395 1 2 1434 1 9 1
396 1 1 1437 1 9 1
397 1 3 1439 1 10 1
398 1 16 1443 19 63 28
399 1 5 1448 49 179 73
400 1 14 1452 3 10 4
401 0 25 1457 12 38 18
402 0 2 1462 12 99 18
403 0 1 1465 9270 105915 13905
404 0 69 1466 4 12 6
405 1 6 1472 1 5 1
406 1 2 1476 1 9 1
407 0 2 1479 511 5137 766
408 0 7 1482 1 3 1
409 1 2 1487 349 3446 523
410 0 1 1490 1 9 1
411 1 5 1493 518 2301 777
412 1 7 1497 538 2396 807
413 0 4 1502 2237 11022 3355
414 1 16 1506 4 12 6
415 1 30 1511 1 3 1
416 1 17 1517 17 56 25
417 0 1 1522 1 9 1
418 0 8 1524 5979 31406 8968
419 0 3 1529 1 3 1
420 1 10 1533 1 3 1
421 1 1 1538 4 33 6
422 1 6 1540 2 6 3
423 0 2 1544 220 2124 330
424 0 2 1547 1 10 1
425 0 15 1550 17 56 25
426 0 1 1555 147 1391 220
427 1 1 1558 18527 217751 27790
428 0 1 1561 14 116 21
429 1 5 1563 2 7 3
430 1 15 1567 1 3 1
431 1 8 1572 1 4 1
432 1 2 1577 181 1730 271
433 0 14 1580 5 15 7
434 0 1 1585 1 8 1
435 1 2 1588 302 2961 453
436 1 1 1591 1 9 1
437 1 1 1594 102 947 153
438 0 4 1596 15351 85427 23026
439 1 2 1600 14 116 21
440 0 20 1603 674 3053 1011
441 0 15 1608 40 143 60
442 0 10 1613 85 326 127
443 0 24 1618 568 2540 852
444 0 3 1623 72 272 108
445 0 1 1627 1 9 1
446 0 8 1630 738 3365 1107
447 1 4 1635 2 7 3
448 0 1 1639 3 25 4
449 1 4 1641 4797 24847 7195
450 1 5 1645 91 351 136
451 0 3 1649 1 4 1
452 0 6 1653 12 38 18
453 0 2 1657 20 170 30
454 1 3 1660 1 5 1
455 0 3 1664 170 1620 255
456 0 1 1668 82 753 123
457 0 5 1670 2055 10067 3082
458 0 4 1674 22 74 33
459 1 3 1678 3 9 4
460 1 1 1682 55 494 82
461 1 2 1684 1 8 1
462 1 2 1687 1 9 1
463 1 15 1690 1 4 1
464 0 5 1695 52 191 78
465 1 2 1699 58 523 87
466 0 3 1702 281 1191 421
467 0 3 1706 2 17 3
468 0 16 1710 1 6 1
469 1 2 1715 2114 22675 3171
470 1 1 1718 1 11 1
471 0 3 1720 55 203 82
472 0 6 1724 61 227 91
473 1 1 1728 1 12 1
474 0 2 1730 3 25 4
475 1 2 1733 1 9 1
476 0 4 1736 1 5 1
477 1 1 1740 346222 4548714 519333
478 0 6 1742 2 6 3
479 0 13 1746 1 4 1
480 0 2 1751 3 25 4
481 1 3 1754 11 34 16
482 1 2 1758 198 1901 297
483 1 4 1761 2 7 3
484 1 2 1765 1 9 1
485 1 3 1768 1 10 1
486 0 25 1772 1 5 1
487 0 1 1777 207 1992 310
488 0 2 1780 1 9 1
489 1 3 1783 2 17 3
490 1 2 1787 98 908 147
491 0 7 1790 1 5 1
492 1 5 1794 1 3 1
493 0 6 1798 62 231 93
494 1 1 1802 9 73 13
495 0 4 1804 1 4 1
496 0 3 1808 5 40 7
497 0 17 1812 18 59 27
498 0 2 1817 22734 269398 34101
499 1 4 1820 1 4 1
500 0 3 1824 111 1035 166
501 1 4 1828 73 276 109
502 1 7 1832 9266 50016 13899
503 1 5 1836 35 124 52
504 1 7 1840 2 7 3
505 1 2 1844 1 10 1
506 0 13 1847 4 12 6
507 1 1 1852 234 2266 351
508 1 2 1855 1 10 1
509 0 1 1858 10 81 15
510 0 14 1861 1 4 1
511 0 1 1866 3926 43261 5889
512 1 1 1868 1771 18847 2656
513 0 1 1869 128 1202 192
514 1 1 1872 14 116 21
515 1 1 1875 779 7987 1168
516 0 4 1878 18 59 27
517 0 6 1882 233 973 349
518 0 1 1886 2 17 3
519 0 1 1887 6 48 9
520 0 20 1890 11 34 16
521 1 1 1895 1 8 1
522 1 2 1898 4 33 6
523 0 6 1901 1 4 1
524 1 2 1905 1 12 1
525 0 15 1908 1 5 1
526 0 4 1913 35 124 52
527 0 5 1917 1113 5226 1669
528 0 2 1921 1 12 1
529 0 1 1924 38 334 57
530 1 13 1926 1 3 1
531 1 2 1931 186 1780 279
532 0 3 1934 6 48 9
533 1 2 1938 1 10 1
534 1 3 1941 1 6 1
535 0 5 1945 15 48 22
536 0 11 1949 249 1045 373
537 1 8 1954 1 6 1
538 1 4 1959 1 4 1
539 1 1 1963 44 391 66
540 0 24 1966 4 12 6
541 0 1 1971 1 9 1
542 0 8 1972 2 7 3
543 0 9 1977 4288 22051 6432
544 0 16 1982 574 2569 861
545 0 1 1987 3 25 4
546 1 4 1990 96 372 144
547 1 1 1994 171 1630 256
548 0 4 1997 12 38 18
549 1 1 2001 1 9 1
550 1 2 2004 3 25 4
551 1 2 2007 8 64 12
552 1 4 2010 1 3 1
553 1 14 2014 1 4 1
554 1 2 2019 2496 26969 3744
555 1 11 2022 2 7 3
556 0 2 2027 1 9 1
557 0 3 2030 133 530 199
558 1 13 2034 1 4 1
559 0 3 2039 13 41 19
560 1 4 2043 78 297 117
561 1 1 2047 41 362 61
562 1 7 2049 1 3 1
563 1 2 2053 326 3208 489
564 1 2 2056 4 33 6
565 0 2 2059 1 10 1
566 0 2 2062 9 73 13
567 1 13 2065 18867 106283 28300
568 1 5 2070 1 3 1
569 1 7 2074 104739 649467 157108
570 1 22 2079 2 7 3
571 0 2 2084 10 81 15
572 1 1 2087 2 17 3
573 0 3 2089 1 5 1
574 0 4 2093 6 18 9
575 0 1 2097 1 12 1
576 0 6 2100 7 21 10
577 0 2 2104 3600 39521 5400
578 0 1 2107 1 9 1
579 0 2 2108 1 9 1
580 0 2 2111 15 125 22
581 1 3 2114 161 1530 241
582 1 1 2118 3 25 4
583 0 2 2121 1 11 1
584 1 2 2124 150 1421 225
585 0 1 2127 1 9 1
586 0 2 2130 1 10 1
587 1 7 2133 4 12 6
588 0 1 2137 1 10 1
589 0 4 2140 1 4 1
590 1 37 2144 9 27 13
591 0 2 2150 1348 14171 2022
592 0 3 2153 1 4 1
593 0 1 2157 18 152 27
594 0 4 2160 285 1209 427
595 0 37 2164 40 143 60
596 1 2 2170 2 17 3
597 1 6 2173 107 419 160
598 1 2 2177 1 9 1
599 1 1 2180 25 215 37
600 0 5 2182 131 522 196
601 1 2 2186 1 12 1
602 0 2 2189 1295 13590 1942
603 0 1 2192 24 206 36
604 1 1 2195 582 5887 873
605 1 7 2197 1 4 1
606 1 1 2201 125 1173 187
607 0 6 2204 510 2263 765
608 0 5 2208 194 798 291
609 1 7 2212 251 1054 376
610 0 1 2216 2 17 3
611 1 1 2219 101 937 151
612 0 1 2222 76 695 114
613 1 4 2224 1 3 1
614 0 3 2228 25 85 37
615 0 2 2232 1 10 1
616 0 5 2235 2 7 3
617 0 2 2239 6 48 9
618 0 9 2242 4 12 6
619 0 1 2247 239 2316 358
620 0 3 2248 127596 1616127 191394
621 1 4 2252 1 4 1
622 0 4 2256 16 52 24
623 0 10 2260 935761 6481002 1403641
624 1 57 2265 354 1527 531
625 0 6 2271 1 4 1
626 1 3 2275 1 4 1
627 0 3 2279 1 9 1
628 0 4 2283 9325 50354 13987
629 0 7 2287 4 12 6
630 0 12 2292 208 861 312
631 1 2 2297 1 12 1
632 0 1 2300 7 56 10
633 1 4 2302 209 865 313
634 0 4 2306 17 56 25
635 1 5 2310 213 883 319
636 1 1 2314 15344 178973 23016
637 1 26 2316 317 1356 475
638 1 4 2321 9 27 13
639 1 2 2325 7249 81981 10873
640 1 10 2328 39 139 58
641 0 4 2333 1 4 1
642 1 2 2337 1 9 1
643 0 5 2340 175 714 262
644 0 1 2344 1 12 1
645 1 22 2346 1 4 1
646 0 22 2351 104 406 156
647 0 2 2356 1492 15757 2238
648 0 6 2359 5 15 7
649 0 1 2363 1 8 1
650 0 3 2366 221 2134 331
651 1 7 2370 881 4068 1321
652 0 4 2374 108 423 162
653 0 1 2378 1 10 1
654 1 2 2380 9 73 13
655 1 3 2383 59 219 88
656 0 1 2387 2 17 3
657 0 1 2390 1 9 1
658 0 1 2393 9 73 13
659 1 7 2395 79 301 118
660 1 1 2399 6 48 9
661 1 1 2401 41 362 61
662 0 2 2404 3 25 4
663 1 2 2407 2 17 3
664 1 4 2410 6 18 9
665 0 7 2414 52 191 78
666 0 3 2419 1 3 1
667 1 1 2423 2 17 3
668 0 9 2425 1 3 1
669 0 3 2430 307 3012 460
670 0 4 2434 10 31 15
671 0 2 2438 1 10 1
672 1 2 2441 1 10 1
673 1 2 2444 38 335 57
674 0 2 2447 64 580 96
675 0 1 2450 1 10 1
676 0 2 2453 69 628 103
677 0 1 2456 2 17 3
678 1 25 2458 1777 8620 2665
679 0 3 2463 6 18 9
680 0 2 2467 68 618 102
681 1 17 2470 1 3 1
682 1 3 2475 19 63 28
683 0 7 2479 2 7 3
684 0 1 2483 1 8 1
685 0 4 2484 14 45 21
686 1 3 2488 1 5 1
687 1 3 2492 67 252 100
688 0 2 2496 5 40 7
689 1 1 2499 1 9 1
690 1 9 2502 5188 27007 7782
691 0 9 2507 1 4 1
692 1 4 2512 41 147 61
693 1 3 2516 8 64 12
694 0 5 2520 2 7 3
695 1 1 2524 1 11 1
696 1 3 2527 252 1059 378
697 0 9 2531 9 27 13
698 0 3 2536 248 1041 372
699 1 3 2540 3775 41527 5662
700 0 3 2544 1 9 1
701 1 4 2547 21 70 31
702 1 6 2551 1 3 1
703 0 2 2555 684 6971 1026
704 1 3 2558 3 9 4
705 1 9 2562 5 15 7
706 1 3 2567 1 5 1
707 1 2 2571 1 10 1
708 1 1 2574 111 1035 166
709 0 3 2576 696 3159 1044
710 1 2 2580 19 161 28
711 0 1 2583 1 10 1
712 0 2 2586 12 99 18
713 0 10 2589 18 59 27
714 0 1 2594 2 17 3
715 0 1 2596 2 17 3
716 1 1 2598 2 17 3
717 0 4 2599 2 7 3
718 0 31 2603 309 1319 463
719 0 2 2609 1 11 1
720 0 5 2612 6 18 9
721 0 6 2616 846 3895 1269
722 1 1 2620 1 10 1
723 1 3 2623 1 4 1
724 0 6 2627 2 7 3
725 1 2 2631 1 9 1
726 0 8 2634 2 7 3
727 1 2 2639 217 2093 325
728 1 1 2642 2 17 3
729 1 1 2644 3 25 4
730 0 1 2647 1 11 1
731 1 2 2650 270 2633 405
732 0 5 2653 1 3 1
733 0 1 2657 1 10 1
734 0 3 2660 3 10 4
735 1 6 2664 4 13 6
736 1 8 2668 19 63 28
737 0 29 2673 40 143 60
738 0 3 2679 80 734 120
739 0 2 2683 1 10 1
740 0 3 2686 636 2868 954
741 0 2 2690 12 99 18
742 1 22 2693 1 4 1
743 1 2 2698 195 1871 292
744 1 11 2701 1 5 1
745 1 1 2706 3205 35008 4807
746 1 20 2709 4973 25818 7459
747 0 2 2714 1 8 1
748 0 3 2717 17 56 25
749 0 5 2721 1 4 1
750 1 3 2725 1 3 1
751 0 4 2729 57 211 85
752 0 3 2733 555 2478 832
753 0 1 2737 37 325 55
754 1 7 2740 104375 647090 156562
755 0 6 2744 1 4 1
756 0 2 2748 15 125 22
757 0 1 2751 89 821 133
758 1 3 2753 3 10 4
759 0 6 2757 1 5 1
760 0 1 2761 1 10 1
761 1 5 2764 1 3 1
762 1 8 2768 9 27 13
763 1 3 2773 120 474 180
764 0 5 2777 2 7 3
765 0 4 2781 2 6 3
766 0 3 2785 3 25 4
767 0 1 2789 8 64 12
768 1 7 2792 400 1742 600
769 0 2 2796 1 10 1
770 0 7 2799 1 4 1
771 0 16 2803 1 4 1
772 0 5 2808 1 4 1
773 0 1 2812 9 73 13
774 0 1 2814 126 1183 189
775 1 2 2817 561 5665 841
776 1 4 2820 7202 38274 10803
777 1 1 2824 1 11 1
778 1 48 2826 13 41 19
779 0 4 2832 44542 263586 66813
780 1 10 2836 3 9 4
781 0 2 2841 15 125 22
782 1 10 2844 297 1264 445
783 0 8 2849 5 15 7
784 0 3 2854 30 261 45
785 1 4 2858 51 187 76
786 0 2 2862 38 334 57
787 0 1 2865 1 9 1
788 1 1 2867 1 9 1
789 0 2 2870 1 9 1
790 1 2 2873 12 99 18
791 1 5 2876 1 3 1
792 1 2 2880 108 1006 162
793 1 1 2883 30520 365913 45780
794 1 2 2886 37 325 55
795 1 2 2889 10 81 15
796 0 5 2892 2 6 3
797 1 1 2896 57 513 85
798 0 1 2898 1 9 1
799 0 6 2901 1 4 1
800 0 6 2905 1 3 1
801 1 1 2909 3569 39166 5353
802 0 2 2911 5 41 7
803 1 8 2914 1 4 1
804 1 21 2919 58 215 87
805 0 3 2924 6500 34322 9750
806 1 3 2928 398 1733 597
807 1 1 2932 1 10 1
808 0 11 2934 4 12 6
809 0 1 2939 6 48 9
810 0 2 2941 14 116 21
811 0 3 2944 1 4 1
812 1 3 2948 22 188 33
813 1 2 2952 18 152 27
814 1 2 2955 1391 14645 2086
815 1 5 2958 1 4 1
816 0 5 2962 1 4 1
817 1 1 2966 41 363 61
818 1 1 2968 591 5982 886
819 0 1 2970 2 17 3
820 1 6 2973 18813 105961 28219
821 1 5 2977 7 21 10
822 0 2 2981 29 252 43
823 0 3 2984 9 27 13
824 0 2 2988 39 344 58
825 0 4 2991 1 3 1
826 0 3 2995 4 12 6
827 1 1 2999 32 279 48
828 0 2 3001 1 10 1
829 1 1 3004 1 9 1
830 0 2 3006 1431 15085 2146
831 1 2 3009 1 10 1
832 0 3 3012 2 17 3
833 0 2 3016 1 11 1
834 1 2 3019 56 504 84
835 0 8 3022 81 309 121
836 0 5 3027 1152 5423 1728
837 1 1 3031 1 11 1
838 0 4 3034 1 4 1
839 0 3 3038 1 3 1
840 0 2 3042 1 9 1
841 0 1 3045 1 10 1
842 1 4 3048 1 4 1
843 1 17 3052 4 12 6
844 0 2 3057 1 10 1
845 0 2 3060 1 9 1
846 1 2 3063 94 869 141
847 1 6 3066 9 27 13
848 1 2 3070 1 9 1
849 1 1 3073 2 17 3
850 0 17 3075 2 7 3
851 1 1 3080 727 7430 1090
852 1 4 3083 2 6 3
853 1 8 3087 16 52 24
854 1 2 3092 12 99 18
855 1 1 3095 1 11 1
856 1 3 3097 3 10 4
857 1 1 3101 3 25 4
858 0 5 3103 1 3 1
859 0 12 3107 26 89 39
860 0 3 3112 1 4 1
861 1 1 3116 1 10 1
862 0 1 3118 177 1690 265
863 1 22 3120 23 78 34
864 1 8 3125 121665 760457 182497
865 1 5 3130 1 4 1
866 0 5 3134 4 12 6
867 1 1 3138 1 10 1
868 1 3 3141 166 1580 249
869 1 6 3145 4 12 6
870 1 6 3149 12 38 18
871 1 2 3153 1 10 1
872 1 2 3156 1 10 1
873 1 6 3159 1 4 1
874 1 1 3163 456 4560 684
875 1 6 3166 1 4 1
876 0 1 3170 1 11 1
877 1 3 3173 3 9 4
878 1 2 3177 101 937 151
879 1 7 3180 1 4 1
880 0 2 3184 35 307 52
881 1 10 3187 108 423 162
882 0 13 3192 5 15 7
883 1 2 3197 1 9 1
884 0 5 3200 1 3 1
885 1 2 3204 1 9 1
886 0 3 3207 73 276 109
887 1 11 3211 236 987 354
888 0 2 3216 3 25 4
889 1 4 3219 15 48 22
890 1 34 3223 2 7 3
891 1 4 3229 1095 5136 1642
892 0 1 3233 40 353 60
893 1 3 3235 41 362 61
894 0 3 3239 103 402 154
895 1 6 3243 1 6 1
896 1 1 3247 1 10 1
897 1 3 3249 15 125 22
898 0 2 3253 1 9 1
899 0 2 3256 1 9 1
900 0 1 3259 455 4549 682
901 0 10 3261 1 3 1
902 0 10 3266 1558 7489 2337
903 0 2 3271 1 10 1
904 0 4 3274 3 9 4
905 0 1 3278 2 17 3
906 1 17 3281 5 15 7
907 0 4 3286 7 21 10
908 0 4 3290 12 38 18
909 1 3 3294 7 21 10
910 1 2 3298 123 1153 184
911 0 1 3301 35 307 52
912 1 2 3304 1 9 1
913 0 7 3307 5 15 7
914 0 2 3312 1 9 1
915 1 1 3315 69 628 103
916 0 1 3317 1 10 1
917 0 5 3318 132 526 198
918 0 7 3322 68 256 102
919 0 7 3326 21 70 31
920 1 6 3330 83 318 124
921 0 8 3334 1 5 1
922 1 2 3339 389 3861 583
923 1 4 3342 1 4 1
924 1 3 3346 1 4 1
925 0 1 3350 1 9 1
926 0 5 3353 23 78 34
927 1 4 3357 63 235 94
928 0 6 3361 1 4 1
929 1 7 3365 522 2320 783
930 1 17 3370 1 4 1
931 1 1 3375 47 419 70
932 0 1 3378 3 25 4
933 1 8 3380 629 2834 943
934 1 1 3385 1 10 1
935 1 1 3388 2 17 3
936 0 4 3390 1 4 1
937 1 1 3394 8 64 12
938 1 11 3397 72 272 108
939 1 5 3402 1251 5923 1876
940 1 4 3406 23 78 34
941 1 2 3410 1 9 1
942 0 4 3413 9 27 13
943 1 6 3417 22 74 33
944 0 10 3421 1 7 1
945 0 6 3426 157 635 235
946 1 2 3430 55 494 82
947 0 1 3433 4 33 6
948 1 2 3435 1 11 1
949 0 6 3438 3 10 4
950 1 1 3442 349 3446 523
951 0 2 3444 37 325 55
952 0 5 3447 35 124 52
953 1 2 3451 1 9 1
954 1 4 3454 3 10 4
955 1 2 3458 99 918 148
956 0 2 3461 25233 300256 37849
957 1 3 3464 70 264 105
958 0 2 3468 77 704 115
959 0 8 3471 276 1168 414
960 1 7 3476 1 3 1
961 1 1 3480 1 9 1
962 0 1 3483 1479 15614 2218
963 0 1 3485 1 10 1
964 1 1 3487 1 8 1
965 0 2 3490 2 17 3
966 0 38 3493 61 227 91
967 0 1 3499 1 10 1
968 1 1 3501 13 107 19
969 0 1 3503 2 17 3
970 1 2 3505 64 580 96
971 1 3 3508 53 195 79
972 0 2 3512 1 9 1
973 0 1 3515 28180 336795 42270
974 1 28 3517 896 4143 1344
975 1 4 3523 6 18 9
976 1 8 3527 755 3448 1132
977 0 11 3532 2605 12966 3907
978 1 3 3537 2770 13844 4155
979 1 5 3541 32 112 48
980 1 6 3545 144 578 216
981 1 4 3549 1 6 1
982 0 3 3553 239 2317 358
983 0 1 3557 19 161 28
984 0 8 3559 5 15 7
985 1 7 3564 1 4 1
986 0 37 3568 4 12 6
987 1 3 3574 48 428 72
988 1 2 3578 1 9 1
989 1 5 3581 28 97 42
990 0 5 3585 1 5 1
991 0 5 3589 15 48 22
992 1 7 3593 13029 71798 19543
993 1 3 3598 74 676 111
994 0 1 3602 32 279 48
995 1 2 3604 1 9 1
996 1 1 3607 16791 196566 25186
