0 0 61 5 2 6 3
1 0 1 24 61 551 91
2 1 5 37 1 9 1
3 0 1 53 18 152 27
4 0 11 65 3 10 4
5 0 2 82 363 3591 544
6 1 1 96 79 724 118
7 1 12 108 42 151 63
8 0 7 126 184 754 276
9 0 1 143 5416 60504 8124
10 1 4 155 50 447 75
11 0 1 171 35 307 52
12 1 1 183 1 10 1
13 0 2 196 1 9 1
14 0 2 209 1 9 1
15 0 2 224 1 10 1
16 0 1 238 81 743 121
17 1 1 251 25698 306011 38547
18 1 5 264 1616 17128 2424
19 0 4 280 7 56 10
20 0 4 296 304 2981 456
21 1 6 312 8 64 12
22 1 2 329 101 938 151
23 0 2 344 7 56 10
24 1 13 358 6185 32557 9277
25 1 10 376 1 3 1
26 1 1 393 458 4581 687
27 0 3 406 53 475 79
28 1 1 421 30 261 45
29 0 3 433 796 8170 1194
30 1 1 448 16 134 24
31 1 3 459 1 10 1
32 1 11 474 217 901 325
33 1 1 491 54 485 81
34 1 5 503 1 10 1
35 0 1 519 30 261 45
36 0 2 529 101 938 151
37 0 3 543 3 25 4
38 0 1 558 1 10 1
39 1 2 571 55 495 82
40 0 2 585 26673 318091 40009
41 1 1 599 16 134 24
42 0 2 612 1 11 1
43 1 7 627 4 12 6
44 1 1 644 1 9 1
45 1 2 657 16 134 24
46 1 7 671 2 6 3
47 1 2 688 2007 21478 3010
48 0 8 703 3 9 4
49 1 1 720 1 12 1
50 0 1 732 400 3975 600
51 0 4 744 37 326 55
52 1 6 760 10 31 15
53 1 2 777 1 10 1
54 1 2 791 2334 25144 3501
55 0 3 805 26013 309912 39019
56 1 6 820 91 840 136
57 1 3 836 5 41 7
58 1 9 851 7 21 10
59 0 2 868 8540 97243 12810
60 1 3 883 72 657 108
61 0 1 898 2 17 3
62 1 3 911 81 743 121
63 0 4 926 1 12 1
64 0 1 942 17697 207612 26545
65 0 2 955 4 33 6
66 1 3 969 8299 94387 12448
67 1 7 984 3 10 4
68 0 2 1001 20 170 30
69 0 2 1016 1 8 1
70 1 1 1031 3 25 4
71 1 3 1042 1 10 1
72 1 3 1057 335 3301 502
73 1 2 1072 302 2961 453
74 0 1 1086 1 10 1
75 0 10 1097 1 3 1
76 1 1 1114 31 270 46
77 0 5 1127 1 11 1
78 1 3 1143 99 918 148
79 0 4 1158 4 33 6
80 1 2 1174 54 485 81
81 0 3 1188 629 6386 943
82 1 2 1203 111 1035 166
83 0 3 1217 2 17 3
84 1 2 1232 1 10 1
85 0 11 1246 104 406 156
86 0 3 1263 1 9 1
87 1 7 1278 1 4 1
88 1 2 1295 1435 15129 2152
89 0 2 1309 15 125 22
90 1 6 1323 1 9 1
91 1 13 1339 1 4 1
92 0 1 1357 25999 309739 38998
93 0 1 1370 163 1550 244
94 1 6 1381 3 25 4
95 0 4 1397 76 695 114
96 0 14 1413 1050 4910 1575
97 0 36 1431 34 120 51
98 1 1 1450 5 40 7
99 1 1 1461 4 33 6
100 1 2 1474 25 215 37
101 0 5 1489 1 9 1
102 0 1 1505 20 170 30
103 0 3 1516 26 224 39
104 0 2 1532 2439 26326 3658
105 1 1 1546 558 5633 837
106 1 1 1559 1 12 1
107 0 5 1571 22 188 33
108 1 6 1587 1 8 1
109 0 2 1604 1 10 1
110 1 15 1618 1 5 1
111 1 2 1636 1629 17272 2443
112 0 5 1650 29 251 43
113 0 7 1666 1570 7551 2355
114 0 1 1683 34 298 51
115 0 2 1696 4 33 6
116 0 5 1711 11541 133059 17311
117 0 6 1727 130 1222 195
118 1 2 1743 1 10 1
119 0 2 1757 37 326 55
120 0 4 1772 1 9 1
121 1 1 1788 26 224 39
122 1 1 1800 1 10 1
123 0 2 1813 5 40 7
124 0 4 1828 1 9 1
125 0 17 1844 4 12 6
126 0 2 1862 1 9 1
127 0 9 1876 5 15 7
128 1 1 1893 43 381 64
129 0 1 1906 24 206 36
130 1 2 1918 2532 27375 3798
131 1 2 1932 25037 297831 37555
132 1 4 1946 97 898 145
133 1 3 1962 22 188 33
134 0 4 1977 3 25 4
135 1 7 1993 239 1000 358
136 1 4 2010 28 242 42
137 0 2 2026 1 9 1
138 1 2 2041 4 33 6
139 0 1 2056 3 25 4
140 1 1 2069 20 170 30
141 1 5 2080 25 215 37
142 0 2 2096 5184 57805 7776
143 0 2 2110 13388 155294 20082
144 0 7 2125 167 679 250
145 0 2 2142 769 7880 1153
146 1 10 2156 1 4 1
147 0 2 2173 1 9 1
148 1 7 2187 186 763 279
149 0 3 2204 1 10 1
150 0 23 2219 1 5 1
151 1 1 2237 48 428 72
152 1 13 2249 4 12 6
153 1 3 2267 2 17 3
154 0 11 2282 5 15 7
155 0 3 2299 123 1153 184
156 1 1 2314 6 48 9
157 1 2 2326 9474 108344 14211
158 0 2 2339 1 11 1
159 0 2 2354 1 9 1
160 1 1 2369 635 6449 952
161 0 1 2381 7 56 10
162 0 5 2392 2 17 3
163 0 1 2408 18 152 27
164 1 1 2418 1 11 1
165 1 2 2430 8283 94197 12424
166 0 3 2444 8 64 12
167 1 1 2460 1 10 1
168 1 1 2472 1 12 1
169 0 4 2482 1 9 1
170 0 2 2498 1 12 1
171 1 9 2512 2 7 3
172 0 5 2529 10 81 15
173 0 12 2545 60 223 90
174 0 1 2563 3 25 4
175 0 1 2576 3216 35134 4824
176 1 2 2588 1209 12648 1813
177 1 2 2603 512 5148 768
178 1 2 2618 1 10 1
179 0 2 2632 1 10 1
180 0 5 2645 7 56 10
181 0 4 2661 6 48 9
182 0 1 2677 6648 74912 9972
183 0 1 2690 1004 10415 1506
184 1 2 2702 1 9 1
185 0 5 2716 1 10 1
186 1 4 2732 1 11 1
187 0 3 2748 6 48 9
188 0 4 2763 125 1173 187
189 1 14 2779 134 535 201
190 0 3 2797 1 10 1
191 0 1 2812 1 11 1
192 0 3 2823 2 17 3
193 1 2 2838 1 9 1
194 0 4 2852 1 10 1
195 0 3 2868 2469 26664 3703
196 1 1 2883 1 11 1
197 1 3 2895 268 2612 402
198 1 11 2910 2 7 3
199 0 2 2927 3 25 4
200 1 3 2941 32 279 48
201 1 2 2956 4 33 6
202 0 3 2971 2 17 3
203 1 8 2986 2 6 3
204 1 4 3003 309 3033 463
205 0 3 3019 48 428 72
206 0 4 3034 3 25 4
207 1 3 3050 7 56 10
208 1 2 3065 1364 14348 2046
209 0 1 3080 435 4340 652
210 1 3 3091 34 298 51
211 0 1 3106 32 279 48
212 1 2 3119 3 25 4
213 1 2 3133 1 9 1
214 0 4 3147 7 56 10
215 0 4 3163 1 13 1
216 0 3 3179 1 9 1
217 1 118 3194 95 368 142
218 1 2 3214 1 10 1
219 0 2 3228 1671 17737 2506
220 0 4 3242 1 9 1
221 1 6 3258 35880 209757 53820
222 1 5 3275 1 12 1
223 1 3 3291 1 12 1
224 0 1 3306 3268 35727 4902
225 1 1 3315 101 937 151
226 0 22 3326 1 5 1
227 0 2 3344 3 25 4
228 1 1 3358 4 33 6
229 1 1 3371 27 233 40
230 1 3 3384 27801 332088 41701
231 1 4 3399 2 17 3
232 0 5 3415 1 11 1
233 1 8 3431 18977 106939 28465
234 0 4 3448 423 4215 634
235 0 2 3464 9 73 13
236 1 4 3478 1 13 1
237 1 2 3494 9 73 13
238 1 11 3509 26 89 39
239 0 5 3526 25 215 37
240 0 1 3542 1 12 1
241 1 5 3553 1 10 1
242 1 9 3569 1 4 1
243 0 6 3586 1 9 1
244 1 1 3602 1 10 1
245 1 2 3615 217 2093 325
