0 0 6 5 1 9 1
1 1 6 9 1 9 1
2 0 7 13 2 6 3
3 1 1 18 28 242 42
4 0 4 21 509542 6787574 764313
5 0 26 25 1 4 1
6 1 2 30 70 637 105
7 0 3 33 214 2063 321
8 0 2 37 40 353 60
9 1 1 40 210 2022 315
10 0 2 43 122695 1551778 184042
11 0 1 46 567 5728 850
12 1 2 49 98 908 147
13 1 3 52 47 419 70
14 0 1 56 22 188 33
15 0 2 59 1006 10437 1509
16 1 2 62 21 179 31
17 1 1 65 1 11 1
18 1 3 68 256 2489 384
19 0 4 72 1 10 1
20 1 3 76 226 2185 339
21 0 1 80 1 10 1
22 1 2 81 1 9 1
23 0 5 84 1 8 1
24 1 2 88 3 25 4
25 1 5 91 5898 66127 8847
26 1 7 95 1 4 1
27 0 6 100 68160 843097 102240
28 1 3 104 58 523 87
29 0 2 108 2270 24425 3405
30 1 3 111 12 99 18
31 1 2 115 1 10 1
32 1 2 118 578 5845 867
33 0 1 121 4 33 6
34 1 3 124 1 9 1
35 0 6 128 17 56 25
36 1 1 132 40 353 60
37 0 7 133 3 9 4
38 0 1 137 1 9 1
39 1 3 139 6907 77955 10360
40 0 12 143 1 3 1
41 1 2 148 71 647 106
42 1 1 151 1 9 1
43 1 5 153 7522 85200 11283
44 1 3 157 9 72 13
45 0 2 161 2 17 3
46 0 7 164 1 4 1
47 0 1 168 6 48 9
48 1 3 171 451 4507 676
49 0 2 175 43 381 64
50 0 2 178 3 25 4
51 1 21 181 28 97 42
52 0 12 186 46 167 69
53 0 3 191 9 73 13
54 0 1 195 1 11 1
55 1 2 198 1 9 1
56 0 5 201 4 33 6
57 0 1 205 5617 62846 8425
58 1 12 207 1 5 1
59 0 1 212 413 4110 619
60 0 1 214 1 12 1
61 1 2 216 57 513 85
62 1 5 219 2 17 3
63 1 4 223 1 9 1
64 1 3 227 22 188 33
65 0 2 231 11037 127015 16555
66 1 5 234 62 561 93
67 1 2 238 6 48 9
68 1 4 241 8 64 12
69 0 3 245 1 11 1
70 0 4 249 2 17 3
71 0 8 253 1 3 1
72 1 3 258 1003 10404 1504
73 0 2 262 12 99 18
74 0 1 265 4 33 6
75 0 3 267 13651 158470 20476
76 1 3 271 8 64 12
77 0 5 275 132 1242 198
78 0 12 279 893 4128 1339
79 1 1 284 3 25 4
80 0 1 287 1 10 1
81 1 1 290 303 2971 454
82 1 5 292 1 10 1
83 0 10 296 1 3 1
84 1 5 301 233 2256 349
85 1 32 305 2058 10083 3087
86 0 1 311 2 17 3
87 0 3 314 255 2479 382
88 0 3 318 1 9 1
89 1 2 322 29 252 43
90 1 3 325 411 4089 616
91 1 1 329 1 9 1
92 0 1 331 3 25 4
93 1 3 334 5807 65063 8710
94 1 5 338 1 10 1
95 1 2 342 1 13 1
96 0 5 345 18 152 27
97 0 4 349 1 10 1
98 1 8 353 73 276 109
99 1 1 358 1 9 1
100 1 2 360 649 6598 973
101 1 2 363 628 6375 942
102 0 4 366 715 7302 1072
103 1 1 370 1 10 1
104 0 9 372 3 10 4
105 0 2 377 4 33 6
106 0 1 380 419 4173 628
107 1 4 383 79 724 118
108 1 6 387 1 11 1
109 1 1 391 5 40 7
110 1 3 392 40 353 60
111 1 2 396 1 10 1
112 0 3 399 8159 92729 12238
113 1 3 403 258 2510 387
114 1 3 407 473 4738 709
115 0 6 410 5 41 7
116 0 1 414 1 10 1
117 0 6 417 199 1911 298
118 1 2 421 1 8 1
119 0 2 424 1 8 1
120 1 2 427 169 1610 253
121 0 4 430 1 11 1
122 1 11 434 146 587 219
123 0 6 439 27 233 40
124 0 1 443 586 5929 879
125 0 2 446 1 10 1
126 0 5 449 1 10 1
127 1 3 453 1700 18059 2550
128 0 2 457 184 1760 276
129 1 7 460 10 31 15
130 1 2 465 1 9 1
131 0 2 468 1115448 15272198 1673172
132 0 1 471 1 11 1
133 0 17 474 3 9 4
134 1 1 479 14 116 21
135 1 3 481 3 25 4
136 0 5 485 2 17 3
137 1 2 489 1 10 1
138 1 7 492 25589 146731 38383
139 0 7 496 109 427 163
140 0 2 500 1 10 1
141 0 5 503 1 9 1
142 0 1 507 1 9 1
143 0 2 509 5713 63966 8569
144 1 2 512 875 9020 1312
145 1 5 515 1 9 1
146 1 4 519 1 12 1
147 1 2 523 45373 552502 68059
148 1 1 526 1 9 1
149 0 3 528 1 10 1
150 0 1 532 94 869 141
151 0 1 534 5559 62170 8338
152 1 3 536 117 1094 175
153 1 2 540 1 11 1
154 0 5 543 1 10 1
155 1 3 547 1 10 1
156 0 1 551 1 10 1
157 0 10 554 153 617 229
158 1 3 559 1 10 1
159 0 6 563 3 25 4
160 1 2 567 2 17 3
161 0 2 570 8 64 12
162 1 1 573 254 2469 381
163 0 12 576 1 5 1
164 0 6 581 240 2326 360
165 1 4 585 341 3363 511
166 0 3 589 6 48 9
167 0 2 593 14 116 21
168 0 2 596 1 8 1
169 0 4 599 1 9 1
170 0 14 603 2 7 3
171 0 9 608 3 9 4
172 1 3 613 198 1901 297
173 1 3 617 2039 21836 3058
174 1 4 621 1 10 1
175 1 6 625 2967 32300 4450
176 0 2 629 7 56 10
177 1 2 632 309 3033 463
178 1 6 635 127 1192 190
179 1 1 639 128 1203 192
180 1 2 641 4227 46725 6340
181 0 5 644 155 1470 232
182 1 4 648 29795 356883 44692
183 1 4 652 4 33 6
184 1 6 656 163 1550 244
185 0 2 660 53054 649957 79581
186 0 9 663 1 3 1
187 1 3 668 100 928 150
188 0 23 672 5 15 7
189 0 3 677 9 72 13
190 1 2 681 7 56 10
191 1 4 684 19 161 28
192 0 2 688 1 9 1
193 0 2 691 1 10 1
194 0 4 694 177 1690 265
195 0 1 698 1 9 1
196 0 5 699 874897 11878161 1312345
197 1 8 703 83 318 124
198 1 1 708 1 13 1
199 0 28 710 1 5 1
200 1 13 716 22 74 33
201 1 8 721 1 4 1
202 1 12 726 1 4 1
203 0 5 731 1 9 1
204 0 2 735 523 5264 784
205 0 2 738 2 17 3
206 1 4 741 1 11 1
207 1 2 745 1 8 1
208 0 3 748 2 17 3
209 1 1 752 65 589 97
210 1 1 754 1 9 1
211 1 1 757 8281 94174 12421
212 1 1 759 2 17 3
213 0 1 762 2 17 3
214 0 2 765 138 1301 207
215 1 2 768 1 11 1
216 0 1 771 21 179 31
217 0 1 773 1 10 1
218 1 2 775 1 10 1
219 1 3 778 21114 249462 31671
220 0 2 782 1 9 1
221 0 2 785 161 1530 241
222 1 5 788 1 10 1
223 1 1 792 3 25 4
224 0 13 795 2 7 3
225 1 2 800 41 363 61
226 0 2 803 2 17 3
227 1 1 806 410 4079 615
228 1 3 807 1 11 1
229 0 1 811 4 33 6
230 0 4 812 575874 7704512 863811
231 0 6 816 1 9 1
232 1 2 820 1 10 1
233 1 6 823 2 17 3
234 0 2 827 170688 2185421 256032
235 1 3 830 1 11 1
236 1 3 834 148 1401 222
237 1 3 838 8 64 12
238 1 2 842 1 9 1
239 1 10 845 374 1620 561
240 1 5 850 3 25 4
241 0 5 854 1 10 1
242 0 12 858 2 6 3
243 1 34 863 539 2401 808
244 0 53 869 149 600 223
245 1 1 875 2 17 3
246 0 1 877 15 125 22
247 1 4 880 4449 49287 6673
248 1 23 884 14 45 21
249 0 4 889 66 599 99
250 1 5 893 430 4288 645
251 0 3 897 1 9 1
252 0 2 901 1 10 1
253 0 28 904 28 97 42
254 0 5 910 57 513 85
255 0 1 914 4 33 6
256 1 3 916 1 10 1
257 1 2 920 25 215 37
258 0 37 923 1 5 1
259 0 6 929 388 3850 582
260 1 5 933 1 9 1
261 1 19 937 340 1462 510
262 1 18 942 5 15 7
263 1 2 947 65 589 97
264 1 8 950 599 2689 898
265 1 6 955 2 7 3
266 0 2 959 117 1094 175
267 0 5 962 40 353 60
268 1 2 966 476 4770 714
269 1 7 969 1 3 1
270 0 3 974 8 64 12
271 1 2 978 1 9 1
272 0 5 981 21997 260321 32995
273 1 1 985 1655 17560 2482
274 1 8 988 14 45 21
275 0 3 993 1 10 1
276 0 7 997 292 1241 438
277 0 1 1001 30119 360917 45178
278 0 4 1004 1407 14821 2110
279 1 1 1008 1101 11469 1651
280 1 5 1011 3 25 4
281 0 3 1015 336 3311 504
282 0 2 1019 34 297 51
283 0 3 1022 61 551 91
284 1 6 1026 1 4 1
285 1 3 1030 179938 2308347 269907
286 1 3 1034 97 898 145
287 1 3 1037 1 10 1
288 1 1 1041 1 9 1
289 0 3 1043 9 73 13
290 0 5 1047 25 215 37
291 1 1 1051 1 10 1
292 0 19 1054 205 847 307
293 0 1 1059 3 25 4
294 1 2 1061 1 9 1
295 0 1 1064 900 9290 1350
296 1 3 1065 1 12 1
297 0 6 1069 3 10 4
298 1 4 1073 1314 13798 1971
299 0 1 1077 44 391 66
300 1 1 1080 683 6960 1024
301 1 4 1082 5 40 7
302 1 3 1086 2 17 3
303 1 1 1090 11 90 16
304 0 7 1093 1367 6512 2050
305 0 29 1097 13 41 19
306 1 1 1103 1969 21053 2953
307 0 8 1105 5 15 7
308 0 2 1110 2 17 3
309 0 1 1113 121 1133 181
310 0 2 1115 3 25 4
311 1 5 1118 6 48 9
312 1 1 1122 4721 52433 7081
313 1 7 1124 85 326 127
314 0 6 1128 1236 12943 1854
315 0 2 1132 1 10 1
316 0 1 1135 3112 33949 4668
317 0 4 1137 1 8 1
318 0 8 1141 1 3 1
319 1 2 1146 79619 990690 119428
320 1 4 1149 7 56 10
321 1 2 1153 1809 19270 2713
322 1 5 1156 1 9 1
323 1 1 1160 196 1881 294
324 1 7 1163 99959 618281 149938
325 0 1 1167 1 8 1
326 0 3 1169 11010 126692 16515
327 1 1 1173 1 9 1
328 0 1 1175 24 206 36
329 0 4 1178 71 647 106
330 0 1 1182 348 3435 522
331 1 2 1185 6 48 9
332 0 1 1188 22 188 33
333 1 4 1191 344 3394 516
334 1 3 1195 3 25 4
335 1 17 1199 3 10 4
336 1 2 1204 1 9 1
337 1 2 1207 31 270 46
338 0 1 1210 1 9 1
339 0 1 1212 7422 84020 11133
340 0 3 1215 364 3601 546
341 1 6 1219 1 4 1
342 0 2 1223 45 400 67
343 1 2 1226 1214 12703 1821
344 0 2 1229 58 523 87
345 0 2 1232 23 197 34
346 1 4 1235 388 3850 582
347 0 1 1239 1 8 1
348 0 1 1241 41371 501963 62056
349 0 1 1244 78 714 117
350 0 3 1246 1 12 1
351 0 2 1250 6 48 9
352 1 4 1253 1 9 1
353 1 19 1257 1 5 1
354 1 18 1262 467 2058 700
355 1 6 1267 643 6534 964
356 0 2 1271 5 40 7
357 0 6 1274 1 10 1
358 1 36 1278 580 2598 870
359 0 13 1284 1 6 1
360 1 14 1289 16 52 24
361 1 3 1294 2 17 3
362 0 2 1297 7 56 10
363 1 6 1300 1 9 1
364 0 1 1304 1 9 1
365 1 4 1306 494 4959 741
366 0 18 1310 212 879 318
367 1 8 1315 2 7 3
368 0 4 1320 1301 13655 1951
369 1 2 1324 914 9441 1371
370 1 2 1327 1 12 1
371 0 37 1330 1 4 1
372 0 4 1336 1 10 1
373 0 3 1340 7 56 10
374 0 1 1344 1 9 1
375 1 2 1347 8 64 12
376 0 1 1350 2049926 28656715 3074889
377 1 3 1352 2 17 3
378 1 17 1356 207 856 310
379 1 2 1361 1 8 1
380 1 1 1364 35972 434076 53958
381 1 3 1367 2 17 3
382 0 1 1371 463 4633 694
383 0 3 1374 183 1750 274
384 1 5 1378 1 12 1
385 1 1 1382 1 9 1
386 1 29 1385 72214 438895 108321
387 0 3 1391 1 10 1
388 0 2 1395 1 9 1
389 0 2 1398 5 41 7
390 1 2 1401 4 33 6
391 1 4 1404 1 9 1
392 0 24 1408 76 289 114
393 1 114 1413 208 861 312
394 0 1 1419 14 116 21
395 1 3 1422 16771 196323 25156
396 1 3 1426 1 12 1
397 0 2 1430 13 107 19
398 0 3 1433 1941 20741 2911
399 1 1 1437 1 9 1
400 0 5 1440 2 17 3
401 0 2 1444 2 17 3
402 0 2 1447 1 10 1
403 0 3 1450 40 353 60
404 0 2 1454 51 456 76
405 1 3 1457 4 33 6
406 0 2 1461 38 334 57
407 1 1 1464 5514 61646 8271
408 1 1 1466 342 3373 513
409 1 3 1468 1 9 1
410 1 1 1472 613 6216 919
411 1 15 1474 1 3 1
412 0 2 1479 24 206 36
413 1 1 1482 159 1510 238
414 1 6 1484 2 7 3
415 1 9 1488 23 78 34
416 0 9 1493 5234 27262 7851
417 0 2 1498 360 3559 540
418 1 3 1501 1 9 1
419 0 2 1505 1 10 1
420 1 2 1508 1 9 1
421 0 5 1511 47 419 70
422 1 2 1515 119 1114 178
423 1 1 1518 42 372 63
424 1 1 1521 1535 16232 2302
425 1 2 1523 22 188 33
426 1 1 1526 1 10 1
427 0 4 1529 12 99 18
428 1 2 1533 1 10 1
429 0 3 1536 20 170 30
430 1 1 1539 156 1480 234
431 1 2 1540 1 9 1
432 1 4 1543 1134 11829 1701
433 0 3 1547 4 33 6
434 1 1 1551 8 64 12
435 1 8 1552 19849 112148 29773
436 1 3 1557 1 9 1
437 1 4 1561 2 17 3
438 0 2 1565 533 5369 799
439 1 2 1568 5 40 7
440 1 3 1571 99 918 148
441 1 9 1575 1 4 1
442 1 12 1580 1 4 1
443 0 1 1585 22 188 33
444 0 1 1588 18754 220527 28131
445 1 1 1589 28 242 42
446 1 5 1592 2 17 3
447 0 25 1596 9 27 13
448 0 2 1601 135 1272 202
449 1 4 1604 1 9 1
450 1 2 1608 1 8 1
451 1 11 1611 130410 818114 195615
452 1 5 1616 8 64 12
453 1 30 1620 1 4 1
454 1 3 1626 16 134 24
455 0 18 1630 8673 46625 13009
456 0 5 1635 1 11 1
457 1 2 1639 1 12 1
458 1 1 1642 29 251 43
459 0 4 1644 1 9 1
460 0 2 1648 3 25 4
461 0 2 1651 1 10 1
462 0 4 1654 1 9 1
463 0 3 1658 1 9 1
464 1 7 1662 979 4555 1468
465 0 3 1667 47108 574465 70662
466 0 2 1671 44 391 66
467 1 1 1674 1 9 1
468 1 10 1676 1 5 1
469 1 3 1681 8 64 12
470 1 2 1685 2 17 3
471 0 3 1688 3 25 4
472 0 1 1692 18 152 27
473 0 1 1694 1 9 1
474 0 1 1696 7 56 10
475 1 5 1699 12 98 18
476 1 2 1703 1 8 1
477 0 3 1706 1 12 1
478 0 2 1710 25 215 37
479 1 2 1713 96 888 144
480 0 4 1716 7 56 10
481 0 3 1720 1 10 1
482 0 2 1724 26103 311027 39154
483 1 3 1727 1 9 1
484 0 11 1731 6 18 9
485 1 3 1736 3 25 4
486 0 3 1740 12 99 18
487 1 11 1744 3 10 4
488 0 2 1749 1 9 1
489 1 1 1752 6 48 9
490 1 3 1755 11 90 16
491 1 2 1759 194 1861 291
492 1 4 1762 3998 44089 5997
493 0 3 1766 1 10 1
494 0 2 1770 4 33 6
495 0 4 1773 1 9 1
496 0 1 1777 666 6779 999
497 1 8 1779 1 3 1
498 0 7 1784 15 48 22
499 1 8 1788 2 6 3
500 0 7 1793 148 595 222
501 0 2 1797 278 2715 417
502 0 1 1800 907146 12331526 1360719
503 0 1 1802 123234 1558850 184851
504 1 1 1804 3151 34393 4726
505 0 4 1806 688 7014 1032
506 0 2 1810 53 475 79
507 1 2 1813 33 288 49
508 0 2 1816 26 224 39
509 0 5 1819 1 9 1
510 1 1 1823 7 56 10
511 1 4 1826 1 8 1
512 0 6 1830 11 90 16
513 1 15 1834 1 5 1
514 1 2 1839 3 25 4
515 1 1 1842 2188015 30654585 3282022
516 0 9 1844 2 7 3
517 1 2 1849 2 17 3
518 0 2 1852 344 3394 516
519 0 2 1855 3 25 4
520 0 4 1858 31 270 46
521 1 5 1862 141 1331 211
522 0 8 1866 9972 54069 14958
523 1 2 1871 133 1252 199
524 0 1 1874 321 3156 481
525 0 2 1877 3 25 4
526 1 12 1880 19 63 28
527 0 1 1885 1 9 1
528 0 1 1887 57 513 85
529 0 15 1889 1 5 1
530 0 1 1894 36 316 54
531 1 2 1897 1 10 1
532 1 6 1900 1 9 1
533 1 3 1904 32 279 48
534 0 1 1908 466 4664 699
535 1 5 1910 1 8 1
536 1 8 1914 2 6 3
537 1 2 1919 37 325 55
538 0 1 1922 126 1183 189
539 1 1 1924 5586 62485 8379
540 0 2 1926 1 9 1
541 1 6 1929 1 9 1
542 1 1 1933 25 215 37
543 1 3 1936 1 9 1
544 0 3 1940 1 9 1
545 0 2 1944 43 381 64
546 1 9 1947 7965 42594 11947
547 0 4 1952 35 307 52
548 0 1 1956 1 11 1
549 0 3 1958 1 10 1
550 0 2 1962 289 2827 433
551 1 6 1965 4418 48929 6627
552 0 1 1969 1 9 1
553 0 11 1971 2 7 3
554 1 6 1976 8 24 12
555 1 2 1980 2 17 3
556 0 2 1983 2 17 3
557 1 3 1986 3604 39567 5406
558 1 17 1990 6 18 9
559 1 1 1995 2 17 3
560 0 95 1998 29 100 43
561 1 1 2004 61 551 91
562 0 22 2006 3 10 4
563 1 2 2011 1 9 1
564 1 2 2014 29 252 43
565 1 6 2017 1 8 1
566 0 3 2021 1 11 1
567 1 2 2025 4 33 6
568 0 3 2028 1 9 1
569 0 10 2032 1 4 1
570 0 3 2037 13 107 19
571 0 2 2041 171 1630 256
572 1 3 2044 7 56 10
573 1 3 2048 1 10 1
574 0 2 2052 43 381 64
575 1 8 2055 3957 20244 5935
576 1 3 2060 14 116 21
577 0 7 2064 179 731 268
578 1 7 2069 136241 856668 204361
579 0 5 2073 23 197 34
580 0 2 2077 1 10 1
581 1 2 2080 2 17 3
582 1 2 2083 2 17 3
583 1 8 2086 36 128 54
584 0 6 2091 1 10 1
585 1 3 2095 2 17 3
586 1 1 2099 71 647 106
587 0 21 2102 606 2723 909
588 1 29 2107 24 81 36
589 0 4 2113 994 10307 1491
590 1 5 2117 8 64 12
591 0 13 2121 47 171 70
592 0 11 2126 7 21 10
593 0 5 2131 1 9 1
594 0 7 2135 1 3 1
595 0 1 2140 3 25 4
596 0 2 2142 1 11 1
597 0 12 2145 1 4 1
598 1 1 2150 1 10 1
599 1 1 2153 1 12 1
600 1 3 2154 1 9 1
601 1 1 2158 1 9 1
602 0 3 2159 82 753 123
603 1 4 2163 2 17 3
604 1 2 2167 13368 155053 20052
605 1 1 2170 9 72 13
606 1 3 2172 1770 18836 2655
607 1 7 2176 1 3 1
608 0 2 2180 1 10 1
609 1 3 2183 84 772 126
610 0 1 2187 1 10 1
611 1 17 2190 35 124 52
612 1 3 2195 1 9 1
613 0 25 2199 625 2815 937
614 0 2 2204 20 170 30
615 0 14 2207 529 2353 793
616 1 16 2212 4 12 6
617 0 3 2217 19 161 28
618 1 2 2221 15704 183344 23556
619 1 1 2224 21 179 31
620 1 13 2226 1 4 1
621 1 1 2231 11772 135833 17658
622 0 2 2233 25 215 37
623 1 4 2236 9 73 13
624 1 1 2240 1 9 1
625 1 1 2243 267 2602 400
626 0 4 2245 142 1341 213
627 0 14 2249 145 582 217
628 0 1 2254 1 9 1
629 0 4 2257 1 10 1
630 1 2 2261 3 25 4
631 0 11 2264 4 12 6
632 1 2 2269 290 2837 435
633 1 1 2272 2 17 3
634 0 3 2275 3 25 4
635 0 3 2279 1 12 1
636 0 2 2283 1 9 1
637 1 2 2286 47 419 70
638 1 1 2289 5 40 7
639 0 1 2292 113 1055 169
640 0 2 2295 66 599 99
641 0 9 2298 1 4 1
642 1 1 2303 1 10 1
643 0 1 2305 1 10 1
644 0 3 2307 3 25 4
645 0 20 2311 8 24 12
646 1 3 2316 5 40 7
647 0 6 2320 1 9 1
648 0 3 2324 122 1143 183
649 1 2 2328 1 10 1
650 1 1 2331 1 9 1
651 1 9 2333 11 34 16
652 0 1 2338 1 11 1
653 1 1 2339 1 10 1
654 1 16 2341 3 10 4
655 0 11 2346 3559 18083 5338
656 1 7 2351 10 31 15
657 1 7 2355 90 347 135
658 0 1 2360 1 11 1
659 0 4 2362 6517 73374 9775
660 1 2 2366 222 2144 333
661 0 1 2369 452 4518 678
662 1 2 2371 2 17 3
663 0 2 2374 5291 59049 7936
664 1 1 2377 1 9 1
665 0 3 2379 611 6194 916
666 0 7 2383 6 18 9
667 1 32 2387 453 1992 679
668 1 1 2393 605 6131 907
669 0 1 2395 3 25 4
670 0 38 2397 1 5 1
671 0 5 2403 3 25 4
672 1 1 2407 145 1371 217
673 0 1 2409 1 9 1
674 1 2 2410 1 9 1
675 0 9 2413 1 3 1
676 1 2 2418 103 957 154
677 1 5 2421 18 152 27
678 1 1 2425 1 9 1
679 1 1 2427 1 9 1
680 1 2 2429 2 17 3
681 0 7 2432 37 131 55
682 0 8 2437 5 15 7
683 0 2 2442 86 792 129
684 1 1 2445 27 233 40
685 1 4 2448 1 10 1
686 1 6 2452 63 570 94
687 1 1 2456 20 170 30
688 1 2 2458 1 10 1
689 0 2 2461 225 2174 337
690 1 6 2464 43 155 64
691 0 5 2468 6 48 9
692 0 2 2472 188 1801 282
693 1 10 2475 61 227 91
694 1 8 2480 818 3757 1227
695 1 2 2485 1 9 1
696 1 2 2488 1 10 1
697 0 2 2491 25 215 37
698 1 4 2494 1 9 1
699 0 4 2498 14 116 21
700 0 2 2502 8517 96971 12775
701 1 2 2505 6 48 9
702 1 9 2508 1 5 1
703 1 5 2513 12 98 18
704 0 1 2517 1 12 1
705 0 1 2519 1 9 1
706 0 3 2522 1 9 1
707 1 22 2526 3100 15609 4650
708 0 3 2531 8 64 12
709 1 1 2535 1 10 1
710 0 3 2538 1 9 1
711 0 22 2542 147 591 220
712 1 2 2547 37 325 55
713 0 1 2550 11 90 16
714 0 4 2552 28 242 42
715 1 10 2556 366 1583 549
716 0 1 2561 1 9 1
717 1 8 2564 2 7 3
718 0 1 2569 1 13 1
719 0 17 2571 39 139 58
720 0 5 2576 2 17 3
721 1 3 2580 1 9 1
722 1 38 2584 3 9 4
723 0 1 2590 235 2276 352
724 1 6 2593 1 9 1
725 1 5 2597 281 2745 421
726 0 2 2601 5 41 7
727 0 1 2604 6 48 9
728 1 3 2606 1 10 1
729 1 8 2610 2 6 3
730 0 27 2615 1 5 1
731 0 4 2621 146 1381 219
732 0 2 2625 703 7174 1054
733 1 2 2628 283 2766 424
734 0 2 2631 5 41 7
735 1 1 2634 1 10 1
736 0 2 2636 30 261 45
737 1 3 2639 2079 22283 3118
738 1 15 2643 1328 6314 1992
739 0 1 2648 1 14 1
740 1 7 2650 12505 68741 18757
741 0 4 2654 1 10 1
742 0 7 2658 4 12 6
743 0 1 2663 1 10 1
744 0 1 2666 1 10 1
745 0 9 2668 1 4 1
746 0 7 2673 7010 37191 10515
747 1 4 2677 1 9 1
748 1 2 2681 1 9 1
749 1 1 2684 2 17 3
750 1 8 2687 4 12 6
751 1 1 2692 1 8 1
752 1 2 2694 4 33 6
753 1 1 2697 513 5158 769
754 0 18 2700 162 657 243
755 1 21 2705 2 6 3
756 0 3 2710 15315 178621 22972
757 0 1 2714 2944 32039 4416
758 1 14 2716 1 5 1
759 0 1 2721 1 10 1
760 1 3 2723 1 9 1
761 0 17 2727 79 301 118
762 1 11 2732 3 9 4
763 1 4 2737 1985 21232 2977
764 1 5 2741 1 10 1
765 0 4 2745 1 12 1
766 0 3 2749 1 11 1
767 0 3 2753 18 152 27
768 0 7 2757 2 6 3
769 1 4 2761 2 17 3
770 1 12 2765 1 4 1
771 1 1 2770 2 17 3
772 0 1 2773 1 12 1
773 0 4 2774 3 25 4
774 0 1 2778 63 570 94
775 0 5 2781 26 224 39
776 1 2 2785 1 9 1
777 0 21 2788 956 4441 1434
778 1 2 2793 1 8 1
779 0 3 2796 102 947 153
780 1 2 2800 169 1610 253
781 0 4 2803 14558 169443 21837
782 0 6 2807 359 3549 538
783 0 2 2811 301 2950 451
784 0 10 2814 1 4 1
785 1 9 2819 6978 37010 10467
786 0 6 2824 257 2500 385
787 0 2 2828 1 9 1
788 1 4 2831 7 56 10
789 1 1 2835 76 695 114
790 0 1 2838 11 90 16
791 1 21 2841 1 3 1
792 0 1 2846 71 647 106
793 1 7 2848 1 4 1
794 1 1 2852 3 25 4
795 0 1 2854 1 11 1
796 0 2 2856 1 9 1
797 0 1 2859 2 17 3
798 1 5 2861 5 41 7
799 1 1 2865 5 40 7
800 0 2 2867 1 8 1
801 0 3 2870 1 8 1
802 1 3 2874 519 5221 778
803 0 2 2878 2 17 3
804 1 9 2881 1372 6538 2058
805 0 9 2886 620700 4214547 931050
806 0 21 2891 1 4 1
807 0 6 2896 167 1590 250
808 1 1 2900 11 90 16
809 0 2 2902 5 40 7
810 0 5 2905 1 12 1
811 0 1 2909 656 6673 984
812 1 1 2912 2232 23998 3348
813 1 1 2915 2 17 3
814 1 6 2918 99 918 148
815 1 1 2922 2 17 3
816 1 4 2924 188 1801 282
817 1 5 2928 5 41 7
818 0 11 2932 555 2478 832
819 0 5 2937 50 447 75
820 1 1 2941 167 1590 250
821 0 4 2943 87 801 130
822 0 3 2947 65 589 97
823 0 4 2951 1180117 16189076 1770175
824 1 8 2955 1 4 1
825 1 2 2960 1 10 1
826 1 3 2963 213 2053 319
827 1 1 2967 23 197 34
828 0 1 2969 1 9 1
829 1 1 2972 10 81 15
830 0 1 2974 2732 29635 4098
831 0 2 2975 3511 38503 5266
832 0 2 2978 46 409 69
833 1 6 2981 1 10 1
834 1 4 2985 27 233 40
835 0 5 2989 1356 14260 2034
836 0 29 2993 11 34 16
837 0 2 2999 5 41 7
838 1 1 3002 2 17 3
839 0 6 3003 9580 109606 14370
840 1 3 3007 3 25 4
841 1 11 3011 1 4 1
842 0 2 3016 34 297 51
843 1 6 3019 60 542 90
844 1 13 3023 584 2617 876
845 1 2 3028 7 56 10
846 1 4 3031 464 4644 696
847 1 4 3035 1 9 1
848 1 3 3039 21468 253814 32202
849 0 1 3043 16 134 24
850 1 2 3046 1 10 1
851 1 1 3049 18 152 27
852 1 3 3051 2 17 3
853 1 2 3055 2 17 3
854 0 1 3058 1 11 1
855 0 24 3060 8 24 12
856 1 2 3065 41864 508179 62796
857 1 2 3068 4 33 6
858 1 3 3071 1 11 1
859 0 2 3075 2 17 3
860 1 4 3078 4 33 6
861 1 1 3082 2 17 3
862 1 3 3085 21 178 31
863 1 1 3089 9 73 13
864 0 1 3091 9 73 13
865 1 3 3093 181 1730 271
866 0 5 3097 7 56 10
867 0 3 3101 18 152 27
868 1 1 3105 4 33 6
869 0 6 3108 93 859 139
870 0 7 3112 3 10 4
871 0 5 3116 6330 71182 9495
872 0 1 3120 103 957 154
873 1 2 3122 31 270 46
874 0 5 3125 1 11 1
875 1 5 3129 6 48 9
876 1 6 3133 1091 11361 1636
877 1 1 3137 1 10 1
878 1 3 3139 4506 49946 6759
879 1 1 3143 1 12 1
880 0 6 3145 1 9 1
881 1 1 3149 1 12 1
882 0 1 3150 2 17 3
883 1 18 3153 21 70 31
884 0 2 3158 1 10 1
885 1 8 3161 1044 4880 1566
886 1 1 3166 263 2561 394
887 1 2 3168 11 90 16
888 1 5 3171 2159 23179 3238
889 0 2 3175 65 589 97
890 1 1 3178 1 9 1
891 0 3 3180 127062 1609111 190593
892 0 1 3184 1 10 1
893 1 2 3187 145138 1847157 217707
894 0 1 3190 2 17 3
895 1 10 3193 155 626 232
896 1 1 3198 155 1470 232
897 0 4 3201 14 116 21
898 0 7 3205 941 4366 1411
899 1 2 3210 16 134 24
900 1 1 3213 707 7217 1060
901 0 13 3215 11 34 16
902 0 2 3220 17 143 25
903 1 1 3223 2 17 3
904 0 31 3224 215358 1386796 323037
905 0 5 3230 51 456 76
906 0 12 3234 1 4 1
907 0 2 3239 23 197 34
908 0 2 3242 1 10 1
909 1 3 3245 1 11 1
910 0 4 3249 4955 55145 7432
911 0 3 3253 193 1851 289
912 0 4 3257 94 869 141
913 0 3 3261 349 3445 523
914 1 4 3265 6 48 9
915 1 2 3269 63 570 94
916 1 3 3272 2 17 3
917 0 8 3276 2 6 3
918 0 1 3281 609 6173 913
919 1 7 3283 30 104 45
920 1 6 3287 1 10 1
921 1 2 3291 1 9 1
922 1 1 3294 230 2225 345
923 1 2 3296 1 10 1
924 0 2 3299 7 56 10
925 1 1 3302 1 8 1
926 0 7 3304 601 2699 901
927 1 6 3309 110 1025 165
928 0 1 3313 751 7687 1126
929 1 23 3315 1 4 1
930 1 3 3320 8 64 12
931 0 3 3324 9126 104203 13689
932 1 6 3328 1 11 1
933 1 7 3332 7126 37845 10689
934 1 4 3337 1 9 1
935 0 1 3341 1 12 1
936 0 5 3343 1249 13086 1873
937 0 2 3347 31 270 46
938 1 18 3350 12 38 18
939 0 4 3355 1 10 1
940 1 8 3359 1 4 1
941 0 4 3364 217 2093 325
942 0 1 3368 26 224 39
943 1 1 3370 1 9 1
944 1 5 3372 18349 215576 27523
945 1 2 3376 4 33 6
946 1 2 3379 20 170 30
947 1 2 3382 7374 83454 11061
948 1 3 3385 1 9 1
949 0 7 3389 9 27 13
950 0 18 3393 1 5 1
951 0 1 3398 1 11 1
952 1 19 3401 19486 109978 29229
953 1 1 3406 145 1371 217
954 0 2 3409 1 9 1
955 0 1 3412 1 10 1
956 1 3 3415 2 17 3
957 1 3 3419 1 9 1
958 1 2 3423 57 513 85
959 0 1 3426 1 8 1
960 0 12 3428 19 63 28
961 0 8 3433 97 377 145
962 0 2 3438 1 11 1
963 1 3 3441 2305 24818 3457
964 1 1 3445 1 10 1
965 0 1 3447 1 8 1
966 0 3 3449 1 12 1
967 0 6 3453 134 535 201
968 0 5 3457 1 9 1
969 0 4 3461 1 10 1
970 0 2 3465 1 10 1
971 1 3 3468 2 17 3
972 0 8 3472 39 139 58
973 0 4 3477 136 1282 204
974 0 4 3481 2 17 3
975 0 14 3485 4 12 6
976 1 3 3490 22 188 33
977 0 1 3494 4 33 6
978 1 1 3496 16 134 24
979 1 4 3498 3296 36046 4944
980 1 2 3502 1184 12375 1776
981 0 2 3505 1 10 1
982 1 1 3508 2 17 3
983 0 1 3510 1 10 1
984 0 4 3511 1 10 1
985 0 4 3515 7802 88506 11703
986 1 101 3519 1 4 1
987 0 1 3525 4 33 6
988 1 6 3528 242 2347 363
989 0 1 3532 1 10 1
990 0 6 3535 5 15 7
991 0 11 3539 166 674 249
992 1 1 3544 1 9 1
993 0 13 3545 3 9 4
994 0 3 3550 118 1104 177
995 0 1 3554 5 41 7
996 0 3 3557 1 9 1
997 0 3 3561 3 25 4
998 0 5 3565 53 475 79
999 1 3 3569 2 17 3
1000 0 7 3573 2 6 3
1001 1 8 3577 1 4 1
1002 1 8 3582 1 5 1
1003 1 4 3587 1 11 1
1004 1 7 3591 1 3 1
1005 1 1 3596 1 10 1
1006 1 4 3598 143 1351 214
1007 0 3 3602 1 10 1
1008 1 1 3606 32195 386810 48292
