0 0 4 5 1 9 1
1 0 5 13 1 10 1
2 0 2 21 60 542 90
3 0 1 27 601 6088 901
4 1 2 32 11 90 16
5 0 1 39 58 523 87
6 1 18 43 1 5 1
7 1 2 53 1 10 1
8 1 4 59 1 9 1
9 0 3 67 1 9 1
10 1 5 74 1 10 1
11 0 6 82 1 10 1
12 0 16 91 3 9 4
13 1 7 101 2 7 3
14 1 5 110 1 9 1
15 0 5 118 24 206 36
16 0 5 126 47 419 70
17 1 12 134 1 4 1
18 0 9 144 39 139 58
19 1 1 153 1 9 1
20 0 10 157 1 3 1
21 1 2 167 1453 15327 2179
22 0 2 173 3309 36194 4963
23 1 7 179 2 6 3
24 0 2 188 2 17 3
25 0 8 194 2 6 3
26 0 4 203 1 11 1
27 1 1 211 81 743 121
28 0 4 217 235 2276 352
29 0 28 225 1 7 1
30 0 1 236 71 647 106
31 1 3 242 10 81 15
32 0 8 249 5 15 7
33 0 6 258 2 6 3
34 0 4 267 45 400 67
35 0 2 275 5 40 7
36 0 3 282 2040 21847 3060
37 1 3 289 22 188 33
38 1 1 296 2 17 3
39 0 2 300 10 81 15
40 0 4 307 1330 13974 1995
41 0 17 315 9 27 13
42 1 1 325 1 10 1
43 1 3 329 1 10 1
44 1 5 337 48 428 72
45 0 17 345 2 6 3
46 0 1 355 274 2674 411
47 0 2 360 1 9 1
48 1 19 367 2 7 3
49 0 2 378 988 10241 1482
50 0 1 385 979 10144 1468
51 1 3 390 2 17 3
52 0 5 397 1 10 1
53 0 4 405 15 125 22
54 1 1 413 4 33 6
55 1 5 418 802 8234 1203
56 0 1 427 2020 21623 3030
57 1 5 433 41 362 61
58 0 4 441 2 17 3
59 0 1 449 17 143 25
60 1 1 454 1 9 1
61 1 4 459 6 48 9
62 0 6 467 6 48 9
63 0 3 476 343 3384 514
64 0 3 483 11 90 16
65 0 1 490 4 33 6
66 0 1 495 561 5665 841
67 0 2 501 1 11 1
68 0 11 508 1 3 1
69 0 2 518 125205 1584722 187807
70 1 17 524 1 5 1
71 1 3 534 1 9 1
72 1 3 541 174 1660 261
73 0 1 548 1 10 1
74 0 1 553 12 98 18
75 1 11 559 11 34 16
76 1 2 569 1 10 1
77 0 4 576 21 179 31
78 1 3 584 350 3456 525
79 1 2 591 21 179 31
80 0 1 598 1 10 1
81 0 1 601 3 25 4
82 0 5 606 1 9 1
83 0 3 614 4 33 6
84 1 2 622 280 2735 420
85 0 5 628 4 33 6
86 0 1 637 1 9 1
87 1 1 642 31 270 46
88 0 7 647 19 63 28
89 0 2 656 172 1640 258
90 0 1 663 1 9 1
91 1 2 668 1 10 1
92 1 6 675 1 13 1
93 1 3 684 1 9 1
94 1 1 691 56 504 84
95 0 1 695 564 5697 846
96 0 15 700 10 31 15
97 0 4 710 15880 185482 23820
98 1 1 718 12652 146419 18978
99 0 3 723 7 56 10
100 1 3 731 1 10 1
101 0 61 739 1 4 1
102 1 9 751 1 3 1
103 0 2 760 68 618 102
104 0 2 766 438 4371 657
105 1 1 773 1 9 1
106 0 4 778 47 419 70
107 0 5 786 11 90 16
108 1 3 794 3 25 4
109 0 3 801 3513 38525 5269
110 0 2 808 1 9 1
111 0 1 814 418 4163 627
112 1 3 819 1 9 1
113 1 2 826 36 316 54
114 0 2 832 869 8955 1303
115 0 3 838 14 116 21
116 0 5 845 689 7024 1033
117 1 4 853 1 10 1
118 1 6 861 13 107 19
119 1 1 870 7 56 10
120 1 1 875 1 11 1
121 0 5 881 345 3404 517
122 0 1 889 1032 10719 1548
123 0 2 893 74329 922450 111493
124 0 3 900 578 5844 867
125 1 1 907 17 143 25
126 1 5 913 2 17 3
127 0 2 921 371 3673 556
128 0 8 927 594 2665 891
129 1 2 936 4 33 6
130 1 1 942 32 279 48
131 1 2 947 2 17 3
132 1 7 954 66 248 99
133 0 12 963 130 517 195
134 1 2 973 4407 48802 6610
135 1 4 979 1 9 1
136 0 1 987 3 25 4
137 1 3 990 2 17 3
138 1 7 998 12848 70741 19272
139 0 1 1007 1 10 1
140 0 4 1008 13 107 19
141 0 2 1016 10 81 15
142 0 2 1023 3 25 4
143 0 2 1030 433 4319 649
144 0 1 1037 1 9 1
145 1 2 1042 10 81 15
146 1 4 1049 4 33 6
147 1 1 1057 8 64 12
148 1 1 1062 1 11 1
149 0 1 1065 20 170 30
150 0 1 1069 34 298 51
151 0 3 1074 2 17 3
152 1 4 1081 4 33 6
153 0 23 1089 14 45 21
154 0 1 1100 7975 90551 11962
155 1 8 1106 3 9 4
156 0 2 1115 25 215 37
157 1 1 1121 17 143 25
158 1 2 1126 5 40 7
159 1 3 1132 24 206 36
160 1 6 1140 5 15 7
161 0 8 1149 3 9 4
162 1 2 1158 5 40 7
163 1 3 1165 5 40 7
164 0 1 1173 57642 708426 86463
165 0 2 1177 2 17 3
166 0 4 1183 1 10 1
167 1 1 1191 3 25 4
168 1 11 1196 3246 16394 4869
169 0 3 1206 20 170 30
170 0 34 1213 1034 4830 1551
171 1 2 1224 4 33 6
172 1 6 1231 1110 11567 1665
173 0 3 1240 3 25 4
174 1 1 1247 203 1952 304
175 0 7 1252 10 31 15
176 0 10 1261 1180 5564 1770
177 0 1 1271 6 48 9
178 1 8 1276 11 34 16
179 1 1 1285 1 10 1
180 1 2 1290 22 187 33
181 0 3 1296 22819 270445 34228
182 1 1 1303 10 81 15
183 0 1 1308 1 11 1
184 0 4 1314 40 353 60
185 1 1 1322 1 10 1
186 0 5 1325 1 8 1
187 1 14 1333 1 3 1
188 1 7 1343 988 4600 1482
189 1 9 1352 178 727 267
190 1 2 1361 30 261 45
191 0 3 1367 7 56 10
192 0 8 1374 110 432 165
193 1 3 1383 42856 520696 64284
194 0 1 1391 1 9 1
195 1 2 1397 1 9 1
196 1 1 1404 56 504 84
197 0 3 1409 198 1901 297
198 0 1 1416 6 48 9
199 0 3 1421 1 9 1
200 0 1 1429 21 179 31
201 1 2 1433 1 12 1
202 0 1 1440 17 143 25
203 0 3 1445 171 1630 256
204 0 3 1452 1 10 1
205 1 9 1459 14795 82153 22192
206 1 3 1468 240 2327 360
207 0 2 1475 2 17 3
208 1 4 1481 1172 12244 1758
209 1 1 1489 50 447 75
210 1 3 1492 3 25 4
211 1 5 1499 5 40 7
212 0 2 1507 3 25 4
213 0 6 1514 2 17 3
214 0 6 1523 29 251 43
215 1 7 1532 1 4 1
216 0 2 1541 2615 28312 3922
217 0 2 1547 1 13 1
218 0 1 1553 47 419 70
219 1 3 1556 19 161 28
220 1 2 1563 5 40 7
221 1 2 1570 3 25 4
222 1 7 1576 2 6 3
223 0 5 1585 1 13 1
224 1 2 1593 218 2103 327
225 0 1 1599 1 11 1
226 1 3 1604 50 447 75
227 1 16 1611 8 24 12
228 1 3 1621 29 252 43
229 0 4 1628 1 10 1
230 0 2 1636 1 10 1
231 0 1 1643 3 25 4
232 0 3 1647 64 580 96
233 1 2 1655 1 10 1
234 0 1 1662 1 9 1
235 0 4 1667 9 73 13
236 0 1 1675 9 73 13
237 1 2 1681 44 390 66
238 1 18 1688 89 343 133
239 1 4 1698 1 9 1
240 1 6 1706 82 753 123
241 1 9 1715 1 6 1
242 0 2 1724 142 1341 213
243 1 6 1731 21 70 31
244 1 3 1740 14323 166597 21484
245 1 3 1747 1 10 1
246 1 1 1754 2879 31301 4318
247 0 9 1758 3 9 4
248 0 1 1767 647 6577 970
249 0 2 1771 346 3414 519
250 1 4 1777 1 9 1
251 0 18 1785 1 4 1
252 0 3 1795 32 279 48
253 0 3 1802 1 12 1
254 1 2 1810 4 33 6
255 1 5 1817 14 116 21
256 0 1 1825 186 1781 279
257 1 3 1828 1 10 1
258 1 2 1835 5 40 7
259 0 7 1842 7 21 10
260 1 6 1851 723 7387 1084
261 1 3 1860 43 381 64
262 1 2 1867 1 10 1
263 0 6 1874 54 199 81
264 0 10 1883 63 235 94
265 0 1 1893 238 2307 357
266 0 1 1898 1 10 1
267 0 8 1903 82 313 123
268 1 16 1912 11 34 16
269 0 3 1922 5 41 7
270 0 2 1929 1 9 1
271 1 1 1936 2 17 3
272 1 1 1939 1 9 1
273 0 6 1945 955 4436 1432
274 0 3 1954 3 25 4
275 0 4 1961 9 73 13
276 0 1 1969 220 2124 330
277 1 2 1974 1 11 1
278 1 2 1980 8 64 12
279 0 3 1986 1 10 1
280 0 1 1994 492 4937 738
281 0 1 1999 1 10 1
282 1 11 2003 2 7 3
283 0 8 2013 1367 6512 2050
284 1 1 2022 13 108 19
285 0 3 2028 9 72 13
286 1 2 2035 7 56 10
287 0 2 2041 1 10 1
288 1 4 2047 1 11 1
289 0 6 2055 63 570 94
290 1 3 2064 13 108 19
291 0 4 2071 69 628 103
292 0 7 2079 3 9 4
293 1 1 2088 20 170 30
294 1 2 2093 1 11 1
295 0 5 2099 1 10 1
296 1 41 2107 4862 25205 7293
297 1 3 2119 243 2357 364
298 1 1 2127 330 3249 495
299 0 2 2132 32 279 48
300 1 6 2139 254 1068 381
301 1 2 2148 11223 129245 16834
302 0 2 2155 1 8 1
303 0 1 2161 3 25 4
304 0 5 2166 2 17 3
305 0 1 2174 1 14 1
306 0 5 2178 1 9 1
307 0 2 2186 1 10 1
308 1 1 2193 98 908 147
309 1 8 2198 1 4 1
310 0 8 2207 312 1333 468
311 0 4 2216 592 5993 888
312 1 4 2224 372 3684 558
313 0 2 2232 60 542 90
314 1 21 2238 1 6 1
315 1 2 2249 768 7870 1152
316 1 1 2256 179 1710 268
317 0 1 2260 2250 24200 3375
318 0 2 2266 7 56 10
319 0 5 2273 3 25 4
320 0 3 2281 6 48 9
321 0 7 2288 2 7 3
322 0 2 2297 5 40 7
323 1 5 2303 28991 346877 43486
324 1 4 2311 1 11 1
325 0 1 2319 179616 2304063 269424
326 0 1 2324 98 908 147
327 0 2 2327 6 48 9
328 1 1 2333 54 485 81
329 0 16 2338 13 41 19
330 1 3 2348 1 11 1
331 1 7 2355 1 4 1
332 0 1 2364 10 81 15
333 0 12 2369 2 7 3
334 1 5 2379 3 25 4
335 0 2 2387 16 134 24
336 0 2 2394 1036 10763 1554
337 0 1 2401 4 33 6
338 1 6 2405 19 63 28
339 0 1 2414 5 41 7
340 0 10 2419 52 191 78
341 0 1 2429 8 64 12
342 1 4 2433 1 9 1
343 1 3 2441 1 11 1
344 0 2 2449 1 10 1
345 0 2 2455 1317 13831 1975
346 1 1 2462 1 9 1
347 0 2 2467 2285 24594 3427
348 1 10 2473 5 15 7
349 0 1 2483 2 17 3
350 0 2 2488 1 11 1
351 1 2 2495 2 17 3
352 0 11 2501 2 7 3
353 0 5 2511 7 56 10
354 1 3 2519 1 11 1
355 1 3 2526 1 9 1
356 0 4 2533 44 390 66
357 1 5 2541 175 1670 262
358 1 2 2549 1 11 1
359 1 6 2556 178 1700 267
360 1 2 2565 12 98 18
361 1 2 2571 78 714 117
362 0 1 2577 1 9 1
363 0 2 2582 838 8621 1257
364 1 15 2588 4 13 6
365 0 15 2598 195 803 292
366 1 4 2608 1 9 1
367 1 2 2616 1 9 1
368 0 2 2623 1 9 1
369 0 2 2630 21083 249081 31624
370 1 3 2636 1 9 1
371 1 42 2643 1 5 1
372 0 1 2655 5 41 7
373 0 2 2658 2 17 3
374 0 3 2665 1133 11818 1699
375 1 23 2672 660 2985 990
376 0 1 2683 33 288 49
377 0 11 2686 1 6 1
378 0 3 2696 2 17 3
379 1 2 2703 1 10 1
380 1 1 2709 2741 29737 4111
381 0 5 2713 1 12 1
382 0 3 2722 17 143 25
383 1 2 2729 1 11 1
384 0 1 2736 11 90 16
385 0 3 2740 112 1045 168
386 0 1 2747 21 179 31
387 1 2 2751 1 11 1
388 1 4 2758 3 25 4
389 1 3 2766 192 1841 288
390 1 2 2774 15344 178973 23016
391 0 18 2781 3 9 4
392 1 10 2791 62 231 93
393 0 1 2801 103 957 154
394 0 16 2807 339 1458 508
395 1 1 2817 34723 418424 52084
396 1 1 2822 2 17 3
397 1 3 2827 102 947 153
398 0 1 2834 1 8 1
399 0 5 2838 1 12 1
400 1 1 2846 37 325 55
401 1 3 2849 1 10 1
402 1 3 2856 48 428 72
403 1 4 2864 28 242 42
404 1 2 2872 22 188 33
405 0 1 2878 1 9 1
406 0 4 2882 5 41 7
407 1 2 2890 3 25 4
408 1 4 2896 18 152 27
409 0 2 2904 3 25 4
410 0 3 2910 1 10 1
411 1 20 2918 1 5 1
412 1 5 2929 5 40 7
413 0 3 2937 668 6801 1002
414 1 25 2944 1 3 1
415 1 3 2955 2 17 3
416 0 5 2962 23 197 34
417 0 3 2970 3 25 4
418 1 1 2978 41 363 61
419 0 1 2984 9 73 13
420 1 2 2986 1 11 1
421 1 1 2992 1 10 1
422 0 4 2997 1 10 1
423 1 2 3005 1 9 1
424 1 2 3012 1 10 1
425 1 1 3019 3 25 4
426 0 4 3023 117118 1478666 175677
427 0 2 3031 1 10 1
428 0 3 3037 620 6290 930
429 0 1 3045 1 9 1
430 0 21 3049 1 4 1
431 1 5 3060 275 2684 412
432 1 12 3068 55 203 82
433 0 1 3078 1 9 1
434 1 1 3082 1 11 1
435 1 1 3085 13 107 19
436 1 12 3090 1 4 1
437 1 9 3100 9 27 13
438 0 6 3109 744 3394 1116
439 0 5 3118 4 33 6
440 1 3 3126 1 9 1
441 0 2 3133 1310 13754 1965
442 1 4 3139 5061 56376 7591
443 1 5 3147 9 73 13
444 0 4 3155 1722 18303 2583
445 0 18 3163 515 2287 772
446 0 2 3173 1 9 1
447 1 2 3179 102 947 153
448 1 3 3185 5 40 7
449 1 4 3192 3 25 4
450 1 3 3200 22 188 33
451 1 7 3208 414 1808 621
452 0 2 3217 550 5549 825
453 0 3 3224 1 9 1
454 0 3 3232 1 8 1
455 1 5 3239 5 40 7
456 1 2 3247 11 90 16
457 0 1 3254 1 10 1
458 0 3 3258 1 9 1
459 0 6 3265 1 8 1
460 1 1 3274 29 252 43
461 0 21 3278 1 4 1
462 1 1 3289 188 1801 282
463 1 14 3293 1070 5010 1605
464 0 4 3303 1 10 1
465 0 1 3311 1 10 1
466 1 2 3316 2 17 3
467 0 3 3322 1 10 1
468 1 1 3329 1 9 1
469 1 1 3335 59 532 88
470 0 2 3340 1 9 1
471 0 2 3347 1 10 1
472 1 5 3354 25 215 37
473 0 1 3362 1 9 1
474 1 3 3367 35013 422057 52519
475 0 4 3374 1 9 1
476 0 13 3382 88 339 132
477 1 31 3392 2 7 3
478 0 2 3403 236 2286 354
479 1 7 3410 738 3365 1107
480 0 1 3419 1 9 1
481 0 4 3421 1 9 1
482 0 1 3429 1 9 1
483 1 1 3434 2581 27928 3871
484 1 2 3440 18 152 27
485 0 10 3446 3 9 4
486 0 5 3456 1 9 1
487 1 14 3464 227 946 340
488 1 1 3474 128 1202 192
489 0 9 3479 1 3 1
490 0 3 3488 35082 422921 52623
491 0 3 3495 17 143 25
492 1 3 3503 19912 234708 29868
493 1 1 3510 561 5665 841
494 0 9 3515 1 4 1
495 0 5 3524 17 143 25
496 1 1 3532 1 10 1
497 1 7 3537 200 825 300
498 1 1 3546 143 1351 214
499 1 2 3549 53 476 79
500 0 1 3556 2 17 3
501 1 8 3561 212 879 318
502 0 4 3570 2 17 3
503 0 4 3578 365 3611 547
504 0 5 3586 1 12 1
505 1 4 3594 57 513 85
506 0 8 3602 9 27 13
507 1 4 3611 93 859 139
