0 0 6 5 1 4 1
1 0 5 22 1 3 1
2 0 13 38 13 41 19
3 1 8 56 21341 121090 32011
4 0 12 73 10 31 15
5 1 8 91 1 4 1
6 0 3 108 2988 32539 4482
7 0 2 123 673 6854 1009
8 0 3 137 1 10 1
9 1 8 152 1 3 1
10 0 2 169 565 5707 847
11 1 2 183 1 9 1
12 1 6 197 328 1407 492
13 0 4 213 1 4 1
14 1 2 229 1 9 1
15 1 4 242 1 5 1
16 1 2 258 4 33 6
17 1 5 272 757 3458 1135
18 0 3 288 2 7 3
19 0 4 303 326 1398 489
20 1 3 319 1 3 1
21 0 1 334 29423 352252 44134
22 1 4 347 1 4 1
23 0 1 363 1 11 1
24 0 3 376 1 5 1
25 0 2 391 303 2971 454
26 0 3 405 3704 18868 5556
27 1 4 420 1 3 1
28 1 4 436 1 4 1
29 0 2 452 2 17 3
30 0 2 466 4 33 6
31 0 4 480 45 163 67
32 1 6 496 1 3 1
33 0 3 513 9 27 13
34 0 4 529 2 7 3
35 0 1 545 1 9 1
36 0 15 556 1 4 1
37 0 3 574 319 3136 478
38 0 4 589 53 195 79
39 1 8 605 1 4 1
40 0 2 622 1 8 1
41 1 22 636 35 123 52
42 1 5 654 1 5 1
43 0 2 670 121 1134 181
44 0 2 684 57 513 85
45 1 7 698 10 31 15
46 1 8 715 1 4 1
47 1 1 732 3 25 4
48 0 4 745 118 466 177
49 1 2 761 1 9 1
50 1 1 776 642 6524 963
51 0 2 787 2024 21668 3036
52 0 7 802 37 131 55
53 0 3 819 5 15 7
54 0 7 834 54 199 81
55 1 1 851 3786 41653 5679
56 0 1 863 2616 28323 3924
57 0 5 874 1 5 1
58 1 2 890 15635 182506 23452
59 0 6 904 3 10 4
60 1 2 921 41 363 61
61 1 2 935 65 590 97
62 0 1 949 9 73 13
63 1 4 960 1 4 1
64 0 2 976 630 6396 945
65 1 2 991 2 17 3
66 0 2 1005 747 7644 1120
67 0 4 1020 270 1141 405
68 0 2 1036 340 3352 510
69 1 3 1050 1 3 1
70 1 1 1065 1 9 1
71 0 1 1078 3 25 4
72 0 3 1091 7 56 10
73 0 8 1106 4 12 6
74 1 1 1123 4 33 6
75 1 4 1136 81 310 121
76 0 2 1152 2 17 3
77 1 2 1166 184 1760 276
78 0 1 1180 1 10 1
79 1 4 1193 1 4 1
80 1 11 1209 1 3 1
81 0 4 1226 1 4 1
82 0 3 1242 17413 97629 26119
83 1 35 1257 7 21 10
84 0 4 1276 1 5 1
85 0 1 1292 1 9 1
86 1 4 1303 12 38 18
87 0 1 1319 1 10 1
88 1 5 1331 1 4 1
89 0 4 1347 1 5 1
90 0 5 1363 1428 6823 2142
91 0 8 1379 184 754 276
92 0 2 1396 4 33 6
93 0 3 1410 91 351 136
94 1 1 1425 429 4277 643
95 1 1 1437 144463 1838248 216694
96 0 5 1448 1 3 1
97 0 4 1464 1979 9670 2968
98 1 3 1480 28 242 42
99 1 8 1495 506 2243 759
100 1 1 1512 46 409 69
101 0 30 1521 5 15 7
102 1 3 1540 2 6 3
103 0 4 1556 13 41 19
104 0 2 1572 525 5285 787
105 0 2 1586 8 64 12
106 0 1 1600 1 9 1
107 0 10 1613 20 67 30
108 0 3 1630 7494 39924 11241
109 0 1 1646 4074 44963 6111
110 1 3 1657 1294 13579 1941
111 1 2 1672 1 11 1
112 1 4 1687 2324 11480 3486
113 1 1 1703 5 40 7
114 0 2 1716 3 25 4
115 1 1 1730 34 297 51
116 1 1 1743 1 9 1
117 0 4 1754 644 2907 966
118 0 13 1770 1 3 1
119 0 2 1788 5 40 7
120 1 1 1802 22 188 33
121 1 2 1813 8 64 12
122 1 1 1826 65 589 97
123 1 3 1838 468 4685 702
124 1 11 1853 1 5 1
125 1 2 1870 1 9 1
126 0 2 1884 2 17 3
127 1 2 1899 1 9 1
128 1 2 1914 2164 23235 3246
129 0 4 1928 28 97 42
130 1 1 1944 51 457 76
131 0 3 1957 2 7 3
132 1 6 1972 3 10 4
133 1 1 1988 1 9 1
134 0 1 2000 4 33 6
135 1 21 2010 1 4 1
136 1 70 2028 1 4 1
137 0 4 2048 69 260 103
138 0 4 2064 102 398 153
139 0 2 2080 5 40 7
140 1 13 2094 4 12 6
141 1 3 2112 1 4 1
142 1 1 2127 4 33 6
143 1 3 2136 2 17 3
144 1 2 2151 8 64 12
145 1 1 2165 1232 12899 1848
146 0 5 2178 26 89 39
147 0 3 2194 1 3 1
148 1 5 2209 10 31 15
149 1 9 2225 4 13 6
150 0 1 2242 128 1203 192
151 0 2 2255 515 5179 772
152 1 1 2270 40 353 60
153 0 6 2283 51 187 76
154 1 4 2300 28 97 42
155 1 10 2316 1455 6961 2182
156 1 17 2333 12 38 18
157 0 15 2351 11481 62787 17221
158 0 3 2369 46 167 69
159 0 7 2384 3 9 4
160 0 6 2401 1 4 1
161 0 2 2418 1 9 1
162 0 1 2432 1173 12255 1759
163 1 3 2443 1 4 1
164 0 3 2458 75 285 112
165 0 11 2473 4 12 6
166 0 6 2490 21 70 31
167 0 10 2506 1 5 1
168 0 3 2523 279 2725 418
169 1 1 2538 383 3798 574
170 1 2 2551 123 1153 184
171 0 10 2565 7 21 10
172 0 2 2582 1627 17250 2440
173 1 13 2596 14 45 21
174 1 2 2614 1 9 1
175 0 21 2628 1 4 1
176 0 2 2646 26 224 39
177 0 1 2660 2089 22395 3133
178 0 1 2673 1 9 1
179 0 1 2686 1 10 1
180 0 4 2699 15 48 22
181 1 1 2715 230 2225 345
182 0 2 2725 25 215 37
183 0 1 2740 2 17 3
184 1 3 2753 8 64 12
185 1 2 2768 4 33 6
186 0 1 2782 1 9 1
187 0 4 2794 7 21 10
188 1 7 2810 1 4 1
189 0 5 2827 2568 12770 3852
190 1 2 2843 26 224 39
191 0 4 2857 284 1205 426
192 0 1 2873 1 9 1
193 0 4 2884 1 5 1
194 0 2 2900 32 279 48
195 1 6 2915 149 600 223
196 1 2 2932 1 9 1
197 1 2 2946 1 8 1
198 0 1 2960 1 11 1
199 0 3 2971 70 264 105
200 1 1 2986 16707 195543 25060
201 0 7 2997 785 3595 1177
202 0 1 3014 1 9 1
203 1 3 3027 1 9 1
204 0 4 3042 1 7 1
205 0 6 3058 69 260 103
206 0 2 3075 13 107 19
207 1 1 3090 1 11 1
208 1 4 3103 6423 33890 9634
209 1 6 3119 2213 10895 3319
210 1 1 3136 52 466 78
211 1 13 3149 1459 6982 2188
212 1 2 3167 180 1720 270
213 0 1 3182 10 81 15
214 0 1 3194 1094 11393 1641
215 1 9 3207 92 355 138
216 0 2 3224 1 11 1
217 1 31 3239 3 9 4
218 1 16 3258 23 78 34
219 0 3 3276 1 5 1
220 1 4 3291 5249 27345 7873
221 0 2 3307 932 9635 1398
222 1 2 3321 1 9 1
223 0 1 3335 1 9 1
224 0 4 3347 909 4207 1363
225 0 5 3363 4 12 6
226 1 2 3379 683 6961 1024
227 1 1 3393 1 9 1
228 1 7 3405 1 4 1
229 0 5 3422 3 10 4
230 1 5 3438 3 10 4
231 0 2 3454 2 17 3
232 1 2 3469 1 9 1
233 0 2 3483 31 270 46
234 0 17 3498 25 85 37
235 1 24 3516 1 4 1
236 0 5 3534 1321 6278 1981
237 0 5 3550 202331 1298729 303496
238 1 3 3566 1 5 1
239 1 3 3581 6 48 9
240 1 3 3596 1 4 1
241 0 1 3611 7 56 10
