0 1 1 5 36 316 54
1 1 8 8 44 159 66
2 0 1 17 5985 67144 8977
3 1 1 23 1 11 1
4 1 2 28 184 1761 276
5 1 4 35 1 3 1
6 1 1 43 38 335 57
7 0 5 48 7776 41521 11664
8 1 2 56 1 9 1
9 1 2 63 1 9 1
10 0 6 69 605 2718 907
11 1 7 78 6 18 9
12 1 1 87 1155 12058 1732
13 1 3 92 3 10 4
14 0 1 99 1 9 1
15 0 3 104 2 7 3
16 1 8 112 1 3 1
17 1 5 121 341 1467 511
18 1 1 129 1 10 1
19 1 1 133 7 56 10
20 0 28 137 1 4 1
21 1 1 148 1 9 1
22 0 5 153 389 1691 583
23 1 1 161 1 9 1
24 1 7 166 5 15 7
25 1 3 175 22 74 33
26 0 31 182 2 7 3
27 0 4 193 15 49 22
28 1 6 201 192 789 288
29 0 5 210 372 1611 558
30 0 2 219 1222 12790 1833
31 0 5 225 14 45 21
32 0 4 233 14 45 21
33 1 1 241 1 9 1
34 0 12 245 23 78 34
35 1 2 255 137 1291 205
36 1 1 261 39 344 58
37 1 13 266 1 5 1
38 1 2 276 213 2053 319
39 0 2 282 39 344 58
40 0 1 288 6 48 9
41 1 2 293 1 11 1
42 1 2 300 514 5169 771
43 1 11 307 16 52 24
44 0 2 317 3 25 4
45 1 1 323 1 10 1
46 1 2 328 410 4079 615
47 0 5 335 3 9 4
48 0 1 343 50 447 75
49 0 2 348 1 9 1
50 0 3 354 249 1045 373
51 0 6 361 5 15 7
52 0 1 370 1 9 1
53 0 1 375 1 11 1
54 0 24 380 17 56 25
55 0 1 391 1 11 1
56 0 1 396 50 447 75
57 0 2 401 1 9 1
58 0 9 408 1 4 1
59 0 9 417 1 4 1
60 1 3 426 1 3 1
61 0 7 434 2 6 3
62 0 1 443 1 9 1
63 0 3 448 17 56 25
64 0 2 456 1 10 1
65 1 7 462 4 12 6
66 1 1 471 1 12 1
67 0 3 475 71 268 106
68 0 4 482 1 5 1
69 0 5 490 1 3 1
70 1 3 498 241 2337 361
71 1 5 505 1236 5847 1854
72 1 2 513 1 9 1
73 0 8 519 1 3 1
74 0 6 528 1 5 1
75 0 5 537 1 5 1
76 1 1 545 7191 81298 10786
77 1 1 548 161 1530 241
78 1 9 553 1 5 1
79 0 5 562 72 272 108
80 1 10 570 1 5 1
81 1 2 580 26131 311374 39196
82 1 7 587 1 4 1
83 0 3 596 40 143 60
84 1 4 603 1 5 1
85 1 3 611 1 9 1
86 0 5 618 1 4 1
87 0 3 626 1 5 1
88 1 2 633 1 10 1
89 1 2 639 2 17 3
90 1 6 645 43 155 64
91 0 5 654 2 7 3
92 1 3 662 403 1756 604
93 1 3 670 1 3 1
94 0 2 677 2 17 3
95 1 2 683 12 98 18
96 1 2 690 541 5453 811
97 0 1 696 97 898 145
98 1 4 699 1498 7182 2247
99 1 3 707 1 12 1
100 0 1 714 2 17 3
101 0 1 718 1874 19994 2811
102 0 3 722 5085 26437 7627
103 0 2 729 73 666 109
104 1 7 736 13 41 19
105 1 2 745 1 9 1
106 1 2 752 1 9 1
107 0 1 758 1 9 1
108 0 4 761 98 381 147
109 0 3 769 15 49 22
110 1 4 777 24 81 36
111 0 4 785 67 252 100
112 1 7 793 1 6 1
113 1 4 802 1 3 1
114 1 1 810 467 4675 700
115 0 7 815 4 13 6
116 0 1 824 1 10 1
117 1 4 829 5 15 7
118 0 16 837 2 7 3
119 0 2 847 461 4612 691
120 0 1 854 31 270 46
121 0 2 860 1551 16409 2326
122 0 2 866 1 10 1
123 0 3 873 1 4 1
124 1 3 881 20 67 30
125 1 1 889 283 2766 424
126 0 6 894 65 244 97
127 1 17 903 2191 10780 3286
128 1 2 913 2 17 3
129 0 2 919 10006 114686 15009
130 0 2 926 4 33 6
131 0 10 933 553 2468 829
132 1 7 943 16 52 24
133 1 5 952 2 7 3
134 0 1 960 1 9 1
135 1 2 964 139 1311 208
136 0 2 971 1 9 1
137 0 1 977 11496800 170095076 17245200
138 0 4 982 1 3 1
139 0 3 990 2415 11960 3622
140 1 1 997 4 33 6
141 0 3 1002 59 219 88
142 0 1 1010 6 48 9
143 1 9 1015 1510 7243 2265
144 1 7 1024 13 41 19
145 1 3 1033 117 462 175
146 0 4 1040 1 4 1
147 1 1 1048 57 513 85
148 0 1 1053 1 9 1
149 0 1 1059 1 11 1
150 0 19 1062 1 5 1
151 0 1 1073 1 12 1
152 1 2 1078 2 17 3
153 1 1 1085 1 12 1
154 1 24 1090 1 3 1
155 0 5 1101 3825 19525 5737
156 0 5 1109 15 48 22
157 0 4 1117 10 31 15
158 0 2 1125 104 966 156
159 0 1 1132 1 11 1
160 0 2 1137 24 206 36
161 0 1 1144 2 17 3
162 1 3 1150 1 4 1
163 0 2 1157 1 11 1
164 0 3 1163 7 21 10
165 0 1 1170 376 3725 564
166 0 2 1175 437 4361 655
167 0 12 1181 1 3 1
168 0 6 1191 1 4 1
169 1 1 1200 265 2581 397
170 1 1 1206 24 206 36
171 0 1 1211 12 99 18
172 0 10 1214 319 1365 478
173 1 1 1224 1 12 1
174 0 3 1229 2 7 3
175 1 3 1236 1 10 1
176 1 4 1243 26 89 39
177 0 2 1251 1003 10404 1504
178 1 1 1257 3261 35647 4891
179 1 7 1262 220 914 330
180 0 4 1271 1044 4880 1566
181 0 1 1279 194 1861 291
182 0 3 1283 5 15 7
183 0 1 1290 1629 17272 2443
184 0 2 1295 782 8019 1173
185 1 1 1302 4 33 6
186 0 7 1306 310 1324 465
187 0 2 1315 1 9 1
188 1 4 1321 20236 114464 30354
189 0 5 1329 1 6 1
190 1 3 1337 2 6 3
191 0 3 1344 15 48 22
192 1 1 1351 18171 213400 27256
193 0 1 1356 138 1301 207
194 1 3 1359 28 97 42
195 0 4 1366 3 10 4
196 0 3 1374 1 4 1
197 1 2 1382 6894 77802 10341
198 1 1 1388 28360 339032 42540
199 0 2 1392 1 9 1
200 1 2 1398 1 9 1
201 0 5 1405 2 6 3
202 1 1 1413 3 25 4
203 0 7 1418 1 5 1
204 0 4 1427 191 785 286
205 1 4 1435 26 89 39
206 1 3 1443 1773 8599 2659
207 1 1 1450 4 33 6
208 0 1 1455 1 9 1
209 0 5 1461 1 4 1
210 1 5 1469 2 7 3
211 1 2 1477 8 64 12
212 1 35 1483 1 5 1
213 1 7 1494 1 4 1
214 1 1 1503 1 9 1
215 0 2 1507 1 11 1
216 0 12 1513 48 175 72
217 0 6 1523 1 4 1
218 0 2 1532 1 9 1
219 1 4 1539 30 104 45
220 0 3 1547 3274 16544 4911
221 1 6 1555 4614 23840 6921
222 0 2 1564 38 335 57
223 0 1 1571 168 1600 252
224 0 2 1576 1 10 1
225 1 2 1582 1 8 1
226 0 2 1589 4476 49599 6714
227 0 2 1595 2014 21556 3021
228 1 3 1601 1 4 1
229 1 1 1608 1 9 1
230 0 1 1613 14 116 21
231 0 3 1618 1 4 1
232 1 1 1625 1961 20964 2941
233 0 4 1630 12 38 18
234 0 3 1638 364 3601 546
235 1 3 1645 3 10 4
236 0 11 1652 2 6 3
237 1 2 1662 24 206 36
238 1 1 1668 107 996 160
239 0 16 1672 2 6 3
240 1 17 1682 1134 5332 1701
241 1 7 1692 9 27 13
242 1 2 1701 54202 664570 81303
243 1 2 1707 10 81 15
244 1 1 1714 1 10 1
245 1 6 1719 1 4 1
246 0 4 1728 2 7 3
247 0 2 1736 1 11 1
248 0 2 1742 1 9 1
249 1 3 1748 3 10 4
250 1 10 1755 6 18 9
251 1 5 1765 52670 314608 79005
252 0 3 1773 221 919 331
253 0 5 1780 2419508 17518346 3629262
254 0 1 1788 67 609 100
255 0 2 1793 2 17 3
256 1 1 1799 1 9 1
257 0 3 1804 1 5 1
258 1 4 1811 61 227 91
259 1 7 1819 1 3 1
260 1 21 1828 1 4 1
261 1 3 1839 8690 99023 13035
262 0 4 1846 6 18 9
263 1 3 1854 2 7 3
264 0 3 1862 1 5 1
265 1 4 1870 1 4 1
266 0 5 1878 327 1402 490
267 0 1 1886 1 10 1
268 1 2 1888 4 33 6
269 1 7 1894 1 4 1
270 1 9 1903 1 4 1
271 0 2 1912 1263 13239 1894
272 1 2 1918 2 17 3
273 0 2 1925 61 551 91
274 1 2 1932 1 9 1
275 0 1 1938 27053 322804 40579
276 0 6 1943 79 301 118
277 1 4 1952 7 21 10
278 0 2 1960 1 9 1
279 0 2 1967 222 2144 333
280 1 5 1974 16 52 24
281 0 4 1982 1 4 1
282 0 18 1990 10065 54604 15097
283 0 2 2001 16173 189044 24259
284 1 5 2007 1 3 1
285 0 1 2016 1 10 1
286 0 3 2019 1875 20005 2812
287 1 6 2026 41 147 61
288 0 1 2035 68 618 102
289 0 3 2040 90 830 135
290 0 1 2047 2725 29556 4087
291 0 4 2052 182 745 273
292 0 7 2060 1 6 1
293 1 1 2069 1 9 1
294 1 1 2074 419 4173 628
295 0 4 2079 12 38 18
296 1 1 2087 2 17 3
297 0 3 2092 12 99 18
298 1 2 2099 4 32 6
299 1 3 2105 55 494 82
300 0 6 2112 585 2622 877
301 1 4 2121 167 679 250
302 1 3 2129 36 127 54
303 0 5 2137 1 5 1
304 1 9 2145 1 4 1
305 0 4 2154 10 31 15
306 1 3 2162 3 9 4
307 1 2 2169 27 233 40
308 0 3 2175 647 6577 970
309 1 3 2182 7 56 10
310 0 1 2189 13 107 19
311 1 6 2194 2454 12166 3681
312 0 3 2203 114577 713877 171865
313 0 4 2210 112 440 168
314 0 1 2218 13 108 19
315 0 7 2224 2 6 3
316 1 1 2233 2910 31653 4365
317 0 1 2237 4 33 6
318 1 3 2242 1 4 1
319 1 2 2250 54333 666238 81499
320 1 3 2256 1 4 1
321 0 22 2264 43 155 64
322 1 3 2275 3 9 4
323 1 3 2283 2 6 3
324 0 2 2291 12 98 18
325 1 5 2298 35 124 52
326 1 7 2306 3920 20042 5880
327 0 11 2315 1 3 1
328 0 3 2325 1 4 1
329 0 9 2333 1 3 1
330 1 4 2342 5 15 7
331 0 2 2350 196 1881 294
332 1 5 2356 1 4 1
333 1 1 2364 2632 28504 3948
334 0 3 2369 1 3 1
335 1 2 2377 506 5085 759
336 0 1 2383 14 116 21
337 1 3 2387 17 55 25
338 1 5 2394 11 34 16
339 0 2 2402 475 4759 712
340 1 61 2408 363 1569 544
341 1 2 2420 1064 11067 1596
342 1 2 2427 20 170 30
343 1 7 2434 1 4 1
344 0 2 2443 155 1470 232
345 0 2 2450 3 25 4
346 1 4 2457 3636 18500 5454
347 0 7 2465 1 3 1
348 0 1 2474 20 170 30
349 1 2 2480 1438612 19869941 2157918
350 1 1 2487 8 64 12
351 1 1 2493 19 161 28
352 0 2 2498 1 13 1
353 0 2 2504 548 5527 822
354 1 3 2511 7 21 10
355 1 3 2519 119 470 178
356 1 1 2526 4 33 6
357 0 2 2531 1 9 1
358 0 13 2538 1 3 1
359 0 2 2548 2 17 3
360 0 4 2554 301 1283 451
361 1 1 2562 1 9 1
362 1 1 2566 1 10 1
363 1 2 2572 4502 49900 6753
364 0 3 2578 737 7537 1105
365 0 4 2585 1 4 1
366 1 11 2593 1 5 1
367 1 2 2603 1 10 1
368 1 6 2610 3 9 4
369 1 1 2619 7 56 10
370 1 1 2624 1 9 1
371 0 3 2629 1 10 1
372 0 3 2636 218601 2824463 327901
373 0 1 2643 1 11 1
374 1 2 2648 9 72 13
375 0 3 2655 1 9 1
376 0 2 2662 391 3881 586
377 0 12 2668 1 5 1
378 0 1 2678 1 9 1
379 0 3 2684 1 5 1
380 0 3 2691 83 318 124
381 1 2 2698 3 25 4
382 0 6 2705 7 21 10
383 1 2 2714 1 10 1
384 1 2 2721 28 243 42
385 0 1 2728 31 270 46
386 1 5 2729 1 4 1
387 1 11 2737 3 9 4
388 0 2 2747 14 116 21
389 1 1 2753 1 9 1
390 0 2 2757 33 288 49
391 0 3 2763 6 18 9
392 0 8 2771 1087 5096 1630
393 0 5 2780 11 34 16
394 1 3 2788 32867 191189 49300
395 1 1 2795 1772 18859 2658
396 1 4 2799 14 45 21
397 0 2 2807 121 1133 181
398 1 4 2813 561 2507 841
399 1 1 2821 1 9 1
400 1 1 2826 1 9 1
401 1 1 2831 36 316 54
402 0 1 2836 135 1272 202
403 1 1 2840 10 81 15
404 1 3 2845 27 233 40
405 0 1 2852 18594 218571 27891
406 0 2 2857 14 116 21
407 0 2 2863 24955 296817 37432
408 0 2 2869 178 1700 267
409 0 9 2876 1 4 1
410 0 1 2885 1 8 1
411 1 4 2890 16 52 24
412 0 110 2898 11 34 16
413 1 4 2911 22 74 33
414 1 2 2919 1 10 1
415 1 3 2925 3 10 4
416 1 3 2933 1 9 1
417 0 2 2940 805 8266 1207
418 0 2 2947 74247 921393 111370
419 1 1 2954 244182 3167768 366273
420 0 3 2957 15 49 22
421 1 3 2965 9 73 13
422 1 3 2972 43 155 64
423 1 1 2979 124 1163 186
424 0 1 2983 1489 15724 2233
425 1 1 2987 2 17 3
426 0 4 2992 4 12 6
427 0 14 3000 313 1338 469
428 1 8 3010 1 3 1
429 1 6 3019 1 4 1
430 1 1 3028 1 8 1
431 0 7 3032 3 10 4
432 0 1 3041 57 513 85
433 0 5 3047 1 4 1
434 0 16 3055 1 4 1
435 1 1 3065 3 25 4
436 1 4 3070 1 4 1
437 1 2 3078 1 10 1
438 0 2 3084 1 9 1
439 0 4 3090 6 18 9
440 0 2 3098 6 48 9
441 1 22 3104 11 34 16
442 0 4 3115 55 203 82
443 0 3 3123 1 4 1
444 1 38 3131 8 24 12
445 0 3 3142 1 6 1
446 1 4 3149 300 1278 450
447 0 5 3157 21 70 31
448 1 3 3165 2 17 3
449 1 3 3172 1 4 1
450 1 4 3179 2 7 3
451 0 50 3187 1 4 1
452 1 3 3199 93 859 139
453 0 10 3206 2 6 3
454 1 18 3216 1 3 1
455 1 4 3226 1 4 1
456 0 2 3234 16 134 24
457 1 4 3241 77 293 115
458 1 3 3249 1685 8144 2527
459 0 4 3256 1452015 10267763 2178022
460 1 1 3264 11 90 16
461 0 4 3268 1 4 1
462 0 3 3276 3 10 4
463 1 8 3283 11224 61297 16836
464 1 1 3292 1 10 1
465 0 8 3294 1 3 1
466 0 1 3303 1 9 1
467 0 1 3307 16 134 24
468 1 1 3312 1 9 1
469 1 1 3317 1 9 1
470 0 10 3322 65 244 97
471 1 4 3332 88 339 132
472 0 2 3340 221 2134 331
473 0 12 3347 54 199 81
474 1 1 3357 115 1074 172
475 1 3 3360 18190 102249 27285
476 1 1 3368 1 10 1
477 0 3 3373 1 9 1
478 0 2 3380 11 90 16
479 1 2 3387 3 25 4
480 0 2 3394 1 10 1
481 0 1 3401 1 10 1
482 0 1 3405 292 2858 438
483 1 4 3411 1 4 1
484 1 8 3419 13 41 19
485 1 2 3428 2 17 3
486 1 1 3434 4 33 6
487 1 2 3438 1448 15272 2172
488 1 3 3445 43 381 64
489 1 2 3452 12 98 18
490 0 2 3458 2208 23729 3312
491 0 1 3464 1 10 1
492 0 3 3466 1 9 1
493 0 2 3473 1 9 1
494 1 2 3479 1 9 1
495 1 6 3485 17 56 25
496 1 13 3494 74 280 111
497 1 2 3504 1 10 1
498 0 2 3510 1 9 1
499 1 1 3516 2171 23314 3256
500 0 1 3520 7 56 10
501 1 23 3525 28 97 42
502 0 4 3536 1 5 1
503 1 25 3544 14 45 21
504 0 30 3555 1 7 1
505 1 2 3566 1 10 1
506 0 8 3572 1 4 1
507 0 3 3581 1 3 1
508 1 4 3589 718 3267 1077
509 0 2 3597 1 12 1
510 1 3 3603 539259 7197890 808888
511 0 3 3610 1 9 1
