0 0 5 5 1 10 1
1 1 2 13 316 3105 474
2 1 4 20 352 3477 528
3 1 61 28 2 7 3
4 0 1 40 16 134 24
5 1 4 45 9 73 13
6 0 1 53 108 1006 162
7 1 2 56 2 17 3
8 1 1 62 317 3115 475
9 1 5 67 124 1163 186
10 0 1 75 1 10 1
11 0 2 81 4 33 6
12 1 2 87 8777 100055 13165
13 0 1 93 6 48 9
14 1 6 96 5 40 7
15 0 3 105 1 9 1
16 1 2 112 1 10 1
17 1 3 118 2 17 3
18 0 3 125 17 143 25
19 0 15 133 1 4 1
20 1 6 143 1 4 1
21 1 3 152 31 270 46
22 1 2 160 1 9 1
23 1 7 167 1 4 1
24 1 8 176 115 453 172
25 1 2 185 1 8 1
26 1 4 192 433 4319 649
27 0 6 200 4 33 6
28 0 1 209 18 152 27
29 1 5 214 10 81 15
30 0 1 222 139 1311 208
31 0 3 227 1 10 1
32 1 1 234 432436 5726888 648654
33 1 2 238 1 9 1
34 0 2 244 1 9 1
35 1 6 250 52 466 78
36 0 2 259 1 10 1
37 1 3 266 2 17 3
38 0 7 273 1 5 1
39 0 2 282 73 666 109
40 0 1 288 185433 2381478 278149
41 1 7 292 1 5 1
42 0 1 301 1 9 1
43 1 1 306 2 17 3
44 1 1 310 5 41 7
45 1 7 313 1 4 1
46 0 6 322 59 219 88
47 1 3 331 29 251 43
48 0 5 339 85 782 127
49 0 2 347 1 9 1
50 1 3 354 1 10 1
51 1 3 361 2 17 3
52 0 6 368 316 3105 474
53 1 15 377 20 67 30
54 0 10 387 1 4 1
55 0 8 397 178 727 267
56 1 1 406 40 353 60
57 0 2 410 8 64 12
58 0 7 416 1 4 1
59 0 1 425 5 40 7
60 1 9 429 1 3 1
61 1 4 438 1941 20741 2911
62 0 3 446 385365 5082504 578047
63 0 7 453 1 4 1
64 1 1 462 2 17 3
65 0 2 467 1 9 1
66 1 2 473 140 1321 210
67 1 6 479 2 7 3
68 1 7 488 1 4 1
69 1 3 497 3 25 4
70 0 1 505 1 12 1
71 1 2 510 3591 39418 5386
72 1 6 517 453 4528 679
73 0 2 526 1 11 1
74 0 1 532 374 3705 561
75 0 3 535 1 11 1
76 0 7 542 1363 6492 2044
77 0 3 551 1 8 1
78 1 4 558 1 10 1
79 1 1 566 33061 397629 49591
80 1 2 572 4595 50975 6892
81 1 3 579 1 10 1
82 0 4 586 197 1891 295
83 0 8 594 3 10 4
84 1 17 603 1 4 1
85 0 7 613 5 15 7
86 1 1 622 2 17 3
87 0 5 627 6 48 9
88 1 10 635 14 45 21
89 1 15 645 10 31 15
90 0 11 655 5 15 7
91 1 4 665 171427 2195234 257140
92 0 3 673 1 9 1
93 1 2 681 312 3064 468
94 0 2 688 5865 65741 8797
95 1 4 695 1 9 1
96 0 1 703 1 9 1
97 0 21 709 231 964 346
98 1 2 720 1 9 1
99 0 4 727 44 390 66
100 1 1 735 126 1183 189
101 1 4 741 1 9 1
102 0 3 749 691 7046 1036
103 1 2 757 17 143 25
104 0 2 764 1 9 1
105 0 4 770 2 17 3
106 0 5 778 1 9 1
107 0 16 787 16 52 24
108 0 1 797 1 9 1
109 0 4 802 292 2858 438
110 0 7 810 5788 30340 8682
111 1 3 819 1 9 1
112 1 22 826 1 4 1
113 1 3 837 101 937 151
114 1 1 844 1 9 1
115 1 2 848 1 9 1
116 0 3 854 1 9 1
117 0 2 861 48 428 72
118 1 5 868 17 143 25
119 0 2 876 1 9 1
120 0 20 882 1 4 1
121 1 7 893 1 5 1
122 0 2 902 6 48 9
123 0 3 908 385 3819 577
124 0 5 916 8 64 12
125 1 1 924 288 2817 432
126 0 8 930 698 3169 1047
127 1 2 939 315 3095 472
128 1 2 945 96 889 144
129 1 6 951 249 2418 373
130 1 1 960 548 5527 822
131 1 7 964 288 1223 432
132 1 1 973 1139 11883 1708
133 0 2 978 1 9 1
134 0 9 985 127 504 190
135 0 4 994 11 90 16
136 0 10 1002 1 3 1
137 1 2 1012 1 10 1
138 0 5 1019 105 976 157
139 1 2 1027 9 73 13
140 1 2 1033 1 9 1
141 1 3 1039 50347 615547 75520
142 1 5 1047 1 9 1
143 1 2 1056 1 9 1
144 0 5 1063 3 25 4
145 1 6 1071 5 41 7
146 1 5 1080 2019 21612 3028
147 1 31 1088 191 785 286
148 1 7 1099 17 55 25
149 0 1 1108 56 504 84
150 1 2 1114 8 64 12
151 1 11 1121 395 1719 592
152 0 1 1131 1 10 1
153 1 8 1134 1 4 1
154 0 3 1143 3 25 4
155 1 4 1151 4 33 6
156 0 3 1159 1 12 1
157 0 1 1166 1 10 1
158 1 3 1171 11 90 16
159 0 1 1178 1263 13239 1894
160 1 2 1183 1 11 1
161 0 2 1189 3 25 4
162 0 2 1195 2 17 3
163 0 1 1201 1 11 1
164 0 2 1206 1 9 1
165 1 2 1212 5 40 7
166 0 2 1218 2 17 3
167 1 4 1224 192 1841 288
168 0 1 1232 1 9 1
169 0 2 1236 78 714 117
170 0 4 1243 1 11 1
171 0 6 1251 24 206 36
172 1 1 1260 25 215 37
173 1 3 1264 1 9 1
174 0 29 1271 1 6 1
175 1 5 1282 4 33 6
176 0 3 1290 2 17 3
177 1 2 1297 8 64 12
178 0 20 1304 1 4 1
179 0 1 1315 602 6099 903
180 0 1 1319 7 56 10
181 0 19 1324 27 93 40
182 0 7 1335 1 3 1
183 1 5 1344 40 353 60
184 0 12 1352 5 15 7
185 0 5 1362 1 10 1
186 1 9 1371 1 3 1
187 0 8 1380 2 6 3
188 1 2 1389 1 8 1
189 0 2 1395 6 48 9
190 0 2 1402 1 10 1
191 1 1 1408 32 279 48
192 1 3 1412 664 6758 996
193 0 1 1419 26 224 39
194 0 6 1424 14 116 21
195 0 4 1433 1 9 1
196 1 12 1441 17 56 25
197 1 5 1451 1 10 1
198 0 3 1459 22 188 33
199 0 3 1467 1 10 1
200 1 3 1475 1 11 1
201 0 1 1482 2 17 3
202 0 6 1487 41 362 61
203 1 3 1496 1 10 1
204 0 3 1503 335 3301 502
205 1 5 1510 70 637 105
206 1 13 1518 379 1644 568
207 0 3 1528 1 9 1
208 1 4 1535 55 494 82
209 1 1 1543 1 10 1
210 0 7 1548 21671 123072 32506
211 0 1 1557 2 17 3
212 0 4 1563 9 73 13
213 1 3 1571 66 599 99
214 0 2 1578 1 10 1
215 0 9 1585 842 3876 1263
216 1 3 1594 1 8 1
217 1 3 1602 1 9 1
218 0 1 1609 36 316 54
219 0 1 1615 17 143 25
220 0 30 1619 2 6 3
221 1 3 1630 1 9 1
222 0 4 1637 1 9 1
223 0 1 1645 6034 67716 9051
224 0 3 1651 69 628 103
225 0 1 1658 135 1272 202
226 0 1 1661 1 12 1
227 0 2 1664 4 33 6
228 1 8 1670 1 5 1
229 0 2 1679 6 48 9
230 1 3 1685 1 8 1
231 1 8 1692 1 7 1
232 0 10 1701 671 3038 1006
233 0 5 1711 6867 77485 10300
234 1 1 1719 1 10 1
235 1 1 1723 21 179 31
236 0 19 1728 6 18 9
237 1 3 1739 513 5158 769
238 1 26 1746 313 1338 469
239 0 2 1757 723 7388 1084
240 0 6 1763 1 3 1
241 1 2 1772 16014 187111 24021
242 0 1 1779 42 372 63
243 0 2 1784 1 11 1
244 1 2 1791 86 792 129
245 0 46 1798 7 21 10
246 0 2 1810 1 10 1
247 0 10 1817 37 131 55
248 0 2 1827 353 3487 529
249 0 7 1834 12 38 18
250 1 1 1843 2 17 3
251 0 14 1848 106 415 159
252 0 2 1858 1862 19860 2793
253 1 6 1865 216 2083 324
254 1 5 1874 26 224 39
255 0 3 1882 5934 66547 8901
256 1 1 1889 5 40 7
257 0 2 1892 1 9 1
258 0 13 1898 1 4 1
259 0 6 1908 7 21 10
260 1 2 1917 248 2408 372
261 1 6 1924 1 10 1
262 0 1 1933 2 17 3
263 0 2 1938 2 17 3
264 1 1 1944 36 316 54
265 0 5 1950 2 17 3
266 1 1 1958 1 9 1
267 0 2 1961 2 17 3
268 0 1 1967 5986 67155 8979
269 1 10 1972 1 4 1
270 0 2 1982 994509 13562371 1491763
271 1 6 1989 1 9 1
272 0 2 1998 38 335 57
273 0 3 2004 19 161 28
274 1 10 2011 961 4466 1441
275 0 10 2021 5336 27827 8004
276 0 1 2030 1 11 1
277 1 17 2035 9 27 13
278 1 2 2045 5 40 7
279 0 1 2052 1 8 1
280 1 4 2056 79 724 118
281 1 2 2064 215 2073 322
282 0 1 2070 2 17 3
283 0 2 2073 1 9 1
284 0 1 2079 1 11 1
285 1 1 2083 1 12 1
286 1 6 2088 20 170 30
287 1 7 2097 1 5 1
288 0 1 2106 106 986 159
289 0 2 2110 441 4403 661
290 0 1 2116 101 938 151
291 0 8 2121 2283 11264 3424
292 0 5 2130 1 15 1
293 0 9 2138 1 4 1
294 0 4 2147 21 179 31
295 0 2 2155 1 15 1
296 0 1 2161 1 9 1
297 1 4 2164 1 12 1
298 1 2 2172 1 9 1
299 1 1 2178 10 81 15
300 1 4 2183 160 1520 240
301 1 3 2191 16 134 24
302 0 1 2198 33046 397442 49569
303 1 5 2201 214 2063 321
304 1 1 2209 10 81 15
305 1 22 2214 250 1050 375
306 0 4 2225 1 10 1
307 1 3 2233 193 1851 289
308 0 3 2240 537 5411 805
309 1 3 2247 217 2093 325
310 0 10 2254 35 124 52
311 0 29 2264 780 3571 1170
312 0 2 2275 1 9 1
313 1 2 2282 1 12 1
314 1 6 2288 1 10 1
315 0 2 2297 4 33 6
316 1 3 2304 1 10 1
317 1 1 2311 25 215 37
318 1 2 2316 1 10 1
319 1 2 2322 1 9 1
320 1 3 2328 1 9 1
321 1 2 2336 448 4476 672
322 1 1 2342 26 224 39
323 1 10 2347 2 7 3
324 1 3 2357 5 41 7
325 0 4 2364 105717 1329602 158575
326 1 1 2372 1 10 1
327 1 1 2376 71 647 106
328 1 1 2382 1 9 1
329 1 3 2386 3 25 4
330 1 6 2393 438 4372 657
331 1 2 2402 1 9 1
332 1 1 2409 5 40 7
333 0 2 2414 1 11 1
334 0 5 2421 3 25 4
335 0 1 2429 2898 31517 4347
336 1 2 2434 157 1490 235
337 1 2 2440 1 9 1
338 1 2 2446 2 17 3
339 0 2 2453 68 618 102
340 0 3 2459 11 90 16
341 0 16 2467 56 207 84
342 0 9 2477 3 9 4
343 1 3 2486 2007 21478 3010
344 1 2 2493 194 1861 291
345 0 5 2499 191 1831 286
346 1 7 2507 2047 10025 3070
347 1 8 2516 25 85 37
348 0 1 2525 29 251 43
349 0 7 2530 1 4 1
350 0 8 2539 1 6 1
351 1 4 2548 60 542 90
352 0 1 2556 238 2306 357
353 1 7 2560 1365 6502 2047
354 1 2 2569 14255 165774 21382
355 0 4 2575 1 9 1
356 0 2 2583 1 9 1
357 1 3 2590 2 17 3
358 1 1 2597 3 25 4
359 0 2 2602 12 99 18
360 1 2 2608 208 2002 312
361 1 2 2615 206 1982 309
362 0 1 2621 66 599 99
363 0 1 2626 1 10 1
364 0 6 2630 1 10 1
365 0 3 2639 56 504 84
366 0 3 2646 3 25 4
367 1 17 2654 1 4 1
368 0 2 2664 868 8945 1302
369 0 1 2670 4 33 6
370 0 4 2675 61 551 91
371 0 9 2683 4 13 6
372 0 3 2692 115 1075 172
373 0 3 2699 215 2073 322
374 0 3 2707 4 33 6
375 1 6 2714 18 152 27
376 1 2 2723 1 9 1
377 1 1 2729 1 10 1
378 1 2 2735 19842 233850 29763
379 0 2 2742 1027 10665 1540
380 1 2 2748 9 72 13
381 1 49 2754 8389 45006 12583
382 1 3 2766 1229 12867 1843
383 1 3 2773 1 10 1
384 1 3 2780 1 9 1
385 0 3 2787 2575 27860 3862
386 1 3 2794 4 32 6
387 0 4 2801 1 9 1
388 0 14 2809 1 4 1
389 0 2 2819 1 8 1
390 0 1 2826 11 90 16
391 0 2 2830 1 10 1
392 0 2 2837 1 11 1
393 1 2 2843 1 10 1
394 0 3 2850 291 2848 436
395 1 1 2857 56901 698971 85351
396 0 29 2861 264 1113 396
397 0 2 2872 1 9 1
398 0 5 2878 1040 10806 1560
399 0 2 2887 2 17 3
400 1 2 2893 9 73 13
401 1 2 2899 1093 11382 1639
402 1 2 2905 2 17 3
403 0 1 2912 147 1391 220
404 0 3 2917 1 11 1
405 0 4 2924 166 1580 249
406 0 6 2932 60578 745933 90867
407 0 3 2941 1 13 1
408 0 6 2948 1 3 1
409 0 2 2957 2 17 3
410 0 6 2964 192 1841 288
411 0 4 2973 4 33 6
412 0 4 2981 136 1282 204
413 0 1 2989 322 3166 483
414 0 1 2994 2 17 3
415 0 9 3000 1 3 1
416 0 9 3009 1 4 1
417 0 1 3018 35164 423948 52746
418 1 3 3023 1 10 1
419 1 2 3030 2 17 3
420 0 6 3037 503 5053 754
421 0 2 3046 215 2073 322
422 1 12 3053 153 617 229
423 0 4 3063 96 889 144
424 0 1 3071 42 372 63
425 0 4 3076 3 25 4
426 1 3 3084 1 9 1
427 0 5 3091 28 242 42
428 1 3 3099 810 8320 1215
429 0 1 3106 13 108 19
430 0 2 3112 53 476 79
431 0 6 3118 87 801 130
432 0 5 3127 2 17 3
433 0 1 3135 48 428 72
434 0 1 3140 432 4309 648
435 1 10 3143 1 4 1
436 1 41 3153 3 10 4
437 0 1 3165 6 48 9
438 1 1 3168 387 3839 580
439 1 17 3172 1 3 1
440 0 5 3182 1 9 1
441 0 1 3190 1 9 1
442 1 2 3194 234 2266 351
443 1 1 3201 2 17 3
444 0 3 3205 3 25 4
445 0 1 3212 2 17 3
446 1 10 3217 2 7 3
447 1 8 3227 14 45 21
448 0 2 3236 464 4643 696
449 0 2 3242 1 9 1
450 1 16 3248 4 12 6
451 1 1 3258 330 3249 495
452 1 1 3264 3 25 4
453 0 1 3269 1 12 1
454 1 1 3273 1 9 1
455 1 2 3279 1 12 1
456 0 2 3286 2657 28787 3985
457 1 7 3293 1 4 1
458 1 3 3302 19 161 28
459 0 3 3310 31 270 46
460 0 4 3317 48 428 72
461 0 26 3325 1 4 1
462 0 2 3336 2 17 3
463 1 2 3342 113 1055 169
464 0 2 3348 6 48 9
465 0 3 3354 1 9 1
466 0 8 3362 41 147 61
467 1 4 3371 2465 26619 3697
468 1 13 3379 1 5 1
469 1 2 3389 649 6598 973
470 1 19 3395 11 34 16
471 0 2 3406 4 33 6
472 0 2 3412 1 9 1
473 0 2 3418 3 25 4
474 0 2 3424 2 17 3
475 0 6 3430 739 3370 1108
476 0 7 3439 6 18 9
477 1 1 3448 384 3808 576
478 1 1 3452 5 40 7
479 1 10 3457 159 644 238
480 0 6 3467 1 4 1
481 1 2 3476 719 7345 1078
482 1 3 3483 3 25 4
483 1 6 3491 1061 4965 1591
484 1 1 3500 62502 770549 93753
485 0 6 3502 1 3 1
486 1 1 3511 1 8 1
487 1 3 3516 2 17 3
488 1 1 3523 807 8288 1210
489 0 4 3527 149 1411 223
490 0 2 3535 10 81 15
491 0 1 3541 111 1035 166
492 1 5 3547 1 10 1
493 1 1 3556 260 2530 390
494 0 4 3560 1 9 1
495 1 6 3568 26 224 39
496 1 1 3577 46 409 69
497 1 9 3581 1 4 1
498 0 2 3590 60970 750946 91455
499 0 2 3597 5784 64795 8676
500 1 8 3604 1 4 1
501 0 11 3613 1 3 1
