0 1 1 5 50 447 75
1 0 4 13 3 9 4
2 0 1 29 645 6556 967
3 0 4 40 1 3 1
4 1 4 56 1 4 1
5 0 4 72 1 4 1
6 0 10 88 1 4 1
7 0 2 107 18 152 27
8 0 4 120 1 5 1
9 1 3 136 50 447 75
10 0 3 150 9 73 13
11 0 7 164 1 4 1
12 0 3 182 1 3 1
13 0 2 197 18458 216908 27687
14 1 5 210 1 5 1
15 1 3 227 1 3 1
16 0 5 242 3 9 4
17 1 1 259 44 390 66
18 1 1 268 13 107 19
19 1 9 279 4 12 6
20 1 3 298 4 12 6
21 0 9 313 1 4 1
22 0 3 332 1 4 1
23 0 4 347 1 5 1
24 0 2 363 13 107 19
25 0 1 376 74 676 111
26 1 4 384 1 3 1
27 0 1 400 1162 12134 1743
28 0 4 411 1 4 1
29 0 4 427 1 4 1
30 0 1 443 601 6088 901
31 0 3 453 5 15 7
32 0 1 468 280 2735 420
33 0 4 478 2 7 3
34 1 6 494 1 4 1
35 1 2 511 56 504 84
36 1 3 524 8 64 12
37 1 1 538 475 4759 712
38 0 16 548 5 15 7
39 1 6 569 1 4 1
40 0 17 587 12 38 18
41 1 1 608 1 11 1
42 0 3 619 293 1246 439
43 0 10 634 11 34 16
44 0 1 653 6 48 9
45 0 13 664 1 3 1
46 0 3 684 1 9 1
47 1 4 698 9 27 13
48 1 1 714 141 1331 211
49 0 2 723 1 8 1
50 1 3 737 3 9 4
51 1 16 752 7 21 10
52 0 10 773 11 34 16
53 0 3 792 2 17 3
54 1 1 806 17 143 25
55 1 5 816 4 12 6
56 0 35 833 317 1356 475
57 0 3 856 10 31 15
58 0 2 871 16 134 24
59 1 17 884 27 93 40
60 1 1 905 1 9 1
61 1 5 914 18 59 27
62 0 1 931 1564 16553 2346
63 1 3 940 17 143 25
64 1 2 954 6 48 9
65 1 1 966 1 9 1
66 0 12 975 2 6 3
67 1 2 995 2 17 3
68 0 1 1008 4 33 6
69 0 2 1019 1 9 1
70 1 3 1033 2 7 3
71 1 15 1048 2 7 3
72 1 8 1068 1 4 1
73 0 20 1086 4 12 6
74 1 7 1107 2 7 3
75 1 8 1125 2 7 3
76 0 3 1143 1 4 1
77 0 10 1158 2 6 3
78 0 7 1177 2 7 3
79 1 7 1195 181 740 271
80 0 11 1213 1 5 1
81 1 3 1232 58 215 87
82 1 7 1247 1 3 1
83 0 7 1265 104 406 156
84 0 7 1283 1 3 1
85 1 4 1301 1774 8604 2661
86 0 22 1316 1 4 1
87 0 2 1338 75 685 112
88 1 4 1350 209 865 313
89 1 1 1366 47 419 70
90 0 4 1376 1 3 1
91 0 3 1392 38 335 57
92 1 11 1406 1 5 1
93 0 9 1425 56 207 84
94 0 6 1444 1 4 1
95 1 1 1461 2 17 3
96 1 4 1472 6 18 9
97 1 2 1488 7 56 10
98 1 5 1500 1 4 1
99 0 2 1517 2 17 3
100 0 1 1530 4 33 6
101 1 1 1540 9 73 13
102 0 1 1547 2 17 3
103 0 2 1557 2193 23561 3289
104 0 8 1569 113 444 169
105 1 1 1587 1526 16132 2289
106 1 5 1598 1 3 1
107 0 2 1615 251 2439 376
108 1 8 1629 23 78 34
109 1 4 1647 1 3 1
110 0 2 1662 66 599 99
111 0 47 1675 3 10 4
112 0 98 1699 203 838 304
113 1 3 1724 18948 106766 28422
114 0 6 1738 1 4 1
115 0 3 1756 7 21 10
116 1 1 1771 275 2684 412
117 1 11 1781 2078 10188 3117
118 0 16 1800 2 6 3
119 0 2 1821 1 10 1
120 1 3 1833 1 4 1
121 1 1 1848 4 33 6
122 0 2 1859 1949 20830 2923
123 1 2 1872 7767 88093 11650
124 1 7 1884 171 696 256
125 1 1 1902 1 9 1
126 1 5 1910 23 78 34
127 0 1 1926 1 9 1
128 1 2 1936 2 17 3
129 1 10 1949 69 260 103
130 1 1 1968 48 428 72
131 0 21 1979 18 59 27
132 0 1 2000 15 125 22
133 0 4 2009 1 4 1
134 1 20 2025 198 816 297
135 1 7 2046 2 6 3
136 1 31 2064 161 652 241
137 0 12 2086 1 6 1
138 1 2 2106 1 10 1
139 1 2 2120 2 17 3
140 0 9 2133 5 15 7
141 0 3 2152 1 4 1
142 0 2 2166 10 81 15
143 0 2 2179 50 447 75
144 0 3 2191 1 4 1
145 0 7 2206 156 630 234
146 0 10 2224 66 248 99
147 0 3 2243 1 3 1
148 0 2 2258 1 11 1
149 1 2 2271 340 3352 510
150 0 1 2284 182 1741 273
151 0 5 2295 10 31 15
152 0 2 2312 8476 96484 12714
153 1 10 2324 2 6 3
154 0 6 2343 63 235 94
155 0 1 2360 7 56 10
156 0 1 2370 4 33 6
157 1 2 2379 3 25 4
158 0 3 2391 977 10122 1465
159 1 6 2405 1 3 1
160 0 1 2423 27 233 40
161 1 4 2433 294 1250 441
162 0 3 2449 3 25 4
163 0 4 2463 1 4 1
164 0 7 2479 143 574 214
165 0 3 2497 4 12 6
166 0 3 2512 4 13 6
167 1 11 2527 2 6 3
168 0 2 2546 44 391 66
169 1 1 2560 1 10 1
170 0 1 2567 1 9 1
171 0 1 2574 1 9 1
172 0 6 2584 14 45 21
173 0 2 2601 1 9 1
174 1 1 2613 5 40 7
175 0 7 2624 6 18 9
176 0 4 2642 1 5 1
177 1 2 2658 1 9 1
178 1 1 2672 3 25 4
179 0 2 2681 2 17 3
180 0 2 2695 28 242 42
181 1 3 2707 111 436 166
182 1 1 2722 941 9733 1411
183 0 3 2729 2 7 3
184 0 7 2744 563 2516 844
185 1 8 2762 2 7 3
186 0 1 2781 9 72 13
187 1 4 2792 3 9 4
188 0 2 2808 41 363 61
189 1 1 2821 1 9 1
190 1 3 2831 23 78 34
191 1 10 2846 1 4 1
192 0 1 2865 30 261 45
193 0 1 2874 3 25 4
194 1 1 2881 55 494 82
195 0 4 2890 36 127 54
196 0 5 2905 20 67 30
197 0 11 2922 11 34 16
198 1 2 2941 1 8 1
199 0 7 2954 1 3 1
200 1 5 2972 32 112 48
201 1 7 2989 29 100 43
202 1 2 3007 100 928 150
203 0 12 3020 2 7 3
204 1 14 3040 1 4 1
205 1 5 3060 1 4 1
206 1 4 3077 1 5 1
207 1 3 3093 60 223 90
208 0 6 3108 16 52 24
209 0 10 3125 6 18 9
210 1 2 3144 22 188 33
211 1 1 3156 1015 10534 1522
212 0 1 3165 4 33 6
213 0 4 3176 51 187 76
214 1 1 3191 5 41 7
215 0 4 3201 18 59 27
216 0 2 3217 1 9 1
217 0 24 3230 1 3 1
218 0 2 3252 29 251 43
219 0 8 3264 155 626 232
220 1 2 3282 1 9 1
221 0 10 3295 87 334 130
222 0 1 3314 4 33 6
223 1 5 3323 1 4 1
224 0 1 3340 3 25 4
225 0 1 3350 277 2704 415
226 0 1 3361 8 64 12
227 1 1 3369 699 7131 1048
228 0 1 3378 6 48 9
229 0 2 3386 1 9 1
230 0 1 3399 1 10 1
231 0 1 3408 1 9 1
232 1 1 3419 82 753 123
233 1 8 3426 1 4 1
234 0 6 3444 1 4 1
235 0 7 3462 1 4 1
236 0 1 3480 962 9960 1443
237 0 1 3490 4 33 6
238 1 11 3501 1 4 1
239 0 9 3520 1 5 1
240 0 1 3539 3799 41803 5698
241 0 5 3549 7 21 10
242 1 19 3566 779 3565 1168
243 0 2 3587 1 12 1
244 1 1 3599 3 25 4
245 0 1 3606 7 56 10
