0 0 5 5 3 25 4
1 0 11 13 1 3 1
2 0 9 23 1 4 1
3 0 2 32 15 125 22
4 0 1 39 8 64 12
5 1 2 42 3 25 4
6 1 2 48 1 9 1
7 1 28 55 1 4 1
8 1 1 66 80 734 120
9 0 1 71 42 372 63
10 1 4 76 1387 14600 2080
11 0 6 84 7 56 10
12 1 1 93 1 9 1
13 1 2 98 6 48 9
14 0 1 104 73 666 109
15 0 3 109 1 9 1
16 1 1 116 1 10 1
17 0 5 120 19 161 28
18 1 12 129 24 82 36
19 0 3 139 687 7003 1030
20 0 2 146 1449 15283 2173
21 1 7 152 603 2709 904
22 0 6 161 6 48 9
23 0 2 170 2479 26777 3718
24 1 2 177 4 33 6
25 0 1 184 2 17 3
26 1 2 189 1 13 1
27 1 2 195 72 656 108
28 1 3 201 1 11 1
29 0 1 208 1 9 1
30 0 5 213 9 73 13
31 0 13 221 596 2675 894
32 1 3 231 134 1262 201
33 1 3 239 22 188 33
34 0 4 246 1 10 1
35 1 3 254 1 12 1
36 0 3 262 1145 11949 1717
37 1 1 269 11532 132951 17298
38 0 1 274 54 485 81
39 0 2 279 1 11 1
40 1 4 285 1 10 1
41 0 30 293 3 9 4
42 0 3 304 1 12 1
43 1 3 311 94 869 141
44 0 2 318 1 9 1
45 1 2 325 1 9 1
46 1 3 332 4 33 6
47 0 4 339 1 9 1
48 1 6 347 7 56 10
49 0 3 356 2 17 3
50 1 4 363 1 10 1
51 1 3 371 3 25 4
52 1 6 378 23787 282385 35680
53 1 6 387 1 11 1
54 1 3 396 2 17 3
55 1 10 404 12008 65847 18012
56 0 1 414 11 90 16
57 0 9 418 852 3925 1278
58 1 3 427 9 72 13
59 0 25 434 2034 9957 3051
60 0 7 445 1 4 1
61 1 3 454 1344 14128 2016
62 0 2 461 1 9 1
63 0 3 468 12 98 18
64 0 1 476 11 90 16
65 0 1 479 1 10 1
66 1 3 483 23 197 34
67 1 2 490 1 9 1
68 0 3 496 1 9 1
69 1 1 503 1550 16398 2325
70 0 3 508 1 9 1
71 0 1 515 4142 45746 6213
72 1 9 520 3480 17655 5220
73 0 1 529 49 438 73
74 1 4 534 1 10 1
75 1 2 542 5 40 7
76 1 12 548 1 5 1
77 1 2 558 120 1124 180
78 1 3 565 98 908 147
79 1 9 572 3 9 4
80 0 2 581 1 10 1
81 1 9 588 1 4 1
82 0 4 597 35 307 52
83 1 1 605 4 33 6
84 0 3 611 26 224 39
85 1 2 619 4322 47821 6483
86 0 2 625 2 17 3
87 0 2 631 172 1640 258
88 1 7 638 3268 16512 4902
89 0 3 647 8 64 12
90 1 4 654 5 40 7
91 1 2 662 1 10 1
92 1 1 669 1 9 1
93 0 4 673 46 410 69
94 0 5 681 16 134 24
95 0 4 689 1 9 1
96 0 15 697 2 6 3
97 0 1 707 3 25 4
98 0 1 713 82 753 123
99 1 4 717 184 1760 276
100 0 10 725 1 3 1
101 0 18 735 24 81 36
102 1 8 745 8 24 12
103 1 1 754 87 801 130
104 0 1 759 73 666 109
105 0 1 764 1 11 1
106 0 2 769 1 13 1
107 1 1 776 2716 29455 4074
108 0 4 782 98 908 147
109 0 1 790 9 73 13
110 0 1 795 457 4570 685
111 0 7 798 108 423 162
112 1 1 807 1 10 1
113 1 3 813 2 17 3
114 0 3 820 1603 16984 2404
115 0 6 827 3 25 4
116 1 8 836 1 3 1
117 0 2 845 5649 63220 8473
118 0 2 851 1 10 1
119 1 12 858 157341 996843 236011
120 0 1 868 19 161 28
121 0 1 873 4 33 6
122 0 1 878 1 15 1
123 0 11 881 13 41 19
124 1 11 891 46 167 69
125 0 1 901 1 10 1
126 0 1 906 76 695 114
127 1 1 910 1925 20562 2887
128 1 10 915 1 4 1
129 1 6 925 28 242 42
130 1 2 934 803 8245 1204
131 1 1 940 1 10 1
132 0 9 945 27 93 40
133 1 2 954 1 11 1
134 1 3 960 15 125 22
135 0 1 967 197 1891 295
136 1 2 971 3 25 4
137 1 5 978 1 9 1
138 1 5 986 1 10 1
139 1 1 994 708 7227 1062
140 1 6 998 332 1426 498
141 1 11 1007 1 3 1
142 1 3 1017 4 33 6
143 0 3 1024 1 11 1
144 0 1 1031 1 9 1
145 0 3 1035 7 56 10
146 1 1 1042 1 9 1
147 1 2 1048 55 494 82
148 0 6 1054 112 1045 168
149 0 3 1063 2 17 3
150 1 1 1071 5 41 7
151 1 3 1076 1 9 1
152 0 3 1084 6 48 9
153 1 2 1092 2 17 3
154 1 20 1098 1 4 1
155 1 9 1109 1 5 1
156 1 3 1118 1 9 1
157 1 2 1125 595 6025 892
158 0 1 1132 1 10 1
159 1 6 1137 294 2878 441
160 1 3 1146 174382 2234484 261573
161 0 3 1153 2 17 3
162 0 2 1160 1 11 1
163 1 5 1167 98 908 147
164 0 2 1176 1 9 1
165 0 1 1183 1 11 1
166 1 6 1189 10 81 15
167 0 2 1198 190 1821 285
168 0 2 1205 3582 39315 5373
169 0 4 1211 212 2043 318
170 1 2 1219 555 5601 832
171 1 5 1226 1 9 1
172 1 2 1234 1 11 1
173 0 1 1241 167 1590 250
174 1 1 1245 1 10 1
175 1 1 1251 3 25 4
176 0 3 1255 46 409 69
177 1 9 1263 14 45 21
178 0 4 1272 2 17 3
179 0 2 1280 289 2827 433
180 0 1 1286 19305 227271 28957
181 0 5 1292 6637 74783 9955
182 1 5 1300 1 10 1
183 0 1 1308 1 12 1
184 1 3 1311 22 188 33
185 1 6 1318 3 25 4
186 0 10 1327 378 1639 567
187 0 3 1337 68 618 102
188 0 1 1344 1 9 1
189 1 27 1349 1 4 1
190 0 7 1360 32021 185991 48031
191 1 2 1369 10 81 15
192 0 1 1375 1 10 1
193 1 4 1380 35 307 52
194 1 3 1388 1 9 1
195 0 13 1396 13 41 19
196 1 3 1406 88 811 132
197 1 21 1414 1 5 1
198 0 4 1425 6 48 9
199 0 5 1433 16 134 24
200 0 2 1441 1 9 1
201 1 17 1447 5740 30073 8610
202 0 2 1457 1103 11491 1654
203 0 1 1463 2 17 3
204 0 4 1467 965 9993 1447
205 0 2 1475 11 90 16
206 1 1 1481 139 1311 208
207 1 3 1483 542 5464 813
208 1 5 1491 1 9 1
209 0 2 1499 1 10 1
210 1 2 1505 2179 23404 3268
211 1 3 1512 1 9 1
212 1 5 1519 1 9 1
213 0 2 1527 29 251 43
214 1 4 1534 1 8 1
215 1 5 1542 1 10 1
216 0 1 1550 388 3850 582
217 0 9 1555 3100 15609 4650
218 1 3 1564 2 17 3
219 1 1 1571 1 9 1
220 1 2 1575 121 1134 181
221 0 2 1581 80 733 120
222 0 2 1588 1550 16398 2325
223 0 5 1594 13 107 19
224 1 5 1602 1 9 1
225 0 2 1610 1 11 1
226 1 6 1617 1 4 1
227 1 3 1626 1 9 1
228 0 1 1633 149 1410 223
229 0 2 1637 115 1074 172
230 0 4 1643 1 9 1
231 1 1 1651 8341 94884 12511
232 0 2 1656 428 4267 642
233 1 2 1663 1 8 1
234 1 3 1670 11010 126692 16515
235 0 4 1678 5 40 7
236 1 1 1686 10 81 15
237 1 7 1691 165 670 247
238 0 1 1700 2520 27239 3780
239 0 2 1705 1 9 1
240 1 5 1711 1 9 1
241 1 7 1719 1 5 1
242 1 2 1728 1 9 1
243 1 3 1734 17 143 25
244 1 7 1741 88 339 132
245 1 2 1750 275 2684 412
246 0 9 1757 5 15 7
247 1 2 1766 2 17 3
248 0 2 1773 6 48 9
249 0 4 1780 7 56 10
250 1 4 1788 78 714 117
251 0 1 1796 2 17 3
252 1 4 1799 1 11 1
253 0 2 1807 1877 20027 2815
254 1 1 1813 341 3363 511
255 0 3 1818 48 428 72
256 0 1 1826 59 532 88
257 1 3 1831 13 107 19
258 0 2 1838 1 9 1
259 1 1 1844 3 25 4
260 1 4 1850 1 9 1
261 0 5 1858 13 108 19
262 1 2 1866 189 1811 283
263 1 4 1872 2 17 3
264 0 9 1880 8 24 12
265 1 2 1889 9 73 13
266 1 4 1895 10 81 15
267 0 6 1903 5 15 7
268 1 2 1912 521 5243 781
269 1 2 1919 315 3095 472
270 1 16 1925 547 2439 820
271 1 1 1935 6297 70795 9445
272 1 6 1938 29 252 43
273 0 22 1947 1 3 1
274 0 1 1958 9 73 13
275 0 1 1962 1458 15382 2187
276 0 4 1965 6 48 9
277 0 8 1973 3354 16975 5031
278 1 1 1982 140 1321 210
279 0 1 1987 3 25 4
280 0 1 1993 1 12 1
281 0 3 1998 3 25 4
282 0 3 2005 1 11 1
283 0 5 2012 27915 333504 41872
284 0 5 2020 1 11 1
285 1 4 2028 1 10 1
286 1 1 2036 211 2032 316
287 0 2 2042 591 5982 886
288 1 3 2048 1 8 1
289 0 2 2056 1 10 1
290 1 1 2062 1 12 1
291 0 4 2067 409 4068 613
292 1 2 2075 1 9 1
293 1 3 2081 1 10 1
294 1 3 2088 69 628 103
295 0 1 2095 1 10 1
296 0 1 2099 779 7988 1168
297 0 1 2104 1 12 1
298 0 2 2108 13 108 19
299 1 4 2114 6 48 9
300 1 4 2122 624 6332 936
301 0 112 2130 3 9 4
302 0 3 2143 2 17 3
303 0 4 2151 41 363 61
304 0 11 2159 66 248 99
305 0 2 2169 181 1730 271
306 1 2 2176 1 10 1
307 0 1 2182 1 9 1
308 0 3 2187 61 551 91
309 0 20 2195 4 12 6
310 0 101 2206 2704593 19682241 4056889
311 1 3 2219 131 1232 196
312 0 1 2226 14 116 21
313 0 5 2231 1 9 1
314 1 2 2240 15 125 22
315 1 38 2246 1 4 1
316 1 4 2257 1 9 1
317 1 2 2265 50 447 75
318 0 1 2272 1 9 1
319 1 2 2277 115 1075 172
320 0 1 2283 6 48 9
321 0 2 2287 1 9 1
322 1 9 2294 1 5 1
323 1 4 2303 70 637 105
324 1 13 2311 56 207 84
325 1 2 2321 146 1381 219
326 0 1 2328 620 6290 930
327 0 4 2333 199 1911 298
328 1 2 2341 40 353 60
329 0 1 2347 1 8 1
330 1 2 2351 3 25 4
331 1 12 2357 1 4 1
332 0 1 2367 10 81 15
333 1 8 2372 1 3 1
334 1 2 2381 1 11 1
335 1 2 2387 1 13 1
336 1 22 2393 12 38 18
337 0 1 2404 1 9 1
338 0 2 2409 18 152 27
339 0 2 2416 15 125 22
340 1 2 2422 1 10 1
341 0 9 2428 1 3 1
342 0 3 2437 22 188 33
343 1 1 2444 3 25 4
344 1 3 2449 500 5022 750
345 0 1 2456 1 9 1
346 1 1 2462 42 372 63
347 1 4 2466 165 1570 247
348 1 13 2474 1 3 1
349 1 1 2484 41 363 61
350 1 4 2487 1 12 1
351 1 3 2495 1 9 1
352 0 3 2502 3 25 4
353 1 2 2509 15 125 22
354 0 4 2516 3 25 4
355 0 4 2524 200 1921 300
356 0 2 2532 35 307 52
357 0 2 2538 2 17 3
358 1 4 2544 1 10 1
359 1 6 2552 10 31 15
360 1 3 2561 500 5022 750
361 1 3 2569 1 10 1
362 0 4 2576 2067 22149 3100
363 0 6 2584 4 33 6
364 0 2 2593 435 4340 652
365 1 6 2599 1 4 1
366 1 20 2608 1 3 1
367 0 1 2619 3 25 4
368 0 8 2625 6 18 9
369 0 1 2634 1 10 1
370 0 3 2636 1620 17172 2430
371 1 3 2643 8 64 12
372 0 1 2651 17 143 25
373 0 4 2654 1 10 1
374 0 1 2662 1338 14062 2007
375 1 3 2667 99590 1249730 149385
376 1 6 2675 3 25 4
377 0 1 2684 1 9 1
378 0 2 2689 66 599 99
379 0 1 2695 1 9 1
380 0 6 2700 17 143 25
381 0 19 2709 14213 78732 21319
382 1 6 2720 40 353 60
383 1 4 2729 2 17 3
384 1 1 2737 10 81 15
385 1 4 2741 3353 36697 5029
386 0 3 2749 2 17 3
387 0 3 2756 1 11 1
388 0 2 2763 3 25 4
389 1 14 2769 1 4 1
390 0 2 2779 12 99 18
391 0 9 2786 1 4 1
392 0 7 2795 7 21 10
393 1 2 2804 1 10 1
394 0 6 2810 45 400 67
395 1 2 2819 9 73 13
396 0 3 2825 1 12 1
397 1 18 2832 19 63 28
398 0 5 2842 943 9754 1414
399 0 2 2851 1416 14920 2124
400 1 2 2858 3415 37405 5122
401 0 1 2864 16 134 24
402 0 2 2869 11 90 16
403 0 2 2875 30 261 45
404 1 1 2881 16 134 24
405 1 7 2886 6 18 9
406 1 1 2895 1 10 1
407 0 1 2900 2 17 3
408 0 4 2903 3 25 4
409 0 9 2911 38 135 57
410 1 2 2920 56 504 84
411 1 13 2927 2484 12325 3726
412 1 3 2937 1 9 1
413 1 3 2944 3753 41274 5629
414 0 2 2951 1 8 1
415 1 15 2958 1 5 1
416 0 1 2968 1 12 1
417 0 1 2973 375 3715 562
418 1 6 2979 60 542 90
419 0 4 2988 1 10 1
420 1 1 2996 4234 46806 6351
421 1 6 3001 2 17 3
422 0 2 3010 1 10 1
423 0 5 3016 1 9 1
424 0 2 3024 1922 20529 2883
425 0 1 3030 1 9 1
426 1 8 3035 23 78 34
427 1 2 3044 129 1212 193
428 0 4 3050 427 4256 640
429 1 3 3058 1 9 1
430 0 1 3065 3 25 4
431 1 1 3068 1 10 1
432 1 1 3073 134 1262 201
433 1 58 3079 1 5 1
434 0 8 3091 50 183 75
435 1 1 3100 816 8385 1224
436 1 23 3105 1 5 1
437 0 6 3116 384 1667 576
438 1 4 3125 73 666 109
439 1 1 3133 1 10 1
440 1 1 3138 264 2571 396
441 0 7 3143 85 326 127
442 1 8 3152 52 191 78
443 0 3 3161 3 25 4
444 1 2 3168 1 9 1
445 1 5 3174 1 10 1
446 0 1 3182 5383 60120 8074
447 0 3 3187 151 1430 226
448 0 2 3194 1175 12277 1762
449 0 26 3200 10 31 15
450 1 1 3211 1 9 1
451 1 1 3216 120 1124 180
452 0 31 3220 1 3 1
453 1 6 3231 108 1006 162
454 0 1 3240 8 64 12
455 1 5 3246 10 81 15
456 1 10 3254 21 70 31
457 1 4 3264 1 11 1
458 1 3 3272 1 9 1
459 1 7 3279 88 339 132
460 0 1 3288 8 64 12
461 1 3 3293 123 1153 184
462 1 2 3300 2 17 3
463 0 8 3307 3 10 4
464 1 3 3316 22 188 33
465 1 2 3323 1318 13842 1977
466 1 1 3330 1 9 1
467 0 1 3335 1 10 1
468 0 4 3339 4 33 6
469 1 11 3347 1 5 1
470 0 2 3357 1640 17394 2460
471 1 7 3363 12 38 18
472 1 3 3372 8 64 12
473 1 2 3379 4 32 6
474 0 8 3385 2 7 3
475 0 10 3394 935 4336 1402
476 1 1 3404 302 2961 453
477 1 6 3409 1 5 1
478 1 3 3418 3 25 4
479 1 1 3425 4 33 6
480 0 3 3431 5 40 7
481 1 5 3438 8 64 12
482 0 4 3446 1 9 1
483 0 9 3454 1 4 1
484 1 62 3463 1 4 1
485 0 3 3475 31 270 46
486 1 2 3483 303 2971 454
487 1 12 3490 53 195 79
488 0 3 3500 1 11 1
489 1 6 3507 3013 32823 4519
490 1 1 3516 4 33 6
491 1 2 3519 202 1942 303
492 0 11 3526 15 48 22
493 1 45 3536 1 6 1
494 1 4 3548 511 5137 766
495 0 3 3556 339 3342 508
496 1 2 3563 4 33 6
497 0 1 3570 476 4769 714
498 0 16 3572 9 27 13
499 1 5 3582 1 9 1
500 0 2 3590 21 179 31
501 1 2 3596 80 733 120
502 1 1 3602 21 179 31
503 0 3 3608 205 1972 307
