0 0 26 5 1 4 1
1 0 2 24 1 10 1
2 1 23 38 1 5 1
3 0 2 56 118 1104 177
4 0 1 70 1 11 1
5 1 1 83 2 17 3
6 1 4 94 15 125 22
7 1 5 110 9235 105499 13852
8 1 5 126 3 25 4
9 0 2 142 1 10 1
10 1 1 157 1040 10806 1560
11 0 1 170 1 10 1
12 0 5 182 1 9 1
13 1 3 198 2 17 3
14 0 3 213 1529 16166 2293
15 1 2 228 45 400 67
16 0 1 242 3536 38788 5304
17 0 2 251 14 116 21
18 1 3 265 74 675 111
19 0 6 280 2 17 3
20 1 2 297 2 17 3
21 1 4 311 167 1590 250
22 1 8 327 116 457 174
23 1 5 344 3 25 4
24 0 1 360 1 9 1
25 0 2 373 65 589 97
26 0 22 388 459 2020 688
27 0 5 406 20 170 30
28 1 67 422 8 24 12
29 0 26 442 47 171 70
30 1 1 461 4456 49368 6684
31 0 3 474 10 81 15
32 1 1 489 1 9 1
33 1 18 502 2 6 3
34 1 1 520 1 9 1
35 1 6 533 1 9 1
36 0 4 549 2783 30213 4174
37 1 1 565 1 9 1
38 0 1 577 1 10 1
39 0 4 589 23 197 34
40 1 1 605 1 10 1
41 1 15 617 1 3 1
42 0 7 635 73 276 109
43 1 2 652 1 10 1
44 0 1 666 1 10 1
45 0 2 678 1 10 1
46 0 3 693 16 134 24
47 0 1 708 1 10 1
48 1 12 718 333 1430 499
49 0 1 736 1 10 1
50 1 1 749 120 1124 180
51 0 3 762 1 9 1
52 0 12 777 131 522 196
53 1 1 795 1 9 1
54 0 10 804 1 3 1
55 1 5 821 1 9 1
56 0 8 837 6 18 9
57 0 1 854 1 9 1
58 0 7 866 1 4 1
59 0 6 883 12706 69913 19059
60 1 2 900 117 1094 175
61 0 4 914 4 33 6
62 1 10 930 145 582 217
63 0 10 947 1147 5397 1720
64 1 1 964 1 9 1
65 0 1 975 1 10 1
66 0 8 986 2 6 3
67 1 2 1003 385 3819 577
68 1 6 1018 12 99 18
69 0 3 1034 5 40 7
70 0 2 1050 1 9 1
71 0 5 1065 1 10 1
72 0 7 1081 103 402 154
73 0 1 1098 1 9 1
74 1 4 1109 24 206 36
75 1 4 1125 1 8 1
76 1 3 1141 1 9 1
77 0 6 1156 40 353 60
78 0 2 1173 17 143 25
79 0 5 1187 53 475 79
80 1 1 1203 1 12 1
81 0 6 1216 124 1163 186
82 0 1 1233 2 17 3
83 0 6 1246 9 73 13
84 0 6 1262 241 2337 361
85 1 6 1279 3 25 4
86 1 1 1295 2 17 3
87 0 1 1306 2 17 3
88 1 3 1319 112 1045 168
89 1 10 1334 2 6 3
90 1 3 1351 66 599 99
91 0 2 1366 1 9 1
92 1 1 1380 1 11 1
93 0 3 1391 6 48 9
94 1 2 1406 1 10 1
95 1 2 1420 110 1025 165
96 0 18 1434 1 5 1
97 0 1 1452 1 9 1
98 1 4 1465 36 316 54
99 1 5 1481 1 9 1
100 1 4 1497 2426 26180 3639
101 1 1 1513 104 967 156
102 1 1 1525 465 4654 697
103 0 10 1536 1 3 1
104 0 1 1553 1513 15989 2269
105 0 6 1565 18 152 27
106 1 4 1582 81 743 121
107 1 6 1598 3 25 4
108 0 2 1615 10076 115522 15114
109 1 6 1629 3530 38720 5295
110 0 2 1646 3 25 4
111 1 9 1660 107971 670595 161956
112 0 8 1677 3 10 4
113 1 2 1694 7 56 10
114 1 2 1708 287 2807 430
115 1 1 1722 107 996 160
116 0 1 1734 967 10014 1450
117 0 1 1746 12 99 18
118 0 26 1758 16 52 24
119 1 1 1777 4 33 6
120 1 4 1790 2 17 3
121 0 3 1806 13 107 19
122 0 20 1821 29 101 43
123 1 2 1839 4 33 6
124 0 5 1854 1 9 1
125 0 19 1870 3 10 4
126 0 1 1888 1 9 1
127 1 4 1900 88 811 132
128 1 6 1916 2 17 3
129 0 9 1932 1 3 1
130 1 1 1949 1041 10817 1561
131 0 4 1961 62 561 93
132 0 2 1977 329 3239 493
133 0 7 1990 44 159 66
134 1 6 2007 1 10 1
135 0 3 2024 389 3860 583
136 0 6 2039 33 288 49
137 0 2 2056 90 830 135
138 0 58 2070 44 159 66
139 1 3 2089 72 656 108
140 1 5 2104 1 9 1
141 0 3 2120 33 288 49
142 0 19 2135 1 3 1
143 0 7 2153 1 4 1
144 0 2 2170 21 179 31
145 1 8 2184 29 101 43
146 1 2 2201 26 224 39
147 0 2 2215 133 1252 199
148 0 1 2229 2 17 3
149 1 4 2242 1 9 1
150 0 1 2258 1137 11862 1705
151 0 2 2271 1134 11829 1701
152 1 1 2286 336 3311 504
153 1 4 2298 413 4110 619
154 0 10 2314 1 4 1
155 1 1 2331 713 7280 1069
156 1 18 2343 1 3 1
157 1 2 2361 1 11 1
158 0 1 2375 173 1650 259
159 1 6 2385 1360 14303 2040
160 1 41 2401 145 582 217
161 0 1 2420 1 9 1
162 0 2 2431 1 11 1
163 1 2 2446 1 9 1
164 1 1 2461 6 48 9
165 0 1 2473 7 56 10
166 0 3 2483 235 2276 352
167 0 2 2498 1 9 1
168 0 36 2512 1 4 1
169 0 3 2531 1 10 1
170 0 1 2546 805 8266 1207
171 0 2 2559 1 11 1
172 1 1 2573 5 40 7
173 0 3 2586 36 316 54
174 1 1 2601 81 743 121
175 0 6 2613 1 9 1
176 0 14 2629 137 548 205
177 0 2 2647 3 25 4
178 0 1 2661 1019 10578 1528
179 0 4 2672 32 279 48
180 0 11 2688 1 5 1
181 1 4 2705 7 56 10
182 1 6 2721 1 11 1
183 1 1 2738 1 9 1
184 1 5 2751 9 73 13
185 0 8 2767 50726 302365 76089
186 0 95 2784 2 6 3
187 1 2 2804 1 11 1
188 1 1 2819 153 1450 229
189 0 2 2832 10 81 15
190 1 1 2846 3 25 4
191 0 1 2857 389 3860 583
192 0 1 2869 60 542 90
193 0 2 2882 5 41 7
194 1 5 2896 2 17 3
195 1 2 2912 40977 496997 61465
196 0 1 2926 13648 158434 20472
197 0 11 2939 5 15 7
198 0 2 2956 203 1952 304
199 0 1 2970 69 628 103
200 0 1 2982 683 6960 1024
201 1 1 2995 1 11 1
202 1 8 3008 1 4 1
203 1 2 3025 43 381 64
204 1 1 3039 99 918 148
205 1 1 3051 5 41 7
206 0 4 3061 6234 70057 9351
207 0 7 3077 35 124 52
208 1 1 3094 14240 165593 21360
209 0 1 3107 3059 33346 4588
210 0 2 3119 4 33 6
211 0 1 3133 1 10 1
212 0 5 3145 1 9 1
213 0 9 3161 9 27 13
214 0 2 3178 94197 1179574 141295
215 0 2 3192 2 17 3
216 1 2 3206 1 9 1
217 1 2 3220 203 1952 304
218 0 4 3234 98 908 147
219 1 2 3250 11641 134260 17461
220 1 3 3264 23 197 34
221 0 4 3279 22 188 33
222 0 24 3295 1 3 1
223 1 5 3313 1 9 1
224 0 6 3329 1 10 1
225 0 1 3345 20244 238780 30366
226 1 2 3354 9694 110965 14541
227 1 2 3368 432 4309 648
228 1 1 3382 4 33 6
229 0 5 3395 1 10 1
230 1 5 3411 1 9 1
231 1 3 3427 5072 56504 7608
232 1 2 3442 6 48 9
233 1 25 3456 1 3 1
234 1 19 3475 1 4 1
235 0 4 3493 1 9 1
236 0 2 3509 841 8654 1261
237 1 5 3523 2 17 3
238 1 4 3539 61 551 91
239 1 5 3555 54824 672492 82236
240 0 2 3571 769 7880 1153
241 1 4 3585 1 9 1
242 1 1 3601 1 11 1
243 1 15 3614 171 696 256
