0 1 1 5 158 1500 237
1 0 1 8 1211 12670 1816
2 1 2 11 2 17 3
3 1 2 17 4464 49461 6696
4 1 3 23 77 293 115
5 0 1 30 25 215 37
6 1 2 36 174 1660 261
7 1 18 42 1 3 1
8 0 1 52 18 152 27
9 1 2 57 205 1972 307
10 1 1 63 26271 313108 39406
11 0 5 68 1 3 1
12 1 2 76 159 1510 238
13 1 1 83 111 1035 166
14 0 2 88 2037 21813 3055
15 1 3 94 1 6 1
16 1 1 101 63 570 94
17 0 1 105 2684 29092 4026
18 1 1 109 1523 16100 2284
19 0 2 115 61 551 91
20 1 3 121 3 25 4
21 1 3 128 792 3629 1188
22 0 2 136 102 947 153
23 1 2 143 12 99 18
24 1 1 149 7813 88636 11719
25 0 28 154 1 4 1
26 1 1 165 1 12 1
27 1 2 171 476 4769 714
28 1 3 178 9 27 13
29 1 1 186 7 56 10
30 0 1 191 1 9 1
31 1 2 195 2 17 3
32 1 1 202 25 215 37
33 1 14 207 5 15 7
34 1 2 217 10 81 15
35 0 4 223 319 1366 478
36 1 4 231 1 5 1
37 1 2 239 476 4769 714
38 1 1 246 632 6418 948
39 1 2 248 27312 326017 40968
40 1 8 255 1 4 1
41 1 4 264 182 745 273
42 0 1 272 16 134 24
43 1 4 275 2 6 3
44 1 3 283 126 1183 189
45 0 1 290 6632 74724 9948
46 1 9 295 1 3 1
47 0 14 304 3597 18288 5395
48 1 1 314 1 10 1
49 1 8 318 1 4 1
50 0 4 327 22 74 33
51 0 2 335 157 1490 235
52 1 1 342 52 466 78
53 0 20 348 4 13 6
54 1 2 359 2 17 3
55 1 2 366 1 10 1
56 0 10 373 227587 1469707 341380
57 0 8 383 135 539 202
58 1 6 392 1 4 1
59 1 2 401 44 391 66
60 1 1 407 919 9495 1378
61 1 10 413 1 5 1
62 1 11 423 241 1009 361
63 1 6 433 23 78 34
64 1 2 442 8407 95666 12610
65 1 2 449 21 179 31
66 0 4 455 2 7 3
67 1 2 463 27 233 40
68 1 4 469 36681 214709 55021
69 0 4 477 1 3 1
70 0 5 485 31099 180335 46648
71 0 14 493 1 3 1
72 0 2 503 1 9 1
73 0 1 509 1 9 1
74 1 1 514 7 56 10
75 0 4 518 155 626 232
76 1 13 526 1 4 1
77 1 6 536 1 5 1
78 1 3 545 483 2134 724
79 1 7 553 19 63 28
80 0 2 562 36 316 54
81 1 3 569 131 1232 196
82 0 1 576 2712 29409 4068
83 0 1 580 9 72 13
84 1 8 585 8 24 12
85 1 2 594 18 152 27
86 0 2 600 1 10 1
87 0 4 607 771 3526 1156
88 1 1 615 9 73 13
89 0 2 620 38 335 57
90 1 2 627 1 12 1
91 0 3 633 1 9 1
92 0 8 640 10734 58462 16101
93 1 1 649 46 409 69
94 0 2 654 1 9 1
95 0 3 660 4 12 6
96 1 2 667 751 7687 1126
97 0 3 673 990 4610 1485
98 0 7 680 1 3 1
99 0 5 689 198 816 297
100 0 3 697 1 4 1
101 1 1 704 5 40 7
102 1 1 708 173 1650 259
103 1 6 712 8 24 12
104 1 1 721 1 10 1
105 0 9 726 3 10 4
106 0 3 735 1 4 1
107 1 4 743 2 6 3
108 1 1 751 4 33 6
109 1 2 756 793 8137 1189
110 1 2 763 405 4027 607
111 0 1 769 2 17 3
112 0 1 774 57 513 85
113 0 3 780 953 9863 1429
114 0 2 787 1376 14479 2064
115 1 1 794 131 1232 196
116 0 1 797 59 532 88
117 0 4 799 3 10 4
118 1 4 807 9 27 13
119 0 2 815 1 12 1
120 1 2 821 187 1791 280
121 1 1 828 1 10 1
122 0 4 831 28 97 42
123 1 3 839 1 4 1
124 0 2 846 1 10 1
125 1 2 852 1 10 1
126 0 12 859 1 5 1
127 0 3 869 59 219 88
128 1 1 877 1 9 1
129 1 1 882 1001 10383 1501
130 1 1 885 10 81 15
131 0 1 890 5 40 7
132 0 2 893 2 17 3
133 1 2 899 4214 46576 6321
134 1 21 905 1943 9482 2914
135 1 1 916 8 64 12
136 0 5 921 12 38 18
137 1 1 929 1 10 1
138 0 8 934 11 34 16
139 0 3 943 1 3 1
140 0 1 950 1 12 1
141 0 3 954 150 1420 225
142 0 6 961 59 219 88
143 0 3 970 16 52 24
144 1 7 978 136 543 204
145 0 1 987 28 242 42
146 1 42 991 4228 21723 6342
147 0 5 1003 51 187 76
148 1 6 1011 2 6 3
149 1 1 1020 3 25 4
150 0 1 1024 2 17 3
151 0 1 1028 1 12 1
152 0 9 1031 1 4 1
153 1 4 1040 1432 6844 2148
154 0 3 1048 7 21 10
155 1 1 1055 23 197 34
156 0 1 1060 1 12 1
157 0 4 1065 46 167 69
158 0 2 1073 2 17 3
159 0 1 1080 1 10 1
160 1 2 1085 2 17 3
161 1 2 1091 43 382 64
162 1 1 1097 1 9 1
163 1 5 1101 2 6 3
164 1 3 1109 3 25 4
165 0 4 1116 1 3 1
166 1 2 1124 2 17 3
167 1 5 1131 1 3 1
168 0 17 1139 1 4 1
169 1 6 1149 1234 5837 1851
170 1 2 1158 29 251 43
171 0 9 1164 25 85 37
172 1 1 1173 822 8449 1233
173 0 1 1177 35 307 52
174 0 4 1183 2 7 3
175 1 4 1191 3692 18803 5538
176 1 5 1199 1 5 1
177 1 2 1207 2917 31733 4375
178 1 4 1214 2 7 3
179 0 1 1222 16425 192111 24637
180 1 8 1228 2 7 3
181 0 1 1237 404 4017 606
182 1 54 1242 9 27 13
183 1 5 1254 1 3 1
184 0 1 1262 38 334 57
185 0 8 1267 475 2096 712
186 1 3 1276 160 648 240
187 1 1 1283 4 32 6
188 1 1 1289 1 10 1
189 1 3 1294 2 17 3
190 0 1 1301 12 99 18
191 0 9 1306 144 578 216
192 1 2 1315 1 9 1
193 0 9 1322 4 12 6
194 0 2 1331 94485 1183317 141727
195 1 17 1338 47 171 70
196 0 4 1348 2 6 3
197 1 2 1356 99 918 148
198 0 1 1363 91400 1143246 137100
199 1 2 1367 1235 12933 1852
200 0 1 1373 29 251 43
201 0 2 1378 1525 16122 2287
202 1 2 1384 1 10 1
203 0 2 1390 7 56 10
204 1 10 1397 5049 26238 7573
205 0 6 1407 23 78 34
206 0 3 1416 1 3 1
207 0 4 1423 439 1926 658
208 1 9 1431 2 7 3
209 0 1 1440 1 9 1
210 0 1 1443 1 10 1
211 0 6 1447 665 3009 997
212 0 1 1456 141 1331 211
213 0 1 1462 1 10 1
214 0 4 1465 14 45 21
215 1 2 1473 22 188 33
216 1 3 1479 1 9 1
217 0 1 1486 20 170 30
218 1 4 1489 2 6 3
219 1 3 1497 1 11 1
220 1 4 1504 4 12 6
221 1 7 1512 7 21 10
222 1 7 1521 86 330 129
223 1 1 1530 17374 203672 26061
224 1 9 1535 1 4 1
225 1 4 1544 3016 15158 4524
226 1 4 1552 7 21 10
227 0 12 1560 7913 42299 11869
228 1 1 1570 1 8 1
229 0 1 1576 1 10 1
230 1 5 1580 1 5 1
231 1 8 1588 21 70 31
232 1 4 1597 737 3360 1105
233 1 2 1605 6 48 9
234 0 2 1611 413 4110 619
235 0 38 1618 2 6 3
236 0 1 1629 47 419 70
237 0 1 1634 1 9 1
238 1 7 1639 1 4 1
239 1 12 1648 1 4 1
240 1 1 1658 569 5749 853
241 0 2 1663 19 161 28
242 1 9 1670 602 2704 903
243 0 1 1679 5 41 7
244 0 3 1684 1729729 12331822 2594593
245 1 2 1692 89 820 133
246 0 4 1698 2570 12781 3855
247 1 2 1706 3 25 4
248 1 3 1713 16 52 24
249 0 2 1720 111 1035 166
250 1 4 1726 1 4 1
251 0 1 1734 2 17 3
252 0 15 1739 30 104 45
253 0 1 1749 6 48 9
254 0 3 1754 1 9 1
255 1 15 1761 56 207 84
256 1 2 1771 5 40 7
257 1 1 1778 9 72 13
258 1 1 1783 1 11 1
259 1 3 1787 23 78 34
260 1 8 1795 2799 13999 4198
261 0 4 1804 1 3 1
262 1 2 1812 2116 22697 3174
263 0 1 1819 1 10 1
264 1 12 1823 1 3 1
265 0 3 1833 1 5 1
266 1 2 1841 5 40 7
267 1 3 1848 1 10 1
268 0 5 1855 11 34 16
269 1 1 1863 1 11 1
270 1 2 1868 604 6120 906
271 0 3 1875 177 1690 265
272 0 2 1882 9 72 13
273 1 22 1888 1 5 1
274 1 2 1899 2983 32482 4474
275 1 1 1906 1 9 1
276 0 6 1911 1 4 1
277 0 3 1920 1 11 1
278 0 2 1927 37 325 55
279 0 2 1933 259 2520 388
280 1 4 1940 1 4 1
281 1 1 1948 1 9 1
282 1 4 1953 2 7 3
283 1 8 1961 1 4 1
284 0 4 1970 5 15 7
285 0 2 1978 10823 124452 16234
286 0 2 1985 277 2704 415
287 1 6 1991 2 7 3
288 0 2 2000 1 9 1
289 1 1 2006 1 12 1
290 1 11 2010 1 5 1
291 0 2 2020 1 10 1
292 0 3 2026 1 3 1
293 0 5 2033 299 1273 448
294 0 59 2041 396 1724 594
295 1 3 2053 1 5 1
296 0 2 2060 1 12 1
297 1 2 2067 1 10 1
298 1 4 2073 3 10 4
299 1 2 2081 1176 12287 1764
300 1 3 2087 59 219 88
301 0 2 2094 11 90 16
302 1 4 2100 4937 25619 7405
303 1 6 2108 83 318 124
304 0 6 2117 26 89 39
305 0 2 2126 1 8 1
306 0 1 2133 3 25 4
307 0 3 2138 1 4 1
308 0 5 2145 233 973 349
309 1 42 2153 1 5 1
310 1 1 2165 1 10 1
311 0 4 2170 4283 22024 6424
312 1 2 2178 1 9 1
313 0 8 2184 449 1973 673
314 0 6 2193 1 4 1
315 1 1 2202 2 17 3
316 1 5 2206 38 135 57
317 0 1 2214 1 10 1
318 1 4 2217 5 15 7
319 0 4 2225 1 4 1
320 1 1 2233 190 1821 285
321 0 2 2238 229 2215 343
322 1 1 2245 1 10 1
323 0 3 2250 20 67 30
324 1 2 2257 102119 1282677 153178
325 0 3 2264 1 10 1
326 0 1 2271 860 8858 1290
327 0 3 2277 9 27 13
328 1 32 2284 1 3 1
329 1 7 2295 55601 333113 83401
330 0 2 2304 1 9 1
331 1 1 2311 1 11 1
332 1 6 2315 239 1000 358
333 0 3 2324 1 4 1
334 0 5 2332 4 12 6
335 1 32 2340 80 305 120
336 0 1 2351 1 9 1
337 0 10 2356 169 687 253
338 0 15 2366 35 123 52
339 0 5 2376 1 5 1
340 1 1 2385 80 733 120
341 1 3 2388 1 3 1
342 0 15 2396 1 6 1
343 1 6 2406 13 41 19
344 1 7 2415 16 52 24
345 0 2 2424 28 243 42
346 1 14 2430 35 124 52
347 0 2 2440 1 10 1
348 0 5 2446 360 1555 540
349 0 3 2454 18927 222644 28390
350 0 1 2461 1 8 1
351 0 1 2465 7 56 10
352 0 1 2469 8 64 12
353 0 3 2475 61 227 91
354 1 2 2483 1 10 1
355 1 4 2490 1 3 1
356 0 3 2498 1 3 1
357 1 5 2506 1 4 1
358 1 3 2514 888 4103 1332
359 1 8 2521 26 89 39
360 0 3 2530 8 64 12
361 0 5 2537 1 6 1
362 1 1 2545 12 98 18
363 0 1 2549 5 40 7
364 0 2 2554 15 125 22
365 1 2 2560 24 206 36
366 0 1 2566 9 73 13
367 1 1 2571 1 12 1
368 1 3 2574 3 25 4
369 0 6 2581 1 5 1
370 0 2 2590 401 3985 601
371 1 4 2596 16 52 24
372 0 4 2604 1 5 1
373 1 4 2612 1 4 1
374 1 1 2620 124 1163 186
375 0 8 2625 1 3 1
376 1 2 2634 55285 678366 82927
377 0 1 2640 4 33 6
378 1 2 2645 1 9 1
379 1 16 2651 6271 33039 9406
380 1 6 2661 16 52 24
381 1 5 2670 1 3 1
382 0 4 2678 1 4 1
383 1 8 2686 4 12 6
384 1 3 2695 1 4 1
385 1 2 2702 2 17 3
386 0 15 2708 7933 42413 11899
387 1 1 2718 1 9 1
388 1 1 2721 398 3954 597
389 1 4 2726 1 5 1
390 0 7 2734 44278 261937 66417
391 1 15 2743 6 18 9
392 0 3 2753 26539 152499 39808
393 1 4 2760 4 12 6
394 1 7 2768 9 27 13
395 0 1 2777 5418 60527 8127
396 1 4 2782 1 4 1
397 0 3 2790 1 4 1
398 1 5 2798 1 4 1
399 1 1 2806 1 9 1
400 1 2 2811 1 10 1
401 1 4 2818 1 5 1
402 1 4 2826 1 4 1
403 1 3 2834 4 12 6
404 1 21 2841 7 21 10
405 0 11 2852 2 6 3
406 1 3 2862 147 591 220
407 1 1 2870 1 10 1
408 0 1 2875 4 33 6
409 1 2 2879 1 10 1
410 0 2 2886 1 9 1
411 1 2 2892 22 188 33
412 0 2 2899 1 9 1
413 0 9 2905 1 4 1
414 0 1 2914 3 25 4
415 0 1 2918 1 9 1
416 0 4 2921 148 596 222
417 1 11 2929 2178 10711 3267
418 1 2 2939 64 580 96
419 1 5 2946 1 3 1
420 1 4 2954 1 4 1
421 1 2 2962 1 13 1
422 0 4 2969 30 104 45
423 0 1 2977 1 10 1
424 1 8 2982 28 97 42
425 1 4 2991 1 3 1
426 1 2 2999 1 9 1
427 0 6 3006 3 10 4
428 0 3 3015 211 874 316
429 0 11 3022 8 24 12
430 1 2 3032 27 233 40
431 0 2 3038 1 8 1
432 1 7 3044 28 97 42
433 1 2 3053 1236 12943 1854
434 1 2 3060 1 10 1
435 0 3 3067 1215 5740 1822
436 0 1 3074 148 1400 222
437 0 3 3079 1 9 1
438 1 3 3086 23 78 34
439 0 2 3093 13 107 19
440 0 3 3100 1 4 1
441 1 5 3108 37 131 55
442 0 47 3116 17 56 25
443 0 1 3128 5 40 7
444 0 2 3133 1 9 1
445 0 5 3139 243 1018 364
446 1 35 3147 1 4 1
447 1 2 3158 2 17 3
448 0 4 3164 67 252 100
449 0 1 3172 1 11 1
450 0 11 3176 1 5 1
451 1 6 3186 1 5 1
452 0 5 3195 15441 85958 23161
453 1 1 3204 45191 550200 67786
454 0 3 3210 1 9 1
455 0 5 3217 1 3 1
456 1 2 3225 5619 62870 8428
457 0 7 3231 1307 6207 1960
458 1 1 3240 1 10 1
459 1 1 3245 1 12 1
460 0 4 3249 1 5 1
461 0 3 3257 1 9 1
462 0 2 3264 12664 146563 18996
463 1 1 3270 2953 32141 4429
464 0 2 3274 6 48 9
465 1 6 3281 69710 422861 104565
466 1 25 3290 9 27 13
467 0 1 3301 2173 23336 3259
468 1 2 3306 1 9 1
469 1 2 3313 1 10 1
470 0 17 3319 1 4 1
471 1 1 3329 1 9 1
472 1 21 3335 1 4 1
473 0 3 3346 198 1901 297
474 1 3 3353 638 6481 957
475 0 1 3360 88336 1103496 132504
476 0 6 3364 65 243 97
477 1 4 3373 12 38 18
478 0 5 3381 2208 10869 3312
479 0 7 3390 1 4 1
480 1 1 3399 8999 102693 13498
481 0 2 3404 1 10 1
482 1 3 3411 9 73 13
483 1 4 3418 1949 9514 2923
484 0 1 3426 1 13 1
485 0 6 3430 5 15 7
486 1 2 3439 2 17 3
487 0 1 3445 1 10 1
488 0 3 3450 58 523 87
489 0 4 3457 4 12 6
490 1 3 3465 1 3 1
491 0 6 3472 1 5 1
492 0 4 3481 16 52 24
493 0 1 3489 1 9 1
494 1 1 3492 1 9 1
495 0 2 3497 1 10 1
496 0 84 3504 3 9 4
497 0 9 3516 478 2110 717
498 1 4 3525 1 3 1
499 1 3 3533 7 21 10
500 0 12 3541 187 767 280
501 1 1 3551 1 8 1
502 1 57 3556 1 5 1
503 1 1 3568 1 9 1
504 0 1 3574 47 419 70
505 0 6 3580 17 55 25
506 1 2 3589 4 33 6
507 1 3 3595 1 3 1
508 1 3 3602 5 15 7
509 0 2 3610 1 10 1
