0 0 14 5 113 444 169
1 0 1 14 5 40 7
2 1 1 20 149 1411 223
3 1 3 26 1 9 1
4 1 1 34 57 513 85
5 1 5 41 202 1942 303
6 0 2 49 5382 60108 8073
7 0 1 56 1 9 1
8 1 2 62 88 811 132
9 0 4 69 575 5813 862
10 0 2 77 2 17 3
11 1 1 84 2 17 3
12 1 9 91 1 6 1
13 1 6 100 2 17 3
14 1 1 108 22 188 33
15 0 10 114 1 4 1
16 1 4 123 703 7174 1054
17 0 3 131 20830 245974 31245
18 0 2 139 254 2469 381
19 0 10 146 719 3272 1078
20 1 5 155 4469 49519 6703
21 0 30 163 10546 57377 15819
22 1 2 172 1 11 1
23 0 2 179 1 9 1
24 0 2 186 1 9 1
25 1 2 193 1 9 1
26 0 2 200 19 161 28
27 1 2 207 2 17 3
28 1 6 214 278 2715 417
29 1 30 222 62 231 93
30 0 5 231 58932 724897 88398
31 0 3 239 9 73 13
32 0 7 247 89 343 133
33 0 5 255 1 10 1
34 0 1 263 11 90 16
35 1 9 270 631 2844 946
36 1 1 279 251 2439 376
37 1 2 285 1 9 1
38 0 2 292 246 2388 369
39 1 3 299 1 10 1
40 0 2 307 4 33 6
41 0 6 314 174 1660 261
42 0 3 322 5900 66150 8850
43 0 1 329 268 2612 402
44 1 1 335 1 10 1
45 0 5 341 2 17 3
46 1 2 349 2 17 3
47 0 5 356 1 9 1
48 1 3 364 793 8137 1189
49 0 1 372 2 17 3
50 1 2 378 1695 18003 2542
51 1 2 385 1 15 1
52 1 7 392 7909 42276 11863
53 1 4 400 1 8 1
54 1 5 408 2190 23527 3285
55 1 8 416 1 4 1
56 0 1 425 1 9 1
57 0 4 431 1 10 1
58 0 3 439 2 17 3
59 1 3 447 28 243 42
60 0 2 455 3 25 4
61 1 3 462 1 10 1
62 0 2 470 1156 12069 1734
63 1 4 477 5 41 7
64 0 1 485 1 9 1
65 1 1 491 1 9 1
66 0 4 497 18 152 27
67 0 5 505 2 17 3
68 1 21 513 1 4 1
69 0 2 522 30453 365079 45679
70 0 8 529 78 297 117
71 0 1 538 1 11 1
72 1 3 545 204 1962 306
73 0 6 553 1 9 1
74 1 1 561 13398 155415 20097
75 1 3 567 1 9 1
76 1 6 575 24 206 36
77 0 5 583 56125 689074 84187
78 1 1 591 1 9 1
79 0 9 598 34 120 51
80 1 3 607 16 134 24
81 1 2 615 8 64 12
82 0 1 622 4 33 6
83 1 2 627 219 2114 328
84 1 2 634 15 125 22
85 1 5 641 1 10 1
86 1 6 649 1 10 1
87 1 18 657 1 4 1
88 1 2 666 12 98 18
89 0 5 673 15 125 22
90 0 2 681 2 17 3
91 1 3 688 1 10 1
92 1 1 696 1 10 1
93 0 10 702 634 2858 951
94 0 3 711 11 90 16
95 0 2 718 1 10 1
96 0 9 725 9 27 13
97 1 2 734 54 485 81
98 1 1 741 1 8 1
99 0 2 746 45 400 67
100 1 1 753 184 1760 276
101 0 1 758 779 7987 1168
102 1 3 764 1 11 1
103 1 1 772 4 33 6
104 0 14 778 1 4 1
105 1 2 787 5 40 7
106 0 2 794 581 5877 871
107 0 8 801 1 4 1
108 0 5 810 3 25 4
109 1 4 818 65 589 97
110 0 1 826 25 215 37
111 1 1 833 90 830 135
112 1 4 839 264 2571 396
113 0 7 847 1 3 1
114 0 15 855 1 4 1
115 1 5 864 3 25 4
116 1 5 872 1805 19225 2707
117 0 2 880 43 381 64
118 0 3 887 24 206 36
119 0 8 894 39 139 58
120 1 2 902 1 9 1
121 1 1 909 65 590 97
122 0 7 914 1 3 1
123 1 1 922 1 11 1
124 1 2 929 2787 30258 4180
125 1 2 936 88 811 132
126 0 6 943 1 12 1
127 1 3 951 1 11 1
128 1 13 959 5 15 7
129 1 3 968 20 170 30
130 1 2 976 2 17 3
131 1 5 983 4 33 6
132 0 4 991 1 11 1
133 1 1 999 1 10 1
134 0 2 1005 23 197 34
135 1 1 1012 67 609 100
136 0 1 1018 7441 84244 11161
137 0 4 1024 440 4392 660
138 1 7 1032 8 24 12
139 0 3 1040 24 206 36
140 0 1 1048 1 10 1
141 1 2 1055 21 179 31
142 1 1 1062 3 25 4
143 1 1 1069 1 10 1
144 0 7 1075 1 4 1
145 1 2 1083 238 2306 357
146 0 3 1090 7 56 10
147 0 5 1098 9 73 13
148 1 2 1106 1 9 1
149 0 2 1113 10 81 15
150 0 3 1120 8 64 12
151 1 3 1128 1 10 1
152 0 4 1136 22 188 33
153 0 1 1144 14 116 21
154 0 17 1149 1 5 1
155 1 1 1158 9 73 13
156 1 14 1164 3 9 4
157 0 4 1173 3077 33551 4615
158 0 4 1181 1 10 1
159 0 3 1189 1337 14051 2005
160 0 2 1197 1 9 1
161 1 1 1204 6 48 9
162 1 2 1210 1 10 1
163 1 2 1217 109 1015 163
164 1 3 1224 1 11 1
165 0 1 1231 101 937 151
166 1 8 1236 1 4 1
167 1 2 1244 1 10 1
168 1 3 1251 6 48 9
169 0 9 1259 51 187 76
170 0 5 1268 23 197 34
171 0 2 1276 1 10 1
172 0 4 1283 353 3487 529
173 1 1 1291 1 9 1
174 0 11 1296 1 4 1
175 0 2 1305 2 17 3
176 1 3 1312 5 40 7
177 0 6 1320 1502 15868 2253
178 0 1 1328 2 17 3
179 1 2 1334 1 11 1
180 1 4 1341 1 9 1
181 1 3 1349 25 215 37
182 0 1 1357 1 10 1
183 0 2 1361 42 372 63
184 1 3 1368 1 9 1
185 1 1 1376 146 1381 219
186 0 4 1383 765 7837 1147
187 0 2 1391 1 10 1
188 1 15 1398 1 4 1
189 0 3 1407 1 11 1
190 1 5 1415 86 791 129
191 0 2 1423 838 8621 1257
192 0 5 1430 13 107 19
193 0 2 1438 803 8245 1204
194 1 4 1445 2519 27228 3778
195 0 5 1453 356 3518 534
196 1 11 1461 5 15 7
197 0 38 1470 6437 33969 9655
198 1 3 1480 2473 26710 3709
199 0 1 1488 10703 123016 16054
200 1 2 1493 301 2950 451
201 1 6 1500 1 10 1
202 1 5 1508 1 10 1
203 0 23 1516 23 78 34
204 0 1 1525 1480 15625 2220
205 0 4 1532 1 9 1
206 1 7 1540 20 67 30
207 1 4 1548 2 17 3
208 0 3 1556 1 10 1
209 0 1 1564 23 197 34
210 1 3 1570 77 705 115
211 0 5 1578 94 869 141
212 1 9 1586 1 3 1
213 0 2 1595 180 1720 270
214 0 7 1602 14 45 21
215 0 2 1610 47 419 70
216 0 6 1617 421 4194 631
217 1 2 1625 27 233 40
218 0 2 1632 1 9 1
219 1 4 1639 1 11 1
220 1 4 1647 5 41 7
221 1 4 1655 5 41 7
222 1 2 1663 1 9 1
223 1 1 1670 349 3445 523
224 0 2 1677 9 73 13
225 0 1 1684 1 9 1
226 0 2 1690 634 6439 951
227 0 2 1697 1 9 1
228 0 1 1704 11430 131727 17145
229 1 1 1711 3 25 4
230 0 3 1716 292 2858 438
231 0 2 1724 8 64 12
232 0 2 1731 88 811 132
233 0 2 1738 9 72 13
234 1 2 1745 1 9 1
235 1 5 1752 152 1440 228
236 1 1 1760 5 40 7
237 0 1 1765 178 1700 267
238 0 7 1771 1 6 1
239 1 2 1779 1 10 1
240 1 1 1786 49 437 73
241 0 4 1793 7 56 10
242 1 1 1801 237 2296 355
243 0 9 1808 1 4 1
244 0 16 1817 1 5 1
245 0 1 1826 1 11 1
246 1 7 1832 9 27 13
247 1 2 1840 25 215 37
248 1 1 1847 1 9 1
249 1 1 1854 3 25 4
250 1 16 1861 18 59 27
251 0 14 1870 1 4 1
252 0 5 1879 24 206 36
253 0 1 1887 7 56 10
254 0 16 1894 49 179 73
255 0 1 1903 6 48 9
256 0 2 1908 7 56 10
257 0 1 1915 1031 10708 1546
258 0 1 1921 1 10 1
259 1 2 1927 1 10 1
260 1 3 1934 7 56 10
261 0 4 1942 1264 13250 1896
262 0 8 1950 1 4 1
263 1 7 1959 1 4 1
264 0 2 1967 3 25 4
265 1 40 1974 4 12 6
266 1 4 1984 1 10 1
267 1 1 1992 178 1700 267
268 1 3 1998 27 233 40
269 0 10 2005 122 483 183
270 1 1 2014 10 81 15
271 1 4 2021 9 73 13
272 1 1 2029 6 48 9
273 0 7 2035 12371 67960 18556
274 0 2 2043 10 81 15
275 1 3 2050 1 9 1
276 0 1 2058 12 99 18
277 0 3 2064 2 17 3
278 0 1 2072 8 64 12
279 0 3 2077 1 10 1
280 1 6 2084 1 13 1
281 0 2 2092 89 821 133
282 1 3 2099 2 17 3
283 0 1 2107 2210 23751 3315
284 1 3 2113 64 580 96
285 0 3 2121 1 11 1
286 1 1 2129 139 1312 208
287 0 25 2135 32 112 48
288 0 1 2144 1 12 1
289 1 3 2149 1 9 1
290 1 2 2157 1 9 1
291 1 5 2164 1 9 1
292 0 3 2172 2 17 3
293 1 3 2180 1 11 1
294 0 2 2188 3 25 4
295 1 1 2195 20 170 30
296 1 11 2200 787 3605 1180
297 1 4 2209 33261 400129 49891
298 1 1 2217 6 48 9
299 1 7 2223 8 24 12
300 0 1 2231 1 11 1
301 1 6 2236 189 1811 283
302 0 1 2244 4247 46956 6370
303 0 18 2249 1 5 1
304 0 1 2258 1 11 1
305 1 9 2264 9 27 13
306 1 2 2273 1 9 1
307 0 7 2280 630 2839 945
308 0 1 2288 40 353 60
309 1 1 2294 1 9 1
310 1 1 2301 76 695 114
311 1 3 2306 15 125 22
312 0 1 2313 1 9 1
313 1 3 2318 89414 1117475 134121
314 0 3 2326 4 33 6
315 0 1 2334 7661 86841 11491
316 0 4 2340 3 25 4
317 0 4 2348 1 10 1
318 0 3 2356 927 9581 1390
319 0 1 2364 1 8 1
320 1 5 2370 1 10 1
321 0 4 2378 11 90 16
322 1 12 2386 19 63 28
323 0 5 2395 1135 11840 1702
324 1 5 2403 2 17 3
325 0 2 2411 44 391 66
326 1 2 2418 1 10 1
327 1 1 2425 1 11 1
328 1 4 2431 3045 33187 4567
329 1 67 2439 5 15 7
330 1 1 2449 1 12 1
331 0 1 2455 52 466 78
332 0 3 2461 6 48 9
333 1 2 2469 1 9 1
334 1 3 2476 2 17 3
335 0 12 2483 5 15 7
336 0 1 2492 1 8 1
337 1 10 2497 4682 24214 7023
338 0 2 2506 193 1851 289
339 0 15 2513 133 530 199
340 0 3 2522 15974 186625 23961
341 0 7 2530 1 4 1
342 1 3 2538 27 233 40
343 1 3 2546 3 25 4
344 0 3 2553 274 2673 411
345 1 1 2561 1 9 1
346 1 2 2568 7 56 10
347 0 5 2575 3 25 4
348 0 1 2583 1650 17504 2475
349 1 2 2589 1 9 1
350 1 4 2596 11 90 16
351 1 3 2604 1 10 1
352 1 6 2612 3852 19672 5778
353 1 6 2620 1 3 1
354 0 1 2628 1 12 1
355 1 39 2635 21 70 31
356 1 3 2645 1 9 1
357 0 6 2653 4 33 6
358 1 2 2661 449 4486 673
359 1 25 2668 1487 7125 2230
360 0 7 2677 107 419 160
361 0 1 2685 5 41 7
362 1 2 2691 1 10 1
363 0 2 2698 18 152 27
364 1 18 2705 1944 9488 2916
365 0 2 2714 1 9 1
366 1 4 2721 1 11 1
367 0 2 2729 275 2684 412
368 0 2 2736 5 41 7
369 1 4 2743 4 33 6
370 1 5 2751 10 81 15
371 1 3 2759 1 10 1
372 0 10 2767 59324 356691 88986
373 1 16 2776 1 3 1
374 1 5 2785 1 10 1
375 1 2 2793 1 8 1
376 0 2 2800 1 10 1
377 0 8 2807 2 7 3
378 0 2 2815 47347 577493 71020
379 0 23 2822 8 24 12
380 0 1 2831 1 10 1
381 1 13 2835 10 31 15
382 1 1 2844 18 152 27
383 0 2 2850 98 908 147
384 0 24 2857 1 4 1
385 1 7 2866 5 15 7
386 1 3 2874 1 10 1
387 0 2 2882 1 8 1
388 0 3 2889 1 10 1
389 1 2 2897 436 4350 654
390 0 16 2904 12370 67954 18555
391 1 2 2913 1 9 1
392 0 1 2920 3 25 4
393 0 1 2926 1 9 1
394 0 3 2931 13600 157854 20400
395 0 9 2939 1 4 1
396 0 1 2948 119 1114 178
397 1 4 2955 18 152 27
398 1 7 2963 11 34 16
399 1 3 2971 1 9 1
400 1 1 2978 24 206 36
401 0 2 2983 6 48 9
402 0 1 2990 2 17 3
403 1 5 2994 1 8 1
404 0 2 3002 1 9 1
405 1 1 3009 124 1163 186
406 0 8 3015 1 4 1
407 1 1 3023 8 64 12
408 1 6 3028 8 64 12
409 1 1 3036 275 2684 412
410 0 3 3042 138 1301 207
411 0 4 3050 1 10 1
412 0 1 3058 2667 28900 4000
413 1 3 3065 1 12 1
414 0 4 3073 6 48 9
415 0 3 3081 8769 99961 13153
416 0 3 3088 59 532 88
417 1 15 3096 263 1109 394
418 1 18 3105 2408 11923 3612
419 1 4 3114 1 12 1
420 0 3 3122 3 25 4
421 0 2 3130 9 73 13
422 0 1 3137 1 8 1
423 0 2 3144 1 10 1
424 0 17 3151 19 63 28
425 1 5 3160 2 17 3
426 1 2 3168 6 48 9
427 0 3 3175 1 9 1
428 0 1 3183 3 25 4
429 1 5 3189 10 81 15
430 1 2 3197 59 532 88
431 1 5 3204 1 9 1
432 0 3 3212 4 33 6
433 0 44 3220 1 4 1
434 1 2 3230 1 10 1
435 1 4 3237 1 10 1
436 1 3 3245 16 134 24
437 0 7 3252 1 5 1
438 0 2 3260 1 10 1
439 0 4 3267 1 9 1
440 0 4 3275 2 17 3
441 0 3 3283 2 17 3
442 0 13 3290 41 147 61
443 1 4 3299 29 252 43
444 1 1 3307 5 41 7
445 1 10 3313 1 4 1
446 1 2 3322 4 33 6
447 1 2 3329 7094 80155 10641
448 1 1 3336 1469 15504 2203
449 1 1 3339 2268 24402 3402
450 1 1 3345 1 11 1
451 1 3 3351 1 14 1
452 1 7 3359 1 4 1
453 0 2 3367 5 40 7
454 1 2 3374 1 9 1
455 1 4 3381 827 8503 1240
456 1 5 3389 27 233 40
457 1 2 3397 120 1123 180
458 1 33 3404 1 4 1
459 0 1 3413 158 1500 237
460 0 6 3418 19 161 28
461 0 11 3426 17 55 25
462 1 1 3435 1 9 1
463 0 1 3441 1 9 1
464 1 3 3446 1 9 1
465 1 9 3453 1 5 1
466 1 2 3462 143 1351 214
467 0 3 3469 99 918 148
468 1 7 3477 199 820 298
469 0 4 3485 3 25 4
470 0 7 3493 1 4 1
471 0 4 3501 1 8 1
472 1 2 3509 1 9 1
473 1 3 3516 94 869 141
474 1 8 3524 64 239 96
475 1 3 3532 1 9 1
476 0 2 3539 2977 32414 4465
477 1 1 3546 180 1720 270
478 1 10 3552 31 108 46
479 1 3 3561 23 197 34
480 1 6 3569 53 475 79
481 0 4 3577 1 11 1
482 0 4 3585 34 297 51
483 1 2 3593 1 10 1
484 1 2 3600 79 724 118
485 0 3 3607 14 116 21
