0 0 6 5 1 8 1
1 0 8 13 1 3 1
2 0 3 21 1 13 1
3 1 3 29 32 279 48
4 0 1 37 127 1193 190
5 0 2 43 49 438 73
6 1 1 50 548 5527 822
7 1 1 56 1 8 1
8 1 1 62 602 6099 903
9 1 4 68 4148 45815 6222
10 1 1 76 10 81 15
11 1 1 82 9738 111490 14607
12 1 2 88 1 9 1
13 1 2 95 1 10 1
14 1 3 102 2 17 3
15 0 2 110 1 11 1
16 1 5 117 5121 57073 7681
17 1 5 125 444 4434 666
18 0 3 133 1 8 1
19 1 5 141 1 12 1
20 1 2 149 17 143 25
21 0 2 156 1 9 1
22 1 1 163 1 8 1
23 1 9 167 1 4 1
24 1 3 176 1 9 1
25 1 4 184 1 12 1
26 1 2 192 1 9 1
27 1 11 199 1 5 1
28 1 5 208 34 297 51
29 0 7 216 91 351 136
30 1 3 224 2 17 3
31 0 4 232 1 11 1
32 0 4 240 16 134 24
33 0 5 248 1 10 1
34 0 1 256 2 17 3
35 0 14 263 3146 15856 4719
36 0 2 272 1 10 1
37 0 1 279 100 927 150
38 0 3 285 294 2878 441
39 1 4 293 2 17 3
40 1 2 301 4 33 6
41 0 6 308 499 2210 748
42 1 3 316 62 561 93
43 0 1 324 6 48 9
44 1 6 331 241952 3137788 362928
45 0 2 339 19 161 28
46 0 1 346 1 10 1
47 0 4 352 80 733 120
48 0 3 360 4 33 6
49 0 1 368 1 12 1
50 0 2 374 29256 350174 43884
51 1 15 381 199 820 298
52 1 1 390 1 9 1
53 0 3 395 2655 28764 3982
54 0 2 403 7 56 10
55 1 3 410 4 33 6
56 0 6 418 1 11 1
57 0 2 426 2 17 3
58 0 3 433 6436 72424 9654
59 0 4 441 29 252 43
60 0 8 449 1 3 1
61 0 1 457 32190 386747 48285
62 0 2 463 5857 65647 8785
63 1 2 470 1 10 1
64 0 4 477 5 40 7
65 1 2 485 2 17 3
66 0 3 492 2361 25448 3541
67 0 51 499 2 6 3
68 1 5 509 1 10 1
69 0 3 517 60 542 90
70 0 2 525 3148 34359 4722
71 1 2 532 10843 124692 16264
72 1 3 539 2 17 3
73 1 2 547 1 9 1
74 1 2 554 4 33 6
75 1 4 561 2 17 3
76 0 4 569 185 1770 277
77 1 18 577 1437 6869 2155
78 0 1 586 601 6089 901
79 0 13 592 4 13 6
80 1 1 601 14 116 21
81 1 3 608 4 33 6
82 0 6 616 101 937 151
83 0 2 624 429 4277 643
84 0 17 631 806 3698 1209
85 1 61 640 5 15 7
86 1 2 650 13 107 19
87 1 2 657 11135 128190 16702
88 0 11 664 32 112 48
89 1 6 673 45 400 67
90 1 6 681 1 11 1
91 0 8 689 400 1742 600
92 1 21 698 1 3 1
93 1 5 707 41 363 61
94 0 4 715 1 10 1
95 0 15 723 1 4 1
96 0 2 732 37 325 55
97 1 2 739 11 90 16
98 1 1 746 1 9 1
99 1 3 752 14 116 21
100 1 1 760 210 2022 315
101 1 14 766 4 12 6
102 0 1 775 1 11 1
103 1 17 781 1 4 1
104 1 1 790 1100 11458 1650
105 1 7 796 1 4 1
106 0 2 804 150 1421 225
107 0 1 811 15 125 22
108 1 1 818 1 9 1
109 0 3 824 4 33 6
110 1 3 832 175 1670 262
111 1 2 839 1 11 1
112 0 1 846 2820 30632 4230
113 0 1 853 4 33 6
114 1 4 859 6 48 9
115 0 2 867 1 9 1
116 0 8 874 1 3 1
117 0 2 882 192 1841 288
118 0 4 889 4 33 6
119 0 4 897 1 12 1
120 0 1 905 1 9 1
121 1 2 910 3 25 4
122 1 1 917 1 8 1
123 1 1 924 3 25 4
124 1 9 930 3 9 4
125 0 2 939 1637 17360 2455
126 1 1 946 1 15 1
127 1 3 952 170 1620 255
128 0 5 960 9 73 13
129 1 4 968 50 447 75
130 1 5 976 5 40 7
131 1 1 984 17 143 25
132 1 2 988 614 6226 921
133 0 4 995 52 466 78
134 0 1 1003 311 3053 466
135 0 2 1009 1 9 1
136 0 10 1016 4 12 6
137 1 3 1025 13 108 19
138 0 2 1033 2 17 3
139 1 4 1040 3905 43020 5857
140 1 26 1048 5 15 7
141 1 9 1057 2432 12050 3648
142 1 1 1066 1 8 1
143 1 3 1073 11 90 16
144 0 1 1081 159 1510 238
145 1 9 1087 42 151 63
146 1 1 1096 1 10 1
147 0 7 1101 1 4 1
148 1 3 1109 1 9 1
149 0 13 1117 32 112 48
150 0 5 1126 1 8 1
151 1 1 1134 306 3002 459
152 0 3 1140 12 99 18
153 0 4 1148 1 11 1
154 0 11 1156 10217 55480 15325
155 0 3 1165 1 11 1
156 1 1 1173 39 344 58
157 0 2 1178 257 2500 385
158 0 10 1185 1 3 1
159 1 5 1194 1 11 1
160 1 5 1202 46 409 69
161 0 1 1210 1 12 1
162 0 3 1215 42 372 63
163 1 1 1223 2 17 3
164 0 3 1230 1 10 1
165 1 3 1238 43 381 64
166 1 2 1246 3 25 4
167 0 1 1253 1 9 1
168 0 4 1258 15 125 22
169 1 1 1266 293044 3826938 439566
170 0 1 1271 1 10 1
171 1 2 1277 3 25 4
172 1 2 1284 551 5559 826
173 1 5 1291 39 344 58
174 1 1 1299 1 10 1
175 0 6 1305 57 211 85
176 0 8 1313 1 4 1
177 0 1 1322 38 334 57
178 0 1 1328 21133 249696 31699
179 1 1 1334 51 456 76
180 0 3 1339 95 879 142
181 1 1 1347 17 143 25
182 0 3 1354 48 428 72
183 0 1 1362 14 116 21
184 0 17 1369 3 9 4
185 0 2 1378 1599 16940 2398
186 0 1 1385 1 10 1
187 0 2 1391 10 81 15
188 0 5 1398 2 17 3
189 0 4 1406 2 17 3
190 0 9 1414 1 4 1
191 0 2 1423 350 3456 525
192 1 4 1430 22 188 33
193 1 1 1438 2 17 3
194 1 1 1444 12 99 18
195 1 2 1449 1 10 1
196 1 3 1456 1 9 1
197 1 6 1463 128 1203 192
198 0 2 1471 1 9 1
199 1 3 1478 2 17 3
200 1 32 1486 100105 619233 150157
201 0 1 1495 5 41 7
202 0 2 1500 2 17 3
203 0 1 1507 3 25 4
204 1 3 1513 6 48 9
205 1 5 1521 1 9 1
206 0 3 1529 503 5053 754
207 0 4 1536 1 9 1
208 1 1 1544 32 279 48
209 1 7 1550 20 67 30
210 0 7 1558 54 199 81
211 1 2 1566 1416 14919 2124
212 1 4 1573 2 17 3
213 1 9 1581 4068 20849 6102
214 1 3 1590 575 5813 862
215 1 2 1598 270 2633 405
216 1 7 1605 14 45 21
217 0 3 1613 1 9 1
218 0 1 1621 1 9 1
219 1 2 1627 11794 136097 17691
220 1 6 1634 1 9 1
221 1 2 1642 4 33 6
222 1 7 1649 1 4 1
223 0 2 1657 2 17 3
224 1 2 1664 5282 58945 7923
225 1 3 1671 1 9 1
226 1 1 1678 3 25 4
227 0 2 1684 22 188 33
228 0 1 1691 27 233 40
229 1 2 1697 3 25 4
230 1 3 1704 788 8084 1182
231 1 1 1712 2 17 3
232 0 6 1719 1 4 1
233 1 3 1727 2 17 3
234 1 6 1734 25 215 37
235 0 9 1742 1 4 1
236 0 5 1751 18 152 27
237 1 2 1759 44 391 66
238 0 5 1766 1006 10437 1509
239 0 21 1774 239 1000 358
240 1 1 1783 31 270 46
241 1 9 1790 1 3 1
242 1 14 1799 1 6 1
243 0 22 1808 1 5 1
244 1 4 1817 35 307 52
245 1 37 1825 94 364 141
246 1 3 1834 29 252 43
247 1 7 1841 292 1241 438
248 0 6 1849 1 9 1
249 0 2 1857 1 10 1
250 1 8 1864 12 38 18
251 1 4 1873 23 197 34
252 1 2 1881 67 609 100
253 1 3 1888 76 695 114
254 0 12 1896 266 1123 399
255 1 5 1905 1 9 1
256 0 3 1913 1 8 1
257 0 17 1921 11147 60851 16720
258 0 2 1930 4 33 6
259 0 5 1937 117 1094 175
260 0 1 1945 2 17 3
261 1 1 1951 6770 76345 10155
262 1 2 1958 1072 11154 1608
263 1 1 1965 3 25 4
264 1 3 1972 1 9 1
265 0 1 1980 14691 171054 22036
266 0 1 1987 107 996 160
267 1 4 1991 131 1232 196
268 1 2 1999 2 17 3
269 0 2 2006 1 8 1
270 1 2 2013 1 9 1
271 1 10 2020 3 9 4
272 0 3 2029 1 8 1
273 0 2 2037 39 344 58
274 0 13 2044 1 4 1
275 0 3 2053 1 10 1
276 1 9 2061 1 4 1
277 0 4 2070 49 437 73
278 0 2 2078 30 261 45
279 1 3 2085 2 17 3
280 0 7 2093 1 4 1
281 0 1 2101 46 409 69
282 0 1 2107 15 125 22
283 0 6 2113 1 9 1
284 1 1 2121 5 40 7
285 0 4 2127 78 714 117
286 0 8 2135 3 9 4
287 1 4 2144 390 3871 585
288 1 1 2152 203 1952 304
289 0 6 2157 3 25 4
290 0 2 2165 1 10 1
291 0 9 2172 1 5 1
292 1 2 2181 63 571 94
293 1 1 2188 8 64 12
294 0 12 2194 1 5 1
295 1 6 2203 1 6 1
296 0 2 2211 1178 12309 1767
297 1 2 2218 1 9 1
298 0 2 2225 1 10 1
299 0 9 2232 1 5 1
300 0 3 2241 1 9 1
301 0 3 2249 2 17 3
302 1 2 2257 752 7698 1128
303 0 1 2264 263 2561 394
304 0 2 2270 1 10 1
305 0 1 2277 1 9 1
306 0 4 2283 7 56 10
307 1 5 2291 5 41 7
308 0 2 2299 100 928 150
309 1 1 2306 22619 267980 33928
310 0 1 2312 6 48 9
311 0 1 2319 1556 16464 2334
312 1 1 2326 1 10 1
313 0 5 2332 1 10 1
314 1 8 2340 86 330 129
315 0 1 2349 36 316 54
316 0 3 2354 26 224 39
317 0 2 2362 1 8 1
318 0 3 2369 1209 12648 1813
319 0 1 2377 1 9 1
320 0 3 2383 1 9 1
321 1 2 2391 17 143 25
322 1 1 2398 18 152 27
323 0 3 2404 1 11 1
324 0 3 2412 1 9 1
325 1 2 2420 1 9 1
326 1 19 2427 1 4 1
327 0 1 2436 1 10 1
328 0 1 2442 8 64 12
329 0 1 2449 26 224 39
330 1 5 2456 1 13 1
331 0 9 2464 2 6 3
332 1 10 2473 1 4 1
333 0 4 2482 559 5644 838
334 1 7 2490 1 4 1
335 0 1 2498 722 7377 1083
336 0 5 2505 2 17 3
337 1 5 2513 3 25 4
338 1 6 2521 494 2186 741
339 1 2 2529 59 532 88
340 1 1 2536 12 99 18
341 1 8 2543 3 9 4
342 1 1 2551 1 11 1
343 0 6 2557 1 9 1
344 1 8 2565 41 147 61
345 1 2 2573 21 179 31
346 0 1 2580 825 8481 1237
347 0 1 2585 1953 20875 2929
348 1 2 2589 184 1761 276
349 0 13 2596 169 688 253
350 0 12 2605 1 5 1
351 0 14 2614 598 2685 897
352 0 1 2623 1 10 1
353 0 14 2627 17 56 25
354 1 3 2636 1 9 1
355 0 1 2644 21 179 31
356 1 3 2649 263 2561 394
357 0 1 2657 20 170 30
358 1 1 2663 12 99 18
359 1 4 2669 1 9 1
360 0 3 2677 36 316 54
361 1 4 2685 91 840 136
362 1 78 2693 14 45 21
363 1 3 2703 573 5792 859
364 0 1 2711 1 10 1
365 1 10 2717 1 4 1
366 1 1 2726 162 1540 243
367 1 3 2731 6 48 9
368 0 3 2738 1 9 1
369 1 3 2746 2 17 3
370 1 1 2754 1 9 1
371 1 2 2759 261 2540 391
372 1 2 2766 179 1710 268
373 0 4 2773 44 391 66
374 1 1 2781 345 3404 517
375 0 57 2787 24009 137165 36013
376 0 1 2797 9 73 13
377 0 10 2803 3 10 4
378 0 1 2812 71 647 106
379 1 21 2818 6 18 9
380 0 3 2827 11 90 16
381 1 4 2835 1 9 1
382 1 8 2843 3 9 4
383 1 4 2852 1 9 1
384 0 2 2860 3 25 4
385 1 2 2867 16 134 24
386 1 5 2874 11 90 16
387 1 4 2882 4 33 6
388 1 3 2890 63 570 94
389 0 43 2898 1 4 1
390 1 2 2908 633 6428 949
391 0 2 2915 1 9 1
392 1 3 2922 463 4633 694
393 1 1 2930 1 10 1
394 0 4 2936 19 161 28
395 1 4 2944 525 5285 787
396 1 1 2952 10 81 15
397 0 2 2958 1 10 1
398 0 2 2965 289 2827 433
399 0 9 2972 1 4 1
400 0 1 2981 6 48 9
401 0 4 2988 1 11 1
402 1 12 2996 2 7 3
403 1 2 3005 20 170 30
404 1 3 3012 4 33 6
405 0 6 3019 1 9 1
406 1 7 3027 1 4 1
407 1 5 3035 2 17 3
408 0 4 3043 179 1710 268
409 1 5 3051 14 116 21
410 0 2 3059 18 152 27
411 1 1 3066 5 41 7
412 1 3 3071 1 9 1
413 0 3 3079 30 261 45
414 0 5 3087 177 1690 265
415 0 2 3095 3227 35259 4840
416 1 4 3102 1 9 1
417 0 1 3110 1 12 1
418 0 8 3117 168 683 252
419 1 7 3126 25 85 37
420 0 1 3134 87 801 130
421 1 2 3140 1 9 1
422 1 1 3147 1 11 1
423 0 11 3154 604 2714 906
424 0 1 3163 2097 22485 3145
425 0 10 3170 7 21 10
426 0 4 3179 228 2205 342
427 1 3 3187 1 11 1
428 1 1 3195 3 25 4
429 0 2 3201 2 17 3
430 1 2 3208 1 8 1
431 0 2 3215 7 56 10
432 0 1 3222 706 7206 1059
433 1 2 3229 10 81 15
434 0 4 3236 82456 1027356 123684
435 0 2 3244 1 9 1
436 1 7 3251 1 5 1
437 1 2 3259 37 325 55
438 1 10 3266 64 239 96
439 1 2 3275 2 17 3
440 0 1 3282 100 928 150
441 0 2 3288 158 1500 237
442 1 2 3295 1 11 1
443 0 11 3302 1 4 1
444 0 2 3311 4 33 6
445 1 1 3318 1 10 1
446 1 6 3324 1 4 1
447 1 1 3332 4745 52711 7117
448 1 2 3338 6187 69507 9280
449 1 1 3345 14806 172447 22209
450 1 4 3351 51 457 76
451 1 5 3359 218 2103 327
452 1 1 3367 1 8 1
453 1 3 3373 2 17 3
454 1 8 3381 1 3 1
455 0 4 3390 2637 28561 3955
456 1 5 3398 330 3249 495
457 1 2 3406 1 8 1
458 1 1 3413 228 2205 342
459 0 2 3419 29 252 43
460 0 2 3426 1 9 1
461 0 2 3433 1 9 1
462 1 2 3440 3672 40346 5508
463 0 22 3447 1 4 1
464 0 1 3456 1 10 1
465 0 3 3461 27 233 40
466 1 2 3469 79 724 118
467 1 16 3476 10 31 15
468 0 4 3485 9 72 13
469 1 12 3493 181 741 271
470 0 7 3502 1 5 1
471 0 1 3510 1 12 1
472 0 1 3516 14 116 21
473 1 10 3523 124 492 186
474 1 2 3532 1 9 1
475 0 6 3539 3496 38331 5244
476 0 1 3547 1 10 1
477 0 2 3551 10742 123483 16113
478 0 2 3558 1 11 1
479 1 4 3565 2 17 3
480 1 4 3573 2 17 3
481 1 1 3581 9614 110012 14421
482 0 8 3586 23 78 34
483 0 1 3594 1 11 1
484 0 1 3600 3 25 4
485 0 8 3606 3 10 4
