0 0 5 5 1 3 1
1 0 1 9 189 1811 283
2 1 1 12 14080 163656 21120
3 1 1 15 7579 85873 11368
4 1 2 18 115 1074 172
5 1 2 22 75 685 112
6 1 6 26 84 322 126
7 0 1 30 3 25 4
8 1 1 33 22 188 33
9 0 1 36 198 1901 297
10 1 1 39 2 17 3
11 1 4 42 1 3 1
12 0 2 46 1029 10686 1543
13 0 1 50 4 33 6
14 1 5 53 2 7 3
15 0 10 57 1 3 1
16 1 1 61 132 1242 198
17 0 3 64 63 235 94
18 1 1 68 6 48 9
19 1 13 71 1 5 1
20 1 6 75 41 147 61
21 1 7 79 1 4 1
22 0 1 83 18 152 27
23 0 2 86 1 10 1
24 1 3 89 1 4 1
25 0 5 93 1 3 1
26 1 2 97 1 9 1
27 1 8 101 1 4 1
28 0 59 105 1 3 1
29 0 11 110 1 4 1
30 0 1 114 13 107 19
31 1 15 117 1 5 1
32 1 3 121 1 10 1
33 1 6 125 1 4 1
34 0 5 129 72 272 108
35 0 4 133 1 5 1
36 1 4 137 1 5 1
37 1 6 141 1 4 1
38 0 4 145 5 15 7
39 1 7 149 2 6 3
40 0 3 153 1 9 1
41 0 5 157 47 171 70
42 0 10 161 76 289 114
43 1 12 165 17681322 139665086 26521983
44 1 5 169 10 31 15
45 0 4 173 1 3 1
46 1 1 177 1 11 1
47 1 1 180 12 99 18
48 0 2 183 1 9 1
49 0 5 187 11721 64180 17581
50 0 4 191 11 34 16
51 0 4 195 1317846 9276695 1976769
52 1 4 199 8 24 12
53 1 16 203 2 7 3
54 0 8 207 3 9 4
55 1 2 211 411 4089 616
56 0 2 214 1 11 1
57 0 1 217 1 9 1
58 0 3 220 1 10 1
59 1 3 224 2 17 3
60 1 2 228 1 11 1
61 0 13 232 2 7 3
62 0 1 236 994 10307 1491
63 0 8 239 244 1023 366
64 1 6 243 53643 320745 80464
65 1 3 247 77813 967374 116719
66 0 3 251 22 74 33
67 1 2 255 1 10 1
68 0 3 258 1 9 1
69 1 2 262 1 10 1
70 0 2 266 4 33 6
71 1 24 270 123 487 184
72 0 3 275 787 3605 1180
73 1 1 279 19 161 28
74 0 5 282 2 6 3
75 0 4 286 97 377 145
76 0 6 290 106 415 159
77 0 3 294 3 10 4
78 0 5 298 225 937 337
79 0 3 302 22 74 33
80 1 2 306 1 10 1
81 0 2 309 8 64 12
82 0 3 313 7 56 10
83 0 3 317 1 9 1
84 0 2 321 58774 722879 88161
85 0 8 325 2 7 3
86 0 4 329 63 235 94
87 1 5 333 3 9 4
88 0 4 337 14 45 21
89 1 1 341 1 11 1
90 0 1 344 159 1510 238
91 1 2 347 2 17 3
92 1 5 351 160 648 240
93 1 1 355 526 5295 789
94 1 1 358 1 9 1
95 1 4 361 1563 7515 2344
96 1 2 365 1 9 1
97 0 1 368 1 9 1
98 0 1 371 15824 184802 23736
99 0 2 374 11 90 16
100 0 13 378 24 82 36
101 1 9 382 1092 5121 1638
102 0 6 386 225 937 337
103 1 3 390 8 64 12
104 0 1 394 4 33 6
105 1 1 397 293 2868 439
106 0 3 400 168 683 252
107 0 12 404 7 21 10
108 0 2 408 575 5813 862
109 0 3 412 1 5 1
110 1 1 416 1 10 1
111 0 4 419 1 3 1
112 1 3 423 1 9 1
113 0 5 427 6 18 9
114 1 1 431 16 134 24
115 0 5 434 21 70 31
116 1 2 438 26 224 39
117 1 1 441 6 48 9
118 1 4 444 3 9 4
119 0 2 448 4 33 6
120 1 6 451 149 600 223
121 0 5 455 1 3 1
122 0 2 459 1 10 1
123 1 3 462 64 580 96
124 1 2 466 149 1411 223
125 1 1 470 1 9 1
126 0 10 473 1 4 1
127 1 1 477 16 134 24
128 0 1 480 5 41 7
129 0 3 483 1 8 1
130 1 3 487 140 561 210
131 1 1 491 26 224 39
132 0 2 494 155 1470 232
133 1 1 497 1 11 1
134 1 5 500 2110 10355 3165
135 0 1 504 1 11 1
136 1 1 507 1 9 1
137 0 3 510 1 4 1
138 1 2 514 1 9 1
139 1 4 518 2 7 3
140 1 7 522 92 355 138
141 0 4 526 12 38 18
142 0 11 530 379 1644 568
143 1 3 534 9 27 13
144 0 1 538 3216 35134 4824
145 0 1 541 1 11 1
146 1 1 544 27 233 40
147 1 3 546 575 2574 862
148 0 10 550 7913 42299 11869
149 1 6 554 75 285 112
150 0 1 558 271 2643 406
151 1 6 561 5 15 7
152 0 6 565 1 5 1
153 1 2 569 62 561 93
154 0 1 573 1 10 1
155 1 6 576 2 6 3
156 0 1 580 3343 36583 5014
157 1 1 583 125 1173 187
158 0 7 586 1 3 1
159 1 2 590 4 33 6
160 1 3 594 3757 19156 5635
161 1 17 598 81 309 121
162 1 1 603 85 782 127
163 1 2 606 15 125 22
164 1 20 610 3 9 4
165 1 2 615 1 9 1
166 1 2 618 85 782 127
167 0 5 622 40 143 60
168 1 2 626 409 4069 613
169 0 4 630 2 6 3
170 0 1 634 1 10 1
171 0 2 636 1 9 1
172 0 9 640 13 41 19
173 1 13 644 2 6 3
174 0 4 648 1 3 1
175 0 6 652 59 219 88
176 0 8 656 7998 42782 11997
177 1 5 660 9 27 13
178 1 6 664 2 7 3
179 0 21 668 58 215 87
180 1 1 673 13 107 19
181 0 2 676 23 197 34
182 1 1 680 170 1620 255
183 0 3 683 33 288 49
184 0 2 687 1 8 1
185 1 4 691 2 7 3
186 1 2 695 1 10 1
187 1 1 699 52 466 78
188 1 2 702 71 647 106
189 1 2 705 1 10 1
190 0 1 709 11634 134176 17451
191 0 3 712 2 7 3
192 1 5 716 48 175 72
193 1 2 720 5 40 7
194 1 8 724 98 381 147
195 1 4 728 1 4 1
196 1 2 732 94 869 141
197 1 2 735 1 11 1
198 1 14 739 1 3 1
199 1 4 743 8 24 12
200 0 9 747 1171 5518 1756
201 1 7 751 1 7 1
202 0 1 755 105 976 157
203 1 1 758 1 10 1
204 0 2 761 1 9 1
205 1 2 764 1 12 1
206 1 36 768 27 93 40
207 1 1 773 564 5697 846
208 1 1 776 1155 12058 1732
209 1 1 778 4 33 6
210 1 1 781 24 206 36
211 0 2 784 19 161 28
212 0 8 788 2 6 3
213 0 35 792 2033 9952 3049
214 0 4 797 95 368 142
215 1 11 801 4 12 6
216 1 1 805 1 9 1
217 1 2 808 1 11 1
218 0 1 811 68 618 102
219 0 4 814 4 13 6
220 1 6 818 62 231 93
221 0 4 822 36 128 54
222 0 18 826 197 811 295
223 1 2 831 829 8524 1243
224 1 2 834 1 10 1
225 1 13 837 1 3 1
226 0 7 841 174 710 261
227 1 1 845 1 9 1
228 1 2 848 465 4654 697
229 0 3 851 3643 40014 5464
230 0 6 855 36 127 54
231 0 1 859 52 466 78
232 1 2 862 1 9 1
233 0 1 865 1 9 1
234 1 1 868 402 3995 603
235 1 2 871 1306 13710 1959
236 0 1 875 198 1901 297
237 1 1 878 24 206 36
238 1 7 881 14 45 21
239 1 6 885 88 339 132
240 0 6 889 283 1200 424
241 0 2 893 77 705 115
242 0 2 897 33 288 49
243 0 6 901 1 3 1
244 1 1 905 9798 112205 14697
245 0 1 908 176 1680 264
246 1 2 911 2 17 3
247 1 3 914 29 101 43
248 1 1 918 7 56 10
249 0 3 921 1 4 1
250 1 11 925 8 24 12
251 1 1 929 4 33 6
252 0 2 932 474 4749 711
253 1 6 935 1 5 1
254 1 9 939 4 12 6
255 0 10 943 1 5 1
256 1 3 947 1 5 1
257 1 1 951 3 25 4
258 1 2 953 1 9 1
259 1 5 957 1 4 1
260 0 18 961 65 243 97
261 1 3 966 1 11 1
262 1 6 970 382 1658 573
263 1 13 974 36 128 54
264 1 3 978 553 5580 829
265 1 3 982 2489 12351 3733
266 1 2 986 8 64 12
267 1 6 990 9 27 13
268 0 3 994 1 3 1
269 0 4 998 1 4 1
270 1 2 1002 1 10 1
271 1 1 1006 7 56 10
272 1 1 1009 1 11 1
273 0 3 1012 1 5 1
274 0 2 1016 1 11 1
275 1 34 1019 1 4 1
276 1 1 1024 2518603 35453831 3777904
277 1 1 1027 3 25 4
278 0 3 1030 1 3 1
279 0 1 1034 95 879 142
280 0 1 1037 4 33 6
281 1 4 1040 1 3 1
282 0 3 1044 2 6 3
283 0 4 1048 7592 40479 11388
284 0 1 1052 1 10 1
285 1 4 1055 1 3 1
286 0 1 1059 3 25 4
287 0 1 1062 1 12 1
288 1 2 1065 1946 20797 2919
289 1 2 1069 227 2194 340
290 1 6 1072 1 4 1
291 0 3 1076 4 12 6
292 1 1 1080 17 143 25
293 0 1 1083 10 81 15
294 0 1 1085 25 215 37
295 0 5 1088 5811 30468 8716
296 0 2 1092 6 48 9
297 1 2 1096 186 1781 279
298 0 1 1100 4 33 6
299 0 1 1103 1 12 1
300 1 6 1106 2 7 3
301 0 6 1110 1 3 1
302 0 2 1114 1 12 1
303 0 2 1118 436 4350 654
304 0 1 1121 12 98 18
305 0 13 1124 5 15 7
306 1 1 1128 1 9 1
307 0 2 1131 5 40 7
308 1 1 1135 38 334 57
309 0 127 1138 26 89 39
310 0 1 1143 101 937 151
311 1 1 1146 3 25 4
312 1 2 1149 1 9 1
313 0 1 1153 1578 16707 2367
314 1 1 1156 26 224 39
315 0 2 1159 9 72 13
316 0 1 1162 3 25 4
317 1 8 1165 5 15 7
318 1 2 1169 1 11 1
319 0 2 1173 1 11 1
320 0 11 1177 1747 8464 2620
321 0 1 1181 5 40 7
322 0 8 1184 150 604 225
323 1 1 1188 1 9 1
324 1 3 1191 3 9 4
325 1 11 1195 2 6 3
326 1 2 1199 1 10 1
327 0 37 1203 1 3 1
328 0 2 1208 84 772 126
329 1 4 1212 4 12 6
330 1 3 1216 1 4 1
331 1 5 1220 28 97 42
332 1 4 1224 3130 15770 4695
333 1 3 1228 23 78 34
334 0 5 1232 1 4 1
335 1 5 1236 6 18 9
336 1 2 1240 1 10 1
337 1 5 1244 1 3 1
338 0 1 1248 26 224 39
339 1 2 1251 2453 26484 3679
340 1 6 1255 31 108 46
341 1 1 1259 897 9257 1345
342 1 2 1262 466 4665 699
343 1 2 1266 141 1331 211
344 0 2 1270 5 40 7
345 1 1 1273 6302 70854 9453
346 0 4 1276 1021 4765 1531
347 0 5 1280 1 3 1
348 0 6 1284 169431 1077594 254146
349 1 3 1288 126 500 189
350 0 3 1292 530 2358 795
351 0 3 1296 11 34 16
352 0 4 1300 39452 231880 59178
353 0 4 1304 1 4 1
354 0 2 1308 22476 266219 33714
355 0 18 1311 18 59 27
356 0 2 1316 154 1460 231
357 0 3 1320 530 2358 795
358 0 2 1324 4 33 6
359 1 13 1327 1 4 1
360 1 6 1331 1 5 1
361 0 1 1335 2475 26732 3712
362 1 3 1338 11 34 16
363 0 13 1342 1 4 1
364 1 4 1346 1 4 1
365 0 35 1350 1 4 1
366 1 3 1355 1 4 1
367 0 2 1359 191 1831 286
368 1 6 1362 13 41 19
369 1 4 1366 1 4 1
370 0 1 1370 1 13 1
371 1 10 1373 1 5 1
372 1 3 1377 3 10 4
373 1 4 1381 34 120 51
374 1 2 1385 17 143 25
375 1 2 1388 1 11 1
376 1 8 1392 1 5 1
377 0 3 1396 713 3243 1069
378 1 1 1400 1954 20886 2931
379 0 2 1403 1 9 1
380 1 2 1407 1 9 1
381 1 2 1411 17 143 25
382 0 3 1414 1 4 1
383 1 1 1418 1 9 1
384 0 3 1421 1 4 1
385 0 4 1425 173 705 259
386 1 6 1429 29200 168714 43800
387 1 7 1433 206 852 309
388 0 4 1437 31 108 46
389 0 3 1441 11 90 16
390 0 1 1445 2 17 3
391 1 7 1448 496348 3333455 744522
392 1 13 1452 1 4 1
393 1 3 1456 313 1338 469
394 1 14 1460 606 2723 909
395 0 9 1464 515 2286 772
396 0 1 1468 1 11 1
397 0 1 1471 3 25 4
398 0 1 1474 715 7302 1072
399 0 4 1477 29 100 43
400 0 4 1481 1 3 1
401 0 2 1485 2 17 3
402 0 1 1488 1 11 1
403 0 2 1490 1 9 1
404 1 11 1494 19 63 28
405 0 8 1498 153 617 229
406 1 17 1502 17 56 25
407 0 4 1507 14 45 21
408 1 3 1511 43 155 64
409 0 3 1515 50 183 75
410 1 21 1519 1 4 1
411 1 4 1524 4 13 6
412 0 1 1528 26 224 39
413 1 3 1531 35 124 52
414 1 1 1535 6 48 9
415 0 5 1538 12 38 18
416 1 1 1542 23 197 34
417 1 7 1544 123 487 184
418 1 6 1548 175 714 262
419 0 10 1552 1157 5448 1735
420 1 5 1556 5 15 7
421 1 4 1560 3 10 4
422 1 1 1564 9495 108594 14242
423 0 3 1567 1072 5020 1608
424 0 12 1571 88 339 132
425 0 1 1575 1 10 1
426 0 8 1578 1238 5857 1857
427 1 2 1582 463 4633 694
428 0 1 1586 209 2012 313
429 0 2 1589 1 11 1
430 0 1 1593 1 10 1
431 0 2 1596 2478 26766 3717
432 1 9 1599 2081 10203 3121
433 0 3 1603 1080 5060 1620
434 1 6 1607 445149 2973558 667723
435 1 4 1611 29 100 43
436 1 9 1615 5 15 7
437 1 9 1619 1 5 1
438 0 2 1623 43074 523447 64611
439 0 1 1627 1 9 1
440 0 2 1630 7 56 10
441 1 1 1634 1 11 1
442 0 1 1637 36 316 54
443 1 2 1640 4 33 6
444 0 3 1643 34838525 283013626 52257787
445 0 2 1647 6 48 9
446 1 1 1650 5863 65717 8794
447 0 4 1653 1 6 1
448 1 2 1657 1 11 1
449 1 3 1661 256 2490 384
450 0 1 1665 1 8 1
451 0 3 1668 1 9 1
452 0 2 1672 298 2920 447
453 0 3 1676 1 4 1
454 1 2 1680 1 11 1
455 0 3 1683 2 17 3
456 1 2 1687 7 56 10
457 1 1 1690 277 2704 415
458 1 3 1693 338 1453 507
459 1 8 1697 1 4 1
460 0 4 1701 1 4 1
461 1 2 1705 21 179 31
462 1 2 1709 7 56 10
463 0 11 1713 2656 13237 3984
464 1 4 1717 3 10 4
465 0 4 1721 9013 48568 13519
466 1 6 1725 1 5 1
467 1 2 1729 1 9 1
468 1 3 1732 1 10 1
469 1 8 1736 1 4 1
470 1 3 1740 4 12 6
471 0 3 1744 1 3 1
472 1 5 1748 13 41 19
473 1 1 1752 33 288 49
474 1 3 1755 361 3569 541
475 0 5 1759 67 252 100
476 0 4 1763 1 4 1
477 0 2 1767 17 143 25
478 0 1 1771 188 1801 282
479 0 4 1774 2551 12680 3826
480 0 12 1778 258213 1678277 387319
481 0 2 1782 1 10 1
482 1 1 1786 6 48 9
483 0 1 1789 1 10 1
484 1 6 1792 1 4 1
485 0 3 1796 2 7 3
486 0 6 1800 2 7 3
487 1 1 1804 662 6737 993
488 1 2 1807 4223 46680 6334
489 1 2 1811 61 551 91
490 1 2 1815 2 17 3
491 1 28 1818 20 67 30
492 1 12 1823 27 93 40
493 0 1 1827 12287 142024 18430
494 0 1 1830 4 33 6
495 1 2 1833 1 9 1
496 1 1 1837 1 11 1
497 0 10 1840 1287 6105 1930
498 0 18 1844 11 34 16
499 0 1 1849 1 9 1
500 0 3 1852 405 1766 607
501 1 2 1856 1133 11818 1699
502 1 5 1860 1 4 1
503 0 2 1864 1294 13579 1941
504 1 2 1868 535 5390 802
505 0 2 1871 1 11 1
506 0 5 1874 1 3 1
507 1 3 1878 1 4 1
508 0 1 1882 4 33 6
509 1 2 1885 64 580 96
510 0 8 1889 2 6 3
511 1 5 1893 4 12 6
512 0 5 1897 14 45 21
513 0 3 1901 12 38 18
514 1 2 1905 5 40 7
515 0 1 1909 5 41 7
516 1 1 1912 13554 157299 20331
517 0 1 1915 1 10 1
518 0 1 1917 10 81 15
519 0 1 1920 168 1600 252
520 0 1 1923 1 12 1
521 0 1 1926 1 9 1
522 1 1 1929 397 3944 595
523 0 1 1932 1 9 1
524 0 10 1935 19 63 28
525 1 50 1939 315 1347 472
526 0 10 1944 220 914 330
527 0 3 1948 4 13 6
528 1 1 1952 2 17 3
529 0 1 1955 234 2266 351
530 0 14 1958 1 4 1
531 1 1 1962 2584 27962 3876
532 1 1 1965 58 523 87
533 1 1 1968 2704 29319 4056
534 0 4 1971 1 6 1
535 0 1 1975 2 17 3
536 0 2 1978 4 33 6
537 1 1 1982 2 17 3
538 0 2 1985 1 9 1
539 1 2 1989 1 9 1
540 1 4 1992 169 687 253
541 0 16 1996 1 4 1
542 1 2 2001 11 90 16
543 0 2 2005 574 5802 861
544 1 2 2009 1 11 1
545 1 6 2013 2 6 3
546 0 2 2017 1 10 1
547 1 2 2020 137 1291 205
548 1 2 2024 4 33 6
549 0 4 2028 3028 15223 4542
550 0 7 2032 11 34 16
551 1 1 2036 65 589 97
552 1 4 2039 9 27 13
553 0 2 2043 1 11 1
554 1 1 2047 10 81 15
555 1 1 2050 2 17 3
556 0 2 2053 700 7142 1050
557 0 2 2057 2 17 3
558 1 2 2061 24 206 36
559 0 3 2065 9 73 13
560 1 2 2069 76 695 114
561 0 1 2072 44 391 66
562 0 3 2074 1 5 1
563 1 6 2078 9373 50629 14059
564 0 2 2082 4 33 6
565 0 3 2086 267 1127 400
566 0 3 2090 1 4 1
567 0 6 2094 33 116 49
568 1 1 2098 41625 505165 62437
569 1 1 2101 4 33 6
570 0 1 2104 60 542 90
571 1 4 2107 1 4 1
572 1 1 2111 1 9 1
573 0 1 2114 2865 31142 4297
574 1 1 2117 1 9 1
575 0 1 2120 962 9960 1443
576 1 3 2123 9 73 13
577 1 3 2127 314 1342 471
578 1 1 2131 1 12 1
579 0 1 2134 1 12 1
580 0 2 2137 17 143 25
581 1 3 2141 1 3 1
582 0 4 2145 1 4 1
583 0 2 2149 3 25 4
584 1 5 2153 17 55 25
585 0 7 2157 1 3 1
586 1 2 2161 1 9 1
587 1 5 2164 3 10 4
588 1 6 2168 1 4 1
589 0 3 2172 2 7 3
590 0 1 2176 1 12 1
591 1 1 2179 1425 15019 2137
592 1 3 2182 1 6 1
593 0 1 2186 1 10 1
594 1 1 2189 2904 31585 4356
595 1 5 2192 1 4 1
596 1 11 2196 10 31 15
597 0 1 2200 10650 122382 15975
598 1 7 2203 12 38 18
599 0 2 2207 17 143 25
600 0 3 2211 58 523 87
601 1 1 2215 1 10 1
602 0 3 2218 1 3 1
603 0 2 2222 64 580 96
604 1 4 2225 1 4 1
605 1 3 2229 18 59 27
606 1 1 2233 1 9 1
607 0 12 2236 354 1528 531
608 1 4 2240 1 4 1
609 0 5 2244 7 21 10
610 0 20 2248 55 203 82
611 0 16 2253 2 7 3
612 1 4 2258 12 38 18
613 1 14 2262 6 18 9
614 1 2 2266 1 9 1
615 1 1 2270 1 9 1
616 1 1 2273 5 40 7
617 0 2 2276 178 1700 267
618 0 11 2280 8 24 12
619 1 14 2284 6 18 9
620 1 9 2288 1 4 1
621 0 2 2292 1 10 1
622 1 2 2296 133 1252 199
623 1 2 2300 1 9 1
624 1 2 2303 946 9787 1419
625 1 3 2307 1 3 1
626 1 3 2311 1 5 1
627 1 6 2315 1 4 1
628 1 9 2319 121 479 181
629 0 4 2323 1 4 1
630 1 4 2327 3 9 4
631 0 1 2331 1 8 1
632 1 2 2334 2 17 3
633 0 2 2337 14 116 21
634 0 5 2341 13617 75237 20425
635 1 22 2345 21 70 31
636 1 8 2350 255 1073 382
637 1 1 2354 4 33 6
638 1 3 2357 2 17 3
639 1 2 2361 431 4298 646
640 0 3 2364 1 5 1
641 0 11 2368 1 3 1
642 1 1 2372 89 820 133
643 1 18 2375 94 364 141
644 0 4 2380 1033 4825 1549
645 0 2 2384 4 33 6
646 1 2 2388 3 25 4
647 1 16 2392 31 108 46
648 0 2 2396 3986 43951 5979
649 1 2 2400 4814 53511 7221
650 0 4 2403 1 3 1
651 1 2 2407 114 1064 171
652 1 5 2410 7 21 10
653 1 1 2414 1 11 1
654 0 4 2417 1269 6014 1903
655 1 45 2421 1 3 1
656 1 2 2426 1 9 1
657 0 4 2430 7 21 10
658 0 4 2434 250 1050 375
659 1 7 2438 5 15 7
660 0 4 2442 158 639 237
661 0 1 2446 2 17 3
662 0 4 2449 198 816 297
663 1 26 2453 3028 15223 4542
664 0 12 2458 23 78 34
665 0 5 2462 1 3 1
666 0 1 2466 8 64 12
667 1 1 2469 2 17 3
668 0 6 2472 23259 132636 34888
669 0 10 2476 6034 31713 9051
670 0 2 2480 14 116 21
671 0 3 2484 2 6 3
672 1 3 2488 260 2530 390
673 0 1 2492 1 10 1
674 0 4 2495 198 816 297
675 0 3 2499 1 4 1
676 1 1 2503 7 56 10
677 1 5 2506 1 4 1
678 1 2 2510 1 10 1
679 0 1 2514 2 17 3
680 0 1 2517 1 12 1
681 1 3 2520 1 4 1
682 1 17 2524 219 910 328
683 1 13 2529 1 3 1
684 1 4 2533 17 56 25
685 0 1 2537 15 125 22
686 1 4 2540 3 10 4
687 1 2 2544 1 11 1
688 1 2 2547 96 888 144
689 1 1 2551 2 17 3
690 1 3 2554 1 6 1
691 0 3 2558 115 453 172
692 0 5 2562 12 38 18
693 1 11 2566 1 4 1
694 0 6 2570 27 93 40
695 0 6 2574 2 7 3
696 0 2 2578 585 5919 877
697 0 5 2582 31015 179820 46522
698 0 3 2586 34 297 51
699 0 1 2590 9 73 13
700 0 4 2593 30 104 45
701 1 3 2597 1 5 1
702 0 6 2601 35 124 52
703 0 2 2605 1 10 1
704 0 3 2608 1 6 1
705 0 1 2612 2 17 3
706 0 1 2615 4326 47867 6489
707 0 26 2617 1 3 1
708 1 6 2622 131 522 196
709 0 17 2626 4 13 6
710 0 2 2631 3 25 4
711 0 1 2635 243 2357 364
712 1 3 2638 5208 58084 7812
713 1 5 2642 18931 106664 28396
714 0 2 2646 1 9 1
715 0 19 2650 12 38 18
716 1 20 2655 48 175 72
717 1 2 2660 220 2124 330
718 0 1 2663 1 10 1
719 0 4 2666 1 4 1
720 0 1 2670 2 17 3
721 1 2 2672 122 1144 183
722 1 1 2676 2 17 3
723 0 13 2679 1 4 1
724 0 1 2683 12 99 18
725 0 6 2685 535 2382 802
726 0 1 2689 1 10 1
727 1 1 2692 5 41 7
728 0 3 2695 3 10 4
729 0 2 2699 25 215 37
730 0 3 2703 146 587 219
731 1 1 2707 1 9 1
732 0 6 2710 5 15 7
733 1 2 2714 1 10 1
734 1 2 2718 1 9 1
735 0 3 2722 39 139 58
736 0 2 2726 3 25 4
737 1 7 2729 2 7 3
738 0 4 2733 1 4 1
739 1 2 2737 3 25 4
740 1 4 2740 20549 116339 30823
741 0 1 2744 371 3673 556
742 0 3 2747 137 1292 205
743 1 1 2751 1 9 1
744 0 1 2754 27 233 40
745 0 25 2756 9 27 13
746 0 3 2761 1 4 1
747 1 3 2765 12754 70193 19131
748 1 2 2769 177 1690 265
749 1 11 2773 1 6 1
750 1 6 2777 1 5 1
751 0 1 2781 1 9 1
752 0 7 2783 1 4 1
753 0 3 2787 1 4 1
754 0 2 2791 3823 42078 5734
755 1 12 2795 17 56 25
756 1 10 2799 3499 17758 5248
757 0 4 2803 1 5 1
758 1 7 2807 3 10 4
759 1 4 2811 1 4 1
760 1 3 2815 2 7 3
761 0 3 2819 17 143 25
762 1 3 2823 2 7 3
763 1 3 2827 1 3 1
764 0 2 2831 1 9 1
765 1 4 2834 1 4 1
766 1 3 2838 2 17 3
767 0 2 2842 16 134 24
768 0 2 2845 33 288 49
769 1 1 2848 1 12 1
770 0 2 2851 4750 52769 7125
771 0 6 2855 1 3 1
772 0 7 2859 16 52 24
773 1 1 2863 2 17 3
774 0 6 2866 1 6 1
775 1 2 2870 2 17 3
776 0 4 2874 1 4 1
777 0 1 2878 1 9 1
778 1 10 2881 1 4 1
779 0 3 2885 1 5 1
780 1 1 2889 115 1074 172
781 0 6 2892 1141 5367 1711
782 0 1 2896 2 17 3
783 0 4 2898 1 4 1
784 0 5 2902 1 5 1
785 1 7 2906 2 7 3
786 0 3 2910 9 27 13
787 0 1 2914 78076 970768 117114
788 0 1 2917 1 10 1
789 0 1 2919 3461 37931 5191
790 0 2 2922 1 10 1
791 1 24 2926 26 89 39
792 1 4 2931 1096 5141 1644
793 0 5 2935 96 372 144
794 1 1 2939 6605 74407 9907
795 0 5 2942 1 3 1
796 1 7 2946 15 48 22
797 0 1 2950 1 11 1
798 0 1 2953 12668 146611 19002
799 1 4 2956 43 155 64
800 0 4 2960 2 6 3
801 0 3 2964 78 297 117
802 1 2 2968 6 48 9
803 0 6 2972 19 63 28
804 1 22 2976 63 235 94
805 1 1 2981 20 170 30
806 1 4 2984 2 6 3
807 1 12 2988 7 21 10
808 0 14 2992 200 825 300
809 1 2 2996 367 3632 550
810 0 2 3000 1 11 1
811 1 3 3003 2 17 3
812 0 1 3007 1 9 1
813 0 3 3010 17 56 25
814 0 4 3014 8 24 12
815 0 1 3018 24 206 36
816 0 14 3021 13 41 19
817 1 2 3025 2 17 3
818 0 5 3028 1 4 1
819 1 4 3032 5 15 7
820 0 1 3036 2 17 3
821 1 1 3039 6 48 9
822 0 1 3042 5 40 7
823 0 3 3045 108 423 162
824 1 5 3049 1 3 1
825 1 1 3053 20 170 30
826 0 2 3056 17 143 25
827 0 2 3060 2 17 3
828 1 6 3064 1 4 1
829 0 1 3068 120 1123 180
830 0 3 3071 4 12 6
831 0 4 3075 547 2440 820
832 1 1 3079 1 9 1
833 0 1 3081 91 840 136
834 0 1 3084 1 11 1
835 1 4 3087 5 15 7
836 0 9 3091 138 552 207
837 0 3 3095 48 175 72
838 0 1 3099 1 10 1
839 1 3 3102 45 163 67
840 0 1 3106 1 9 1
841 0 22 3109 2 7 3
842 0 1 3114 2356 25392 3534
843 1 5 3117 413183 2749833 619774
844 1 1 3121 1 9 1
845 0 25 3124 1 4 1
846 0 2 3129 9 73 13
847 0 2 3133 3 25 4
848 0 8 3136 1 4 1
849 1 20 3140 369 1597 553
850 1 2 3145 68 618 102
851 1 10 3149 3 9 4
852 0 3 3153 2 17 3
853 0 26 3157 1 3 1
854 1 2 3162 1 10 1
855 0 2 3166 26767 319256 40150
856 1 2 3170 4 33 6
857 0 12 3173 1 3 1
858 1 2 3177 34 298 51
859 1 5 3181 1 4 1
860 1 2 3185 732 7484 1098
861 0 5 3189 6320 33313 9480
862 1 3 3193 3 9 4
863 0 8 3197 1 4 1
864 0 10 3201 4 12 6
865 1 1 3205 3 25 4
866 0 6 3208 24530 140316 36795
867 1 3 3212 165 670 247
868 0 4 3216 12055 66121 18082
869 0 3 3220 214 888 321
870 0 1 3224 113 1055 169
871 0 5 3227 2 7 3
872 0 1 3231 3769 41458 5653
873 0 1 3234 43 381 64
874 0 3 3237 4 13 6
875 0 6 3241 38 135 57
876 1 1 3245 1 9 1
877 1 5 3248 27 93 40
878 1 4 3252 84 322 126
879 0 3 3256 462 4623 693
880 1 3 3260 3 25 4
881 0 8 3264 2726 13609 4089
882 1 1 3268 1 10 1
883 0 8 3271 1 4 1
884 1 2 3275 1 11 1
885 1 2 3279 7 56 10
886 1 1 3283 1 10 1
887 0 2 3286 27 233 40
888 0 1 3290 1 9 1
889 1 13 3292 1 4 1
890 1 3 3296 116 1084 174
891 1 5 3300 43 155 64
892 1 2 3304 145608 1853361 218412
893 0 6 3308 322 1379 483
894 0 4 3312 154 622 231
895 0 3 3316 1 4 1
896 1 2 3320 440 4392 660
897 0 3 3323 1 4 1
898 1 1 3327 1 13 1
899 1 4 3330 4 12 6
900 1 3 3334 2 7 3
901 1 1 3338 91 840 136
902 1 2 3341 3 25 4
903 0 2 3345 1 9 1
904 1 10 3349 3 10 4
905 0 2 3353 4 33 6
906 0 16 3357 1 4 1
907 1 7 3361 195 802 292
908 1 2 3365 2 17 3
909 0 1 3368 7 56 10
910 1 5 3371 4 12 6
911 0 5 3375 65 244 97
912 1 4 3379 1 4 1
913 1 1 3383 7 56 10
914 1 4 3386 1 3 1
915 0 9 3390 45 163 67
916 0 15 3394 3 9 4
917 0 13 3398 1 3 1
918 0 1 3402 1 12 1
919 1 2 3404 1 9 1
920 0 2 3407 470 4706 705
921 1 1 3411 1 9 1
922 1 8 3414 580 2598 870
923 0 3 3418 1 3 1
924 1 28 3422 1 3 1
925 1 37 3427 1 4 1
926 0 1 3432 18255 214427 27382
927 1 18 3435 103 402 154
928 0 6 3440 1 3 1
929 1 1 3444 93 859 139
930 0 9 3447 1 4 1
931 0 7 3451 53 195 79
932 0 2 3455 2830 30746 4245
933 0 6 3458 2 7 3
934 1 3 3462 13 41 19
935 0 7 3466 1 4 1
936 1 8 3470 1 4 1
937 0 2 3474 17 143 25
938 0 5 3477 11 34 16
939 0 11 3481 3 10 4
940 0 11 3485 1 4 1
941 1 4 3489 1 4 1
942 0 1 3493 1 9 1
943 0 1 3496 50 447 75
944 0 2 3499 1 11 1
945 1 2 3503 2 17 3
946 1 1 3507 1 9 1
947 0 6 3510 12 38 18
948 1 1 3514 1802 19192 2703
949 0 1 3516 1 11 1
950 0 10 3519 9 27 13
951 1 1 3523 1929 20607 2893
952 0 21 3526 3 10 4
953 1 6 3531 6 18 9
954 1 1 3535 4 33 6
955 1 2 3537 1 9 1
956 1 3 3541 5 15 7
957 1 2 3545 3 25 4
958 0 15 3549 1 4 1
959 1 2 3553 4 33 6
960 0 3 3556 3 25 4
961 0 4 3560 87 334 130
962 1 5 3564 1 4 1
963 0 4 3568 1 4 1
964 1 4 3572 1 4 1
965 1 5 3576 1 4 1
966 1 1 3580 2 17 3
967 1 20 3583 1655 7989 2482
968 0 1 3588 1323 13897 1984
969 1 3 3591 45 400 67
970 0 2 3595 1709 18159 2563
971 1 4 3599 1 4 1
972 0 3 3603 3 9 4
973 0 7 3607 11297 61720 16945
