0 0 18 5 3 9 4
1 1 2 23 9 73 13
2 1 2 37 19070 224394 28605
3 1 2 51 246 2388 369
4 1 10 66 1 6 1
5 1 1 83 20776225 313199413 31164337
6 1 3 96 410 4079 615
7 1 3 111 2 17 3
8 0 1 126 5 40 7
9 0 4 139 426 4246 639
10 1 3 155 1 9 1
11 1 1 170 1 10 1
12 0 5 182 1 12 1
13 1 34 198 1 3 1
14 1 4 217 1 9 1
15 0 6 233 10350 118795 15525
16 1 4 249 41 363 61
17 0 3 265 1 9 1
18 0 3 280 385 3819 577
19 1 2 295 119 1114 178
20 0 2 309 2 17 3
21 1 8 322 2 7 3
22 1 1 339 1 9 1
23 1 2 352 1 9 1
24 0 6 366 60 542 90
25 0 8 383 22 74 33
26 0 5 400 138 1302 207
27 0 6 416 691 3135 1036
28 0 1 433 1 9 1
29 0 2 445 135 1272 202
30 0 1 459 130 1222 195
31 1 1 472 391 3881 586
32 0 2 484 68 618 102
33 0 1 498 517 5200 775
34 0 1 511 1 11 1
35 1 7 520 1 5 1
36 0 6 537 4 33 6
37 0 2 554 2 17 3
38 1 2 568 1 9 1
39 0 1 582 1 10 1
40 1 2 595 1 9 1
41 0 1 609 4 33 6
42 0 3 622 2 17 3
43 1 3 637 7 56 10
44 1 5 652 105 976 157
45 1 12 668 1 4 1
46 1 4 686 331 3260 496
47 0 5 702 4 33 6
48 0 11 718 1 5 1
49 1 3 735 108 1006 162
50 0 1 750 62 561 93
51 0 20 762 1 3 1
52 0 23 780 4 12 6
53 1 3 798 144 1361 216
54 0 1 813 127 1193 190
55 0 2 823 197 1891 295
56 1 2 837 1 10 1
57 0 5 851 1 8 1
58 1 1 867 1 11 1
59 1 3 879 1 9 1
60 1 4 894 20 170 30
61 0 2 910 177 1690 265
62 1 1 925 316 3105 474
63 1 7 938 1 4 1
64 1 3 955 2 17 3
65 1 1 971 159546 2037669 239319
66 1 2 983 575 5813 862
67 0 1 997 1 12 1
68 1 7 1010 68 256 102
69 0 4 1027 6956 78532 10434
70 0 5 1043 2 17 3
71 0 3 1059 257 2500 385
72 0 2 1074 920 9505 1380
73 0 1 1088 1 9 1
74 1 2 1100 305 2991 457
75 0 5 1114 174 1660 261
76 1 3 1130 9 72 13
77 0 2 1145 12 99 18
78 1 2 1159 1 11 1
79 1 4 1174 22 188 33
80 1 2 1190 1 10 1
81 1 1 1204 160 1520 240
82 1 5 1215 5 40 7
83 1 1 1231 14 116 21
84 0 2 1240 5 40 7
85 1 2 1255 22 188 33
86 0 4 1269 11 90 16
87 0 1 1285 99 918 148
88 0 1 1298 14 116 21
89 0 4 1311 3 25 4
90 0 1 1327 2 17 3
91 1 2 1340 124 1163 186
92 0 21 1354 1 3 1
93 0 1 1372 15 125 22
94 0 2 1385 62 561 93
95 1 1 1399 13258 153725 19887
96 0 6 1410 1 10 1
97 0 2 1426 1267 13283 1900
98 0 2 1441 1 11 1
99 0 19 1455 1 4 1
100 1 79 1473 1966 9602 2949
101 0 17 1493 1 4 1
102 0 6 1511 1 10 1
103 1 2 1527 9 73 13
104 0 5 1541 1027 10665 1540
105 1 1 1557 1 10 1
106 0 4 1568 1 11 1
107 1 1 1584 32 279 48
108 1 2 1595 13 107 19
109 1 1 1610 2 17 3
110 1 1 1621 1 11 1
111 1 10 1634 41 147 61
112 1 5 1651 13 107 19
113 0 1 1667 1 9 1
114 0 12 1679 1 3 1
115 0 2 1697 8 64 12
116 1 2 1711 2 17 3
117 0 2 1726 1 12 1
118 0 4 1740 1 9 1
119 0 2 1756 1 10 1
120 0 13 1770 37 131 55
121 0 7 1788 2 7 3
122 1 4 1805 5 41 7
123 0 3 1821 54 485 81
124 1 1 1836 1 9 1
125 0 1 1848 9 73 13
126 0 2 1858 3 25 4
127 0 4 1872 4 33 6
128 0 15 1888 1 4 1
129 0 2 1906 1 10 1
130 1 7 1920 1 4 1
131 0 3 1937 5 40 7
132 1 2 1952 7 56 10
133 1 4 1966 332 3270 498
134 1 6 1982 1 9 1
135 1 2 1998 124 1163 186
136 0 2 2013 88 811 132
137 0 15 2027 1 3 1
138 0 2 2045 1 10 1
139 1 21 2059 1 4 1
140 0 1 2077 2 17 3
141 1 4 2086 8 64 12
142 0 1 2102 2668 28911 4002
143 1 12 2112 16 52 24
144 1 4 2130 7951 90268 11926
145 1 3 2146 397 3944 595
146 1 13 2161 22 74 33
147 0 1 2179 3 25 4
148 1 2 2191 138 1301 207
149 0 11 2206 9 27 13
150 0 21 2223 7373 39240 11059
151 0 3 2241 101 937 151
152 0 1 2256 2 17 3
153 1 6 2268 2 17 3
154 1 3 2284 1 9 1
155 0 4 2299 11 90 16
156 1 9 2315 1 4 1
157 1 12 2332 26500 152262 39750
158 0 4 2350 1 9 1
159 1 5 2366 11 90 16
160 1 1 2382 322 3167 483
161 0 7 2395 1 4 1
162 1 3 2412 163 1550 244
163 1 1 2428 5 40 7
164 0 15 2439 118 466 177
165 0 2 2457 86 791 129
166 1 12 2472 6 18 9
167 0 5 2490 2 17 3
168 1 4 2506 1 9 1
169 0 4 2522 1 10 1
170 1 7 2538 83 318 124
171 1 3 2555 1 11 1
172 0 3 2570 144 1361 216
173 1 1 2585 20778 245335 31167
174 1 6 2597 6 48 9
175 0 2 2614 14 116 21
176 1 1 2628 1 9 1
177 1 6 2641 1 10 1
178 0 5 2657 1 9 1
179 0 4 2673 242 2347 363
180 1 26 2689 1 3 1
181 1 2 2708 5 41 7
182 1 1 2723 1 10 1
183 1 3 2736 43 381 64
184 0 2 2751 246 2387 369
185 1 2 2765 83 762 124
186 1 1 2780 96 889 144
187 0 7 2793 19 63 28
188 1 1 2810 2 17 3
189 1 3 2821 1 9 1
190 1 2 2836 5020 55900 7530
191 1 2 2850 1 10 1
192 0 8 2865 142 569 213
193 0 6 2882 2504 27059 3756
194 1 12 2899 63 235 94
195 0 2 2917 36 316 54
196 1 3 2932 4139 45712 6208
197 1 2 2947 28 242 42
198 0 13 2961 1 4 1
199 1 2 2979 9 72 13
200 0 2 2994 1 11 1
201 0 5 3008 35 307 52
202 0 1 3024 1 9 1
203 0 3 3036 1 9 1
204 0 1 3051 3 25 4
205 0 1 3064 2 17 3
206 1 1 3077 1 9 1
207 1 14 3088 1 4 1
208 0 3 3106 1 12 1
209 0 27 3121 1 4 1
210 1 4 3140 1 10 1
211 0 6 3156 1 9 1
212 0 2 3172 1 9 1
213 0 5 3187 3 25 4
214 1 2 3203 1062 11045 1593
215 0 2 3218 1 12 1
216 1 4 3232 1 11 1
217 0 1 3248 1 9 1
218 1 4 3258 298 2919 447
219 1 5 3274 119 1114 178
220 1 5 3290 473 4738 709
221 1 1 3306 26796 319616 40194
222 0 1 3319 1 9 1
223 1 2 3328 2 17 3
224 0 16 3342 162 657 243
225 0 4 3360 1 11 1
226 1 6 3376 1 9 1
227 0 2 3392 9 73 13
228 0 13 3407 410 1789 615
229 1 10 3425 7 21 10
230 1 1 3442 542 5464 813
231 0 2 3455 169 1610 253
232 1 1 3469 188 1801 282
233 1 2 3481 45 400 67
234 1 4 3495 1179 12320 1768
235 0 8 3511 25 85 37
236 0 2 3528 378 3746 567
237 0 4 3542 8 64 12
238 1 2 3558 1 9 1
239 1 2 3572 88 811 132
240 0 1 3586 10837 124620 16255
241 0 1 3599 1 10 1
242 0 1 3612 78 714 117
