0 0 4 5 1 9 1
1 0 2 13 1 10 1
2 0 1 19 47544 464554 71316
3 1 11 25 25 77 37
4 1 11 35 1 5 1
5 0 3 45 1 9 1
6 1 4 52 1 8 1
7 1 3 60 14 112 21
8 0 10 67 1 4 1
9 1 1 77 1811 19379 2716
10 0 23 82 25 129 37
11 1 3 93 263 2126 394
12 0 2 100 11721 104055 17581
13 1 2 106 1 10 1
14 1 1 112 498 5696 747
15 1 3 118 1883 19293 2824
16 1 10 125 14 57 21
17 1 1 135 23 208 34
18 1 2 139 1 12 1
19 0 7 146 114 426 171
20 1 4 155 367 4395 550
21 1 3 163 1 8 1
22 0 7 171 3 11 4
23 0 5 180 459 4518 688
24 0 2 188 1 10 1
25 1 3 195 1 8 1
26 1 9 202 6 19 9
27 1 1 211 19 185 28
28 1 2 214 20 185 30
29 0 3 220 19 172 28
30 1 2 227 11 98 16
31 0 1 233 1 8 1
32 1 1 239 478 3949 717
33 0 4 244 1 11 1
34 1 3 252 73 632 109
35 0 10 260 2 8 3
36 1 7 270 1437 4842 2155
37 0 1 279 103 830 154
38 0 1 285 2 17 3
39 0 3 288 471 4194 706
40 1 3 295 1 8 1
41 0 1 302 2 23 3
42 1 9 308 2 8 3
43 1 11 317 452 1634 678
44 1 2 327 37 353 55
45 1 1 334 1 8 1
46 1 1 339 1 8 1
47 0 2 342 1115 9085 1672
48 1 1 349 2 25 3
49 0 1 355 336 2811 504
50 1 3 360 1 9 1
51 1 2 367 3 30 4
52 0 8 373 1 4 1
53 0 2 382 239 2346 358
54 1 1 388 18 183 27
55 0 3 392 1 9 1
56 1 20 400 8 27 12
57 1 2 411 14 143 21
58 0 2 418 1 8 1
59 1 3 425 114 1066 171
60 0 1 432 1 9 1
61 1 37 436 1 3 1
62 1 4 447 313 2794 469
63 1 1 455 555 4443 832
64 0 1 461 135 1622 202
65 0 11 467 145 482 217
66 0 1 477 347 2914 520
67 1 5 481 1 8 1
68 1 5 489 1 8 1
69 1 2 497 1305 12110 1957
70 0 5 504 13295941 138907140 19943911
71 0 5 512 1 8 1
72 0 2 520 1 9 1
73 0 8 527 2 8 3
74 1 4 536 110 916 165
75 0 11 544 1 3 1
76 1 10 554 1027 3952 1540
77 1 2 564 56 454 84
78 1 21 571 2 6 3
79 1 3 582 1143 12091 1714
80 1 4 589 426 3483 639
81 1 3 597 1 9 1
82 0 6 604 835 2869 1252
83 0 1 613 203856 1958481 305784
84 1 3 618 59 646 88
85 0 15 625 48 220 72
86 0 1 635 65 565 97
87 0 3 640 1552 20377 2328
88 1 14 648 4 18 6
89 1 1 658 14 139 21
90 0 4 662 2 16 3
91 0 7 670 235 786 352
92 1 2 679 1 9 1
93 0 13 686 73 356 109
94 1 1 696 18187 146592 27280
95 1 3 700 27 254 40
96 0 2 707 11 89 16
97 0 1 714 63 567 94
98 1 2 719 1841 15516 2761
99 0 1 726 38 314 57
100 0 4 730 15 121 22
101 1 1 738 1 10 1
102 0 4 743 22893 228407 34339
103 1 2 751 1 8 1
104 0 3 758 274 2409 411
105 1 2 765 1 8 1
106 1 2 772 330 3555 495
107 0 4 778 1 8 1
108 1 6 786 5861 62502 8791
109 0 1 795 1 8 1
110 0 5 799 220479 1937719 330718
111 1 12 807 1 3 1
112 0 4 817 1 10 1
113 0 6 825 1313 14675 1969
114 1 3 834 957 7933 1435
115 1 13 841 1 3 1
116 0 2 851 164 1694 246
117 0 1 858 1 8 1
118 1 1 862 1468 14510 2202
119 1 1 867 4 37 6
120 1 3 873 11 103 16
121 1 1 880 1 12 1
122 1 8 885 350 1896 525
123 0 2 894 11 89 16
124 0 1 901 260 2331 390
125 1 2 905 5 49 7
126 0 1 912 41 354 61
127 1 3 918 33 286 49
128 0 1 926 58 506 87
129 1 3 931 1 8 1
130 1 6 938 7 61 10
131 0 8 947 1 3 1
132 1 2 956 17 154 25
133 1 26 962 579 2519 868
134 0 4 973 5 41 7
135 0 4 981 4 34 6
136 0 13 989 24 77 36
137 0 5 999 41 353 61
138 1 1 1007 1 10 1
139 1 3 1012 59 487 88
140 1 6 1020 1 10 1
141 1 2 1029 3 31 4
142 1 3 1035 334 3480 501
143 0 2 1042 2 19 3
144 0 2 1049 5 41 7
145 1 3 1055 35 330 52
146 1 2 1062 8589 87780 12883
147 0 1 1068 13 133 19
148 1 7 1073 1 6 1
149 1 1 1082 32045 275927 48067
150 0 1 1087 5 43 7
151 1 1 1092 6 59 9
152 0 1 1098 9519 96746 14278
153 1 2 1101 1 11 1
154 0 4 1108 1 8 1
155 1 45 1116 1 3 1
156 1 1 1128 52 541 78
157 1 11 1133 1 3 1
158 1 16 1143 5 23 7
159 1 17 1153 410854 1403122 616281
160 1 1 1163 39 446 58
161 0 2 1166 11096 98066 16644
162 1 2 1172 1 11 1
163 0 7 1178 1 3 1
164 1 4 1187 1 9 1
165 0 16 1195 11 44 16
166 0 23 1205 158 613 237
167 0 2 1216 18 157 27
168 1 68 1222 708 2996 1062
169 1 1 1234 1 8 1
170 1 2 1235 15 143 22
171 0 12 1241 1713 8440 2569
172 1 1 1251 1 9 1
173 1 3 1256 2 22 3
174 0 9 1263 61 221 91
175 0 1 1272 3 31 4
176 0 2 1275 7 56 10
177 0 4 1281 1 9 1
178 1 2 1289 14 143 21
179 1 2 1295 146 1255 219
180 1 9 1301 89 277 133
181 0 1 1310 1250 10537 1875
182 0 2 1315 4 43 6
183 1 12 1322 10353 36629 15529
184 0 4 1332 1 8 1
185 0 4 1340 1 9 1
186 0 2 1348 2 21 3
187 0 3 1355 7 73 10
188 1 2 1362 9 89 13
189 0 1 1369 1237 12862 1855
190 0 4 1374 1556 13175 2334
191 0 4 1382 378 3102 567
192 1 1 1390 3492 37479 5238
193 0 6 1395 275 2902 412
194 1 6 1404 938 5904 1407
195 1 4 1413 1 9 1
196 0 1 1421 1 8 1
197 1 2 1426 1 10 1
198 1 2 1433 22657 198974 33985
199 1 2 1439 35 335 52
200 1 2 1446 749 7457 1123
201 1 2 1452 1 9 1
202 0 2 1459 1828 15049 2742
203 1 6 1465 3 12 4
204 1 9 1474 2914 11516 4371
205 1 2 1483 6991 63660 10486
206 1 11 1489 99 545 148
207 0 3 1499 58338 492934 87507
208 1 2 1506 1 9 1
209 1 5 1513 3 28 4
210 1 3 1521 24 199 36
211 0 2 1529 9 93 13
212 1 28 1535 292 1414 438
213 0 9 1546 1013 3306 1519
214 1 2 1555 577 5938 865
215 0 6 1562 17 171 25
216 0 3 1571 2 16 3
217 0 1 1578 516 5251 774
218 1 7 1582 2 11 3
219 1 2 1591 3 26 4
220 0 2 1598 2 18 3
221 0 16 1604 1 3 1
222 1 1 1614 2 18 3
223 0 3 1620 6150 51357 9225
224 1 4 1628 1 13 1
225 0 12 1636 250 1021 375
226 1 1 1646 3 32 4
227 0 8 1650 3 17 4
228 0 1 1659 3 24 4
229 1 9 1663 467 2017 700
230 1 2 1672 3 28 4
231 0 2 1678 543 7177 814
232 1 4 1685 368 4155 552
233 1 5 1693 1 10 1
234 1 15 1701 1 3 1
235 0 2 1711 1 8 1
236 1 6 1717 28 232 42
237 1 1 1726 1 8 1
238 1 4 1729 18 144 27
239 0 2 1737 4 35 6
240 1 4 1743 1 9 1
241 0 3 1751 46 375 69
242 0 3 1758 44254 450727 66381
243 0 6 1765 652 6359 978
244 1 4 1774 3 32 4
245 0 8 1782 1 3 1
246 1 6 1791 7 26 10
247 0 2 1800 1 9 1
248 1 2 1806 997 9043 1495
249 1 11 1813 202 796 303
250 1 7 1823 15 50 22
251 1 2 1832 7 68 10
252 0 2 1838 734 7547 1101
253 1 3 1844 5103 41517 7654
254 1 5 1851 38 418 57
255 1 1 1859 1 11 1
256 1 1 1864 1 8 1
257 1 1 1869 978 8798 1467
258 0 2 1872 1 8 1
259 0 8 1879 122 547 183
260 1 1 1888 1 10 1
261 1 3 1893 2 16 3
262 0 2 1900 32 286 48
263 0 4 1906 18 182 27
264 1 3 1914 1 8 1
265 0 1 1922 1 8 1
266 0 14 1927 266 846 399
267 0 6 1937 235 2130 352
268 1 2 1946 50 411 75
269 0 3 1952 2 18 3
270 0 8 1959 1 4 1
271 1 5 1968 1 10 1
272 1 12 1976 2 6 3
273 1 4 1986 183 2269 274
274 0 3 1994 10030 105058 15045
275 0 3 2001 10 95 15
276 1 2 2008 43 445 64
277 0 3 2015 3 26 4
278 0 3 2023 53 515 79
279 0 9 2031 1 3 1
280 1 20 2040 1 3 1
281 0 15 2051 89 282 133
282 0 3 2061 1 11 1
283 0 2 2068 3 24 4
284 0 1 2075 5 43 7
285 1 1 2078 6 58 9
286 1 4 2083 1 8 1
287 0 4 2091 6 55 9
288 1 8 2099 1 4 1
289 0 2 2108 7 78 10
290 0 2 2114 100 921 150
291 0 15 2121 717 2526 1075
292 1 3 2131 1 8 1
293 0 23 2138 12 36 18
294 0 2 2149 677 6187 1015
295 1 1 2155 65119 592004 97678
296 1 1 2157 2 20 3
297 0 3 2161 1 9 1
298 0 5 2169 1 8 1
299 1 4 2177 11 105 16
300 1 1 2185 3 30 4
301 0 3 2191 7 67 10
302 1 5 2198 1 9 1
303 0 1 2206 1 10 1
304 0 2 2211 4 34 6
305 1 1 2217 94 999 141
306 1 4 2222 5 58 7
307 1 9 2230 67 287 100
308 1 1 2239 1 10 1
309 1 3 2244 17 223 25
310 1 2 2251 3 29 4
311 0 2 2258 9 80 13
312 1 4 2265 33 292 49
313 1 1 2273 2426 20516 3639
314 0 2 2277 1 9 1
315 1 1 2284 1 10 1
316 0 1 2289 1 9 1
317 0 3 2294 2906 24430 4359
318 0 4 2301 1 8 1
319 1 7 2309 2 9 3
320 1 3 2318 59 550 88
321 0 34 2325 1 4 1
322 0 35 2336 1 4 1
323 1 11 2347 1 5 1
324 1 4 2357 1 8 1
325 1 1 2365 17 146 25
326 1 18 2369 36947 114504 55420
327 1 2 2379 459 5052 688
328 1 2 2385 1 8 1
329 0 1 2392 1 10 1
330 0 4 2396 339 3044 508
331 1 2 2404 1 8 1
332 1 3 2410 33868 331011 50802
333 0 2 2417 6 66 9
334 1 2 2423 3984 38856 5976
335 0 4 2429 78311 672375 117466
336 1 7 2437 27 111 40
337 0 3 2446 3693 34137 5539
338 0 8 2454 1 3 1
339 0 4 2463 1 8 1
340 1 2 2471 77 681 115
341 0 1 2477 2 17 3
342 0 2 2481 2353 21498 3529
343 0 3 2487 1 9 1
344 1 2 2494 793 7219 1189
345 0 9 2501 1 4 1
346 0 2 2510 9 73 13
347 1 10 2516 101 469 151
348 1 2 2526 13 111 19
349 1 2 2533 2 17 3
350 1 9 2540 31769 141150 47653
351 0 2 2549 4 45 6
352 1 14 2555 901 4389 1351
353 0 5 2565 1 10 1
354 1 1 2573 11610 122667 17415
355 1 6 2578 3 29 4
356 0 5 2587 1 9 1
357 0 4 2595 2 17 3
358 0 5 2603 1 8 1
359 1 1 2611 1 8 1
360 0 2 2616 1162 9699 1743
361 0 2 2622 32135 257106 48202
362 0 4 2628 82 675 123
363 1 2 2636 1 8 1
364 1 17 2642 3971 17848 5956
365 1 1 2652 113 945 169
366 1 2 2657 1 9 1
367 1 1 2664 253 2117 379
368 0 2 2669 1 11 1
369 1 3 2675 14 119 21
370 1 3 2683 6 66 9
371 0 2 2690 2625 21768 3937
372 0 1 2697 10 87 15
373 0 12 2702 15 65 22
374 0 1 2712 10 115 15
375 0 4 2717 127 1451 190
376 1 1 2725 1 10 1
377 0 20 2730 1 4 1
378 0 11 2741 50 289 75
379 0 5 2751 77 758 115
380 0 2 2759 9 83 13
381 1 1 2765 4 33 6
382 0 12 2771 17 77 25
383 0 2 2781 1 10 1
384 0 4 2788 5 52 7
385 0 6 2796 2359 22550 3538
386 1 22 2805 1 4 1
387 0 4 2816 219 1950 328
388 1 4 2824 918 8215 1377
389 1 6 2832 2 20 3
390 1 3 2841 1 11 1
391 1 4 2849 1 8 1
392 0 1 2857 2 16 3
393 1 9 2863 1 4 1
394 1 3 2872 1 9 1
395 0 1 2879 1 8 1
396 0 3 2885 195 1825 292
397 1 1 2893 19 155 28
398 0 1 2899 531 5954 796
399 1 1 2904 1 9 1
400 1 4 2910 1 11 1
401 1 5 2918 1 8 1
402 0 9 2926 71 305 106
403 1 2 2935 115 999 172
404 1 1 2942 1 12 1
405 1 5 2947 66 642 99
406 1 2 2955 79647 689969 119470
407 1 1 2962 25 282 37
408 0 6 2965 1 4 1
409 1 1 2974 1 10 1
410 0 8 2978 5 20 7
411 0 1 2987 32 294 48
412 1 2 2993 1 8 1
413 0 1 2999 26 320 39
414 0 4 3004 120 1117 180
415 0 7 3012 236 864 354
416 0 3 3021 5403 55362 8104
417 0 8 3028 1 5 1
418 1 6 3037 4738 70548 7107
419 0 1 3046 16 138 24
420 1 2 3051 1 8 1
421 1 2 3058 788 10251 1182
422 1 1 3064 27 233 40
423 0 1 3069 7 63 10
424 0 5 3074 8 64 12
425 0 1 3082 8 112 12
426 0 2 3085 1 9 1
427 1 2 3091 26254 270221 39381
428 0 2 3097 218 1757 327
429 0 2 3103 91 798 136
430 1 10 3109 87 303 130
431 1 4 3119 8 108 12
432 1 1 3127 8 98 12
433 0 6 3132 1 9 1
434 1 48 3141 287 1351 430
435 1 3 3153 52 429 78
436 1 9 3160 1 3 1
437 1 9 3169 22 98 33
438 0 6 3178 3 24 4
439 1 10 3187 2 10 3
440 0 8 3197 29 118 43
441 0 3 3206 2 22 3
442 1 1 3214 42 400 63
443 0 2 3218 3 26 4
444 1 4 3225 62 646 93
445 0 3 3233 1287 13310 1930
446 1 6 3240 1 11 1
447 1 3 3249 491 3936 736
448 1 2 3256 1 8 1
449 1 1 3263 1 9 1
450 1 2 3268 35 302 52
451 1 2 3275 48 470 72
452 0 2 3282 129 1109 193
453 1 2 3289 1 12 1
454 0 4 3295 1 8 1
455 0 2 3303 1 10 1
456 0 1 3310 1 8 1
457 1 2 3314 8 64 12
458 0 2 3320 5590 44764 8385
459 0 4 3326 2 20 3
460 1 2 3334 604 6263 906
461 1 4 3340 549 5074 823
462 1 1 3348 589 6022 883
463 1 9 3353 4 13 6
464 1 1 3362 364 3754 546
465 0 23 3368 8 38 12
466 0 1 3379 3 30 4
467 1 8 3383 3 9 4
468 0 6 3392 12 106 18
469 1 2 3401 1 10 1
470 1 2 3408 1 9 1
471 1 1 3414 139531 1453688 209296
472 1 1 3419 359 3436 538
473 1 3 3425 543 4455 814
474 0 3 3432 18644 150264 27966
475 1 1 3439 1 8 1
476 0 1 3444 1 8 1
477 0 11 3449 71 368 106
478 0 1 3459 1 10 1
479 1 2 3461 182 1992 273
480 1 1 3468 3 29 4
481 1 3 3472 23 218 34
482 1 13 3479 500 2375 750
483 0 3 3489 1 8 1
484 1 5 3496 22 201 33
485 0 4 3504 31 250 46
486 0 5 3512 22 198 33
487 0 3 3520 1 10 1
488 1 8 3527 4 19 6
489 1 2 3536 1 11 1
490 0 3 3543 98 838 147
491 1 3 3551 1 9 1
492 1 8 3558 72 301 108
493 0 1 3567 24 197 36
494 1 2 3571 1 11 1
495 0 2 3578 1 10 1
496 1 2 3584 210 1749 315
497 0 4 3590 8652 86630 12978
498 1 1 3598 1 11 1
499 1 2 3603 3296 34609 4944
500 0 3 3609 51 528 76
