0 0 4 5 1 8 1
1 1 6 13 1 4 1
2 0 3 22 89 821 133
3 0 4 29 1 12 1
4 1 3 37 6 48 9
5 0 1 44 5079 56585 7618
6 0 2 50 10 81 15
7 0 16 56 3 9 4
8 0 4 66 1 11 1
9 0 2 74 263 2561 394
10 1 2 81 512 5148 768
11 0 2 88 7824 88766 11736
12 1 2 94 602 6099 903
13 0 2 101 4589 50905 6883
14 0 6 107 3 25 4
15 1 9 116 2 6 3
16 0 2 125 27 233 40
17 0 9 131 1 4 1
18 1 11 140 452 1987 678
19 0 26 150 5 15 7
20 1 1 161 6525 73468 9787
21 1 7 164 1 3 1
22 1 1 173 1 9 1
23 1 3 178 3 25 4
24 1 1 185 1 11 1
25 0 13 190 23841 136149 35761
26 1 2 200 1 10 1
27 1 3 206 296 2899 444
28 0 12 214 541 2411 811
29 1 4 224 5 40 7
30 0 3 232 1 12 1
31 1 2 240 7091 80120 10636
32 1 5 247 1 9 1
33 0 2 255 241 2337 361
34 0 1 261 8 64 12
35 0 3 266 2 17 3
36 0 3 273 2588 28007 3882
37 0 3 280 1601 16962 2401
38 0 5 287 7 56 10
39 0 1 295 6715 75699 10072
40 1 3 300 128 1203 192
41 0 25 307 1483 7105 2224
42 0 2 318 27519 328586 41278
43 1 2 324 1 9 1
44 1 32 331 17 55 25
45 0 24 342 356 1537 534
46 0 3 353 2 17 3
47 1 2 360 2961 32232 4441
48 1 2 366 61 551 91
49 0 2 372 1 10 1
50 0 1 378 19 161 28
51 1 10 382 22 74 33
52 1 2 391 1 12 1
53 1 3 397 567 5728 850
54 0 2 404 2 17 3
55 1 1 411 2 17 3
56 0 3 416 161 1530 241
57 0 1 424 1051 10926 1576
58 0 2 430 17 143 25
59 1 7 436 6 18 9
60 0 1 445 17 143 25
61 0 1 450 6593 74266 9889
62 1 27 455 1 4 1
63 0 1 466 1 9 1
64 0 3 472 35 307 52
65 1 3 480 1 10 1
66 1 1 487 333 3280 499
67 1 1 492 1 10 1
68 1 6 495 1 9 1
69 1 9 504 3 10 4
70 0 2 513 67 608 100
71 1 2 519 1 9 1
72 0 1 525 130 1222 195
73 0 3 528 1 9 1
74 1 3 536 36 316 54
75 0 2 543 4 33 6
76 0 7 549 1 4 1
77 1 5 558 74 676 111
78 1 2 566 74207 920878 111310
79 1 7 573 414 1808 621
80 1 1 582 6 48 9
81 0 4 585 16 134 24
82 0 2 593 1 10 1
83 1 5 600 4 33 6
84 1 12 608 553 2468 829
85 1 8 618 378 1639 567
86 1 11 627 9 27 13
87 1 4 637 5 40 7
88 0 1 645 1 9 1
89 1 6 650 93 360 139
90 0 2 659 3 25 4
91 1 6 665 67 608 100
92 0 1 674 534841 7136839 802261
93 1 5 678 2 17 3
94 1 6 686 1 9 1
95 0 2 695 10 81 15
96 1 2 701 114 1065 171
97 1 2 708 4 33 6
98 1 1 715 360 3559 540
99 1 1 719 1 9 1
100 1 25 724 1 5 1
101 0 1 735 36 316 54
102 0 9 739 1 3 1
103 1 1 748 3 25 4
104 1 4 752 1 9 1
105 1 1 760 1 10 1
106 0 1 763 1 11 1
107 0 6 767 47 419 70
108 1 7 776 1 3 1
109 0 3 785 26 224 39
110 1 2 792 31 270 46
111 0 2 798 1524 16111 2286
112 0 2 804 11 90 16
113 0 14 810 148 596 222
114 1 6 820 1805 8765 2707
115 0 2 829 180 1720 270
116 1 5 835 23 197 34
117 1 1 843 1 10 1
118 0 2 848 2 17 3
119 1 3 855 1 9 1
120 1 10 862 2 7 3
121 0 3 872 1005 10426 1507
122 1 1 879 1 10 1
123 0 3 883 6 48 9
124 0 2 891 1 8 1
125 1 5 897 6 48 9
126 1 5 905 19 161 28
127 1 2 913 147 1391 220
128 0 11 920 2 6 3
129 1 5 930 83 762 124
130 1 4 938 10 81 15
131 0 5 946 52 466 78
132 1 5 955 476 4769 714
133 1 2 963 121 1134 181
134 1 10 970 1 4 1
135 0 2 979 127 1193 190
136 0 2 985 1 9 1
137 0 1 992 1476 15581 2214
138 0 2 997 2364 25482 3546
139 0 1 1004 1 11 1
140 1 34 1008 7 21 10
141 1 13 1019 5 15 7
142 1 2 1029 762 7805 1143
143 1 2 1035 56 504 84
144 1 1 1041 693 7067 1039
145 1 1 1044 1 9 1
146 0 2 1049 214 2063 321
147 1 6 1056 1925 20562 2887
148 1 5 1065 1 10 1
149 0 10 1073 9 27 13
150 1 4 1083 105 976 157
151 1 1 1091 21 179 31
152 0 10 1096 4 12 6
153 1 1 1106 8 64 12
154 0 7 1111 1 4 1
155 1 3 1120 106 986 159
156 1 20 1127 49 179 73
157 0 3 1138 13 107 19
158 0 2 1145 5 40 7
159 0 1 1152 21 179 31
160 1 5 1157 6 48 9
161 1 1 1165 9 73 13
162 0 1 1170 1 8 1
163 1 1 1175 198 1901 297
164 1 2 1179 5 41 7
165 1 1 1186 85 782 127
166 0 1 1190 1683 17870 2524
167 1 2 1196 3 25 4
168 0 6 1202 84 772 126
169 1 2 1211 1 8 1
170 0 4 1217 1 9 1
171 0 2 1225 10 81 15
172 0 10 1231 41 147 61
173 1 6 1241 89 343 133
174 0 2 1250 44 390 66
175 0 4 1257 1 11 1
176 1 2 1265 1 10 1
177 1 1 1271 1 10 1
178 0 4 1275 51750 633373 77625
179 1 28 1283 50 183 75
180 1 6 1294 2 17 3
181 0 18 1303 31 108 46
182 0 1 1313 4 33 6
183 1 1 1319 1 10 1
184 1 1 1323 1 8 1
185 0 2 1328 1 9 1
186 0 2 1334 20 170 30
187 0 4 1340 1 10 1
188 0 2 1348 1 14 1
189 0 2 1354 6 48 9
190 1 9 1360 471 2077 706
191 1 3 1369 6 48 9
192 1 1 1376 2 17 3
193 1 2 1381 1 9 1
194 1 20 1387 191 785 286
195 0 2 1398 22 188 33
196 1 6 1404 731 7473 1096
197 0 2 1413 36 316 54
198 1 1 1419 19 161 28
199 1 2 1423 92 850 138
200 0 9 1430 1 3 1
201 1 7 1439 1 6 1
202 1 4 1448 1 9 1
203 0 1 1456 2 17 3
204 0 4 1460 1 9 1
205 1 1 1468 1 9 1
206 1 2 1471 14 116 21
207 1 27 1477 21 70 31
208 0 5 1488 2 17 3
209 1 1 1496 4345 48087 6517
210 1 3 1501 1 9 1
211 0 1 1509 128 1202 192
212 1 1 1513 13 107 19
213 1 3 1518 12 99 18
214 0 1 1526 9 72 13
215 0 6 1531 12 99 18
216 0 7 1540 1 4 1
217 0 9 1549 292 1241 438
218 0 15 1558 1 5 1
219 0 2 1568 16 134 24
220 1 2 1575 211 2033 316
221 1 1 1581 8 64 12
222 1 2 1586 25 215 37
223 1 5 1593 96 888 144
224 1 4 1602 1 10 1
225 0 4 1610 113 1055 169
226 0 40 1618 2 7 3
227 0 2 1630 1 10 1
228 0 2 1637 9405 107522 14107
229 1 3 1643 1 8 1
230 1 8 1650 38 135 57
231 1 1 1659 3662 40231 5493
232 0 4 1665 11 90 16
233 1 1 1673 2 17 3
234 1 3 1676 2 17 3
235 0 9 1683 3 9 4
236 1 6 1692 2 6 3
237 0 7 1701 11 34 16
238 0 2 1710 1 10 1
239 0 8 1717 1 4 1
240 0 3 1726 1 10 1
241 0 3 1733 8 64 12
242 1 1 1740 42 372 63
243 0 3 1745 19 161 28
244 1 5 1752 20 170 30
245 1 9 1760 1 4 1
246 0 1 1769 2 17 3
247 1 2 1774 25 215 37
248 1 11 1781 1 4 1
249 1 7 1791 14 45 21
250 0 1 1800 21 179 31
251 1 2 1805 3 25 4
252 0 16 1812 1299 6166 1948
253 1 8 1822 17 56 25
254 1 2 1831 1 10 1
255 1 1 1837 3 25 4
256 0 14 1841 1 3 1
257 0 5 1851 5985 67143 8977
258 0 18 1859 280 1186 420
259 1 2 1869 450 4497 675
260 0 3 1875 1 9 1
261 1 4 1882 3 25 4
262 0 19 1890 1 3 1
263 1 11 1901 1 4 1
264 0 8 1911 4 13 6
265 1 6 1920 1 9 1
266 1 2 1929 1 9 1
267 1 1 1935 46 409 69
268 0 6 1938 2284 24582 3426
269 1 7 1947 1 3 1
270 1 2 1956 1 8 1
271 0 1 1962 2 17 3
272 1 3 1966 29 251 43
273 0 2 1974 241 2337 361
274 1 6 1980 1248 13075 1872
275 0 2 1989 19 161 28
276 1 13 1995 1 3 1
277 1 17 2005 1 4 1
278 1 1 2015 1 10 1
279 1 1 2020 47 419 70
280 0 2 2025 13 108 19
281 0 1 2031 16 134 24
282 0 5 2035 82 753 123
283 0 2 2043 323 3177 484
284 1 5 2049 24 206 36
285 1 3 2057 54 485 81
286 1 1 2064 1 10 1
287 0 3 2068 54 485 81
288 1 2 2075 1412 14875 2118
289 1 1 2081 18 152 27
290 1 5 2086 1 9 1
291 0 2 2094 4 33 6
292 1 3 2101 1 10 1
293 0 6 2109 1 10 1
294 0 25 2118 151 609 226
295 1 5 2129 1 10 1
296 0 2 2137 386 3829 579
297 1 3 2143 1 10 1
298 0 2 2151 14 116 21
299 0 1 2158 1 9 1
300 0 2 2164 1 9 1
301 1 17 2171 2 7 3
302 1 10 2181 1 4 1
303 0 6 2191 1 10 1
304 0 2 2200 74 676 111
305 0 18 2206 2 6 3
306 1 16 2216 1 4 1
307 0 2 2226 1 9 1
308 0 4 2232 1 9 1
309 0 4 2240 3335 36491 5002
310 0 9 2248 144 578 216
311 1 3 2257 39 344 58
312 0 1 2264 3 25 4
313 0 2 2268 43 381 64
314 0 2 2274 1 11 1
315 0 6 2281 8723 46910 13084
316 1 8 2290 22 74 33
317 0 1 2299 2 17 3
318 1 11 2305 1 3 1
319 1 2 2315 2 17 3
320 0 1 2322 20 170 30
321 0 1 2326 1 9 1
322 1 1 2331 1 10 1
323 1 7 2336 1 4 1
324 1 1 2345 1 11 1
325 0 2 2350 1 11 1
326 1 8 2357 28 97 42
327 1 3 2366 4222 46668 6333
328 1 3 2374 1 9 1
329 1 2 2382 56 504 84
330 1 2 2388 42 372 63
331 1 2 2394 1 9 1
332 1 6 2400 19 161 28
333 1 1 2409 2 17 3
334 1 9 2413 50 183 75
335 1 3 2422 4 33 6
336 0 5 2430 5711 63943 8566
337 0 6 2439 37599 454496 56398
338 1 4 2448 1 9 1
339 0 1 2456 2 17 3
340 0 5 2459 1 12 1
341 0 13 2467 3546 18012 5319
342 1 4 2477 1 10 1
343 0 11 2485 1 3 1
344 0 8 2495 1 4 1
345 0 2 2504 1 12 1
346 0 2 2510 5 40 7
347 1 4 2516 127 1192 190
348 1 7 2524 1 5 1
349 0 6 2533 369 1597 553
350 0 2 2542 2 17 3
351 0 1 2548 58 523 87
352 1 1 2553 1 12 1
353 1 2 2558 1 10 1
354 1 4 2565 143 1351 214
355 1 8 2573 4 13 6
356 0 6 2582 1 6 1
357 0 34 2591 130 518 195
358 0 7 2602 110 432 165
359 1 2 2611 4 33 6
360 0 1 2617 369 3653 553
361 1 1 2621 1 9 1
362 0 1 2627 2 17 3
363 0 1 2633 1 9 1
364 1 2 2638 6581 74125 9871
365 0 1 2644 1 8 1
366 1 2 2649 3390 37120 5085
367 1 1 2655 1 11 1
368 1 1 2660 2 17 3
369 0 1 2664 1 11 1
370 1 6 2669 2 17 3
371 0 2 2678 187 1791 280
372 1 1 2685 16 134 24
373 0 2 2690 2 17 3
374 0 10 2697 18 59 27
375 1 3 2707 1 10 1
376 1 4 2715 1 9 1
377 0 4 2723 1 9 1
378 1 2 2731 1 11 1
379 1 6 2737 14 116 21
380 0 6 2746 18 59 27
381 0 10 2755 1 4 1
382 1 2 2765 1 10 1
383 1 5 2771 1020 10589 1530
384 1 2 2779 130 1222 195
385 0 11 2786 1 4 1
386 1 8 2796 45 163 67
387 1 6 2805 9 73 13
388 0 22 2814 42 151 63
389 1 13 2825 1 4 1
390 1 23 2835 1 5 1
391 0 7 2846 305993 2006029 458989
392 0 4 2855 13 107 19
393 0 5 2863 1 10 1
394 1 2 2871 4 33 6
395 0 1 2877 17 143 25
396 1 1 2880 1 9 1
397 1 5 2885 3 25 4
398 1 7 2893 5 15 7
399 1 4 2902 1 9 1
400 0 4 2910 3 25 4
401 1 2 2918 1845 19671 2767
402 0 1 2924 9 73 13
403 0 1 2928 203 1952 304
404 0 1 2932 1 9 1
405 1 2 2937 13 107 19
406 1 1 2943 1 9 1
407 1 32 2949 1 4 1
408 0 5 2960 3 25 4
409 0 1 2968 1 10 1
410 1 3 2972 1 9 1
411 0 2 2980 254 2469 381
412 1 1 2987 3 25 4
413 0 9 2993 1 4 1
414 0 1 3002 113 1055 169
415 1 38 3007 300 1278 450
416 0 8 3018 100 389 150
417 0 6 3027 27 233 40
418 1 2 3036 1 8 1
419 0 10 3043 55 203 82
420 0 1 3053 24 206 36
421 0 6 3056 1 9 1
422 1 4 3065 8 64 12
423 1 4 3073 1 9 1
424 1 3 3081 100 928 150
425 1 3 3089 6 48 9
426 0 1 3097 1 10 1
427 1 1 3101 6 48 9
428 1 2 3107 2 17 3
429 1 1 3114 33896 408072 50844
430 0 7 3120 294 1251 441
431 1 1 3129 1 11 1
432 0 2 3135 152507 1944514 228760
433 0 8 3141 1 4 1
434 0 2 3150 12 98 18
435 1 11 3156 1 5 1
436 0 6 3166 1 10 1
437 1 1 3175 102 947 153
438 1 1 3178 284 2776 426
439 0 4 3182 1 11 1
440 1 17 3190 1 5 1
441 1 7 3200 1 5 1
442 1 2 3209 2250 24200 3375
443 0 2 3216 674 6865 1011
444 1 9 3223 1 5 1
445 1 4 3232 28 242 42
446 0 1 3240 1 13 1
447 1 1 3245 45 400 67
448 0 3 3249 2 17 3
449 0 2 3257 3 25 4
450 0 1 3264 1 11 1
451 1 1 3268 1 9 1
452 0 6 3271 376 3725 564
453 0 4 3280 1 10 1
454 1 3 3288 80 734 120
455 1 4 3295 15 125 22
456 1 3 3303 46 409 69
457 0 1 3311 6 48 9
458 1 4 3315 532 5358 798
459 1 2 3323 10 81 15
460 0 5 3330 1 10 1
461 0 1 3338 429 4277 643
462 1 3 3343 84 772 126
463 1 3 3351 389 3860 583
464 0 1 3358 1 9 1
465 0 4 3362 1 9 1
466 1 4 3370 3 25 4
467 1 3 3378 1 9 1
468 0 5 3385 4 33 6
469 1 58 3394 1 4 1
470 0 1 3406 1 9 1
471 0 3 3410 97 898 145
472 0 2 3418 42158 511887 63237
473 0 5 3424 10 81 15
474 0 6 3432 36 316 54
475 1 9 3441 58 215 87
476 1 1 3450 8 64 12
477 0 1 3454 249 2418 373
478 0 2 3459 1 9 1
479 1 3 3465 1 9 1
480 0 2 3473 492 4937 738
481 0 4 3480 1 10 1
482 0 3 3488 1 10 1
483 0 5 3495 1 8 1
484 1 1 3503 1 10 1
485 0 9 3506 1444 6905 2166
486 0 4 3515 1 12 1
487 0 1 3523 1 9 1
488 0 1 3528 323 3177 484
489 1 8 3530 1 4 1
490 0 2 3539 86 792 129
491 0 12 3545 91 351 136
492 1 2 3555 1 9 1
493 0 8 3562 735 3350 1102
494 1 5 3571 1 13 1
495 1 6 3580 4 33 6
496 0 5 3589 1 10 1
497 1 3 3598 12 98 18
498 0 13 3605 72 272 108
499 0 1 3615 2 17 3
