0 1 1 5 35 307 52
1 1 3 7 8 64 12
2 1 1 11 1 8 1
3 0 20 13 1 4 1
4 1 4 18 265 1118 397
5 1 6 22 434 1902 651
6 0 2 26 2 17 3
7 0 2 29 175 1670 262
8 0 4 32 3 10 4
9 0 1 36 8 64 12
10 0 6 38 146 587 219
11 0 1 42 80 733 120
12 1 32 44 1130 5312 1695
13 1 3 50 1 9 1
14 1 15 54 232 968 348
15 0 1 59 178 1700 267
16 0 1 62 390317 5150173 585475
17 0 2 65 4 33 6
18 1 19 68 7 21 10
19 1 1 73 1 9 1
20 0 1 75 39 344 58
21 0 4 78 1 4 1
22 1 1 82 6 48 9
23 1 2 85 2 17 3
24 0 2 88 1596 16906 2394
25 1 3 91 1 5 1
26 1 3 95 6 18 9
27 1 10 99 1 3 1
28 0 2 104 1 9 1
29 1 6 107 5 15 7
30 1 3 111 18152 102022 27228
31 1 24 115 1 4 1
32 1 2 120 1 8 1
33 1 4 123 7194 38229 10791
34 1 3 127 1 5 1
35 1 18 131 3 9 4
36 0 9 136 152 613 228
37 1 3 141 11 34 16
38 1 1 145 723 7387 1084
39 0 1 147 2 17 3
40 1 2 149 3 25 4
41 1 3 152 15 48 22
42 0 3 156 3 10 4
43 0 2 160 1 9 1
44 1 5 163 466 2053 699
45 0 3 167 58691103 486917687 88036654
46 1 1 171 22 188 33
47 0 2 173 1 10 1
48 1 1 176 1 9 1
49 0 4 179 5695 29822 8542
50 0 10 183 28 97 42
51 1 1 188 13 107 19
52 0 16 191 133 530 199
53 1 2 196 1 9 1
54 0 4 199 17458 97897 26187
55 1 10 203 1 3 1
56 1 33 208 12 38 18
57 1 4 214 16 52 24
58 0 3 218 1 9 1
59 0 3 222 18 152 27
60 0 18 226 1 4 1
61 0 1 231 278 2715 417
62 0 2 233 12457 144070 18685
63 0 6 236 14 45 21
64 1 3 240 8 24 12
65 0 2 244 14 116 21
66 0 1 247 59 532 88
67 1 2 249 100 928 150
68 0 2 252 1 10 1
69 0 6 255 1 4 1
70 0 9 259 67 252 100
71 1 12 264 18 59 27
72 0 2 269 1 9 1
73 1 3 272 5290 27572 7935
74 0 1 276 3 25 4
75 1 1 279 19 161 28
76 1 9 281 322 1379 483
77 1 2 286 1 10 1
78 1 5 289 49544 294932 74316
79 1 2 293 1 10 1
80 1 37 296 68 256 102
81 1 1 302 1 9 1
82 0 22 305 24 82 36
83 1 2 310 1 9 1
84 0 2 313 16 134 24
85 1 3 316 1 11 1
86 1 3 320 3 25 4
87 1 1 324 33 288 49
88 0 1 325 12 98 18
89 1 1 328 1 11 1
90 0 4 331 5 15 7
91 1 4 335 1 4 1
92 1 1 339 40 353 60
93 1 2 341 1 11 1
94 1 4 344 40 143 60
95 1 2 348 1 9 1
96 1 7 351 4 12 6
97 1 1 356 15 125 22
98 0 2 359 9 73 13
99 1 5 362 10 31 15
100 0 2 366 1 9 1
101 1 3 369 1 3 1
102 1 2 373 1 9 1
103 0 7 376 3 9 4
104 0 1 380 29 252 43
105 1 28 382 18 59 27
106 1 2 388 1 11 1
107 0 9 391 4 12 6
108 0 3 396 986 10220 1479
109 0 5 400 1 3 1
110 0 13 404 10 31 15
111 0 1 409 26 224 39
112 0 6 411 616 2771 924
113 0 1 415 1793 19092 2689
114 0 1 417 8 64 12
115 1 1 420 2 17 3
116 1 3 422 88 811 132
117 1 5 426 8 24 12
118 1 3 430 2 6 3
119 0 12 434 1 6 1
120 0 1 439 2 17 3
121 0 8 442 1 5 1
122 1 22 447 1 5 1
123 0 6 452 215 892 322
124 1 2 456 693 7067 1039
125 1 5 459 8 24 12
126 0 9 463 16 52 24
127 1 24 468 569 2545 853
128 0 1 473 6 48 9
129 0 8 476 3 10 4
130 1 7 481 199 820 298
131 1 1 486 17 143 25
132 1 1 489 1 9 1
133 0 1 492 3 25 4
134 1 1 494 333 3280 499
135 1 1 496 1663 17649 2494
136 1 7 499 2 7 3
137 1 4 503 2 7 3
138 0 10 507 1 4 1
139 1 4 512 1 5 1
140 0 8 516 4 12 6
141 1 17 521 10 31 15
142 0 1 526 3 25 4
143 0 2 528 2 17 3
144 1 5 531 1583 7618 2374
145 1 3 535 1 4 1
146 0 1 539 587 5940 880
147 1 4 542 8574 46060 12861
148 1 42 546 1 4 1
149 0 1 552 24 206 36
150 1 2 554 3 25 4
151 0 1 557 123 1153 184
152 0 2 559 15 125 22
153 0 2 562 1 10 1
154 1 3 565 1 9 1
155 1 23 569 1674 8087 2511
156 0 1 574 1 9 1
157 1 3 576 1 8 1
158 1 3 580 2735 13657 4102
159 1 3 584 1 4 1
160 0 1 588 87 801 130
161 1 6 589 1 4 1
162 1 20 593 1 5 1
163 0 4 598 86 330 129
164 0 3 602 1 4 1
165 1 5 606 95 368 142
166 1 4 610 5072 26365 7608
167 1 2 614 1 10 1
168 1 1 617 1 12 1
169 0 3 619 1 13 1
170 1 2 623 1077 11208 1615
171 1 1 626 44378 539921 66567
172 1 3 628 819 3762 1228
173 1 29 632 1 4 1
174 1 1 638 41 362 61
175 1 17 640 1 4 1
176 1 1 645 1 9 1
177 0 2 647 7 56 10
178 1 12 650 1249 5913 1873
179 1 4 655 1 6 1
180 0 1 659 1 9 1
181 1 4 660 27 93 40
182 0 2 664 221 2134 331
183 0 2 667 2 17 3
184 1 1 670 2 17 3
185 1 13 672 4 12 6
186 1 1 677 27711 330970 41566
187 0 23 679 2 7 3
188 0 6 684 20 67 30
189 0 8 688 1 5 1
190 1 1 693 5 40 7
191 1 1 695 36 316 54
192 0 4 697 1 5 1
193 0 4 701 1 4 1
194 1 15 705 74 280 111
195 1 2 710 39 344 58
196 1 6 713 1 4 1
197 0 9 717 159 644 238
198 0 2 722 121 1133 181
199 0 4 725 48 175 72
200 1 2 729 1 9 1
201 0 2 732 1 9 1
202 0 7 735 1 3 1
203 1 2 739 4145 45781 6217
204 1 4 742 3 10 4
205 1 1 746 22 188 33
206 0 9 748 1 5 1
207 1 8 753 1 3 1
208 1 2 758 33 289 49
209 0 8 761 35 124 52
210 0 4 766 1 3 1
211 0 1 770 18 152 27
212 1 7 773 6 18 9
213 1 4 778 30 104 45
214 0 2 782 78 714 117
215 1 4 785 2 6 3
216 1 2 789 253 2459 379
217 0 6 792 65 244 97
218 0 4 796 1 4 1
219 1 2 800 2 17 3
220 0 6 803 11 34 16
221 1 2 807 66 599 99
222 1 2 810 2 17 3
223 1 4 813 3 9 4
224 0 3 817 1 3 1
225 0 3 821 127 504 190
226 1 2 825 1 10 1
227 0 2 828 5 40 7
228 1 20 831 3 9 4
229 0 1 836 1 13 1
230 1 2 838 1 10 1
231 0 4 841 1 4 1
232 1 2 845 1 10 1
233 0 6 848 3 10 4
234 0 16 852 14151 78368 21226
235 1 3 857 4 12 6
236 0 26 861 2 7 3
237 1 13 866 28 97 42
238 0 3 871 1131 11796 1696
239 0 3 875 1 3 1
240 1 26 879 62 231 93
241 1 2 884 8 64 12
242 0 9 887 1 4 1
243 1 2 892 725 7409 1087
244 0 1 895 1 11 1
245 0 4 897 1295 6146 1942
246 0 1 901 2 17 3
247 0 24 903 389 1691 583
248 1 1 908 1 9 1
249 1 1 910 15 125 22
250 0 14 912 1 5 1
251 0 4 917 61 227 91
252 0 2 921 5 40 7
253 1 3 924 22 74 33
254 0 3 928 6046 67857 9069
255 1 5 932 19 63 28
256 1 3 936 80 305 120
257 1 1 940 1 8 1
258 0 26 942 10 31 15
259 1 1 947 948 9808 1422
260 0 26 948 1 4 1
261 1 4 953 1 3 1
262 1 8 957 1 4 1
263 0 1 962 1 10 1
264 1 5 963 1 5 1
265 1 4 967 1194 5634 1791
266 1 21 971 89 343 133
267 0 1 976 1 10 1
268 1 1 978 2 17 3
269 0 2 981 96 889 144
270 1 6 984 6 18 9
271 0 2 988 5 40 7
272 0 1 991 7 56 10
273 1 2 994 5587 62497 8380
274 0 5 997 4 13 6
275 1 6 1001 1 3 1
276 0 4 1005 1 5 1
277 0 2 1009 3 25 4
278 0 7 1012 1 5 1
279 1 1 1016 1 10 1
280 0 5 1019 3118 15705 4677
281 1 3 1023 1 4 1
282 0 1 1027 1 12 1
283 1 1 1030 186 1781 279
284 1 11 1033 491 2172 736
285 1 2 1038 1 9 1
286 1 1 1041 18 152 27
287 0 34 1044 3 10 4
288 0 3 1050 41 147 61
289 0 1 1054 56 504 84
290 0 1 1056 186 1781 279
291 0 5 1058 1 5 1
292 1 1 1062 14 116 21
293 1 2 1065 72 656 108
294 0 6 1068 114 449 171
295 1 3 1072 802 3679 1203
296 0 1 1076 1 9 1
297 0 6 1078 1 4 1
298 1 2 1082 1 9 1
299 0 1 1085 191 1831 286
300 1 1 1087 11527 132891 17290
301 1 1 1089 378 3746 567
302 1 12 1092 13 41 19
303 0 5 1097 2 7 3
304 1 5 1101 1 4 1
305 1 1 1105 112 1045 168
306 1 5 1107 1 4 1
307 1 1 1111 3 25 4
308 1 8 1114 2 6 3
309 1 3 1119 1 4 1
310 0 22 1123 221 919 331
311 0 2 1128 1 9 1
312 1 3 1131 17 56 25
313 1 3 1135 15 48 22
314 1 11 1139 13 41 19
315 1 10 1144 1105920 7720688 1658880
316 0 4 1149 584 2617 876
317 0 4 1153 1 4 1
318 0 8 1157 5 15 7
319 0 3 1162 479 2115 718
320 1 1 1166 1 8 1
321 1 1 1168 5 40 7
322 0 2 1170 1 10 1
323 0 3 1173 1 5 1
324 0 10 1177 135 539 202
325 0 1 1182 1 9 1
326 0 8 1184 18 59 27
327 1 1 1189 44 391 66
328 0 1 1192 880 9074 1320
329 0 4 1195 1 4 1
330 0 1 1199 13 108 19
331 0 3 1201 4084 45078 6126
332 0 4 1205 205 847 307
333 0 2 1209 1 12 1
334 1 1 1212 1 9 1
335 0 1 1214 1 9 1
336 1 6 1216 46 167 69
337 1 1 1220 133 1252 199
338 1 4 1222 19 63 28
339 0 2 1226 1 9 1
340 1 4 1229 195330 1251513 292995
341 1 1 1233 1 9 1
342 1 11 1236 1 3 1
343 0 2 1241 6 48 9
344 0 13 1244 1 3 1
345 0 7 1249 1 3 1
346 0 5 1254 9 27 13
347 1 2 1258 1 10 1
348 1 4 1261 81 310 121
349 1 1 1265 1 9 1
350 0 2 1267 1 9 1
351 1 3 1270 2 17 3
352 1 1 1274 64 580 96
353 0 6 1277 14 45 21
354 1 3 1281 28631 342401 42946
355 0 1 1285 189 1811 283
356 0 7 1288 1 4 1
357 1 5 1292 13 41 19
358 0 4 1296 1 4 1
359 1 5 1300 4 12 6
360 1 4 1304 11 34 16
361 1 2 1308 1 10 1
362 0 2 1311 2 17 3
363 1 6 1314 1 5 1
364 1 5 1318 1 4 1
365 1 1 1322 21 179 31
366 1 4 1325 170 692 255
367 0 22 1329 158 639 237
368 1 1 1334 7 56 10
369 1 14 1337 77 293 115
370 0 17 1342 1 5 1
371 0 1 1347 629 6385 943
372 1 14 1350 3 9 4
373 0 17 1355 1 4 1
374 0 3 1360 18164 213315 27246
375 1 1 1364 3 25 4
376 0 4 1367 82 314 123
377 1 13 1371 10177 55249 15265
378 0 6 1376 1 5 1
379 1 3 1380 1 4 1
380 1 25 1384 1 6 1
381 0 5 1389 1 5 1
382 1 4 1393 15 48 22
383 0 4 1397 72 272 108
384 0 2 1401 9536 109082 14304
385 0 4 1404 296 1260 444
386 0 4 1408 1848 8988 2772
387 1 2 1412 2 17 3
388 0 7 1415 1 4 1
389 1 1 1419 35672 430315 53508
390 1 10 1421 527 2344 790
391 0 1 1426 12 98 18
392 0 1 1428 1 10 1
393 0 4 1431 915 4237 1372
394 0 1 1435 213 2053 319
395 1 1 1437 16 134 24
396 1 1 1440 31 270 46
397 0 8 1443 732 3335 1098
398 0 1 1448 70 637 105
399 1 1 1451 5 40 7
400 1 2 1454 1 11 1
401 1 4 1457 111 436 166
402 1 2 1461 864 8901 1296
403 1 1 1464 1 10 1
404 0 1 1466 14 116 21
405 1 1 1468 57 513 85
406 1 2 1470 5 41 7
407 1 1 1473 58 523 87
408 0 4 1476 1 3 1
409 0 6 1480 6635 35080 9952
410 1 6 1484 796 3649 1194
411 1 1 1488 1 9 1
412 0 5 1490 37 131 55
413 0 1 1494 918 9484 1377
414 0 2 1497 1 9 1
415 1 2 1500 47 419 70
416 1 2 1503 1 12 1
417 1 14 1506 13 41 19
418 0 6 1511 1 4 1
419 1 2 1515 55 494 82
420 0 9 1518 2 6 3
421 1 3 1523 5 15 7
422 1 3 1527 3 10 4
423 1 6 1531 1 4 1
424 0 1 1535 1 9 1
425 1 5 1538 212 879 318
426 0 1 1542 4049 44675 6073
427 1 1 1544 2 17 3
428 1 3 1547 2918 31744 4377
429 0 2 1551 2 17 3
430 0 38 1554 1 4 1
431 0 2 1560 671 6833 1006
432 1 1 1563 1 11 1
433 0 4 1566 1 3 1
434 0 3 1570 1 4 1
435 1 1 1574 24 206 36
436 0 17 1576 1 6 1
437 1 3 1581 1 5 1
438 1 5 1585 4263 21914 6394
439 0 1 1589 1 10 1
440 0 3 1591 1 3 1
441 0 4 1595 11 34 16
442 1 2 1599 102 947 153
443 0 6 1602 136089 855661 204133
444 1 2 1606 82 753 123
445 1 1 1609 9 73 13
446 0 2 1611 2 17 3
447 1 4 1614 124 492 186
448 0 3 1618 1 10 1
449 0 1 1622 1 10 1
450 0 29 1625 1 5 1
451 1 2 1631 6 48 9
452 1 3 1634 1 9 1
453 0 4 1637 18 59 27
454 1 5 1641 1 3 1
455 0 5 1645 450 1978 675
456 0 2 1649 1 12 1
457 1 1 1652 14 116 21
458 1 2 1655 1 9 1
459 1 9 1658 30225 174981 45337
460 1 2 1663 23694 281237 35541
461 1 3 1666 48357 287478 72535
462 0 14 1670 65 243 97
463 1 3 1675 1 3 1
464 1 6 1679 3 9 4
465 0 7 1683 1 4 1
466 0 27 1687 1515 7269 2272
467 1 8 1693 40 143 60
468 0 15 1698 313 1338 469
469 0 2 1703 10 81 15
470 0 3 1706 342430 4497110 513645
471 1 7 1710 1 4 1
472 0 1 1715 16 134 24
473 0 6 1718 1 4 1
474 0 23 1722 2 7 3
475 0 12 1727 5 15 7
476 1 9 1732 1 3 1
477 1 5 1737 1 3 1
478 0 1 1741 1333 14007 1999
479 0 2 1743 1 9 1
480 0 2 1746 727 7430 1090
481 1 2 1749 8049 91427 12073
482 1 9 1752 64 239 96
483 0 2 1757 732 7484 1098
484 0 8 1760 1 4 1
485 1 3 1765 49 179 73
486 1 2 1769 1 9 1
487 1 1 1772 5924 66431 8886
488 1 3 1774 182 1740 273
489 1 9 1778 20 67 30
490 0 3 1783 371 1607 556
491 1 4 1787 123 487 184
492 1 9 1791 5 15 7
493 0 2 1796 23 197 34
494 0 1 1799 1 9 1
495 0 2 1802 41 363 61
496 1 3 1805 177 723 265
497 1 1 1809 5 41 7
498 1 4 1811 25 85 37
499 1 2 1815 266 2592 399
500 0 3 1818 2 7 3
501 1 9 1822 1783 8651 2674
502 0 2 1827 6 48 9
503 0 3 1830 139 556 208
504 1 2 1834 25083 298400 37624
505 1 2 1837 14 116 21
506 0 4 1840 17 56 25
507 1 4 1844 27 93 40
508 1 3 1848 65 243 97
509 1 3 1852 1 4 1
510 0 1 1856 311 3053 466
511 0 1 1858 269 2622 403
512 0 2 1860 11 90 16
513 0 1 1863 9 73 13
514 1 1 1865 4 33 6
515 0 1 1868 4 33 6
516 0 1 1870 1 11 1
517 1 1 1873 4 33 6
518 1 1 1875 1 13 1
519 0 1 1877 1 11 1
520 0 2 1880 8 64 12
521 1 2 1883 1 9 1
522 0 1 1886 1 10 1
523 1 1 1888 1 11 1
524 0 1 1890 13 107 19
525 0 3 1893 253 1063 379
526 1 3 1897 1 4 1
527 0 2 1901 16 134 24
528 0 1 1904 2 17 3
529 0 3 1906 104 967 156
530 0 1 1909 10 81 15
531 1 4 1911 386 1677 579
532 0 4 1915 332 1425 498
533 0 2 1919 3 25 4
534 1 1 1922 1 10 1
535 0 2 1924 217 2093 325
536 1 2 1927 105 976 157
537 0 1 1930 3 25 4
538 1 1 1933 2 17 3
539 0 3 1935 2 6 3
540 0 14 1939 16 52 24
541 0 5 1944 436 1912 654
542 1 5 1948 5 15 7
543 1 2 1952 6 48 9
544 1 1 1955 10 81 15
545 1 6 1956 2 7 3
546 1 7 1960 1 4 1
547 0 12 1965 8 24 12
548 0 1 1970 1 9 1
549 1 1 1972 55 494 82
550 0 2 1974 14 116 21
551 1 4 1977 158 639 237
552 0 2 1981 1 9 1
553 1 1 1984 29992 359336 44988
554 1 4 1986 1 6 1
555 0 1 1990 234 2265 351
556 0 3 1992 7 21 10
557 1 2 1996 12 99 18
558 1 1 1999 13 107 19
559 1 4 2002 367 1588 550
560 0 1 2006 1 9 1
561 1 15 2008 181 740 271
562 0 2 2013 2 17 3
563 0 1 2016 29 251 43
564 1 8 2019 1 4 1
565 1 2 2024 15391 179543 23086
566 1 19 2027 11 34 16
567 1 6 2032 28 97 42
568 0 4 2036 11 34 16
569 1 3 2040 12 98 18
570 1 7 2044 32 112 48
571 0 2 2048 1 11 1
572 1 20 2051 3 10 4
573 0 4 2056 1023 4775 1534
574 0 4 2060 2 7 3
575 1 10 2064 160 648 240
576 0 12 2069 1 4 1
577 0 1 2074 1152 12026 1728
578 1 5 2075 1 3 1
579 0 1 2079 11 90 16
580 1 1 2082 1 9 1
581 0 3 2085 30 104 45
582 0 1 2089 720 7356 1080
583 1 3 2092 8 24 12
584 1 10 2096 1 3 1
585 0 9 2101 16 52 24
586 1 5 2106 1 3 1
587 1 2 2110 107 996 160
588 0 4 2113 81 309 121
589 0 3 2117 1 3 1
590 0 9 2121 5 15 7
591 0 2 2126 2 17 3
592 1 3 2129 416 1817 624
593 0 3 2133 1 4 1
594 0 2 2137 1 10 1
595 1 4 2140 1 4 1
596 1 21 2144 54733 327627 82099
597 0 1 2149 1 9 1
598 1 14 2151 1 4 1
599 1 2 2156 1576 16685 2364
600 1 1 2159 102 947 153
601 1 2 2161 2 17 3
602 1 3 2164 1 9 1
603 0 2 2168 764116 10325194 1146174
604 0 1 2171 330 3249 495
605 1 2 2173 1 8 1
606 0 17 2176 8 24 12
607 0 5 2181 1 3 1
608 0 5 2185 34 120 51
609 1 1 2189 188 1801 282
610 1 4 2192 1601 7710 2401
611 0 4 2196 1 4 1
612 0 5 2200 2 7 3
613 0 1 2204 5 40 7
614 1 5 2206 3 9 4
615 1 3 2210 109 427 163
616 0 9 2214 37 131 55
617 0 2 2219 2 17 3
618 0 2 2222 895 9235 1342
619 0 25 2225 11 34 16
620 0 4 2230 24 82 36
621 1 1 2234 1 9 1
622 1 1 2237 129 1212 193
623 0 1 2240 1 8 1
624 0 4 2242 1 6 1
625 1 3 2246 1 9 1
626 0 3 2250 4 12 6
627 1 2 2254 1 10 1
628 0 2 2257 16 134 24
629 1 20 2260 84 322 126
630 0 3 2265 1 9 1
631 0 2 2268 31 270 46
632 0 1 2271 2781 30191 4171
633 0 7 2274 1 4 1
634 0 3 2278 1 3 1
635 1 10 2282 218 905 327
636 0 1 2287 1 10 1
637 1 2 2290 1 9 1
638 0 1 2293 1 10 1
639 1 3 2295 16 134 24
640 1 2 2299 56 504 84
641 1 3 2302 12 38 18
642 1 2 2306 1 9 1
643 1 11 2309 1829 8889 2743
644 1 17 2314 203 838 304
645 0 4 2319 14 45 21
646 0 6 2323 2 6 3
647 1 7 2327 1 4 1
648 0 2 2331 5 40 7
649 1 30 2334 1487 7125 2230
650 1 2 2340 3 25 4
651 0 4 2343 1 4 1
652 0 2 2347 3256 35590 4884
653 0 2 2350 1 9 1
654 1 9 2353 357 1541 535
655 0 22 2358 30682 177780 46023
656 1 2 2363 8 64 12
657 0 1 2366 1 12 1
658 0 7 2369 4 12 6
659 0 2 2373 1 10 1
660 1 1 2376 1 9 1
661 1 17 2379 1 4 1
662 1 3 2384 1 3 1
663 0 2 2388 49 438 73
664 0 1 2391 1 9 1
665 0 2 2393 34 297 51
666 1 1 2396 1 10 1
667 1 2 2399 23455 278288 35182
668 1 9 2402 2 7 3
669 0 1 2407 1 9 1
670 1 4 2409 1 4 1
671 0 1 2413 180 1720 270
672 0 8 2415 311 1328 466
673 0 2 2420 964 9981 1446
674 1 1 2423 1 10 1
675 0 3 2425 1 5 1
676 0 2 2429 51 457 76
677 1 1 2432 2 17 3
678 1 3 2434 1 3 1
679 0 1 2438 28 242 42
680 0 3 2441 2 7 3
681 0 1 2445 1 9 1
682 1 2 2447 1153 12036 1729
683 1 3 2450 1 11 1
684 0 8 2454 1 4 1
685 0 1 2459 682 6950 1023
686 1 2 2461 1 9 1
687 1 1 2464 299 2930 448
688 0 2 2466 6 48 9
689 0 6 2469 396 1724 594
690 0 2 2473 8674 98833 13011
691 1 2 2476 19 161 28
692 0 1 2479 4 33 6
693 0 50 2482 6 18 9
694 1 1 2488 1 9 1
695 1 1 2490 75 686 112
696 0 8 2493 1 3 1
697 1 7 2498 1 4 1
698 1 4 2503 7 21 10
699 0 3 2507 1 6 1
700 1 3 2511 309 1319 463
701 0 3 2515 26 89 39
702 1 3 2519 7 56 10
703 0 14 2523 618 2781 927
704 1 4 2528 642 2897 963
705 1 4 2532 610 2743 915
706 0 26 2536 1961 9576 2941
707 0 7 2541 1 5 1
708 1 1 2545 7 56 10
709 0 4 2547 12668 69691 19002
710 1 2 2551 2232 23998 3348
711 1 1 2554 2 17 3
712 0 1 2556 4516 50061 6774
713 1 1 2558 120 1124 180
714 0 7 2560 3314 16759 4971
715 1 3 2564 14 116 21
716 0 5 2567 203 838 304
717 1 1 2571 1 9 1
718 0 3 2573 1 10 1
719 1 1 2577 4 33 6
720 0 1 2579 3416 37416 5124
721 0 4 2581 1 4 1
722 1 125 2585 816 3747 1224
723 0 6 2591 2682 13375 4023
724 1 5 2595 70355 426989 105532
725 0 2 2599 48 428 72
726 0 1 2602 1 11 1
727 1 4 2604 883 4078 1324
728 0 8 2608 1 5 1
729 1 7 2613 4 13 6
730 1 2 2617 3650 40094 5475
731 1 1 2620 1 9 1
732 0 11 2622 571 2555 856
733 1 6 2627 1 3 1
734 0 2 2631 17 143 25
735 0 18 2634 195 803 292
736 1 10 2639 14 45 21
737 0 3 2644 13 107 19
738 0 1 2648 1 9 1
739 1 1 2651 23 197 34
740 0 7 2653 158 639 237
741 0 2 2657 1 9 1
742 1 1 2660 3 25 4
743 0 13 2663 36 127 54
744 0 2 2668 20 170 30
745 1 1 2671 7 56 10
746 0 3 2673 1 5 1
747 0 2 2677 3 25 4
748 1 4 2680 19 63 28
749 0 3 2684 142834 1816753 214251
750 1 3 2688 27 233 40
751 1 1 2692 1 9 1
752 0 2 2693 4 33 6
753 0 1 2696 18 152 27
754 0 5 2698 1 6 1
755 1 1 2702 81766 1018434 122649
756 0 7 2705 98 381 147
757 1 1 2709 9234 105487 13851
758 0 3 2712 388 1686 582
759 0 2 2716 1 10 1
760 0 1 2719 2 17 3
761 1 1 2722 69 628 103
762 0 2 2724 1 10 1
763 0 1 2727 8 64 12
764 0 1 2729 2 17 3
765 1 1 2732 141 1331 211
766 0 3 2735 1 9 1
767 1 4 2739 1 5 1
768 1 1 2743 17 143 25
769 1 1 2744 1 9 1
770 0 1 2745 12602 145816 18903
771 0 14 2747 51 187 76
772 0 3 2752 5 15 7
773 1 1 2756 1 8 1
774 1 5 2759 1 6 1
775 1 1 2763 19 161 28
776 0 4 2765 1 4 1
777 0 2 2769 99 918 148
778 1 16 2772 1 4 1
779 0 2 2777 1 9 1
780 0 9 2780 1 7 1
781 0 2 2785 17 143 25
782 1 1 2788 1 9 1
783 1 3 2790 9 73 13
784 1 16 2794 1 4 1
785 1 28 2799 1 4 1
786 0 12 2805 116 457 174
787 0 2 2810 9 73 13
788 1 6 2813 5 15 7
789 0 1 2817 1837 19582 2755
790 1 4 2820 2 6 3
791 1 35 2824 95 368 142
792 1 1 2830 3 25 4
793 0 6 2833 33 116 49
794 0 1 2837 4 33 6
795 1 1 2840 24 206 36
796 1 4 2842 30 104 45
797 0 19 2846 1 4 1
798 1 2 2851 1 10 1
799 0 5 2854 1 3 1
800 1 4 2858 320 1370 480
801 1 4 2862 5 15 7
802 0 2 2866 126 1183 189
803 0 3 2869 2 6 3
804 1 4 2873 1 3 1
805 0 2 2877 55 494 82
806 1 1 2880 18 152 27
807 0 5 2882 4 12 6
808 1 3 2886 5 15 7
809 1 2 2890 48 428 72
810 1 1 2893 2 17 3
811 1 4 2896 21 70 31
812 1 3 2900 3 25 4
813 1 15 2904 1 5 1
814 1 2 2909 1 10 1
815 1 1 2912 5 40 7
816 0 2 2914 1 10 1
817 0 4 2917 144 578 216
818 0 19 2921 1 3 1
819 1 3 2926 9 27 13
820 0 5 2930 337 1449 505
821 0 36 2934 370 1602 555
822 1 4 2940 363 1569 544
823 1 1 2944 6 48 9
824 0 1 2946 2 17 3
825 1 6 2948 11 34 16
826 1 1 2952 1 11 1
827 0 3 2955 9 72 13
828 1 2 2959 1013 10513 1519
829 0 9 2962 1 4 1
830 1 1 2967 1 9 1
831 1 5 2970 3087 15539 4630
832 1 1 2974 16 134 24
833 1 4 2976 1 6 1
834 0 9 2980 102 398 153
835 0 13 2985 4 12 6
836 0 3 2990 4 12 6
837 1 3 2994 1 4 1
838 1 3 2998 13 41 19
839 1 8 3002 3 9 4
840 0 2 3007 257 2500 385
841 1 1 3010 12 99 18
842 0 9 3012 1 4 1
843 1 2 3017 2 17 3
844 0 2 3020 2538 27442 3807
845 0 4 3023 1 4 1
846 0 5 3027 28 97 42
847 1 1 3031 35 307 52
848 1 6 3034 1 4 1
849 1 3 3038 49 179 73
850 0 6 3042 1 4 1
851 0 3 3046 6 48 9
852 1 1 3049 33 288 49
853 1 2 3051 1 9 1
854 1 3 3054 2039 9984 3058
855 1 101 3058 1 3 1
856 1 4 3064 303 1292 454
857 0 2 3068 1 9 1
858 1 1 3071 1274 13360 1911
859 0 2 3073 460 4601 690
860 0 3 3076 12 38 18
861 1 8 3080 1 4 1
862 1 1 3085 1 14 1
863 1 2 3087 1 11 1
864 1 3 3090 146 587 219
865 0 1 3094 11 90 16
866 0 3 3097 5 15 7
867 0 6 3101 95 368 142
868 0 1 3105 1 10 1
869 0 32 3108 16 52 24
870 1 4 3114 1 3 1
871 0 26 3118 1 4 1
872 0 16 3123 6 18 9
873 0 19 3128 78 297 117
874 0 64 3133 4 12 6
875 0 2 3139 87 801 130
876 0 2 3142 532 5359 798
877 1 4 3145 5 15 7
878 1 2 3149 7279 82334 10918
879 1 2 3152 1 9 1
880 0 3 3155 5 41 7
881 1 4 3159 4 13 6
882 0 3 3163 1 4 1
883 0 8 3167 1 5 1
884 1 4 3172 122443 765578 183664
885 1 6 3176 1559 7495 2338
886 0 7 3180 2 6 3
887 0 1 3185 9 73 13
888 1 8 3188 1 3 1
889 0 2 3193 9 73 13
890 1 3 3196 573 2564 859
891 1 2 3200 1 12 1
892 1 5 3203 1772 8594 2658
893 1 9 3207 1 3 1
894 0 5 3212 2 6 3
895 1 2 3216 1 9 1
896 1 2 3219 3 25 4
897 1 2 3222 1 8 1
898 1 3 3225 6 18 9
899 0 4 3229 1 5 1
900 0 10 3233 3555 18061 5332
901 1 1 3238 3 25 4
902 1 1 3241 5 41 7
903 1 6 3244 1 3 1
904 1 18 3248 1 3 1
905 1 1 3253 23 197 34
906 0 9 3256 7 21 10
907 0 2 3261 1 9 1
908 0 4 3264 1 5 1
909 1 8 3268 1024 4780 1536
910 0 1 3273 162 1540 243
911 0 1 3276 2177 23381 3265
912 1 2 3278 95 879 142
913 0 4 3281 1559 7494 2338
914 1 4 3285 909 4207 1363
915 0 2 3289 3 25 4
916 1 5 3292 8 24 12
917 0 1 3296 8 64 12
918 0 3 3299 153 617 229
919 1 1 3303 7397 83725 11095
920 1 21 3305 3 10 4
921 1 2 3310 25121 298870 37681
922 0 2 3313 159 1510 238
923 0 3 3316 206 1982 309
924 0 25 3320 1781 8640 2671
925 1 4 3325 1 4 1
926 0 7 3329 2 6 3
927 0 2 3333 1 9 1
928 0 4 3336 1 5 1
929 1 7 3340 493 2182 739
930 0 3 3344 2 17 3
931 1 3 3348 3 9 4
932 0 1 3352 1 9 1
933 0 17 3353 4 12 6
934 0 10 3358 10 31 15
935 0 15 3363 2 7 3
936 0 1 3368 18728 220209 28092
937 0 2 3370 16 134 24
938 1 3 3373 1 9 1
939 0 1 3377 35 307 52
940 1 2 3379 2 17 3
941 1 2 3382 516 5190 774
942 0 2 3385 2 17 3
943 1 4 3388 8 24 12
944 1 3 3392 5 15 7
945 1 2 3396 1 10 1
946 0 1 3399 1 10 1
947 0 3 3402 15 48 22
948 0 2 3406 414 4121 621
949 1 2 3409 138 1301 207
950 0 1 3412 34380 414129 51570
951 0 3 3415 3 25 4
952 0 2 3419 1 8 1
953 0 5 3422 14 45 21
954 0 8 3426 76 289 114
955 1 3 3431 15 48 22
956 1 2 3435 129 1212 193
957 1 4 3438 21 70 31
958 1 2 3442 3 25 4
959 0 2 3445 1 8 1
960 1 10 3448 1 4 1
961 0 8 3453 34 120 51
962 1 2 3458 112 1045 168
963 1 3 3461 3 25 4
964 0 4 3465 221 919 331
965 0 2 3469 955 9884 1432
966 1 4 3472 6 18 9
967 0 3 3476 100 389 150
968 0 2 3480 57 513 85
969 1 3 3483 1 4 1
970 0 1 3487 1 9 1
971 0 4 3490 294 1250 441
972 1 2 3494 1208 12637 1812
973 0 1 3497 72 657 108
974 1 1 3499 16 134 24
975 0 1 3501 18 152 27
976 1 10 3504 1 3 1
977 0 2 3509 165 1570 247
978 0 2 3512 1 11 1
979 0 6 3515 255 1073 382
980 0 5 3519 480 2120 720
981 0 1 3523 62 561 93
982 0 6 3525 1035 4835 1552
983 0 12 3529 416 1817 624
984 0 1 3534 2 17 3
985 1 3 3535 80 305 120
986 1 6 3539 1097 5146 1645
987 1 3 3543 1 4 1
988 1 3 3547 1 9 1
989 1 2 3551 2 17 3
990 1 9 3554 2 6 3
991 0 29 3559 7 21 10
992 0 2 3565 2 17 3
993 0 9 3568 2 6 3
994 1 1 3573 1 9 1
995 1 21 3575 1096 5141 1644
996 0 6 3580 13 41 19
997 0 1 3584 1 8 1
998 1 9 3586 1517 7279 2275
999 0 1 3591 12 99 18
1000 0 14 3594 1 4 1
1001 1 1 3599 53 475 79
1002 0 2 3601 5 40 7
1003 0 28 3604 1 4 1
1004 1 3 3610 78 297 117
