0 0 12 5 1 4 1
1 1 3 9 5 40 7
2 0 8 13 56 207 84
3 0 28 17 1 4 1
4 0 2 22 50 447 75
5 0 6 26 1 12 1
6 0 3 30 2 17 3
7 0 4 34 1 9 1
8 1 5 38 4 33 6
9 0 10 42 2 7 3
10 0 8 46 1 4 1
11 1 12 50 396 1724 594
12 1 4 54 17 143 25
13 1 16 58 8 24 12
14 0 5 62 2 17 3
15 0 2 66 2 17 3
16 0 11 69 3976 20347 5964
17 0 7 73 17 56 25
18 0 9 77 8 24 12
19 1 16 81 1 5 1
20 0 1 85 19 161 28
21 0 2 87 1 9 1
22 0 10 91 1 4 1
23 0 1 95 1 10 1
24 0 47 98 1 5 1
25 0 1 103 8 64 12
26 0 8 106 109 427 163
27 1 6 110 7 21 10
28 0 1 114 49 438 73
29 1 3 117 32 279 48
30 1 1 121 17 143 25
31 0 2 124 129 1212 193
32 0 3 127 1 10 1
33 1 5 131 1 9 1
34 0 2 135 32 279 48
35 0 11 139 4 12 6
36 0 6 143 182 1740 273
37 0 1 147 86 792 129
38 0 5 149 34 298 51
39 0 4 153 7 56 10
40 1 5 157 205679 2651575 308518
41 0 3 161 528 5317 792
42 1 1 165 1 10 1
43 0 3 168 1 10 1
44 0 1 172 2041 21858 3061
45 1 1 175 6 48 9
46 1 9 178 1 4 1
47 1 1 182 1 10 1
48 0 2 184 6 48 9
49 1 1 188 7 56 10
50 1 6 191 8894 101445 13341
51 1 4 195 1 10 1
52 0 1 199 1 11 1
53 0 4 202 153 1450 229
54 0 1 206 1 9 1
55 0 2 209 5574 62345 8361
56 1 1 212 12 99 18
57 1 3 214 37 325 55
58 1 2 218 3304 36138 4956
59 1 3 222 9 73 13
60 1 4 226 1 10 1
61 0 4 230 1 9 1
62 1 1 234 4 32 6
63 0 1 236 1851 19738 2776
64 1 1 239 72 657 108
65 1 3 242 1 9 1
66 0 4 246 46 410 69
67 1 5 250 1 10 1
68 1 1 254 1 9 1
69 1 1 257 18 152 27
70 0 21 259 1 6 1
71 1 4 264 1 10 1
72 0 2 268 587 5940 880
73 0 3 272 31 270 46
74 1 5 276 6 48 9
75 0 2 280 4 33 6
76 0 4 284 1 10 1
77 1 2 288 1 9 1
78 0 2 291 10 81 15
79 0 1 295 70 637 105
80 0 1 298 18 152 27
81 0 9 301 49 179 73
82 1 1 305 6346 71369 9519
83 0 3 308 100 927 150
84 1 6 312 5445 60842 8167
85 0 4 316 3 25 4
86 1 3 320 1 9 1
87 0 1 324 8144 92551 12216
88 1 2 327 2757 29919 4135
89 1 7 330 1 4 1
90 1 2 334 2 17 3
91 0 6 338 41045 497854 61567
92 0 10 342 38 135 57
93 0 2 346 1 9 1
94 1 3 350 935594 12731907 1403391
95 0 3 354 2 17 3
96 1 15 358 128303 804204 192454
97 1 1 362 3314 36251 4971
98 1 1 365 1 9 1
99 1 2 368 1 11 1
100 0 5 372 50 447 75
101 0 16 376 1 4 1
102 0 6 380 833 8568 1249
103 1 4 384 1 9 1
104 1 2 388 32 279 48
105 1 1 392 7 56 10
106 0 2 395 116 1084 174
107 1 1 398 970 10046 1455
108 1 2 401 125 1173 187
109 1 2 404 1765 18781 2647
110 1 2 408 7246 81945 10869
111 1 3 411 3 25 4
112 1 3 415 33 288 49
113 1 2 419 482 4833 723
114 0 2 422 135 1272 202
115 1 4 425 2 17 3
116 1 3 429 1 9 1
117 1 2 433 2389 25763 3583
118 1 2 437 90 830 135
119 1 8 441 5 15 7
120 0 2 445 33 288 49
121 1 3 449 1 9 1
122 0 16 453 89 343 133
123 1 2 457 1 9 1
124 1 7 460 231 964 346
125 0 1 464 50 447 75
126 1 2 467 14 116 21
127 1 3 471 2552 27601 3828
128 1 3 475 1 9 1
129 0 5 479 2 17 3
130 0 2 483 7 56 10
131 1 8 486 4 12 6
132 0 2 490 15 125 22
133 0 4 493 7 56 10
134 0 32 497 408 1780 612
135 1 1 502 1971 21076 2956
136 1 1 505 7 56 10
137 1 3 507 1 14 1
138 1 7 511 19 63 28
139 1 13 515 111 436 166
140 0 2 519 5 40 7
141 0 1 523 1 9 1
142 0 2 526 1 10 1
143 1 2 530 1 10 1
144 1 2 533 27422 327383 41133
145 1 3 536 19 161 28
146 0 2 540 7 56 10
147 0 1 544 1 9 1
148 0 1 547 8 64 12
149 0 5 550 187 1791 280
150 1 4 554 6097 68453 9145
151 1 2 558 44 391 66
152 0 1 561 3 25 4
153 0 3 564 1512 15978 2268
154 1 2 568 434 4329 651
155 0 9 571 58 215 87
156 1 32 575 19997 113033 29995
157 0 1 580 537 5411 805
158 1 1 583 1 9 1
159 1 6 586 1 3 1
160 1 1 590 80 734 120
161 0 2 593 1 9 1
162 0 1 596 1 11 1
163 0 2 599 65 590 97
164 1 1 602 1 9 1
165 0 1 605 2 17 3
166 1 3 608 1 10 1
167 0 1 612 1 9 1
168 0 8 615 1 3 1
169 0 4 619 29 252 43
170 0 1 623 2 17 3
171 0 1 626 1 10 1
172 0 3 629 2155725 30187035 3233587
173 1 51 633 12 38 18
174 1 1 638 2 17 3
175 0 3 640 1 9 1
176 1 1 644 1 11 1
177 1 7 647 833 3831 1249
178 0 2 651 1 10 1
179 0 2 655 158 1500 237
180 1 3 658 1 9 1
181 1 3 662 1 9 1
182 0 8 666 2 6 3
183 0 1 670 2 17 3
184 0 2 673 3 25 4
185 1 1 677 1 9 1
186 1 1 680 1 9 1
187 0 2 682 6 48 9
188 0 3 685 4 33 6
189 1 13 689 1 3 1
190 0 5 693 24 206 36
191 0 5 697 1 10 1
192 0 2 701 1 10 1
193 0 3 705 1 10 1
194 1 3 709 1 9 1
195 1 10 713 167 679 250
196 1 3 717 1 9 1
197 0 1 721 2 17 3
198 1 2 724 9 72 13
199 1 2 727 415 4131 622
200 0 3 731 2 17 3
201 0 1 735 3 25 4
202 0 1 738 265 2581 397
203 1 13 741 334 1435 501
204 0 1 745 1 10 1
205 1 2 748 4 33 6
206 0 2 752 8 64 12
207 1 2 756 1 9 1
208 1 7 760 1 5 1
209 0 16 764 60 223 90
210 1 7 769 1121 5267 1681
211 1 5 773 1 10 1
212 1 1 777 1 10 1
213 1 6 780 1 10 1
214 1 5 784 2 17 3
215 1 2 788 9 73 13
216 1 8 792 1 5 1
217 1 5 796 1 9 1
218 1 5 800 18 152 27
219 0 4 804 6 48 9
220 1 9 808 10 31 15
221 1 2 812 3 25 4
222 0 3 815 1 11 1
223 0 6 819 19 63 28
224 0 2 823 1 9 1
225 0 3 827 1 9 1
226 1 29 831 1 4 1
227 0 2 836 13 107 19
228 1 1 840 412 4100 618
229 0 6 843 20 169 30
230 0 5 847 277 2704 415
231 1 9 851 868 4004 1302
232 0 4 855 11 90 16
233 1 2 859 1 9 1
234 1 6 863 3 25 4
235 1 2 867 309 3033 463
236 1 7 870 1 6 1
237 1 5 874 1095 11404 1642
238 0 6 878 1 8 1
239 1 9 882 1 4 1
240 1 4 886 1 9 1
241 0 9 890 1 3 1
242 0 9 894 10 31 15
243 0 3 898 3 25 4
244 0 4 902 162 1540 243
245 0 14 906 515 2286 772
246 1 2 910 35 307 52
247 0 6 914 1 15 1
248 0 5 918 2 17 3
249 0 5 922 487 4885 730
250 1 6 926 1049 10904 1573
251 0 2 930 183 1750 274
252 1 1 933 956 9895 1434
253 1 6 936 1567 16586 2350
254 1 1 940 1 12 1
255 0 1 943 1 10 1
256 0 8 946 3 9 4
257 0 5 950 1 11 1
258 0 3 954 1 9 1
259 1 1 958 1 11 1
260 1 10 961 142 569 213
261 0 6 965 9 73 13
262 0 2 969 3 25 4
263 1 2 972 25 215 37
264 1 1 975 6977 78778 10465
265 0 9 978 21082 119535 31623
266 0 9 982 284258 1856604 426387
267 0 3 986 1 9 1
268 0 3 990 27 233 40
269 0 14 994 4 12 6
270 1 5 998 1 10 1
271 1 2 1002 184 1761 276
272 1 2 1006 1 10 1
273 1 4 1009 36 316 54
274 0 4 1013 1 10 1
275 1 5 1017 20 170 30
276 0 1 1021 306683 4011653 460024
277 1 11 1024 154 622 231
278 0 21 1028 1 4 1
279 1 2 1033 6536 73597 9804
280 1 5 1037 220 2124 330
281 1 3 1041 330 3249 495
282 1 18 1045 1379 6573 2068
283 1 23 1050 47 171 70
284 1 1 1055 46 409 69
285 1 4 1057 1 9 1
286 1 2 1061 16 134 24
287 0 20 1065 1 3 1
288 1 5 1070 11 90 16
289 1 3 1074 1 10 1
290 0 18 1078 92256 568186 138384
291 0 5 1083 534 5380 801
292 1 7 1087 1 6 1
293 0 5 1091 13 107 19
294 1 11 1095 2 7 3
295 0 2 1099 6 48 9
296 1 1 1103 5 40 7
297 0 2 1106 12644 146322 18966
298 0 2 1110 40 353 60
299 0 2 1114 53 476 79
300 0 2 1117 78 714 117
301 0 11 1121 48691 289574 73036
302 1 4 1125 1 12 1
303 0 1 1129 85 782 127
304 1 3 1132 7 56 10
305 0 3 1136 2 17 3
306 0 4 1140 1561 16519 2341
307 0 7 1144 495 2191 742
308 1 6 1148 1 8 1
309 1 6 1152 5 15 7
310 0 22 1156 6 18 9
311 0 6 1161 1 9 1
312 0 2 1165 57 513 85
313 0 18 1169 4 12 6
314 1 2 1174 8 64 12
315 0 1 1177 1 10 1
316 1 3 1180 1 11 1
317 1 3 1184 26 224 39
318 0 4 1188 106 986 159
319 1 1 1192 5 40 7
320 1 9 1195 54 199 81
321 0 11 1199 1 4 1
322 1 2 1203 53 476 79
323 1 2 1206 9 73 13
324 1 2 1210 1 9 1
325 1 2 1214 1211 12670 1816
326 1 3 1218 1 12 1
327 1 3 1222 9 73 13
328 1 31 1226 41 147 61
329 1 1 1231 1 11 1
330 1 3 1234 66 599 99
331 1 6 1238 5 40 7
332 1 3 1242 5543 61983 8314
333 1 4 1246 1 13 1
334 1 1 1250 1 8 1
335 0 3 1253 312 3064 468
336 0 31 1257 1 3 1
337 1 1 1262 4 33 6
338 0 6 1265 3 9 4
339 0 1 1269 24 206 36
340 1 2 1272 1 12 1
341 0 2 1276 2 17 3
342 1 2 1280 1810388 25201709 2715582
343 0 3 1284 50 447 75
344 1 1 1288 1 9 1
345 1 5 1291 11 90 16
346 0 1 1295 1 9 1
347 1 1 1298 56300 691305 84450
348 1 5 1301 1788 19037 2682
349 1 2 1305 1 10 1
350 0 7 1309 1 5 1
351 0 2 1313 734 7505 1101
352 1 7 1317 1 4 1
353 1 2 1321 6 48 9
354 0 2 1325 7980 90611 11970
355 0 3 1329 71 647 106
356 1 3 1333 4 33 6
357 0 2 1337 14 116 21
358 1 1 1340 1 9 1
359 0 1 1343 10 81 15
360 0 2 1346 1 9 1
361 0 2 1349 1 9 1
362 0 1 1352 2 17 3
363 1 2 1355 238 2306 357
364 0 2 1359 5873 65834 8809
365 1 8 1362 931 4316 1396
366 1 2 1366 1 11 1
367 1 12 1370 598 2685 897
368 1 3 1374 2 17 3
369 1 7 1378 11 34 16
370 1 2 1382 1126 11742 1689
371 0 3 1386 68 618 102
372 1 4 1390 3 25 4
373 1 3 1394 5203 58026 7804
374 1 37 1398 2476 12283 3714
375 1 2 1403 5 40 7
376 0 13 1406 13 41 19
377 0 1 1410 1 11 1
378 0 24 1413 1 4 1
379 0 3 1418 34 298 51
380 0 7 1422 6880 36458 10320
381 1 14 1426 4 12 6
382 0 3 1430 201 1932 301
383 0 2 1434 63 570 94
384 1 1 1437 5 41 7
385 1 1 1440 1 10 1
386 1 1 1443 7 56 10
387 1 2 1445 1 9 1
388 1 1 1448 1 10 1
389 0 8 1450 2815 14084 4222
390 0 1 1454 1 10 1
391 0 1 1457 45 400 67
392 1 3 1460 19 161 28
393 0 2 1464 1834 19548 2751
394 1 4 1468 1 9 1
395 1 3 1472 3 25 4
396 1 3 1476 1 9 1
397 1 32 1480 117595 733693 176392
398 1 2 1485 48 428 72
399 0 2 1488 1105 11513 1657
400 0 16 1492 8 24 12
401 0 4 1497 1 9 1
402 1 3 1501 199 1911 298
403 1 17 1505 45 163 67
404 1 1 1510 1 8 1
405 0 4 1513 1 9 1
406 0 2 1517 35 307 52
407 0 46 1521 59 219 88
408 1 3 1526 5 40 7
409 0 7 1530 1 4 1
410 1 5 1534 9 73 13
411 1 2 1538 18 152 27
412 1 1 1542 294 2879 441
413 0 3 1545 1 12 1
414 1 19 1549 18 59 27
415 0 12 1554 28344 163489 42516
416 0 2 1558 198 1901 297
417 0 6 1562 305402 2001959 458103
418 0 1 1566 1 9 1
419 1 2 1569 25 215 37
420 0 4 1573 1 10 1
421 1 2 1577 6 48 9
422 0 4 1580 1 10 1
423 0 3 1584 52 466 78
424 1 2 1588 15884 185531 23826
425 0 6 1592 29 252 43
426 0 15 1596 14 45 21
427 0 1 1600 1 9 1
428 0 1 1603 3262 35658 4893
429 0 3 1606 43 381 64
430 1 37 1610 1 5 1
431 0 27 1615 31 108 46
432 0 1 1620 15 125 22
433 1 21 1623 152 613 228
434 0 3 1628 1 9 1
435 1 3 1632 24 206 36
436 0 4 1636 1 9 1
437 1 1 1640 377 3736 565
438 0 13 1643 78 297 117
439 1 4 1647 42 372 63
440 0 5 1651 1 11 1
441 1 22 1655 15 48 22
442 1 6 1660 1 9 1
443 1 1 1664 70911 878452 106366
444 0 4 1667 2 17 3
445 0 3 1671 483 4843 724
446 0 2 1675 71 647 106
447 1 3 1679 1 9 1
448 1 15 1683 1 3 1
449 0 2 1687 6699 75511 10048
450 1 3 1691 382 3788 573
451 0 2 1695 154 1460 231
452 0 2 1699 62 561 93
453 0 4 1703 1 12 1
454 1 10 1707 5 15 7
455 0 1 1711 1 9 1
456 1 4 1714 1 9 1
457 1 2 1718 24 206 36
458 0 9 1722 40 143 60
459 1 3 1726 34 298 51
460 0 62 1730 1 6 1
461 1 8 1735 14 45 21
462 0 2 1739 14 116 21
463 1 2 1742 1 12 1
464 0 8 1746 1 4 1
465 1 1 1750 1 10 1
466 1 5 1753 67 609 100
467 0 1 1757 2195 23583 3292
468 0 14 1760 1 4 1
469 1 2 1764 23 197 34
470 1 5 1768 7 56 10
471 1 7 1772 1 3 1
472 0 4 1776 107626 1354522 161439
473 1 1 1780 159 1510 238
474 0 2 1783 1265087 17396316 1897630
475 0 2 1787 5189 57863 7783
476 0 4 1791 1 10 1
477 1 2 1795 4506 49946 6759
478 0 18 1799 210 870 315
479 0 2 1804 28 243 42
480 0 1 1808 23 197 34
481 0 8 1811 101 393 151
482 0 1 1815 13 107 19
483 1 2 1818 5 41 7
484 0 3 1822 39767 481758 59650
485 1 2 1826 11 90 16
486 0 1 1829 68 618 102
487 1 1 1832 20 170 30
488 0 1 1835 1 9 1
489 1 3 1838 1 10 1
490 0 3 1842 4 33 6
491 0 5 1846 2 17 3
492 1 7 1850 1 5 1
493 1 2 1854 6 48 9
494 0 1 1858 657 6683 985
495 1 1 1860 920 9506 1380
496 0 2 1863 3 25 4
497 1 3 1866 1 11 1
498 0 10 1870 1 4 1
499 0 1 1874 9 73 13
500 0 1 1877 359 3549 538
501 1 2 1880 2 17 3
502 1 3 1883 8 64 12
503 1 8 1887 1 3 1
504 1 3 1891 31 270 46
505 0 11 1895 1 4 1
506 0 4 1899 140 1321 210
507 1 2 1903 1 10 1
508 1 1 1907 3 25 4
509 0 9 1910 246 1032 369
510 1 12 1914 188 771 282
511 0 1 1918 779 7987 1168
512 0 6 1921 19455 229108 29182
513 0 2 1925 2 17 3
514 0 2 1929 303 2971 454
515 1 1 1933 1 12 1
516 1 12 1936 3680 18738 5520
517 0 4 1940 1 9 1
518 1 3 1944 98 908 147
519 1 2 1948 1 9 1
520 0 2 1952 68 618 102
521 1 1 1956 12 98 18
522 0 3 1959 54 485 81
523 1 15 1963 1 3 1
524 1 1 1967 1 11 1
525 0 2 1970 1 9 1
526 1 30 1973 1 3 1
527 1 6 1978 1 10 1
528 1 5 1982 17537 205660 26305
529 1 8 1986 12 38 18
530 0 1 1990 96 888 144
531 1 1 1993 4 33 6
532 0 3 1996 4 33 6
533 0 7 2000 16 52 24
534 0 2 2004 160 1520 240
535 0 1 2008 1 12 1
536 1 1 2011 5 40 7
537 0 1 2014 7 56 10
538 0 2 2017 43 381 64
539 0 4 2021 2 17 3
540 0 3 2025 7 56 10
541 1 2 2029 12758 147696 19137
542 1 3 2033 2 17 3
543 1 2 2037 2 17 3
544 1 10 2041 1 3 1
545 0 2 2045 1 9 1
546 0 2 2048 17 143 25
547 1 1 2052 1 11 1
548 0 6 2054 6 18 9
549 0 3 2058 6 48 9
550 0 6 2062 36 127 54
551 0 2 2066 1 10 1
552 1 2 2070 10 81 15
553 0 3 2073 1 12 1
554 0 2 2077 18 152 27
555 0 10 2081 128 509 192
556 0 1 2085 1 13 1
557 1 2 2088 9 73 13
558 1 5 2092 3587 39372 5380
559 0 3 2096 41 362 61
560 0 2 2100 203 1952 304
561 1 1 2104 9064 103465 13596
562 0 10 2107 19 63 28
563 0 2 2111 1 10 1
564 0 5 2115 246 2388 369
565 1 2 2119 1 10 1
566 0 1 2122 18 152 27
567 1 2 2125 7 56 10
568 1 2 2128 14 116 21
569 0 1 2131 1 9 1
570 0 6 2134 120 1124 180
571 0 3 2138 110 1026 165
572 1 3 2142 596 6035 894
573 0 2 2146 1 9 1
574 0 4 2150 21 179 31
575 1 1 2154 9 73 13
576 0 2 2157 3409 37336 5113
577 0 7 2161 43 155 64
578 1 3 2165 29076 347935 43614
579 0 2 2169 2 17 3
580 0 1 2172 5 40 7
581 1 2 2175 3 25 4
582 0 3 2178 19 161 28
583 1 3 2182 100 928 150
584 0 21 2186 143 574 214
585 0 2 2191 1 9 1
586 0 3 2195 229014 2964047 343521
587 1 13 2199 968 4500 1452
588 0 2 2203 63 570 94
589 1 51 2207 633 2854 949
590 1 10 2212 4 12 6
591 1 2 2216 18 152 27
592 1 7 2220 16 52 24
593 0 1 2224 13 107 19
594 1 1 2227 27776 331777 41664
595 0 1 2230 1 9 1
596 1 4 2233 470 4706 705
597 1 3 2237 2 17 3
598 1 3 2241 5 40 7
599 0 4 2245 40 353 60
600 1 1 2249 1 9 1
601 0 1 2252 2646 28663 3969
602 0 1 2255 1 9 1
603 0 4 2258 2 17 3
604 0 10 2262 14 45 21
605 0 1 2266 1 9 1
606 1 1 2269 1039 10795 1558
607 0 11 2271 131 522 196
608 0 4 2275 1289 13524 1933
609 0 4 2279 33 288 49
610 1 2 2283 1181 12342 1771
611 1 1 2287 45 400 67
612 0 8 2290 2310 11406 3465
613 0 2 2294 955 9884 1432
614 0 3 2298 31 270 46
615 0 14 2302 3 10 4
616 0 2 2306 8397 95548 12595
617 1 3 2310 70 637 105
618 0 3 2314 1 11 1
619 0 3 2318 145 1371 217
620 0 1 2322 1 9 1
621 1 2 2324 30 260 45
622 0 4 2327 456 4560 684
623 1 2 2331 41 363 61
624 1 7 2335 1 4 1
625 1 10 2339 1 3 1
626 0 1 2343 89 821 133
627 1 2 2346 1 9 1
628 1 2 2350 1 10 1
629 0 1 2354 3 25 4
630 1 1 2357 1 9 1
631 1 6 2360 217 2093 325
632 1 2 2364 641 6513 961
633 1 3 2368 6 48 9
634 0 1 2372 1 9 1
635 0 2 2375 24 206 36
636 0 4 2378 7 56 10
637 1 4 2382 1 9 1
638 1 4 2386 20 170 30
639 0 15 2390 81 309 121
640 0 5 2394 6318 71041 9477
641 1 3 2398 60 542 90
642 0 2 2402 1 9 1
643 1 2 2406 930 9614 1395
644 1 3 2409 142 1341 213
645 0 5 2413 5 40 7
646 1 8 2417 1 4 1
647 0 3 2421 1175 12276 1762
648 1 1 2425 819 8417 1228
649 0 4 2428 380 3767 570
650 1 3 2432 1 11 1
651 1 19 2436 1 4 1
652 0 2 2441 9 73 13
653 1 9 2445 491 2172 736
654 0 2 2449 1 9 1
655 0 6 2453 87 801 130
656 0 4 2457 74 676 111
657 0 1 2461 6602 74372 9903
658 1 2 2464 10 81 15
659 1 2 2468 19415 228618 29122
660 0 2 2471 149 1411 223
661 0 3 2474 51 457 76
662 0 10 2478 293 1246 439
663 0 7 2482 2159 10612 3238
664 0 2 2486 2 17 3
665 0 4 2490 1 9 1
666 0 19 2494 3589 18245 5383
667 0 9 2499 1 3 1
668 1 2 2503 1 9 1
669 0 4 2506 1 9 1
670 1 2 2510 2435 26281 3652
671 0 6 2513 23 197 34
672 0 1 2517 1 9 1
673 1 2 2520 1 9 1
674 1 6 2524 76 289 114
675 0 1 2528 10 81 15
676 0 6 2531 4 33 6
677 1 1 2535 722 7377 1083
678 1 1 2538 1577 16696 2365
679 0 7 2541 1 3 1
680 1 12 2545 30 104 45
681 1 16 2549 12427 68286 18640
682 1 5 2553 1 9 1
683 1 4 2557 1 9 1
684 1 1 2561 1 9 1
685 0 4 2563 1 9 1
686 0 4 2567 977 10122 1465
687 0 6 2571 478 4790 717
688 1 2 2575 9944 113946 14916
689 0 3 2578 47 419 70
690 0 1 2582 2 17 3
691 0 4 2585 124 1163 186
692 1 1 2589 1 13 1
693 0 7 2592 3 9 4
694 1 1 2596 22 188 33
695 0 1 2598 178 1700 267
696 0 7 2601 1 4 1
697 0 1 2605 25 215 37
698 1 2 2608 91 840 136
699 1 4 2612 12 98 18
700 0 54 2616 1 4 1
701 0 3 2621 160263 2047166 240394
702 1 1 2625 47 419 70
703 0 6 2628 22 74 33
704 0 3 2632 5 40 7
705 1 2 2636 20 170 30
706 1 1 2639 45 400 67
707 1 2 2641 1 9 1
708 1 6 2644 1 10 1
709 0 8 2648 1 4 1
710 1 1 2652 37375 451683 56062
711 1 2 2654 154 1460 231
712 0 6 2658 1 9 1
713 0 6 2662 2 17 3
714 1 1 2666 2 17 3
715 0 10 2669 16 52 24
716 1 3 2673 1 9 1
717 1 5 2677 1 11 1
718 1 7 2681 1 3 1
719 0 9 2685 1 3 1
720 1 2 2689 780 7998 1170
721 1 7 2693 100 389 150
722 1 3 2697 10 81 15
723 1 4 2701 17 143 25
724 1 6 2705 7 56 10
725 1 14 2709 1708406 12172786 2562609
726 1 2 2713 116 1084 174
727 1 1 2717 2 17 3
728 1 3 2720 1 11 1
729 1 3 2724 1 9 1
730 0 2 2728 2 17 3
731 0 2 2731 538 5422 807
732 1 42 2735 19 63 28
733 1 6 2740 1745 18559 2617
734 0 2 2744 2111 22642 3166
735 0 2 2748 1 10 1
736 1 2 2752 1568 16597 2352
737 1 8 2756 67 252 100
738 0 2 2760 1 12 1
739 0 34 2763 2 7 3
740 1 2 2768 1 9 1
741 1 5 2771 4 33 6
742 1 6 2775 83 763 124
743 0 13 2779 23 78 34
744 0 1 2783 14 116 21
745 1 3 2785 76836 954768 115254
746 1 19 2789 137 548 205
747 1 9 2794 1 5 1
748 0 14 2798 91 351 136
749 1 7 2802 8 24 12
750 1 6 2806 1385 6604 2077
751 1 1 2810 179 1710 268
752 0 14 2813 4 12 6
753 1 1 2817 1 8 1
754 1 2 2820 1 11 1
755 0 12 2824 279 1182 418
756 0 1 2828 1 9 1
757 0 1 2831 46 409 69
758 0 1 2834 123 1153 184
759 0 11 2837 33 116 49
760 0 8 2841 1 3 1
761 0 1 2845 3 25 4
762 0 1 2848 1 9 1
763 0 1 2851 723894 9763174 1085841
764 0 1 2854 47 419 70
765 1 1 2857 10 81 15
766 1 2 2860 1 10 1
767 1 5 2863 1 11 1
768 1 1 2867 66 599 99
769 1 2 2870 5 40 7
770 1 1 2874 619 6279 928
771 0 2 2877 1 10 1
772 1 2 2881 12 99 18
773 0 3 2885 1 9 1
774 1 4 2889 1 8 1
775 1 17 2893 8 24 12
776 1 9 2898 1322 6283 1983
777 0 10 2902 1525 7320 2287
778 0 2 2906 207 1992 310
779 0 1 2910 11 90 16
780 1 2 2913 7 56 10
781 0 6 2916 1 8 1
782 1 2 2920 2 17 3
783 0 3 2924 648 6588 972
784 1 2 2928 1 9 1
785 0 1 2932 4 33 6
786 1 6 2935 1 6 1
787 1 1 2939 2521 27251 3781
788 0 1 2942 14 116 21
789 1 1 2945 183 1750 274
790 1 1 2948 10 81 15
791 1 1 2951 34 297 51
792 0 16 2954 1 4 1
793 1 12 2958 2 6 3
794 0 2 2962 1 10 1
795 1 3 2966 1 10 1
796 1 1 2970 2 17 3
797 1 4 2973 4 33 6
798 1 3 2977 1 9 1
799 1 1 2981 39302 475905 58953
800 0 4 2984 3 25 4
801 0 2 2988 1 8 1
802 0 8 2991 3 10 4
803 1 4 2995 6 48 9
804 0 2 2999 3 25 4
805 1 10 3003 18991 107022 28486
806 0 1 3007 1 8 1
807 0 2 3010 2 17 3
808 1 1 3014 4536 50293 6804
809 1 2 3017 193 1851 289
810 0 1 3021 2 17 3
811 0 2 3024 1 9 1
812 1 2 3028 1 9 1
813 1 2 3032 1905 20339 2857
814 0 1 3036 2828 30723 4242
815 0 2 3039 200 1922 300
816 1 1 3042 13 108 19
817 1 6 3045 1 10 1
818 0 2 3049 1 10 1
819 0 2 3052 5 40 7
820 0 4 3056 1235914 16981517 1853871
821 1 2 3060 366 3622 549
822 1 9 3064 786 3600 1179
823 0 2 3068 5 40 7
824 1 1 3072 1 9 1
825 1 2 3075 1 10 1
826 0 6 3079 507 5095 760
827 1 5 3083 18039 211788 27058
828 0 2 3087 1 9 1
829 1 6 3091 9 27 13
830 0 7 3095 1 4 1
831 1 3 3099 12 98 18
832 1 5 3103 1 9 1
833 1 1 3107 129 1212 193
834 0 1 3110 8 64 12
835 0 3 3113 36 316 54
836 1 9 3117 411 1794 616
837 0 2 3121 578 5844 867
838 1 3 3125 1 9 1
839 0 11 3129 1 5 1
840 0 2 3133 12 99 18
841 0 1 3137 1 9 1
842 1 2 3140 77 705 115
843 1 2 3143 13 107 19
844 0 4 3147 1 8 1
845 1 2 3151 1 11 1
846 1 1 3154 1008 10458 1512
847 0 3 3157 1 10 1
848 1 1 3161 5 41 7
849 1 13 3164 6194 32607 9291
850 0 1 3168 162 1540 243
851 0 6 3171 2 17 3
852 0 1 3175 2 17 3
853 0 12 3178 272 1150 408
854 1 4 3182 128456 1627428 192684
855 0 2 3186 1 11 1
856 1 2 3190 5 41 7
857 0 2 3193 1 11 1
858 0 4 3197 4 33 6
859 0 3 3201 4639 51484 6958
860 0 3 3205 4 33 6
861 0 1 3209 19 161 28
862 0 1 3212 38 335 57
863 1 18 3215 1 3 1
864 1 7 3220 609 2738 913
865 1 2 3224 20 170 30
866 0 2 3227 3 25 4
867 1 2 3231 1 10 1
868 1 3 3234 1272 13338 1908
869 0 2 3238 1 9 1
870 0 1 3241 351 3466 526
871 0 2 3244 1 10 1
872 0 2 3247 1 9 1
873 1 2 3251 7 56 10
874 1 5 3254 2 17 3
875 0 9 3258 1 5 1
876 0 2 3262 1 9 1
877 0 3 3265 170 1620 255
878 0 1 3269 1 10 1
879 0 1 3272 4 33 6
880 0 1 3275 1 9 1
881 0 1 3278 1 9 1
882 0 5 3281 1 9 1
883 0 7 3285 11 34 16
884 0 1 3289 120 1124 180
885 1 2 3292 11 90 16
886 1 6 3296 169 1610 253
887 0 6 3300 1 3 1
888 0 1 3304 1 10 1
889 1 2 3307 50 447 75
890 0 3 3311 470 4707 705
891 0 1 3315 1 10 1
892 1 2 3318 1 11 1
893 1 4 3321 22 188 33
894 1 3 3325 7 56 10
895 1 2 3329 12 98 18
896 0 6 3332 1 9 1
897 1 5 3336 1566 16575 2349
898 1 6 3340 117 1094 175
899 1 6 3344 1 4 1
900 0 2 3348 401 3985 601
901 1 2 3351 2 17 3
902 1 2 3355 11 90 16
903 0 2 3358 32 279 48
904 1 5 3362 12 99 18
905 1 1 3366 45 400 67
906 0 4 3369 23 197 34
907 0 3 3373 5943 66652 8914
908 0 2 3377 1 12 1
909 0 1 3381 97 898 145
910 1 9 3384 12 38 18
911 0 2 3388 1 9 1
912 0 1 3392 4 33 6
913 1 1 3395 2 17 3
914 1 1 3398 1 9 1
915 1 2 3401 1 12 1
916 0 3 3405 1 11 1
917 1 2 3409 11 90 16
918 0 1 3413 98 908 147
919 1 2 3416 1 8 1
920 0 1 3419 39 344 58
921 0 9 3422 47 171 70
922 0 4 3426 1013 10513 1519
923 0 1 3430 1 11 1
924 1 2 3433 26 224 39
925 0 8 3436 2 6 3
926 1 5 3440 1 11 1
927 0 4 3444 1 11 1
928 0 2 3448 2 17 3
929 1 2 3452 8 64 12
930 1 9 3456 2388 11817 3582
931 0 5 3460 209 2012 313
932 0 8 3464 81 309 121
933 1 8 3468 1 5 1
934 1 12 3472 1 3 1
935 0 2 3476 35 307 52
936 0 3 3479 992 10285 1488
937 0 4 3483 1 9 1
938 1 6 3487 6 48 9
939 1 7 3491 17 55 25
940 0 1 3495 2029 21724 3043
941 0 2 3498 3 25 4
942 0 2 3502 69 628 103
943 0 1 3506 1 10 1
944 0 3 3509 12 99 18
945 1 2 3513 1127 11752 1690
946 1 1 3517 1 8 1
947 1 2 3519 5 40 7
948 1 1 3523 6440 72471 9660
949 1 6 3526 1 10 1
950 1 1 3530 6 48 9
951 0 5 3533 1 9 1
952 0 1 3537 86384 1078198 129576
953 1 9 3540 238 996 357
954 1 4 3544 1 12 1
955 0 3 3548 14 116 21
956 0 1 3552 132 1242 198
957 0 1 3555 250 2429 375
958 1 1 3558 1 9 1
959 1 8 3561 2 6 3
960 1 20 3565 1 3 1
961 0 2 3570 1 10 1
962 0 4 3573 6 48 9
963 1 1 3577 166 1580 249
964 1 2 3580 1 10 1
965 0 1 3584 2 17 3
966 1 2 3587 73 666 109
967 0 4 3591 37 325 55
968 0 2 3595 227 2195 340
969 1 29 3598 1 4 1
970 1 38 3603 1 3 1
971 0 4 3608 197 1891 295
