0 1 1 5 104 967 156
1 1 2 13 15 125 22
2 1 12 26 1 4 1
3 0 3 46 7 21 10
4 0 2 60 4012 44250 6018
5 1 2 73 2333 25133 3499
6 0 4 86 4 12 6
7 1 15 102 2 6 3
8 1 2 122 14569 169576 21853
9 0 2 135 423 4215 634
10 1 5 149 133 530 199
11 0 1 166 1 12 1
12 0 1 171 4207 46495 6310
13 1 1 178 113 1055 169
14 0 2 188 1 10 1
15 1 4 202 6 18 9
16 1 2 218 4 33 6
17 1 2 230 109 1016 163
18 1 8 243 1156 5442 1734
19 0 3 262 3 9 4
20 0 4 277 3 10 4
21 0 1 292 105 977 157
22 1 1 300 500 5022 750
23 0 3 310 1 3 1
24 1 4 325 3 9 4
25 0 1 341 803 8245 1204
26 1 1 350 7 56 10
27 1 4 361 243 1018 364
28 1 1 377 2 17 3
29 1 9 387 165287 1049882 247930
30 0 3 406 3 9 4
31 1 1 421 1 10 1
32 1 1 431 27662 330362 41493
33 0 7 440 10 31 15
34 1 13 458 1 3 1
35 0 5 478 6557 34642 9835
36 0 3 495 1891 9212 2836
37 1 1 510 69 627 103
38 0 3 519 129 513 193
39 1 2 534 1 9 1
40 0 3 547 1 4 1
41 0 8 562 1 3 1
42 1 2 581 77 704 115
43 1 3 593 160 1520 240
44 1 13 607 59 219 88
45 1 14 627 1 5 1
46 0 3 647 2 7 3
47 1 2 662 817 8395 1225
48 0 1 674 1 11 1
49 0 2 685 1 9 1
50 1 1 698 7 56 10
51 0 5 709 93 360 139
52 1 6 726 322 1379 483
53 1 6 743 2 7 3
54 0 2 760 2 17 3
55 0 1 772 7 56 10
56 1 2 783 1 11 1
57 1 5 797 36 128 54
58 0 4 814 1 5 1
59 1 1 830 1 9 1
60 0 5 841 160 648 240
61 1 3 858 1 5 1
62 1 3 873 1 9 1
63 1 1 887 15 125 22
64 1 12 895 169344 1077012 254016
65 0 1 915 1 9 1
66 0 9 926 10 31 15
67 1 8 945 2 6 3
68 0 1 963 4 33 6
69 0 4 973 328 1407 492
70 0 29 989 3 9 4
71 1 3 1011 2 7 3
72 0 4 1026 6091 32032 9136
73 1 3 1042 1 10 1
74 1 1 1056 3 25 4
75 1 17 1067 1 3 1
76 0 5 1088 19 63 28
77 1 3 1105 1894 9227 2841
78 1 2 1120 12 99 18
79 0 4 1134 1 4 1
80 0 11 1150 8 24 12
81 1 2 1169 8 64 12
82 0 2 1182 810 8320 1215
83 1 3 1195 3 9 4
84 1 2 1210 114 1065 171
85 0 18 1223 273 1154 409
86 1 3 1244 16 52 24
87 1 1 1259 20 170 30
88 0 1 1268 355 3508 532
89 1 11 1278 1 4 1
90 0 5 1298 76 289 114
91 1 11 1315 391 1700 586
92 0 2 1335 9 72 13
93 1 4 1348 126 500 189
94 1 4 1363 10 31 15
95 0 11 1379 506197 3402894 759295
96 1 2 1399 37 325 55
97 0 1 1413 2 17 3
98 1 2 1424 32035 384812 48052
99 0 12 1438 1 4 1
100 1 2 1458 21 179 31
101 0 1 1470 1 9 1
102 0 1 1478 1 10 1
103 0 3 1488 1 4 1
104 0 2 1503 1 9 1
105 1 1 1515 1 10 1
106 0 1 1526 124 1163 186
107 1 1 1537 6 48 9
108 1 14 1547 747 3409 1120
109 0 14 1567 37 131 55
110 1 1 1587 27 233 40
111 0 1 1593 3 25 4
112 1 2 1600 2 17 3
113 0 5 1612 10 31 15
114 0 2 1629 2 17 3
115 0 1 1641 1 11 1
116 0 3 1652 1612 17084 2418
117 1 1 1666 15 125 22
118 1 3 1674 1023 10621 1534
119 0 2 1688 542 5464 813
120 0 1 1702 10 81 15
121 0 6 1712 3 10 4
122 0 1 1730 1 10 1
123 1 2 1737 1732 18414 2598
124 1 2 1749 10938 125830 16407
125 1 3 1762 216 896 324
126 1 2 1777 8 64 12
127 1 10 1790 1 6 1
128 0 4 1809 4114 21100 6171
129 0 5 1825 15815 88165 23722
130 1 5 1841 78 297 117
131 1 5 1857 1 4 1
132 0 1 1874 1 9 1
133 0 3 1882 7 21 10
134 0 1 1897 140 1321 210
135 1 2 1908 8989 102574 13483
136 1 1 1921 1 11 1
137 1 6 1931 11236 61367 16854
138 0 18 1949 8 24 12
139 0 2 1970 236 2286 354
140 0 37 1983 1 3 1
141 0 4 2006 11 34 16
142 0 17 2022 11 34 16
143 1 13 2043 95 368 142
144 0 3 2063 1 4 1
145 0 5 2078 99 385 148
146 1 1 2095 181 1730 271
147 1 2 2106 10 81 15
148 1 2 2120 660 6715 990
149 1 2 2132 1827 19470 2740
150 0 1 2145 2 17 3
151 1 14 2148 1 3 1
152 0 2 2168 1930 20618 2895
153 1 18 2181 2 7 3
154 0 4 2202 31 108 46
155 0 2 2218 2378 25639 3567
156 1 2 2231 4 32 6
157 0 2 2244 13263 153785 19894
158 0 3 2258 24 206 36
159 1 4 2272 1 3 1
160 0 2 2288 1 12 1
161 1 2 2302 7 56 10
162 1 2 2315 166 1580 249
163 1 6 2328 1 4 1
164 1 15 2345 4060 20805 6090
165 1 3 2365 1 10 1
166 0 2 2379 145 1371 217
167 1 2 2393 1 9 1
168 1 1 2405 28077 335516 42115
169 1 18 2412 191 785 286
170 0 3 2433 1 6 1
171 0 2 2448 245 2378 367
172 0 3 2461 38 335 57
173 0 1 2475 9095 103834 13642
174 1 14 2484 1 3 1
175 0 2 2504 831 8546 1246
176 1 2 2518 1 9 1
177 0 1 2532 137 1291 205
178 0 44 2540 1 3 1
179 1 5 2563 5 15 7
180 0 6 2580 7250 38545 10875
181 1 2 2597 8 64 12
182 0 1 2610 71 647 106
183 0 3 2619 1 9 1
184 1 2 2633 195 1871 292
185 0 2 2646 1 10 1
186 0 5 2659 3 9 4
187 0 9 2676 5 15 7
188 0 1 2695 16 134 24
189 0 3 2706 3 10 4
190 0 2 2721 1 11 1
191 1 1 2735 1 10 1
192 1 3 2746 1 4 1
193 1 2 2761 4 33 6
194 1 2 2773 26 224 39
195 0 10 2786 4 12 6
196 1 4 2805 1 4 1
197 1 3 2821 666 6779 999
198 0 2 2835 12 98 18
199 1 6 2847 1 3 1
200 1 2 2864 1 11 1
201 0 4 2877 1 4 1
202 1 1 2893 137 1291 205
203 0 6 2904 34 120 51
204 1 2 2921 102 947 153
205 0 2 2934 2 17 3
206 0 4 2948 66 247 99
207 1 3 2964 861 8869 1291
208 1 2 2978 6793 76615 10189
209 0 2 2992 2 17 3
210 1 4 3004 128 509 192
211 1 1 3020 1 9 1
212 1 6 3031 15 48 22
213 0 1 3048 3 25 4
214 1 16 3059 1 5 1
215 1 4 3080 2 6 3
216 0 2 3096 1 10 1
217 1 3 3108 1 11 1
218 0 10 3122 2 6 3
219 1 1 3141 3 25 4
220 1 2 3152 11 90 16
221 1 7 3164 13 41 19
222 1 2 3182 68211 843752 102316
223 1 5 3194 1 4 1
224 1 14 3211 5 15 7
225 0 5 3231 7 21 10
226 0 1 3248 1 9 1
227 0 9 3259 1 4 1
228 1 4 3278 6 18 9
229 1 4 3294 415 1813 622
230 1 11 3309 4 12 6
231 0 3 3328 552 2463 828
232 1 1 3343 70 637 105
233 0 5 3352 2 7 3
234 1 14 3369 1 4 1
235 0 11 3389 39 139 58
236 1 4 3408 477 2106 715
237 0 2 3424 3 25 4
238 1 2 3437 55 494 82
239 0 15 3450 34 120 51
240 1 5 3470 1 3 1
241 1 3 3486 1 4 1
242 0 8 3501 25 85 37
243 1 8 3520 1 4 1
244 1 1 3538 36770 444087 55155
245 0 2 3548 645 6556 967
246 1 1 3560 15 125 22
247 1 4 3569 1 4 1
248 1 2 3585 1 8 1
249 1 1 3598 1 9 1
250 0 2 3609 31 270 46
