0 0 12 5 1 4 1
1 0 4 9 4 33 6
2 0 6 13 1 9 1
3 0 1 17 118 1104 177
4 0 9 20 1 4 1
5 1 4 24 3 25 4
6 1 1 28 1 9 1
7 0 1 31 5 40 7
8 0 16 34 185 758 277
9 1 3 38 1 9 1
10 0 2 42 1 9 1
11 0 6 45 55223 677576 82834
12 1 1 49 1 9 1
13 1 1 51 1 10 1
14 1 3 54 13 108 19
15 0 2 58 1 9 1
16 0 4 62 20 169 30
17 1 5 66 2 17 3
18 0 2 70 59564 732971 89346
19 1 14 74 2 7 3
20 1 2 78 219399 2835152 329098
21 1 10 81 41 147 61
22 0 7 85 43 155 64
23 1 11 89 1 4 1
24 1 2 93 2 17 3
25 0 3 97 1 9 1
26 1 2 101 17 143 25
27 0 3 105 32 279 48
28 0 2 109 30 260 45
29 0 7 113 1223 5781 1834
30 1 4 117 77 704 115
31 0 8 121 1 3 1
32 0 2 125 384 3809 576
33 1 1 128 1 11 1
34 0 2 131 12 99 18
35 0 1 135 1 8 1
36 1 2 138 2 17 3
37 0 1 141 41 362 61
38 0 1 144 14 116 21
39 1 2 146 54 485 81
40 1 1 149 1 11 1
41 1 6 152 162 1540 243
42 0 2 156 6 48 9
43 1 4 160 2556 27646 3834
44 0 81 164 1 5 1
45 1 9 169 1 4 1
46 0 2 173 115 1074 172
47 1 15 177 18 59 27
48 1 6 181 128 1203 192
49 1 1 185 709 7238 1063
50 0 2 188 28 242 42
51 0 1 192 1 8 1
52 1 15 195 1 3 1
53 0 5 199 1 10 1
54 1 4 203 20 170 30
55 0 2 207 7330 82935 10995
56 1 1 211 1 9 1
57 0 1 214 120 1123 180
58 0 3 217 5013 55819 7519
59 0 1 221 1 10 1
60 0 4 224 19230 226353 28845
61 0 3 228 44 391 66
62 0 1 232 3582 39315 5373
63 1 2 235 8 64 12
64 1 2 239 4 33 6
65 0 1 243 6 48 9
66 1 1 246 22 188 33
67 0 9 249 1 3 1
68 1 18 253 7501 39964 11251
69 0 1 258 1 10 1
70 1 4 261 293 2868 439
71 1 6 265 6 48 9
72 1 3 269 2025 21679 3037
73 0 2 273 1 9 1
74 1 6 276 30501 365677 45751
75 0 2 280 13 107 19
76 1 2 283 1 9 1
77 0 4 287 1 8 1
78 1 2 291 1 8 1
79 1 3 294 73 666 109
80 1 16 298 43 155 64
81 1 1 303 1 10 1
82 0 1 306 8 64 12
83 0 3 309 94 869 141
84 1 17 313 4 12 6
85 1 4 318 7 56 10
86 0 2 322 10 81 15
87 0 10 325 1794 8708 2691
88 0 2 329 1 11 1
89 1 4 333 13 107 19
90 0 1 337 1 11 1
91 0 17 340 355 1532 532
92 1 1 345 1 9 1
93 1 3 348 1 8 1
94 0 2 352 1 11 1
95 0 4 355 5 40 7
96 0 2 359 9 72 13
97 0 3 363 157 1490 235
98 1 6 367 1 13 1
99 0 32 371 5 15 7
100 1 8 376 216 897 324
101 1 5 380 17 143 25
102 1 1 384 1 9 1
103 1 1 387 7 56 10
104 0 6 390 11 90 16
105 1 1 394 413 4110 619
106 0 2 397 1 9 1
107 0 6 401 1 4 1
108 0 3 405 3 25 4
109 1 1 409 7 56 10
110 1 44 412 1 4 1
111 1 3 417 133 1252 199
112 1 3 421 22 188 33
113 0 1 425 42 372 63
114 1 11 428 1164 5483 1746
115 1 17 432 1 4 1
116 0 11 437 14 45 21
117 0 7 441 118 466 177
118 1 5 445 174 1660 261
119 1 3 449 1 10 1
120 0 4 453 1 9 1
121 1 2 457 1 14 1
122 0 8 461 1 4 1
123 0 5 465 3 25 4
124 1 1 469 1 11 1
125 0 1 472 1 13 1
126 1 5 474 8033 91238 12049
127 0 3 478 1 10 1
128 1 3 482 1 9 1
129 0 1 486 1 10 1
130 1 1 489 1 9 1
131 1 1 492 1 10 1
132 1 3 495 1695 18004 2542
133 0 3 499 10 81 15
134 0 1 503 1 12 1
135 0 2 506 1 8 1
136 0 16 510 2 6 3
137 1 3 514 1 9 1
138 1 3 518 62 561 93
139 1 1 522 106806 1343816 160209
140 0 5 525 20 169 30
141 1 7 529 272 1150 408
142 0 1 533 3174 34655 4761
143 0 1 535 22100 261589 33150
144 1 40 538 3 10 4
145 0 3 543 1 9 1
146 1 6 547 893 9214 1339
147 0 2 551 1 11 1
148 0 2 555 792 8127 1188
149 1 1 558 1 11 1
150 1 2 561 1 10 1
151 0 4 564 9 72 13
152 1 10 568 2 7 3
153 0 1 572 11102 127795 16653
154 0 2 575 433 4319 649
155 1 1 579 91 840 136
156 1 2 582 1 10 1
157 1 5 586 1 9 1
158 1 3 590 1 9 1
159 0 3 594 1 11 1
160 0 6 598 11083 127567 16624
161 0 13 602 8 24 12
162 1 7 606 1 4 1
163 0 3 610 8 64 12
164 1 3 614 37 325 55
165 0 3 618 1 9 1
166 1 4 622 1 9 1
167 1 1 626 15 125 22
168 0 2 628 1 9 1
169 0 4 632 1550 16398 2325
170 0 6 636 1 10 1
171 0 1 640 7 56 10
172 1 4 642 17 143 25
173 1 5 646 656 6673 984
174 0 4 650 12 99 18
175 0 5 654 1 9 1
176 1 1 658 2 17 3
177 1 3 661 1 9 1
178 0 4 665 2 17 3
179 1 3 669 20 170 30
180 1 5 673 1 10 1
181 1 9 677 1 4 1
182 0 3 681 1 9 1
183 0 2 685 2002 21422 3003
184 1 2 689 145 1371 217
185 1 1 693 44 391 66
186 0 2 696 2 17 3
187 1 2 700 1 9 1
188 1 4 704 41 363 61
189 0 11 708 1 3 1
190 0 2 712 2925 31824 4387
191 1 4 716 19 161 28
192 1 2 720 364 3601 546
193 0 4 724 1 12 1
194 1 7 728 147 591 220
195 0 3 732 131 1232 196
196 0 14 736 1 3 1
197 0 10 740 2457 12182 3685
198 0 3 744 397 3944 595
199 1 2 748 34146 411200 51219
200 0 1 751 3 25 4
201 0 2 754 38 335 57
202 0 5 757 1 11 1
203 0 4 761 1 8 1
204 1 3 765 1 9 1
205 0 5 769 1 9 1
206 1 2 773 2 17 3
207 1 3 776 1 9 1
208 0 1 780 1 10 1
209 1 29 783 12 38 18
210 1 11 788 33 116 49
211 1 1 792 377 3736 565
212 1 7 795 58 215 87
213 0 3 799 1 12 1
214 0 1 803 10 81 15
215 0 8 806 131 522 196
216 1 10 810 1 4 1
217 0 2 814 1 10 1
218 1 4 818 1 11 1
219 1 1 822 594 6014 891
220 0 16 825 1 4 1
221 1 11 830 12 38 18
222 0 7 834 2 7 3
223 1 3 838 11 90 16
224 1 29 842 5 15 7
225 0 7 847 2057 10078 3085
226 1 2 851 5 40 7
227 1 1 855 6 48 9
228 0 2 858 1 9 1
229 1 13 862 1 3 1
230 0 4 866 1 10 1
231 1 7 870 11 34 16
232 0 7 874 7 21 10
233 0 1 878 149 1411 223
234 0 10 880 1653 7979 2479
235 0 1 884 154 1460 231
236 0 4 887 1 11 1
237 0 4 891 14878 173320 22317
238 1 5 895 1 11 1
239 0 15 899 442 1940 663
240 0 33 903 1 5 1
241 0 1 908 1 11 1
242 1 1 910 1 12 1
243 1 13 913 695 3155 1042
244 0 4 917 5458 60993 8187
245 0 2 921 3 25 4
246 0 1 924 1 12 1
247 1 2 927 1 9 1
248 1 5 930 588 5951 882
249 0 10 934 5 15 7
250 1 1 938 1 9 1
251 1 8 941 1 4 1
252 0 11 945 84 322 126
253 0 1 949 1 12 1
254 0 1 952 2 17 3
255 0 2 955 1 14 1
256 1 3 959 5953 66769 8929
257 1 3 963 10 81 15
258 1 1 967 2 17 3
259 1 1 970 28 242 42
260 1 3 973 1 9 1
261 1 1 977 1 11 1
262 1 84 980 110 432 165
263 0 2 985 11 90 16
264 0 2 988 82 753 123
265 0 2 992 7 56 10
266 0 5 996 1 9 1
267 1 1 1000 24 206 36
268 1 5 1003 1 9 1
269 1 3 1007 50 447 75
270 1 1 1011 1 9 1
271 0 52 1014 1 5 1
272 0 5 1019 8 64 12
273 1 5 1023 118 1104 177
274 0 5 1027 2 17 3
275 0 8 1031 2 7 3
276 1 6 1035 1 8 1
277 1 3 1039 5 40 7
278 1 2 1043 1 8 1
279 1 1 1047 157 1490 235
280 0 3 1050 122 1143 183
281 0 4 1054 1 9 1
282 0 2 1058 30 261 45
283 0 1 1062 8 64 12
284 1 5 1065 2 17 3
285 1 5 1069 3 25 4
286 1 4 1073 1395 14688 2092
287 0 2 1077 4 33 6
288 0 11 1081 1 3 1
289 0 2 1085 823 8460 1234
290 0 4 1089 1 9 1
291 0 28 1093 1 3 1
292 0 17 1098 5 15 7
293 1 2 1103 169 1610 253
294 1 3 1107 1 9 1
295 1 1 1111 2 17 3
296 1 12 1114 1 5 1
297 1 5 1118 5 40 7
298 1 7 1122 479199 3212704 718798
299 0 9 1126 1 4 1
300 1 10 1130 1 4 1
301 0 19 1134 2823 14127 4234
302 0 6 1139 1 4 1
303 0 4 1143 1 9 1
304 0 8 1147 1 3 1
305 0 3 1151 23 197 34
306 1 3 1155 1 13 1
307 0 1 1159 582 5887 873
308 1 20 1162 32703 190180 49054
309 1 15 1167 19 63 28
310 1 2 1171 59 532 88
311 0 2 1174 6 48 9
312 1 3 1178 1 9 1
313 1 2 1182 38 335 57
314 0 4 1186 746 7634 1119
315 1 2 1190 2694 29205 4041
316 0 3 1194 1 8 1
317 0 4 1198 1 9 1
318 0 3 1202 27 233 40
319 0 3 1206 2 17 3
320 0 14 1210 21 70 31
321 1 1 1214 34 298 51
322 0 8 1217 69160 419344 103740
323 1 10 1221 19 63 28
324 0 2 1225 4 33 6
325 1 3 1228 3 25 4
326 0 4 1232 1 12 1
327 1 3 1236 12 99 18
328 0 1 1240 64 580 96
329 0 3 1243 7187 81251 10780
330 0 5 1247 81 743 121
331 1 7 1251 1 3 1
332 0 1 1255 1 10 1
333 0 13 1258 32 112 48
334 1 3 1262 1 10 1
335 0 4 1266 3 25 4
336 1 1 1270 1 10 1
337 1 2 1272 31 270 46
338 0 3 1276 1 9 1
339 1 3 1280 1 9 1
340 0 2 1284 184 1761 276
341 0 3 1287 10 81 15
342 1 7 1291 2 6 3
343 0 1 1295 1 9 1
344 0 3 1298 5 40 7
345 1 4 1302 7 56 10
346 0 1 1306 5 40 7
347 1 2 1309 23 197 34
348 0 1 1313 1 12 1
349 1 3 1316 28 242 42
350 0 1 1320 246053 3192929 369079
351 0 1 1323 4 32 6
352 1 10 1326 1219 5761 1828
353 1 2 1330 1 9 1
354 1 8 1334 31 108 46
355 0 2 1338 851 8761 1276
356 0 3 1341 1652 17527 2478
357 1 4 1345 1 10 1
358 0 3 1349 5 41 7
359 0 1 1353 18 152 27
360 0 1 1356 1 9 1
361 0 1 1358 1 9 1
362 0 7 1361 56 207 84
363 1 7 1365 1 3 1
364 1 17 1369 22 74 33
365 0 3 1374 2 17 3
366 1 5 1378 8 64 12
367 0 1 1382 2517 27206 3775
368 1 1 1385 13 108 19
369 1 6 1388 32 279 48
370 1 1 1392 1 11 1
371 1 3 1394 29 251 43
372 1 1 1398 1 9 1
373 0 15 1401 3 9 4
374 1 11 1405 1 5 1
375 0 5 1409 1 13 1
376 0 1 1413 3 25 4
377 0 3 1416 1 9 1
378 0 4 1420 6929 78214 10393
379 0 1 1424 1 11 1
380 1 7 1427 176 719 264
381 0 6 1431 297 2909 445
382 0 3 1435 6442 72495 9663
383 1 1 1439 5 40 7
384 1 8 1442 2 6 3
385 0 4 1446 4 33 6
386 0 5 1450 2 17 3
387 1 3 1454 1 11 1
388 0 2 1458 1 12 1
389 0 3 1462 23 197 34
390 1 1 1466 1 9 1
391 1 10 1469 34 120 51
392 0 4 1473 60 542 90
393 1 2 1477 1 9 1
394 0 16 1480 23 78 34
395 1 23 1485 2473 12267 3709
396 0 6 1490 1 10 1
397 0 5 1494 3 25 4
398 1 10 1498 8688 46710 13032
399 0 2 1502 1 9 1
400 1 3 1505 587 5940 880
401 0 3 1509 96 888 144
402 1 2 1513 2 17 3
403 0 3 1517 1 8 1
404 0 1 1521 1 9 1
405 0 1 1524 1 14 1
406 0 1 1527 1 9 1
407 1 3 1530 1 8 1
408 0 8 1534 1 3 1
409 1 2 1538 3 25 4
410 0 2 1541 2 17 3
411 0 2 1545 24 206 36
412 1 5 1549 15 125 22
413 1 8 1553 3 10 4
414 1 1 1557 1 10 1
415 1 7 1560 4 13 6
416 1 2 1564 32 279 48
417 1 27 1567 593 2660 889
418 0 1 1572 1 10 1
419 0 1 1575 246440 3198134 369660
420 0 2 1578 1 10 1
421 0 3 1582 96 889 144
422 1 6 1586 3 25 4
423 1 10 1590 28249 162909 42373
424 0 4 1594 2 17 3
425 0 3 1598 22 188 33
426 1 2 1602 18 152 27
427 1 2 1606 432 4308 648
428 1 1 1609 1 10 1
429 1 6 1612 1 9 1
430 0 7 1616 1 4 1
431 0 2 1620 758 7762 1137
432 0 6 1624 253 2459 379
433 1 3 1628 1 9 1
434 1 7 1632 1 4 1
435 0 2 1636 190 1821 285
436 0 7 1640 57 211 85
437 0 5 1644 26 224 39
438 1 1 1648 2 17 3
439 1 2 1651 1 10 1
440 0 4 1655 2 17 3
441 0 9 1659 1 4 1
442 0 1 1663 1 9 1
443 1 10 1666 3 10 4
444 0 1 1670 3 25 4
445 1 1 1672 3 25 4
446 1 52 1675 15 48 22
447 1 3 1680 4 32 6
448 0 4 1684 31 270 46
449 1 1 1688 242 2347 363
450 0 4 1691 3 25 4
451 1 3 1695 1 9 1
452 1 2 1699 4 33 6
453 1 45 1702 1 4 1
454 1 2 1707 1 10 1
455 0 3 1711 499 5011 748
456 1 18 1715 10 31 15
457 1 1 1720 170 1620 255
458 0 1 1723 24 206 36
459 1 4 1726 317 3115 475
460 0 2 1730 1 12 1
461 1 1 1734 77 704 115
462 0 2 1737 1380 14524 2070
463 1 4 1740 11 90 16
464 0 5 1744 2 17 3
465 0 1 1748 1 10 1
466 1 15 1751 14 45 21
467 1 1 1755 96 888 144
468 0 5 1758 6 48 9
469 1 1 1762 1 11 1
470 1 5 1765 1 11 1
471 1 5 1769 2 17 3
472 0 1 1773 152 1441 228
473 1 7 1776 9 27 13
474 0 2 1780 1 9 1
475 0 10 1783 1 4 1
476 0 4 1787 1 9 1
477 0 1 1791 1 9 1
478 0 3 1793 20 169 30
479 1 1 1797 2614 28301 3921
480 0 2 1800 202 1942 303
481 1 1 1804 1 9 1
482 1 5 1807 1 9 1
483 1 2 1811 1 10 1
484 1 8 1815 1 5 1
485 0 9 1819 1 5 1
486 0 9 1823 1192 5624 1788
487 0 3 1827 1 9 1
488 0 3 1831 116 1084 174
489 1 3 1835 1 9 1
490 1 4 1839 5243 58491 7864
491 0 11 1843 1 5 1
492 1 2 1847 2 17 3
493 0 3 1851 3780 41584 5670
494 1 2 1855 1 9 1
495 0 1 1858 11 90 16
496 0 2 1861 30099 360668 45148
497 1 3 1864 2 17 3
498 0 14 1868 753 3438 1129
499 1 4 1872 6 48 9
500 1 3 1876 8 64 12
501 1 5 1880 7 56 10
502 0 4 1884 4 33 6
503 1 3 1888 1 11 1
504 0 8 1892 1 5 1
505 1 2 1896 19 161 28
506 1 1 1899 253 2459 379
507 0 7 1902 4478 23093 6717
508 1 2 1906 1 12 1
509 0 1 1910 3 25 4
510 1 8 1913 58484 351364 87726
511 1 3 1917 42 372 63
512 1 9 1921 1 5 1
513 0 1 1925 1 9 1
514 0 2 1928 1 9 1
515 1 3 1931 237310 3075413 355965
516 1 1 1935 378 3746 567
517 1 2 1938 51 457 76
518 1 5 1942 3 25 4
519 0 9 1946 1 4 1
520 0 3 1950 78 714 117
521 1 3 1954 1 9 1
522 1 7 1958 5 15 7
523 0 5 1962 1 11 1
524 0 11 1966 54 199 81
525 0 4 1970 1 11 1
526 1 8 1974 20 67 30
527 0 1 1978 28 242 42
528 1 1 1981 21 179 31
529 1 24 1984 2568 12770 3852
530 1 1 1989 2 17 3
531 0 9 1992 7778 41533 11667
532 0 7 1996 13 41 19
533 1 3 2000 1 11 1
534 1 2 2004 1 9 1
535 1 1 2008 2 17 3
536 0 3 2011 1 8 1
537 1 2 2015 1 10 1
538 0 6 2019 1 9 1
539 0 2 2023 1 11 1
540 1 3 2027 1 9 1
541 1 2 2031 3 25 4
542 0 7 2035 1 5 1
543 0 1 2039 1205 12604 1807
544 0 4 2042 2 17 3
545 0 171 2046 1 4 1
546 0 2 2051 390749 5156078 586123
547 1 1 2055 559 5644 838
548 0 5 2058 61 551 91
549 0 4 2062 74 676 111
550 0 4 2066 1 10 1
551 0 2 2070 1 11 1
552 0 8 2074 68 256 102
553 1 13 2078 8 24 12
554 1 1 2082 1 14 1
555 0 5 2085 3 25 4
556 1 5 2089 1 8 1
557 1 2 2093 312 3063 468
558 1 1 2096 2 17 3
559 0 2 2099 1 9 1
560 1 11 2102 11 34 16
561 1 1 2106 19426 228753 29139
562 0 3 2109 29 251 43
563 0 6 2113 7 56 10
564 1 4 2117 2 17 3
565 1 7 2121 6 18 9
566 1 10 2125 3366 17040 5049
567 1 4 2129 30 261 45
568 0 1 2133 2 17 3
569 1 1 2136 56 504 84
570 0 8 2139 39 139 58
571 1 7 2143 7 21 10
572 0 1 2147 1 9 1
573 0 6 2150 33680 405370 50520
574 1 2 2154 320 3146 480
575 1 1 2158 203 1952 304
576 0 1 2161 1 12 1
577 1 2 2163 1 11 1
578 1 4 2166 1 10 1
579 0 10 2170 62 231 93
580 0 3 2174 2270 24425 3405
581 1 12 2178 3207 16184 4810
582 0 1 2182 668 6801 1002
583 1 18 2185 743 3389 1114
584 0 4 2190 1 10 1
585 0 2 2194 2 17 3
586 1 1 2198 735 7516 1102
587 0 33 2201 1 3 1
588 0 2 2206 1 9 1
589 1 1 2210 526 5295 789
590 1 2 2213 1 12 1
591 0 1 2217 312 3064 468
592 0 4 2220 1 12 1
593 0 2 2224 3 25 4
594 0 1 2228 43 381 64
595 1 3 2231 2 17 3
596 0 7 2235 99 385 148
597 1 1 2239 68 618 102
598 0 1 2241 61 551 91
599 0 1 2244 1 8 1
600 0 3 2247 15 125 22
601 1 6 2251 1 9 1
602 0 2 2255 350 3456 525
603 1 1 2259 1 9 1
604 0 3 2262 6 48 9
605 1 5 2266 74 676 111
606 0 6 2270 1 9 1
607 1 3 2274 55 494 82
608 0 1 2278 1 9 1
609 1 3 2281 3 25 4
610 1 4 2285 1 11 1
611 0 6 2289 80 733 120
612 0 4 2293 1 12 1
613 1 61 2297 1 4 1
614 1 5 2302 12 99 18
615 1 5 2306 28493 340685 42739
616 0 2 2310 8 64 12
617 1 1 2314 7 56 10
618 0 7 2317 206 852 309
619 0 15 2321 60 223 90
620 1 1 2325 129 1212 193
621 1 5 2328 20 170 30
622 1 4 2332 487 4885 730
623 1 6 2336 37 325 55
624 0 3 2340 1 9 1
625 1 3 2344 1 13 1
626 1 1 2348 140 1321 210
627 1 4 2351 2 17 3
628 0 1 2355 5751 64410 8626
629 0 5 2358 2 17 3
630 1 2 2362 6 48 9
631 0 3 2366 6 48 9
632 0 3 2370 1 9 1
633 0 1 2374 10 81 15
634 0 13 2377 130 517 195
635 0 2 2381 165 1570 247
636 0 2 2385 94 869 141
637 1 3 2389 753 7709 1129
638 1 1 2393 486 4874 729
639 0 3 2396 694 7078 1041
640 0 1 2400 1007 10447 1510
641 0 6 2403 1 9 1
642 1 12 2407 68 256 102
643 0 9 2411 127 504 190
644 0 3 2415 115 1074 172
645 1 5 2419 2 17 3
646 0 31 2423 37802 221647 56703
647 0 24 2428 1 3 1
648 1 6 2433 2967 32301 4450
649 0 3 2437 35 307 52
650 0 1 2441 2 17 3
651 1 1 2444 3 25 4
652 0 11 2447 35 124 52
653 0 1 2451 1 10 1
654 0 2 2454 146 1381 219
655 1 2 2458 1 9 1
656 1 4 2461 1 9 1
657 0 3 2465 4 33 6
658 0 2 2469 1 10 1
659 1 3 2473 28 242 42
660 0 45 2477 1 3 1
661 0 6 2482 3 10 4
662 0 4 2486 1308 13733 1962
663 0 3 2490 17 143 25
664 1 3 2494 2 17 3
665 0 2 2498 469 4696 703
666 0 1 2502 1 10 1
667 1 2 2505 1 10 1
668 1 1 2509 211 2032 316
669 0 1 2512 41 363 61
670 0 11 2515 120 474 180
671 1 9 2519 2 7 3
672 1 3 2523 860 8858 1290
673 0 7 2527 1 4 1
674 1 1 2531 1 9 1
675 1 6 2534 1 9 1
676 0 3 2538 44 391 66
677 0 5 2542 46 409 69
678 0 2 2546 1 10 1
679 0 4 2550 1 10 1
680 1 1 2554 11512 132712 17268
681 0 1 2557 1 9 1
682 1 2 2560 1 10 1
683 1 1 2564 1 10 1
684 0 3 2567 2 17 3
685 1 2 2571 1 9 1
686 1 3 2574 547 5517 820
687 1 5 2578 26 224 39
688 0 1 2582 6 48 9
689 1 1 2585 5 40 7
690 0 16 2588 11 34 16
691 1 6 2592 1 10 1
692 1 8 2596 51 187 76
693 0 4 2600 1 11 1
694 1 4 2604 28 243 42
695 0 6 2608 6 48 9
696 1 3 2612 2570 27804 3855
697 0 5 2616 2 17 3
698 1 10 2620 23 78 34
699 1 3 2624 61 551 91
700 1 4 2628 896 9247 1344
701 1 2 2632 10 81 15
702 1 4 2636 1 10 1
703 0 7 2640 1 5 1
704 0 2 2644 30 261 45
705 1 3 2648 2707 29353 4060
706 1 1 2652 1 9 1
707 1 1 2655 3 25 4
708 0 4 2658 2 17 3
709 0 4 2662 156 1480 234
710 1 1 2666 93 859 139
711 0 3 2669 1 9 1
712 0 3 2673 8 64 12
713 0 3 2677 8 64 12
714 0 4 2681 1 8 1
715 0 1 2685 1 9 1
716 1 5 2688 2 17 3
717 1 9 2692 16 52 24
718 1 3 2696 1 9 1
719 0 2 2700 583 5898 874
720 1 1 2703 8 64 12
721 0 3 2705 402 3995 603
722 1 24 2709 1 3 1
723 1 3 2714 5 40 7
724 0 8 2718 9764 52873 14646
725 0 10 2722 70216 426099 105324
726 0 1 2726 1 10 1
727 1 2 2729 55 494 82
728 0 5 2733 438 4371 657
729 0 1 2737 1 9 1
730 0 1 2740 69 628 103
731 0 3 2743 1 10 1
732 0 3 2747 27 233 40
733 0 2 2751 1 9 1
734 1 2 2755 4 33 6
735 1 2 2758 49 438 73
736 1 3 2761 3 25 4
737 1 3 2765 3 25 4
738 0 6 2769 2 17 3
739 0 2 2773 1064 11067 1596
740 1 11 2777 2 7 3
741 0 8 2781 13 41 19
742 1 2 2785 1 10 1
743 1 2 2789 1 9 1
744 1 12 2793 5634 29483 8451
745 1 1 2797 1 9 1
746 0 2 2800 10 81 15
747 1 2 2803 1680 17837 2520
748 0 6 2806 13 108 19
749 1 3 2810 2016 21578 3024
750 0 22 2814 187 767 280
751 0 6 2819 40 353 60
752 1 1 2823 15 125 22
753 1 4 2826 215 2073 322
754 0 5 2830 1 9 1
755 1 2 2834 11 90 16
756 0 4 2837 1 9 1
757 0 3 2841 75 685 112
758 1 4 2845 19 161 28
759 1 3 2849 1 9 1
760 0 8 2853 46 167 69
761 1 13 2857 1 3 1
762 0 1 2861 1 12 1
763 0 6 2864 17 143 25
764 0 1 2868 71 647 106
765 1 1 2871 41 363 61
766 1 1 2874 115 1074 172
767 0 6 2877 11 90 16
768 0 2 2881 35 307 52
769 0 11 2885 29 100 43
770 0 2 2889 12 99 18
771 1 5 2892 28 242 42
772 0 3 2896 1 10 1
773 0 1 2900 2905 31597 4357
774 0 7 2903 1 4 1
775 0 2 2907 64 580 96
776 1 12 2910 1 3 1
777 1 4 2914 11 90 16
778 0 4 2918 10 81 15
779 0 2 2922 6 48 9
780 1 4 2926 756 7741 1134
781 1 3 2930 1 9 1
782 0 3 2934 2 17 3
783 1 2 2938 4869 54148 7303
784 0 1 2942 14 116 21
785 1 2 2944 13 107 19
786 1 1 2948 17 143 25
787 0 2 2951 10 81 15
788 0 1 2954 1 11 1
789 0 2 2957 1 10 1
790 0 1 2961 117 1094 175
791 0 2 2964 1 9 1
792 0 3 2968 71 647 106
793 1 3 2972 51 456 76
794 0 11 2976 1534 7366 2301
795 0 22 2980 4551 23494 6826
796 0 1 2985 173 1650 259
797 0 4 2988 1 9 1
798 1 2 2992 11 90 16
799 0 3 2995 1 9 1
800 0 13 2999 5 15 7
801 0 5 3003 6 48 9
802 1 11 3007 70 264 105
803 1 3 3011 174 1660 261
804 1 2 3015 122 1143 183
805 0 1 3018 39 344 58
806 1 2 3021 1 9 1
807 1 1 3025 34 297 51
808 1 31 3028 27 93 40
809 1 21 3033 1 5 1
810 1 2 3038 211 2033 316
811 1 2 3041 49 438 73
812 1 1 3044 1097 11426 1645
813 1 4 3047 45 400 67
814 0 2 3051 1 10 1
815 1 1 3054 38585 466887 57877
816 0 1 3057 85 782 127
817 1 4 3060 1 9 1
818 1 2 3064 23 197 34
819 0 3 3068 254 2469 381
820 1 1 3072 2769 30054 4153
821 1 2 3075 2 17 3
822 1 11 3079 1427 6818 2140
823 1 5 3083 1 9 1
824 0 2 3087 6 48 9
825 1 6 3091 1 9 1
826 0 2 3095 6 48 9
827 0 17 3098 304 1296 456
828 1 9 3103 5 15 7
829 1 8 3107 1 3 1
830 0 1 3111 25 215 37
831 0 6 3114 1 9 1
832 1 1 3118 4 33 6
833 1 1 3121 3 25 4
834 0 14 3124 18 59 27
835 0 4 3128 1 9 1
836 1 10 3132 38551 226289 57826
837 0 1 3136 1 10 1
838 1 8 3139 1 4 1
839 0 2 3143 1 12 1
840 1 13 3147 11 34 16
841 1 11 3151 1 4 1
842 1 11 3155 1 3 1
843 0 4 3159 1 11 1
844 0 1 3163 1 9 1
845 0 2 3166 1 9 1
846 0 4 3170 3 25 4
847 1 1 3174 148 1401 222
848 0 4 3177 1 13 1
849 0 4 3181 1 9 1
850 1 1 3185 3557 39029 5335
851 1 2 3188 45 400 67
852 1 1 3192 10966 126165 16449
853 0 5 3195 130 1222 195
854 1 2 3199 3 25 4
855 0 4 3202 1 11 1
856 1 6 3206 4 33 6
857 1 5 3210 1 8 1
858 0 1 3214 4 33 6
859 1 21 3217 1 5 1
860 0 1 3222 1 9 1
861 1 1 3225 1 10 1
862 1 1 3228 2 17 3
863 0 1 3231 29219 349714 43828
864 0 5 3234 625 6343 937
865 1 4 3238 4 33 6
866 0 2 3242 1 10 1
867 0 3 3246 1 9 1
868 0 4 3250 85 782 127
869 1 5 3254 3 25 4
870 1 5 3258 1 10 1
871 1 8 3262 1 4 1
872 0 1 3266 1 9 1
873 1 9 3269 22 74 33
874 0 1 3273 638 6481 957
875 0 2 3276 1 9 1
876 1 6 3280 5 40 7
877 0 11 3284 16 52 24
878 1 3 3288 16 134 24
879 0 6 3292 6 48 9
880 0 2 3296 1 8 1
881 1 5 3300 1 11 1
882 0 1 3304 2 17 3
883 1 3 3306 4 33 6
884 1 1 3310 10723 123255 16084
885 0 3 3313 430 4288 645
886 0 1 3317 1 9 1
887 0 1 3320 37388 451846 56082
888 1 2 3323 202 1942 303
889 1 1 3326 420 4183 630
890 1 1 3329 1 9 1
891 0 3 3332 1 10 1
892 0 6 3336 1 11 1
893 1 23 3340 4 12 6
894 1 4 3345 1 11 1
895 0 4 3349 1 10 1
896 0 15 3353 5 15 7
897 1 8 3357 14 45 21
898 1 2 3361 6 48 9
899 1 1 3365 1 13 1
900 0 11 3368 1 4 1
901 0 5 3372 2 17 3
902 1 4 3376 9 73 13
903 0 1 3380 2 17 3
904 1 1 3383 305 2992 457
905 1 6 3386 1 8 1
906 0 1 3390 1 10 1
907 0 1 3393 1 11 1
908 1 6 3396 1 8 1
909 0 7 3400 12 38 18
910 0 10 3404 1 4 1
911 0 1 3408 60248 741714 90372
912 0 4 3411 1 13 1
913 1 1 3415 1 11 1
914 1 3 3418 4 33 6
915 1 1 3422 1 11 1
916 1 18 3425 12 38 18
917 1 3 3430 5 40 7
918 0 3 3434 4657 51692 6985
919 0 2 3438 2 17 3
920 1 7 3442 35 123 52
921 1 2 3446 16 134 24
922 1 2 3450 7 56 10
923 1 5 3453 265 2582 397
924 1 2 3457 519 5221 778
925 0 6 3461 5 41 7
926 0 2 3465 1 10 1
927 1 9 3468 422 1845 633
928 0 4 3472 1 9 1
929 1 1 3476 118 1104 177
930 1 1 3479 1518 16044 2277
931 1 1 3482 109 1015 163
932 0 8 3485 1 4 1
933 0 7 3489 1 4 1
934 1 4 3493 83 762 124
935 0 1 3497 36613 442117 54919
936 0 14 3500 1 5 1
937 0 2 3504 76 695 114
938 1 3 3508 12 99 18
939 0 52 3512 1 4 1
940 0 1 3517 1 9 1
941 0 1 3520 25 215 37
942 0 1 3522 12 99 18
943 0 1 3525 2 17 3
944 1 5 3527 1 9 1
945 0 4 3531 1 10 1
946 0 2 3535 1 8 1
947 1 3 3538 498 5000 747
948 1 3 3542 2 17 3
949 0 1 3546 1 9 1
950 0 3 3549 1 10 1
951 1 1 3553 1 10 1
952 0 1 3556 925 9560 1387
953 0 2 3559 1 9 1
954 1 2 3562 26 224 39
955 1 1 3566 709 7238 1063
956 1 12 3569 32 112 48
957 1 2 3573 2 17 3
958 1 6 3577 3 25 4
959 1 85 3581 87 335 130
960 1 7 3586 3435 17412 5152
961 0 2 3590 1 9 1
962 1 2 3593 89 820 133
963 1 11 3597 1 3 1
964 0 1 3601 1 11 1
965 1 1 3604 232 2245 348
966 1 1 3607 16 134 24
