0 0 6 5 1 6 1
1 1 15 13 7 21 10
2 0 9 22 10 31 15
3 1 1 31 183 1751 274
4 0 4 37 221156 1426078 331734
5 1 3 45 7 56 10
6 1 12 53 1 6 1
7 1 1 62 32 279 48
8 0 2 68 4 33 6
9 0 1 75 24 206 36
10 1 2 81 1 12 1
11 0 3 88 4 33 6
12 0 3 96 1 4 1
13 1 3 104 1 12 1
14 1 5 112 1 3 1
15 1 1 120 2 17 3
16 1 18 126 25110 143828 37665
17 1 1 135 29 251 43
18 1 4 141 233005 1506510 349507
19 1 3 149 1 3 1
20 1 3 157 15 48 22
21 0 4 165 18791 105829 28186
22 1 10 173 1 3 1
23 0 4 182 5 15 7
24 0 2 190 1 9 1
25 1 3 197 189 1811 283
26 1 2 204 2209 23740 3313
27 0 3 211 410 1789 615
28 0 3 219 15813 184668 23719
29 0 2 226 1 9 1
30 1 13 233 165348 1050290 248022
31 1 3 242 326 1398 489
32 0 5 250 6680952 50620008 10021428
33 0 1 258 116 1084 174
34 1 2 265 1 9 1
35 1 2 272 31 270 46
36 0 2 279 1 9 1
37 1 3 286 134 535 201
38 0 2 294 15 125 22
39 0 3 301 1 9 1
40 0 3 308 1 9 1
41 0 3 315 762 7805 1143
42 0 9 323 533 2372 799
43 1 2 332 189 1811 283
44 0 1 339 3 25 4
45 0 11 344 1 3 1
46 0 6 353 6801 36013 10201
47 0 2 361 1 10 1
48 1 2 368 4 33 6
49 1 10 375 1 3 1
50 1 4 384 1 3 1
51 1 1 392 9 72 13
52 1 2 399 22 188 33
53 0 2 406 3 25 4
54 0 4 413 2 6 3
55 0 12 421 1672 8076 2508
56 1 5 430 4 13 6
57 1 20 438 1 4 1
58 1 2 447 2 17 3
59 1 4 454 10 31 15
60 0 1 462 1171 12233 1756
61 1 1 468 1 9 1
62 0 1 473 49 438 73
63 0 15 479 11 34 16
64 0 4 488 8 24 12
65 1 14 496 114 449 171
66 1 14 505 14199 78650 21298
67 0 3 514 72 656 108
68 1 1 521 6 48 9
69 0 7 527 5 15 7
70 1 3 535 7 21 10
71 1 1 543 5 41 7
72 1 3 550 1 5 1
73 1 8 558 1 3 1
74 0 18 567 2 7 3
75 0 2 576 1 10 1
76 1 2 583 159 1510 238
77 1 4 590 5 15 7
78 1 1 598 7 56 10
79 1 2 603 1 12 1
80 1 14 610 1003 4675 1504
81 1 1 619 1 9 1
82 1 22 626 1 4 1
83 1 4 635 1079 5055 1618
84 0 1 643 4 33 6
85 0 2 649 2 17 3
86 1 3 656 2 17 3
87 1 1 663 11414 131535 17121
88 1 7 669 280 1186 420
89 1 11 677 9 27 13
90 0 2 686 16 134 24
91 0 2 693 2603 28177 3904
92 0 4 700 5 15 7
93 0 18 708 7 21 10
94 1 3 717 2 17 3
95 0 67 725 1 3 1
96 1 1 735 2 17 3
97 0 12 742 33 116 49
98 0 5 751 3 10 4
99 0 3 759 1 5 1
100 0 3 767 1 3 1
101 0 6 775 1 4 1
102 1 64 783 4 13 6
103 0 1 793 3932 43330 5898
104 1 1 799 22 188 33
105 0 5 804 3 10 4
106 1 1 812 1 11 1
107 1 3 818 1 3 1
108 0 3 826 3 25 4
109 1 4 834 4 12 6
110 0 2 842 1 10 1
111 1 4 849 392 1705 588
112 0 7 857 5 15 7
113 0 1 865 82 753 123
114 0 4 871 1 4 1
115 0 2 879 1 9 1
116 1 5 886 1 5 1
117 1 12 894 17542 98395 26313
118 0 3 903 175 714 262
119 1 2 911 39 344 58
120 1 1 918 23 197 34
121 1 3 924 3 25 4
122 1 3 931 32 279 48
123 1 1 938 9 72 13
124 1 57 945 18 59 27
125 0 3 955 12 98 18
126 0 5 962 3 9 4
127 0 8 970 125 496 187
128 0 7 979 19 63 28
129 1 1 987 2 17 3
130 0 3 994 1375 6553 2062
131 0 5 1002 1 3 1
132 0 5 1010 14 45 21
133 0 7 1018 1 4 1
134 1 1 1026 1 9 1
135 0 1 1032 15 125 22
136 1 14 1038 5 15 7
137 0 1 1047 352414 4633020 528621
138 0 3 1053 9 27 13
139 1 1 1061 1 9 1
140 0 1 1068 1 10 1
141 0 7 1074 1 5 1
142 1 5 1082 44 159 66
143 1 3 1090 1 4 1
144 0 9 1098 458 2016 687
145 0 6 1107 1 4 1
146 0 5 1115 320 1370 480
147 0 2 1123 2 17 3
148 0 3 1130 1 4 1
149 0 1 1138 1 9 1
150 1 5 1144 4 12 6
151 1 5 1152 1 3 1
152 1 3 1160 16115 89938 24172
153 0 2 1168 3 25 4
154 0 1 1175 52 466 78
155 0 2 1181 1 10 1
156 1 1 1188 1076 11197 1614
157 1 1 1195 1250 13097 1875
158 1 1 1201 148 1400 222
159 0 6 1207 1 3 1
160 0 1 1215 6015 67494 9022
161 1 2 1220 1 10 1
162 1 17 1227 1 3 1
163 1 5 1236 507 2248 760
164 0 1 1244 5 40 7
165 1 2 1250 1 9 1
166 0 7 1257 1 5 1
167 0 1 1265 355 3507 532
168 1 4 1269 4 12 6
169 1 1 1277 3 25 4
170 1 8 1283 19 63 28
171 0 1 1291 4 33 6
172 1 2 1296 5 40 7
173 0 11 1303 70 264 105
174 1 1 1312 617 6258 925
175 0 4 1319 16 52 24
176 0 3 1327 17 143 25
177 1 7 1334 3 10 4
178 0 1 1342 421 4194 631
179 0 6 1347 51 187 76
180 1 11 1355 1 4 1
181 0 2 1364 8616 98145 12924
182 1 3 1371 2 6 3
183 1 2 1379 23 197 34
184 0 7 1386 5 15 7
185 0 1 1394 1 9 1
186 0 3 1399 27 233 40
187 1 11 1406 1059 4955 1588
188 1 4 1415 1105 5186 1657
189 1 4 1423 65 243 97
190 0 8 1431 648 2926 972
191 1 1 1440 1 10 1
192 1 18 1446 8 24 12
193 1 1 1455 1 11 1
194 0 2 1461 1 10 1
195 0 7 1468 3 9 4
196 0 2 1476 53 475 79
197 1 5 1483 1 3 1
198 0 1 1491 1 10 1
199 0 4 1497 285 1209 427
200 0 5 1505 32 112 48
201 1 5 1513 1 4 1
202 0 3 1521 16419 91737 24628
203 1 15 1529 12 38 18
204 0 2 1538 1727 18359 2590
205 0 3 1545 1353 6441 2029
206 1 9 1553 13 41 19
207 1 7 1562 11 34 16
208 1 2 1570 9 73 13
209 0 6 1577 367 1588 550
210 0 16 1585 20 67 30
211 0 24 1594 303210 1986867 454815
212 1 2 1603 32 279 48
213 1 2 1610 76 695 114
214 0 1 1617 6 48 9
215 0 5 1624 72 272 108
216 1 2 1632 1 10 1
217 0 4 1639 1 4 1
218 0 4 1647 1 3 1
219 1 1 1655 1369 14402 2053
220 1 3 1662 1 3 1
221 1 10 1670 1 4 1
222 0 4 1679 4 12 6
223 1 2 1687 3 25 4
224 0 6 1694 1 4 1
225 1 10 1702 56 207 84
226 1 1 1711 13 107 19
227 0 2 1716 162 1540 243
228 0 1 1723 25 215 37
229 0 6 1729 16 52 24
230 1 3 1737 2 6 3
231 1 1 1745 373 3694 559
232 0 1 1750 214 2063 321
233 0 2 1756 1 9 1
234 0 1 1763 1 11 1
235 1 8 1769 1 5 1
236 0 1 1778 3 25 4
237 1 2 1784 1 11 1
238 1 7 1791 3048 15330 4572
239 1 14 1799 1 4 1
240 1 3 1808 5 15 7
241 1 2 1816 98 908 147
242 1 8 1823 289795 1894619 434692
243 0 1 1832 2 17 3
244 1 3 1839 3498 17753 5247
245 0 12 1847 1 5 1
246 1 2 1856 1 9 1
247 1 1 1863 2 17 3
248 0 8 1869 1 4 1
249 1 10 1878 5 15 7
250 1 1 1887 9 73 13
251 1 2 1894 1 9 1
252 0 1 1901 1 9 1
253 0 8 1906 1 4 1
254 0 2 1915 1 9 1
255 1 5 1922 12888 70975 19332
256 0 3 1930 11 90 16
257 0 5 1938 1 5 1
258 1 7 1946 74 281 111
259 1 3 1954 1 4 1
260 0 1 1962 3574 39223 5361
261 0 7 1969 1 3 1
262 0 2 1977 7 56 10
263 0 30 1984 79 301 118
264 0 5 1993 676 3062 1014
265 0 2 2001 83 763 124
266 0 2 2008 2 17 3
267 1 22 2015 559 2497 838
268 1 2 2024 1 9 1
269 0 7 2031 27 93 40
270 1 2 2039 1 9 1
271 1 3 2046 1162 12134 1743
272 0 2 2053 13 108 19
273 1 2 2060 1 9 1
274 1 1 2067 26711 318562 40066
275 0 1 2073 3830 42158 5745
276 0 1 2080 1 12 1
277 0 1 2087 9289 106142 13933
278 1 20 2093 2 6 3
279 1 1 2102 1 9 1
280 1 3 2108 2206 23706 3309
281 1 1 2115 14 116 21
282 0 3 2121 137 1291 205
283 1 2 2129 84 772 126
284 0 2 2136 2 17 3
285 0 1 2143 404 4017 606
286 0 3 2149 657 2970 985
287 0 1 2157 1 9 1
288 0 4 2162 21 70 31
289 1 4 2170 1 3 1
290 0 8 2178 5 15 7
291 1 1 2186 2 17 3
292 0 4 2192 5 15 7
293 0 1 2200 1 9 1
294 1 1 2207 27744 331380 41616
295 1 7 2212 136 543 204
296 0 5 2220 2 6 3
297 0 7 2228 1 4 1
298 1 21 2236 12 38 18
299 1 13 2245 1 4 1
300 0 6 2254 1 4 1
301 1 11 2262 4 12 6
302 0 6 2271 1 3 1
303 0 2 2279 2 17 3
304 0 2 2286 1 8 1
305 1 1 2293 53 475 79
306 1 1 2299 1280 13425 1920
307 1 3 2303 702 3189 1053
308 1 1 2311 9 72 13
309 0 2 2317 10633 122179 15949
310 1 4 2324 4 12 6
311 0 1 2332 1 10 1
312 1 2 2338 2 17 3
313 1 5 2345 23 78 34
314 1 3 2353 162 657 243
315 1 3 2361 20 67 30
316 1 3 2369 1 4 1
317 1 5 2377 102 398 153
318 0 2 2385 1 9 1
319 1 4 2392 16 52 24
320 1 1 2400 222 2144 333
321 1 14 2405 1 3 1
322 1 3 2414 2242 11048 3363
323 0 1 2422 28 242 42
324 0 2 2428 1 9 1
325 0 3 2435 1 4 1
326 0 2 2443 1 9 1
327 0 4 2450 297 1264 445
328 1 5 2458 72 272 108
329 1 40 2466 1 4 1
330 1 9 2476 120199 750811 180298
331 1 5 2485 2 6 3
332 0 9 2493 1 3 1
333 0 1 2502 41661 505619 62491
334 1 9 2508 20 67 30
335 0 3 2517 251 1054 376
336 0 15 2525 7 21 10
337 0 1 2534 94032 1177430 141048
338 1 3 2539 10 81 15
339 1 11 2546 630 2839 945
340 0 4 2555 329 1411 493
341 1 6 2563 2211 10885 3316
342 1 3 2571 20 67 30
343 0 2 2579 96 888 144
344 1 17 2586 3 10 4
345 0 2 2595 6 48 9
346 0 3 2602 8585 97777 12877
347 0 5 2609 2 6 3
348 1 2 2617 1 9 1
349 0 7 2624 3 9 4
350 0 2 2632 897 9257 1345
351 1 4 2639 37 131 55
352 1 3 2647 4548 23477 6822
353 1 1 2655 8 64 12
354 0 12 2660 6204 32664 9306
355 0 1 2669 1 11 1
356 1 1 2675 3431 37588 5146
357 1 2 2682 24 206 36
358 0 4 2689 2 7 3
359 0 1 2697 49 438 73
360 0 9 2703 116 457 174
361 1 2 2712 14 116 21
362 1 4 2719 1 6 1
363 0 2 2727 1 10 1
364 0 2 2734 83 762 124
365 1 12 2741 2 6 3
366 1 5 2750 1 5 1
367 1 16 2758 28 97 42
368 0 34 2767 3 9 4
369 1 11 2776 600 2694 900
370 1 2 2785 1 10 1
371 1 2 2792 3 25 4
372 1 3 2799 30 104 45
373 1 2 2807 1 9 1
374 0 4 2814 1 5 1
375 0 9 2822 3 10 4
376 0 1 2831 28 242 42
377 1 3 2838 1 9 1
378 0 1 2845 2 17 3
379 1 2 2852 1 8 1
380 0 4 2859 27 93 40
381 1 1 2867 3408 37325 5112
382 1 1 2873 188 1800 282
383 1 4 2880 2 6 3
384 0 2 2888 2 17 3
385 0 10 2895 1 3 1
386 1 1 2904 1 9 1
387 0 1 2910 1258 13184 1887
388 1 4 2916 2 6 3
389 1 19 2924 191 785 286
390 0 3 2933 1 3 1
391 0 12 2941 73 276 109
392 1 2 2950 1997 21366 2995
393 1 2 2957 67 609 100
394 0 3 2964 11336 61946 17004
395 1 7 2972 4 12 6
396 1 1 2980 147 1390 220
397 0 1 2986 3 25 4
398 0 3 2992 1 9 1
399 0 7 2999 52 191 78
400 0 9 3007 53 195 79
401 1 3 3016 1 4 1
402 0 8 3024 1 3 1
403 1 5 3033 1 4 1
404 0 7 3041 909 4207 1363
405 1 1 3049 857 8826 1285
406 0 2 3055 2136569 29909769 3204853
407 0 2 3062 1 9 1
408 1 3 3069 1 10 1
409 0 2 3077 1 14 1
410 0 3 3084 98 381 147
411 0 8 3092 1254 5938 1881
412 0 8 3100 224 932 336
413 1 1 3109 1 10 1
414 0 1 3116 1 9 1
415 0 2 3122 1 11 1
416 1 6 3129 6 18 9
417 0 2 3137 1 9 1
418 0 12 3144 1 3 1
419 1 2 3153 1 9 1
420 0 1 3160 1548 16376 2322
421 1 5 3167 1 4 1
422 0 1 3175 198 1901 297
423 0 2 3182 2 17 3
424 1 5 3189 1 4 1
425 0 6 3197 271 1145 406
426 1 5 3205 836 3846 1254
427 0 2 3213 12 99 18
428 1 2 3220 10 81 15
429 1 6 3227 4 12 6
430 0 1 3235 257 2500 385
431 1 1 3240 1 11 1
432 1 2 3247 4202 46437 6303
433 1 3 3254 1 4 1
434 0 10 3262 6968 36954 10452
435 0 1 3271 332 3270 498
436 0 7 3277 1662 8025 2493
437 1 13 3285 4390 22610 6585
438 1 3 3294 1 4 1
439 0 2 3302 386 3829 579
440 0 1 3309 1 9 1
441 0 15 3315 226 941 339
442 0 8 3324 1 5 1
443 1 1 3332 2045 21903 3067
444 0 2 3338 9 73 13
445 1 1 3345 1 9 1
446 1 3 3351 12 38 18
447 1 2 3359 162 1540 243
448 0 3 3366 8 64 12
449 0 1 3373 2 17 3
450 0 2 3379 24 206 36
451 0 2 3386 1 9 1
452 1 2 3393 3 25 4
453 1 1 3400 14 116 21
454 1 23 3406 1 4 1
455 1 4 3415 1 3 1
456 1 2 3423 3 25 4
457 1 3 3430 1 5 1
458 0 12 3438 12 38 18
459 1 4 3447 1 4 1
460 0 1 3455 1 10 1
461 0 2 3461 1 10 1
462 1 1 3468 204 1962 306
463 1 3 3475 236 2286 354
464 1 2 3483 1 12 1
465 0 4 3490 2567 12765 3850
466 1 1 3498 539 5432 808
467 0 2 3505 13 107 19
468 1 7 3512 1 3 1
469 0 1 3520 9 73 13
470 0 1 3526 1 10 1
471 1 2 3532 4 33 6
472 1 3 3539 1 5 1
473 1 3 3547 16 52 24
474 1 1 3555 5848 65543 8772
475 1 5 3561 1 5 1
476 0 6 3569 48 175 72
477 0 2 3577 314 3084 471
478 0 3 3584 130 518 195
479 1 1 3592 51398 628899 77097
480 0 7 3598 50 183 75
481 1 3 3606 3 9 4
