0 0 5 5 1 10 1
1 1 4 13 1 10 1
2 0 3 21 1 9 1
3 1 2 29 14557 169431 21835
4 0 2 35 2751 29851 4126
5 1 4 41 1 9 1
6 1 2 49 32 279 48
7 0 1 56 507 5095 760
8 1 3 61 2510194 35331488 3765291
9 0 3 68 1 9 1
10 0 1 75 1 9 1
11 0 44 81 1 5 1
12 1 3 93 1399 14732 2098
13 0 5 101 1 13 1
14 1 4 109 50 447 75
15 0 1 117 243 2357 364
16 1 3 120 667 6790 1000
17 0 3 127 5 40 7
18 0 19 134 156 630 234
19 1 5 145 246 2388 369
20 1 2 154 189 1810 283
21 0 1 160 237347 3075911 356020
22 0 1 165 1 9 1
23 1 3 170 2 17 3
24 0 2 177 1 9 1
25 0 1 183 358 3539 537
26 0 3 189 4 33 6
27 1 2 196 2112 22653 3168
28 0 9 203 9 27 13
29 1 5 212 21 179 31
30 1 5 220 1 12 1
31 0 1 228 60 542 90
32 1 3 234 2 17 3
33 1 1 241 1 10 1
34 0 2 246 2 17 3
35 0 1 253 1 10 1
36 0 4 256 1 9 1
37 1 3 264 338 3332 507
38 0 3 271 15 125 22
39 0 6 279 115 1075 172
40 1 4 288 1047 10882 1570
41 1 7 296 1 3 1
42 1 4 305 529 5327 793
43 1 1 313 2 17 3
44 1 2 318 11 90 16
45 0 1 325 1 10 1
46 0 1 329 17 143 25
47 0 4 335 487 4885 730
48 1 1 343 29 251 43
49 0 4 348 1 10 1
50 1 3 356 1 9 1
51 0 8 363 227 946 340
52 1 6 372 28 242 42
53 1 20 381 1 6 1
54 1 2 392 26873 320571 40309
55 1 17 398 254 1068 381
56 0 2 408 2 17 3
57 0 1 415 1 8 1
58 0 2 420 2 17 3
59 1 6 427 1 9 1
60 0 5 436 42266 513250 63399
61 0 2 444 6 48 9
62 1 3 450 13 107 19
63 0 3 457 1 9 1
64 0 5 465 354 3497 531
65 1 1 474 1 10 1
66 1 2 478 20 170 30
67 0 2 484 44 391 66
68 1 1 491 1 9 1
69 0 6 495 1 9 1
70 1 1 504 1 9 1
71 0 1 508 4 33 6
72 0 5 513 38 335 57
73 1 14 521 2 6 3
74 1 2 531 5 41 7
75 0 1 537 1 9 1
76 0 5 540 1 9 1
77 0 10 548 823 3782 1234
78 0 1 558 327 3218 490
79 1 14 562 3 9 4
80 0 5 572 4 33 6
81 1 9 580 855 3940 1282
82 0 2 589 23 197 34
83 1 3 595 12 98 18
84 0 2 602 1 10 1
85 1 1 608 1 11 1
86 1 2 611 6 48 9
87 0 10 618 29 101 43
88 1 2 628 13 107 19
89 0 5 634 603 6110 904
90 1 2 642 2 17 3
91 0 1 648 1 8 1
92 1 17 653 1 4 1
93 1 1 663 95 879 142
94 0 5 668 29 251 43
95 0 5 677 7 56 10
96 1 12 685 9 27 13
97 0 4 695 1 9 1
98 0 1 703 3 25 4
99 0 6 708 142533 1812783 213799
100 1 3 717 1 9 1
101 0 12 725 1 3 1
102 0 4 735 16 134 24
103 0 1 743 190 1821 285
104 0 1 749 1 9 1
105 1 4 754 2 17 3
106 0 3 762 3 25 4
107 1 1 769 28353 338945 42529
108 1 1 774 1 9 1
109 0 2 778 2 17 3
110 0 3 784 1 9 1
111 1 4 792 26 224 39
112 1 3 800 1 9 1
113 1 1 807 197 1891 295
114 1 2 810 3 25 4
115 1 1 817 5300 59154 7950
116 1 5 822 1 11 1
117 1 9 830 1 4 1
118 0 6 839 1 10 1
119 1 2 848 1 13 1
120 0 1 855 11 90 16
121 0 3 858 1 10 1
122 1 3 865 1 9 1
123 1 9 872 840 3866 1260
124 1 3 881 1 9 1
125 1 2 888 1264 13250 1896
126 0 7 895 1 3 1
127 0 5 904 7814 88648 11721
128 0 2 912 3 25 4
129 1 1 919 6 48 9
130 1 8 924 1 5 1
131 0 5 933 1 9 1
132 1 3 941 21 179 31
133 1 2 948 6 48 9
134 1 1 954 1 9 1
135 0 2 958 2 17 3
136 1 8 964 18 59 27
137 0 6 973 2184 23459 3276
138 0 8 982 54 199 81
139 1 2 991 3 25 4
140 1 19 998 1 4 1
141 0 8 1009 1 3 1
142 1 5 1018 226 2185 339
143 1 1 1026 20 170 30
144 0 3 1031 8 64 12
145 1 2 1038 715 7302 1072
146 0 1 1044 4699 52178 7048
147 1 1 1049 8 64 12
148 1 4 1054 1 12 1
149 0 3 1062 1110 11567 1665
150 1 3 1070 1 9 1
151 1 3 1077 1 9 1
152 0 3 1084 1 9 1
153 1 9 1091 106 414 159
154 0 4 1100 138 1301 207
155 0 1 1108 2 17 3
156 1 1 1114 6 48 9
157 0 11 1120 17 56 25
158 0 4 1130 12 99 18
159 0 2 1138 123 1153 184
160 0 3 1144 5 41 7
161 1 2 1152 131 1232 196
162 0 21 1158 1 6 1
163 0 4 1169 1 9 1
164 1 4 1177 185 1770 277
165 0 4 1185 13631 158229 20446
166 0 1 1193 1 10 1
167 0 1 1196 852 8772 1278
168 1 1 1201 22 188 33
169 1 3 1204 51 457 76
170 1 8 1212 4 12 6
171 0 5 1221 1 9 1
172 1 2 1229 4 33 6
173 1 1 1236 2 17 3
174 0 12 1241 1 4 1
175 0 1 1251 6 48 9
176 1 1 1257 1 13 1
177 0 5 1261 54 485 81
178 0 9 1269 1 4 1
179 0 1 1278 21 179 31
180 1 6 1283 192 1841 288
181 0 4 1292 3 25 4
182 1 1 1300 1 10 1
183 1 2 1305 77 704 115
184 0 3 1312 1133 11818 1699
185 0 1 1319 1 11 1
186 1 1 1324 1 10 1
187 1 3 1330 1 9 1
188 0 4 1337 8 64 12
189 1 2 1345 1 10 1
190 0 8 1352 2 7 3
191 0 1 1361 1 9 1
192 0 7 1366 1 3 1
193 0 5 1375 7 56 10
194 0 6 1383 84 772 126
195 1 2 1392 812 8342 1218
196 1 1 1398 1 10 1
197 1 5 1403 1 10 1
198 0 4 1411 3 25 4
199 0 1 1419 1 11 1
200 0 2 1422 3 25 4
201 0 1 1429 20 169 30
202 0 3 1433 17 143 25
203 0 1 1441 4 33 6
204 0 4 1445 39 344 58
205 1 3 1453 2 17 3
206 1 2 1460 18 152 27
207 1 2 1467 2 17 3
208 1 22 1473 70 264 105
209 0 4 1484 13 107 19
210 0 4 1492 10 81 15
211 1 2 1500 8 64 12
212 0 2 1506 21 179 31
213 0 1 1512 3 25 4
214 1 1 1517 101 937 151
215 0 18 1521 2177 10706 3265
216 1 4 1531 1471 15525 2206
217 0 13 1539 4052 20761 6078
218 1 4 1549 7 56 10
219 1 15 1557 1 3 1
220 0 8 1567 8 24 12
221 1 3 1576 4 33 6
222 0 3 1583 3 25 4
223 0 3 1591 1 9 1
224 0 2 1598 1 11 1
225 0 15 1604 1 4 1
226 1 8 1614 8 24 12
227 1 2 1623 714 7292 1071
228 1 1 1630 2 17 3
229 1 4 1635 2 17 3
230 1 6 1643 1 10 1
231 1 2 1652 4275 47279 6412
232 0 2 1659 3 25 4
233 1 4 1666 1 9 1
234 0 6 1674 3502 38400 5253
235 0 4 1683 5776 64702 8664
236 0 3 1691 4 33 6
237 1 8 1698 7 21 10
238 1 6 1707 1 9 1
239 1 8 1716 136 543 204
240 1 16 1725 1 4 1
241 1 3 1735 1 10 1
242 1 2 1742 1 9 1
243 0 1 1748 1 10 1
244 1 19 1754 45 163 67
245 0 1 1765 468 4686 702
246 0 5 1768 1 9 1
247 0 4 1776 3 25 4
248 0 3 1784 1 9 1
249 1 6 1791 81 743 121
250 1 7 1800 23 78 34
251 0 1 1809 1 9 1
252 0 1 1814 6 48 9
253 0 5 1818 18 152 27
254 0 1 1827 1 9 1
255 0 7 1832 1 7 1
256 1 1 1841 1 9 1
257 0 17 1845 1 4 1
258 1 16 1855 1 4 1
259 0 22 1865 282 1195 423
260 0 1 1876 44 390 66
261 1 9 1882 28 97 42
262 0 1 1891 1 9 1
263 0 2 1893 4 32 6
264 0 1 1900 5 40 7
265 1 2 1904 3 25 4
266 1 1 1911 5 40 7
267 0 2 1915 1 10 1
268 1 1 1921 50 447 75
269 0 7 1926 1 5 1
270 1 2 1935 3 25 4
271 0 2 1942 41 362 61
272 0 1 1948 2942 32016 4413
273 1 1 1952 1 10 1
274 0 2 1957 1 9 1
275 0 2 1964 13 107 19
276 0 8 1970 63 235 94
277 1 16 1979 661 2990 991
278 1 3 1989 1 9 1
279 0 21 1996 6715 35530 10072
280 0 2 2007 28 242 42
281 0 32 2014 532 2368 798
282 0 4 2025 44 391 66
283 1 10 2033 103 402 154
284 0 4 2043 27 233 40
285 0 4 2051 5 41 7
286 1 3 2059 470 4707 705
287 1 1 2066 211 2032 316
288 0 8 2071 92 355 138
289 0 1 2080 33 288 49
290 1 29 2084 27 93 40
291 0 2 2095 44 391 66
292 1 6 2101 31 108 46
293 0 8 2110 430 1883 645
294 1 4 2119 1 10 1
295 1 2 2127 2 17 3
296 0 4 2133 18 152 27
297 1 11 2141 75 285 112
298 0 2 2151 84 772 126
299 0 2 2158 1 10 1
300 0 40 2165 7 21 10
301 1 3 2177 116 1084 174
302 0 6 2184 120 1124 180
303 1 2 2193 21 179 31
304 1 4 2199 2760822 38983409 4141233
305 0 5 2207 26 224 39
306 0 5 2215 1 8 1
307 1 5 2223 451 4507 676
308 0 1 2231 1 10 1
309 0 1 2235 1 9 1
310 1 2 2240 17 143 25
311 0 1 2246 38 334 57
312 1 10 2251 168 683 252
313 1 5 2261 70 637 105
314 0 7 2269 620 2791 930
315 0 2 2278 7 56 10
316 0 2 2284 1 10 1
317 1 10 2290 582 2607 873
318 1 12 2300 6181886 46679787 9272829
319 1 12 2310 52 191 78
320 0 4 2320 1 9 1
321 1 1 2328 7 56 10
322 1 3 2331 2 17 3
323 1 3 2338 76 695 114
324 0 5 2345 1 9 1
325 0 5 2354 158 1500 237
326 0 5 2362 30 261 45
327 1 2 2370 302 2961 453
328 0 1 2376 723 7388 1084
329 0 1 2381 209 2012 313
330 0 10 2387 16382 91518 24573
331 1 3 2397 170450 2182262 255675
332 1 4 2404 154 1460 231
333 0 21 2412 160 648 240
334 1 3 2423 4098 45239 6147
335 0 9 2430 16 52 24
336 1 3 2439 1 9 1
337 1 4 2446 80975 1008210 121462
338 0 1 2454 1452 15316 2178
339 0 18 2458 1 5 1
340 0 5 2468 1 11 1
341 0 1 2476 1 12 1
342 0 2 2480 1 10 1
343 1 4 2486 49 438 73
344 1 10 2494 15 48 22
345 1 2 2504 68 618 102
346 1 2 2511 324 3187 486
347 1 1 2517 2 17 3
348 0 3 2522 2 17 3
349 0 2 2530 25 215 37
350 1 2 2536 4 33 6
351 1 1 2543 4646 51565 6969
352 1 2 2548 1 9 1
353 0 1 2554 1 9 1
354 0 1 2559 4512 50015 6768
355 1 4 2563 1 10 1
356 0 2 2571 30101 360693 45151
357 0 2 2577 55 494 82
358 1 1 2583 95 879 142
359 0 2 2588 201 1932 301
360 0 1 2594 74 676 111
361 0 1 2600 1 11 1
362 0 9 2605 458 2015 687
363 1 1 2614 6 48 9
364 1 2 2619 9 72 13
365 0 1 2626 11 90 16
366 1 32 2631 75 284 112
367 0 1 2642 8928 101849 13392
368 1 7 2647 1 4 1
369 0 4 2656 1 9 1
370 1 2 2664 11 90 16
371 1 1 2670 2175 23359 3262
372 1 2 2674 1 10 1
373 0 6 2681 48 428 72
374 1 3 2690 26 224 39
375 0 1 2697 1 10 1
376 0 1 2701 7 56 10
377 1 2 2706 9 73 13
378 1 2 2712 844 8686 1266
379 1 3 2719 1 9 1
380 0 4 2726 1045 10860 1567
381 0 1 2734 2 17 3
382 1 6 2739 3 9 4
383 1 4 2748 6 48 9
384 0 2 2756 1 11 1
385 1 1 2762 2 17 3
386 0 1 2766 185 1771 277
387 1 2 2771 1490 15735 2235
388 0 1 2777 517400 6895995 776100
389 1 3 2782 2 17 3
390 1 5 2789 1 10 1
391 0 2 2797 9 72 13
392 1 3 2803 8 64 12
393 0 3 2810 3986 43951 5979
394 0 13 2817 1 5 1
395 0 3 2827 125 1173 187
396 0 5 2834 38 335 57
397 0 1 2842 1 9 1
398 1 6 2847 86 791 129
399 0 2 2856 57 513 85
400 1 2 2862 163 1550 244
401 1 1 2868 2 17 3
402 1 2 2873 1 9 1
403 0 2 2879 1 11 1
404 0 3 2885 139 1311 208
405 1 3 2892 1 10 1
406 1 1 2899 1 11 1
407 0 1 2905 12 98 18
408 0 1 2911 42 372 63
409 1 3 2917 3 25 4
410 0 3 2924 4239 46864 6358
411 1 2 2931 1 11 1
412 1 2 2938 42 372 63
413 1 4 2945 1 10 1
414 1 3 2953 4116 45447 6174
415 0 3 2960 61 551 91
416 0 7 2967 1 3 1
417 0 2 2976 2 17 3
418 0 2 2982 14 116 21
419 1 1 2988 3867 42583 5800
420 0 1 2992 7 56 10
421 0 4 2997 1 9 1
422 1 7 3005 247 1036 370
423 0 1 3014 1 10 1
424 1 3 3019 3 25 4
425 1 1 3026 2 17 3
426 1 5 3032 1 9 1
427 0 7 3040 1 3 1
428 1 2 3049 13 107 19
429 0 4 3056 1 10 1
430 0 23 3064 2 7 3
431 0 2 3075 2 17 3
432 0 6 3081 13 108 19
433 1 1 3090 117940 1489434 176910
434 0 2 3093 24 206 36
435 1 3 3099 4 33 6
436 0 2 3106 1 11 1
437 0 1 3112 99 918 148
438 0 2 3117 15 125 22
439 1 5 3124 2 17 3
440 0 1 3132 2391 25786 3586
441 1 3 3137 52103 637861 78154
442 0 8 3144 4 12 6
443 1 1 3153 1 11 1
444 0 2 3158 2 17 3
445 0 1 3164 219 2114 328
446 1 2 3168 1 9 1
447 0 2 3175 56 504 84
448 1 6 3181 13 108 19
449 1 4 3190 1 11 1
450 0 3 3198 98 908 147
451 1 1 3205 34 297 51
452 0 6 3210 1 11 1
453 1 2 3219 152 1441 228
454 1 2 3226 1 11 1
455 0 6 3233 35 124 52
456 1 1 3242 5 41 7
457 0 1 3246 1248 13075 1872
458 0 2 3248 6427 72319 9640
459 1 1 3255 32310 388246 48465
460 0 1 3258 780 7998 1170
461 1 4 3263 2 17 3
462 1 1 3271 4232 46783 6348
463 0 3 3276 37 326 55
464 1 25 3284 4322 22237 6483
465 0 4 3295 1 9 1
466 0 1 3303 14 116 21
467 1 88 3308 3 10 4
468 0 5 3320 1 12 1
469 0 3 3328 1 9 1
470 0 2 3335 1 9 1
471 0 2 3341 2 17 3
472 1 2 3347 172 1640 258
473 1 3 3354 1 8 1
474 0 7 3361 1 3 1
475 0 3 3370 2 17 3
476 0 3 3377 1 12 1
477 1 1 3384 1 13 1
478 0 4 3390 171 1630 256
479 0 2 3398 3 25 4
480 0 2 3405 2 17 3
481 0 8 3411 64 239 96
482 1 1 3420 2271 24436 3406
483 1 1 3425 1331 13985 1996
484 1 1 3431 158 1500 237
485 1 4 3436 9 72 13
486 1 4 3444 3 25 4
487 0 4 3452 826 8492 1239
488 0 2 3460 3 25 4
489 0 5 3467 628 6375 942
490 1 25 3476 1 4 1
491 1 25 3487 1 4 1
492 0 6 3498 233 2255 349
493 0 3 3507 14 116 21
494 0 1 3514 104 967 156
495 1 5 3519 9 72 13
496 0 2 3527 8 64 12
497 1 4 3534 66 599 99
498 0 6 3542 32 279 48
499 0 1 3551 932 9635 1398
500 0 1 3555 1 11 1
501 1 2 3558 5 40 7
502 1 2 3564 19 161 28
503 0 6 3571 2 17 3
504 1 1 3580 36 316 54
505 1 1 3585 5 40 7
506 0 2 3590 6 48 9
507 1 2 3596 2 17 3
508 1 10 3603 1 4 1
509 1 4 3613 1 10 1
