0 0 5 5 1 10 1
1 1 2 9 210 2023 315
2 1 5 12 5 41 7
3 0 1 16 15 125 22
4 0 1 18 308 3022 462
5 0 2 20 11 90 16
6 1 1 23 322 3167 483
7 1 2 26 174 1660 261
8 1 1 29 81 743 121
9 1 1 31 269 2622 403
10 1 14 34 1 4 1
11 0 9 39 2145 10538 3217
12 1 1 44 75 685 112
13 1 14 46 25 85 37
14 1 2 51 7 56 10
15 1 1 54 14 116 21
16 1 4 57 2 17 3
17 0 2 61 23 197 34
18 1 1 64 1 10 1
19 0 2 66 8113 92184 12169
20 0 3 69 3855 42445 5782
21 0 1 73 1 9 1
22 0 7 74 307 1310 460
23 1 1 79 14 116 21
24 1 6 82 7062 37484 10593
25 1 1 86 482 4832 723
26 0 3 88 1 10 1
27 1 2 92 1 9 1
28 1 2 95 25466 303139 38199
29 0 4 98 2 17 3
30 1 8 102 1 4 1
31 0 9 107 1 5 1
32 0 2 112 22 188 33
33 0 1 115 97 898 145
34 1 1 116 2 17 3
35 0 1 119 8 64 12
36 1 33 121 1 4 1
37 0 21 127 187 767 280
38 1 1 132 18 152 27
39 1 2 134 1 9 1
40 0 1 137 399 3964 598
41 1 6 139 1 9 1
42 1 12 143 2 7 3
43 0 8 148 1 3 1
44 0 2 153 1 9 1
45 0 2 156 22 188 33
46 1 6 159 1 4 1
47 0 4 163 1 10 1
48 0 2 167 1 13 1
49 0 3 170 1 9 1
50 1 4 174 8 64 12
51 0 5 178 848 8729 1272
52 0 2 182 1 10 1
53 1 1 185 85 782 127
54 1 24 187 7 21 10
55 1 2 192 1 10 1
56 1 1 195 1 9 1
57 1 13 198 10 31 15
58 0 5 203 1 10 1
59 0 2 207 2 17 3
60 0 4 210 1 11 1
61 0 1 214 1 10 1
62 0 2 216 8 64 12
63 0 10 219 1 3 1
64 1 1 224 1 9 1
65 0 5 227 1 10 1
66 1 7 231 3929 20091 5893
67 1 7 235 13 41 19
68 1 10 239 1818 8832 2727
69 0 2 244 2 17 3
70 1 4 247 28 242 42
71 0 4 251 2 17 3
72 0 9 255 606 2723 909
73 0 1 260 1 9 1
74 0 3 263 1 10 1
75 1 3 267 5 40 7
76 1 3 271 19 161 28
77 1 1 275 1 11 1
78 1 2 278 1 11 1
79 1 1 281 1 10 1
80 1 6 282 56 504 84
81 1 2 286 7 56 10
82 0 3 289 57 513 85
83 1 7 293 1 3 1
84 0 13 297 71 268 106
85 0 3 302 1238 12965 1857
86 0 6 305 1 10 1
87 0 3 309 341 3363 511
88 1 4 313 1 9 1
89 1 4 317 6 48 9
90 1 3 321 3 25 4
91 0 20 325 1508 7233 2262
92 0 4 330 10 81 15
93 0 6 334 1 9 1
94 0 5 338 1 11 1
95 0 15 342 40 143 60
96 1 1 347 1 11 1
97 1 3 350 18 152 27
98 0 11 354 35 124 52
99 0 6 359 1 10 1
100 0 1 363 87 801 130
101 0 3 366 1 10 1
102 0 16 370 1 3 1
103 0 10 375 2 6 3
104 1 1 380 8 64 12
105 0 8 383 2 7 3
106 1 1 388 1 12 1
107 0 4 391 10 81 15
108 0 8 395 4 12 6
109 1 3 400 1 9 1
110 1 3 404 1 9 1
111 1 5 408 24 206 36
112 1 1 412 2 17 3
113 0 2 413 2 17 3
114 0 4 416 3 25 4
115 1 3 420 8 64 12
116 0 1 424 1 9 1
117 1 3 426 1 11 1
118 1 1 430 13 108 19
119 1 7 433 2087 10235 3130
120 0 2 437 178 1700 267
121 1 1 440 12 99 18
122 1 26 443 426 1864 639
123 0 2 448 6535 73585 9802
124 1 5 451 1 10 1
125 0 2 455 15 125 22
126 0 11 458 1 5 1
127 1 3 463 1 10 1
128 1 3 467 9 73 13
129 0 1 471 44 391 66
130 0 2 474 1 10 1
131 0 15 477 73 276 109
132 0 45 482 60 223 90
133 1 1 488 1 10 1
134 0 5 490 1 10 1
135 1 2 494 1 10 1
136 0 2 497 12 99 18
137 0 66 500 13 41 19
138 1 5 506 78 714 117
139 0 3 510 5 41 7
140 0 2 514 150 1421 225
141 0 6 517 11154 60892 16731
142 0 2 521 1 9 1
143 1 5 524 85 782 127
144 0 10 528 1 5 1
145 0 5 533 1 9 1
146 1 3 537 33148 398717 49722
147 0 22 541 1 5 1
148 0 4 546 1 10 1
149 1 3 550 13 107 19
150 0 3 554 11 90 16
151 1 11 558 58 215 87
152 1 10 563 2 6 3
153 1 2 568 480 4811 720
154 1 7 571 1 3 1
155 1 7 575 902129 6237136 1353193
156 1 35 580 89 343 133
157 1 3 586 1 9 1
158 1 1 590 3 25 4
159 0 13 593 1 5 1
160 0 4 598 2041 21858 3061
161 0 1 602 4 33 6
162 1 3 603 115 1074 172
163 1 5 607 4 33 6
164 0 1 611 5 40 7
165 0 16 613 417029 2776709 625543
166 0 3 618 1862 19860 2793
167 1 1 622 9 73 13
168 0 4 625 1 9 1
169 0 36 629 1075 5035 1612
170 1 1 635 4269 47210 6403
171 1 2 637 5 41 7
172 0 2 640 2 17 3
173 0 2 643 2 17 3
174 0 9 646 1 4 1
175 0 2 651 3 25 4
176 0 4 654 1 9 1
177 0 4 658 1 10 1
178 0 31 662 12 38 18
179 0 1 668 1 8 1
180 1 2 670 182 1740 273
181 1 1 673 1 10 1
182 0 7 675 3 9 4
183 1 2 679 224 2164 336
184 0 2 682 1 9 1
185 0 6 685 664 3004 996
186 0 4 689 1 10 1
187 1 4 693 267 2602 400
188 0 1 697 1 10 1
189 0 1 700 147 1391 220
190 0 1 703 58 523 87
191 1 8 705 7 21 10
192 1 20 710 2 6 3
193 0 5 715 1 9 1
194 1 1 719 1352 14215 2028
195 0 3 721 407 4048 610
196 0 2 725 7 56 10
197 0 2 728 58 523 87
198 0 7 731 1498 7181 2247
199 1 2 735 2 17 3
200 1 1 738 86 791 129
201 1 19 741 107 419 160
202 0 20 746 144 578 216
203 0 2 751 1 10 1
204 0 4 754 4 33 6
205 0 3 758 5447 60865 8170
206 0 2 762 1 9 1
207 0 3 765 51 457 76
208 1 7 769 3 9 4
209 1 3 773 4 33 6
210 0 2 777 650 6609 975
211 0 1 780 1 10 1
212 1 4 782 1 8 1
213 0 1 786 2 17 3
214 0 3 788 524 5274 786
215 0 2 792 1 10 1
216 0 2 795 1 9 1
217 1 6 798 1 4 1
218 0 3 802 18 152 27
219 1 5 806 28 243 42
220 1 1 810 1 10 1
221 1 3 813 50 447 75
222 0 1 817 2 17 3
223 0 4 819 22 188 33
224 1 3 823 10 81 15
225 1 2 827 11 90 16
226 1 1 830 178 1700 267
227 1 3 833 268 2612 402
228 0 4 837 2 17 3
229 0 2 841 1 10 1
230 0 1 844 35 307 52
231 0 3 847 33 288 49
232 1 6 851 94 869 141
233 0 8 855 46 167 69
234 1 10 860 7 21 10
235 1 4 865 173 1650 259
236 1 4 869 1 11 1
237 0 6 873 117 1094 175
238 0 2 877 788 8084 1182
239 0 16 880 13 41 19
240 1 2 885 3 25 4
241 0 5 888 1 9 1
242 1 4 892 493 4948 739
243 1 1 896 17 143 25
244 0 4 898 53 475 79
245 1 1 902 1 9 1
246 1 5 905 6 48 9
247 1 2 909 1 9 1
248 0 1 912 21 179 31
249 0 1 915 1301 13656 1951
250 1 1 917 1 9 1
251 0 1 920 1 11 1
252 0 5 922 12 99 18
253 1 2 926 1 11 1
254 0 1 929 1 10 1
255 0 1 931 3092 33722 4638
256 0 1 933 47 419 70
257 1 3 935 263 2561 394
258 1 5 939 3 25 4
259 1 9 943 8 24 12
260 1 1 948 1 9 1
261 1 15 950 1 4 1
262 0 1 955 54 485 81
263 0 4 956 5914 66314 8871
264 0 2 960 2769 30054 4153
265 0 2 963 3 25 4
266 1 3 966 1 9 1
267 0 1 970 1 11 1
268 0 1 972 580 5866 870
269 0 3 975 239 2317 358
270 1 8 979 1 3 1
271 0 9 984 2 7 3
272 1 1 989 8 64 12
273 0 1 992 249 2418 373
274 0 2 995 1 9 1
275 1 5 998 1 9 1
276 0 1 1002 6 48 9
277 0 6 1003 1 10 1
278 1 3 1007 238 2306 357
279 0 2 1011 188 1801 282
280 1 8 1014 21 70 31
281 1 2 1019 1 10 1
282 0 9 1022 18 59 27
283 0 7 1027 1 3 1
284 1 2 1031 43 381 64
285 1 5 1034 1 10 1
286 0 9 1038 1 4 1
287 0 5 1043 1 11 1
288 0 1 1047 96 889 144
289 0 11 1050 28 97 42
290 0 2 1055 1199 12538 1798
291 1 4 1058 35 307 52
292 1 5 1062 317 3115 475
293 1 5 1066 3 25 4
294 0 1 1070 1073 11165 1609
295 0 1 1073 1 11 1
296 0 7 1075 5129 26680 7693
297 0 2 1079 8 64 12
298 1 8 1082 408 1780 612
299 0 1 1087 39 344 58
300 0 1 1090 445 4445 667
301 0 1 1093 5 41 7
302 0 2 1095 1967 21031 2950
303 1 1 1098 177 1690 265
304 0 4 1101 10 81 15
305 1 6 1105 1 5 1
306 1 1 1109 1 9 1
307 1 1 1112 6 48 9
308 0 21 1115 141 565 211
309 0 4 1120 15 125 22
310 0 1 1124 905 9344 1357
311 0 2 1127 1 8 1
312 0 3 1130 7 56 10
313 0 1 1134 28 242 42
314 1 5 1136 1 9 1
315 0 2 1140 280 2735 420
316 1 1 1143 7 56 10
317 0 2 1146 2 17 3
318 0 3 1149 1 9 1
319 1 9 1153 9 27 13
320 0 1 1158 5886 65986 8829
321 1 2 1160 1 8 1
322 1 1 1163 3 25 4
323 0 7 1166 101 394 151
324 0 3 1170 4 33 6
325 0 14 1174 44 159 66
326 0 2 1179 1 10 1
327 0 1 1182 1 10 1
328 1 3 1185 67256 831490 100884
329 1 4 1189 74 676 111
330 0 3 1193 8 64 12
331 0 6 1197 778 7977 1167
332 1 7 1201 141 565 211
333 1 18 1205 1 5 1
334 1 4 1210 1 8 1
335 1 2 1214 24 206 36
336 0 2 1217 1 11 1
337 1 1 1220 38 335 57
338 0 1 1223 80 733 120
339 1 1 1225 1 9 1
340 1 34 1228 67 251 100
341 0 3 1234 1 9 1
342 1 1 1238 17 143 25
343 0 1 1241 181 1730 271
344 1 4 1243 4 33 6
345 0 6 1247 47081 574123 70621
346 1 2 1251 17 143 25
347 1 2 1254 1 9 1
348 0 1 1257 156 1480 234
349 0 10 1259 1 5 1
350 1 8 1264 335 1439 502
351 0 1 1269 12 99 18
352 0 1 1271 1 10 1
353 0 3 1274 1 11 1
354 0 3 1278 103 957 154
355 1 4 1282 456 4560 684
356 0 2 1286 1 9 1
357 1 2 1289 7 56 10
358 1 20 1292 65 243 97
359 0 1 1297 20 170 30
360 1 8 1298 1 3 1
361 0 6 1303 3 25 4
362 1 1 1307 1 11 1
363 0 30 1309 5473 28588 8209
364 0 3 1315 3 25 4
365 0 1 1319 136 1282 204
366 1 6 1321 9 73 13
367 1 6 1325 1 9 1
368 1 3 1329 1 9 1
369 0 8 1333 32 112 48
370 0 1 1338 102 947 153
371 1 12 1340 1 4 1
372 0 2 1345 1 9 1
373 0 2 1348 1484 15669 2226
374 0 2 1351 177 1690 265
375 1 6 1354 202 1942 303
376 1 2 1358 2728 29590 4092
377 1 11 1361 1 4 1
378 1 2 1366 621 6301 931
379 0 7 1369 7 21 10
380 1 3 1374 675 6875 1012
381 1 5 1378 51 456 76
382 0 1 1382 2 17 3
383 0 1 1385 1 11 1
384 0 1 1387 3 25 4
385 1 2 1389 460 4602 690
386 0 1 1392 582 5887 873
387 0 1 1394 217 2093 325
388 1 1 1396 7061 79767 10591
389 0 2 1399 5 40 7
390 0 1 1402 1 9 1
391 0 1 1405 15462 180405 23193
392 1 1 1407 2 17 3
393 1 1 1410 3 25 4
394 1 15 1412 1 4 1
395 1 6 1417 7 56 10
396 0 6 1421 214557 2770317 321835
397 0 1 1425 1 9 1
398 1 1 1427 2 17 3
399 0 4 1429 1 10 1
400 1 2 1433 4 32 6
401 0 4 1436 6 48 9
402 0 1 1440 1 10 1
403 0 3 1443 17 143 25
404 0 1 1447 1 10 1
405 1 2 1450 256 2490 384
406 1 1 1453 4 33 6
407 1 30 1455 2 7 3
408 0 1 1461 4 33 6
409 0 3 1463 68 618 102
410 0 2 1467 38 335 57
411 1 2 1470 62 561 93
412 1 3 1473 1 9 1
413 1 5 1477 1 10 1
414 0 1 1481 2 17 3
415 1 9 1482 256 1077 384
416 0 11 1487 10 31 15
417 1 3 1492 5 40 7
418 1 1 1496 1 9 1
419 0 2 1498 295 2889 442
420 1 1 1501 14 116 21
421 1 4 1504 1 10 1
422 1 3 1508 1 9 1
423 1 1 1512 1 9 1
424 0 5 1513 1 9 1
425 1 2 1517 6 48 9
426 1 3 1520 19 161 28
427 1 24 1524 1 4 1
428 0 12 1529 9 27 13
429 1 3 1534 6 48 9
430 1 2 1538 3872 42641 5808
431 1 3 1541 3 25 4
432 1 4 1545 207 1992 310
433 1 1 1549 1 9 1
434 0 4 1551 9 73 13
435 0 1 1555 595 6025 892
436 0 4 1557 1 9 1
437 0 4 1561 132 1242 198
438 0 2 1565 64 580 96
439 0 3 1568 2 17 3
440 1 3 1572 316 3105 474
441 0 1 1576 1 9 1
442 0 1 1579 1 9 1
443 1 2 1581 77 705 115
444 1 2 1584 39 344 58
445 0 5 1587 237172 3073560 355758
446 0 16 1591 2 6 3
447 0 7 1596 1 4 1
448 0 9 1601 1 5 1
449 0 2 1606 13 107 19
450 1 10 1609 14 45 21
451 1 10 1614 2 7 3
452 1 2 1619 1 10 1
453 0 85 1622 3 10 4
454 1 4 1628 1 9 1
455 1 3 1632 1 8 1
456 0 1 1636 5660 63348 8490
457 0 6 1639 18 59 27
458 1 1 1643 105 976 157
459 0 1 1645 1 9 1
460 1 1 1647 3702 40690 5553
461 1 7 1650 1 5 1
462 0 2 1654 42 372 63
463 1 1 1657 11 90 16
464 0 3 1659 5 41 7
465 1 2 1663 1 10 1
466 0 2 1666 2 17 3
467 1 12 1669 6 18 9
468 0 1 1674 1 9 1
469 1 16 1677 343659 2266169 515488
470 0 2 1682 1 10 1
471 0 4 1685 1 9 1
472 0 1 1689 129 1212 193
473 0 2 1691 66 599 99
474 0 1 1694 8978 102443 13467
475 1 1 1695 1 9 1
476 1 4 1698 176698 2265264 265047
477 1 4 1702 3 25 4
478 0 2 1706 37 325 55
479 1 1 1709 2 17 3
480 1 15 1712 419 1831 628
481 0 3 1717 7 56 10
482 0 1 1721 2 17 3
483 1 2 1723 1 9 1
484 0 11 1726 10 31 15
485 1 4 1731 30 261 45
486 1 3 1735 1 10 1
487 0 2 1739 1309 13743 1963
488 0 4 1742 1 9 1
489 1 1 1746 1619 17161 2428
490 1 3 1748 5077 56562 7615
491 1 10 1752 1 3 1
492 0 9 1757 67 252 100
493 0 2 1762 23 197 34
494 1 2 1765 1 12 1
495 1 6 1768 1 11 1
496 1 4 1772 1 9 1
497 0 2 1776 38 335 57
498 1 2 1779 26 224 39
499 0 2 1782 69 628 103
500 1 2 1785 7 56 10
501 0 4 1788 5 40 7
502 1 1 1792 4 33 6
503 1 3 1794 443 4424 664
504 0 1 1798 2229 23964 3343
505 1 19 1801 1 4 1
506 1 1 1806 377 3736 565
507 0 2 1809 4 33 6
508 1 3 1812 4 33 6
509 0 5 1816 2 17 3
510 1 3 1820 778 7977 1167
511 0 1 1824 340 3352 510
512 1 73 1826 7 21 10
513 0 1 1832 33 288 49
514 1 1 1834 2 17 3
515 0 8 1836 7 21 10
516 0 2 1841 50 447 75
517 0 2 1844 76 695 114
518 0 2 1847 2 17 3
519 0 3 1850 277 2704 415
520 1 3 1854 1 9 1
521 1 2 1858 104 967 156
522 0 34 1861 39 139 58
523 1 4 1867 1 9 1
524 1 30 1871 1038 4850 1557
525 0 1 1877 4 33 6
526 0 2 1879 7 56 10
527 1 1 1882 3 25 4
528 1 11 1883 134 535 201
529 0 5 1888 4 33 6
530 1 12 1892 18 59 27
531 1 3 1897 23 197 34
532 0 2 1901 2 17 3
533 0 3 1904 30 261 45
534 1 3 1908 1 9 1
535 1 6 1912 2 6 3
536 1 1 1916 2 17 3
537 0 1 1918 1 9 1
538 0 20 1921 2 7 3
539 1 4 1926 29 252 43
540 0 8 1930 15612 86967 23418
541 0 2 1935 6 48 9
542 0 5 1938 992 10285 1488
543 1 2 1942 2000 21400 3000
544 1 9 1945 1 4 1
545 0 16 1950 276 1168 414
546 1 9 1955 1 4 1
547 0 1 1960 1 9 1
548 1 9 1962 2 6 3
549 0 25 1967 1 4 1
550 0 5 1972 10 81 15
551 1 12 1976 1 5 1
552 1 4 1981 60 542 90
553 0 1 1985 220 2123 330
554 0 1 1987 20 170 30
555 1 1 1990 3040 33130 4560
556 0 1 1993 1 10 1
557 1 1 1994 2 17 3
558 1 4 1996 24 206 36
559 0 6 2000 76 289 114
560 0 4 2004 4 33 6
561 0 1 2008 1 9 1
562 1 1 2010 6727 75839 10090
563 0 8 2013 5 15 7
564 0 5 2018 1042 10827 1563
565 0 2 2022 840 8643 1260
566 0 3 2025 1 9 1
567 0 6 2029 7 56 10
568 1 6 2033 58 523 87
569 0 5 2037 38 335 57
570 0 16 2041 184 754 276
571 0 3 2046 13129 152169 19693
572 0 2 2050 214 2063 321
573 1 10 2053 65 243 97
574 0 1 2058 1 14 1
575 0 7 2060 7 21 10
576 1 1 2065 40662 493028 60993
577 1 3 2068 38 334 57
578 0 2 2072 272 2653 408
579 0 5 2075 1 12 1
580 1 3 2079 1 8 1
581 1 1 2083 27596 329542 41394
582 0 5 2085 1 10 1
583 1 1 2089 1 9 1
584 0 1 2092 1 10 1
585 1 5 2094 3241 35419 4861
586 0 2 2098 1 9 1
587 1 5 2101 26 224 39
588 1 1 2105 17 143 25
589 1 1 2107 374 3705 561
590 1 2 2109 1 12 1
591 0 1 2112 23454 278276 35181
592 0 7 2114 2 7 3
593 0 2 2118 1 12 1
594 1 5 2121 7 56 10
595 0 17 2125 763 3487 1144
596 0 3 2130 127 1193 190
597 0 2 2134 4 32 6
598 1 1 2137 1 12 1
599 0 1 2138 1184 12375 1776
600 1 4 2140 150 1421 225
601 0 9 2144 1 4 1
602 1 1 2149 1 8 1
603 1 1 2152 1 10 1
604 1 6 2153 20867 246428 31300
605 1 3 2157 78 714 117
606 1 2 2161 24 206 36
607 0 13 2164 90 347 135
608 0 8 2169 202 834 303
609 1 3 2174 99 918 148
610 0 8 2178 1 5 1
611 1 5 2183 7 56 10
612 1 1 2187 167 1590 250
613 0 17 2190 1 3 1
614 1 2 2195 5 40 7
615 1 3 2198 2 17 3
616 0 1 2202 1 9 1
617 1 6 2205 3 25 4
618 0 2 2209 105157 1322295 157735
619 1 4 2212 9 73 13
620 1 1 2216 1 11 1
621 0 2 2218 24 206 36
622 1 3 2221 6 48 9
623 1 9 2225 16 52 24
624 0 23 2230 1 4 1
625 0 3 2235 432 4309 648
626 1 9 2239 1 4 1
627 0 10 2244 1 4 1
628 0 3 2249 31 270 46
629 0 2 2253 6914 78037 10371
630 1 6 2256 1 10 1
631 0 4 2260 1 9 1
632 1 1 2264 286 2796 429
633 0 2 2267 476 4769 714
634 1 2 2270 1830 19504 2745
635 0 3 2273 1 9 1
636 0 1 2277 1 10 1
637 1 4 2279 1 9 1
638 0 2 2283 1 11 1
639 0 3 2286 8 64 12
640 1 1 2290 40 353 60
641 1 7 2293 2074 10167 3111
642 1 1 2297 4028 44434 6042
643 0 3 2299 3268 35727 4902
644 1 5 2303 5238 58433 7857
645 0 8 2307 42 151 63
646 0 2 2312 11559 133276 17338
647 1 1 2315 106 986 159
648 0 4 2317 1 9 1
649 1 2 2321 1 10 1
650 0 4 2324 22 188 33
651 0 2 2328 2 17 3
652 1 2 2331 3 25 4
653 1 3 2334 1 12 1
654 1 1 2338 246 2388 369
655 0 2 2340 2 17 3
656 0 8 2343 395 1719 592
657 0 1 2348 3 25 4
658 0 3 2350 16 134 24
659 1 3 2354 3305 36149 4957
660 1 8 2358 17 56 25
661 1 2 2363 6 48 9
662 0 2 2366 1 10 1
663 1 1 2369 1 9 1
664 0 5 2371 34 298 51
665 0 1 2375 1 9 1
666 0 3 2377 26379 314446 39568
667 1 75 2381 3 10 4
668 0 3 2387 59969 738147 89953
669 1 1 2391 92 850 138
670 1 2 2393 1 10 1
671 1 4 2396 2 17 3
672 1 1 2400 126 1183 189
673 1 3 2402 5 41 7
674 1 4 2406 8336 94825 12504
675 0 15 2410 1 4 1
676 1 2 2415 3 25 4
677 0 2 2418 10757 123662 16135
678 1 3 2421 1 11 1
679 0 1 2425 222 2144 333
680 0 13 2427 1 5 1
681 1 1 2432 1 9 1
682 1 26 2434 16 52 24
683 0 3 2439 1 8 1
684 1 1 2443 4 33 6
685 0 1 2446 1831 19515 2746
686 1 4 2449 1 9 1
687 1 1 2453 581 5876 871
688 0 6 2455 4 33 6
689 0 1 2459 3 25 4
690 0 2 2462 5 40 7
691 0 8 2465 1 4 1
692 1 12 2470 45 163 67
693 0 1 2475 34 297 51
694 1 1 2477 1 10 1
695 1 3 2480 92 850 138
696 1 3 2484 1 9 1
697 0 34 2488 421 1841 631
698 0 1 2494 1 11 1
699 1 4 2496 18 152 27
700 0 1 2500 1 8 1
701 1 1 2503 1 8 1
702 1 8 2505 1 5 1
703 0 1 2510 1285 13480 1927
704 1 10 2513 82 313 123
705 1 5 2518 1 11 1
706 0 5 2522 1 10 1
707 0 9 2526 475 2096 712
708 0 13 2531 14338 79466 21507
709 1 7 2536 535 2382 802
710 0 8 2540 1 4 1
711 1 1 2545 1 9 1
712 1 2 2548 121 1133 181
713 0 3 2551 1 9 1
714 1 2 2555 1 10 1
715 0 2 2558 1 10 1
716 0 5 2561 18 152 27
717 0 2 2565 1 11 1
718 1 1 2568 6 48 9
719 0 1 2571 316 3105 474
720 0 6 2573 391 3881 586
721 0 4 2577 104 967 156
722 0 4 2581 1 10 1
723 1 9 2585 10 31 15
724 1 3 2590 35 307 52
725 1 6 2594 34 298 51
726 0 2 2598 1 10 1
727 0 1 2601 1 8 1
728 1 2 2604 90 830 135
729 0 1 2607 1 9 1
730 1 6 2610 1 11 1
731 0 3 2614 1 10 1
732 0 6 2618 8 64 12
733 0 1 2622 1 9 1
734 0 2 2624 13 107 19
735 0 1 2627 1 10 1
736 0 4 2629 51 457 76
737 0 13 2633 8 24 12
738 0 2 2638 9113 104048 13669
739 0 3 2641 1461 15415 2191
740 1 2 2645 148 1401 222
741 1 2 2648 7594 86049 11391
742 0 10 2651 1 4 1
743 0 3 2656 1 10 1
744 1 1 2660 8 64 12
745 1 1 2663 14 116 21
746 1 2 2666 42551 516846 63826
747 1 2 2669 21 179 31
748 1 1 2672 201 1931 301
749 0 9 2673 13 41 19
750 0 1 2678 3 25 4
751 0 2 2681 1 10 1
752 1 3 2684 30003 359473 45004
753 1 3 2688 1 10 1
754 0 2 2692 3367 36857 5050
755 1 3 2695 12 98 18
756 1 2 2699 1 9 1
757 0 4 2702 2 17 3
758 0 3 2706 10 81 15
759 1 2 2710 1 9 1
760 0 5 2713 1 11 1
761 0 4 2717 8 64 12
762 0 1 2721 741 7580 1111
763 0 9 2723 14 45 21
764 1 4 2728 136 1282 204
765 0 2 2732 3 25 4
766 1 10 2735 113518 706930 170277
767 1 2 2740 1 9 1
768 1 2 2743 7718 87514 11577
769 1 1 2746 25 215 37
770 1 3 2748 1 12 1
771 1 3 2752 84 772 126
772 1 3 2756 2 17 3
773 1 4 2760 2 17 3
774 1 3 2764 300 2940 450
775 1 1 2768 1566 16575 2349
776 1 1 2770 12 99 18
777 0 3 2772 8 64 12
778 1 1 2776 1 10 1
779 0 1 2778 119 1114 178
780 1 3 2781 82 753 123
781 1 3 2785 3 25 4
782 1 2 2789 5 41 7
783 1 6 2792 32 279 48
784 1 29 2796 2 7 3
785 1 1 2802 2 17 3
786 1 4 2804 1 10 1
787 1 6 2808 21 70 31
788 0 2 2812 1 9 1
789 1 2 2815 1 8 1
790 0 2 2818 222 2144 333
791 1 1 2821 52 466 78
792 0 1 2823 1 13 1
793 1 2 2826 8 64 12
794 1 10 2829 7 21 10
795 0 7 2834 2 7 3
796 1 5 2838 1 9 1
797 0 3 2842 26 224 39
798 0 1 2846 2 17 3
799 1 5 2849 3 25 4
800 1 4 2853 10 81 15
801 0 20 2857 1 4 1
802 0 1 2862 3 25 4
803 0 6 2863 95 879 142
804 1 1 2867 1 9 1
805 1 2 2868 17 143 25
806 1 10 2871 8 24 12
807 1 4 2876 32 279 48
808 1 2 2880 11 90 16
809 1 3 2883 1 9 1
810 1 5 2887 8266 93996 12399
811 0 3 2891 33 288 49
812 1 4 2895 3 25 4
813 1 1 2899 1 9 1
814 0 171 2901 4 13 6
815 1 3 2908 47 419 70
816 1 5 2912 1 9 1
817 1 2 2916 74 676 111
818 0 5 2919 1 11 1
819 0 4 2923 340 3352 510
820 1 2 2927 1 12 1
821 0 2 2930 413 4110 619
822 1 6 2933 3 25 4
823 0 4 2937 1 10 1
824 1 2 2941 1 9 1
825 1 2 2944 27 233 40
826 0 2 2947 4335 47971 6502
827 0 4 2950 1 10 1
828 1 5 2954 16 134 24
829 0 4 2958 3 25 4
830 0 6 2962 1 9 1
831 1 3 2966 3 25 4
832 0 2 2970 66 599 99
833 0 1 2973 17 143 25
834 0 2 2976 1 8 1
835 1 2 2979 24179 287226 36268
836 1 2 2982 15437 180101 23155
837 1 2 2985 81 743 121
838 1 2 2988 2 17 3
839 1 2 2991 1 10 1
840 1 4 2994 1 9 1
841 0 6 2998 219 2114 328
842 0 1 3002 1 9 1
843 0 8 3005 1 5 1
844 0 3 3010 4 33 6
845 0 4 3014 1 10 1
846 1 1 3018 8368 95204 12552
847 1 4 3021 2 17 3
848 0 1 3025 97 898 145
849 1 4 3027 483 4843 724
850 1 3 3031 7 56 10
851 1 1 3035 13275 153930 19912
852 0 45 3038 1 4 1
853 1 2 3044 5134 57224 7701
854 0 1 3047 1 10 1
855 0 1 3049 1 11 1
856 0 1 3052 2835 30803 4252
857 1 4 3054 1 10 1
858 1 6 3058 1 12 1
859 1 4 3062 11 90 16
860 1 2 3066 5 40 7
861 1 8 3069 4402 22676 6603
862 0 2 3074 10 81 15
863 0 3 3077 22 188 33
864 0 2 3081 22551 267143 33826
865 1 3 3084 1 12 1
866 1 7 3088 161 652 241
867 1 4 3092 164 1560 246
868 0 1 3096 1 10 1
869 0 3 3098 353 3487 529
870 1 2 3102 6339 71287 9508
871 1 3 3105 462 4623 693
872 0 19 3109 164 665 246
873 1 2 3114 2199 23628 3298
874 0 3 3117 27 233 40
875 0 2 3121 476 4769 714
876 1 4 3124 1 9 1
877 1 2 3128 1 8 1
878 1 5 3131 1 10 1
879 1 4 3135 3 25 4
880 1 2 3139 1 11 1
881 1 12 3142 25 85 37
882 1 3 3147 6 48 9
883 1 1 3151 2 17 3
884 1 5 3154 7 56 10
885 1 2 3158 3 25 4
886 1 5 3161 750227 10131007 1125340
887 0 12 3165 227 946 340
888 1 3 3170 370253 4876189 555379
889 1 6 3174 2 7 3
890 0 4 3178 17 143 25
891 1 28 3182 3 9 4
892 0 1 3188 131 1232 196
893 0 1 3191 131 1232 196
894 0 6 3194 1570 16619 2355
895 1 2 3198 813 8352 1219
896 0 5 3201 3 25 4
897 1 22 3205 23 78 34
898 1 5 3210 1 9 1
899 1 1 3214 1 9 1
900 0 5 3217 1 11 1
901 0 3 3221 1 10 1
902 0 1 3225 36 316 54
903 0 5 3227 1 9 1
904 1 7 3231 3 10 4
905 1 7 3235 21 70 31
906 0 4 3239 1 11 1
907 1 2 3243 128 1203 192
908 0 2 3246 532 5358 798
909 0 5 3249 7 56 10
910 1 1 3253 1 9 1
911 0 8 3255 13 41 19
912 1 5 3260 32526 390944 48789
913 0 2 3264 122 1143 183
914 0 8 3267 1 3 1
915 1 11 3272 90978 559895 136467
916 1 2 3277 1 10 1
917 1 2 3280 24 206 36
918 1 5 3283 1 10 1
919 1 6 3287 40 353 60
920 1 2 3291 2750 29839 4125
921 1 6 3294 146 1381 219
922 0 4 3298 10011 114746 15016
923 0 4 3302 1 10 1
924 1 3 3306 3146 34336 4719
925 0 5 3310 1 9 1
926 1 5 3314 40 353 60
927 1 1 3318 1 11 1
928 0 3 3319 4 33 6
929 1 1 3323 1 9 1
930 1 1 3325 1 11 1
931 1 2 3328 99 918 148
932 1 7 3331 13782 76204 20673
933 0 3 3335 9 72 13
934 0 1 3339 4 32 6
935 0 1 3342 3 25 4
936 1 6 3345 1 4 1
937 1 4 3349 22 188 33
938 0 2 3353 1 9 1
939 1 6 3356 2047 10025 3070
940 1 4 3360 1 11 1
941 1 3 3364 31 270 46
942 0 11 3368 1 4 1
943 1 1 3373 1 10 1
944 1 3 3375 1 9 1
945 1 10 3379 261 1100 391
946 1 3 3384 1 11 1
947 0 8 3387 906 4192 1359
948 1 1 3392 1 9 1
949 0 3 3394 4 33 6
950 1 2 3398 70 637 105
951 0 2 3401 1215 12714 1822
952 0 2 3404 426 4246 639
953 1 2 3407 1 11 1
954 0 4 3410 2 17 3
955 1 4 3414 3494 38308 5241
956 1 2 3418 31 270 46
957 0 1 3421 2994 32607 4491
958 1 2 3422 5 40 7
959 1 3 3425 3 25 4
960 0 1 3429 596 6036 894
961 1 2 3431 6 48 9
962 1 4 3434 46 410 69
963 1 8 3438 99 385 148
964 1 12 3443 1 4 1
965 0 1 3448 112250 1414951 168375
966 1 2 3451 60 542 90
967 0 3 3454 1 9 1
968 0 1 3458 29 252 43
969 0 1 3460 1 11 1
970 0 1 3462 8 64 12
971 1 3 3465 4179 46172 6268
972 0 10 3469 18 59 27
973 1 5 3474 1 9 1
974 1 2 3478 9 73 13
975 1 13 3481 5 15 7
976 0 5 3486 6 48 9
977 1 3 3490 9 73 13
978 1 1 3494 3 25 4
979 0 2 3497 920 9506 1380
980 1 1 3500 3681 40449 5521
981 0 4 3502 3 25 4
982 0 2 3506 1 10 1
983 1 3 3509 2697 29239 4045
984 0 2 3513 1 10 1
985 1 3 3516 14 116 21
986 1 1 3519 1 11 1
987 0 2 3521 28 242 42
988 1 4 3524 1 9 1
989 0 3 3528 59 532 88
990 0 1 3532 5570 62298 8355
991 1 1 3534 283 2766 424
992 0 8 3535 2 6 3
993 0 6 3540 1 4 1
994 1 2 3544 1 10 1
995 0 2 3547 61 551 91
996 1 8 3550 1 4 1
997 0 1 3555 14 116 21
998 1 1 3557 9 72 13
999 0 2 3558 12 99 18
1000 1 6 3561 169 1610 253
1001 1 2 3565 11491 132459 17236
1002 0 1 3568 1 9 1
1003 1 4 3570 573 5792 859
1004 1 4 3574 460 4601 690
1005 1 1 3578 6 48 9
1006 0 9 3580 782 3580 1173
1007 1 6 3585 2 17 3
1008 1 1 3589 1721 18292 2581
1009 1 10 3592 319 1365 478
1010 0 17 3597 1125 5286 1687
1011 1 21 3602 1 4 1
1012 1 8 3607 1 3 1
