0 0 6 5 1 9 1
1 1 1 23 85 782 127
2 1 4 34 1 12 1
3 0 3 50 4 33 6
4 0 2 65 13785 160090 20677
5 1 3 77 14 116 21
6 0 3 91 26 224 39
7 1 2 105 68440 846693 102660
8 1 1 118 8 64 12
9 1 1 126 1 10 1
10 1 3 134 2 17 3
11 1 7 148 446 1959 669
12 1 2 166 1 9 1
13 0 1 178 28 242 42
14 1 15 185 207 856 310
15 0 1 205 1 12 1
16 1 8 216 1 5 1
17 1 27 234 1 3 1
18 1 4 256 88 811 132
19 0 1 272 12 98 18
20 1 9 282 6548 34592 9822
21 1 2 301 240 2327 360
22 0 1 313 70 637 105
23 1 2 319 3 25 4
24 1 3 331 11 90 16
25 1 4 345 6 48 9
26 1 4 360 10 81 15
27 1 3 376 899 9279 1348
28 0 1 391 3 25 4
29 1 2 399 1 10 1
30 1 2 413 11 90 16
31 0 2 425 18 152 27
32 0 1 438 30 260 45
33 1 4 447 215 2073 322
34 0 1 463 1 9 1
35 1 5 471 453 4528 679
36 0 3 488 1 10 1
37 0 1 502 1 10 1
38 1 3 512 2 17 3
39 1 9 527 1 3 1
40 0 10 546 1122 5271 1683
41 0 9 565 15 48 22
42 1 2 584 729 7452 1093
43 1 1 596 2 17 3
44 1 2 604 1 9 1
45 0 1 617 1 9 1
46 1 4 627 9 73 13
47 0 1 643 1 11 1
48 1 1 654 1 9 1
49 0 1 664 1 9 1
50 0 4 674 66 599 99
51 0 4 690 2 17 3
52 0 1 706 4 33 6
53 0 4 712 1 8 1
54 0 1 728 227 2194 340
55 0 1 734 1 9 1
56 1 4 744 74 676 111
57 0 10 760 1 4 1
58 1 1 779 1 11 1
59 0 2 789 1 9 1
60 1 1 803 5018 55876 7527
61 1 4 814 923 9538 1384
62 1 6 830 1 11 1
63 0 5 847 4 32 6
64 1 3 864 1 10 1
65 0 5 878 5 41 7
66 0 6 895 7 56 10
67 0 6 913 1 9 1
68 1 1 930 18 152 27
69 1 6 940 4617 51230 6925
70 0 4 957 1 9 1
71 0 14 973 747 3409 1120
72 1 1 993 3 25 4
73 1 5 1004 75 685 112
74 1 2 1021 1 11 1
75 0 7 1033 8248 44203 12372
76 0 4 1051 6 48 9
77 0 3 1067 784 8041 1176
78 0 1 1082 1 10 1
79 0 1 1092 1 9 1
80 0 2 1100 164 1560 246
81 0 2 1113 1 11 1
82 0 6 1126 4 33 6
83 1 3 1143 1 9 1
84 1 9 1158 144 578 216
85 1 3 1177 1 11 1
86 1 2 1192 13 107 19
87 0 1 1204 1 9 1
88 1 3 1211 159 1510 238
89 0 13 1225 46478 275697 69717
90 1 1 1245 16 134 24
91 0 1 1250 8 64 12
92 0 3 1258 13 107 19
93 1 1 1272 3 25 4
94 1 4 1283 1 11 1
95 0 2 1299 346 3415 519
96 1 4 1311 3392 37142 5088
97 1 1 1327 1 9 1
98 1 3 1336 1 10 1
99 1 2 1351 6 48 9
100 0 3 1365 56 504 84
101 1 1 1380 1 8 1
102 0 1 1390 355 3507 532
103 1 7 1398 52 191 78
104 1 6 1416 11 90 16
105 1 4 1433 1 9 1
106 0 2 1449 16 134 24
107 0 4 1463 3 25 4
108 1 1 1479 13 108 19
109 1 10 1485 1 5 1
110 1 4 1504 1 11 1
111 1 14 1519 199 821 298
112 0 2 1539 2 17 3
113 1 5 1552 1 9 1
114 0 2 1569 4 33 6
115 1 14 1582 40 143 60
116 1 2 1602 268 2612 402
117 1 2 1616 15 125 22
118 1 2 1629 1 10 1
119 0 26 1641 1306 6201 1959
120 1 1 1663 9738 111489 14607
121 1 2 1669 1 9 1
122 0 2 1682 26 224 39
123 1 12 1694 173 705 259
124 0 4 1714 213 2053 319
125 1 2 1730 489 4906 733
126 0 2 1744 1 9 1
127 1 4 1756 2 17 3
128 1 8 1772 2963060 21652740 4444590
129 1 3 1791 2912 31676 4368
130 0 1 1806 1 10 1
131 1 7 1817 72 272 108
132 0 1 1835 15 125 22
133 1 2 1845 25 215 37
134 0 2 1858 1 10 1
135 0 15 1872 2 7 3
136 1 2 1892 426 4246 639
137 0 18 1904 2 6 3
138 0 1 1925 99 918 148
139 0 9 1936 37 131 55
140 0 3 1955 24 206 36
141 0 6 1969 1 10 1
142 0 4 1986 3152 34405 4728
143 0 2 2002 8 64 12
144 1 2 2016 1 13 1
145 1 1 2028 1 9 1
146 0 5 2036 15 125 22
147 0 8 2053 1887 9191 2830
148 1 1 2071 1 8 1
149 0 5 2076 1 10 1
150 0 4 2093 7 56 10
151 1 1 2109 1 9 1
152 0 1 2117 1 9 1
153 1 2 2126 7 56 10
154 0 1 2140 1 10 1
155 0 1 2151 68 618 102
156 1 8 2160 1 4 1
157 1 1 2178 1571 16630 2356
158 1 4 2185 28 242 42
159 1 2 2201 1 9 1
160 1 2 2214 3 25 4
161 0 3 2227 87246 1089367 130869
162 1 2 2242 1 11 1
163 0 1 2255 1 12 1
164 0 2 2264 4 33 6
165 0 2 2276 734 7505 1101
166 0 8 2288 7 21 10
167 0 5 2306 3 25 4
168 0 3 2323 2737 29692 4105
169 1 3 2337 3 25 4
170 0 2 2351 4 33 6
171 0 29 2364 5 15 7
172 1 40 2386 1 6 1
173 0 1 2409 1 10 1
174 1 6 2418 1 6 1
175 0 2 2436 6009 67424 9013
176 0 2 2449 3 25 4
177 1 1 2461 18254 214414 27381
178 0 6 2470 29 252 43
179 1 3 2487 2 17 3
180 1 1 2502 29 252 43
181 1 4 2512 2780 30179 4170
182 1 1 2528 1127259 15439525 1690888
183 0 1 2539 1476 15580 2214
184 1 1 2548 1 10 1
185 0 2 2558 2605 28199 3907
186 1 2 2570 3 25 4
187 0 7 2584 5 15 7
188 0 22 2602 183 749 274
189 0 9 2623 254 1068 381
190 1 1 2642 75 685 112
191 1 3 2653 1 8 1
192 0 3 2667 1 9 1
193 0 3 2682 56 504 84
194 1 3 2697 1 9 1
195 1 1 2711 29 252 43
196 0 3 2722 1 10 1
197 1 6 2737 2 17 3
198 1 6 2754 1 8 1
199 0 1 2771 2 17 3
200 0 3 2774 1 9 1
201 0 13 2788 3 10 4
202 1 10 2808 1 5 1
203 1 3 2827 1 10 1
204 1 7 2841 1 4 1
205 1 2 2859 1 9 1
206 0 4 2872 1 10 1
207 0 2 2888 959 9928 1438
208 0 2 2900 1 9 1
209 1 9 2912 1 4 1
210 0 3 2931 5 40 7
211 0 2 2946 2652 28730 3978
212 1 3 2959 13 108 19
213 0 3 2974 23975 284706 35962
214 0 3 2989 10 81 15
215 1 1 3004 52 466 78
216 1 3 3014 8 64 12
217 0 35 3029 3 10 4
218 0 1 3052 1 10 1
219 1 11 3063 1 4 1
220 0 1 3082 47081 574123 70621
221 1 6 3091 8 64 12
222 0 9 3108 106 414 159
223 0 34 3127 1 4 1
224 1 1 3150 1 10 1
225 1 3 3161 11 90 16
226 0 1 3176 3 25 4
227 0 11 3183 51 187 76
228 1 13 3202 2 7 3
229 1 5 3222 194 1861 291
230 0 4 3239 1 10 1
231 1 3 3254 1 9 1
232 1 3 3269 1 11 1
233 1 3 3284 1 9 1
234 1 7 3298 4 12 6
235 1 1 3316 1 9 1
236 1 3 3325 200 1922 300
237 0 2 3340 9 72 13
238 0 1 3352 1 9 1
239 1 8 3363 2 6 3
240 1 2 3381 1 8 1
241 1 1 3395 3 25 4
242 1 3 3406 1 9 1
243 0 3 3420 56 504 84
244 1 4 3434 14 116 21
245 0 2 3450 1 9 1
246 0 48 3463 15 48 22
247 1 4 3487 1468 15492 2202
248 0 20 3502 2 6 3
249 0 4 3523 1 13 1
250 1 7 3539 1 4 1
251 1 12 3557 1 4 1
252 1 2 3577 11 90 16
253 0 2 3589 1 11 1
254 0 1 3601 1 9 1
255 0 6 3612 1 12 1
