0 0 4 5 1 10 1
1 0 1 13 290 3006 435
2 1 4 18 1 8 1
3 1 1 26 1635 5678 2452
4 0 1 32 166 1468 249
5 0 2 37 25 223 37
6 1 1 43 106 522 159
7 0 1 49 125 1534 187
8 1 3 55 40 484 60
9 1 3 62 1 8 1
10 1 1 70 494 5402 741
11 1 2 76 114 1000 171
12 1 1 82 994 11274 1491
13 1 3 87 8 28 12
14 1 3 94 9 85 13
15 0 1 101 1270 6078 1905
16 1 1 106 5 41 7
17 0 1 112 13 126 19
18 0 6 116 1 8 1
19 0 1 125 11 88 16
20 1 14 129 27 224 40
21 0 2 139 139 1717 208
22 1 2 146 7 66 10
23 0 1 152 16 66 24
24 1 1 157 1 3 1
25 1 1 161 1 8 1
26 1 3 167 1531 12924 2296
27 0 1 174 51 431 76
28 1 7 176 139117 1264591 208675
29 1 4 185 636 5249 954
30 1 1 193 12 42 18
31 1 2 199 6 19 9
32 1 8 206 10 100 15
33 0 1 215 39 334 58
34 1 2 220 4 34 6
35 0 3 227 1 4 1
36 0 1 234 69 266 103
37 0 5 238 1 10 1
38 1 10 246 2 7 3
39 1 19 255 1869 21917 2803
40 0 2 266 1 3 1
41 0 1 273 1 9 1
42 1 21 277 5 46 7
43 1 1 288 81 354 121
44 1 1 292 34 346 51
45 1 1 298 5 15 7
46 1 3 301 21 179 31
47 0 7 308 1 9 1
48 1 1 317 1 10 1
49 0 7 323 26 281 39
50 1 3 332 35035 322711 52552
51 1 1 340 5 20 7
52 0 4 346 7 28 10
53 1 6 354 357 3068 535
54 1 3 363 311 2883 466
55 0 1 371 98 990 147
56 0 1 375 7 23 10
57 1 3 378 1 10 1
58 0 2 386 4805 45947 7207
59 0 6 393 45 361 67
60 1 10 402 2157 18237 3235
61 0 2 412 10 48 15
62 1 2 418 2 16 3
63 0 3 424 66 533 99
64 0 3 431 2058 18222 3087
65 0 1 438 228 740 342
66 1 1 443 21 102 31
67 0 2 449 1 10 1
68 1 5 455 1 9 1
69 0 20 463 1 9 1
70 1 3 474 395 1363 592
71 1 9 481 1 8 1
72 1 2 490 40 370 60
73 0 2 496 23 206 34
74 0 1 503 120 404 180
75 1 3 508 41 352 61
76 0 5 515 56 596 84
77 1 1 523 263 3014 394
78 0 2 528 3325 14264 4987
79 1 2 534 4 34 6
80 1 2 541 20 165 30
81 0 11 547 63 675 94
82 1 6 557 1 4 1
83 1 7 566 36 372 54
84 0 2 575 1 8 1
85 1 5 581 1 8 1
86 1 1 589 2392 20973 3588
87 0 1 594 1 8 1
88 1 1 600 3 9 4
89 0 2 605 1 8 1
90 1 2 611 2389 21765 3583
91 0 1 617 2 16 3
92 0 1 622 2 8 3
93 0 9 627 9 95 13
94 0 38 636 1 11 1
95 0 2 647 5 22 7
96 1 1 653 2 19 3
97 0 3 659 6568 55920 9852
98 0 2 666 42 144 63
99 0 1 672 195 1753 292
100 0 8 676 63 536 94
101 1 2 685 3 26 4
102 1 3 691 13 128 19
103 1 4 699 18437 156237 27655
104 0 5 707 1 10 1
105 0 19 715 649 2486 973
106 0 2 726 1665 6520 2497
107 0 4 733 1 3 1
108 0 3 741 8 64 12
109 1 8 749 1 4 1
110 1 1 758 190 1668 285
111 1 3 764 64 744 96
112 1 20 772 5 44 7
113 0 2 783 1 12 1
114 0 6 790 18 79 27
115 0 3 799 2 19 3
116 1 3 806 93 356 139
117 1 2 814 10 81 15
118 0 2 820 1 4 1
119 1 1 826 129 1121 193
120 0 1 831 1 4 1
121 0 4 835 1 4 1
122 1 3 843 1 9 1
123 1 2 850 3 26 4
124 1 1 856 1407 11430 2110
125 1 5 858 1 10 1
126 0 17 866 37 386 55
127 0 1 876 8 67 12
128 1 5 881 46 372 69
129 0 2 889 1 4 1
130 1 1 895 1 4 1
131 0 4 901 1 9 1
132 1 3 909 3 13 4
133 0 13 916 295 2530 442
134 1 1 926 1 3 1
135 0 2 931 247 2267 370
136 0 3 937 1 8 1
137 1 10 944 9 33 13
138 0 1 954 2 20 3
139 0 9 960 2616 15740 3924
140 0 1 969 5622 26679 8433
141 1 2 973 1 9 1
142 0 1 980 2 20 3
143 0 13 984 116 980 174
144 1 6 994 1 8 1
145 1 2 1003 3 29 4
146 1 1 1009 1 4 1
147 1 6 1013 27 251 40
148 1 1 1022 14 119 21
149 1 7 1026 5 51 7
150 1 4 1035 1 10 1
151 1 3 1043 4 21 6
152 0 12 1051 163 524 244
153 1 4 1061 3 9 4
154 1 1 1069 1 8 1
155 0 4 1075 1 9 1
156 1 1 1083 1 10 1
157 1 3 1086 1 8 1
158 1 3 1093 3 24 4
159 1 4 1100 1 8 1
160 1 3 1108 1 10 1
161 0 3 1115 1 10 1
162 0 1 1122 338 1022 507
163 1 1 1126 1443 14307 2164
164 0 4 1132 9 34 13
165 1 1 1140 208 2221 312
166 0 5 1145 850 7009 1275
167 0 2 1153 1 9 1
168 1 9 1159 1 8 1
169 0 3 1168 22 94 33
170 0 3 1175 1 8 1
171 1 1 1183 8540 79551 12810
172 1 2 1189 1 9 1
173 0 4 1195 1 9 1
174 1 1 1203 1 3 1
175 1 1 1207 145 1316 217
176 1 4 1209 1 10 1
177 0 1 1217 11 43 16
178 1 7 1222 1 9 1
179 1 3 1231 1626 8534 2439
180 1 1 1238 943 3826 1414
181 1 9 1241 3 24 4
182 1 9 1250 1954 16240 2931
183 0 2 1259 3 32 4
184 1 1 1265 112 951 168
185 0 6 1269 10 97 15
186 0 14 1278 2 21 3
187 1 4 1288 1 11 1
188 0 1 1296 3 11 4
189 0 9 1300 1 11 1
190 1 1 1309 1 8 1
191 1 4 1313 4 37 6
192 1 5 1321 416449 3497593 624673
193 0 21 1329 165 2177 247
194 0 3 1340 7 57 10
195 0 5 1347 2 18 3
196 1 4 1355 26 96 39
197 0 4 1363 1 10 1
198 1 3 1371 6 63 9
199 0 4 1378 5 15 7
200 0 5 1386 1 9 1
201 0 4 1394 94 1002 141
202 1 2 1402 1 11 1
203 0 2 1408 1 3 1
204 0 3 1414 9 83 13
205 0 1 1421 178660 861858 267990
206 0 1 1425 13 135 19
207 1 4 1431 3 24 4
208 0 8 1439 992 4024 1488
209 0 2 1448 1 9 1
210 0 3 1455 72 864 108
211 1 2 1463 5 20 7
212 1 4 1470 1 3 1
213 1 3 1478 1730 7096 2595
214 0 6 1486 1 10 1
215 0 2 1495 1 12 1
216 0 8 1501 7 57 10
217 1 3 1510 2071 22049 3106
218 0 4 1517 1 8 1
219 1 2 1525 1465 5335 2197
220 1 1 1531 11572 44966 17358
221 0 3 1536 25 244 37
222 0 1 1544 1 9 1
223 1 3 1549 53 466 79
224 0 1 1556 2247 20813 3370
225 1 2 1560 8031 31968 12046
226 1 1 1567 4 13 6
227 0 1 1570 1882 5880 2823
228 0 4 1574 42 422 63
229 0 8 1582 29896 119669 44844
230 0 5 1591 1 8 1
231 1 10 1599 1 10 1
232 0 10 1609 22 243 33
233 0 3 1618 8 65 12
234 1 1 1626 2 18 3
235 0 2 1628 299 3026 448
236 1 2 1634 1 8 1
237 1 3 1641 1 3 1
238 1 1 1648 4 36 6
239 0 1 1653 1 4 1
240 1 3 1657 477 5491 715
241 0 24 1664 134 1100 201
242 0 2 1675 1 10 1
243 1 9 1682 1 3 1
244 1 7 1691 6 65 9
245 0 8 1700 1 8 1
246 1 6 1709 2 16 3
247 1 2 1718 2 20 3
248 1 20 1724 8 28 12
249 1 7 1735 257 2126 385
250 0 4 1744 724 7607 1086
251 1 5 1752 6702 60530 10053
252 0 3 1760 2 17 3
253 0 2 1767 1 4 1
254 1 2 1774 924 9828 1386
255 0 13 1780 2 18 3
256 0 2 1790 1133 12245 1699
257 0 4 1796 3 29 4
258 1 33 1804 371 1198 556
259 0 8 1815 20 202 30
260 1 1 1824 1 9 1
261 1 3 1828 9 46 13
262 0 4 1836 1 9 1
263 0 2 1844 4 42 6
264 1 5 1850 42 431 63
265 1 4 1858 984 10758 1476
266 0 15 1866 4 32 6
267 1 10 1876 1 12 1
268 1 3 1886 1 3 1
269 0 1 1893 3 35 4
270 1 4 1898 403 4455 604
271 1 2 1906 3713 32667 5569
272 0 2 1912 1 8 1
273 1 3 1918 35 157 52
274 0 5 1925 277 2369 415
275 1 14 1933 1 6 1
276 1 4 1943 16 130 24
277 1 2 1951 6 51 9
278 0 2 1958 4 38 6
279 1 2 1965 2 20 3
280 1 3 1972 1 9 1
281 0 1 1979 3127 26650 4690
282 1 3 1984 676 2205 1014
283 0 2 1991 1 3 1
284 1 4 1997 1 4 1
285 0 4 2005 251 2009 376
286 0 1 2013 1 8 1
287 1 2 2016 28 245 42
288 0 4 2023 2 19 3
289 0 1 2031 1 9 1
290 1 3 2036 87 697 130
291 1 3 2043 1 9 1
292 1 3 2050 600 6298 900
293 0 13 2058 1793 17852 2689
294 0 1 2068 2 18 3
295 0 2 2074 14 59 21
296 1 4 2080 22477 198221 33715
297 0 4 2088 14 135 21
298 0 3 2096 24 218 36
299 1 15 2103 2 21 3
300 0 7 2113 12 96 18
301 0 8 2122 975 9189 1462
302 0 3 2131 1 8 1
303 1 1 2138 3 11 4
304 0 2 2142 5 15 7
305 1 2 2149 1 8 1
306 0 4 2155 7 58 10
307 1 7 2163 1 5 1
308 1 1 2172 1025 11154 1537
309 1 4 2177 7735 72029 11602
310 0 1 2185 1 8 1
311 0 3 2190 60 694 90
312 1 1 2198 1 4 1
313 1 2 2203 23268 222782 34902
314 1 18 2210 42 369 63
315 1 2 2220 17 58 25
316 1 17 2227 4 50 6
317 1 8 2237 1 9 1
318 0 30 2246 1 10 1
319 1 4 2257 304 2625 456
320 0 13 2265 4 38 6
321 0 4 2275 6 62 9
322 0 2 2283 285 2874 427
323 1 1 2290 686 6887 1029
324 1 3 2295 27 292 40
325 1 11 2303 492 2075 738
326 1 3 2313 12 107 18
327 1 3 2321 341 3122 511
328 0 2 2328 4 44 6
329 1 2 2335 1 9 1
330 1 8 2341 3 31 4
331 1 2 2350 155 1351 232
332 0 2 2356 2 17 3
333 0 5 2362 1 12 1
334 1 1 2370 1 11 1
335 1 4 2373 1 10 1
336 0 5 2381 1 8 1
337 0 11 2389 1 4 1
338 1 3 2399 1 5 1
339 1 2 2407 1 10 1
340 0 1 2413 5 41 7
341 0 4 2419 3 30 4
342 1 4 2427 1 9 1
343 1 3 2435 3 13 4
344 1 2 2442 2 21 3
345 0 18 2448 58 618 87
346 0 9 2458 1 10 1
347 1 2 2467 14 126 21
348 1 3 2473 44 420 66
349 1 5 2480 260 2171 390
350 1 2 2488 1 9 1
351 1 7 2494 1 10 1
352 0 2 2503 1 10 1
353 1 2 2509 4 16 6
354 1 13 2515 1 11 1
355 1 2 2525 305 2467 457
356 0 1 2531 1885 16284 2827
357 0 18 2536 4 32 6
358 0 2 2546 1 8 1
359 1 3 2552 25 254 37
360 1 1 2559 97 797 145
361 1 8 2565 1 12 1
362 0 3 2574 1 10 1
363 0 1 2581 243 2475 364
364 0 9 2586 16329 181078 24493
365 1 4 2595 5407 52825 8110
366 1 3 2603 297 1088 445
367 0 9 2610 1 8 1
368 1 3 2619 1 10 1
369 1 10 2626 3 24 4
370 0 2 2636 2 24 3
371 1 2 2643 13 107 19
372 0 1 2649 1 9 1
373 1 1 2652 131 1216 196
374 0 7 2657 494 6052 741
375 1 1 2666 4 14 6
376 1 12 2672 33 331 49
377 0 7 2682 92 935 138
378 0 3 2691 2 16 3
379 0 2 2699 1 4 1
380 1 1 2706 2 17 3
381 0 2 2710 217 2021 325
382 0 4 2716 7 66 10
383 1 14 2724 1959 15673 2938
384 0 8 2734 1 9 1
385 1 1 2743 1 8 1
386 0 5 2747 13 112 19
387 1 2 2755 1936 21547 2904
388 0 17 2761 1 8 1
389 0 4 2771 233 1876 349
390 0 2 2779 1 3 1
391 0 2 2785 1 9 1
392 0 2 2791 2 18 3
393 0 1 2798 1613 5625 2419
394 0 2 2803 256 2692 384
395 0 1 2810 1 10 1
396 0 3 2815 10 100 15
397 1 7 2822 1 4 1
398 0 4 2831 3 24 4
399 0 1 2839 13 122 19
400 0 4 2844 7 60 10
401 0 7 2852 718 7812 1077
402 0 6 2861 749 6056 1123
403 0 5 2870 414 4879 621
404 1 4 2878 86 781 129
405 1 5 2886 1 5 1
406 1 6 2894 7 29 10
407 1 3 2903 40 368 60
408 1 4 2911 147111 1283913 220666
409 1 19 2919 132 1734 198
410 1 5 2930 1 8 1
411 0 3 2938 57 671 85
412 1 12 2945 1 11 1
413 1 1 2955 7 40 10
414 0 6 2960 1 9 1
415 1 1 2969 12144 107944 18216
416 0 11 2974 5 44 7
417 0 7 2984 1 5 1
418 1 10 2993 3 42 4
419 0 2 3003 1 3 1
420 0 2 3010 8 76 12
421 1 1 3016 94 410 141
422 1 4 3021 3 31 4
423 0 4 3029 28 183 42
424 0 9 3037 1 8 1
425 1 3 3046 3 25 4
426 0 5 3054 1 11 1
427 0 1 3062 1 11 1
428 0 1 3067 84 678 126
429 1 3 3072 12 100 18
430 1 9 3079 1 8 1
431 1 2 3088 1 9 1
432 0 33 3094 6 18 9
433 1 1 3105 25 203 37
434 1 2 3110 1 11 1
435 0 6 3116 3921 31607 5881
436 0 5 3125 1 9 1
437 1 1 3133 1 9 1
438 1 2 3138 14 147 21
439 0 2 3145 4 13 6
440 1 2 3152 127 1091 190
441 0 4 3159 29 268 43
442 0 8 3167 10 101 15
443 0 4 3176 53 520 79
444 1 14 3184 1 10 1
445 0 2 3194 1079 11068 1618
446 0 6 3200 1 8 1
447 0 2 3209 1 9 1
448 1 1 3215 1 8 1
449 0 3 3220 4 16 6
450 1 2 3228 54 662 81
451 0 1 3234 1 10 1
452 1 1 3239 356 2912 534
453 0 1 3244 6 52 9
454 1 10 3248 5613 18664 8419
455 0 1 3258 3 26 4
456 0 4 3263 1 4 1
457 1 8 3271 5114 57379 7671
458 0 4 3280 126 1031 189
459 1 1 3288 20 180 30
460 0 3 3293 5349 55903 8023
461 1 1 3300 6 63 9
462 0 5 3305 60552 510068 90828
463 0 5 3313 2 22 3
464 0 3 3321 1 9 1
465 0 1 3328 1 8 1
466 0 5 3333 2 6 3
467 1 1 3341 3 33 4
468 1 4 3347 2 16 3
469 1 4 3355 346 4800 519
470 1 3 3363 6 49 9
471 1 1 3371 32 141 48
472 1 2 3376 163 1517 244
473 0 5 3382 1 5 1
474 1 2 3390 1 10 1
475 0 11 3397 2 17 3
476 1 11 3407 4 39 6
477 1 2 3417 1936 17593 2904
478 1 29 3423 1 3 1
479 1 4 3434 1 9 1
480 0 3 3442 5 42 7
481 1 1 3449 373 3641 559
482 0 2 3454 10701 100438 16051
483 0 2 3460 16736 141702 25104
484 1 3 3466 18 183 27
485 0 3 3473 318 2916 477
486 0 3 3481 251 2315 376
487 1 1 3488 356 3742 534
488 0 2 3491 1 8 1
489 1 3 3498 6440 60637 9660
490 0 7 3505 17 76 25
491 0 1 3514 2 18 3
492 0 10 3519 230 2489 345
493 1 3 3529 50 179 75
494 1 3 3536 246 2256 369
495 1 2 3544 1 4 1
496 0 3 3551 11 137 16
497 0 4 3558 2 18 3
498 0 3 3566 1 8 1
499 0 7 3574 2 19 3
500 0 5 3583 1 8 1
501 1 22 3591 8 37 12
502 0 3 3602 1854 16960 2781
503 0 1 3609 1 8 1
