0 0 6 5 1 10 1
1 1 4 22 1 9 1
2 0 4 38 1 12 1
3 0 3 54 1 9 1
4 0 1 69 58 523 87
5 0 2 76 9 72 13
6 0 5 90 1 10 1
7 0 2 107 283 2766 424
8 1 4 120 1 11 1
9 1 2 136 342 3373 513
10 1 3 150 5 41 7
11 1 12 165 1 4 1
12 0 2 185 3572 39201 5358
13 0 2 197 63 570 94
14 1 5 211 7 56 10
15 0 15 228 1 4 1
16 0 3 248 4 33 6
17 0 11 262 1 4 1
18 1 3 281 2 17 3
19 1 7 296 1 3 1
20 0 5 314 173864 2227602 260796
21 1 9 331 1 3 1
22 0 2 350 1 9 1
23 0 3 363 701 7153 1051
24 1 1 378 1510 15956 2265
25 1 9 385 27 93 40
26 1 4 404 1 9 1
27 0 1 420 6 48 9
28 0 1 431 3087 33665 4630
29 1 2 442 13 107 19
30 0 10 456 1 4 1
31 0 3 475 4647 51577 6970
32 0 1 490 10 81 15
33 0 3 501 13 108 19
34 0 4 515 189 1811 283
35 1 2 531 1 9 1
36 0 2 544 1 9 1
37 0 1 556 245 2377 367
38 0 2 565 4 33 6
39 1 6 577 428 4267 642
40 0 5 594 86 792 129
41 0 1 611 1008 10458 1512
42 0 3 622 87 801 130
43 1 1 637 1 9 1
44 1 7 647 1 5 1
45 1 1 665 1 11 1
46 0 8 672 82 314 123
47 1 22 690 1 3 1
48 1 2 711 31 270 46
49 0 1 724 1 10 1
50 0 1 735 1 12 1
51 1 6 746 1 10 1
52 0 3 763 15558 181571 23337
53 1 3 778 1 9 1
54 1 1 793 23 197 34
55 1 6 804 396 3933 594
56 1 2 821 125 1173 187
57 1 7 835 2 6 3
58 1 3 853 1 12 1
59 0 3 868 15 125 22
60 0 20 883 1 4 1
61 1 4 904 3 25 4
62 0 70 920 1 3 1
63 1 2 944 6 48 9
64 1 2 957 1 10 1
65 1 3 969 319 3136 478
66 1 2 984 1355 14249 2032
67 1 1 997 1 10 1
68 0 1 1007 94997 1189972 142495
69 0 4 1016 1 13 1
70 1 4 1032 56 504 84
71 0 3 1047 23 197 34
72 1 7 1061 522 2320 783
73 1 3 1079 13 107 19
74 1 17 1094 31 108 46
75 0 3 1115 1 10 1
76 1 5 1130 20 170 30
77 1 2 1147 29 252 43
78 0 2 1159 251 2439 376
79 0 4 1172 850 8751 1275
80 0 3 1188 13 107 19
81 0 3 1202 1 13 1
82 1 1 1217 26 224 39
83 1 2 1226 2 17 3
84 0 21 1238 3 9 4
85 1 8 1259 5 15 7
86 1 1 1277 95 879 142
87 1 2 1287 12051 139186 18076
88 0 2 1301 8 64 12
89 0 8 1314 27 93 40
90 1 1 1332 412 4100 618
91 0 1 1343 1 8 1
92 0 2 1353 1 10 1
93 1 2 1366 1 10 1
94 0 3 1378 22 188 33
95 0 3 1392 4833 53731 7249
96 1 1 1407 1 9 1
97 0 7 1418 1 4 1
98 1 12 1436 15 48 22
99 1 5 1456 49 437 73
100 1 2 1473 15 125 22
101 1 2 1487 1 9 1
102 0 2 1499 8 64 12
103 1 1 1513 45 400 67
104 0 1 1519 2 17 3
105 0 4 1529 8402 95607 12603
106 0 5 1545 1 9 1
107 1 4 1561 5 40 7
108 1 2 1577 77 704 115
109 1 2 1591 1841 19626 2761
110 0 1 1603 1 10 1
111 0 1 1611 4 33 6
112 1 4 1621 5700 63814 8550
113 0 5 1637 100 927 150
114 0 11 1654 4 12 6
115 1 12 1673 1 3 1
116 0 1 1693 2 17 3
117 1 6 1702 4303 22134 6454
118 0 2 1720 1 9 1
119 0 1 1733 274 2674 411
120 0 14 1741 37 131 55
121 1 6 1761 1 10 1
122 0 2 1778 1 9 1
123 1 11 1791 4170 21406 6255
124 0 3 1811 3 25 4
125 0 1 1825 5 40 7
126 1 3 1832 1 9 1
127 1 2 1847 3019 32891 4528
128 1 10 1859 27 93 40
129 1 3 1878 6 48 9
130 0 2 1893 1 9 1
131 1 1 1906 1 10 1
132 1 6 1917 134 1262 201
133 0 3 1934 1 9 1
134 1 2 1949 17995 211251 26992
135 0 2 1961 24 206 36
136 1 4 1975 18 152 27
137 1 14 1991 5197 27057 7795
138 0 3 2011 29 252 43
139 0 2 2026 1 10 1
140 0 9 2038 33 116 49
141 1 1 2057 2898 31517 4347
142 1 1 2068 1 10 1
143 0 17 2077 75 285 112
144 0 5 2098 3 25 4
145 1 1 2115 2 17 3
146 0 2 2126 1 9 1
147 0 6 2139 1 5 1
148 0 4 2157 1 10 1
149 0 2 2173 1 9 1
150 0 14 2185 5 15 7
151 1 5 2205 290 2837 435
152 0 4 2222 47 419 70
153 1 2 2237 1 8 1
154 1 1 2249 1 10 1
155 0 3 2255 206 1982 309
156 1 4 2270 3 25 4
157 0 6 2285 11 90 16
158 0 1 2302 1 9 1
159 0 6 2313 10 81 15
160 1 2 2330 12 99 18
161 0 3 2342 16 134 24
162 0 3 2356 2 17 3
163 1 2 2370 2304 24807 3456
164 1 2 2382 1 9 1
165 0 6 2396 20 170 30
166 1 2 2413 1 9 1
167 0 1 2427 20 170 30
168 0 6 2438 1 9 1
169 1 2 2455 240 2327 360
170 0 1 2468 4 33 6
171 1 4 2473 1 11 1
172 1 5 2489 2 17 3
173 1 11 2506 2 6 3
174 1 4 2526 1 10 1
175 1 5 2541 1 9 1
176 1 2 2558 3 25 4
177 1 16 2570 2605 12966 3907
178 0 5 2591 1 9 1
179 0 5 2608 1 11 1
180 1 3 2625 290 2838 435
181 0 1 2640 3 25 4
182 1 1 2649 490 4916 735
183 1 7 2660 1 3 1
184 1 2 2678 21 179 31
185 1 1 2690 23044 273219 34566
186 1 5 2695 1 9 1
187 1 2 2712 75 685 112
188 1 16 2724 1 4 1
189 1 2 2745 50 447 75
190 0 17 2758 1 4 1
191 1 2 2779 228 2204 342
192 1 2 2793 18 152 27
193 0 1 2805 738 7548 1107
194 0 3 2814 38 335 57
195 0 1 2829 63 570 94
196 0 10 2840 2859 14319 4288
197 1 2 2859 1 10 1
198 0 15 2872 17 56 25
199 1 1 2892 4 33 6
200 1 10 2901 8 24 12
201 1 2 2920 1 8 1
202 1 5 2933 1772 18859 2658
203 1 2 2950 1 11 1
204 1 3 2962 1 11 1
205 0 5 2977 363 3590 544
206 1 8 2994 10 31 15
207 0 7 3012 49 179 73
208 1 6 3030 1 9 1
209 0 4 3047 18 152 27
210 0 3 3063 11 90 16
211 0 1 3078 297 2910 445
212 0 3 3089 210 2023 315
213 1 4 3104 1 9 1
214 0 1 3120 1 9 1
215 0 4 3129 1 10 1
216 1 1 3144 12 99 18
217 1 4 3155 67 608 100
218 1 3 3171 33 288 49
219 0 2 3185 188 1801 282
220 1 7 3197 2 6 3
221 1 2 3215 6 48 9
222 1 4 3227 26 224 39
223 0 21 3243 10 31 15
224 0 8 3264 1 4 1
225 0 2 3282 1 9 1
226 0 5 3294 142 1341 213
227 1 2 3311 1 10 1
228 0 2 3323 1 9 1
229 0 1 3337 1 12 1
230 0 1 3347 1 11 1
231 1 1 3358 11 90 16
232 1 2 3368 58 523 87
233 0 4 3381 277 2704 415
234 0 1 3397 10772 123842 16158
235 1 6 3406 20 170 30
236 1 3 3423 1 9 1
237 0 20 3437 1 6 1
238 1 2 3458 1 9 1
239 0 4 3471 5 40 7
240 0 5 3487 1 10 1
241 1 1 3504 2 17 3
242 0 4 3511 20 169 30
243 1 2 3527 43 381 64
244 1 2 3541 46 410 69
245 1 1 3555 20 170 30
246 0 1 3562 2456 26518 3684
247 1 2 3567 1 10 1
248 1 12 3580 4117 21116 6175
249 1 2 3600 156 1480 234
250 1 2 3613 81 743 121
