0 0 6 5 91 351 136
1 0 19 13 1 4 1
2 0 2 22 1 10 1
3 1 6 29 5 15 7
4 1 8 37 20 67 30
5 0 3 46 1 4 1
6 0 2 54 18 152 27
7 0 9 61 3 9 4
8 0 8 70 160 648 240
9 0 1 78 105949 1332630 158923
10 0 1 84 2221 23874 3331
11 0 7 90 390 1696 585
12 1 3 98 16 134 24
13 0 2 105 1 11 1
14 0 1 112 1 11 1
15 0 10 118 5 15 7
16 0 2 127 1750 18614 2625
17 0 2 134 69653 862278 104479
18 1 3 141 1 9 1
19 1 5 148 34 120 51
20 1 6 156 456 2006 684
21 1 3 164 23 78 34
22 0 2 172 1 10 1
23 1 2 179 75 685 112
24 1 9 186 5 15 7
25 1 2 195 18042 211824 27063
26 1 1 202 1 11 1
27 1 2 208 1 11 1
28 1 1 215 1 10 1
29 0 1 221 1 9 1
30 0 6 226 506 2243 759
31 1 2 234 1 9 1
32 1 3 241 1 7 1
33 0 2 249 95 879 142
34 1 3 256 468 2063 702
35 1 3 264 1 4 1
36 1 6 272 7 21 10
37 1 17 280 10 31 15
38 0 5 289 2 7 3
39 1 4 297 1 4 1
40 0 1 305 1 9 1
41 1 5 312 2381 11780 3571
42 0 3 320 3 9 4
43 1 3 328 1 10 1
44 1 2 336 99 918 148
45 0 5 343 1 4 1
46 1 2 351 1 10 1
47 1 1 358 13 107 19
48 0 4 362 238 996 357
49 1 9 370 6 18 9
50 1 4 379 1 3 1
51 0 2 387 7 56 10
52 1 3 394 25 85 37
53 0 9 402 1 3 1
54 1 2 411 99 918 148
55 0 6 418 112 440 168
56 1 6 426 33 116 49
57 0 3 434 2 17 3
58 1 1 441 1 9 1
59 0 3 447 1 4 1
60 0 20 455 2 7 3
61 0 3 464 297 1264 445
62 1 2 472 1 10 1
63 0 10 479 1241 5872 1861
64 0 1 488 10842 124680 16263
65 0 1 495 6642 74841 9963
66 1 1 502 10 81 15
67 0 6 508 1 3 1
68 0 5 516 1 5 1
69 1 5 524 4 12 6
70 0 4 532 29 100 43
71 1 1 540 22 188 33
72 0 4 546 1 5 1
73 0 2 554 344 3394 516
74 0 2 561 7 56 10
75 1 2 568 204504175 2147483647 306756262
76 0 1 575 66 599 99
77 0 1 581 1 12 1
78 0 1 587 61 551 91
79 0 4 592 2339 11559 3508
80 1 1 600 48 428 72
81 1 9 606 523 2325 784
82 0 11 615 3 9 4
83 1 11 624 1 4 1
84 0 1 633 24 206 36
85 0 1 639 12 99 18
86 1 2 645 26 224 39
87 1 16 652 2 7 3
88 1 11 661 1 3 1
89 0 40 670 15635 87103 23452
90 0 5 680 106 415 159
91 0 3 688 686 3111 1029
92 1 1 696 21 179 31
93 1 1 702 1 11 1
94 1 4 709 6 18 9
95 0 2 717 18 152 27
96 0 3 724 18 59 27
97 0 3 732 5533 61867 8299
98 0 1 740 23527 279176 35290
99 0 11 746 1 3 1
100 0 3 755 1 9 1
101 0 4 762 7 21 10
102 1 2 770 1 9 1
103 0 1 777 1564 16552 2346
104 0 1 784 1949 20830 2923
105 0 1 790 1 11 1
106 0 2 796 1 11 1
107 0 1 803 4 33 6
108 1 3 809 147 591 220
109 0 7 817 14 45 21
110 0 1 825 1 9 1
111 0 2 831 39 344 58
112 0 1 838 5 40 7
113 0 8 845 7 21 10
114 1 3 854 141 565 211
115 0 2 862 18 152 27
116 1 2 869 1 9 1
117 0 1 876 33 288 49
118 0 3 883 11 90 16
119 1 5 890 18 59 27
120 0 4 898 1 5 1
121 1 1 906 128 1203 192
122 0 3 911 1 9 1
123 1 2 918 1763 18759 2644
124 1 2 925 1 10 1
125 0 3 932 15 49 22
126 0 17 940 11 34 16
127 0 3 949 2 7 3
128 1 4 957 179 732 268
129 1 2 965 2 17 3
130 1 2 972 15 125 22
131 0 4 979 197 811 295
132 1 5 987 5948 31233 8922
133 0 3 995 1 4 1
134 0 1 1003 2598 28120 3897
135 0 2 1009 1 10 1
136 0 1 1016 5 40 7
137 1 1 1023 44 391 66
138 0 8 1029 1055 4935 1582
139 0 1 1037 2 17 3
140 0 68 1044 1 5 1
141 0 3 1054 121 479 181
142 1 1 1062 137 1291 205
143 1 2 1068 1 9 1
144 0 8 1075 1 4 1
145 1 2 1084 1 11 1
146 1 2 1091 3 25 4
147 1 1 1098 10 81 15
148 1 5 1104 28 97 42
149 0 2 1112 1 10 1
150 1 4 1119 1 5 1
151 0 2 1127 123 1153 184
152 1 1 1134 166930 2135548 250395
153 0 2 1139 3691 40564 5536
154 1 8 1146 1 3 1
155 0 2 1155 1 9 1
156 1 2 1162 5 41 7
157 0 16 1169 87 335 130
158 0 1 1178 338323 4441242 507484
159 0 4 1184 507500 3412086 761250
160 1 2 1192 1 10 1
161 0 1 1199 5 41 7
162 0 2 1205 97 899 145
163 1 4 1212 6 18 9
164 0 2 1220 15871 185373 23806
165 0 1 1227 41 363 61
166 0 2 1232 99 918 148
167 1 4 1239 1602 7716 2403
168 1 3 1247 13 41 19
169 1 1 1255 2244 24133 3366
170 1 1 1260 2 17 3
171 0 3 1266 1 6 1
172 1 2 1274 2249 24189 3373
173 1 23 1281 1881 9160 2821
174 0 8 1290 754 3443 1131
175 1 24 1298 288 1223 432
176 0 5 1307 1 4 1
177 1 2 1315 1 9 1
178 0 1 1322 1 12 1
179 1 5 1328 1 4 1
180 0 4 1336 3767 19210 5650
181 1 4 1344 13 41 19
182 0 12 1352 1 3 1
183 0 20 1361 1 4 1
184 1 1 1370 17163 201099 25744
185 1 1 1376 46 409 69
186 1 23 1382 3 9 4
187 1 4 1391 2 7 3
188 0 12 1399 16 52 24
189 0 1 1408 4 33 6
190 1 17 1414 10 31 15
191 0 2 1423 2005 21456 3007
192 0 2 1430 12 99 18
193 1 7 1437 32 112 48
194 1 5 1445 119 470 178
195 0 2 1453 1 12 1
196 1 2 1460 79 724 118
197 0 3 1467 1 9 1
198 0 12 1474 20 67 30
199 1 7 1483 1 3 1
200 1 1 1491 44 391 66
201 0 1 1497 14161 164637 21241
202 0 10 1504 143 574 214
203 1 1 1513 107 996 160
204 1 13 1519 27 93 40
205 1 1 1528 351 3466 526
206 1 1 1534 69 628 103
207 0 15 1540 48 175 72
208 1 6 1549 28283 163117 42424
209 1 7 1557 48 175 72
210 1 3 1565 481 2124 721
211 0 1 1573 255 2479 382
212 1 3 1579 4 32 6
213 1 3 1586 1 9 1
214 1 8 1593 16 52 24
215 0 3 1602 36 127 54
216 0 1 1610 11 90 16
217 1 3 1616 13 41 19
218 0 2 1624 103 957 154
219 0 26 1631 1 4 1
220 1 2 1640 2 17 3
221 1 2 1647 61 551 91
222 1 2 1654 407 4048 610
223 0 1 1661 2 17 3
224 1 3 1668 1 8 1
225 0 1 1675 10 81 15
226 0 3 1682 1 4 1
227 0 3 1690 3359 17002 5038
228 0 2 1698 2431 26236 3646
229 1 16 1705 1 4 1
230 1 8 1714 28 97 42
231 0 1 1723 114 1065 171
232 1 2 1729 50 447 75
233 1 2 1736 12 99 18
234 1 2 1743 1 9 1
235 1 2 1750 1 9 1
236 1 1 1757 5430 60667 8145
237 0 7 1763 7 21 10
238 0 5 1771 28719 165777 43078
239 0 6 1779 1 3 1
240 0 1 1787 53 476 79
241 0 1 1793 3 25 4
242 1 4 1799 1 3 1
243 1 3 1807 2 7 3
244 1 1 1815 1 11 1
245 1 38 1820 60 223 90
246 1 1 1830 852 8772 1278
247 1 3 1837 1 10 1
248 1 4 1844 173 705 259
249 1 7 1852 1 4 1
250 0 2 1860 1 10 1
251 0 2 1867 1 9 1
252 0 5 1874 1 5 1
253 0 11 1882 7074 37551 10611
254 0 1 1891 5 40 7
255 0 6 1897 1 5 1
256 0 3 1905 1 11 1
257 1 1 1912 1 10 1
258 1 2 1919 1 12 1
259 1 1 1926 20 169 30
260 1 5 1931 1779 8630 2668
261 1 1 1939 3 25 4
262 0 3 1944 2 17 3
263 1 4 1951 1 5 1
264 0 1 1959 1 9 1
265 1 7 1965 34 120 51
266 0 2 1973 3 25 4
267 1 7 1980 141166 889295 211749
268 1 2 1988 226 2184 339
269 1 11 1995 1 4 1
270 1 2 2004 7569 85755 11353
271 1 2 2011 1 12 1
272 1 1 2018 1 10 1
273 0 2 2025 95 879 142
274 1 2 2032 184 1761 276
275 0 1 2039 1 10 1
276 0 1 2045 2443 26371 3664
277 1 1 2051 78 714 117
278 1 2 2058 12 99 18
279 1 3 2065 267 2602 400
280 0 1 2072 1 10 1
281 0 10 2078 3 10 4
282 0 2 2087 2722 29522 4083
283 1 2 2094 211 2033 316
284 1 3 2101 1 3 1
285 1 11 2109 2 6 3
286 1 2 2118 5 40 7
287 1 1 2125 1 9 1
288 0 1 2131 9 73 13
289 0 1 2138 451 4507 676
290 1 2 2144 21 179 31
291 1 6 2151 2 6 3
292 1 6 2159 1 4 1
293 1 1 2167 185 1771 277
294 1 1 2173 4 33 6
295 1 4 2179 6 18 9
296 0 18 2187 58463 351231 87694
297 0 2 2196 7 56 10
298 1 4 2203 1704 8242 2556
299 1 2 2211 13662 158603 20493
300 0 2 2218 1098 11437 1647
301 1 4 2225 158 639 237
302 1 2 2233 1 9 1
303 0 1 2240 30 260 45
304 1 13 2246 2 6 3
305 0 1 2255 146 1381 219
306 1 1 2261 7 56 10
307 0 2 2266 67205 830835 100807
308 0 6 2273 3 9 4
309 0 6 2281 1 4 1
310 1 1 2289 945 9776 1417
311 1 3 2296 1 3 1
312 1 2 2304 29 251 43
313 1 3 2311 1 3 1
314 0 1 2319 1 9 1
315 1 8 2325 12 38 18
316 1 1 2334 1547 16365 2320
317 1 5 2340 1 4 1
318 0 8 2348 23 78 34
319 0 6 2356 208 860 312
320 1 5 2364 1596 7685 2394
321 1 2 2372 1 10 1
322 1 2 2379 181798 2333092 272697
323 1 4 2386 111 436 166
324 1 2 2394 4 33 6
325 1 6 2401 1 4 1
326 0 6 2409 16 52 24
327 0 4 2417 20 67 30
328 1 1 2425 2 17 3
329 1 8 2430 1 4 1
330 1 1 2438 1 12 1
331 0 1 2443 12396 143336 18594
332 1 4 2450 2 7 3
333 1 2 2458 49 438 73
334 0 3 2465 1 4 1
335 0 6 2473 107 419 160
336 0 4 2481 13 41 19
337 0 3 2489 141 565 211
338 1 4 2497 17 56 25
339 1 3 2505 1 10 1
340 1 1 2512 27 233 40
341 1 3 2519 1 3 1
342 0 3 2527 116 457 174
343 0 6 2535 6 18 9
344 1 9 2543 1 4 1
345 0 2 2552 6180 69425 9270
346 0 3 2559 9 27 13
347 1 2 2567 3 25 4
348 0 2 2574 1 11 1
349 1 5 2581 1 3 1
350 0 2 2589 81 743 121
351 1 3 2596 1 3 1
352 0 5 2604 7 21 10
353 0 2 2612 1 10 1
354 1 2 2619 340 3353 510
355 0 5 2626 3 10 4
356 1 2 2634 257 2500 385
357 1 2 2641 7 56 10
358 0 1 2648 8 64 12
359 0 9 2654 61 227 91
360 0 2 2663 269 2622 403
361 1 1 2670 1 10 1
362 0 8 2676 6 18 9
363 1 3 2685 1 3 1
364 0 2 2693 938 9700 1407
365 0 2 2700 9 72 13
366 0 9 2707 1 4 1
367 1 4 2716 20 67 30
368 1 3 2724 1 4 1
369 1 10 2732 83 318 124
370 1 3 2741 43 381 64
371 1 1 2748 309 3033 463
372 0 1 2754 6 48 9
373 0 8 2761 6 18 9
374 0 1 2770 20 170 30
375 1 1 2776 1 9 1
376 0 5 2783 1 4 1
377 1 1 2791 2 17 3
378 1 5 2795 13911 76960 20866
379 1 2 2803 24 206 36
380 0 33 2810 6 18 9
381 1 3 2819 16 52 24
382 1 2 2827 13443 155958 20164
383 1 3 2834 1 5 1
384 1 2 2842 5 41 7
385 0 2 2849 1 9 1
386 0 2 2856 1 10 1
387 0 2 2863 1 10 1
388 0 9 2870 1 4 1
389 0 2 2879 108 1006 162
390 1 4 2886 1 4 1
391 1 1 2894 61 551 91
392 1 3 2900 139 1311 208
393 1 2 2908 1 9 1
394 1 1 2915 11 90 16
395 0 1 2921 263 2561 394
396 0 2 2928 1 9 1
397 1 16 2935 1 4 1
398 0 1 2944 7 56 10
399 0 7 2949 1 3 1
400 1 1 2957 1 9 1
401 0 11 2964 13 41 19
402 1 3 2973 8 24 12
403 0 7 2981 394 1714 591
404 0 1 2989 2831 30757 4246
405 1 4 2996 3 9 4
406 1 1 3004 2 17 3
407 1 8 3011 1 4 1
408 0 11 3020 1 4 1
409 0 2 3029 1 10 1
410 1 15 3036 1 5 1
411 0 5 3045 1 5 1
412 1 2 3053 9 73 13
413 0 4 3060 3 9 4
414 0 12 3068 2 6 3
415 0 1 3077 1 8 1
416 0 1 3083 394 3912 591
417 1 1 3090 186 1780 279
418 0 2 3093 1 9 1
419 0 1 3100 60 542 90
420 0 2 3106 1 9 1
421 1 4 3113 10 31 15
422 1 2 3121 1 11 1
423 1 3 3128 337 3321 505
424 1 3 3135 27041 155552 40561
425 0 9 3143 14480 80300 21720
426 1 1 3152 1 10 1
427 0 7 3156 1 5 1
428 0 13 3164 170296 1083382 255444
429 1 7 3173 11527 63054 17290
430 0 1 3181 1 10 1
431 1 1 3188 20 170 30
432 1 4 3194 25 85 37
433 1 9 3202 1 4 1
434 0 3 3211 2 7 3
435 0 3 3219 25 215 37
436 1 6 3226 1 5 1
437 1 1 3234 1 10 1
438 0 31 3240 1 4 1
439 1 1 3249 1 9 1
440 1 6 3255 21 70 31
441 0 2 3263 30 261 45
442 1 2 3270 378 3746 567
443 0 1 3277 1 11 1
444 1 2 3283 40 353 60
445 0 8 3290 25 85 37
446 1 1 3298 7 56 10
447 1 10 3304 3 10 4
448 1 2 3313 864 8901 1296
449 0 9 3320 6 18 9
450 1 1 3329 10 81 15
451 0 3 3335 459 2020 688
452 0 4 3343 15 48 22
453 0 2 3351 1 9 1
454 0 2 3358 12 99 18
455 0 24 3365 7 21 10
456 1 5 3374 945 4386 1417
457 1 3 3382 1 5 1
458 0 1 3390 3 25 4
459 1 6 3396 1 3 1
460 0 3 3404 50 183 75
461 1 7 3412 6 18 9
462 1 1 3420 19 161 28
463 1 4 3426 20 67 30
464 1 1 3434 1 9 1
465 0 3 3440 2895458 21136607 4343187
466 1 3 3448 34 297 51
467 1 1 3455 1 10 1
468 1 2 3460 1 9 1
469 1 5 3467 964 4481 1446
470 1 46 3475 229 955 343
471 1 2 3485 1 11 1
472 1 1 3492 1387 14600 2080
473 0 1 3498 80 734 120
474 0 3 3503 20 67 30
475 0 17 3511 2 7 3
476 0 28 3520 1233 5832 1849
477 0 4 3529 4 12 6
478 0 1 3537 1 10 1
479 0 3 3543 2 17 3
480 1 10 3550 1 4 1
481 0 2 3559 1 10 1
482 1 6 3566 5 15 7
483 0 2 3574 4536 50293 6804
484 0 2 3581 4 33 6
485 0 1 3588 10 81 15
486 0 17 3594 1496 7171 2244
487 0 5 3603 1 4 1
488 1 1 3611 21 179 31
