0 0 6 5 2 7 3
1 0 43 23 1198 5655 1797
2 0 4 46 5 40 7
3 1 1 61 27 233 40
4 0 4 72 1 10 1
5 1 1 88 2 17 3
6 1 7 95 489 2163 733
7 1 3 113 35 307 52
8 0 1 128 3 25 4
9 1 2 138 63 570 94
10 1 4 151 1 9 1
11 1 1 167 1612 17084 2418
12 0 4 176 1 9 1
13 1 1 192 2 17 3
14 0 19 203 830 3816 1245
15 1 1 224 46 409 69
16 1 9 235 8407 45108 12610
17 1 5 254 2824 30678 4236
18 1 20 271 1 4 1
19 1 21 292 1 4 1
20 0 1 313 426 4246 639
21 1 2 324 2 17 3
22 1 2 337 1 10 1
23 1 2 350 37 326 55
24 0 5 363 3 25 4
25 0 6 380 816 8385 1224
26 1 11 397 2 7 3
27 0 1 416 1 13 1
28 0 1 425 4 33 6
29 1 4 435 203 1952 304
30 1 9 451 1 5 1
31 1 1 470 41 363 61
32 0 6 480 70 637 105
33 0 2 498 426 4246 639
34 0 3 511 63566 784174 95349
35 0 1 526 35 307 52
36 0 3 536 1 10 1
37 0 3 551 2 17 3
38 0 3 566 1 9 1
39 1 1 581 3 25 4
40 1 5 590 129 1212 193
41 0 2 607 2 17 3
42 1 2 621 512 5148 768
43 1 1 634 77 705 115
44 1 2 645 1 11 1
45 0 3 658 1 12 1
46 1 5 672 1 9 1
47 0 1 689 27 233 40
48 0 6 697 2025 21679 3037
49 0 3 714 3 25 4
50 0 12 729 2 6 3
51 0 4 749 1 9 1
52 0 1 765 253 2459 379
53 0 6 773 1 9 1
54 1 1 790 1 10 1
55 1 4 799 1 9 1
56 1 10 815 32 112 48
57 1 13 834 5 15 7
58 0 1 854 59 532 88
59 1 2 865 1 13 1
60 0 3 878 4 33 6
61 0 3 893 1 10 1
62 1 9 908 46 167 69
63 0 2 927 1 11 1
64 0 1 940 1 9 1
65 1 3 951 55 494 82
66 1 4 966 4 33 6
67 1 10 982 49 179 73
68 0 2 1001 3 25 4
69 1 5 1013 8 64 12
70 1 5 1030 248 2408 372
71 0 4 1047 127 1193 190
72 0 1 1063 1 10 1
73 0 7 1070 2 6 3
74 0 13 1088 1 3 1
75 0 1 1108 15 125 22
76 0 1 1114 24 206 36
77 0 3 1121 1 8 1
78 1 3 1136 23 197 34
79 1 3 1150 12 98 18
80 0 21 1165 34794 203055 52191
81 0 1 1186 245 2378 367
82 1 3 1192 1529 16166 2293
83 1 8 1207 13 41 19
84 1 2 1226 1 8 1
85 1 5 1240 421475 5576609 632212
86 1 7 1256 2224 10953 3336
87 0 1 1274 45 400 67
88 1 4 1285 1 8 1
89 1 1 1301 1 10 1
90 1 7 1309 3005 15100 4507
91 1 1 1327 13 107 19
92 0 29 1337 2 7 3
93 0 2 1359 2085 22350 3127
94 1 12 1373 936 4341 1404
95 0 1 1393 3 25 4
96 0 1 1399 5263 58723 7894
97 1 2 1410 593859 7953769 890788
98 0 6 1422 17 56 25
99 1 3 1440 1 9 1
100 0 13 1455 11 34 16
101 0 2 1475 66 599 99
102 0 2 1488 310 3043 465
103 1 9 1500 1 4 1
104 1 1 1519 102 947 153
105 0 1 1529 35 307 52
106 0 1 1534 15 125 22
107 1 2 1542 1 9 1
108 1 2 1554 1481 15636 2221
109 1 2 1567 1 14 1
110 0 1 1581 489 4906 733
111 1 3 1592 1596 16906 2394
112 0 1 1606 1 10 1
113 1 14 1616 95 368 142
114 0 3 1636 6758701 98296585 10138051
115 0 2 1651 1 9 1
116 1 2 1665 493 4948 739
117 0 12 1677 5 15 7
118 1 1 1697 92419 1156476 138628
119 0 2 1708 1 9 1
120 0 3 1722 1 9 1
121 1 6 1737 1 9 1
122 0 1 1754 591 5982 886
123 0 3 1765 15 125 22
124 0 3 1779 4 33 6
125 1 1 1794 187 1791 280
126 1 8 1805 41 147 61
127 0 13 1823 1681 8123 2521
128 1 1 1843 1 9 1
129 1 3 1853 1277 13392 1915
130 0 3 1868 1 9 1
131 0 3 1882 594 6014 891
132 0 2 1896 63 570 94
133 0 12 1909 20 67 30
134 0 2 1929 60678 747212 91017
135 1 1 1943 58 523 87
136 1 13 1951 74 280 111
137 1 10 1971 1 4 1
138 0 2 1990 46 410 69
139 1 5 2003 178 1700 267
140 0 1 2020 1289 13524 1933
141 0 2 2030 9 73 13
142 0 2 2042 219 2113 328
143 0 13 2055 202 834 303
144 1 3 2075 15 125 22
145 1 3 2089 5 41 7
146 0 40 2104 11 34 16
147 1 1 2127 460 4602 690
148 0 2 2136 57 513 85
149 1 2 2149 44 391 66
150 1 13 2161 172 701 258
151 1 5 2181 363 3590 544
152 1 6 2198 27 233 40
153 1 2 2215 3 25 4
154 0 3 2228 1 10 1
155 1 3 2242 1 9 1
156 1 1 2256 96941 1215252 145411
157 0 3 2266 1 10 1
158 0 2 2281 457 4570 685
159 1 3 2294 7 56 10
160 0 5 2309 1 10 1
161 0 6 2326 1 4 1
162 1 1 2344 85 782 127
163 1 2 2354 1 11 1
164 0 1 2368 903 9322 1354
165 0 1 2371 7 56 10
166 0 3 2382 490 4917 735
167 0 1 2397 130 1222 195
168 1 6 2406 1535 16232 2302
169 1 1 2423 7 56 10
170 0 2 2428 1 9 1
171 0 1 2441 2 17 3
172 0 4 2452 33 288 49
173 0 2 2468 16 134 24
174 1 1 2480 1 9 1
175 1 1 2488 27 233 40
176 0 1 2492 1 9 1
177 0 1 2497 1 9 1
178 1 16 2508 2934 14719 4401
179 0 30 2529 247544 1605475 371316
180 0 4 2551 6 48 9
181 0 1 2567 1 10 1
182 1 1 2578 1 10 1
183 1 2 2587 4 32 6
184 0 2 2599 1 10 1
185 1 3 2612 6927 78191 10390
186 1 2 2626 1128 11764 1692
187 1 7 2638 2 7 3
188 0 2 2656 1 10 1
189 0 1 2668 1 9 1
190 1 13 2678 3 9 4
191 1 1 2698 1 9 1
192 1 1 2709 2 17 3
193 1 3 2719 6 48 9
194 1 2 2733 2 17 3
195 1 2 2745 1 9 1
196 0 1 2757 1 10 1
197 1 5 2765 174 1660 261
198 0 3 2782 1 11 1
199 1 1 2796 12 99 18
200 0 1 2806 1609 17050 2413
201 0 1 2817 54 485 81
202 1 2 2828 681 6939 1021
203 0 1 2840 1 11 1
204 1 1 2851 13 108 19
205 0 6 2860 1 8 1
206 0 5 2877 1 8 1
207 1 4 2894 1 9 1
208 1 2 2910 10 81 15
209 1 3 2923 88 811 132
210 1 1 2938 6 48 9
211 1 3 2947 249 2418 373
212 1 5 2962 13 108 19
213 0 4 2979 10 81 15
214 1 2 2995 2288 24627 3432
215 1 4 3009 143 1351 214
216 1 11 3025 1 4 1
217 1 1 3044 1 9 1
218 1 1 3052 1359 14293 2038
219 1 3 3062 95 879 142
220 1 18 3076 1 4 1
221 0 1 3097 4 33 6
222 1 1 3106 1 9 1
223 1 2 3117 2526 27307 3789
224 1 1 3129 3 25 4
225 0 18 3137 696 3160 1044
226 0 1 3158 469 4696 703
227 1 3 3169 1 12 1
228 0 8 3183 31 108 46
229 1 5 3201 1 9 1
230 1 1 3218 3 25 4
231 0 2 3227 1 9 1
232 1 9 3239 3395 17196 5092
233 1 2 3258 1 9 1
234 0 6 3270 1 11 1
235 0 5 3287 1 14 1
236 1 3 3304 8 64 12
237 0 2 3318 82 753 123
238 1 3 3332 5 40 7
239 0 7 3347 1 5 1
240 0 7 3365 160 648 240
241 1 3 3383 7 56 10
242 0 4 3398 1 9 1
243 0 2 3413 1 10 1
244 1 1 3426 1 8 1
245 0 4 3437 2068 22160 3102
246 1 2 3452 347 3425 520
247 0 1 3464 39 344 58
248 0 6 3470 42 372 63
249 0 5 3487 13 107 19
250 1 4 3503 199 1911 298
251 1 12 3519 1185442 8303105 1778163
252 0 23 3539 1760 8532 2640
253 1 3 3561 48 428 72
254 0 4 3576 9 73 13
255 1 9 3592 1733 8392 2599
256 1 1 3611 861 8869 1291
