0 0 6 5 1 10 1
1 0 2 13 172 1640 258
2 1 1 20 2 17 3
3 1 5 25 953 9863 1429
4 1 4 33 8 64 12
5 0 1 41 1 11 1
6 0 3 47 176 1680 264
7 1 5 55 1 8 1
8 0 1 63 23 197 34
9 1 5 69 2 17 3
10 1 1 77 119 1114 178
11 0 9 84 1 4 1
12 1 1 93 1 10 1
13 1 1 99 1 9 1
14 0 15 105 2 6 3
15 1 1 114 248 2408 372
16 1 2 120 1 9 1
17 0 5 127 2 17 3
18 0 1 135 1628 17261 2442
19 0 2 140 9 73 13
20 1 5 147 9 73 13
21 0 4 155 1 9 1
22 0 1 163 1 10 1
23 1 1 169 1 9 1
24 1 4 174 1 10 1
25 1 1 182 621 6301 931
26 1 1 188 2 17 3
27 0 2 194 14705 171224 22057
28 0 1 201 314 3084 471
29 0 1 207 14501 168752 21751
30 1 8 212 384 1667 576
31 1 4 221 41 362 61
32 1 1 229 12 98 18
33 0 3 235 6933 78261 10399
34 0 3 242 359 3549 538
35 0 11 249 1 4 1
36 1 5 258 1 9 1
37 0 4 266 1 9 1
38 1 5 274 1 10 1
39 0 2 282 232 2245 348
40 0 3 289 207 1992 310
41 1 2 297 3 25 4
42 0 2 304 20 170 30
43 0 2 311 3 25 4
44 1 1 318 1 9 1
45 0 2 324 40 353 60
46 1 3 331 6 48 9
47 0 2 338 10 81 15
48 0 2 345 217 2093 325
49 0 5 352 2 17 3
50 1 6 360 1 4 1
51 1 5 368 81 743 121
52 1 1 376 4 33 6
53 1 1 383 15 125 22
54 1 5 389 5377 60050 8065
55 0 2 397 33 288 49
56 1 1 404 14 116 21
57 1 4 410 1 9 1
58 1 1 418 76 695 114
59 1 7 424 63 235 94
60 0 8 432 1 3 1
61 1 2 440 1 9 1
62 0 5 447 90 830 135
63 1 1 455 25191 299736 37786
64 1 1 461 1 11 1
65 0 4 467 90 830 135
66 1 1 475 2 17 3
67 0 1 480 1 12 1
68 1 7 487 18 59 27
69 0 2 495 30 261 45
70 0 1 502 40 353 60
71 1 1 508 45 400 67
72 0 6 514 1 10 1
73 0 1 522 2 17 3
74 0 2 528 1 10 1
75 0 2 535 72 657 108
76 0 2 542 2 17 3
77 0 13 549 1 4 1
78 1 1 558 1 9 1
79 0 1 565 1938 20708 2907
80 0 5 572 14 116 21
81 1 7 580 1 4 1
82 1 2 588 5 40 7
83 1 2 595 115 1075 172
84 1 4 602 7 56 10
85 1 2 610 30 261 45
86 1 3 617 4 33 6
87 0 4 625 1 11 1
88 1 2 633 71 647 106
89 0 1 640 1 9 1
90 1 1 646 8 64 12
91 1 1 653 3 25 4
92 1 7 659 10 31 15
93 0 4 667 24 206 36
94 1 6 675 1 10 1
95 1 2 683 9 73 13
96 1 4 690 1 11 1
97 0 7 698 6 18 9
98 0 4 706 1 12 1
99 1 2 714 504 5063 756
100 0 2 721 1520 16066 2280
101 0 10 728 34 120 51
102 0 3 737 1 9 1
103 1 1 745 17 143 25
104 1 28 751 1 4 1
105 1 2 760 2 17 3
106 1 1 767 159 1510 238
107 1 1 773 1 9 1
108 0 3 779 347 3425 520
109 1 1 787 2 17 3
110 1 3 792 1 10 1
111 1 5 800 2 17 3
112 1 2 808 13789 160138 20683
113 1 7 815 1 3 1
114 0 2 823 892 9203 1338
115 1 30 830 6 18 9
116 1 2 839 406 4037 609
117 1 1 846 7 56 10
118 0 8 851 1 3 1
119 1 3 859 1 10 1
120 0 5 866 5051 56260 7576
121 0 3 874 69 628 103
122 1 4 882 1625 17228 2437
123 0 44 890 14 45 21
124 0 1 900 29 252 43
125 0 1 905 172 1640 258
126 1 3 912 1 12 1
127 0 3 920 294 2878 441
128 1 1 927 1168 12200 1752
129 0 2 934 1 9 1
130 0 1 941 4 33 6
131 1 2 946 34 297 51
132 1 9 953 226 941 339
133 0 2 962 154465 1970412 231697
134 1 6 969 191 1831 286
135 0 3 977 1 9 1
136 0 1 985 2 17 3
137 0 5 992 78 714 117
138 1 1 1000 17251 202172 25876
139 0 4 1006 5 41 7
140 1 7 1014 188 771 282
141 0 4 1022 1 9 1
142 1 2 1030 18 152 27
143 0 3 1037 1 9 1
144 0 1 1045 9 73 13
145 0 3 1051 1 9 1
146 1 1 1059 1 9 1
147 0 3 1065 3992 44020 5988
148 1 1 1073 2 17 3
149 1 1 1080 1 10 1
150 1 26 1085 1 4 1
151 0 8 1094 2647 13189 3970
152 1 10 1102 1 5 1
153 0 1 1111 729 7452 1093
154 0 4 1117 21 179 31
155 1 6 1125 1 11 1
156 1 1 1133 3 25 4
157 0 1 1139 1 10 1
158 1 8 1145 12 38 18
159 0 26 1153 555 2478 832
160 0 2 1162 1 9 1
161 0 2 1169 11356 130839 17034
162 0 1 1176 116 1084 174
163 0 3 1182 1 8 1
164 1 2 1189 1 9 1
165 0 1 1196 1 9 1
166 1 4 1202 4168 46045 6252
167 1 2 1210 11 90 16
168 0 1 1217 12027 138897 18040
169 1 4 1224 88 811 132
170 1 8 1232 2 6 3
171 0 14 1240 14566 80806 21849
172 0 4 1249 2 17 3
173 1 1 1257 1 9 1
174 0 3 1263 1 10 1
175 0 2 1270 7 56 10
176 1 1 1277 26 224 39
177 1 5 1284 19 161 28
178 1 5 1292 34 298 51
179 0 1 1300 357 3528 535
180 1 2 1306 32 279 48
181 1 3 1313 183 1750 274
182 1 17 1321 49 179 73
183 1 6 1330 106 986 159
184 0 1 1338 2 17 3
185 0 5 1344 6218 69870 9327
186 0 2 1352 10 81 15
187 0 11 1359 54 199 81
188 0 2 1368 1 10 1
189 0 18 1375 3 9 4
190 1 4 1384 3 25 4
191 0 2 1392 344 3394 516
192 0 3 1399 12 99 18
193 0 6 1407 263 2561 394
194 0 4 1415 106984 1346140 160476
195 0 2 1423 15 125 22
196 0 4 1430 2 17 3
197 0 2 1438 1 9 1
198 1 3 1445 1 9 1
199 0 4 1452 6 48 9
200 1 1 1460 8 64 12
201 0 7 1466 2 7 3
202 0 3 1474 1 10 1
203 0 9 1482 1 4 1
204 0 2 1491 1 9 1
205 1 1 1498 1 11 1
206 1 3 1504 4 33 6
207 1 2 1512 1 9 1
208 0 1 1519 27 233 40
209 1 5 1525 214 2063 321
210 1 6 1533 14 116 21
211 0 5 1541 8 64 12
212 1 1 1549 15 125 22
213 1 3 1556 165 1570 247
214 1 2 1563 230 2225 345
215 0 2 1570 1 9 1
216 0 3 1577 3 25 4
217 1 2 1585 10 81 15
218 1 4 1592 3 25 4
219 1 10 1600 4 13 6
220 0 9 1609 1 4 1
221 0 3 1618 1 9 1
222 0 1 1626 2107 22597 3160
223 0 2 1631 3 25 4
224 1 1 1638 1 9 1
225 1 1 1644 3 25 4
226 0 2 1651 167 1590 250
227 0 1 1658 1 12 1
228 1 1 1664 1429 15063 2143
229 1 11 1670 1 3 1
230 0 2 1679 80 733 120
231 1 1 1686 1 10 1
232 1 2 1692 1 9 1
233 1 1 1699 4517 50073 6775
234 1 3 1705 1374 14457 2061
235 1 2 1713 16 134 24
236 0 2 1720 1 9 1
237 0 1 1727 149 1410 223
238 1 1 1732 41 363 61
239 1 9 1736 33943 197810 50914
240 0 8 1745 54 199 81
241 0 3 1754 4 33 6
242 0 4 1762 1 8 1
243 0 1 1770 9250 105677 13875
244 0 1 1776 20 170 30
245 1 2 1781 5 40 7
246 0 2 1788 116 1084 174
247 0 1 1795 1 9 1
248 1 2 1801 15 125 22
249 1 3 1808 2213 23785 3319
250 1 1 1816 1 8 1
251 0 14 1822 1 4 1
252 0 4 1831 1 9 1
253 0 8 1839 1 4 1
254 1 15 1848 1 3 1
255 0 3 1857 45 400 67
256 1 1 1865 4525 50166 6787
257 0 7 1871 2 7 3
258 1 3 1879 1 11 1
259 1 22 1886 11 34 16
260 1 5 1895 1 9 1
261 0 4 1903 1 9 1
262 1 3 1911 8 64 12
263 0 4 1919 118 1104 177
264 0 3 1927 3 25 4
265 1 10 1935 17 56 25
266 1 10 1944 30 104 45
267 1 1 1953 79 724 118
268 0 2 1959 12 99 18
269 0 1 1966 1 9 1
270 0 1 1972 5329 59491 7993
271 1 2 1977 67 608 100
272 1 2 1984 1 10 1
273 1 1 1991 1 11 1
274 0 2 1997 22881 271209 34321
275 1 5 2004 1 12 1
276 1 16 2012 1 4 1
277 1 2 2021 3 25 4
278 0 9 2028 3 10 4
279 0 6 2037 9 73 13
280 0 5 2045 1 9 1
281 0 4 2053 35 307 52
282 0 1 2061 1165 12167 1747
283 0 3 2068 1 9 1
284 1 11 2076 9 27 13
285 0 4 2085 2281 24548 3421
286 0 3 2093 20 170 30
287 1 4 2100 1 10 1
288 1 1 2108 1 8 1
289 1 4 2115 207 1992 310
290 0 5 2123 1 11 1
291 1 1 2131 1 9 1
292 1 2 2136 4713 52341 7069
293 1 5 2143 1 10 1
294 0 4 2151 2 17 3
295 1 2 2159 218 2104 327
296 1 1 2166 11 90 16
297 0 7 2172 2391 11833 3586
298 1 1 2180 31999 384362 47998
299 1 2 2186 1 8 1
300 0 6 2193 166 1580 249
301 1 2 2201 111 1035 166
302 0 3 2208 2067 22149 3100
303 0 2 2215 3 25 4
304 0 1 2222 7 56 10
305 1 4 2228 4 33 6
306 1 3 2236 3 25 4
307 0 2 2244 426 4246 639
308 0 1 2251 8 64 12
309 0 4 2256 5 41 7
310 0 1 2264 643 6534 964
311 1 6 2271 28 242 42
312 1 3 2279 3 25 4
313 1 1 2286 1 9 1
314 1 4 2293 5 41 7
315 0 7 2301 1 5 1
316 0 4 2309 28 242 42
317 0 6 2317 27 93 40
318 0 7 2325 21 70 31
319 1 1 2333 1 9 1
320 1 2 2340 1 10 1
321 1 3 2347 1 10 1
322 1 5 2355 1 9 1
323 1 3 2363 58356 717541 87534
324 1 6 2370 1 9 1
325 1 5 2378 10918 125590 16377
326 1 1 2386 2 17 3
327 0 1 2392 13 107 19
328 1 3 2397 1564 16553 2346
329 1 1 2404 794 8148 1191
330 1 8 2410 479 2115 718
331 1 1 2419 6 48 9
332 0 1 2425 259 2520 388
333 0 1 2431 2 17 3
334 1 2 2436 2 17 3
335 0 1 2443 2 17 3
336 1 1 2449 1 10 1
337 1 8 2453 509 2258 763
338 0 2 2462 1 10 1
339 1 13 2469 1 5 1
340 0 2 2478 395 3923 592
341 1 2 2485 1 9 1
342 0 3 2492 1 9 1
343 0 4 2500 4 32 6
344 0 1 2508 49 437 73
345 0 7 2514 13 41 19
346 1 27 2522 64 239 96
347 1 2 2531 7 56 10
348 1 10 2538 21 70 31
349 1 1 2547 1 9 1
350 1 3 2553 1 10 1
351 0 3 2560 71 647 106
352 1 9 2568 1 4 1
353 0 3 2577 3 25 4
354 0 23 2585 1 4 1
355 1 2 2594 1 13 1
356 0 33 2601 36 128 54
357 0 24 2610 2 6 3
358 1 8 2619 1 3 1
359 0 2 2628 2 17 3
360 1 1 2635 1 9 1
361 0 4 2642 2 17 3
362 0 3 2650 11 90 16
363 1 1 2657 325 3197 487
364 0 2 2664 1 9 1
365 1 6 2671 10 81 15
366 0 5 2679 203 1952 304
367 1 1 2687 1 10 1
368 1 4 2693 91 840 136
369 0 3 2701 1 9 1
370 0 2 2709 53 475 79
371 0 4 2716 8 64 12
372 1 4 2724 19 161 28
373 1 1 2732 4 33 6
374 0 3 2738 1 10 1
375 0 1 2745 1 10 1
376 1 2 2752 464 4644 696
377 1 3 2759 754 7719 1131
378 0 1 2767 342192 4493872 513288
379 0 2 2774 2 17 3
380 0 1 2781 1 9 1
381 1 3 2788 4 33 6
382 1 3 2796 2 17 3
383 1 50 2803 68 256 102
384 0 3 2813 80 733 120
385 1 1 2821 1 9 1
386 0 2 2827 1 9 1
387 1 20 2834 1 4 1
388 0 10 2843 1 4 1
389 1 7 2852 175 714 262
390 1 1 2860 1 9 1
391 1 2 2866 2 17 3
392 0 4 2873 6 48 9
393 0 11 2881 883 4078 1324
394 1 3 2890 1 9 1
395 1 5 2898 108 1006 162
396 1 1 2906 3 25 4
397 1 1 2912 2332 25122 3498
398 0 2 2918 2889 31415 4333
399 0 10 2925 30567 177075 45850
400 1 13 2934 1 4 1
401 1 1 2943 45443 553387 68164
402 0 4 2950 208 2002 312
403 1 4 2958 1 9 1
404 0 1 2966 1 10 1
405 0 1 2971 1 11 1
406 0 3 2977 8 64 12
407 1 2 2985 87 801 130
408 1 3 2992 4 33 6
409 1 2 3000 2851 30984 4276
410 1 13 3007 1 4 1
411 1 2 3016 257 2500 385
412 0 2 3023 3 25 4
413 0 2 3030 32 279 48
414 1 1 3037 2 17 3
415 0 3 3043 1 9 1
416 1 1 3051 1 9 1
417 0 4 3057 1 12 1
418 0 6 3065 1 9 1
419 0 8 3073 213 883 319
420 0 2 3082 57 513 85
421 0 1 3089 3 25 4
422 0 5 3094 4 33 6
423 0 2 3102 432 4309 648
424 1 4 3109 2 17 3
425 1 4 3117 1 12 1
426 1 1 3125 2 17 3
427 0 1 3129 65 590 97
428 1 1 3135 1 9 1
429 1 4 3141 499 5011 748
430 1 12 3149 35 123 52
431 1 3 3158 569 5749 853
432 0 1 3166 9913 113577 14869
433 1 2 3172 1 9 1
434 1 1 3179 3 25 4
435 1 3 3184 15 125 22
436 0 2 3192 13 107 19
437 1 9 3199 64808 391561 97212
438 0 6 3208 1 9 1
439 1 2 3216 1 10 1
440 0 10 3223 2 7 3
441 1 4 3232 2 17 3
442 0 3 3240 50 447 75
443 1 3 3248 1 10 1
444 1 1 3256 1 9 1
445 1 6 3262 1 9 1
446 1 8 3270 71 268 106
447 1 5 3279 1 9 1
448 1 10 3287 76 289 114
449 0 5 3296 27 233 40
450 1 2 3304 13 107 19
451 1 1 3311 1 9 1
452 1 10 3317 16629 92980 24943
453 0 3 3326 40 353 60
454 1 2 3333 1 13 1
455 1 5 3340 80 733 120
456 1 1 3348 5 40 7
457 0 6 3354 1 9 1
458 0 1 3362 598 6056 897
459 1 3 3367 1 10 1
460 1 1 3374 175 1670 262
461 1 6 3380 3 25 4
462 1 4 3388 47 419 70
463 1 4 3396 1 11 1
464 1 2 3404 2 17 3
465 1 2 3411 4 33 6
466 1 2 3418 1 10 1
467 1 27 3425 5 15 7
468 0 2 3434 115544 1458054 173316
469 1 3 3441 1 9 1
470 1 1 3449 1 11 1
471 0 1 3454 1 10 1
472 1 13 3459 37 131 55
473 1 4 3468 1 9 1
474 1 6 3476 726 7419 1089
475 0 1 3484 1 9 1
476 1 14 3490 3 9 4
477 0 6 3499 4080 20914 6120
478 0 2 3507 14 116 21
479 1 7 3514 1 4 1
480 0 13 3522 1 4 1
481 1 1 3531 2449 26439 3673
482 0 4 3536 10 81 15
483 0 6 3544 11202 61170 16803
484 0 5 3552 1 12 1
485 0 2 3560 1 9 1
486 1 8 3567 66 248 99
487 0 4 3576 137 1291 205
488 1 3 3584 319 3136 478
489 0 1 3592 276 2694 414
490 1 6 3598 2 17 3
491 1 2 3606 575 5813 862
