0 1 1 5 36 316 54
1 0 1 14 1 9 1
2 1 2 25 7 56 10
3 1 8 37 1 4 1
4 1 13 56 1 4 1
5 1 20 76 2 7 3
6 0 3 97 1 11 1
7 0 11 111 1 4 1
8 0 8 130 289 1228 433
9 1 4 148 641 2893 961
10 0 4 164 1 4 1
11 0 3 180 12 38 18
12 1 2 195 1 9 1
13 1 2 207 4610 51148 6915
14 0 9 219 29 101 43
15 1 2 238 7 56 10
16 0 4 252 188 772 282
17 0 2 268 14 116 21
18 0 1 280 7 56 10
19 1 3 286 223 928 334
20 0 1 301 1 9 1
21 1 1 311 1 11 1
22 0 1 320 1 10 1
23 0 2 329 133 1252 199
24 1 3 343 1 9 1
25 0 1 357 1 9 1
26 1 1 366 833 8567 1249
27 1 1 376 2 17 3
28 0 9 385 9 27 13
29 1 7 404 9 27 13
30 1 1 422 19 161 28
31 0 4 428 1 3 1
32 0 3 444 75 285 112
33 0 4 459 1 3 1
34 1 5 475 23 78 34
35 1 2 492 1 10 1
36 1 16 505 1239 5862 1858
37 0 9 526 14 45 21
38 0 7 545 1 4 1
39 0 5 563 479 2115 718
40 1 1 580 9 73 13
41 0 4 591 2 6 3
42 1 1 607 1 10 1
43 1 6 612 2 6 3
44 1 1 629 481 4822 721
45 0 1 640 181 1730 271
46 1 2 649 2 17 3
47 1 11 662 14 45 21
48 1 1 682 1 10 1
49 0 6 693 4 12 6
50 1 2 710 11 90 16
51 0 8 723 11 34 16
52 1 1 741 5 40 7
53 1 3 751 51 457 76
54 1 1 765 150 1420 225
55 1 4 768 480 2120 720
56 0 5 783 1 5 1
57 1 2 800 33 288 49
58 0 2 812 1 9 1
59 1 22 825 1 4 1
60 1 13 846 24 82 36
61 0 1 866 164 1560 246
62 0 8 874 14 45 21
63 0 4 892 37 131 55
64 0 2 908 9 72 13
65 0 2 920 5 41 7
66 0 14 932 64 240 96
67 0 2 952 11 90 16
68 0 7 965 4 12 6
69 0 3 983 293 1246 439
70 1 1 998 1 9 1
71 0 1 1008 1 9 1
72 0 3 1018 188 772 282
73 1 1 1033 22 188 33
74 0 2 1040 713 7281 1069
75 1 1 1052 1 10 1
76 0 19 1063 46 167 69
77 1 1 1084 724 7398 1086
78 0 6 1092 689 3125 1033
79 0 2 1109 1 10 1
80 1 5 1123 4497 23197 6745
81 0 5 1140 1 4 1
82 0 1 1157 577 5834 865
83 1 1 1166 1279 13414 1918
84 1 1 1175 386 3829 579
85 0 15 1183 1 4 1
86 0 1 1203 1 12 1
87 1 1 1211 50 447 75
88 1 2 1222 1 8 1
89 1 1 1235 1 9 1
90 1 24 1244 1 3 1
91 0 1 1266 26 224 39
92 1 2 1274 64 580 96
93 1 1 1287 1 9 1
94 0 1 1295 21 179 31
95 0 1 1304 5 40 7
96 1 2 1314 29 252 43
97 0 14 1326 2444 12113 3666
98 0 1 1346 6 48 9
99 0 2 1354 1 9 1
100 1 3 1367 1 4 1
101 0 1 1382 1 9 1
102 0 5 1391 2 6 3
103 0 6 1408 9 27 13
104 1 4 1426 1 4 1
105 0 18 1442 159 644 238
106 1 1 1463 21 179 31
107 0 2 1472 21 179 31
108 1 2 1485 11 90 16
109 1 4 1498 1 5 1
110 0 2 1514 3 25 4
111 1 1 1527 1 9 1
112 0 2 1538 1 9 1
113 0 4 1551 1 4 1
114 1 2 1567 347 3425 520
115 1 4 1580 1 4 1
116 1 8 1596 233 973 349
117 1 11 1614 112 440 168
118 0 2 1633 7 56 10
119 1 2 1646 3 25 4
120 0 2 1658 1 10 1
121 1 5 1670 991 4615 1486
122 1 27 1687 19804 111879 29706
123 1 9 1709 96 372 144
124 0 4 1728 337 1449 505
125 0 3 1744 65 590 97
126 0 1 1758 1 10 1
127 0 8 1768 17 56 25
128 1 6 1786 22 74 33
129 1 7 1803 1 5 1
130 1 9 1821 23 78 34
131 1 2 1840 103 957 154
132 0 1 1852 45 400 67
133 1 7 1863 2594 12908 3891
134 1 1 1881 1 9 1
135 1 6 1890 3 9 4
136 0 1 1908 130 1222 195
137 0 4 1915 3 10 4
138 0 2 1931 1 9 1
139 1 1 1945 55 494 82
140 1 3 1956 30 104 45
141 0 10 1971 72 272 108
142 1 23 1990 16231 90624 24346
143 1 2 2012 1 12 1
144 0 6 2024 126 500 189
145 0 5 2041 151 609 226
146 1 24 2058 2693 13434 4039
147 1 2 2080 1318 13842 1977
148 1 6 2094 1 4 1
149 0 2 2111 3 25 4
150 1 1 2123 14722 171430 22083
151 0 1 2133 5 40 7
152 0 3 2143 1 10 1
153 0 5 2157 13 41 19
154 1 4 2174 177 723 265
155 1 11 2190 9 27 13
156 0 5 2209 6 18 9
157 1 6 2226 1 3 1
158 1 2 2243 84290 1051084 126435
159 1 5 2255 17 56 25
160 0 1 2272 183208 2351857 274812
161 1 2 2283 1 10 1
162 0 3 2295 2 7 3
163 1 40 2310 4 13 6
164 1 13 2333 27 93 40
165 0 1 2353 1 9 1
166 1 4 2364 228 950 342
167 0 2 2380 600722 8048953 901083
168 1 2 2393 1 9 1
169 1 2 2406 1 9 1
170 0 13 2420 1 4 1
171 0 1 2440 1 9 1
172 1 1 2451 1 10 1
173 1 2 2462 802 8234 1203
174 1 7 2474 1 6 1
175 0 2 2492 4 33 6
176 1 2 2506 6 48 9
177 0 6 2520 1 3 1
178 1 2 2537 1 9 1
179 0 1 2550 1 11 1
180 0 46 2559 1 5 1
181 1 1 2582 1 10 1
182 1 2 2593 539 5432 808
183 0 1 2607 3 25 4
184 1 9 2618 1712 8283 2568
185 0 3 2637 45 163 67
186 1 1 2652 484 4853 726
187 1 4 2661 2 7 3
188 1 7 2677 3 9 4
189 1 2 2695 409 4069 613
190 1 2 2708 7 56 10
191 0 1 2720 100 927 150
192 1 3 2730 1 4 1
193 0 77 2745 4 12 6
194 0 3 2770 1 9 1
195 0 3 2784 24 81 36
196 1 1 2799 2 17 3
197 0 1 2811 22 188 33
198 1 6 2822 6 18 9
199 1 1 2839 3 25 4
200 0 2 2846 1 9 1
201 1 2 2859 1 9 1
202 1 11 2872 3351 16959 5026
203 0 4 2891 2 6 3
204 0 2 2907 479 4801 718
205 0 3 2919 6406 33795 9609
206 0 7 2934 1 5 1
207 1 18 2952 10 31 15
208 0 67 2973 1 3 1
209 0 18 2997 2 6 3
210 0 9 3018 1 3 1
211 1 2 3037 8 64 12
212 1 1 3051 6 48 9
213 1 3 3060 86171 1075439 129256
214 1 3 3074 1 4 1
215 1 16 3089 1 5 1
216 1 2 3110 1 10 1
217 1 3 3123 1049 10904 1573
218 0 2 3137 94175 1179288 141262
219 0 3 3151 22 74 33
220 1 13 3166 42 151 63
221 1 4 3186 7 21 10
222 1 2 3202 1143 11927 1714
223 1 9 3215 33 116 49
224 1 3 3234 886 9138 1329
225 0 2 3248 121 1133 181
226 0 7 3262 48 175 72
227 1 5 3280 617 2776 925
228 1 6 3297 1783 8651 2674
229 1 5 3314 46 167 69
230 0 4 3331 9 27 13
231 0 2 3347 18 152 27
232 0 4 3360 6 18 9
233 0 3 3376 1 3 1
234 0 23 3390 37 132 55
235 1 21 3412 1 4 1
236 1 3 3433 194 798 291
237 0 18 3448 1 3 1
238 1 3 3469 1 5 1
239 0 5 3484 3 9 4
240 1 4 3501 4 12 6
241 0 4 3517 15 48 22
242 0 5 3533 1 5 1
243 1 1 3550 1 9 1
244 0 1 3558 1 11 1
245 1 3 3568 19 63 28
246 0 1 3583 1 9 1
247 0 2 3594 62 561 93
248 0 11 3607 84 322 126
