0 0 5 5 1 3 1
1 0 1 9 211 2033 316
2 1 5 12 1 4 1
3 1 2 16 308 3023 462
4 0 2 19 33 288 49
5 0 1 22 79 724 118
6 1 12 25 1 4 1
7 0 2 29 14 116 21
8 1 1 33 10848 124752 16272
9 1 29 36 1 3 1
10 1 2 41 93 859 139
11 1 3 44 4 12 6
12 0 1 48 13890 161359 20835
13 1 4 51 45 163 67
14 1 2 55 697 7110 1045
15 0 2 58 38 335 57
16 1 12 62 7434 39585 11151
17 1 11 66 1 4 1
18 0 1 70 15 125 22
19 0 2 73 1 10 1
20 1 2 77 1266 13272 1899
21 0 4 81 2 6 3
22 0 2 85 3 25 4
23 1 8 89 1 3 1
24 1 1 93 152 1440 228
25 0 3 96 146 587 219
26 0 4 100 1 4 1
27 1 12 104 2 7 3
28 1 1 108 1 11 1
29 0 1 111 1010 10480 1515
30 1 1 114 2295 24705 3442
31 0 1 117 1 9 1
32 0 10 120 5 15 7
33 0 7 124 1 4 1
34 0 13 128 222 923 333
35 0 1 132 1 10 1
36 1 8 135 1 3 1
37 1 5 139 5303 27644 7954
38 1 17 143 60 223 90
39 1 18 148 1 4 1
40 1 4 153 18339 103136 27508
41 0 2 157 277 2704 415
42 0 2 161 6 48 9
43 1 4 164 8 24 12
44 1 8 168 7 21 10
45 0 9 172 2365 11696 3547
46 0 3 176 148 595 222
47 0 8 180 14 45 21
48 1 1 184 1 12 1
49 0 8 186 77 293 115
50 0 2 190 1 9 1
51 0 5 193 1 4 1
52 0 3 197 1 3 1
53 0 2 201 42 372 63
54 0 2 204 205 1972 307
55 1 7 208 5525 28877 8287
56 1 1 212 24 206 36
57 0 1 215 8113 92184 12169
58 1 2 218 1 10 1
59 1 2 222 2 17 3
60 1 28 226 4 12 6
61 1 2 231 23 197 34
62 1 3 235 1 13 1
63 1 1 239 1 10 1
64 0 1 242 1 9 1
65 0 2 245 1 10 1
66 0 4 249 3848 19651 5772
67 0 3 253 46 409 69
68 0 4 257 4 12 6
69 0 7 261 1 5 1
70 1 8 265 32 112 48
71 1 2 269 1 12 1
72 0 2 272 1 9 1
73 1 2 276 41017 497501 61525
74 0 3 279 1 9 1
75 0 2 283 1 13 1
76 0 7 286 71897 436863 107845
77 0 4 290 108 423 162
78 0 5 294 1 4 1
79 0 1 298 1 9 1
80 0 3 301 7 21 10
81 0 3 305 31 108 46
82 1 4 309 26 89 39
83 1 6 313 2722 13588 4083
84 1 2 317 1 9 1
85 1 2 320 4 33 6
86 0 3 324 1 3 1
87 0 5 328 1 3 1
88 0 3 332 78933 981831 118399
89 0 4 336 1 4 1
90 0 3 340 15 48 22
91 0 2 344 1 10 1
92 0 3 348 11773 64482 17659
93 1 3 352 95 368 142
94 0 2 356 4985 55494 7477
95 1 3 360 9 73 13
96 1 5 364 14 45 21
97 1 4 368 4 13 6
98 0 3 372 1 3 1
99 0 1 376 1 9 1
100 1 2 378 2 17 3
101 1 1 382 2933 31914 4399
102 0 10 385 1 4 1
103 0 3 389 1 6 1
104 0 2 393 1 9 1
105 1 48 397 1 3 1
106 1 6 402 1 3 1
107 1 6 406 1 4 1
108 1 2 410 128 1202 192
109 0 3 414 1 3 1
110 0 3 418 2 17 3
111 0 6 422 253 1063 379
112 1 2 426 8 64 12
113 1 2 429 1 9 1
114 1 1 433 1 11 1
115 0 1 436 2 17 3
116 1 9 439 4 12 6
117 0 9 443 144 578 216
118 1 1 447 1098 11437 1647
119 1 3 450 2 17 3
120 0 2 454 22543 267044 33814
121 1 1 458 70 637 105
122 1 1 460 1209 12648 1813
123 0 8 463 3 9 4
124 1 5 467 126 500 189
125 0 7 471 9 27 13
126 1 3 475 529 2353 793
127 1 1 479 1 9 1
128 1 3 482 3 10 4
129 1 3 486 1 3 1
130 1 8 490 2 6 3
131 1 5 494 4146400 30761393 6219600
132 0 4 498 20 67 30
133 0 6 502 5 15 7
134 1 1 506 1 10 1
135 1 2 509 1 9 1
136 0 1 512 2 17 3
137 0 5 515 8 24 12
138 0 1 519 58 523 87
139 1 7 522 1 4 1
140 0 4 526 291 1237 436
141 0 1 530 1 9 1
142 1 3 533 1 10 1
143 1 16 537 2652 13216 3978
144 1 96 541 10 31 15
145 0 3 546 77 704 115
146 1 5 550 5 15 7
147 0 3 554 962140 6672557 1443210
148 1 4 558 8 24 12
149 0 1 562 1 9 1
150 1 1 565 10 81 15
151 0 3 568 1 4 1
152 0 2 572 5 41 7
153 1 2 576 24723 293948 37084
154 0 1 580 830 8535 1245
155 1 3 583 11 34 16
156 0 1 587 11 90 16
157 1 1 589 2 17 3
158 1 1 592 315442 4130429 473163
159 1 3 595 1 10 1
160 0 1 599 1 11 1
161 1 4 602 2 6 3
162 0 5 606 5 15 7
163 1 10 610 4 12 6
164 0 3 614 119 470 178
165 0 3 618 1 11 1
166 0 1 622 10493 120504 15739
167 1 4 625 1 3 1
168 1 24 629 65 243 97
169 1 4 634 1 3 1
170 1 6 638 1 4 1
171 1 4 642 1 5 1
172 0 28 646 154 622 231
173 1 3 651 6 48 9
174 0 2 655 1 10 1
175 1 7 659 57 211 85
176 1 1 663 1 8 1
177 0 5 666 63 235 94
178 0 4 670 3 10 4
179 0 2 674 2 17 3
180 0 1 677 5239 58444 7858
181 1 10 680 3 10 4
182 1 2 684 218 2103 327
183 1 1 688 23 197 34
184 0 3 691 8 24 12
185 1 2 695 98609 1236958 147913
186 0 2 699 11 90 16
187 0 1 702 1288 13513 1932
188 1 3 704 1 9 1
189 1 17 708 89 343 133
190 1 3 713 3 25 4
191 1 11 717 850 3915 1275
192 0 3 721 195 803 292
193 0 2 725 7 56 10
194 0 1 728 6 48 9
195 0 3 731 3 25 4
196 0 2 735 6747 76074 10120
197 0 17 739 20 67 30
198 1 11 744 1 5 1
199 0 1 748 4109 45366 6163
200 1 2 750 1 11 1
201 0 3 754 395 1719 592
202 1 5 758 18 59 27
203 1 3 762 3 9 4
204 0 5 766 535 2382 802
205 0 13 770 784 3590 1176
206 0 2 774 1 9 1
207 0 5 778 21652 122958 32478
208 1 26 782 1 4 1
209 1 1 787 37 325 55
210 0 2 789 1 9 1
211 1 3 792 36 128 54
212 0 1 796 4 33 6
213 0 1 799 18 152 27
214 0 1 802 1 10 1
215 0 28 805 27 93 40
216 1 1 810 479 4801 718
217 0 1 813 3 25 4
218 0 2 816 87 801 130
219 1 7 819 4 12 6
220 1 3 823 2 7 3
221 1 4 827 1 3 1
222 0 1 831 13 107 19
223 0 3 834 503 2229 754
224 1 6 838 20 67 30
225 0 2 842 1 10 1
226 1 6 846 1 4 1
227 0 1 850 1 9 1
228 1 1 853 1 10 1
229 0 1 856 1 10 1
230 1 7 859 1 3 1
231 0 1 863 36 316 54
232 0 6 866 3558 18077 5337
233 0 9 870 11 34 16
234 0 29 874 16 52 24
235 1 10 879 1 5 1
236 1 2 883 23 197 34
237 1 3 886 210 869 315
238 1 1 890 25 215 37
239 0 2 893 5 40 7
240 1 3 897 6 48 9
241 1 2 901 3 25 4
242 1 3 905 1 10 1
243 1 1 909 153 1450 229
244 1 6 912 1 5 1
245 1 1 916 970 10046 1455
246 0 3 919 38 135 57
247 0 1 923 1 10 1
248 0 5 926 1 6 1
249 1 1 930 8 64 12
250 0 1 933 709 7238 1063
251 0 3 936 152 1441 228
252 0 1 940 84 772 126
253 0 8 943 132 526 198
254 1 4 947 115 453 172
255 1 19 951 5216 27162 7824
256 0 2 956 10 81 15
257 1 3 959 30 261 45
258 0 4 963 1 4 1
259 1 2 967 3 25 4
260 0 1 971 6 48 9
261 1 2 973 1535 16232 2302
262 0 1 976 28 243 42
263 0 1 979 2 17 3
264 0 4 982 548 2444 822
265 0 2 986 4885 54333 7327
266 0 1 990 1 9 1
267 1 7 993 7 21 10
268 1 8 997 49 179 73
269 1 1 1001 1 10 1
270 1 2 1003 507 5095 760
271 0 2 1007 1 10 1
272 1 1 1010 1 9 1
273 1 13 1012 2 6 3
274 0 3 1016 1 4 1
275 0 2 1020 3967 43732 5950
276 1 6 1024 1 5 1
277 0 2 1028 137 1291 205
278 0 10 1032 5 15 7
279 1 1 1036 16501 193035 24751
280 0 8 1038 1 3 1
281 1 2 1042 3 25 4
282 1 6 1045 4 12 6
283 0 1 1049 1 9 1
284 1 8 1052 2 7 3
285 0 2 1056 1 9 1
286 0 1 1060 4 33 6
287 1 3 1063 9803 53097 14704
288 0 21 1067 42 151 63
289 0 7 1072 1 4 1
290 1 1 1076 68 618 102
291 0 4 1079 20 67 30
292 0 6 1083 40 143 60
293 1 8 1087 3 9 4
294 0 2 1091 443 4424 664
295 0 1 1095 150 1420 225
296 0 2 1098 5 40 7
297 0 8 1102 52 191 78
298 1 6 1106 1 3 1
299 1 4 1110 1 4 1
300 1 4 1114 1 3 1
301 1 4 1118 39 139 58
302 0 17 1122 1 4 1
303 1 5 1127 24 82 36
304 1 11 1131 29 101 43
305 1 18 1135 5 15 7
306 1 8 1140 1 4 1
307 0 2 1144 1 10 1
308 1 1 1147 1 9 1
309 1 3 1150 4 33 6
310 0 3 1154 1 11 1
311 0 4 1158 1 3 1
312 1 2 1162 16 134 24
313 0 1 1166 1 9 1
314 1 1 1169 22495 266453 33742
315 1 4 1172 731 3330 1096
316 1 4 1176 1 4 1
317 1 21 1180 3 9 4
318 1 6 1185 2 6 3
319 0 2 1189 119 1114 178
320 1 7 1193 1 3 1
321 1 1 1197 652 6630 978
322 0 1 1199 2 17 3
323 1 10 1202 1 4 1
324 0 4 1206 1 5 1
325 0 2 1210 6 48 9
326 0 2 1214 6 48 9
327 1 7 1218 1 4 1
328 0 4 1222 1 5 1
329 0 3 1226 1 9 1
330 1 1 1230 13 107 19
331 1 2 1233 1 9 1
332 1 1 1237 1381 14534 2071
333 0 1 1240 10 81 15
334 0 2 1243 24 206 36
335 0 1 1246 3 25 4
336 0 2 1249 1410 14853 2115
337 0 2 1253 1 9 1
338 0 2 1256 50 447 75
339 1 1 1260 133 1252 199
340 0 9 1263 1 4 1
341 1 7 1267 1 4 1
342 0 6 1271 1 3 1
343 0 3 1275 1 4 1
344 0 1 1279 6 48 9
345 1 1 1282 5848 65542 8772
346 1 3 1285 3 10 4
347 1 1 1289 1 10 1
348 1 1 1292 16 134 24
349 0 7 1295 61 227 91
350 0 2 1299 509 5116 763
351 1 2 1303 3 25 4
352 1 13 1307 25 85 37
353 0 3 1311 8 64 12
354 0 2 1315 1 9 1
355 1 6 1319 1 4 1
356 0 2 1323 8 64 12
357 0 5 1327 1 4 1
358 1 1 1331 1560 16509 2340
359 1 7 1334 2 6 3
360 1 9 1338 1 4 1
361 0 4 1342 1 4 1
362 0 4 1346 1 4 1
363 0 2 1350 127 1192 190
364 1 5 1353 1 4 1
365 0 2 1357 135 1272 202
366 1 3 1361 60 223 90
367 1 2 1365 8 64 12
368 0 11 1368 36 128 54
369 1 4 1372 10 31 15
370 1 3 1376 2321 11464 3481
371 0 10 1380 1 4 1
372 1 1 1384 30568 366512 45852
373 0 9 1387 23687 135219 35530
374 1 6 1391 3 10 4
375 1 8 1395 1 4 1
376 1 3 1399 2 6 3
377 1 2 1403 2183 23449 3274
378 0 1 1406 2 17 3
379 0 5 1409 1802 8749 2703
380 1 2 1413 30933 371062 46399
381 0 6 1417 5 15 7
382 0 1 1421 1 11 1
383 1 2 1424 1 10 1
384 0 1 1427 374 3705 561
385 0 5 1430 10 31 15
386 1 1 1434 280 2735 420
387 0 2 1437 1 9 1
388 1 1 1440 6 48 9
389 1 2 1443 1915 20451 2872
390 1 3 1446 1 3 1
391 1 1 1450 12 99 18
392 1 4 1453 2 7 3
393 1 6 1457 1933 9430 2899
394 0 8 1461 1 3 1
395 0 2 1465 1 9 1
396 0 7 1468 1 3 1
397 1 2 1472 3579 39281 5368
398 1 1 1476 41 363 61
399 1 4 1479 21 70 31
400 1 2 1483 19 161 28
401 0 1 1486 1 9 1
402 0 5 1489 1 5 1
403 1 5 1493 2 7 3
404 0 7 1497 1 5 1
405 1 1 1501 1 9 1
406 0 11 1504 2 6 3
407 0 3 1508 1 4 1
408 0 5 1512 9 27 13
409 1 3 1516 3134 15791 4701
410 0 2 1520 68 618 102
411 1 11 1524 2772 13854 4158
412 1 2 1528 1 9 1
413 1 2 1532 42 372 63
414 0 9 1536 209 865 313
415 1 3 1540 3 10 4
416 0 4 1544 2230 10985 3345
417 1 1 1548 9 72 13
418 1 4 1551 22 74 33
419 0 1 1555 11 90 16
420 1 1 1558 25 215 37
421 0 1 1560 4 33 6
422 0 4 1563 6 18 9
423 1 8 1567 1016 4740 1524
424 1 4 1571 9 27 13
425 0 3 1575 1 4 1
426 1 3 1579 1092 5121 1638
427 1 7 1583 4 12 6
428 1 4 1587 610 2743 915
429 1 3 1591 2653 13221 3979
430 0 2 1595 14 116 21
431 0 13 1599 85 326 127
432 1 5 1603 1 4 1
433 0 1 1607 1 10 1
434 1 1 1609 50907 622660 76360
435 1 3 1612 161 1530 241
436 1 1 1616 1 10 1
437 0 6 1619 51 187 76
438 0 1 1623 8 64 12
439 0 4 1626 22 74 33
440 0 2 1630 77 705 115
441 1 1 1633 1 10 1
442 0 15 1636 4 12 6
443 1 2 1640 127 1193 190
444 1 5 1643 6 18 9
445 0 4 1647 11 34 16
446 0 1 1651 432 4308 648
447 0 19 1654 1 4 1
448 0 4 1659 47 171 70
449 1 6 1663 5 15 7
450 1 1 1667 11 90 16
451 1 7 1670 117 462 175
452 0 3 1674 9 27 13
453 0 2 1678 21 179 31
454 1 3 1681 30 104 45
455 1 6 1685 1417 6767 2125
456 1 2 1689 3 25 4
457 1 1 1693 14 116 21
458 1 1 1696 1 9 1
459 0 3 1699 2 7 3
460 0 1 1703 13 107 19
461 0 2 1705 7 56 10
462 1 6 1709 48 175 72
463 1 6 1713 260 1095 390
464 0 3 1717 1522 16088 2283
465 1 8 1721 90 347 135
466 0 1 1725 319 3136 478
467 0 3 1728 1 6 1
468 0 5 1732 205 847 307
469 1 5 1736 360 1556 540
470 0 6 1740 440 1930 660
471 0 2 1744 6 48 9
472 1 6 1747 3 10 4
473 0 1 1751 3 25 4
474 0 1 1754 1 11 1
475 1 3 1757 172 1640 258
476 1 1 1761 665 6768 997
477 0 2 1763 90405 1130332 135607
478 1 1 1766 1 11 1
479 0 2 1769 5 40 7
480 1 10 1773 1 3 1
481 0 1 1777 2470 26676 3705
482 1 2 1780 1225 12823 1837
483 1 4 1783 1 3 1
484 1 2 1787 1 11 1
485 0 2 1791 5 40 7
486 1 8 1795 6027 31674 9040
487 0 1 1799 528145 7044341 792217
488 0 3 1802 1 4 1
489 1 8 1806 4 12 6
490 1 3 1810 546 2435 819
491 0 1 1814 28 243 42
492 0 3 1817 314 1342 471
493 0 1 1821 1 12 1
494 1 6 1824 220 914 330
495 1 1 1828 1 10 1
496 0 2 1831 1 10 1
497 0 3 1835 1 3 1
498 1 4 1839 10 31 15
499 0 4 1843 14 45 21
500 1 1 1847 1 9 1
501 0 3 1850 65801 812821 98701
502 1 2 1854 3 25 4
503 1 5 1857 1 3 1
504 1 3 1861 1 4 1
505 0 1 1865 10 81 15
506 0 1 1868 43 381 64
507 0 1 1870 1 11 1
508 0 15 1873 2 7 3
509 1 2 1877 488 4895 732
510 0 3 1881 1 4 1
511 1 1 1885 3 25 4
512 1 6 1888 3 9 4
513 1 6 1892 377 1635 565
514 1 4 1896 493 2182 739
515 0 2 1900 1 10 1
516 0 1 1903 1 9 1
517 0 2 1906 1960 20953 2940
518 1 2 1909 1 9 1
519 1 11 1913 1 3 1
520 1 5 1917 1 5 1
521 0 3 1921 1610 7757 2415
522 1 14 1925 6 18 9
523 0 1 1929 1 10 1
524 1 5 1932 1 5 1
525 1 4 1936 32317 187809 48475
526 1 2 1940 43 381 64
527 1 1 1943 190 1821 285
528 0 4 1946 1 4 1
529 1 8 1950 419 1832 628
530 1 3 1954 1268 13294 1902
531 0 1 1958 7 56 10
532 1 2 1961 5 41 7
533 0 2 1965 12 99 18
534 0 8 1968 2 7 3
535 1 2 1972 26 224 39
536 0 1 1975 236 2286 354
537 0 4 1978 1 3 1
538 1 1 1982 1 13 1
539 0 3 1985 6 48 9
540 1 1 1989 2731 29624 4096
541 0 20 1992 1 4 1
542 1 1 1997 3 25 4
543 0 2 2000 1 9 1
544 1 1 2004 2 17 3
545 1 5 2007 88 339 132
546 0 3 2011 1 3 1
547 0 1 2015 56 504 84
548 0 3 2018 3 25 4
549 0 10 2022 52 191 78
550 1 1 2026 1194 12484 1791
551 1 3 2029 10216 55474 15324
552 0 6 2033 1 4 1
553 1 12 2037 3 9 4
554 1 2 2041 5869 65788 8803
555 0 2 2045 1 11 1
556 0 2 2049 10751 123590 16126
557 0 1 2053 1 12 1
558 1 4 2056 268 1132 402
559 1 5 2060 1 4 1
560 0 2 2064 135 1272 202
561 1 2 2068 2698 29251 4047
562 1 7 2072 9 27 13
563 0 2 2076 1 9 1
564 0 14 2080 1 5 1
565 1 12 2084 1 4 1
566 1 2 2088 63 570 94
567 0 1 2092 280 2735 420
568 0 17 2094 1422 6793 2133
569 0 1 2099 10949 125961 16423
570 1 2 2102 2 17 3
571 0 6 2106 22 74 33
572 1 3 2110 2 7 3
573 1 1 2114 1 13 1
574 0 7 2117 748 3414 1122
575 0 1 2121 283 2766 424
576 0 4 2123 1 4 1
577 0 1 2127 1 10 1
578 0 2 2130 1 9 1
579 1 5 2134 50 183 75
580 1 2 2138 8 64 12
581 1 33 2142 417 1822 625
582 0 4 2147 31 108 46
583 0 1 2151 146130 1860253 219195
584 0 1 2154 87 801 130
585 0 4 2157 1 4 1
586 0 2 2161 1 10 1
587 1 1 2165 4 33 6
588 1 2 2168 482 4832 723
589 0 1 2172 1 9 1
590 1 2 2175 79 724 118
591 1 1 2179 1 9 1
592 1 10 2182 1 4 1
593 0 1 2186 1 12 1
594 0 8 2189 8194 43896 12291
595 0 5 2193 2249 11085 3373
596 0 1 2197 68 618 102
597 1 3 2199 16 52 24
598 0 12 2203 26 89 39
599 1 8 2207 329 1412 493
600 0 2 2211 1 9 1
601 0 1 2215 1 12 1
602 0 1 2218 148 1401 222
603 1 2 2221 1 10 1
604 0 2 2225 4 33 6
605 0 1 2228 10 81 15
606 0 3 2230 1 9 1
607 1 4 2234 35 124 52
608 0 2 2238 1 9 1
609 1 2 2241 1 9 1
610 0 1 2244 1189 12429 1783
611 1 3 2247 2078 10187 3117
612 0 2 2251 6 48 9
613 1 1 2254 44658 543460 66987
614 1 9 2256 37418 219269 56127
615 0 6 2260 96 372 144
616 1 5 2264 1 6 1
617 1 2 2268 284 2776 426
618 1 3 2272 3 25 4
619 1 2 2276 16 134 24
620 1 5 2280 1 4 1
621 1 3 2284 6537 34530 9805
622 0 4 2288 1 3 1
623 0 2 2292 3 25 4
624 1 1 2295 4 33 6
625 0 4 2298 1 5 1
626 1 5 2302 41 147 61
627 1 3 2306 34 120 51
628 1 3 2310 1 12 1
629 0 3 2314 2 17 3
630 0 11 2318 1 5 1
631 1 3 2322 1 3 1
632 0 1 2326 40 353 60
633 1 2 2329 3641 39991 5461
634 0 3 2333 554 5591 831
635 0 3 2337 1 4 1
636 0 1 2341 1 10 1
637 1 5 2344 1 5 1
638 1 2 2348 459941 6104561 689911
639 0 5 2352 324 1388 486
640 0 7 2356 2 7 3
641 0 4 2360 167 679 250
642 1 2 2364 10 81 15
643 0 1 2367 12916 149600 19374
644 1 3 2370 6708 35491 10062
645 0 2 2374 1 9 1
646 0 4 2378 6 18 9
647 1 11 2382 1 5 1
648 0 12 2386 1 5 1
649 1 3 2390 126 1183 189
650 1 2 2394 3 25 4
651 0 5 2398 13282 73277 19923
652 1 4 2402 814 3738 1221
653 0 1 2406 38 335 57
654 0 10 2409 490 2167 735
655 1 4 2413 1 4 1
656 0 2 2417 59281 729356 88921
657 1 20 2420 10 31 15
658 1 3 2425 3 10 4
659 1 1 2429 34 298 51
660 1 2 2432 1 9 1
661 1 5 2435 2 7 3
662 1 4 2439 18 59 27
663 1 2 2443 7 56 10
664 1 6 2446 70 264 105
665 1 5 2450 1 3 1
666 1 4 2454 6 18 9
667 0 2 2458 45 400 67
668 1 3 2462 16 52 24
669 0 7 2466 1 4 1
670 1 3 2470 37 131 55
671 1 2 2474 1 9 1
672 1 2 2478 3 25 4
673 1 1 2481 4 32 6
674 1 5 2484 204 843 306
675 1 2 2488 1 9 1
676 1 1 2492 56124 689061 84186
677 1 3 2495 20 67 30
678 1 7 2499 382 1658 573
679 0 1 2503 2 17 3
680 0 1 2506 1 9 1
681 1 1 2509 2 17 3
682 0 8 2512 16 52 24
683 0 1 2516 648 6588 972
684 0 1 2519 37 326 55
685 0 1 2522 649 6598 973
686 0 12 2525 25 85 37
687 0 18 2529 1 4 1
688 1 7 2534 6 18 9
689 0 1 2538 20 169 30
690 1 1 2541 759 7773 1138
691 0 4 2544 346 1490 519
692 0 3 2548 246 1032 369
693 1 3 2552 18 59 27
694 1 15 2556 79 301 118
695 1 1 2560 260 2530 390
696 1 2 2563 4 33 6
697 0 4 2567 877 4049 1315
698 0 4 2571 520545 3504166 780817
699 0 11 2575 13 41 19
700 1 5 2579 5 15 7
701 1 1 2583 1 11 1
702 1 6 2586 94 364 141
703 0 1 2590 243 2357 364
704 0 4 2593 69 260 103
705 1 1 2597 70 637 105
706 1 1 2600 4809 53453 7213
707 1 1 2603 1 10 1
708 1 2 2606 1 9 1
709 1 2 2610 1 9 1
710 0 10 2614 11 34 16
711 1 4 2618 1 5 1
712 1 1 2622 1 9 1
713 1 16 2625 2 6 3
714 0 1 2629 68 618 102
715 1 1 2632 3 25 4
716 1 2 2635 560 5654 840
717 1 4 2639 14 45 21
718 0 2 2643 76 695 114
719 0 3 2647 288 1223 432
720 0 2 2651 83 763 124
721 0 5 2654 6 18 9
722 0 2 2658 104 966 156
723 0 2 2662 5 40 7
724 0 3 2665 4 33 6
725 0 12 2669 85 326 127
726 1 12 2673 1 3 1
727 1 9 2677 7 21 10
728 0 5 2681 2 7 3
729 0 4 2685 13 41 19
730 1 2 2689 660 6715 990
731 0 1 2692 14057 163379 21085
732 0 2 2695 9 73 13
733 1 2 2699 284 2776 426
734 1 8 2703 1 3 1
735 1 1 2707 1 11 1
736 0 3 2710 4 12 6
737 1 3 2714 1 3 1
738 0 2 2718 1 9 1
739 1 2 2721 75 685 112
740 0 6 2725 32 112 48
741 1 1 2729 1 10 1
742 0 4 2731 9 27 13
743 1 4 2735 111 436 166
744 1 8 2739 1 4 1
745 0 2 2743 12 99 18
746 0 3 2746 1 11 1
747 0 1 2750 408 4058 612
748 0 3 2753 192 1841 288
749 0 2 2757 26 224 39
750 0 2 2761 3 25 4
751 0 6 2765 1 4 1
752 0 7 2769 8849 47630 13273
753 0 3 2773 1 4 1
754 1 1 2777 1 9 1
755 0 4 2780 1 4 1
756 1 19 2784 1 3 1
757 1 2 2789 137 1292 205
758 0 2 2792 1 9 1
759 1 7 2795 1 4 1
760 1 3 2799 1 4 1
761 1 4 2803 1 5 1
762 0 2 2807 16 134 24
763 1 2 2811 18 152 27
764 1 1 2815 1 10 1
765 1 2 2818 1 12 1
766 1 1 2822 1 11 1
767 1 23 2825 1 4 1
768 1 1 2830 1 9 1
769 1 9 2833 21 70 31
770 0 2 2837 1 9 1
771 1 1 2841 13 107 19
772 1 3 2844 212 879 318
773 0 4 2848 1 4 1
774 1 2 2852 1327 13941 1990
775 1 6 2855 1 4 1
776 1 12 2859 1 7 1
777 0 2 2863 39 344 58
778 1 8 2866 74 281 111
779 0 2 2870 782 8019 1173
780 0 5 2874 2 7 3
781 1 6 2878 47 171 70
782 1 2 2882 1 10 1
783 1 2 2886 1 9 1
784 0 1 2890 5 40 7
785 1 2 2892 225 2174 337
786 0 27 2896 1 3 1
787 0 2 2901 4961 55215 7441
788 0 1 2905 1 10 1
789 0 14 2908 5 15 7
790 1 3 2912 78 297 117
791 1 2 2916 1 10 1
792 0 10 2920 311 1329 466
793 1 22 2924 67 252 100
794 1 2 2929 1 9 1
795 1 2 2933 37 325 55
796 1 10 2937 5 15 7
797 1 8 2941 13 41 19
798 0 3 2945 4 12 6
799 0 3 2949 1 9 1
800 1 8 2953 652 2946 978
801 0 1 2957 4921 54751 7381
802 1 4 2960 1 3 1
803 1 2 2964 24 206 36
804 0 11 2968 381 1653 571
805 1 5 2972 1 5 1
806 0 3 2976 8 24 12
807 0 6 2980 1 4 1
808 0 1 2984 300 2940 450
809 0 1 2987 2 17 3
810 1 4 2990 1 6 1
811 1 3 2994 1 3 1
812 0 5 2998 285 1209 427
813 0 3 3002 1 6 1
814 0 2 3006 1 10 1
815 1 2 3010 1 9 1
816 0 2 3013 439 4382 658
817 0 5 3017 50145 298710 75217
818 0 4 3021 459 2020 688
819 0 4 3025 1 5 1
820 1 2 3029 88 811 132
821 0 3 3033 22 188 33
822 0 5 3037 9 27 13
823 1 1 3041 1 9 1
824 1 3 3044 54 485 81
825 0 2 3048 1 9 1
826 1 1 3051 3 25 4
827 1 1 3054 14 116 21
828 0 2 3057 1 9 1
829 0 4 3061 2 6 3
830 0 3 3065 12040 66033 18060
831 0 5 3069 1 3 1
832 0 4 3073 274 1159 411
833 0 2 3077 45 400 67
834 1 3 3081 1 3 1
835 1 2 3085 1 9 1
836 0 1 3088 55 494 82
837 1 2 3091 8 64 12
838 1 2 3095 41 363 61
839 1 5 3099 3 9 4
840 1 2 3103 1 9 1
841 1 3 3107 2 17 3
842 1 5 3111 15 48 22
843 1 1 3115 20427 241026 30640
844 0 8 3118 4 12 6
845 1 4 3122 2 6 3
846 0 1 3126 1 9 1
847 0 3 3128 607 2728 910
848 0 1 3132 1 9 1
849 1 6 3135 1 3 1
850 0 3 3139 9 27 13
851 0 1 3143 91 840 136
852 0 2 3146 65 590 97
853 1 10 3150 30 104 45
854 0 2 3154 1316972 18134831 1975458
855 0 8 3157 1 4 1
856 0 11 3161 1 5 1
857 0 6 3165 4 12 6
858 0 1 3169 8 64 12
859 0 5 3172 35 124 52
860 1 2 3176 12 99 18
861 1 3 3180 611 6194 916
862 0 1 3184 1 9 1
863 0 4 3187 274 1159 411
864 0 9 3191 1 4 1
865 1 5 3195 1 4 1
866 1 7 3199 69 260 103
867 0 11 3203 1 4 1
868 1 2 3207 3 25 4
869 1 1 3211 1 9 1
870 1 2 3214 135 1272 202
871 0 1 3218 1 9 1
872 1 2 3221 1 10 1
873 0 9 3225 1 4 1
874 0 3 3229 2 6 3
875 1 1 3233 1 9 1
876 1 2 3235 329 3239 493
877 1 2 3238 5 41 7
878 0 18 3242 100 389 150
879 0 5 3247 2 6 3
880 1 1 3251 29 251 43
881 1 2 3254 34 297 51
882 1 2 3258 167 1590 250
883 0 1 3261 2 17 3
884 0 3 3264 19 63 28
885 1 1 3268 1 10 1
886 1 2 3271 10 81 15
887 0 3 3275 1 10 1
888 0 3 3279 119 470 178
889 1 5 3283 14 45 21
890 0 2 3287 497 4990 745
891 1 1 3290 2 17 3
892 1 4 3293 1 3 1
893 1 23 3297 1 5 1
894 0 1 3302 2 17 3
895 0 1 3305 3 25 4
896 0 2 3308 2 17 3
897 1 4 3312 1 5 1
898 0 7 3316 589 2641 883
899 1 5 3320 1 4 1
900 1 1 3324 2 17 3
901 1 8 3327 247 1036 370
902 0 3 3331 9 73 13
903 1 5 3335 1 4 1
904 0 8 3339 1 4 1
905 0 4 3343 3 10 4
906 1 1 3347 3029198 42905862 4543797
907 1 4 3350 6 18 9
908 0 1 3354 5 40 7
909 0 2 3357 16 134 24
910 0 2 3361 125 1173 187
911 1 1 3364 11819 136397 17728
912 1 1 3367 249 2418 373
913 0 3 3370 1 3 1
914 1 1 3374 3 25 4
915 0 3 3377 2 6 3
916 1 4 3381 40738 239871 61107
917 0 1 3385 6208 69753 9312
918 0 21 3388 2 6 3
919 1 3 3393 76 695 114
920 1 14 3397 505 2239 757
921 0 2 3401 1 9 1
922 1 2 3405 283092 3692346 424638
923 0 2 3409 184 1761 276
924 0 3 3413 6 48 9
925 0 1 3417 1 10 1
926 0 3 3420 68 256 102
927 0 5 3424 1 4 1
928 1 4 3428 4267 21937 6400
929 0 13 3432 5 15 7
930 0 6 3436 27 93 40
931 1 1 3440 1 12 1
932 1 2 3443 369 3653 553
933 0 7 3447 6724 35581 10086
934 0 3 3451 71 647 106
935 0 1 3455 4 33 6
936 0 10 3458 1 4 1
937 1 2 3462 1 8 1
938 0 4 3466 124362 778217 186543
939 1 2 3470 60 542 90
940 0 1 3474 337 3321 505
941 0 2 3477 334 3290 501
942 1 3 3481 1 5 1
943 0 7 3485 1 3 1
944 0 2 3489 1176 12288 1764
945 1 3 3493 704 3199 1056
946 1 5 3497 291 1237 436
947 1 6 3501 1 4 1
948 1 6 3505 5016 26056 7524
949 0 1 3509 1 9 1
950 1 4 3512 39 139 58
951 0 5 3516 1 4 1
952 1 4 3520 4 12 6
953 1 5 3524 19 63 28
954 1 1 3528 1 9 1
955 0 1 3531 2 17 3
956 1 1 3534 1 11 1
957 0 1 3537 1 10 1
958 1 3 3540 5122 26642 7683
959 0 3 3544 55998 335623 83997
960 0 4 3548 218 905 327
961 0 4 3552 5 15 7
962 1 1 3556 2 17 3
963 0 2 3559 532 5359 798
964 1 11 3562 24 81 36
965 1 2 3566 1 11 1
966 0 12 3570 1 4 1
967 0 2 3574 17 143 25
968 1 1 3578 1 12 1
969 0 1 3581 27 233 40
970 1 2 3584 2 17 3
971 1 5 3587 6 18 9
972 0 1 3591 676 6886 1014
973 0 2 3593 34392 414280 51588
974 1 1 3597 167 1590 250
975 1 1 3600 5667 63430 8500
976 0 2 3603 1311 13765 1966
977 1 4 3606 3 9 4
