0 0 6 5 1 10 1
1 1 3 13 1 8 1
2 0 9 21 2 7 3
3 1 2 30 22 188 33
4 0 4 37 1 11 1
5 1 2 45 303 2971 454
6 1 2 52 5245 58514 7867
7 1 3 59 21 179 31
8 0 1 66 2452 26473 3678
9 1 6 72 133 1252 199
10 1 2 80 1 10 1
11 1 2 87 67 609 100
12 1 6 94 1 4 1
13 1 2 102 52 466 78
14 1 7 109 12 38 18
15 1 2 117 7373 83442 11059
16 1 3 124 1 12 1
17 0 2 131 19175 225679 28762
18 0 3 138 382 3788 573
19 0 2 146 1 14 1
20 1 3 153 4 33 6
21 1 3 161 8 64 12
22 1 27 169 1 4 1
23 0 2 178 84 772 126
24 0 7 185 5 15 7
25 0 2 193 4 32 6
26 1 6 200 2 17 3
27 0 11 208 8232 44112 12348
28 0 35 217 20 67 30
29 1 1 226 2173 23336 3259
30 1 3 232 920 9505 1380
31 0 2 240 551 5559 826
32 1 2 247 1 10 1
33 1 1 254 2 17 3
34 1 1 261 1273 13349 1909
35 1 2 266 26 224 39
36 0 2 273 3 25 4
37 0 2 280 6 48 9
38 1 6 287 1098 5151 1647
39 1 3 295 4 32 6
40 1 1 303 2 17 3
41 1 2 309 1 9 1
42 0 25 316 21 71 31
43 1 3 325 2 17 3
44 0 1 333 6 48 9
45 0 3 339 2 17 3
46 1 5 347 228 2205 342
47 0 9 355 1 3 1
48 0 14 364 453 1992 679
49 0 6 373 5 15 7
50 1 1 381 1 9 1
51 1 8 388 69 260 103
52 0 57 397 1 4 1
53 0 1 407 24 206 36
54 0 29 414 37 132 55
55 0 31 423 115 453 172
56 0 4 432 1 10 1
57 0 22 440 1 6 1
58 1 1 449 121 1133 181
59 1 4 455 3034 33062 4551
60 0 2 463 48 428 72
61 1 1 470 1 10 1
62 1 1 474 3 25 4
63 0 3 480 233 2255 349
64 1 7 488 3 9 4
65 1 2 496 21896 259078 32844
66 1 10 503 1 3 1
67 0 2 512 11 90 16
68 1 2 519 1 9 1
69 1 1 526 389 3860 583
70 1 3 532 1 10 1
71 0 3 540 1 9 1
72 1 8 548 2 6 3
73 0 1 557 4 33 6
74 1 2 563 1 9 1
75 1 2 570 209 2012 313
76 0 2 577 2 17 3
77 0 7 584 31924 185396 47886
78 0 4 592 1 11 1
79 1 1 600 15689 183162 23533
80 1 3 606 13 107 19
81 1 2 614 121 1133 181
82 1 15 621 524 2329 786
83 1 2 630 2 17 3
84 0 1 637 7 56 10
85 0 2 642 2 17 3
86 0 22 649 32 112 48
87 1 11 658 1 4 1
88 1 5 667 59927 737611 89890
89 0 1 675 50 447 75
90 0 5 682 2 17 3
91 1 4 690 1 9 1
92 0 15 698 2848 14260 4272
93 1 4 707 1 11 1
94 0 5 715 17 143 25
95 1 1 723 1 9 1
96 0 3 730 1 10 1
97 0 2 738 7898 89641 11847
98 0 3 745 507 5095 760
99 1 2 753 3 25 4
100 1 2 760 3 25 4
101 0 1 767 67 608 100
102 0 1 773 65 589 97
103 1 4 779 6 48 9
104 0 3 787 1 9 1
105 0 30 795 1 4 1
106 1 2 804 1 9 1
107 1 8 811 1 4 1
108 0 2 820 5000 55668 7500
109 0 3 827 1 9 1
110 0 1 834 1 9 1
111 1 1 840 2 17 3
112 0 5 846 27 233 40
113 0 8 854 161 652 241
114 0 1 863 24 206 36
115 1 2 867 1 9 1
116 1 2 874 215 2073 322
117 1 4 881 1 8 1
118 0 2 889 30 261 45
119 0 11 896 74 281 111
120 1 4 905 33 288 49
121 0 2 913 816 8385 1224
122 1 1 920 6 48 9
123 0 10 925 9 27 13
124 1 1 934 1 9 1
125 1 3 940 116 1084 174
126 0 5 948 6 48 9
127 1 1 956 27 233 40
128 0 1 962 1 9 1
129 0 3 967 14 116 21
130 1 4 975 1 9 1
131 0 5 983 10 81 15
132 0 11 991 3309 16733 4963
133 1 9 1000 46 167 69
134 1 4 1009 1 9 1
135 1 5 1017 1 10 1
136 1 6 1025 184 1760 276
137 0 16 1033 11 34 16
138 1 2 1042 707 7216 1060
139 0 3 1049 4 33 6
140 0 8 1057 2 7 3
141 0 5 1066 1 10 1
142 0 2 1074 137 1292 205
143 1 1 1081 13 107 19
144 0 1 1087 8 64 12
145 0 1 1094 10858 124871 16287
146 1 2 1100 102 947 153
147 0 10 1107 731 3331 1096
148 1 1 1116 19 161 28
149 1 5 1122 1 9 1
150 1 2 1130 1 9 1
151 1 1 1137 1 10 1
152 1 2 1143 1 9 1
153 0 1 1150 1 10 1
154 0 73 1156 59 219 88
155 1 2 1166 9 72 13
156 0 6 1173 4 33 6
157 1 1 1181 41 363 61
158 1 6 1187 1 10 1
159 0 2 1195 1 9 1
160 0 3 1202 527 5306 790
161 1 1 1210 4 33 6
162 1 11 1215 11 34 16
163 1 2 1224 1 9 1
164 0 12 1231 49 179 73
165 0 2 1240 1 10 1
166 1 2 1247 18 152 27
167 1 2 1254 10905 125434 16357
168 1 4 1261 78 714 117
169 0 5 1269 18 152 27
170 1 17 1277 1 5 1
171 0 1 1286 5 40 7
172 0 13 1292 14 45 21
173 0 1 1301 1 11 1
174 0 1 1308 1 9 1
175 1 2 1314 1 8 1
176 0 1 1321 15 125 22
177 1 3 1327 1 10 1
178 1 4 1335 223 2154 334
179 1 8 1343 5 15 7
180 0 1 1351 1 11 1
181 0 2 1357 660 6715 990
182 0 3 1364 6 48 9
183 0 2 1372 10 81 15
184 0 2 1379 34527 415970 51790
185 0 1 1386 38 335 57
186 0 2 1393 249 2418 373
187 1 11 1400 1 3 1
188 0 2 1409 318 3125 477
189 1 1 1416 1 10 1
190 1 4 1421 2 17 3
191 0 6 1429 10 81 15
192 0 5 1437 6 48 9
193 1 6 1445 5 41 7
194 1 1 1453 10 81 15
195 1 3 1458 1319 13853 1978
196 0 4 1465 5 41 7
197 1 1 1473 2 17 3
198 1 5 1479 6 48 9
199 0 4 1487 1 11 1
200 1 1 1495 1 9 1
201 1 3 1501 1 9 1
202 1 2 1509 1 9 1
203 0 12 1516 2 7 3
204 1 2 1525 233 2256 349
205 1 6 1532 1 12 1
206 0 3 1540 14 116 21
207 0 2 1547 12 99 18
208 0 1 1554 322 3166 483
209 0 2 1560 3 25 4
210 0 6 1567 1193 12473 1789
211 1 3 1575 20640 243640 30960
212 1 3 1583 10 81 15
213 0 5 1590 4 33 6
214 0 7 1598 3684 18760 5526
215 1 4 1606 1 9 1
216 1 16 1614 2 6 3
217 0 8 1623 2 6 3
218 1 3 1632 23164 274698 34746
219 1 7 1639 1 5 1
220 1 1 1647 1273915 17521901 1910872
221 0 1 1654 2 17 3
222 1 1 1659 1 10 1
223 1 3 1665 43 381 64
224 0 4 1673 1 9 1
225 0 2 1681 1 8 1
226 0 5 1688 3 25 4
227 1 1 1696 1 9 1
228 1 2 1702 63 570 94
229 1 3 1709 193 1851 289
230 1 1 1716 13 107 19
231 0 5 1723 1 9 1
232 1 36 1731 17 56 25
233 1 2 1740 4 33 6
234 0 2 1747 1 10 1
235 1 5 1754 1 9 1
236 1 18 1762 18 59 27
237 0 2 1771 4 33 6
238 0 4 1778 2959 32210 4438
239 0 25 1786 1440 6885 2160
240 0 5 1795 2 17 3
241 0 26 1803 1 3 1
242 1 18 1812 2 7 3
243 0 1 1821 38 334 57
244 1 3 1828 3 25 4
245 0 1 1835 431 4298 646
246 0 4 1841 1 8 1
247 1 17 1849 3 10 4
248 1 29 1858 10 31 15
249 0 1 1867 18 152 27
250 0 3 1873 1362271 18780393 2043406
251 1 5 1881 2510 27127 3765
252 0 6 1889 8 64 12
253 1 5 1897 1 10 1
254 1 8 1905 61 227 91
255 0 4 1913 3171 34621 4756
256 1 3 1921 19 161 28
257 1 4 1928 15 125 22
258 0 6 1936 3 25 4
259 0 1 1944 1 11 1
260 0 14 1948 6 18 9
261 0 6 1957 165 1570 247
262 0 12 1965 1 5 1
263 0 35 1974 751 3428 1126
264 0 9 1983 5 15 7
265 0 1 1992 35 307 52
266 0 1 1998 2 17 3
267 1 1 2004 6 48 9
268 0 1 2011 1 10 1
269 1 3 2017 1 11 1
270 0 12 2025 2 6 3
271 0 9 2034 12 38 18
272 0 2 2043 3 25 4
273 1 2 2050 10 81 15
274 0 2 2057 1 9 1
275 1 12 2064 1 5 1
276 1 1 2073 1 9 1
277 1 48 2078 7 21 10
278 0 2 2088 2 17 3
279 1 4 2095 1 11 1
280 0 1 2103 36 316 54
281 0 8 2108 1384 6599 2076
282 0 7 2117 1 3 1
283 1 8 2125 5 15 7
284 1 2 2133 494 4959 741
285 0 3 2140 3 25 4
286 1 2 2148 31 270 46
287 0 3 2155 6 48 9
288 1 7 2163 4 12 6
289 1 2 2171 748 7655 1122
290 1 8 2178 724 3296 1086
291 0 4 2186 1 10 1
292 1 4 2194 1 8 1
293 1 12 2202 1 5 1
294 0 2 2211 1 9 1
295 1 1 2218 12 99 18
296 1 2 2224 296 2899 444
297 0 10 2231 1 4 1
298 0 1 2240 1 9 1
299 1 6 2246 246 2388 369
300 1 5 2254 3 25 4
301 0 4 2262 1 9 1
302 1 1 2270 125 1173 187
303 1 5 2276 1 9 1
304 1 2 2284 4 33 6
305 0 2 2291 4 33 6
306 1 6 2298 1 10 1
307 0 8 2306 7639 40745 11458
308 0 7 2314 991 4615 1486
309 0 1 2322 14 116 21
310 1 3 2328 1 10 1
311 0 1 2336 1329 13963 1993
312 0 10 2342 318 1361 477
313 0 5 2351 3 25 4
314 1 2 2359 14 116 21
315 1 1 2366 3040 33130 4560
316 0 3 2371 19817 233544 29725
317 1 3 2378 155 1470 232
318 1 3 2385 1 9 1
319 0 7 2393 2 6 3
320 0 4 2401 16977 198832 25465
321 0 22 2409 46 167 69
322 1 1 2418 32 279 48
323 0 6 2424 1 3 1
324 0 1 2432 1 10 1
325 0 1 2437 6 48 9
326 1 2 2442 467 4675 700
327 0 2 2449 1 11 1
328 0 1 2456 78 714 117
329 1 1 2461 239 2317 358
330 1 1 2467 889 9171 1333
331 0 1 2473 7 56 10
332 1 3 2480 22 188 33
333 0 5 2488 1 9 1
334 1 12 2496 9 27 13
335 1 1 2505 1 9 1
336 0 3 2511 1 9 1
337 0 1 2519 1 9 1
338 0 4 2525 1 10 1
339 1 2 2533 1 10 1
340 0 5 2540 1 12 1
341 1 1 2548 11 90 16
342 1 4 2553 9 72 13
343 1 1 2561 16 134 24
344 0 26 2566 7744 41340 11616
345 1 3 2575 28 242 42
346 1 3 2583 14 116 21
347 0 4 2591 4 33 6
348 1 13 2599 1 4 1
349 1 2 2608 16 134 24
350 1 17 2615 21 70 31
351 0 2 2624 220 2124 330
352 1 3 2631 15 125 22
353 0 4 2639 3479 38136 5218
354 0 1 2647 1 9 1
355 0 19 2653 18 59 27
356 0 9 2662 642 2897 963
357 0 3 2671 7404 83808 11106
358 0 3 2679 237 2296 355
359 1 5 2687 168 1600 252
360 1 2 2695 2 17 3
361 0 1 2702 2203 23673 3304
362 1 13 2709 62 231 93
363 1 3 2718 1 9 1
364 1 1 2726 22 188 33
365 1 3 2732 2709 29375 4063
366 1 1 2740 18 152 27
367 1 3 2745 1 9 1
368 1 3 2753 2 17 3
369 0 1 2761 187 1791 280
370 1 3 2764 1 9 1
371 1 1 2772 1 10 1
372 1 2 2778 3 25 4
373 0 4 2785 102 947 153
374 0 3 2793 1316 13820 1974
375 0 4 2801 1 9 1
376 1 13 2809 50 183 75
377 0 2 2818 146 1381 219
378 1 5 2825 945 9776 1417
379 1 1 2833 1 11 1
380 0 2 2836 47 419 70
381 1 5 2843 3 25 4
382 0 1 2851 1 11 1
383 0 1 2856 914 9441 1371
384 0 5 2862 10 81 15
385 0 1 2870 524 5274 786
386 0 3 2876 2 17 3
387 1 9 2884 12135 66586 18202
388 1 1 2893 27 233 40
389 0 5 2899 12 99 18
390 1 1 2907 90 830 135
391 0 12 2913 148 595 222
392 0 8 2922 37 131 55
393 1 7 2931 7 21 10
394 1 4 2939 1 10 1
395 0 2 2947 174 1660 261
396 0 27 2954 588 2637 882
397 0 14 2963 12 38 18
398 0 9 2972 1 6 1
399 0 11 2981 11271 61569 16906
400 1 1 2990 1 11 1
401 1 11 2996 5 15 7
402 0 1 3005 6 48 9
403 1 2 3011 3 25 4
404 1 4 3018 25 215 37
405 0 2 3026 56 504 84
406 0 1 3033 26 224 39
407 1 4 3039 1 10 1
408 1 3 3047 2419 26101 3628
409 1 1 3054 1 10 1
410 0 9 3061 1 3 1
411 0 13 3070 2789 13945 4183
412 1 2 3079 117 1094 175
413 0 2 3086 2863 31120 4294
414 1 9 3093 1 4 1
415 0 4 3102 1327 13941 1990
416 1 32 3110 15754 87806 23631
417 0 13 3119 373 1616 559
418 1 2 3128 2 17 3
419 1 2 3135 73 666 109
420 0 2 3142 1 9 1
421 0 9 3149 456 2006 684
422 0 8 3158 41 147 61
423 0 3 3167 917 9473 1375
424 1 2 3175 6 48 9
425 0 4 3182 42 372 63
426 0 2 3190 371 3674 556
427 0 1 3197 1 9 1
428 0 34 3204 183 749 274
429 1 13 3213 278 1177 417
430 0 1 3222 1 11 1
431 1 3 3228 30 261 45
432 0 41 3236 1 3 1
433 0 2 3246 65 590 97
434 0 2 3253 804 8256 1206
435 1 10 3260 1 4 1
436 1 3 3269 1 10 1
437 0 14 3276 11 34 16
438 0 10 3285 8 24 12
439 0 16 3294 420 1836 630
440 1 5 3303 1 9 1
441 1 7 3311 15 48 22
442 1 4 3319 234 2265 351
443 1 5 3327 78241 972898 117361
444 1 4 3335 2 17 3
445 1 3 3343 1 9 1
446 0 1 3351 73 666 109
447 0 2 3354 47 419 70
448 0 2 3361 1 9 1
449 1 1 3368 1 9 1
450 1 2 3373 557 5623 835
451 1 2 3380 3487 38228 5230
452 0 1 3387 14 116 21
453 0 9 3394 175 714 262
454 1 9 3403 570 2550 855
455 0 2 3412 1 11 1
456 1 2 3419 2 17 3
457 0 1 3426 1 10 1
458 1 1 3432 1 9 1
459 0 1 3437 208 2002 312
460 1 10 3443 1 4 1
461 0 29 3452 6 18 9
462 0 2 3461 44 391 66
463 0 1 3468 99 918 148
464 0 3 3473 1623 17205 2434
465 0 1 3480 119 1114 178
466 1 9 3487 6166 32451 9249
467 1 2 3496 2 17 3
468 1 2 3503 3 25 4
469 1 2 3510 25 215 37
470 0 1 3517 659 6705 988
471 0 2 3524 1 9 1
472 0 3 3531 11413797 168827928 17120695
473 0 1 3539 1 8 1
474 1 2 3546 1 10 1
475 1 7 3553 7 21 10
476 0 1 3561 1 9 1
477 1 8 3566 2666 13290 3999
478 0 2 3575 1 10 1
479 1 1 3582 1 10 1
480 0 2 3589 5 40 7
481 1 10 3596 4 12 6
482 0 4 3605 2 17 3
483 0 1 3613 5 40 7
