0 1 1 5 415 4131 622
1 1 1 11 9 73 13
2 1 1 15 278 2714 417
3 1 3 21 1 10 1
4 1 2 28 1 9 1
5 1 5 35 1382 6589 2073
6 1 4 43 75 285 112
7 1 1 51 7 56 10
8 1 1 58 30 261 45
9 1 3 63 19 63 28
10 0 1 71 1 9 1
11 1 1 77 5 41 7
12 0 9 84 71 268 106
13 1 3 93 1 5 1
14 1 2 101 143 1351 214
15 0 5 108 166 674 249
16 1 2 116 1 9 1
17 1 1 123 1 9 1
18 0 7 130 1 4 1
19 0 1 138 3 25 4
20 1 5 143 8 24 12
21 0 5 151 85 326 127
22 1 1 159 1 8 1
23 0 1 165 38 334 57
24 0 7 172 3 9 4
25 0 3 180 5 15 7
26 0 3 188 260355 3385478 390532
27 0 1 195 4 33 6
28 1 7 200 24 82 36
29 0 1 208 1 10 1
30 0 8 215 2 6 3
31 1 1 223 1 11 1
32 1 16 228 17 56 25
33 1 4 237 23 78 34
34 1 2 245 332 3270 498
35 0 3 252 1 5 1
36 0 2 260 19 160 28
37 0 7 267 30 104 45
38 1 3 275 15 49 22
39 1 6 283 1 5 1
40 0 1 291 1 11 1
41 1 1 296 269 2623 403
42 0 1 303 1 10 1
43 0 1 310 2 17 3
44 1 10 316 1 4 1
45 0 10 325 1 6 1
46 1 2 334 1 9 1
47 0 4 341 1 5 1
48 0 2 349 16 134 24
49 1 1 356 15 125 22
50 0 3 362 1 9 1
51 1 4 369 1 3 1
52 1 4 377 5464 28538 8196
53 0 2 385 30 261 45
54 1 1 392 1 9 1
55 0 3 396 1 3 1
56 0 7 404 1 5 1
57 1 3 412 4 12 6
58 1 3 420 106 414 159
59 1 3 428 278 1177 417
60 0 3 436 3020 15180 4530
61 0 4 444 1990 9727 2985
62 1 1 452 1 12 1
63 0 1 458 37 325 55
64 0 7 464 29 101 43
65 1 4 472 481 2124 721
66 0 2 480 45 400 67
67 0 2 487 7 56 10
68 1 8 494 153 617 229
69 0 5 502 8 24 12
70 0 5 510 1 5 1
71 1 3 518 20 67 30
72 1 2 526 1 9 1
73 0 1 533 6 48 9
74 0 2 540 1 11 1
75 1 2 547 1 9 1
76 0 4 554 194 798 291
77 0 3 562 1 9 1
78 0 2 569 2 17 3
79 1 1 576 5 40 7
80 1 1 582 1 10 1
81 0 3 587 2 7 3
82 1 1 595 1 11 1
83 0 3 601 24 206 36
84 1 4 608 1 4 1
85 1 3 616 48734 595076 73101
86 1 15 623 293 1246 439
87 0 3 632 436 1912 654
88 0 5 640 1 3 1
89 0 3 648 18 59 27
90 0 2 656 25659 305528 38488
91 0 5 663 18 59 27
92 1 5 671 3 10 4
93 0 16 679 4 12 6
94 0 18 688 222 923 333
95 0 4 697 23 78 34
96 1 7 705 2 7 3
97 0 4 713 72 272 108
98 1 5 721 132 526 198
99 0 2 729 1 11 1
100 1 1 736 608 6162 912
101 0 2 740 1 9 1
102 0 3 747 2 7 3
103 0 2 755 971 10057 1456
104 0 1 762 4 33 6
105 1 1 769 1 8 1
106 1 2 775 1 10 1
107 0 2 782 6 48 9
108 1 12 789 1 3 1
109 1 2 798 1 9 1
110 0 2 805 3 25 4
111 0 3 812 1 11 1
112 0 1 819 4 33 6
113 1 1 825 1 10 1
114 0 10 830 1 4 1
115 1 6 839 58 215 87
116 0 1 847 32 279 48
117 1 2 853 1 11 1
118 0 5 860 6798 35997 10197
119 0 1 868 1 9 1
120 0 2 874 32 279 48
121 0 4 881 1 3 1
122 0 1 889 103 957 154
123 1 4 896 298 1269 447
124 1 4 904 2 7 3
125 1 1 912 89 821 133
126 1 4 918 6 18 9
127 0 14 926 1 4 1
128 0 7 935 14 45 21
129 1 3 943 30 104 45
130 0 7 951 134 535 201
131 0 6 959 1 3 1
132 1 3 967 1 4 1
133 1 5 975 3 9 4
134 1 1 983 48 428 72
135 1 1 990 62 561 93
136 0 2 996 196 1881 294
137 0 40 1003 15 48 22
138 0 3 1013 4 12 6
139 1 8 1021 1 5 1
140 0 1 1029 11 90 16
141 1 1 1034 1 13 1
142 0 1 1040 1919 20495 2878
143 0 2 1043 34 298 51
144 1 7 1050 278 1177 417
145 1 2 1058 2 17 3
146 1 3 1065 672558 9047404 1008837
147 0 5 1072 1 5 1
148 1 2 1080 620 6290 930
149 1 3 1087 1 4 1
150 1 1 1095 44 391 66
151 0 8 1102 1 4 1
152 0 2 1111 1 9 1
153 1 1 1118 1 10 1
154 1 5 1125 13 41 19
155 0 1 1133 4 33 6
156 1 3 1139 86 330 129
157 1 11 1147 1 4 1
158 1 2 1156 1 10 1
159 0 1 1163 394 3912 591
160 1 1 1169 1929 20607 2893
161 1 6 1176 1 3 1
162 0 1 1184 4665 51785 6997
163 0 6 1188 45 163 67
164 1 7 1196 58 215 87
165 1 3 1204 1 4 1
166 1 1 1212 217 2093 325
167 0 1 1219 4 33 6
168 0 1 1225 9 72 13
169 0 2 1231 556 5612 834
170 1 3 1238 171 696 256
171 1 5 1246 16172 90275 24258
172 0 3 1254 2 17 3
173 1 4 1262 3 10 4
174 0 1 1270 24 206 36
175 1 2 1277 1 9 1
176 0 1 1284 9 72 13
177 0 4 1290 5 15 7
178 0 3 1298 15 125 22
179 0 3 1305 10 31 15
180 1 2 1313 96 889 144
181 0 4 1320 12 38 18
182 0 2 1328 3 25 4
183 1 8 1335 1 4 1
184 0 4 1343 79 301 118
185 1 5 1351 1 4 1
186 0 1 1359 60344 742941 90516
187 1 9 1366 103 402 154
188 0 2 1375 3 25 4
189 1 7 1382 20 67 30
190 0 2 1390 1 9 1
191 0 1 1397 2 17 3
192 0 4 1403 173 705 259
193 0 2 1411 229342 2968447 344013
194 0 18 1418 8 24 12
195 1 5 1427 320 1370 480
196 0 1 1435 16 134 24
197 1 4 1442 1 6 1
198 1 2 1450 34 298 51
199 0 2 1457 3749 41229 5623
200 1 2 1464 784 8041 1176
201 0 7 1471 1 6 1
202 1 1 1479 1721 18292 2581
203 0 3 1485 27 93 40
204 0 3 1493 1 10 1
205 0 1 1500 4 33 6
206 1 2 1506 1 11 1
207 0 2 1513 1 10 1
208 1 1 1520 18 152 27
209 0 2 1524 11 90 16
210 1 9 1531 1 5 1
211 0 6 1540 1 4 1
212 1 2 1548 1 12 1
213 0 10 1555 38 135 57
214 1 2 1564 1 9 1
215 0 14 1571 2801 14009 4201
216 0 1 1580 1 9 1
217 0 2 1586 1 9 1
218 1 1 1593 498 5000 747
219 1 2 1599 20 170 30
220 1 4 1606 133825 840683 200737
221 0 11 1614 8 24 12
222 1 2 1623 1 12 1
223 1 7 1630 170 692 255
224 1 2 1638 1 8 1
225 1 3 1645 1 10 1
226 1 6 1652 1 3 1
227 1 1 1660 1 9 1
228 0 9 1666 1 4 1
229 0 5 1675 1 4 1
230 0 3 1683 9 73 13
231 1 2 1690 40 353 60
232 1 1 1697 14 116 21
233 0 1 1703 1593 16873 2389
234 1 1 1710 2016 21579 3024
235 0 1 1716 26 224 39
236 0 8 1722 1 4 1
237 0 9 1730 2 7 3
238 1 3 1739 11608 133864 17412
239 1 1 1746 2 17 3
240 1 3 1752 2 17 3
241 1 4 1759 2 7 3
242 0 2 1767 8 64 12
243 1 1 1774 1 11 1
244 1 2 1781 17 143 25
245 0 4 1788 112 440 168
246 0 1 1796 6224 69940 9336
247 0 2 1803 1 9 1
248 0 24 1810 1 4 1
249 0 100 1819 41 147 61
250 1 9 1829 1725 8350 2587
251 1 3 1838 1 5 1
252 0 1 1846 1 10 1
253 0 7 1851 40789 240188 61183
254 0 4 1859 1 5 1
255 0 3 1867 18 59 27
256 0 1 1875 49 438 73
257 0 8 1880 1468 7028 2202
258 0 1 1888 1 9 1
259 1 2 1894 7104 80273 10656
260 0 4 1901 5 15 7
261 0 3 1909 743 3389 1114
262 0 4 1917 1 3 1
263 0 3 1925 540 5443 810
264 0 1 1932 8 64 12
265 0 1 1938 79460 988637 119190
266 0 4 1944 1 4 1
267 0 2 1952 1 9 1
268 1 1 1959 1 9 1
269 0 1 1965 2 17 3
270 1 7 1971 165 670 247
271 0 5 1979 2 7 3
272 1 1 1987 98 908 147
273 1 1 1993 68 618 102
274 0 1 1998 1 10 1
275 1 2 2004 54 485 81
276 0 2 2011 4 32 6
277 1 3 2018 1 10 1
278 0 4 2026 1 5 1
279 0 2 2034 2 17 3
280 1 4 2041 1 3 1
281 1 7 2049 17 56 25
282 1 5 2057 12 38 18
283 0 6 2065 430 1883 645
284 1 5 2073 2 7 3
285 1 4 2081 22 74 33
286 1 2 2089 1 9 1
287 1 1 2096 284 2776 426
288 0 30 2101 1 5 1
289 0 2 2110 5 40 7
290 1 3 2117 352 3476 528
291 1 1 2124 1 9 1
292 1 1 2130 9599 109833 14398
293 1 2 2137 10 81 15
294 0 8 2144 55 203 82
295 1 4 2152 5 15 7
296 1 2 2160 1 9 1
297 1 3 2167 10 31 15
298 0 6 2175 37 132 55
299 1 8 2183 1 4 1
300 1 42 2191 1 4 1
301 0 5 2201 5 15 7
302 0 3 2209 148 1400 222
303 1 5 2217 3 10 4
304 1 1 2225 1 10 1
305 0 2 2230 2 17 3
306 1 2 2237 1 11 1
307 0 1 2244 992 10285 1488
308 0 2 2250 45 400 67
309 0 3 2257 6 18 9
310 1 8 2265 1 4 1
311 1 2 2273 2 17 3
312 0 2 2280 3 25 4
313 0 4 2287 71 268 106
314 0 3 2295 2 6 3
315 0 2 2303 1 8 1
316 1 6 2310 13 41 19
317 1 3 2318 1 10 1
318 1 2 2325 72 657 108
319 1 1 2332 7 56 10
320 1 4 2339 53 195 79
321 1 2 2347 79 724 118
322 0 3 2354 413 1803 619
323 1 1 2362 4 33 6
324 1 4 2368 186 763 279
325 1 1 2376 1 9 1
326 0 3 2383 22 188 33
327 0 2 2391 21 179 31
328 0 5 2398 9 27 13
329 0 6 2406 1 4 1
330 0 6 2414 1 4 1
331 0 1 2422 3 25 4
332 1 10 2427 4826614 36050543 7239921
333 0 4 2436 1 3 1
334 1 1 2444 400 3975 600
335 0 4 2450 49 179 73
336 1 1 2458 1395 14688 2092
337 0 1 2465 256 2490 384
338 1 7 2472 5 15 7
339 0 2 2480 1 10 1
340 0 3 2487 24993 143119 37489
341 1 7 2495 1 4 1
342 0 5 2503 15 48 22
343 1 3 2511 34 120 51
344 1 12 2519 2 7 3
345 1 2 2528 2 17 3
346 0 2 2535 307 3012 460
347 1 1 2542 1 8 1
348 1 11 2548 333 1430 499
349 1 8 2557 6 18 9
350 1 9 2565 326 1398 489
351 0 1 2574 3463 37953 5194
352 1 5 2581 1 3 1
353 1 1 2589 1 11 1
354 0 6 2596 3 9 4
355 0 3 2604 1 4 1
356 1 2 2612 3476895 49473785 5215342
357 1 5 2619 1 4 1
358 0 2 2627 1 9 1
359 1 3 2634 2537 27431 3805
360 1 1 2641 88 811 132
361 0 3 2646 1 4 1
362 0 13 2654 365 1579 547
363 1 2 2663 1731 18403 2596
364 1 47 2670 615 2767 922
365 0 2 2680 1 10 1
366 0 2 2687 1 10 1
367 1 8 2694 4 12 6
368 0 8 2703 27 93 40
369 0 3 2711 216726 1396060 325089
370 0 1 2719 139 1312 208
371 0 4 2725 3 9 4
372 1 8 2733 4977 25840 7465
373 1 3 2741 38 135 57
374 0 4 2749 1 4 1
375 1 2 2757 6828 77026 10242
376 1 1 2764 1 9 1
377 0 3 2769 1 4 1
378 0 1 2777 74 676 111
379 0 15 2784 1 5 1
380 1 1 2793 1 9 1
381 0 15 2798 2 7 3
382 1 8 2807 1 5 1
383 1 4 2815 121 479 181
384 0 4 2823 3 10 4
385 0 1 2831 3 25 4
386 1 5 2837 1 3 1
387 1 9 2845 468 2063 702
388 0 70 2854 2 6 3
389 0 2 2864 1 9 1
390 0 3 2871 1429 15063 2143
391 0 8 2878 384 1667 576
392 1 1 2886 98 908 147
393 1 3 2891 2 17 3
394 0 1 2899 1 12 1
395 0 1 2906 6 48 9
396 1 1 2912 1 9 1
397 1 3 2918 1 3 1
398 1 1 2926 32429 389732 48643
399 0 2 2930 6 48 9
400 1 1 2937 23 197 34
401 0 5 2944 4 12 6
402 0 1 2952 20 170 30
403 1 1 2958 1172 12244 1758
404 1 3 2964 10 81 15
405 1 7 2971 398 1733 597
406 0 6 2979 34 120 51
407 1 3 2987 1183 5579 1774
408 1 3 2995 530 5338 795
409 1 3 3002 33 116 49
410 1 1 3010 1 10 1
411 0 2 3016 5 40 7
412 1 2 3023 1 10 1
413 0 2 3030 5406 60388 8109
414 1 3 3037 1 4 1
415 1 8 3045 1 4 1
416 1 2 3054 3114 33972 4671
417 1 3 3061 1 5 1
418 1 9 3069 1 4 1
419 0 1 3078 1 11 1
420 0 2 3084 1 11 1
421 1 1 3091 435 4340 652
422 0 7 3097 10 31 15
423 0 7 3105 29 100 43
424 1 1 3113 18 152 27
425 1 4 3119 220436 1421197 330654
426 0 1 3127 2 17 3
427 0 3 3133 2 7 3
428 1 2 3141 1585 16785 2377
429 1 2 3148 34 298 51
430 0 3 3155 6 18 9
431 0 5 3163 1 5 1
432 1 4 3171 24 82 36
433 1 11 3179 1 5 1
434 1 3 3188 1 9 1
435 1 3 3195 4 12 6
436 1 1 3203 1 12 1
437 0 1 3208 7 56 10
438 1 4 3213 2 6 3
439 0 2 3221 1 9 1
440 0 2 3228 1 11 1
441 1 6 3235 11 34 16
442 0 2 3243 104 967 156
443 0 2 3250 10 81 15
444 1 2 3257 4 33 6
445 1 5 3264 4 12 6
446 0 9 3272 142 569 213
447 0 3 3281 1 3 1
448 1 3 3289 223 2154 334
449 0 2 3296 244 2367 366
450 1 8 3303 22 74 33
451 1 8 3312 321 1375 481
452 0 1 3321 4 33 6
453 1 6 3327 155 626 232
454 1 1 3335 3 25 4
455 0 1 3342 831 8546 1246
456 0 1 3348 387 3840 580
457 1 4 3354 1 4 1
458 0 2 3362 116 1084 174
459 0 2 3369 1 10 1
460 1 4 3376 1 3 1
461 1 2 3384 18 152 27
462 1 4 3391 10 31 15
463 0 6 3399 3 10 4
464 1 2 3407 1 9 1
465 0 5 3414 13 41 19
466 1 8 3422 1 4 1
467 0 4 3431 10 31 15
468 1 17 3439 1 4 1
469 0 12 3448 43 155 64
470 1 4 3457 6 18 9
471 1 2 3465 1 10 1
472 0 8 3472 1 4 1
473 0 7 3480 2 7 3
474 0 5 3488 41 147 61
475 0 1 3496 7586 85955 11379
476 1 15 3503 25 85 37
477 0 1 3512 2 17 3
478 1 5 3518 1 3 1
479 0 10 3526 1374 6548 2061
480 1 2 3535 496 4979 744
481 0 2 3542 57 513 85
482 0 1 3549 116 1084 174
483 1 4 3555 2102 10313 3153
484 1 4 3563 215 892 322
485 1 3 3571 8 24 12
486 1 6 3579 1 4 1
487 1 7 3587 4504 23235 6756
488 1 2 3595 1 10 1
489 1 3 3602 1 5 1
490 0 1 3610 16 134 24
