0 0 14 5 1 3 1
1 0 1 14 5 41 7
2 1 14 20 1 4 1
3 0 3 29 1068 11110 1602
4 0 4 37 1 10 1
5 0 2 45 1 9 1
6 0 25 52 6 18 9
7 1 1 61 1621 17183 2431
8 0 5 68 10 81 15
9 1 5 76 1 12 1
10 1 3 84 1 9 1
11 0 1 92 56 504 84
12 0 3 98 452 4518 678
13 0 4 106 5 40 7
14 1 50 114 5 15 7
15 0 2 124 1 12 1
16 0 7 131 12 38 18
17 1 2 139 2744 29771 4116
18 0 1 146 8760 99854 13140
19 0 3 152 1 12 1
20 0 3 160 2 17 3
21 1 4 168 1464 15448 2196
22 1 3 176 1 11 1
23 1 1 183 2 17 3
24 1 71 190 247 1036 370
25 1 2 200 1 11 1
26 0 2 207 1 10 1
27 1 3 214 125 1173 187
28 0 3 222 120 1124 180
29 0 1 230 17 143 25
30 1 8 237 2 7 3
31 1 16 246 12089 66318 18133
32 0 1 255 1 10 1
33 0 2 260 2 17 3
34 1 6 267 1 9 1
35 1 3 275 1 10 1
36 1 2 283 2 17 3
37 1 4 290 1 11 1
38 0 1 298 2 17 3
39 1 2 304 3 25 4
40 0 6 311 2319 24975 3478
41 1 2 319 4 33 6
42 0 1 326 1 11 1
43 0 2 332 3 25 4
44 1 3 339 5 41 7
45 0 2 347 719 7345 1078
46 1 8 354 10 31 15
47 0 4 362 1 10 1
48 0 4 370 1 12 1
49 0 5 378 8 64 12
50 1 3 386 4036 44526 6054
51 1 5 394 116 1084 174
52 1 10 402 1 4 1
53 1 5 411 3 25 4
54 0 1 419 16833 197078 25249
55 0 3 426 1 9 1
56 0 5 434 68 618 102
57 1 3 442 25 215 37
58 1 1 450 46 410 69
59 1 1 456 42094 511080 63141
60 0 3 462 61 551 91
61 0 1 470 8738 99593 13107
62 0 2 476 15 125 22
63 0 1 483 38 334 57
64 1 3 487 1 10 1
65 0 6 494 3535 38777 5302
66 1 4 502 1 10 1
67 0 3 510 1 9 1
68 0 2 518 6 48 9
69 0 2 525 462 4623 693
70 0 11 532 1 4 1
71 1 3 541 1 9 1
72 1 2 549 131 1232 196
73 1 3 556 4 33 6
74 0 1 564 1 9 1
75 1 2 570 2 17 3
76 1 1 577 1 8 1
77 1 1 582 1 11 1
78 1 20 588 1 4 1
79 0 1 597 6 48 9
80 0 3 603 8 64 12
81 1 2 610 95 879 142
82 1 2 617 1 11 1
83 1 2 624 146 1381 219
84 1 2 631 2187 23493 3280
85 0 1 638 22804 270260 34206
86 1 4 644 177 1690 265
87 1 2 652 911 9409 1366
88 0 6 659 21 70 31
89 0 4 667 1 9 1
90 1 3 675 90 830 135
91 0 1 683 1595 16895 2392
92 0 1 689 4501 49888 6751
93 0 7 695 2 7 3
94 0 1 703 14 116 21
95 0 1 709 1 10 1
96 0 1 715 286 2797 429
97 0 1 721 7 56 10
98 0 28 727 2 6 3
99 1 4 736 1687 17915 2530
100 0 6 744 1 4 1
101 0 5 752 21 179 31
102 0 8 760 3 10 4
103 0 19 769 14 45 21
104 0 1 778 26 224 39
105 1 4 784 65 589 97
106 0 8 792 385 1672 577
107 0 4 801 4389 48594 6583
108 1 1 809 43 381 64
109 1 9 814 431 1888 646
110 0 3 823 6 48 9
111 1 5 831 1 9 1
112 0 13 839 2 6 3
113 0 3 848 32 279 48
114 0 3 856 1 9 1
115 0 1 863 6885 77696 10327
116 1 5 869 646 6566 969
117 0 2 877 1854 19771 2781
118 1 2 884 1 10 1
119 1 2 891 4 32 6
120 0 1 898 2 17 3
121 0 1 904 9 72 13
122 1 19 910 6 18 9
123 0 1 919 6 48 9
124 1 1 924 377 3736 565
125 1 1 929 4 33 6
126 1 2 936 1 9 1
127 0 2 943 107 996 160
128 1 2 950 271 2643 406
129 0 11 957 1 3 1
130 0 2 966 1 9 1
131 1 1 973 1 9 1
132 0 2 980 96 889 144
133 0 3 987 1 10 1
134 1 2 995 3 25 4
135 1 8 1002 1 4 1
136 1 5 1010 12 98 18
137 0 23 1018 49158 292507 73737
138 1 1 1027 4 33 6
139 1 3 1033 1 9 1
140 0 3 1041 2419 26101 3628
141 0 1 1049 1 8 1
142 0 7 1056 3 10 4
143 1 2 1064 13 108 19
144 1 10 1071 5 15 7
145 0 1 1080 1 9 1
146 0 2 1087 59 532 88
147 1 1 1094 1 10 1
148 1 2 1100 2 17 3
149 0 2 1107 10 81 15
150 1 18 1114 3 9 4
151 1 8 1123 143 574 214
152 1 6 1132 11 90 16
153 0 24 1140 43 155 64
154 1 2 1149 125 1173 187
155 0 1 1156 1 9 1
156 0 9 1162 1 3 1
157 1 47 1171 267 1127 400
158 1 3 1181 2 17 3
159 1 16 1189 1 4 1
160 1 28 1198 35 123 52
161 1 2 1207 7 56 10
162 1 7 1214 24 81 36
163 1 1 1222 50 447 75
164 1 3 1228 2844 30905 4266
165 1 2 1236 2093 22440 3139
166 1 2 1243 4052 44710 6078
167 0 2 1250 9 73 13
168 1 8 1257 46 167 69
169 0 3 1265 73 666 109
170 1 22 1273 10 31 15
171 1 2 1282 1 13 1
172 0 5 1289 1 11 1
173 1 13 1297 1 5 1
174 1 1 1306 76 695 114
175 1 3 1312 11 90 16
176 0 6 1320 3114 33972 4671
177 0 2 1328 1 10 1
178 0 1 1335 16 134 24
179 0 5 1341 13 107 19
180 0 7 1349 19 63 28
181 0 5 1357 418 4162 627
182 1 1 1365 271 2643 406
183 1 1 1372 10 81 15
184 1 2 1378 1 9 1
185 0 6 1385 12 99 18
186 0 8 1393 1 3 1
187 1 12 1402 15247 84814 22870
188 1 4 1411 1 8 1
189 0 9 1419 50 183 75
190 1 64 1428 4395 22637 6592
191 0 1 1438 22 188 33
192 1 4 1444 107 996 160
193 0 1 1452 7174 81097 10761
194 1 3 1457 18 152 27
195 0 2 1465 20 170 30
196 0 3 1472 5205 58049 7807
197 1 14 1480 113 444 169
198 0 1 1489 57 513 85
199 0 3 1496 1 10 1
200 0 1 1504 1 8 1
201 1 18 1510 1 4 1
202 0 11 1519 1 4 1
203 1 2 1528 3 25 4
204 0 3 1535 1 10 1
205 0 14 1543 44 159 66
206 0 2 1552 1 12 1
207 1 6 1559 1 9 1
208 1 19 1567 2 7 3
209 0 2 1576 1 9 1
210 0 1 1583 4 33 6
211 0 26 1588 1 5 1
212 0 4 1597 1 9 1
213 1 1 1605 407 4048 610
214 0 2 1611 1 9 1
215 0 1 1618 88 811 132
216 1 1 1623 1 9 1
217 0 6 1630 10 81 15
218 0 5 1638 152 1441 228
219 0 1 1646 1 11 1
220 0 2 1653 10273 117875 15409
221 0 64 1660 1 5 1
222 0 3 1670 74 676 111
223 0 6 1678 84 772 126
224 0 1 1686 6 48 9
225 1 3 1691 1 10 1
226 0 2 1699 47 419 70
227 0 1 1706 1 10 1
228 1 2 1712 1 8 1
229 1 2 1719 4 33 6
230 1 1 1726 117 1094 175
231 0 3 1733 78 714 117
232 0 1 1740 2 17 3
233 1 1 1747 14086 163729 21129
234 1 24 1753 1 6 1
235 0 7 1762 1 4 1
236 1 3 1770 1 12 1
237 0 3 1778 2 17 3
238 1 10 1786 210 869 315
239 1 9 1795 2 7 3
240 1 6 1804 37 325 55
241 1 1 1812 2 17 3
242 1 3 1817 137 1292 205
243 0 3 1825 17 143 25
244 0 1 1833 1 11 1
245 1 2 1839 1 11 1
246 1 2 1846 1239 12976 1858
247 0 4 1853 95 879 142
248 1 1 1861 64215 792489 96322
249 0 1 1867 20 170 30
250 1 2 1874 11 90 16
251 0 1 1881 128 1202 192
252 1 1 1887 2 17 3
253 0 3 1893 1 9 1
254 1 12 1900 155 626 232
255 0 2 1909 3 25 4
256 1 3 1916 28 242 42
257 1 2 1924 3 25 4
258 0 1 1931 1 9 1
259 0 4 1935 1 9 1
260 1 7 1943 29 100 43
261 1 1 1951 74 676 111
262 1 1 1957 1 9 1
263 1 2 1964 716 7313 1074
264 1 2 1971 1 11 1
265 1 2 1978 1 9 1
266 0 1 1985 1 10 1
267 0 1 1992 6 48 9
268 1 14 1998 2 7 3
269 1 15 2007 147 591 220
270 0 2 2016 1746 18570 2619
271 1 2 2023 36744 443761 55116
272 0 2 2030 96 889 144
273 1 6 2037 9 73 13
274 0 4 2045 1 8 1
275 0 6 2053 652 6630 978
276 1 1 2061 459 4591 688
277 1 1 2068 2 17 3
278 1 8 2073 11 34 16
279 1 3 2081 1 10 1
280 0 7 2089 5 15 7
281 0 2 2097 161504 2063608 242256
282 1 13 2104 1 5 1
283 1 46 2113 1 4 1
284 0 4 2123 41 363 61
285 0 3 2131 29 251 43
286 1 4 2139 1 11 1
287 0 8 2147 66 248 99
288 0 3 2155 2 17 3
289 0 5 2163 232 2245 348
290 1 5 2171 21 179 31
291 1 1 2179 6337 71264 9505
292 1 6 2186 1 4 1
293 0 2 2194 2 17 3
294 1 14 2201 1556 7479 2334
295 0 2 2210 1 9 1
296 1 2 2217 7 56 10
297 1 4 2224 90 830 135
298 1 2 2232 142 1341 213
299 1 3 2239 687 7003 1030
300 0 1 2247 17 143 25
301 1 1 2254 1 11 1
302 0 3 2261 1 11 1
303 0 9 2269 548 2444 822
304 0 2 2278 2249 24189 3373
305 1 5 2285 8 64 12
306 0 13 2293 271 1145 406
307 1 4 2302 1 10 1
308 1 1 2310 7 56 10
309 1 1 2317 1 9 1
310 1 1 2323 1 10 1
311 1 1 2330 1 8 1
312 0 3 2337 469 4696 703
313 1 2 2345 2865 31142 4297
314 0 4 2352 22 188 33
315 1 3 2360 24 206 36
316 0 4 2368 2 17 3
317 1 3 2376 1 11 1
318 0 1 2384 2 17 3
319 0 1 2390 9 73 13
320 0 1 2396 419973 5556027 629959
321 0 4 2402 3 25 4
322 1 1 2410 6 48 9
323 1 7 2416 4 12 6
324 0 1 2424 789 8094 1183
325 0 2 2430 54 485 81
326 1 3 2437 1 9 1
327 0 3 2445 83 762 124
328 0 1 2453 1475 15570 2212
329 1 2 2460 1 10 1
330 1 2 2467 1 9 1
331 1 3 2474 10 81 15
332 1 2 2481 2937 31960 4405
333 1 1 2488 1 9 1
334 1 5 2494 48 428 72
335 0 8 2502 18 59 27
336 0 1 2511 1 9 1
337 0 4 2517 35 307 52
338 0 1 2525 1 9 1
339 0 5 2531 6991 78943 10486
340 0 7 2539 19 63 28
341 0 5 2547 1 8 1
342 1 1 2555 1 10 1
343 1 1 2561 713 7281 1069
344 0 2 2566 1161 12124 1741
345 0 1 2573 1 9 1
346 0 4 2579 20 170 30
347 1 1 2587 67 608 100
348 1 4 2594 19 161 28
349 1 3 2602 1 14 1
350 0 9 2610 4427 22813 6640
351 0 3 2619 3 25 4
352 0 1 2627 27269 325483 40903
353 1 25 2631 104 406 156
354 1 5 2640 16 134 24
355 0 1 2648 3 25 4
356 1 11 2654 6 18 9
357 0 10 2663 1 5 1
358 0 2 2672 4 33 6
359 1 2 2679 702 7163 1053
360 0 1 2686 140569 1786881 210853
361 1 2 2692 9 72 13
362 0 4 2699 27777 331790 41665
363 0 1 2707 1 8 1
364 1 1 2714 5 40 7
365 1 4 2720 1 10 1
366 1 3 2728 13264 153797 19896
367 1 6 2735 1 3 1
368 1 3 2743 6 48 9
369 0 2 2751 1 11 1
370 0 4 2758 1 9 1
371 0 3 2766 27 233 40
372 0 1 2774 37 326 55
373 1 1 2780 1 10 1
374 0 1 2787 4 33 6
375 1 5 2792 122 1143 183
376 0 5 2800 13810 160392 20715
377 1 2 2808 1 11 1
378 0 4 2815 3 25 4
379 0 1 2823 31 270 46
380 0 1 2829 1 10 1
381 1 17 2835 1 3 1
382 1 3 2844 7 56 10
383 1 2 2851 11282 129952 16923
384 0 8 2858 7 21 10
385 0 4 2867 46 410 69
386 1 2 2875 170 1620 255
387 0 4 2882 4 33 6
388 1 3 2890 1 9 1
389 1 1 2898 1 9 1
390 1 1 2903 1025 10643 1537
391 1 1 2909 2069 22171 3103
392 0 2 2915 4283760 61377777 6425640
393 1 1 2922 80 733 120
394 0 3 2929 15 125 22
395 1 5 2936 5 41 7
396 1 4 2944 3078 33562 4617
397 0 2 2952 97 898 145
398 0 1 2959 94844 1187983 142266
399 1 3 2966 1 9 1
400 1 2 2974 1 9 1
401 1 5 2981 6 48 9
402 0 3 2989 1 9 1
403 1 13 2997 1 4 1
404 0 7 3006 11 34 16
405 0 4 3014 21 179 31
406 1 2 3022 651 6619 976
407 0 2 3029 23 197 34
408 0 1 3036 1 10 1
409 0 1 3042 1184795 16255466 1777192
410 0 3 3048 1 11 1
411 1 5 3056 37 325 55
412 1 22 3064 1 5 1
413 1 2 3073 55 494 82
414 0 11 3080 320 1370 480
415 1 7 3089 1 4 1
416 0 2 3097 403 4006 604
417 1 3 3104 41424 502631 62136
418 1 4 3112 564 5697 846
419 0 21 3120 7 21 10
420 1 1 3129 7 56 10
421 1 2 3136 3 25 4
422 0 7 3143 3423 17347 5134
423 1 2 3151 1 9 1
424 0 2 3158 1 10 1
425 1 19 3165 3 9 4
426 1 2 3174 1700 18059 2550
427 0 4 3181 5 40 7
428 1 1 3189 2 17 3
429 0 6 3195 1 4 1
430 1 12 3203 37 131 55
431 0 2 3212 1 9 1
432 1 2 3219 3 25 4
433 1 4 3226 359008 4722856 538512
434 0 6 3234 2 17 3
435 0 17 3242 149 600 223
436 0 1 3251 19 160 28
437 1 2 3257 21 179 31
438 1 1 3264 1 9 1
439 0 11 3271 174 710 261
440 1 8 3280 5 15 7
441 0 2 3289 4 33 6
442 0 4 3296 4 33 6
443 0 2 3304 15 125 22
444 0 2 3311 18 152 27
445 0 11 3318 2 7 3
446 0 19 3327 7 21 10
447 0 1 3336 3 25 4
448 1 4 3343 1 14 1
449 1 2 3351 2 17 3
450 1 1 3358 2 17 3
451 1 4 3365 5 40 7
452 1 2 3373 971 10057 1456
453 1 1 3380 8 64 12
454 1 3 3386 10 81 15
455 0 3 3394 3 25 4
456 1 1 3402 5 41 7
457 0 3 3409 411 4089 616
458 1 9 3417 1326 6303 1989
459 0 1 3426 82 753 123
460 1 2 3431 117 1094 175
461 1 2 3438 4293 47487 6439
462 1 1 3445 6 48 9
463 1 9 3452 7283 38731 10924
464 1 7 3461 1 4 1
465 0 1 3469 1 11 1
466 1 3 3475 2 17 3
467 1 6 3483 2144 23011 3216
468 0 3 3491 784 8041 1176
469 0 1 3499 1 10 1
470 0 1 3505 1 12 1
471 0 1 3511 14 116 21
472 1 2 3517 3 25 4
473 0 3 3524 7 56 10
474 0 19 3532 1749 8475 2623
475 1 1 3541 1 10 1
476 0 2 3548 4 33 6
477 0 3 3555 73 666 109
478 0 3 3563 3 25 4
479 1 8 3571 2127 10444 3190
480 0 2 3580 139 1311 208
481 1 3 3587 5 41 7
482 1 3 3595 1 12 1
483 1 6 3603 1 9 1
484 0 10 3611 63 235 94
