0 0 11 5 1 4 1
1 1 3 9 5 40 7
2 0 2 13 86 791 129
3 0 5 17 1 10 1
4 1 4 21 2 17 3
5 0 8 25 1 4 1
6 0 2 29 15 125 22
7 1 11 33 1 4 1
8 0 2 37 62 561 93
9 0 1 41 685 6982 1027
10 0 5 44 1 10 1
11 1 2 48 178 1700 267
12 1 9 52 1 4 1
13 1 3 56 3 25 4
14 0 1 60 1 9 1
15 1 1 63 2 17 3
16 1 10 66 26 89 39
17 0 5 70 112 1045 168
18 1 2 74 25 215 37
19 1 1 78 1 10 1
20 0 2 81 27 233 40
21 0 6 85 25 215 37
22 1 1 89 8 64 12
23 0 1 92 35 307 52
24 0 3 95 13 107 19
25 1 1 99 13 108 19
26 0 1 101 1064 11067 1596
27 0 1 104 376 3725 564
28 1 1 107 1 12 1
29 0 2 109 1 9 1
30 1 2 112 90 830 135
31 1 2 115 13 108 19
32 0 1 119 37 325 55
33 1 6 122 29933 358601 44899
34 0 4 126 1135 11840 1702
35 1 3 130 468337 6220004 702505
36 1 1 134 33 289 49
37 0 2 137 58 523 87
38 1 2 141 1 9 1
39 1 13 144 264 1113 396
40 1 3 148 1 10 1
41 0 2 152 2 17 3
42 0 3 156 9 73 13
43 1 2 160 69 628 103
44 1 1 164 28 243 42
45 1 1 167 952 9852 1428
46 1 5 170 1692 17970 2538
47 0 1 174 65 590 97
48 1 6 177 540 5443 810
49 0 3 181 4311849 61793567 6467773
50 1 5 185 1 9 1
51 0 1 189 42 372 63
52 1 2 191 7 56 10
53 0 1 195 32 279 48
54 1 30 198 3 10 4
55 0 1 203 1 9 1
56 1 2 206 523 5264 784
57 1 1 210 4 33 6
58 1 1 213 1 10 1
59 1 2 216 1 10 1
60 1 3 220 19 161 28
61 0 3 224 26599 317174 39898
62 1 7 228 4 12 6
63 1 1 232 90509 1131681 135763
64 1 3 235 1 9 1
65 1 1 239 1 9 1
66 0 4 241 1 9 1
67 0 11 245 38 135 57
68 0 22 249 1256 5948 1884
69 0 1 254 5 40 7
70 0 1 257 1297 13612 1945
71 0 3 260 166 1580 249
72 1 4 264 1 10 1
73 1 4 268 23 197 34
74 1 3 272 2024 21668 3036
75 1 2 276 4 33 6
76 1 9 280 1 4 1
77 1 1 284 7 56 10
78 0 3 287 9658 110536 14487
79 0 2 291 15 125 22
80 1 5 295 738 7548 1107
81 0 5 299 36 316 54
82 1 8 303 50 183 75
83 0 2 307 308 3022 462
84 1 1 310 1 10 1
85 1 3 313 1 10 1
86 1 2 317 1 9 1
87 0 2 320 6 48 9
88 1 7 324 3 9 4
89 0 2 328 23 197 34
90 1 1 332 198 1901 297
91 0 3 335 1504 15889 2256
92 0 10 339 1 4 1
93 0 3 343 2228 23953 3342
94 1 2 347 1 10 1
95 0 3 350 1 9 1
96 0 1 354 1 9 1
97 0 2 357 1 10 1
98 0 47 361 1 4 1
99 0 1 366 9857 112909 14785
100 0 2 368 8 64 12
101 0 1 372 1 9 1
102 1 4 375 87 801 130
103 0 5 379 84 772 126
104 1 13 383 30 104 45
105 1 3 387 379 3756 568
106 1 6 391 802 8234 1203
107 1 1 395 8 64 12
108 0 2 398 7 56 10
109 1 2 402 37238 449962 55857
110 1 4 405 1 9 1
111 0 2 409 1 10 1
112 1 5 412 5 41 7
113 0 4 416 21 179 31
114 1 1 420 1 9 1
115 0 1 423 12 99 18
116 1 4 425 1 9 1
117 0 41 429 1634 7881 2451
118 1 1 434 21 178 31
119 0 1 437 668 6800 1002
120 1 5 440 3 25 4
121 1 5 444 382 3788 573
122 1 3 448 22 188 33
123 0 2 452 1 11 1
124 0 3 456 2 17 3
125 1 11 460 403 1756 604
126 1 1 464 8 64 12
127 0 1 467 1 8 1
128 0 1 470 1 9 1
129 1 16 473 55 203 82
130 1 1 477 4 33 6
131 1 11 480 1 4 1
132 0 2 484 1 11 1
133 0 1 488 9 72 13
134 0 1 491 565 5707 847
135 1 3 494 16121 188412 24181
136 0 1 498 2 17 3
137 0 2 501 62 561 93
138 1 3 504 1 10 1
139 1 2 508 599 6067 898
140 1 11 512 184 754 276
141 1 10 516 1 3 1
142 0 4 520 31 270 46
143 1 6 524 5850 65566 8775
144 0 4 528 31676 380330 47514
145 1 1 532 11 90 16
146 0 12 535 1 5 1
147 1 2 539 1 9 1
148 1 1 543 461 4612 691
149 1 1 546 15 125 22
150 1 4 549 5 40 7
151 0 1 553 31 270 46
152 0 1 556 14924 173878 22386
153 1 27 559 1244 5887 1866
154 1 2 564 2 17 3
155 1 1 568 2 17 3
156 0 4 571 24 206 36
157 1 1 575 13334 154642 20001
158 1 8 578 111 436 166
159 1 21 582 1 4 1
160 0 2 587 2 17 3
161 0 6 591 16 134 24
162 0 4 595 1 9 1
163 1 1 599 10148 116382 15222
164 0 3 602 9 73 13
165 1 20 606 1 4 1
166 1 7 611 1 4 1
167 1 2 615 1 9 1
168 1 4 618 411 4089 616
169 0 11 622 1 8 1
170 0 29 626 3 10 4
171 0 1 631 1 12 1
172 1 6 634 38 335 57
173 0 3 638 2 17 3
174 1 2 642 14832 172762 22248
175 1 2 646 7 56 10
176 0 5 650 12 99 18
177 1 1 654 1 9 1
178 1 4 657 856 8815 1284
179 1 2 661 1 12 1
180 1 1 665 1 12 1
181 0 5 668 1 9 1
182 0 2 672 3658 40185 5487
183 1 2 676 1 9 1
184 0 2 679 111 1035 166
185 1 3 683 3 25 4
186 1 1 687 1 9 1
187 0 1 690 1 10 1
188 1 6 693 205 1972 307
189 0 1 697 12963 150166 19444
190 1 5 700 21 179 31
191 0 4 704 13 107 19
192 1 1 708 18 152 27
193 1 2 711 15850 185118 23775
194 1 1 715 5 40 7
195 0 9 717 4 12 6
196 0 4 721 1 9 1
197 1 1 725 7537 85377 11305
198 1 2 728 1 9 1
199 0 2 732 2 17 3
200 1 8 736 1 5 1
201 0 6 740 1 11 1
202 1 6 744 7 56 10
203 1 13 748 1 3 1
204 0 28 752 8 24 12
205 0 2 757 50 447 75
206 0 3 760 12 99 18
207 0 2 764 40 353 60
208 0 2 767 28 242 42
209 1 6 771 2 17 3
210 0 11 775 3745 19091 5617
211 0 2 779 197 1891 295
212 0 3 782 1 12 1
213 0 2 786 359 3549 538
214 1 3 789 6 48 9
215 1 8 793 1 4 1
216 1 6 797 1 10 1
217 0 4 801 125 1173 187
218 1 3 805 6 48 9
219 1 3 809 2 17 3
220 0 3 813 159 1510 238
221 0 4 817 2 17 3
222 1 1 821 12 99 18
223 1 7 824 60 223 90
224 0 2 828 1 10 1
225 1 3 831 670 6822 1005
226 0 2 835 15 125 22
227 0 12 839 1 5 1
228 1 2 843 1 9 1
229 1 3 847 8 64 12
230 1 3 851 5312 59294 7968
231 0 3 855 1601 16962 2401
232 0 16 859 3 10 4
233 0 11 863 1 4 1
234 0 2 867 3 25 4
235 0 4 870 5 40 7
236 1 1 874 7935 90079 11902
237 1 4 877 1 9 1
238 1 4 881 1 9 1
239 1 5 885 1 8 1
240 0 2 889 764 7826 1146
241 1 1 892 1 10 1
242 0 2 894 1 9 1
243 0 2 898 1 9 1
244 0 1 902 397 3944 595
245 1 2 905 107 996 160
246 1 3 908 12 98 18
247 0 2 912 2 17 3
248 1 1 915 21 179 31
249 0 1 918 1 11 1
250 0 1 921 28 242 42
251 1 1 924 1 11 1
252 1 5 927 1 9 1
253 0 14 931 12 38 18
254 1 3 935 66 599 99
255 1 2 939 1 11 1
256 1 8 942 6 18 9
257 0 4 946 373 3694 559
258 0 3 950 5 41 7
259 1 3 954 6 48 9
260 1 3 958 217 2093 325
261 0 18 962 442 1940 663
262 0 2 967 10255 117660 15382
263 0 30 970 1 4 1
264 1 1 975 1 9 1
265 1 1 978 1 9 1
266 1 1 981 5 41 7
267 0 8 984 1 5 1
268 1 3 988 1 10 1
269 1 1 992 1 9 1
270 1 2 995 1 10 1
271 0 1 999 28 242 42
272 1 26 1002 145 582 217
273 0 16 1007 1 3 1
274 1 1 1011 7 56 10
275 1 7 1014 1 5 1
276 0 2 1018 357 3528 535
277 0 2 1021 1631 17294 2446
278 1 3 1025 14 116 21
279 1 3 1029 4 33 6
280 0 3 1033 1 10 1
281 1 6 1037 1 5 1
282 0 6 1041 103 957 154
283 0 2 1045 33 288 49
284 0 1 1049 1 9 1
285 0 1 1052 1 10 1
286 0 3 1055 1 9 1
287 1 23 1059 1 4 1
288 0 1 1064 38 335 57
289 0 4 1067 9 73 13
290 1 2 1071 66 599 99
291 1 1 1075 1 10 1
292 0 4 1078 187 1791 280
293 1 2 1082 1 11 1
294 1 3 1086 51 456 76
295 1 5 1090 366 3621 549
296 1 17 1094 1 3 1
297 0 3 1099 1 9 1
298 1 2 1103 1 8 1
299 1 2 1107 3805 41871 5707
300 0 4 1111 3 25 4
301 1 10 1115 291 1237 436
302 1 20 1119 3 9 4
303 0 4 1124 1 12 1
304 1 2 1128 19 161 28
305 1 3 1131 489 4906 733
306 0 8 1135 29 100 43
307 0 5 1139 1 11 1
308 1 2 1143 2 17 3
309 0 4 1147 2280 24537 3420
310 1 5 1151 1 11 1
311 0 6 1155 1 11 1
312 0 1 1159 2 17 3
313 1 2 1162 3 25 4
314 1 2 1165 32 279 48
315 1 16 1169 1 4 1
316 0 1 1174 168 1600 252
317 0 8 1177 457 2011 685
318 0 3 1181 4005 44169 6007
319 0 4 1185 1 11 1
320 1 9 1189 1 3 1
321 1 10 1193 1588 7644 2382
322 0 2 1197 36 316 54
323 0 5 1201 2 17 3
324 0 9 1205 334 1435 501
325 1 2 1209 1 9 1
326 1 1 1213 1839 19604 2758
327 0 1 1216 1 10 1
328 1 2 1218 749 7666 1123
329 0 5 1222 1 10 1
330 0 3 1226 124 1163 186
331 0 1 1230 48 428 72
332 0 55 1233 2 6 3
333 1 1 1238 2 17 3
334 1 27 1241 1 3 1
335 1 4 1246 1 9 1
336 0 2 1250 1 8 1
337 1 2 1253 44 391 66
338 0 2 1256 23 197 34
339 1 3 1260 424 4225 636
340 0 1 1264 6417 72201 9625
341 0 10 1267 1 4 1
342 1 5 1271 4 33 6
343 0 6 1275 13 107 19
344 0 3 1279 1 10 1
345 1 5 1283 1 10 1
346 1 6 1287 12 99 18
347 1 4 1291 89 821 133
348 1 7 1295 11 34 16
349 0 2 1299 2 17 3
350 1 1 1303 1 10 1
351 1 5 1306 1 9 1
352 0 3 1310 1 9 1
353 1 5 1314 33 288 49
354 1 2 1318 87 801 130
355 1 2 1322 8102098 118529347 12153147
356 0 1 1325 835 8589 1252
357 0 8 1328 1 4 1
358 1 1 1332 21 179 31
359 1 13 1335 1 3 1
360 1 33 1339 11461 62671 17191
361 0 5 1344 1 10 1
362 0 1 1348 1 9 1
363 1 1 1351 6 48 9
364 1 3 1354 22 188 33
365 0 4 1358 1 9 1
366 1 1 1362 4 33 6
367 0 2 1365 1 10 1
368 1 2 1368 1 10 1
369 0 1 1372 224 2164 336
370 1 4 1373 24959 296866 37438
371 1 5 1377 2 17 3
372 1 4 1381 5 40 7
373 0 5 1385 145 1371 217
374 1 1 1389 1 11 1
375 0 2 1392 9074 103584 13611
376 0 2 1396 6 48 9
377 1 6 1400 1 9 1
378 1 2 1404 1 10 1
379 1 4 1408 54 485 81
380 0 2 1412 1 9 1
381 1 1 1416 7 56 10
382 0 1 1419 2 17 3
383 0 1 1422 5 41 7
384 1 4 1425 1 9 1
385 0 7 1429 1 6 1
386 1 3 1433 105 977 157
387 0 2 1437 1 11 1
388 1 4 1440 1 10 1
389 0 1 1444 3 25 4
390 0 3 1447 1153 12036 1729
391 1 4 1451 44 391 66
392 0 2 1455 1 11 1
393 1 1 1459 1 10 1
394 1 12 1462 1 4 1
395 0 2 1466 26 224 39
396 1 2 1469 49 438 73
397 1 6 1473 1 11 1
398 1 3 1477 27 233 40
399 0 1 1481 1 9 1
400 0 3 1484 1 11 1
401 1 3 1488 5 40 7
402 0 11 1492 1 4 1
403 0 5 1496 1 10 1
404 0 2 1500 5072 56503 7608
405 1 8 1504 1 3 1
406 0 2 1508 294 2878 441
407 0 1 1511 2 17 3
408 0 2 1514 1 10 1
409 0 3 1518 1 10 1
410 1 4 1522 1 11 1
411 1 1 1526 30 261 45
412 1 1 1529 1 11 1
413 1 6 1532 1 4 1
414 1 2 1536 13 108 19
415 0 5 1539 4 33 6
416 1 12 1543 4 12 6
417 1 21 1547 1 4 1
418 0 2 1552 4222 46668 6333
419 1 4 1556 1 10 1
420 0 2 1560 2 17 3
421 1 4 1563 5090 56713 7635
422 1 1 1567 560 5654 840
423 0 2 1570 1 10 1
424 0 7 1573 91 351 136
425 0 8 1577 1 3 1
426 1 4 1581 8 64 12
427 1 7 1585 1 4 1
428 1 6 1589 623 6322 934
429 0 11 1593 1 4 1
430 0 7 1597 147 591 220
431 0 1 1601 20 170 30
432 0 2 1604 2 17 3
433 0 1 1608 153 1450 229
434 0 50 1611 2 7 3
435 1 4 1616 547 5517 820
436 1 2 1620 1 10 1
437 1 4 1624 6 48 9
438 0 7 1628 47 171 70
439 1 1 1632 23779 282286 35668
440 0 4 1635 805 8267 1207
441 0 4 1639 4 33 6
442 0 2 1643 2 17 3
443 0 1 1647 8 64 12
444 1 1 1650 1 9 1
445 1 1 1653 1618 17150 2427
446 0 2 1656 52641 644703 78961
447 1 16 1660 1 4 1
448 1 6 1665 30 104 45
449 1 4 1669 89 821 133
450 0 9 1673 7 21 10
451 1 2 1677 2 17 3
452 1 3 1680 1 9 1
453 0 3 1684 11 90 16
454 0 2 1688 2 17 3
455 1 4 1691 1 10 1
456 1 2 1695 21 179 31
457 0 11 1699 1 4 1
458 0 2 1703 1 9 1
459 1 3 1707 21 179 31
460 0 10 1711 12 38 18
461 1 3 1715 10 81 15
462 0 2 1719 1 11 1
463 1 10 1723 2 7 3
464 0 3 1727 428 4267 642
465 0 8 1731 1 3 1
466 0 5 1735 2 17 3
467 1 2 1739 692 7056 1038
468 1 2 1743 16 134 24
469 1 3 1747 3 25 4
470 0 3 1751 1 9 1
471 0 1 1755 3 25 4
472 1 1 1758 213 2053 319
473 0 42 1761 170 692 255
474 0 3 1766 1 9 1
475 0 2 1770 2572 27826 3858
476 0 3 1774 1686 17904 2529
477 0 10 1778 1 5 1
478 0 7 1782 1572 7561 2358
479 1 2 1786 1 13 1
480 1 13 1790 32 112 48
481 1 3 1794 9 73 13
482 1 17 1798 1 3 1
483 0 4 1803 2 17 3
484 1 1 1807 1473 15548 2209
485 1 1 1810 5 41 7
486 1 5 1813 1 9 1
487 1 17 1817 1 3 1
488 1 3 1822 352 3476 528
489 0 4 1826 42 372 63
490 1 2 1830 77 705 115
491 0 4 1834 3 25 4
492 1 6 1838 1 11 1
493 0 3 1842 24 206 36
494 1 1 1846 3 25 4
495 1 2 1849 1 9 1
496 1 1 1852 3 25 4
497 0 1 1854 1 10 1
498 1 1 1857 1368 14391 2052
499 1 2 1860 1 9 1
500 1 4 1864 12 99 18
501 0 4 1868 3 25 4
502 1 9 1872 3 9 4
503 0 2 1876 13 108 19
504 0 2 1880 1 9 1
505 1 5 1884 1 9 1
506 0 1 1888 1 9 1
507 0 9 1891 1 4 1
508 0 13 1895 1 3 1
509 0 1 1899 484 4853 726
510 1 2 1902 1 9 1
511 1 8 1906 6006 31556 9009
512 0 5 1910 3 25 4
513 1 3 1914 1175 12276 1762
514 0 4 1918 1 10 1
515 0 4 1922 3 25 4
516 0 2 1926 8 64 12
517 1 3 1929 1 12 1
518 0 1 1933 26 224 39
519 1 4 1936 1 9 1
520 1 5 1940 11 90 16
521 0 4 1944 24 206 36
522 0 5 1948 21 179 31
523 0 2 1952 2 17 3
524 1 4 1956 1 11 1
525 0 3 1960 4 32 6
526 0 1 1964 2 17 3
527 1 8 1967 15 48 22
528 1 3 1971 1 9 1
529 1 8 1975 224 932 336
530 1 2 1979 1 9 1
531 0 4 1983 1 14 1
532 1 3 1987 1230 12878 1845
533 0 2 1991 4 33 6
534 0 2 1994 447 4465 670
535 1 5 1997 2 17 3
536 1 1 2001 4 33 6
537 0 6 2004 2 17 3
538 1 3 2008 355714 4677972 533571
539 1 8 2012 134 535 201
540 1 2 2016 1 9 1
541 1 5 2019 101 937 151
542 1 19 2023 1 6 1
543 0 8 2028 11 34 16
544 0 27 2032 3 10 4
545 1 7 2037 22 74 33
546 0 1 2041 45 400 67
547 0 2 2044 4 33 6
548 1 5 2048 130 1222 195
549 0 1 2052 84 772 126
550 0 20 2055 1 4 1
551 1 5 2060 1 9 1
552 1 4 2064 22 188 33
553 0 1 2068 1 9 1
554 1 1 2071 58 523 87
555 0 6 2074 14 116 21
556 0 8 2078 26196 150415 39294
557 1 3 2082 902 9311 1353
558 1 3 2086 5 40 7
559 0 2 2090 1 9 1
560 0 1 2094 337971 4436455 506956
561 0 3 2097 47 419 70
562 0 21 2101 51 187 76
563 1 3 2106 33950 408748 50925
564 0 2 2110 1631 17294 2446
565 1 24 2114 20 67 30
566 1 4 2119 2 17 3
567 0 1 2123 3 25 4
568 1 2 2126 1 9 1
569 0 3 2130 1 10 1
570 1 5 2134 1 9 1
571 1 71 2138 1 5 1
572 0 2 2143 1 10 1
573 0 1 2146 1 9 1
574 0 3 2149 4 33 6
575 0 28 2153 1 5 1
576 1 14 2158 3 10 4
577 0 2 2162 18 152 27
578 0 1 2166 1 9 1
579 1 16 2169 1 3 1
580 1 3 2173 345 3404 517
581 1 7 2177 1 4 1
582 1 14 2181 552 2464 828
583 1 1 2185 1 9 1
584 0 2 2188 1 9 1
585 1 8 2192 71 268 106
586 1 11 2196 1 5 1
587 0 2 2200 1 9 1
588 1 1 2204 41 363 61
589 0 1 2207 8 64 12
590 0 5 2210 11085 127591 16627
591 1 3 2214 1097 11426 1645
592 0 1 2218 185 1770 277
593 0 4 2221 95 879 142
594 1 4 2225 1 10 1
595 1 1 2229 79 724 118
596 1 7 2232 58 215 87
597 1 1 2236 306 3002 459
598 1 1 2238 15 125 22
599 0 9 2241 22 74 33
600 0 11 2245 1 4 1
601 0 4 2249 179 1710 268
602 0 1 2253 25969 309367 38953
603 0 2 2256 1 9 1
604 0 4 2259 2570 27804 3855
605 1 2 2263 177 1690 265
606 0 2 2266 2 17 3
607 0 4 2270 1 8 1
608 1 3 2274 55802 684956 83703
609 0 3 2278 1 9 1
610 0 1 2282 1 9 1
611 0 13 2285 1 3 1
612 0 1 2289 1 11 1
613 0 2 2292 5 40 7
614 0 12 2296 303 1292 454
615 1 8 2300 1 5 1
616 1 7 2304 7 21 10
617 0 6 2308 30 104 45
618 0 1 2312 2 17 3
619 1 3 2315 1 10 1
620 0 7 2319 473 2087 709
621 0 6 2323 1 12 1
622 0 1 2327 1 9 1
623 1 6 2330 9 27 13
624 1 1 2334 1 11 1
625 0 2 2337 93 860 139
626 1 1 2341 1 10 1
627 1 4 2344 1 9 1
628 1 5 2348 3 25 4
629 1 3 2352 5408 60411 8112
630 0 4 2356 1 9 1
631 0 10 2360 1 3 1
632 1 3 2364 7 56 10
633 0 7 2368 1 6 1
634 0 1 2372 168 1600 252
635 1 4 2375 1 9 1
636 1 2 2379 378 3746 567
637 0 12 2382 1 4 1
638 0 10 2386 115 453 172
639 0 1 2390 26 224 39
640 0 5 2393 1 9 1
641 0 7 2397 32 112 48
642 0 4 2401 179 1710 268
643 1 6 2405 562 5675 843
644 1 43 2409 1 4 1
645 1 3 2414 139 1311 208
646 0 4 2418 908 9376 1362
647 1 1 2422 154 1460 231
648 0 3 2425 27 233 40
649 0 2 2429 7 56 10
650 1 3 2432 1 12 1
651 1 1 2436 333 3280 499
652 1 7 2439 47 171 70
653 0 3 2443 4 33 6
654 1 1 2447 3551 38960 5326
655 1 23 2450 43 155 64
656 1 3 2455 1932 20640 2898
657 1 4 2459 294 2879 441
658 0 1 2463 8 64 12
659 0 1 2465 75 686 112
660 0 23 2468 235 982 352
661 0 2 2473 42 372 63
662 1 2 2476 1 12 1
663 1 9 2480 1 3 1
664 0 2 2484 77 705 115
665 0 1 2488 20 170 30
666 1 1 2491 23 197 34
667 0 8 2494 83 318 124
668 0 5 2498 2 17 3
669 1 3 2502 376 3726 564
670 0 13 2506 1 3 1
671 0 2 2510 1 8 1
672 1 5 2513 10 81 15
673 1 1 2517 39 344 58
674 1 3 2520 9 72 13
675 1 3 2524 7 56 10
676 1 1 2528 1 10 1
677 0 7 2531 1 4 1
678 0 1 2535 2 17 3
679 1 3 2538 26 224 39
680 1 1 2542 1 10 1
681 0 4 2545 3 25 4
682 0 6 2549 1 11 1
683 1 10 2553 11 34 16
684 0 1 2557 1654 17549 2481
685 1 1 2560 70037 867214 105055
686 0 2 2563 7 56 10
687 1 3 2567 6 48 9
688 0 6 2571 59 532 88
689 1 2 2575 2 17 3
690 0 4 2578 1 9 1
691 1 3 2582 1766 18792 2649
692 0 7 2586 87 334 130
693 1 1 2590 1 9 1
694 0 1 2593 1 9 1
695 1 4 2596 2 17 3
696 0 1 2600 1 10 1
697 0 2 2603 92 850 138
698 1 6 2606 14 116 21
699 1 4 2610 2 17 3
700 1 2 2614 916 9463 1374
701 1 10 2617 1 4 1
702 0 1 2621 4 33 6
703 0 2 2624 104 967 156
704 0 2 2628 10 81 15
705 0 2 2632 40 353 60
706 0 4 2636 1951 20853 2926
707 0 53 2640 6 18 9
708 1 8 2645 3 9 4
709 0 18 2649 105 411 157
710 1 1 2654 1 10 1
711 0 8 2656 287 1218 430
712 1 3 2660 14 116 21
713 1 15 2664 1 4 1
714 0 2 2668 1 9 1
715 1 3 2672 2 17 3
716 1 3 2676 1 12 1
717 0 2 2680 1 9 1
718 0 9 2684 114 449 171
719 0 9 2688 1 4 1
720 0 28 2692 1 4 1
721 0 1 2697 4 33 6
722 0 1 2700 2932 31903 4398
723 0 2 2703 111 1035 166
724 1 10 2707 108 423 162
725 0 5 2711 173 1650 259
726 1 4 2715 12 98 18
727 1 6 2719 4 33 6
728 0 3 2723 22 188 33
729 0 5 2727 172 1640 258
730 0 5 2731 10 81 15
731 0 4 2735 4 33 6
732 1 3 2739 38 335 57
733 0 6 2743 2 17 3
734 1 8 2747 90 347 135
735 1 1 2751 2 17 3
736 1 7 2754 32726 190322 49089
737 1 6 2758 1 14 1
738 1 2 2762 1 12 1
739 0 5 2765 59 532 88
740 0 2 2769 1 10 1
741 0 5 2772 155 1470 232
742 0 1 2776 1 9 1
743 0 1 2779 996 10328 1494
744 0 7 2782 1 5 1
745 0 2 2786 859 8847 1288
746 0 4 2789 314889 4122927 472333
747 1 4 2793 1 10 1
748 1 1 2797 115964 1463553 173946
749 1 3 2800 1 10 1
750 1 2 2804 1 9 1
751 0 2 2808 1 10 1
752 1 1 2812 2 17 3
753 0 2 2815 1 10 1
754 0 6 2818 32 279 48
755 1 2 2822 82 753 123
756 1 2 2826 52690 645326 79035
757 0 1 2830 3910 43077 5865
758 0 1 2833 1 11 1
759 1 1 2836 1 10 1
760 1 6 2839 292 2858 438
761 1 2 2843 1 10 1
762 1 2 2846 4 33 6
763 1 3 2850 5 40 7
764 1 1 2854 14 116 21
765 0 6 2857 1 10 1
766 1 2 2861 24 206 36
767 0 2 2864 1 9 1
768 0 11 2868 429 1879 643
769 1 8 2872 50321 299817 75481
770 0 6 2876 9 73 13
771 1 8 2880 47 171 70
772 0 2 2884 64 580 96
773 1 3 2888 8 64 12
774 1 17 2892 4533 23395 6799
775 1 2 2897 4 33 6
776 0 1 2900 1 9 1
777 0 8 2901 2 7 3
778 1 6 2905 2 17 3
779 0 5 2909 169 1610 253
780 0 5 2913 1 9 1
781 0 3 2917 12 99 18
782 0 1 2921 32 279 48
783 0 25 2924 1 5 1
784 1 2 2929 3 25 4
785 0 4 2933 1 9 1
786 1 3 2937 804 8256 1206
787 0 1 2941 1 9 1
788 0 3 2943 1 9 1
789 1 8 2947 162 657 243
790 1 2 2951 11178 128705 16767
791 0 4 2955 1 9 1
792 1 13 2959 3 10 4
793 0 3 2963 471 4717 706
794 0 5 2967 241 2337 361
795 1 2 2971 4 33 6
796 0 5 2975 17 143 25
797 1 4 2979 1 12 1
798 1 3 2983 1629 17272 2443
799 1 2 2987 18 152 27
800 0 7 2990 22 74 33
801 0 5 2994 58 523 87
802 0 3 2998 17110 200453 25665
803 0 3 3002 1326 13930 1989
804 0 2 3006 1 10 1
805 0 6 3009 1 9 1
806 0 1 3013 7283 82381 10924
807 1 11 3016 2 6 3
808 1 2 3020 1 9 1
809 1 5 3023 26 224 39
810 0 1 3027 2 17 3
811 0 2 3030 1 11 1
812 1 9 3034 1 4 1
813 0 2 3038 1 13 1
814 1 2 3042 13593 157770 20389
815 0 2 3045 1 9 1
816 1 6 3048 4 33 6
817 1 2 3052 1 10 1
818 0 11 3055 27 93 40
819 1 7 3059 57 211 85
820 0 2 3063 5521 61727 8281
821 0 2 3066 10762 123722 16143
822 1 1 3070 1 9 1
823 0 3 3072 82 753 123
824 1 16 3076 1022 4770 1533
825 0 9 3080 2 6 3
826 0 16 3084 10 31 15
827 0 1 3088 11 90 16
828 1 4 3091 185 1770 277
829 0 3 3095 12870 149045 19305
830 0 1 3099 2 17 3
831 1 4 3102 46 409 69
832 0 2 3106 2 17 3
833 0 2 3109 8 64 12
834 0 2 3113 3154 34427 4731
835 0 2 3116 10 81 15
836 1 3 3120 1 9 1
837 1 1 3124 1 8 1
838 0 1 3127 537 5411 805
839 0 2 3130 2 17 3
840 1 4 3134 8 64 12
841 1 3 3138 18 152 27
842 0 1 3142 1 11 1
843 1 2 3145 1 9 1
844 1 2 3149 1 9 1
845 0 1 3152 1 11 1
846 1 4 3155 1 9 1
847 1 1 3159 5 41 7
848 0 7 3162 102254 633245 153381
849 1 6 3166 41 363 61
850 0 2 3170 30284 362973 45426
851 0 1 3174 3388 37096 5082
852 0 1 3177 3 25 4
853 1 5 3180 25 215 37
854 0 5 3184 3 25 4
855 1 4 3188 1 13 1
856 0 14 3192 4142 21253 6213
857 0 21 3196 7 21 10
858 0 7 3201 20 67 30
859 0 1 3205 6 48 9
860 0 8 3208 14 45 21
861 1 3 3212 4777 53082 7165
862 1 6 3216 1 9 1
863 0 3 3220 9 73 13
864 1 2 3224 1 10 1
865 0 2 3228 4 33 6
866 1 4 3232 179 1710 268
867 1 24 3236 15 48 22
868 0 1 3241 1 9 1
869 1 5 3244 2 17 3
870 0 4 3248 9082 103679 13623
871 1 1 3252 7 56 10
872 1 1 3255 1 9 1
873 1 6 3258 1 9 1
874 0 20 3262 1 3 1
875 1 8 3267 136 544 204
876 0 9 3271 2 6 3
877 0 5 3275 21 179 31
878 1 5 3279 1 11 1
879 1 2 3283 1 10 1
880 0 2 3287 650 6609 975
881 0 12 3290 8557 45963 12835
882 0 2 3294 3 25 4
883 1 4 3298 1 9 1
884 1 2 3302 1 10 1
885 0 17 3305 225 937 337
886 1 2 3310 2982 32471 4473
887 0 16 3313 614 2762 921
888 1 4 3318 1050 10915 1575
889 1 1 3322 5 41 7
890 1 2 3325 139 1311 208
891 0 1 3329 29 251 43
892 1 1 3332 6 48 9
893 1 3 3335 6 48 9
894 0 4 3339 16 134 24
895 1 1 3343 1 9 1
896 0 1 3346 2 17 3
897 0 5 3348 1597 16917 2395
898 0 5 3352 1 8 1
899 0 2 3356 365 3611 547
900 0 11 3360 140 561 210
901 0 1 3364 1 10 1
902 1 2 3367 1 9 1
903 1 1 3371 237 2296 355
904 1 2 3373 4 33 6
905 0 9 3377 1 3 1
906 1 1 3381 24 206 36
907 0 1 3384 1 10 1
908 1 17 3387 10 31 15
909 1 7 3392 21 70 31
910 0 8 3396 1 5 1
911 0 4 3400 7 56 10
912 1 4 3404 1 11 1
913 0 3 3408 18 152 27
914 0 9 3412 383 1663 574
915 1 1 3416 230 2225 345
916 1 2 3419 7 56 10
917 0 6 3422 1 11 1
918 0 8 3426 1 4 1
919 1 3 3430 450 4497 675
920 0 2 3434 99 918 148
921 1 2 3437 2 17 3
922 0 2 3441 1 9 1
923 0 1 3444 5 40 7
924 1 1 3447 1 11 1
925 1 8 3450 22 74 33
926 0 2 3454 1 9 1
927 0 1 3458 4272 47245 6408
928 0 2 3461 1 8 1
929 1 14 3464 3 9 4
930 0 1 3468 1565 16563 2347
931 0 6 3471 47 171 70
932 0 21 3475 5 15 7
933 1 1 3480 1844 19660 2766
934 1 1 3483 1 9 1
935 0 5 3486 4 33 6
936 1 2 3490 6 48 9
937 1 1 3493 1 9 1
938 0 3 3496 1 11 1
939 1 3 3500 2 17 3
940 0 4 3504 1 9 1
941 1 3 3508 1 10 1
942 1 6 3512 1 9 1
943 1 2 3516 1 9 1
944 1 4 3520 105 976 157
945 0 2 3524 2 17 3
946 0 4 3527 12 98 18
947 0 2 3531 2 17 3
948 0 2 3535 1 9 1
949 1 3 3539 1 9 1
950 1 2 3543 2 17 3
951 0 3 3547 1 8 1
952 0 4 3551 5 40 7
953 0 6 3555 823 8460 1234
954 0 3 3559 787 8073 1180
955 0 6 3563 1 10 1
956 0 2 3567 258 2510 387
957 0 1 3570 1 9 1
958 1 2 3573 9 72 13
959 0 2 3577 5 41 7
960 0 4 3581 22902 271468 34353
961 1 4 3585 22383 265073 33574
962 0 2 3589 1 9 1
963 1 5 3593 2554 27623 3831
964 0 1 3597 22 188 33
965 1 13 3600 1 3 1
966 0 13 3604 3593 18267 5389
967 1 5 3608 4567 50651 6850
