0 1 1 5 60 542 90
1 0 1 14 143 1351 214
2 1 2 22 1 9 1
3 1 1 34 1 11 1
4 1 2 45 3 25 4
5 1 20 58 611 2747 916
6 1 4 79 3 10 4
7 0 5 94 1649 7958 2473
8 1 3 111 1 4 1
9 0 1 126 1 13 1
10 0 3 136 1653 7978 2479
11 1 1 151 22 188 33
12 0 3 162 6 18 9
13 0 3 177 1 6 1
14 0 20 192 19 63 28
15 1 1 213 1 9 1
16 0 1 224 2123 22776 3184
17 0 2 235 1 10 1
18 1 3 249 16 52 24
19 0 4 263 1 4 1
20 0 6 279 16 52 24
21 0 1 296 1 9 1
22 1 2 304 1 10 1
23 0 9 317 20 67 30
24 0 2 336 1 9 1
25 0 4 349 22 74 33
26 0 21 365 57 211 85
27 0 1 386 1 9 1
28 0 3 394 267 2602 400
29 1 6 408 13 41 19
30 1 1 426 4 33 6
31 1 1 433 1760 18725 2640
32 1 14 443 17 56 25
33 1 5 463 1 4 1
34 1 1 480 1 12 1
35 0 1 491 1 9 1
36 0 2 498 99 918 148
37 0 10 511 1303 6186 1954
38 0 8 530 1 4 1
39 1 2 549 1 11 1
40 0 10 562 1 3 1
41 1 2 581 1 11 1
42 1 2 593 1371 14424 2056
43 0 7 606 1 6 1
44 1 1 624 193 1851 289
45 0 2 633 45 400 67
46 0 3 647 1 4 1
47 0 1 662 1 9 1
48 1 2 673 2 17 3
49 0 11 686 6 18 9
50 0 11 705 9 27 13
51 1 1 724 2 17 3
52 0 4 733 64 239 96
53 0 3 749 1 4 1
54 1 2 764 6 48 9
55 1 1 776 1 8 1
56 1 2 784 657 6684 985
57 1 1 797 9 72 13
58 0 3 808 1 3 1
59 1 4 823 2 7 3
60 1 57 839 2 7 3
61 1 3 863 1 4 1
62 1 3 878 13 41 19
63 1 5 893 1 4 1
64 0 1 910 18 152 27
65 0 2 918 2220 23863 3330
66 0 3 930 3082 33608 4623
67 1 3 944 57652 346092 86478
68 1 1 959 1 12 1
69 1 6 967 1 4 1
70 1 1 985 4 33 6
71 1 2 995 37 325 55
72 1 24 1007 2 7 3
73 1 11 1029 259 1091 388
74 0 22 1048 3337 16884 5005
75 0 1 1069 10 81 15
76 0 7 1076 8 24 12
77 0 4 1094 1 3 1
78 1 21 1110 1688 8159 2532
79 0 3 1131 2019 9879 3028
80 0 9 1146 10 31 15
81 0 17 1165 22 74 33
82 1 2 1186 1 9 1
83 0 25 1200 3 10 4
84 1 2 1222 16 134 24
85 1 7 1234 1 5 1
86 0 3 1252 1 3 1
87 1 20 1267 7 21 10
88 1 9 1288 6 18 9
89 0 16 1307 13 41 19
90 1 1 1328 1 9 1
91 0 3 1338 1 9 1
92 0 8 1352 1 6 1
93 1 5 1370 115372 719094 173058
94 1 4 1387 1 4 1
95 0 8 1403 1 3 1
96 1 3 1421 13 107 19
97 1 7 1435 1 4 1
98 0 2 1453 2 17 3
99 1 1 1467 1 9 1
100 0 1 1478 1 10 1
101 1 2 1484 8 64 12
102 1 2 1496 1 9 1
103 0 2 1510 58770 722828 88155
104 0 1 1524 66 599 99
105 1 12 1533 21 70 31
106 0 4 1553 1 4 1
107 1 3 1568 34 120 51
108 1 8 1583 1 4 1
109 0 1 1601 681336 9169666 1022004
110 1 4 1608 1 3 1
111 0 1 1624 47 419 70
112 1 4 1632 2 6 3
113 0 1 1648 7 56 10
114 1 1 1658 2085 22350 3127
115 0 3 1669 43 381 64
116 0 3 1683 2 17 3
117 1 20 1697 152 613 228
118 0 2 1718 139 1311 208
119 1 2 1731 307 3012 460
120 0 2 1744 32 279 48
121 0 1 1757 3 25 4
122 0 1 1764 15 125 22
123 1 1 1772 90 830 135
124 0 4 1783 365 1579 547
125 0 1 1799 2 17 3
126 0 8 1804 1 5 1
127 1 4 1823 4766 24676 7149
128 1 8 1838 1 4 1
129 1 1 1856 23 197 34
130 1 3 1865 4 33 6
131 0 5 1879 1 3 1
132 1 21 1896 39 139 58
133 0 3 1917 26 224 39
134 0 2 1931 1 9 1
135 0 55 1944 1 3 1
136 1 4 1968 1 4 1
137 0 1 1984 1 10 1
138 0 1 1991 7 56 10
139 1 18 2002 6 18 9
140 1 6 2023 1 5 1
141 1 6 2041 1 4 1
142 1 3 2058 1 4 1
143 1 3 2073 291 2848 436
144 0 1 2087 4 33 6
145 1 1 2097 47 419 70
146 0 6 2105 11 34 16
147 0 4 2122 1085 5085 1627
148 0 18 2137 1 4 1
149 0 1 2158 1 12 1
150 1 1 2165 1 9 1
151 0 1 2172 6 48 9
152 0 2 2182 4 33 6
153 1 11 2196 1 5 1
154 0 11 2216 286 1214 429
155 1 1 2235 412 4100 618
156 0 4 2243 215 892 322
157 0 8 2259 1242 5877 1863
158 0 8 2277 31 108 46
159 1 3 2295 1 10 1
160 0 3 2309 432 1893 648
161 0 2 2324 3 25 4
162 0 1 2337 2169 23291 3253
163 1 2 2346 11 90 16
164 1 1 2358 5 40 7
165 1 51 2369 1 4 1
166 0 8 2393 547 2439 820
167 1 2 2412 138227 1756012 207340
168 1 17 2425 136 543 204
169 1 5 2446 12 38 18
170 0 3 2463 777 3556 1165
171 1 2 2478 1 9 1
172 0 7 2492 5751 30134 8626
173 0 1 2510 1 9 1
174 0 29 2521 1274 6039 1911
175 0 3 2543 12264 141748 18396
176 0 22 2557 17987 101041 26980
177 1 1 2579 64 580 96
178 0 2 2590 1 10 1
179 0 1 2602 1 10 1
180 1 1 2609 14 116 21
181 1 2 2620 1 10 1
182 1 4 2634 4 12 6
183 1 1 2650 828 8513 1242
184 0 2 2660 4 33 6
185 0 1 2672 2 17 3
186 0 1 2683 8 64 12
187 1 6 2693 9044 48745 13566
188 0 1 2710 1 9 1
189 1 18 2721 1 4 1
190 0 1 2742 2 17 3
191 1 1 2749 1 10 1
192 1 1 2761 880 9074 1320
193 0 1 2772 1 11 1
194 0 2 2781 1696 18015 2544
195 0 1 2794 1 12 1
196 1 1 2802 4 33 6
197 1 4 2812 15 49 22
198 1 4 2828 1 3 1
199 0 2 2843 13274 153918 19911
200 1 10 2856 138295 870268 207442
201 1 7 2875 1211 5720 1816
202 1 8 2893 15473 86147 23209
203 1 2 2911 1 9 1
204 1 4 2924 1 3 1
205 1 14 2940 1 5 1
206 1 1 2960 5 41 7
207 0 1 2970 3500 38377 5250
208 1 6 2981 18 59 27
209 0 6 2998 16 52 24
210 0 5 3016 1 4 1
211 1 4 3033 178 727 267
212 0 4 3049 12 38 18
213 0 20 3065 1 4 1
214 0 4 3086 1 4 1
215 0 3 3102 233 973 349
216 0 5 3117 144 578 216
217 1 2 3134 1 9 1
218 1 4 3146 193 794 289
219 1 1 3162 3133680 44436020 4700520
220 0 1 3170 92 850 138
221 1 1 3178 4 33 6
222 1 3 3190 1 10 1
223 1 1 3204 7 56 10
224 0 3 3214 2 7 3
225 0 4 3229 913 4227 1369
226 1 13 3245 1132 5322 1698
227 1 3 3265 1 4 1
228 1 3 3280 3967 20298 5950
229 1 5 3295 9 27 13
230 1 2 3312 716 7313 1074
231 1 2 3324 7 56 10
232 1 2 3336 27 233 40
233 1 2 3349 1 9 1
234 0 2 3361 337 3321 505
235 0 6 3375 1 5 1
236 1 1 3393 3128 34132 4692
237 0 4 3403 3 9 4
238 1 1 3418 99 918 148
239 0 3 3429 1 10 1
240 1 3 3443 371 1607 556
241 1 10 3458 5 15 7
242 1 5 3477 13 41 19
243 1 12 3494 8 24 12
244 1 9 3514 2 7 3
245 0 16 3533 4 12 6
246 1 3 3554 184 1761 276
247 1 2 3568 2 17 3
248 0 1 3582 1 9 1
249 1 2 3590 1 10 1
250 1 1 3604 19 161 28
251 0 4 3615 13 41 19
