0 1 1 5 14 116 21
1 0 3 6 7 21 10
2 0 6 10 1 3 1
3 1 7 14 1 3 1
4 0 3 18 6 18 9
5 0 24 22 2 6 3
6 0 4 27 1 3 1
7 1 5 31 1 4 1
8 0 3 35 1 3 1
9 1 2 39 38331 463694 57496
10 0 10 42 1 3 1
11 1 2 47 21 179 31
12 0 8 50 2 7 3
13 0 6 55 2 6 3
14 0 3 59 1 7 1
15 0 3 63 1 4 1
16 0 1 67 167 1590 250
17 0 5 70 1 3 1
18 1 7 74 1 4 1
19 1 5 78 1 3 1
20 0 2 82 211 2032 316
21 1 5 85 1 4 1
22 1 1 89 789 8095 1183
23 0 3 92 3 9 4
24 0 3 96 3 10 4
25 1 6 100 1 4 1
26 0 1 104 48 428 72
27 1 8 105 2 7 3
28 0 1 110 502 5042 753
29 1 7 113 21823 123986 32734
30 0 2 117 1 9 1
31 1 2 120 847 8718 1270
32 1 2 123 11 90 16
33 1 35 126 164 666 246
34 0 4 132 1 3 1
35 0 2 136 1 10 1
36 0 2 139 8 64 12
37 0 1 142 15 125 22
38 0 4 144 4 12 6
39 1 6 148 1 4 1
40 1 2 152 1 9 1
41 1 1 155 1 9 1
42 0 23 157 1821 8848 2731
43 1 4 162 1236 5847 1854
44 1 3 166 626 2820 939
45 1 8 170 5170 26907 7755
46 0 10 175 2 6 3
47 0 10 180 1 4 1
48 0 2 185 4 33 6
49 1 47 188 2048 10030 3072
50 0 6 194 1249 5912 1873
51 1 6 198 23 78 34
52 1 2 202 1 10 1
53 1 2 205 1 8 1
54 0 2 208 1 12 1
55 0 2 211 403 4006 604
56 1 3 214 1 3 1
57 0 6 218 2 6 3
58 0 3 222 1142 5372 1713
59 1 1 226 1 9 1
60 1 1 229 68 618 102
61 0 2 232 713 7280 1069
62 1 36 235 1 4 1
63 1 4 241 23 78 34
64 1 6 245 1 5 1
65 0 3 249 4 12 6
66 0 4 253 77 293 115
67 1 2 257 95 879 142
68 0 9 260 48 175 72
69 1 5 265 1 5 1
70 1 2 269 1 10 1
71 1 4 272 1 3 1
72 1 16 276 14 45 21
73 0 1 281 602 6099 903
74 1 2 283 1 11 1
75 1 1 286 2 17 3
76 0 7 289 409 1784 613
77 0 2 293 3097 33779 4645
78 0 6 296 1 3 1
79 0 3 300 457 2011 685
80 1 1 304 9320 106510 13980
81 0 1 307 970 10047 1455
82 1 2 310 1 10 1
83 0 5 313 1 3 1
84 0 1 317 1 9 1
85 1 6 319 1 4 1
86 0 1 323 1 9 1
87 0 9 325 239 1000 358
88 0 1 330 1 9 1
89 1 45 331 1 4 1
90 0 5 337 1 4 1
91 0 4 341 900 4162 1350
92 0 2 345 63 570 94
93 1 1 348 5575 62356 8362
94 0 5 350 757 3458 1135
95 1 3 354 3 9 4
96 1 11 358 1388 6619 2082
97 0 1 363 1 9 1
98 0 2 365 423 4215 634
99 1 2 368 99 918 148
100 0 4 371 19 63 28
101 0 1 375 1 10 1
102 0 2 378 2286 24605 3429
103 1 2 381 1 9 1
104 1 6 384 22 74 33
105 1 4 388 9 27 13
106 1 4 392 1 3 1
107 0 6 396 650 2936 975
108 1 5 400 6 18 9
109 0 1 404 89 821 133
110 1 5 407 6 18 9
111 0 5 411 655 2960 982
112 0 24 415 52 191 78
113 0 4 420 4 12 6
114 0 4 424 9 27 13
115 0 2 428 562 5675 843
116 0 2 431 1530 16177 2295
117 1 2 434 1 10 1
118 1 1 437 186 1781 279
119 0 3 440 4 12 6
120 1 1 444 1 9 1
121 0 6 446 121 479 181
122 1 4 450 1 4 1
123 1 54 454 1 3 1
124 0 1 460 2303 24796 3454
125 0 10 462 20 67 30
126 0 2 467 1 8 1
127 1 4 470 4084 20936 6126
128 0 1 474 5 41 7
129 1 2 477 2026 21690 3039
130 0 2 480 4 33 6
131 1 6 483 2 7 3
132 0 2 487 1 11 1
133 1 4 490 1235 5842 1852
134 1 1 494 1 10 1
135 1 2 496 1 9 1
136 0 4 499 14 45 21
137 0 1 503 1 9 1
138 0 3 506 2 7 3
139 1 1 510 4 33 6
140 1 1 512 25 215 37
141 1 6 513 1 4 1
142 0 3 517 1 5 1
143 0 1 521 8327 94718 12490
144 0 1 523 1 11 1
145 0 4 525 1 3 1
146 1 3 529 1 10 1
147 0 1 533 1 9 1
148 1 2 535 20 170 30
149 1 4 538 25 85 37
150 1 1 542 79 724 118
151 1 3 544 6 18 9
152 0 6 548 5 15 7
153 1 2 552 14 116 21
154 1 6 555 1 3 1
155 1 4 559 10 31 15
156 0 1 563 3636 39933 5454
157 1 1 565 1 12 1
158 0 1 567 2 17 3
159 0 2 570 1 8 1
160 1 3 573 7 21 10
161 1 2 577 4 33 6
162 1 3 580 23 78 34
163 1 1 584 70 637 105
164 1 5 587 2 6 3
165 0 12 591 40 143 60
166 0 4 596 1 4 1
167 1 2 600 49 438 73
168 1 6 603 218 905 327
169 1 4 607 1 4 1
170 0 2 611 14 116 21
171 0 13 614 1 3 1
172 1 13 619 9 27 13
173 0 4 624 466 2054 699
174 0 2 628 151 1430 226
175 0 7 631 1 3 1
176 1 3 636 6 18 9
177 0 2 640 1 8 1
178 0 5 643 1 4 1
179 1 3 647 1 4 1
180 0 6 651 90 347 135
181 1 4 655 11 34 16
182 0 1 659 6416 72189 9624
183 0 1 662 106997 1346310 160495
184 1 1 664 581 5876 871
185 0 3 666 1 3 1
186 1 6 670 1 5 1
187 0 1 674 62 561 93
188 0 17 676 16077 89714 24115
189 0 2 681 1705 18115 2557
190 0 3 684 38 335 57
191 1 3 687 1 4 1
192 0 6 691 1 4 1
193 0 8 695 11 34 16
194 1 3 700 17 56 25
195 0 46 704 196 807 294
196 1 2 710 1 8 1
197 0 1 713 165 1570 247
198 1 6 715 5561 29077 8341
199 0 1 719 1 9 1
200 0 6 721 2 7 3
201 0 2 725 578 5845 867
202 1 2 728 4 33 6
203 0 5 731 155761 986313 233641
204 1 2 735 1 9 1
205 0 13 738 299 1273 448
206 1 3 743 1 8 1
207 1 1 747 1 10 1
208 0 1 749 32 279 48
209 1 5 752 233 973 349
210 0 3 756 1 3 1
211 0 18 760 21096 119619 31644
212 0 4 765 4 12 6
213 0 4 769 1 3 1
214 0 1 773 4473 49565 6709
215 1 2 775 7 56 10
216 0 3 778 1205 12604 1807
217 1 2 782 2 17 3
218 1 1 785 2 17 3
219 1 4 788 11 34 16
220 0 4 792 22 74 33
221 1 2 796 1 9 1
222 0 1 799 46 409 69
223 0 1 801 6 48 9
224 0 2 803 1 9 1
225 0 2 806 39 344 58
226 0 2 809 28 242 42
227 1 8 812 2336 11543 3504
228 0 11 817 13 41 19
229 0 2 822 5 40 7
230 1 95 825 3 9 4
231 0 2 831 336 3311 504
232 1 2 834 8 64 12
233 0 1 837 1757 18692 2635
234 1 5 839 18 59 27
235 0 1 843 1501 15857 2251
236 1 1 846 83 762 124
237 0 2 847 246 2388 369
238 0 1 850 3 25 4
239 1 13 852 231 964 346
240 1 2 857 1 10 1
241 0 4 860 1 5 1
242 0 4 864 1 3 1
243 1 1 868 25 215 37
244 0 10 871 12 38 18
245 1 1 876 1 11 1
246 0 3 879 1 4 1
247 0 2 883 385 3819 577
248 1 5 886 1 4 1
249 0 2 890 1 10 1
250 0 4 893 105 410 157
251 1 6 897 6496 34300 9744
252 1 1 901 1 9 1
253 1 8 903 62 231 93
254 0 2 908 1 10 1
255 1 1 911 34 297 51
256 1 3 913 158 639 237
257 0 2 917 16 134 24
258 1 4 920 6 18 9
259 0 15 924 214 887 321
260 1 1 929 1 10 1
261 1 3 932 35615 208121 53422
262 0 1 936 1 10 1
263 0 4 939 4955 25719 7432
264 1 17 943 1707642 12167090 2561463
265 0 2 948 18 152 27
266 0 2 951 3656 40163 5484
267 1 10 954 2 7 3
268 1 1 959 1971 21076 2956
269 1 3 961 11 34 16
270 1 8 965 1 3 1
271 1 2 970 1 9 1
272 0 2 973 28 242 42
273 0 1 976 1 10 1
274 1 1 979 4 33 6
275 0 5 981 1 5 1
276 0 3 985 7 21 10
277 1 1 989 12788 148057 19182
278 1 3 991 5357 59817 8035
279 1 1 995 2 17 3
280 1 2 998 64 580 96
281 0 1 1001 2 17 3
282 0 2 1004 1 11 1
283 0 1 1007 1 10 1
284 0 10 1010 22 74 33
285 0 1 1015 3 25 4
286 1 4 1018 7 21 10
287 0 1 1022 20 170 30
288 1 3 1024 2 7 3
289 1 4 1028 1 4 1
290 0 10 1032 194 798 291
291 1 2 1037 2 17 3
292 1 3 1040 4 33 6
293 1 5 1044 271 1145 406
294 1 5 1048 4 12 6
295 0 2 1052 2 17 3
296 1 4 1055 1275 6044 1912
297 0 4 1059 1574861 11178804 2362291
298 0 2 1063 96 889 144
299 0 2 1066 1 9 1
300 1 7 1069 1 4 1
301 1 2 1074 5 41 7
302 0 8 1077 1 3 1
303 1 2 1082 1810 19281 2715
304 0 1 1085 1 10 1
305 0 1 1087 5 41 7
306 1 1 1089 4 33 6
307 0 2 1091 24 206 36
308 0 3 1094 46001 272711 69001
309 0 1 1098 1 9 1
310 0 3 1100 1 4 1
311 0 2 1104 14 116 21
312 1 4 1107 2 7 3
313 1 2 1111 12 99 18
314 1 2 1114 1 9 1
315 0 3 1117 344 3394 516
316 1 19 1121 3 9 4
317 0 18 1126 6955 36881 10432
318 1 1 1131 242 2347 363
319 0 3 1134 1 3 1
320 0 1 1138 1 9 1
321 1 3 1141 1204 12593 1806
322 1 6 1145 19 63 28
323 1 7 1149 32 112 48
324 0 1 1153 5 40 7
325 1 13 1156 161 652 241
326 1 2 1161 2 17 3
327 1 7 1164 770 3521 1155
328 0 3 1168 2 7 3
329 1 6 1172 263 1109 394
330 0 3 1176 12 99 18
331 0 2 1180 1 12 1
332 0 2 1183 1 10 1
333 1 3 1186 15 48 22
334 1 7 1190 68 256 102
335 0 32 1194 1 4 1
336 0 1 1200 113 1055 169
337 0 5 1202 31 108 46
338 0 4 1206 36 128 54
339 1 4 1210 1 4 1
340 1 1 1214 1 10 1
341 1 12 1216 1 4 1
342 0 1 1221 1 9 1
343 1 1 1224 1 10 1
344 0 1 1226 69 628 103
345 1 6 1228 510 2262 765
346 0 3 1232 20 67 30
347 0 1 1236 1 9 1
348 1 4 1237 1 3 1
349 0 8 1241 1 5 1
350 0 1 1246 3 25 4
351 1 4 1248 2526 12547 3789
352 0 3 1252 1 5 1
353 1 1 1256 1 11 1
354 1 5 1258 1 4 1
355 0 13 1262 1 3 1
356 0 3 1267 10 81 15
357 0 3 1271 2 17 3
358 0 1 1275 17 143 25
359 0 6 1278 304 1296 456
360 0 1 1282 45712 556791 68568
361 1 2 1284 48 428 72
362 0 8 1287 834 3836 1251
363 1 3 1292 1 3 1
364 1 4 1296 1 4 1
365 0 2 1300 1371 14425 2056
366 1 7 1303 12983 71530 19474
367 0 3 1307 24 82 36
368 1 4 1311 1 4 1
369 0 1 1315 309 3032 463
370 0 2 1317 1 9 1
371 1 3 1320 3197 16130 4795
372 0 8 1324 15 48 22
373 1 2 1329 12 99 18
374 1 16 1332 205 847 307
375 0 2 1337 579 5855 868
376 0 4 1340 2 7 3
377 0 1 1344 1 11 1
378 1 11 1347 14 45 21
379 1 12 1352 1 4 1
380 1 3 1357 1 5 1
381 0 2 1361 956 9895 1434
382 0 4 1364 308431 2022822 462646
383 1 1 1368 1431 15085 2146
384 0 1 1369 1 9 1
385 1 5 1372 299 1273 448
386 0 4 1376 1 4 1
387 0 2 1380 4 32 6
388 0 2 1383 1778 18925 2667
389 0 1 1386 1 10 1
390 0 3 1388 1 3 1
391 0 1 1392 1 9 1
392 1 4 1394 2 7 3
393 1 1 1398 1 9 1
394 1 6 1401 591 2651 886
395 1 1 1405 1 9 1
396 0 4 1407 1 4 1
397 0 1 1411 3 25 4
398 1 1 1413 125 1173 187
399 1 1 1416 244 2367 366
400 0 1 1417 3 25 4
401 0 5 1418 1 6 1
402 1 7 1422 8 24 12
403 1 1 1427 3 25 4
404 1 3 1429 1 9 1
405 1 4 1433 1 4 1
406 0 1 1437 2032 21758 3048
407 1 1 1438 1 10 1
408 1 9 1440 1 4 1
409 1 1 1445 30 261 45
410 0 8 1447 1 3 1
411 0 2 1452 333 3280 499
412 1 2 1455 45 400 67
413 1 7 1458 1 3 1
414 1 1 1462 1 9 1
415 0 2 1464 165 1570 247
416 1 1 1467 1 11 1
417 0 1 1470 1 10 1
418 0 2 1472 3944 43468 5916
419 0 7 1475 116 457 174
420 0 16 1480 3 10 4
421 1 7 1485 1 4 1
422 0 4 1489 1 4 1
423 1 5 1493 579 2593 868
424 0 1 1497 810 8320 1215
425 1 1 1499 1 8 1
426 0 4 1501 1 3 1
427 0 5 1505 8556 45957 12834
428 1 14 1509 29 101 43
429 1 8 1514 197 811 295
430 1 2 1519 1 9 1
431 0 1 1522 2 17 3
432 1 2 1525 17447 204562 26170
433 1 11 1528 1 4 1
434 1 1 1533 1 10 1
435 1 2 1534 2 17 3
436 1 3 1537 78 297 117
437 0 5 1541 8 24 12
438 0 31 1545 110 431 165
439 0 7 1551 3 10 4
440 0 3 1556 1 5 1
441 0 1 1560 11 90 16
442 1 3 1563 1 5 1
443 0 3 1567 14 45 21
444 1 19 1571 13 41 19
445 1 6 1576 2 6 3
446 1 12 1580 2 6 3
447 0 6 1585 23 78 34
448 1 6 1589 1 3 1
449 1 5 1593 77 293 115
450 1 2 1597 12 98 18
451 0 20 1600 3 10 4
452 1 2 1605 4 33 6
453 0 1 1608 103 957 154
454 0 2 1610 3 25 4
455 1 3 1613 553 5580 829
456 0 1 1617 1 9 1
457 1 4 1620 1 3 1
458 1 4 1624 1 3 1
459 1 2 1628 1 10 1
460 0 2 1631 340 3352 510
461 0 3 1634 6 48 9
462 1 5 1638 17 56 25
463 1 2 1642 1 9 1
464 1 4 1645 1 4 1
465 1 2 1649 1 9 1
466 1 6 1652 5443 28421 8164
467 1 11 1656 4309 22166 6463
468 0 7 1661 1 4 1
469 0 1 1666 57 513 85
470 1 1 1668 1 9 1
471 0 1 1670 33 288 49
472 1 2 1673 11247 129533 16870
473 0 2 1676 738 7548 1107
474 1 3 1679 22 74 33
475 0 5 1683 2 6 3
476 1 2 1687 187 1791 280
477 0 8 1690 1 4 1
478 0 4 1695 454 1997 681
479 0 2 1699 1 10 1
480 1 2 1702 1 10 1
481 0 3 1705 1 10 1
482 0 1 1709 121 1133 181
483 0 1 1711 616 6247 924
484 0 39 1714 1 4 1
485 0 2 1720 21 179 31
486 1 5 1723 90 347 135
487 1 2 1727 1777 18914 2665
488 0 10 1730 65 243 97
489 1 3 1735 27142 156166 40713
490 1 2 1739 68 618 102
491 1 4 1742 5 15 7
492 0 6 1746 1 4 1
493 0 6 1750 20 67 30
494 1 6 1754 1 4 1
495 0 8 1758 22 74 33
496 0 1 1763 20 170 30
497 0 1 1765 1 9 1
498 1 2 1767 1 9 1
499 0 5 1770 7 21 10
500 0 10 1774 54 199 81
501 0 4 1779 1888 9196 2832
502 0 2 1783 5 41 7
503 0 1 1786 10 81 15
504 1 3 1789 1 3 1
505 0 3 1793 2 7 3
506 0 2 1797 16 134 24
507 1 27 1800 1 3 1
508 1 20 1806 1 3 1
509 1 1 1811 205007 2642594 307510
510 1 4 1813 5369783 40297144 8054674
511 0 6 1817 30 104 45
512 0 2 1821 12 99 18
513 0 4 1824 128 509 192
514 1 1 1828 1 9 1
515 1 5 1829 85 326 127
516 0 9 1833 13307 73423 19960
517 0 2 1838 30 261 45
518 0 5 1841 3 9 4
519 0 1 1845 331 3260 496
520 1 2 1848 4 32 6
521 0 8 1851 414 1808 621
522 0 5 1856 27 93 40
523 0 1 1860 1 10 1
524 1 4 1863 1 3 1
525 0 4 1867 1024 4780 1536
526 0 2 1871 1 9 1
527 1 2 1874 18 152 27
528 0 1 1877 1 9 1
529 0 9 1879 1 3 1
530 1 4 1884 1782 8645 2673
531 0 10 1888 2 6 3
532 1 4 1893 976 4540 1464
533 0 2 1897 8 64 12
534 0 8 1900 7697 41074 11545
535 1 37 1905 1 4 1
536 1 1 1911 1 9 1
537 1 4 1914 1 3 1
538 0 3 1918 742 3384 1113
539 1 2 1922 38 334 57
540 0 2 1925 45 400 67
541 0 1 1928 1 10 1
542 1 9 1930 47 171 70
543 0 5 1935 1 4 1
544 1 1 1939 25 215 37
545 0 1 1941 38 335 57
546 1 2 1943 8 64 12
547 0 3 1946 24 82 36
548 1 8 1950 2332 11522 3498
549 1 4 1955 74 280 111
550 0 1 1959 1 9 1
551 0 3 1961 3 25 4
552 0 1 1965 6 48 9
553 1 4 1967 2 6 3
554 1 5 1971 2149 10560 3223
555 1 3 1975 1 10 1
556 1 4 1979 47 171 70
557 1 3 1983 842 8664 1263
558 1 1 1987 1 9 1
559 0 1 1989 2 17 3
560 1 2 1991 45 400 67
561 0 14 1994 141 565 211
562 1 7 1999 1 4 1
563 1 1 2004 85 782 127
564 1 6 2007 50 183 75
565 1 1 2011 256 2490 384
566 1 2 2014 1 9 1
567 1 14 2017 1 3 1
568 0 4 2022 1 4 1
569 0 1 2026 1 12 1
570 1 3 2028 1 4 1
571 0 1 2032 3 25 4
572 0 6 2034 7 21 10
573 1 7 2038 24 81 36
574 1 4 2042 8 24 12
575 1 6 2046 138 552 207
576 0 1 2050 1 9 1
577 1 3 2052 15 48 22
578 0 1 2056 5736 64235 8604
579 1 9 2058 3952 20217 5928
580 0 1 2063 722 7377 1083
581 1 2 2064 50 447 75
582 1 2 2067 3119 34029 4678
583 1 11 2070 1 3 1
584 1 5 2075 154 622 231
585 0 4 2079 477 2106 715
586 0 2 2083 5 40 7
587 0 2 2086 3 25 4
588 0 6 2089 717 3262 1075
589 1 2 2093 18738 220332 28107
590 1 8 2096 1 4 1
591 0 2 2101 2955 32164 4432
592 0 2 2104 1 9 1
593 1 2 2107 3 25 4
594 0 1 2110 3 25 4
595 1 8 2113 1577 7587 2365
596 1 2 2118 336 3311 504
597 1 5 2121 1 4 1
598 1 2 2125 3 25 4
599 0 5 2128 1 4 1
600 0 4 2132 83 318 124
601 1 4 2136 444 1949 666
602 1 2 2140 1 9 1
603 1 1 2143 1 10 1
604 0 6 2146 93 360 139
605 0 11 2150 1124 5281 1686
606 1 7 2155 1 4 1
607 1 2 2160 352 3476 528
608 1 2 2163 11 90 16
609 1 1 2166 9 73 13
610 1 2 2169 1 11 1
611 0 2 2172 420 4183 630
612 1 1 2175 7 56 10
613 1 3 2177 11 34 16
614 1 6 2181 1 5 1
615 0 2 2185 2 17 3
616 0 8 2188 19 63 28
617 1 2 2193 3 25 4
618 1 7 2196 2 6 3
619 0 1 2201 245 2377 367
620 0 8 2203 32 112 48
621 0 1 2208 712 7270 1068
622 1 2 2210 5 41 7
623 0 10 2213 285 1209 427
624 0 19 2218 43 155 64
625 0 3 2223 20 67 30
626 1 2 2227 36 316 54
627 0 1 2230 18 152 27
628 1 11 2233 33 116 49
629 1 1 2238 1 11 1
630 1 1 2241 2 17 3
631 0 16 2243 4 12 6
632 0 6 2248 28 97 42
633 0 11 2252 17 56 25
634 0 8 2257 1 5 1
635 0 5 2262 1 4 1
636 1 2 2266 1 9 1
637 0 12 2269 1 4 1
638 0 9 2274 9 27 13
639 0 8 2279 3 9 4
640 1 3 2284 457 2011 685
641 0 2 2288 101 938 151
642 1 1 2291 3421 37474 5131
643 1 8 2294 13 41 19
644 0 3 2299 1 10 1
645 1 3 2303 24 206 36
646 0 2 2307 52 466 78
647 1 1 2310 90 830 135
648 1 7 2312 3 10 4
649 0 2 2316 1 12 1
650 0 2 2319 1 10 1
651 1 3 2322 1 11 1
652 1 3 2326 177465 1131413 266197
653 1 1 2330 1 10 1
654 0 3 2332 1 3 1
655 0 1 2336 518 5211 777
656 0 2 2338 1183 12364 1774
657 0 7 2341 3 9 4
658 0 4 2346 4 12 6
659 1 1 2350 4565 50628 6847
660 1 11 2353 12289 67482 18433
661 1 2 2358 1 9 1
662 1 6 2361 11 34 16
663 1 6 2365 5 15 7
664 1 1 2369 65 590 97
665 0 3 2372 143 574 214
666 0 1 2376 3 25 4
667 0 3 2379 90353 1129657 135529
668 0 2 2383 172 1640 258
669 1 4 2386 1373 6542 2059
670 0 7 2390 1490 7140 2235
671 1 5 2394 4 12 6
672 1 1 2398 1 10 1
673 0 2 2401 29 252 43
674 0 1 2404 1 10 1
675 0 9 2406 1 4 1
676 0 2 2411 92 850 138
677 0 6 2414 157 635 235
678 0 2 2418 1 12 1
679 1 6 2421 24 82 36
680 1 1 2425 271 2643 406
681 0 2 2427 157 1490 235
682 0 1 2430 9 73 13
683 1 1 2433 214 2063 321
684 1 1 2435 2190 23527 3285
685 0 1 2438 304 2981 456
686 1 3 2440 1 12 1
687 0 1 2444 16 134 24
688 1 2 2445 16052 187573 24078
689 1 2 2448 4 33 6
690 0 1 2451 43 381 64
691 1 1 2454 50 447 75
692 0 10 2456 470 2072 705
693 1 3 2461 2 7 3
694 1 3 2465 35 124 52
695 1 26 2469 131 522 196
696 0 1 2474 1 10 1
697 0 4 2475 1 5 1
698 0 2 2479 1653 17538 2479
699 0 4 2482 1 4 1
700 1 2 2486 10 81 15
701 1 1 2489 5 40 7
702 0 8 2492 18 59 27
703 1 4 2497 22 74 33
704 0 2 2501 5 40 7
705 1 1 2504 1 10 1
706 1 7 2507 1 5 1
707 0 2 2511 1364 14348 2046
708 0 2 2514 64576 797115 96864
709 1 1 2517 261 2541 391
710 0 16 2520 1 6 1
711 0 1 2525 1 10 1
712 1 8 2528 2 6 3
713 0 5 2533 1 5 1
714 1 1 2537 1535 16232 2302
715 1 1 2539 32 279 48
716 1 3 2541 1 4 1
717 0 3 2545 1 3 1
718 0 10 2549 2 7 3
719 1 4 2554 1 5 1
720 1 1 2558 6 48 9
721 1 1 2560 1 8 1
722 1 11 2563 1490 7140 2235
723 0 1 2568 1 9 1
724 0 3 2570 1 11 1
725 0 1 2574 730 7462 1095
726 0 3 2575 1 9 1
727 0 1 2579 7 56 10
728 0 11 2581 1 5 1
729 1 2 2586 4340012 62210539 6510018
730 1 28 2589 1 3 1
731 0 2 2595 270 2633 405
732 0 2 2598 444 4434 666
733 0 2 2601 2 17 3
734 0 1 2604 23 197 34
735 1 1 2607 17 143 25
736 0 1 2609 946 9787 1419
737 0 2 2612 11 90 16
738 1 1 2615 9950 114018 14925
739 0 1 2617 921 9516 1381
740 1 2 2619 2 17 3
741 0 4 2622 1 4 1
742 0 1 2626 8090 91912 12135
743 0 10 2628 755 3448 1132
744 0 2 2633 37919 458516 56878
745 1 1 2636 1 10 1
746 1 4 2639 1 4 1
747 1 17 2643 140 561 210
748 0 2 2648 2 17 3
749 1 2 2651 2 17 3
750 1 4 2654 86 330 129
751 1 2 2658 174 1660 261
752 0 13 2661 5 15 7
753 1 4 2666 844 3885 1266
754 1 3 2670 1 5 1
755 1 1 2674 10 81 15
756 0 2 2677 1875 20005 2812
757 1 5 2680 197 811 295
758 0 4 2684 43 155 64
759 1 10 2688 12 38 18
760 0 1 2693 609 6173 913
761 1 18 2696 1 5 1
762 1 13 2701 5175 26935 7762
763 0 1 2706 1 9 1
764 0 2 2708 13 108 19
765 0 1 2711 1 10 1
766 1 4 2714 4 13 6
767 1 5 2718 1 4 1
768 1 2 2722 1 10 1
769 0 1 2725 120 1123 180
770 0 5 2728 1 3 1
771 0 2 2732 1 9 1
772 0 1 2735 1 10 1
773 0 1 2737 1 10 1
774 1 4 2740 20 67 30
775 0 2 2744 1 9 1
776 1 3 2747 84 322 126
777 0 1 2751 7 56 10
778 1 6 2752 5 15 7
779 0 3 2756 21 70 31
780 0 1 2760 65 589 97
781 1 7 2763 17 56 25
782 1 4 2767 3 10 4
783 1 1 2771 300 2940 450
784 0 2 2773 1 11 1
785 0 1 2776 1499 15834 2248
786 1 3 2779 14 45 21
787 0 1 2783 768 7869 1152
788 0 1 2785 6 48 9
789 1 2 2787 7 56 10
790 1 1 2790 749504 10120902 1124256
791 1 2 2792 1 8 1
792 0 2 2795 16611 194375 24916
793 1 5 2798 911 4217 1366
794 1 13 2802 1 3 1
795 0 5 2807 503 2229 754
796 1 1 2811 400 3975 600
797 0 2 2813 6 48 9
798 1 4 2816 24 82 36
799 1 4 2820 202 834 303
800 1 20 2824 1 4 1
801 0 1 2829 4 33 6
802 0 5 2831 708 3218 1062
803 1 5 2835 443 1945 664
804 0 2 2839 1 9 1
805 0 22 2842 12 38 18
806 1 1 2847 3 25 4
807 0 2 2850 1 9 1
808 1 1 2853 9 73 13
809 1 3 2856 2 17 3
810 0 6 2860 1 5 1
811 1 2 2864 3 25 4
812 1 1 2867 187 1790 280
813 0 1 2870 1 11 1
814 1 17 2873 1 4 1
815 1 18 2878 1 4 1
816 0 3 2883 10 31 15
817 0 4 2887 138 552 207
818 1 6 2891 3389 17164 5083
819 1 1 2895 207 1992 310
820 0 3 2897 15 48 22
821 1 4 2901 1 5 1
822 1 2 2905 1 10 1
823 1 1 2908 1 11 1
824 1 2 2910 1 9 1
825 0 3 2913 42 151 63
826 0 1 2917 1 9 1
827 1 1 2919 12 99 18
828 1 4 2922 83 318 124
829 1 1 2926 2 17 3
830 1 5 2929 1 5 1
831 0 18 2933 1 4 1
832 1 1 2938 12 99 18
833 0 3 2941 2 6 3
834 1 3 2945 1 3 1
835 0 1 2949 5 40 7
836 1 11 2952 1 4 1
837 0 1 2957 1 9 1
838 0 2 2959 262 2551 393
839 0 3 2962 1 5 1
840 0 1 2966 1 12 1
841 1 7 2968 1 4 1
842 0 5 2973 236 986 354
843 0 32 2977 2 7 3
844 0 5 2983 1 3 1
845 1 15 2987 1 4 1
846 0 2 2992 14 116 21
847 0 1 2995 305 2992 457
848 1 3 2998 1 4 1
849 1 2 3002 131 1232 196
850 1 1 3005 3997 44077 5995
851 0 1 3007 1 9 1
852 0 9 3009 1 4 1
853 0 1 3014 1 9 1
854 0 2 3016 1 11 1
855 0 2 3019 1 9 1
856 0 1 3022 32 279 48
857 0 3 3025 537 2392 805
858 0 8 3029 1 3 1
859 0 2 3034 1 10 1
860 1 5 3037 1 4 1
861 1 4 3041 169265 1076483 253897
862 1 2 3045 3625 39808 5437
863 0 1 3048 77 704 115
864 1 1 3051 1 9 1
865 0 1 3053 144 1361 216
866 0 4 3055 14 45 21
867 1 3 3059 1932 20640 2898
868 1 1 3063 2 17 3
869 1 2 3066 4 33 6
870 1 3 3069 14 116 21
871 1 1 3073 1 9 1
872 0 2 3075 930 9614 1395
873 0 2 3078 97218 1218856 145827
874 0 4 3081 1 3 1
875 0 3 3085 358 3538 537
876 0 2 3089 1 10 1
877 0 3 3092 1 4 1
878 0 1 3096 51 456 76
879 0 1 3099 16 134 24
880 0 1 3102 16 134 24
881 0 4 3105 1474 7059 2211
882 1 2 3109 1 11 1
883 0 1 3112 683 6961 1024
884 0 4 3114 99 385 148
885 0 4 3118 9 27 13
886 0 2 3122 821 8439 1231
887 1 4 3125 1 4 1
888 0 1 3129 49 438 73
889 1 9 3132 13 41 19
890 0 1 3137 50 447 75
891 0 1 3140 1 9 1
892 0 14 3142 1 5 1
893 0 10 3147 1 4 1
894 0 3 3152 7534 40150 11301
895 0 7 3156 6 18 9
896 0 4 3160 1 3 1
897 1 2 3164 246 2388 369
898 0 2 3167 474 4748 711
899 0 2 3170 55 494 82
900 1 3 3173 21 70 31
901 1 3 3177 11559 63239 17338
902 0 3 3181 254 1068 381
903 1 5 3185 147 591 220
904 1 1 3189 10 81 15
905 0 2 3192 63 570 94
906 1 8 3195 17 56 25
907 1 5 3200 313 1338 469
908 1 8 3204 1 4 1
909 1 1 3209 1 10 1
910 1 3 3211 1 4 1
911 0 5 3215 1062 4970 1593
912 1 12 3219 6 18 9
913 0 6 3224 10 31 15
914 0 3 3228 430 1883 645
915 1 18 3232 52 191 78
916 0 1 3237 1 9 1
917 0 4 3240 17 56 25
918 1 4 3244 2121 10413 3181
919 1 2 3248 15 125 22
920 1 2 3251 1 9 1
921 1 1 3254 7 56 10
922 1 15 3256 169 688 253
923 0 3 3261 3 9 4
924 0 3 3265 20 67 30
925 0 3 3269 4 32 6
926 1 5 3273 1 4 1
927 1 1 3277 4 33 6
928 0 1 3280 199 1912 298
929 1 1 3282 1 10 1
930 1 1 3284 8558 97457 12837
931 0 4 3287 1 5 1
932 0 26 3291 270 1141 405
933 1 1 3296 2248 24178 3372
934 0 8 3298 8 24 12
935 0 1 3303 1 9 1
936 0 1 3305 368 3642 552
937 1 1 3307 193 1851 289
938 1 1 3310 1 9 1
939 0 3 3313 346 3414 519
940 1 2 3317 1 10 1
941 0 2 3320 595 6025 892
942 1 1 3323 2453 26484 3679
943 1 1 3326 2 17 3
944 1 10 3328 4 12 6
945 0 1 3333 1 10 1
946 1 4 3335 1 7 1
947 0 7 3339 1 4 1
948 0 2 3344 44097 536369 66145
949 0 2 3347 1 10 1
950 0 1 3350 5 40 7
951 0 1 3352 11 90 16
952 1 1 3354 11640 134248 17460
953 1 1 3356 557 5623 835
954 0 2 3359 1 9 1
955 0 3 3362 2 7 3
956 0 5 3366 33 116 49
957 1 2 3370 105 976 157
958 1 9 3373 1 5 1
959 0 6 3378 1 4 1
960 1 2 3382 100 928 150
961 1 1 3385 142 1341 213
962 1 3 3388 1 4 1
963 1 1 3392 219 2113 328
964 1 4 3395 1 5 1
965 0 3 3399 1 11 1
966 1 2 3403 335 3301 502
967 1 2 3406 1 9 1
968 0 1 3409 1176 12287 1764
969 0 2 3411 1 9 1
970 1 2 3414 1405 14798 2107
971 1 4 3417 1 4 1
972 0 1 3421 4 33 6
973 1 10 3423 3 9 4
974 1 2 3428 14 116 21
975 1 4 3431 1 5 1
976 0 3 3435 1 10 1
977 0 7 3439 197 812 295
978 0 3 3443 2 7 3
979 1 7 3447 779 3566 1168
980 1 5 3452 3 9 4
981 1 2 3456 25 215 37
982 0 5 3459 1 5 1
983 1 8 3463 29 101 43
984 0 5 3468 110 432 165
985 0 4 3472 1535 7371 2302
986 0 2 3476 166 1580 249
987 1 10 3479 1 4 1
988 0 1 3484 1 10 1
989 0 10 3485 3 9 4
990 0 1 3490 26 224 39
991 1 3 3492 1 5 1
992 1 4 3496 53 195 79
993 0 1 3500 1 9 1
994 1 1 3502 55 494 82
995 1 2 3504 124 1163 186
996 1 4 3507 1523 7310 2284
997 0 1 3511 468 4685 702
998 0 4 3513 76 289 114
999 1 2 3517 3 25 4
1000 0 2 3520 677 6897 1015
1001 0 1 3523 10 81 15
1002 0 49 3526 1 3 1
1003 1 2 3532 915 9451 1372
1004 1 2 3535 29 252 43
1005 1 3 3538 100 389 150
1006 1 2 3542 2 17 3
1007 1 2 3545 172 1640 258
1008 0 4 3548 1 5 1
1009 0 1 3552 157 1490 235
1010 0 6 3555 38 135 57
1011 1 1 3559 27 233 40
1012 1 1 3561 4 33 6
1013 0 3 3563 1 4 1
1014 0 1 3567 295 2889 442
1015 0 1 3569 153 1450 229
1016 0 2 3572 1 10 1
1017 1 1 3575 4 32 6
1018 1 1 3577 13 107 19
1019 0 52 3579 1 3 1
1020 0 22 3585 8117 43458 12175
1021 1 5 3590 3 9 4
1022 0 9 3594 2 7 3
1023 1 3 3599 5 15 7
1024 1 2 3603 1 10 1
1025 1 2 3606 1 10 1
