0 0 5 5 1 4 1
1 0 2 9 303 2971 454
2 1 7 12 1 3 1
3 1 5 16 1 3 1
4 0 2 20 503 5053 754
5 0 2 24 2963 32255 4444
6 0 2 28 9 72 13
7 1 1 31 11 90 16
8 1 2 34 35 307 52
9 1 8 37 1 3 1
10 1 16 41 8 24 12
11 1 1 45 484 4854 726
12 1 3 48 2453 26484 3679
13 1 1 52 1 10 1
14 1 2 55 3 25 4
15 0 4 59 1 4 1
16 1 3 63 245 1027 367
17 0 8 67 87 335 130
18 0 1 71 9 73 13
19 0 2 74 870 8966 1305
20 0 3 77 2315 24931 3472
21 0 1 81 2 17 3
22 1 1 84 392 3892 588
23 1 3 87 856 3945 1284
24 1 24 91 33 116 49
25 0 4 96 1 5 1
26 1 2 100 4 33 6
27 1 2 104 310 3043 465
28 1 2 107 1 10 1
29 0 5 111 92 355 138
30 0 3 115 279 1182 418
31 1 1 119 5324 59433 7986
32 0 6 122 1 3 1
33 0 2 126 4 33 6
34 0 2 130 1 9 1
35 0 2 134 1 10 1
36 1 12 137 384 1668 576
37 0 4 141 151903 960622 227854
38 1 4 145 1 5 1
39 0 5 149 17841 100172 26761
40 1 3 153 1 9 1
41 1 2 157 1 8 1
42 1 3 161 429 1878 643
43 1 2 165 1 11 1
44 1 1 169 40 353 60
45 1 11 172 55 203 82
46 0 7 176 31 108 46
47 1 4 180 53 195 79
48 0 2 184 1 8 1
49 0 4 188 728 3316 1092
50 0 1 192 16514 193194 24771
51 0 1 195 1 11 1
52 1 1 198 3 25 4
53 1 1 201 2 17 3
54 1 4 204 95 368 142
55 1 1 208 2 17 3
56 1 2 211 6 48 9
57 1 3 215 188 771 282
58 0 1 219 1 9 1
59 1 1 222 203696 2625077 305544
60 0 29 225 2 7 3
61 0 10 230 3 10 4
62 1 5 234 1 5 1
63 1 13 238 1 4 1
64 0 1 242 623 6322 934
65 1 5 245 1 4 1
66 1 3 249 1 6 1
67 0 1 253 1 9 1
68 1 3 256 7 21 10
69 1 2 260 18 152 27
70 1 1 264 20 170 30
71 1 28 267 1 3 1
72 0 10 272 1 4 1
73 0 6 276 5 15 7
74 0 5 280 165 670 247
75 1 3 284 439 1926 658
76 0 2 288 1 9 1
77 0 5 291 1 4 1
78 0 4 295 1 4 1
79 0 3 299 1 3 1
80 1 3 303 187 767 280
81 1 1 307 3 25 4
82 1 2 309 2465 26619 3697
83 0 11 313 14 45 21
84 0 7 317 3 10 4
85 1 3 321 1 6 1
86 1 2 325 1 9 1
87 0 1 328 52 466 78
88 1 7 331 1 4 1
89 0 98 335 18 59 27
90 0 5 340 4 12 6
91 1 5 344 1 4 1
92 0 6 348 1 5 1
93 0 5 352 1 4 1
94 0 1 356 16 134 24
95 1 4 359 1 4 1
96 1 1 363 5 40 7
97 0 3 366 1 9 1
98 0 3 370 1 3 1
99 0 4 374 27 93 40
100 1 7 378 2 7 3
101 1 2 382 2 17 3
102 1 10 385 69 260 103
103 1 2 389 23688 281163 35532
104 1 3 393 1 5 1
105 0 12 397 17036 95392 25554
106 1 1 401 6 48 9
107 1 9 404 2 7 3
108 0 4 408 13 41 19
109 0 3 412 32 112 48
110 1 2 416 2 17 3
111 1 11 420 10947 59694 16420
112 1 1 424 2 17 3
113 0 1 427 1 9 1
114 0 3 430 1 4 1
115 0 16 434 23059 131429 34588
116 1 9 439 2 6 3
117 1 2 443 1 9 1
118 1 8 446 1 3 1
119 1 7 450 4 12 6
120 0 1 454 22 188 33
121 0 6 457 1 3 1
122 0 1 461 4 33 6
123 1 1 464 2079 22283 3118
124 0 2 467 18 152 27
125 0 2 471 1 8 1
126 0 3 475 1 3 1
127 1 2 479 1002 10393 1503
128 1 3 483 1 3 1
129 1 22 487 1 5 1
130 0 2 492 1 9 1
131 1 1 496 100 928 150
132 0 3 499 1 5 1
133 0 2 503 3 25 4
134 1 4 506 27 93 40
135 1 8 510 70536 428147 105804
136 0 3 514 2 7 3
137 1 2 518 24 206 36
138 1 4 522 1 3 1
139 0 9 526 1 4 1
140 1 14 530 1 4 1
141 1 4 534 10 31 15
142 0 2 538 50832 621707 76248
143 0 10 541 5137 26725 7705
144 0 10 545 24 82 36
145 0 1 549 3 25 4
146 0 3 552 1 3 1
147 0 1 556 1 12 1
148 0 2 559 1 10 1
149 0 11 562 1 6 1
150 0 4 566 24 82 36
151 1 1 570 562 5675 843
152 1 3 573 1 4 1
153 0 4 577 365 1579 547
154 0 6 581 4 12 6
155 0 1 585 1 10 1
156 0 5 588 1 3 1
157 1 3 592 1 3 1
158 0 1 596 1 9 1
159 0 19 599 22 74 33
160 0 1 604 1 9 1
161 0 11 607 1 3 1
162 1 3 611 13 107 19
163 0 2 615 3 25 4
164 1 9 619 1732 8387 2598
165 1 1 623 64 580 96
166 0 4 626 15 48 22
167 1 6 630 1 3 1
168 0 8 634 10 31 15
169 0 3 638 1 9 1
170 0 2 642 1 9 1
171 1 2 646 1 10 1
172 1 1 650 145 1371 217
173 0 6 653 1 3 1
174 1 3 657 56757 340425 85135
175 1 4 661 137 548 205
176 0 3 665 1 5 1
177 1 3 669 1 4 1
178 0 2 673 22 188 33
179 1 1 677 2 17 3
180 0 5 680 2979 14960 4468
181 1 2 684 1 9 1
182 0 3 688 48 175 72
183 0 9 692 196 807 294
184 0 1 696 1 9 1
185 0 6 699 6 18 9
186 0 7 703 18 59 27
187 1 6 707 708 3218 1062
188 1 1 711 1 12 1
189 0 2 713 1 11 1
190 0 43 717 134 535 201
191 0 8 722 6 18 9
192 1 5 726 1 4 1
193 0 1 730 1 11 1
194 1 10 733 1 5 1
195 1 2 737 1 11 1
196 0 29 741 4 12 6
197 0 5 746 1 4 1
198 0 6 750 6 18 9
199 1 6 754 1216 5746 1824
200 0 2 758 1 10 1
201 0 11 761 6435 33958 9652
202 1 1 765 161 1530 241
203 1 1 768 1 9 1
204 0 16 771 33 116 49
205 1 1 775 2 17 3
206 1 1 778 1 10 1
207 0 2 781 131 1232 196
208 0 1 785 1 8 1
209 1 1 787 121 1133 181
210 0 2 790 4 33 6
211 0 12 794 213 883 319
212 1 6 798 1 5 1
213 1 1 802 574 5802 861
214 0 3 804 236 2286 354
215 0 12 808 26 89 39
216 0 4 812 3784 19303 5676
217 0 5 816 913 4227 1369
218 0 1 820 1 11 1
219 0 5 823 1 4 1
220 1 2 827 25 215 37
221 1 3 831 14 116 21
222 0 4 835 1 6 1
223 1 3 839 1 4 1
224 1 1 843 752 7698 1128
225 0 8 846 2612 13003 3918
226 1 2 850 5 40 7
227 1 3 853 6 18 9
228 0 25 857 3 10 4
229 1 1 862 444 4434 666
230 0 2 864 2381 25673 3571
231 1 1 867 839 8632 1258
232 0 10 870 1 5 1
233 1 3 874 1 6 1
234 1 2 878 2 17 3
235 1 1 882 1 9 1
236 0 8 885 58 215 87
237 1 24 889 7 21 10
238 0 3 894 374 1621 561
239 0 3 898 268 1132 402
240 1 2 902 1 9 1
241 0 24 905 10726 58416 16089
242 0 1 910 7 56 10
243 0 9 913 1 4 1
244 1 1 917 1 9 1
245 1 3 920 314 1342 471
246 1 4 924 1 7 1
247 1 4 928 1 4 1
248 1 3 932 3 10 4
249 1 3 936 32 112 48
250 1 3 940 7 21 10
251 0 11 944 202 834 303
252 0 3 948 9 27 13
253 1 1 952 1 9 1
254 1 4 955 1233 5831 1849
255 0 2 959 15655 182749 23482
256 0 1 963 1575 16674 2362
257 1 5 966 1 3 1
258 0 1 970 1 9 1
259 1 7 973 1465 7013 2197
260 1 5 977 1493 7156 2239
261 1 2 981 4559 50559 6838
262 1 5 985 1 4 1
263 0 1 989 1 9 1
264 0 3 992 3 10 4
265 1 1 996 2 17 3
266 1 2 999 5 40 7
267 0 27 1003 2 7 3
268 0 4 1008 1 5 1
269 0 2 1012 304 2981 456
270 0 1 1016 243 2357 364
271 1 2 1019 8 64 12
272 0 2 1023 32 279 48
273 1 2 1027 168 1600 252
274 1 9 1031 91 351 136
275 0 1 1035 75 685 112
276 0 4 1037 4 12 6
277 0 1 1041 231 2235 346
278 0 4 1043 7 21 10
279 0 4 1047 2 7 3
280 0 1 1051 1 10 1
281 1 2 1054 22728 269323 34092
282 0 4 1057 1 5 1
283 0 3 1061 1 4 1
284 1 2 1065 3 25 4
285 0 2 1069 81 743 121
286 0 12 1073 100 389 150
287 0 5 1077 3 9 4
288 0 3 1081 1 6 1
289 1 1 1085 1 9 1
290 1 2 1088 1 9 1
291 1 2 1092 41 363 61
292 0 3 1096 950 4411 1425
293 1 3 1100 12 38 18
294 1 1 1104 2 17 3
295 1 1 1107 34 297 51
296 1 5 1110 1 4 1
297 0 8 1114 3 9 4
298 0 1 1118 12 98 18
299 1 3 1121 335 1439 502
300 0 2 1125 1 9 1
301 1 2 1128 1 8 1
302 1 3 1131 1 4 1
303 0 2 1135 1 11 1
304 0 3 1138 151 608 226
305 1 10 1142 9597 51914 14395
306 0 1 1146 38 334 57
307 1 1 1149 45 400 67
308 0 5 1152 1 4 1
309 0 2 1156 2 17 3
310 1 3 1159 1 4 1
311 1 3 1163 2 7 3
312 0 6 1167 1 4 1
313 0 1 1171 480 4811 720
314 0 3 1174 18 152 27
315 0 1 1178 8915 101695 13372
316 1 3 1181 1 10 1
317 1 14 1185 50 183 75
318 0 2 1189 711 7259 1066
319 0 1 1192 5709 63919 8563
320 1 2 1195 1 9 1
321 1 2 1199 1 8 1
322 0 32 1203 1 4 1
323 0 1 1208 131 1232 196
324 1 1 1211 1 9 1
325 1 4 1214 1 4 1
326 1 1 1218 4 33 6
327 0 1 1221 193 1851 289
328 0 1 1224 2 17 3
329 1 7 1227 2 6 3
330 1 1 1231 7 56 10
331 1 5 1234 1 5 1
332 0 4 1238 5817 30502 8725
333 1 2 1242 31 270 46
334 0 2 1245 56 504 84
335 1 2 1249 3775 41527 5662
336 0 6 1253 297 1264 445
337 0 1 1257 1 13 1
338 1 1 1259 1 10 1
339 1 11 1262 1 4 1
340 1 5 1266 1 3 1
341 1 4 1270 2 6 3
342 1 6 1274 1 5 1
343 0 9 1278 1 4 1
344 1 4 1282 4 12 6
345 0 18 1286 76 289 114
346 0 4 1291 1 4 1
347 0 2 1295 41 362 61
348 0 1 1299 1 10 1
349 1 3 1302 1 10 1
350 0 2 1306 9 72 13
351 0 1 1310 171 1630 256
352 0 1 1313 82 753 123
353 0 1 1316 1218 12747 1827
354 0 3 1319 1 5 1
355 1 1 1323 1 9 1
356 1 3 1326 3054 15362 4581
357 1 23 1330 104 406 156
358 1 3 1335 1 3 1
359 1 2 1339 13 107 19
360 0 4 1343 1 4 1
361 0 3 1347 1 7 1
362 1 4 1351 8133 43549 12199
363 1 1 1355 2 17 3
364 0 1 1358 374073 4928314 561109
365 0 4 1361 22 74 33
366 0 1 1365 47 419 70
367 1 14 1368 1 4 1
368 1 4 1372 615 2767 922
369 1 3 1376 1 4 1
370 0 8 1380 608 2733 912
371 1 2 1384 13 108 19
372 0 1 1387 27 233 40
373 0 13 1390 114 449 171
374 0 1 1394 2 17 3
375 1 3 1397 177 1690 265
376 1 1 1401 1103 11491 1654
377 1 1 1404 21 179 31
378 1 7 1406 1 4 1
379 0 1 1410 130 1222 195
380 0 1 1413 25 215 37
381 0 14 1416 1 4 1
382 0 9 1420 17489 98081 26233
383 1 3 1424 2 6 3
384 0 2 1428 9 73 13
385 1 1 1432 1 9 1
386 1 7 1435 3 10 4
387 0 4 1439 127 505 190
388 0 3 1443 1 3 1
389 1 4 1447 17108 95819 25662
390 1 1 1451 285151 3720179 427726
391 0 11 1454 287 1218 430
392 0 2 1458 5468 61110 8202
393 1 2 1462 79 724 118
394 0 1 1465 44 391 66
395 1 1 1468 19 161 28
396 0 6 1471 522 2320 783
397 1 3 1475 5 15 7
398 0 6 1479 2 7 3
399 0 4 1483 8325 44641 12487
400 1 9 1487 9272 50050 13908
401 0 8 1491 10 31 15
402 0 1 1495 17 143 25
403 1 1 1498 5867 65764 8800
404 1 5 1501 3325 16819 4987
405 1 2 1505 1 9 1
406 1 3 1508 257 2500 385
407 0 2 1512 1751 18625 2626
408 0 6 1515 49876 297019 74814
409 1 2 1519 2 17 3
410 1 2 1523 1 9 1
411 0 2 1527 1 9 1
412 1 8 1531 32594 189511 48891
413 1 5 1535 1 4 1
414 1 1 1539 1 12 1
415 0 1 1542 1 9 1
416 1 6 1545 30 104 45
417 1 2 1549 1 12 1
418 1 7 1552 72608 441420 108912
419 0 1 1556 1 10 1
420 1 5 1559 4820 24974 7230
421 1 5 1563 1 4 1
422 0 3 1567 722 3286 1083
423 0 1 1571 283 2766 424
424 0 8 1574 1 4 1
425 0 1 1578 110 1025 165
426 1 8 1581 1 4 1
427 1 6 1585 2 7 3
428 1 3 1589 765 3497 1147
429 0 5 1593 1 3 1
430 0 2 1597 226 2185 339
431 1 2 1600 5889 66021 8833
432 0 1 1604 16 134 24
433 0 6 1607 1 5 1
434 0 2 1611 1064 11067 1596
435 1 2 1615 2 17 3
436 1 16 1618 1 3 1
437 0 10 1622 44 159 66
438 0 3 1626 1 10 1
439 0 3 1630 1 3 1
440 1 4 1634 1 5 1
441 1 4 1638 16 52 24
442 1 6 1642 8 24 12
443 0 50 1646 1 4 1
444 0 21 1651 1 4 1
445 1 2 1656 2 17 3
446 0 10 1660 37 131 55
447 0 4 1664 4 12 6
448 1 5 1668 12 38 18
449 0 4 1672 7 21 10
450 0 4 1676 1 4 1
451 1 1 1680 2986 32516 4479
452 1 8 1683 1 4 1
453 0 2 1687 1 9 1
454 0 4 1691 12 38 18
455 0 4 1695 13778 76181 20667
456 0 3 1699 2205 23695 3307
457 0 1 1703 6159 69179 9238
458 1 2 1706 1 9 1
459 1 1 1710 347 3425 520
460 1 4 1713 23 78 34
461 1 3 1717 20 67 30
462 1 2 1721 2 17 3
463 1 2 1724 1 9 1
464 0 14 1728 2124 10428 3186
465 1 2 1732 9 72 13
466 0 3 1736 2 7 3
467 1 3 1740 402 1752 603
468 1 2 1744 5513 61634 8269
469 1 3 1747 210 870 315
470 1 2 1751 3 25 4
471 0 3 1755 15 125 22
472 0 2 1759 1 13 1
473 0 7 1763 612 2752 918
474 0 2 1767 3 25 4
475 0 5 1770 2 6 3
476 0 1 1774 17 143 25
477 1 2 1777 7 56 10
478 0 10 1781 2 6 3
479 1 1 1785 1 10 1
480 1 2 1788 1 12 1
481 0 1 1791 79 724 118
482 0 4 1794 1 4 1
483 1 1 1798 4 33 6
484 1 1 1801 1 9 1
485 0 2 1804 2 17 3
486 0 6 1808 2 7 3
487 1 2 1812 6757 76192 10135
488 1 2 1815 1 9 1
489 1 8 1819 673 3048 1009
490 0 2 1823 728 7441 1092
491 1 3 1826 4641 23988 6961
492 0 3 1830 2 17 3
493 0 10 1834 136 543 204
494 0 4 1838 26 89 39
495 0 1 1842 1 9 1
496 0 12 1845 22 74 33
497 0 1 1849 1 9 1
498 0 3 1852 10064 54599 15096
499 1 2 1856 66 599 99
500 0 2 1860 21 178 31
501 1 3 1864 1 10 1
502 0 2 1868 2 17 3
503 0 2 1871 1 9 1
504 0 1 1875 1 10 1
505 0 2 1878 1 9 1
506 1 1 1881 4 33 6
507 0 3 1884 1 4 1
508 0 3 1888 2 7 3
509 1 2 1892 2 17 3
510 1 2 1895 2 17 3
511 0 3 1898 28961 346504 43441
512 1 3 1902 24 206 36
513 0 2 1906 1 11 1
514 0 2 1909 3 25 4
515 0 4 1912 31 108 46
516 1 2 1916 2 17 3
517 1 2 1920 15 125 22
518 0 2 1923 1 9 1
519 1 3 1927 1 4 1
520 0 5 1931 1 5 1
521 0 6 1935 190 780 285
522 1 2 1939 218 2104 327
523 1 3 1943 3 10 4
524 0 4 1947 2724 13599 4086
525 1 3 1951 3 10 4
526 1 3 1955 1 9 1
527 1 4 1959 11 34 16
528 0 2 1963 99 918 148
529 0 3 1967 1 4 1
530 1 9 1971 1 4 1
531 1 1 1975 3 25 4
532 1 2 1978 200 1922 300
533 1 4 1982 909 4207 1363
534 0 11 1986 18908 106527 28362
535 0 1 1990 33 288 49
536 0 2 1993 1 12 1
537 1 2 1996 6304 70877 9456
538 1 4 1999 1 4 1
539 1 25 2003 1783 8651 2674
540 1 6 2008 745 3399 1117
541 1 2 2012 1 12 1
542 1 8 2015 1 4 1
543 1 5 2019 11 34 16
544 1 1 2023 325 3197 487
545 1 1 2026 210 2022 315
546 1 1 2029 241 2337 361
547 1 4 2032 1 5 1
548 0 15 2036 1 4 1
549 0 7 2040 2 6 3
550 1 2 2044 1 9 1
551 1 2 2048 121 1133 181
552 0 3 2051 6 48 9
553 1 6 2055 1 3 1
554 1 1 2059 9 73 13
555 0 3 2062 1 4 1
556 0 8 2066 1 3 1
557 0 2 2070 267 2602 400
558 0 9 2073 707 3213 1060
559 1 1 2077 1 10 1
560 1 6 2079 13 41 19
561 0 4 2083 7 21 10
562 1 6 2087 79 301 118
563 1 3 2091 124 1163 186
564 0 3 2095 126 1183 189
565 0 9 2099 1 4 1
566 0 7 2103 36 127 54
567 0 4 2107 1 4 1
568 1 1 2111 1 9 1
569 1 4 2114 201 829 301
570 1 1 2118 1117 11644 1675
571 1 3 2120 1 4 1
572 0 1 2124 1 9 1
573 0 7 2127 1 5 1
574 0 36 2131 3 9 4
575 1 1 2136 1 12 1
576 0 9 2139 1 3 1
577 0 8 2143 1 4 1
578 1 4 2147 1 4 1
579 0 2 2151 3 25 4
580 1 5 2155 442 1940 663
581 0 4 2159 2 7 3
582 1 3 2163 3 25 4
583 1 2 2167 16006 187014 24009
584 0 2 2170 5209 58096 7813
585 0 2 2174 35 307 52
586 0 1 2178 338 3332 507
587 0 13 2180 29 101 43
588 1 1 2184 10508 120683 15762
589 0 1 2187 408 4058 612
590 1 5 2190 13 41 19
591 0 2 2194 141 1331 211
592 0 32 2197 1 3 1
593 1 44 2202 16 52 24
594 0 1 2207 721 7366 1081
595 0 1 2210 4 33 6
596 1 1 2213 4 33 6
597 0 1 2216 1 10 1
598 0 4 2219 1 3 1
599 1 9 2223 6 18 9
600 1 1 2227 34 298 51
601 0 3 2230 36 316 54
602 1 4 2234 1 4 1
603 1 1 2238 25 215 37
604 0 2 2241 20 170 30
605 1 2 2244 210288 2713198 315432
606 1 10 2248 1 4 1
607 0 1 2252 1 9 1
608 0 28 2255 12 38 18
609 1 29 2260 6 18 9
610 0 3 2265 146 587 219
611 1 3 2269 3 25 4
612 1 6 2273 1 4 1
613 1 9 2277 1 4 1
614 1 1 2281 1 9 1
615 1 3 2283 1 4 1
616 0 3 2287 94 364 141
617 0 7 2291 1 4 1
618 1 1 2295 1 10 1
619 1 1 2298 44 391 66
620 0 4 2301 117 462 175
621 1 3 2305 3 25 4
622 0 11 2309 24 82 36
623 1 3 2313 27 93 40
624 0 1 2317 2 17 3
625 0 11 2320 1 4 1
626 1 8 2324 27 93 40
627 0 6 2328 11 34 16
628 1 3 2332 7 21 10
629 1 2 2336 16 134 24
630 1 4 2339 31 108 46
631 1 1 2343 1299 13634 1948
632 1 2 2346 5 41 7
633 1 2 2350 20 170 30
634 0 4 2354 45 163 67
635 0 1 2358 3317 36286 4975
636 1 2 2361 5 40 7
637 1 9 2364 3841 19612 5761
638 1 16 2368 1 4 1
639 1 13 2373 10 31 15
640 1 2 2377 12603 145828 18904
641 1 10 2381 8 24 12
642 1 1 2385 2 17 3
643 1 1 2387 674 6864 1011
644 0 2 2390 363 3591 544
645 0 2 2393 1 11 1
646 1 2 2397 180 1720 270
647 0 7 2401 1 3 1
648 1 4 2405 20 67 30
649 0 8 2409 126 500 189
650 0 16 2413 793 3634 1189
651 1 5 2417 106 415 159
652 1 6 2421 1 3 1
653 0 4 2425 5 15 7
654 1 3 2429 83 318 124
655 1 7 2433 1 5 1
656 1 7 2437 1 6 1
657 1 7 2441 1 3 1
658 0 6 2445 182624 1166036 273936
659 0 1 2449 1 9 1
660 1 30 2451 6 18 9
661 1 5 2456 86 330 129
662 0 3 2460 3 9 4
663 1 2 2464 1 10 1
664 0 3 2468 164 1560 246
665 1 5 2472 190 780 285
666 1 6 2476 1 3 1
667 1 1 2480 119 1114 178
668 1 12 2483 10 31 15
669 0 2 2487 1 8 1
670 1 5 2490 5 15 7
671 0 6 2494 3 10 4
672 0 5 2498 196 807 294
673 1 2 2502 162 1540 243
674 1 12 2506 2 6 3
675 0 1 2510 1 13 1
676 1 1 2513 1 10 1
677 0 4 2516 26 89 39
678 0 1 2520 12 98 18
679 1 3 2523 1 5 1
680 0 10 2527 11249 61442 16873
681 0 1 2531 1 9 1
682 0 13 2534 6929 36734 10393
683 0 2 2538 2 17 3
684 0 2 2542 1 9 1
685 1 6 2545 1 4 1
686 0 5 2549 71 268 106
687 1 1 2553 10 81 15
688 0 6 2555 18 59 27
689 0 1 2559 1691 17959 2536
690 0 4 2562 45 163 67
691 0 1 2566 1 9 1
692 0 7 2568 6 18 9
693 0 3 2572 28 97 42
694 1 2 2576 1 9 1
695 0 2 2580 139 1311 208
696 1 2 2583 2 17 3
697 0 3 2586 282 2756 423
698 1 1 2590 2 17 3
699 0 7 2593 3 10 4
700 1 41 2597 4 12 6
701 1 2 2602 1 10 1
702 1 3 2605 1591 7659 2386
703 0 2 2609 7 56 10
704 1 4 2613 2 7 3
705 0 2 2617 1 10 1
706 1 35 2620 76 289 114
707 1 5 2625 5 15 7
708 0 1 2629 1 9 1
709 1 92 2632 1 3 1
710 1 2 2637 43 381 64
711 0 3 2641 1075 5035 1612
712 0 11 2645 28 97 42
713 1 2 2649 20 170 30
714 0 2 2653 7 56 10
715 1 2 2656 1 10 1
716 0 6 2659 367 1588 550
717 1 1 2663 177 1690 265
718 1 2 2666 50 447 75
719 0 4 2670 378 1639 567
720 0 9 2674 42 151 63
721 1 4 2678 74 281 111
722 0 6 2682 8 24 12
723 1 1 2686 2 17 3
724 0 3 2689 3 10 4
725 1 19 2693 35 124 52
726 1 1 2698 10 81 15
727 0 1 2701 1 9 1
728 1 3 2704 1 8 1
729 0 12 2708 4 13 6
730 0 5 2712 14 45 21
731 0 1 2716 65 589 97
732 1 37 2719 42 151 63
733 1 5 2724 1 4 1
734 0 2 2728 3288 35955 4932
735 1 4 2732 1 5 1
736 0 28 2736 1 4 1
737 0 1 2741 4 33 6
738 0 1 2744 1 10 1
739 1 3 2746 1 5 1
740 0 2 2750 1 9 1
741 1 1 2753 8552 97386 12828
742 1 2 2756 4 33 6
743 0 5 2760 5 15 7
744 1 2 2764 1 9 1
745 0 8 2768 1 4 1
746 0 1 2772 1 9 1
747 0 9 2775 143 574 214
748 1 5 2779 2573 12797 3859
749 1 1 2783 81 743 121
750 1 2 2786 44 391 66
751 0 4 2790 12 38 18
752 1 3 2794 1 3 1
753 1 4 2798 31 108 46
754 1 23 2802 1 3 1
755 0 23 2807 66 248 99
756 0 3 2812 12 38 18
757 0 4 2816 1 7 1
758 1 19 2820 19 63 28
759 1 1 2825 106 986 159
760 1 4 2828 1 4 1
761 1 6 2832 28 97 42
762 0 8 2836 1 6 1
763 0 4 2840 1 3 1
764 0 1 2844 85 782 127
765 0 4 2847 1 4 1
766 0 3 2851 2 7 3
767 1 2 2855 3 25 4
768 1 2 2858 1966 21020 2949
769 1 2 2861 2 17 3
770 1 1 2865 64348 794193 96522
771 1 2 2868 1 9 1
772 0 2 2872 1 10 1
773 0 2 2876 1 9 1
774 0 2 2880 1 9 1
775 0 1 2884 3809 41917 5713
776 0 12 2887 1 4 1
777 1 2 2891 1 8 1
778 0 1 2895 1 8 1
779 0 3 2898 1 4 1
780 1 1 2902 1645 17449 2467
781 0 1 2905 296 2899 444
782 0 3 2908 2 7 3
783 1 8 2912 21 70 31
784 1 17 2916 19 63 28
785 0 3 2921 66 248 99
786 1 1 2925 1 9 1
787 1 1 2928 287 2807 430
788 1 9 2931 13 41 19
789 1 2 2935 1 11 1
790 1 3 2939 590 5972 885
791 0 2 2943 1 12 1
792 0 5 2947 48 175 72
793 0 4 2951 1 3 1
794 0 1 2955 60 542 90
795 1 4 2958 498 2205 747
796 0 1 2962 14 116 21
797 1 21 2965 7 21 10
798 0 1 2970 1 8 1
799 1 4 2973 1 4 1
800 0 5 2977 48 175 72
801 1 4 2981 1 3 1
802 0 8 2985 166 674 249
803 1 1 2989 4 32 6
804 1 5 2992 37 131 55
805 1 5 2996 1 4 1
806 1 2 3000 1 10 1
807 0 6 3003 1 4 1
808 0 6 3007 3 9 4
809 0 2 3011 238 2306 357
810 1 9 3015 2 6 3
811 0 12 3019 1 5 1
812 1 6 3023 389 1691 583
813 1 1 3027 1 14 1
814 1 1 3029 1 9 1
815 0 4 3032 5 15 7
816 0 1 3036 1322 13886 1983
817 1 7 3038 1 4 1
818 1 10 3042 13 41 19
819 1 1 3046 37 326 55
820 1 19 3049 3767 19210 5650
821 0 1 3054 78 714 117
822 1 1 3057 2 17 3
823 1 1 3060 1 8 1
824 0 55 3063 7 21 10
825 0 4 3068 120 474 180
826 0 4 3072 12 38 18
827 1 9 3076 1521 7300 2281
828 1 1 3080 91 840 136
829 1 2 3083 1 11 1
830 1 3 3087 147 1391 220
831 1 1 3091 1 9 1
832 0 2 3093 20 170 30
833 0 1 3097 1 10 1
834 1 4 3100 733 3340 1099
835 0 1 3104 1 8 1
836 0 2 3107 305 2992 457
837 1 1 3111 1419 14952 2128
838 1 3 3114 99 385 148
839 0 1 3118 2 17 3
840 0 1 3121 7 56 10
841 0 1 3124 105 976 157
842 0 7 3126 1 4 1
843 0 3 3130 71 647 106
844 0 2 3134 1 11 1
845 1 3 3137 1 9 1
846 1 4 3141 2 7 3
847 0 1 3145 90 830 135
848 0 1 3148 1 9 1
849 0 1 3151 68 618 102
850 1 47 3153 1 5 1
851 0 4 3158 237 991 355
852 0 2 3162 148 1400 222
853 1 4 3166 2683 13381 4024
854 0 1 3170 29 251 43
855 0 5 3173 1 4 1
856 0 2 3177 748 7655 1122
857 1 1 3181 1736 18459 2604
858 0 7 3184 1 4 1
859 1 1 3188 11648 134344 17472
860 1 1 3191 1 10 1
861 0 2 3194 20 170 30
862 1 17 3198 1 4 1
863 0 3 3203 129 513 193
864 1 2 3207 155 1470 232
865 1 5 3211 12 38 18
866 0 4 3215 21209 120297 31813
867 0 3 3219 448 1968 672
868 1 2 3223 200 1922 300
869 1 3 3227 2 6 3
870 1 24 3231 80 305 120
871 0 1 3236 1 10 1
872 0 3 3239 1 4 1
873 0 1 3243 1 12 1
874 0 3 3246 7 21 10
875 1 6 3250 1 4 1
876 1 2 3254 1 12 1
877 0 1 3257 3 25 4
878 0 5 3260 1 4 1
879 0 1 3264 4 33 6
880 0 2 3267 19 161 28
881 1 18 3271 12 38 18
882 0 10 3276 1 4 1
883 1 8 3280 3136 15802 4704
884 0 1 3284 6 48 9
885 0 1 3287 1 9 1
886 0 4 3290 1 5 1
887 0 17 3294 1 4 1
888 0 1 3299 4 33 6
889 1 9 3302 2 6 3
890 1 1 3306 9 72 13
891 0 2 3309 1 10 1
892 0 3 3312 7 21 10
893 0 3 3316 1 4 1
894 0 8 3320 1 4 1
895 0 2 3324 9 73 13
896 0 3 3328 22 188 33
897 1 6 3332 1 4 1
898 0 2 3336 1 10 1
899 1 3 3339 9 27 13
900 0 2 3343 1 11 1
901 0 3 3346 9 27 13
902 1 1 3350 9 73 13
903 0 17 3352 1 4 1
904 0 5 3357 19 63 28
905 0 5 3361 1 4 1
906 1 1 3365 1 10 1
907 1 2 3368 1 10 1
908 0 2 3372 1 9 1
909 1 1 3376 1 9 1
910 0 2 3379 698 7120 1047
911 0 8 3383 749 3418 1123
912 1 3 3387 4 12 6
913 1 1 3391 1 9 1
914 1 6 3393 9 27 13
915 1 2 3397 30 260 45
916 1 9 3400 5 15 7
917 1 1 3404 5 41 7
918 1 4 3407 1 5 1
919 0 1 3411 1124 11720 1686
920 0 9 3414 1146 5392 1719
921 0 6 3418 5295 27600 7942
922 0 3 3422 78 297 117
923 1 6 3426 1 4 1
924 1 1 3430 13 107 19
925 1 3 3433 1 10 1
926 1 4 3437 1 5 1
927 1 7 3441 223 928 334
928 0 1 3445 39 344 58
929 0 3 3448 224 932 336
930 1 1 3452 1247 13064 1870
931 0 1 3455 47 419 70
932 0 7 3458 2 6 3
933 1 4 3462 1 4 1
934 0 2 3466 2 17 3
935 1 1 3470 11 90 16
936 1 1 3473 1 9 1
937 0 1 3476 1 9 1
938 0 3 3479 1 8 1
939 0 8 3483 5 15 7
940 1 1 3487 57 513 85
941 1 2 3490 248 2408 372
942 1 1 3493 2 17 3
943 1 1 3496 714 7291 1071
944 1 1 3499 3278 35841 4917
945 1 25 3502 1 4 1
946 0 2 3507 4 33 6
947 1 1 3511 31397 376849 47095
948 1 1 3514 3 25 4
949 1 15 3517 1 4 1
950 0 19 3521 5 15 7
951 1 1 3526 1 10 1
952 1 7 3529 1 5 1
953 0 9 3533 1 3 1
954 1 9 3537 565 2526 847
955 1 7 3541 1 3 1
956 0 1 3545 2 17 3
957 1 1 3548 83 763 124
958 1 2 3551 1 9 1
959 1 27 3555 12 38 18
960 1 1 3560 1 11 1
961 1 11 3563 5 15 7
962 1 6 3567 7 21 10
963 0 1 3571 6 48 9
964 0 3 3574 1 9 1
965 0 10 3578 25 85 37
966 1 13 3582 1 5 1
967 1 4 3586 33 116 49
968 1 1 3590 1 9 1
969 0 9 3593 1 4 1
970 1 21 3597 1 3 1
971 1 5 3602 1 4 1
972 0 7 3606 69767 423226 104650
