0 0 10 5 1 4 1
1 1 3 9 4 33 6
2 0 9 13 1 3 1
3 0 2 17 31 270 46
4 0 20 20 3 10 4
5 1 4 25 5 40 7
6 1 3 29 14 116 21
7 0 5 33 1 11 1
8 0 1 37 18 152 27
9 0 10 40 1 4 1
10 0 2 44 23 197 34
11 1 7 48 1 4 1
12 1 2 52 57 513 85
13 1 10 56 99640 616203 149460
14 0 3 60 33775 406558 50662
15 0 2 64 30 260 45
16 1 2 68 360 3559 540
17 0 3 72 30516 365864 45774
18 0 107 76 3 9 4
19 1 11 81 9363 50571 14044
20 1 2 85 6889 77743 10333
21 1 2 89 2 17 3
22 0 3 93 9 72 13
23 1 2 97 1 9 1
24 1 2 100 4024 44388 6036
25 1 3 103 1 11 1
26 0 22 107 1138 5352 1707
27 0 14 112 57 211 85
28 1 3 116 816 8385 1224
29 1 14 120 24 81 36
30 1 1 124 1275 13371 1912
31 0 1 127 13 108 19
32 1 1 130 1 9 1
33 1 1 133 61869 762447 92803
34 1 2 136 1 9 1
35 1 4 140 3 25 4
36 0 1 144 618 6269 927
37 1 1 147 740 7570 1110
38 0 1 150 36 316 54
39 1 2 153 7 56 10
40 1 1 157 1 10 1
41 1 2 160 46 410 69
42 1 1 164 85 782 127
43 0 3 167 992 10285 1488
44 0 7 171 3 10 4
45 1 27 175 1712 8283 2568
46 1 3 180 3 25 4
47 0 2 184 1 9 1
48 1 12 188 1 5 1
49 0 4 192 141 1331 211
50 0 2 196 119 1114 178
51 0 2 199 9 72 13
52 0 1 202 45 400 67
53 0 3 204 3 25 4
54 0 6 208 7532 85318 11298
55 0 2 212 80 734 120
56 1 2 216 1 9 1
57 1 1 220 1 10 1
58 0 3 223 1 9 1
59 1 1 227 1 9 1
60 1 4 230 3507 38456 5260
61 1 11 234 5531515 41565200 8297272
62 1 4 238 682 6950 1023
63 0 2 242 6347 71381 9520
64 1 1 246 313 3074 469
65 1 3 249 1 9 1
66 1 1 253 173 1650 259
67 0 5 256 1 12 1
68 1 2 260 1 11 1
69 1 2 263 1049 10904 1573
70 0 4 267 4 33 6
71 1 5 271 13 107 19
72 1 5 275 20 170 30
73 1 7 279 37 131 55
74 1 1 283 356 3518 534
75 1 1 286 107 996 160
76 1 5 289 3 25 4
77 1 22 293 472 2082 708
78 1 3 298 4 33 6
79 1 3 302 316 3105 474
80 1 2 306 253 2459 379
81 1 2 310 172 1640 258
82 1 13 314 1 3 1
83 0 1 318 1941 20741 2911
84 1 2 321 7 56 10
85 0 5 324 1 11 1
86 1 1 328 1 9 1
87 1 1 331 1 11 1
88 0 8 334 128 509 192
89 0 1 338 1 9 1
90 0 2 341 1 10 1
91 0 4 345 43 381 64
92 0 4 349 21 179 31
93 0 2 353 3103 33847 4654
94 1 7 357 1 3 1
95 0 1 361 3337 36514 5005
96 0 2 364 27 233 40
97 0 1 367 333 3280 499
98 0 1 370 10 81 15
99 1 2 373 1 10 1
100 1 3 376 7 56 10
101 0 1 380 1 11 1
102 1 3 383 2802 30428 4203
103 1 1 387 1 9 1
104 1 1 390 112 1045 168
105 1 2 393 123 1153 184
106 1 4 396 484 4853 726
107 1 1 400 280 2735 420
108 0 3 403 1 9 1
109 0 4 407 605 6131 907
110 1 4 411 1530 16177 2295
111 1 4 415 966 10003 1449
112 1 2 419 1 10 1
113 1 6 422 650 6609 975
114 1 7 426 1 4 1
115 1 2 430 9 73 13
116 0 2 434 24 206 36
117 0 1 438 1 10 1
118 1 4 441 574763 7689123 862144
119 0 2 445 232 2245 348
120 0 2 448 2 17 3
121 1 1 452 2 17 3
122 0 3 455 21 179 31
123 0 6 459 315 3095 472
124 0 3 463 2 17 3
125 1 6 467 1 11 1
126 1 2 471 1 9 1
127 1 4 474 54 485 81
128 1 1 478 1 8 1
129 1 1 481 1 8 1
130 1 2 484 16 134 24
131 1 2 487 4 33 6
132 1 5 490 1 9 1
133 1 2 494 1 9 1
134 0 2 497 1 8 1
135 1 2 501 7 56 10
136 1 4 505 1 9 1
137 1 2 509 1 11 1
138 1 6 513 1 6 1
139 0 3 517 538490 7187262 807735
140 0 2 521 38164 461595 57246
141 0 6 525 1 10 1
142 0 21 529 22 74 33
143 0 6 534 466 4664 699
144 0 2 538 2 17 3
145 0 3 542 1974 21109 2961
146 0 6 546 1 10 1
147 0 9 550 2 7 3
148 1 1 554 1 9 1
149 1 2 557 1 10 1
150 1 2 560 4 33 6
151 0 1 564 1 8 1
152 0 3 567 69 628 103
153 1 5 571 9 73 13
154 0 7 575 47 171 70
155 0 1 579 7 56 10
156 1 7 582 1 5 1
157 0 7 586 1 4 1
158 1 1 590 3098 33790 4647
159 1 6 593 434 1902 651
160 1 7 597 1 3 1
161 1 6 601 1 9 1
162 1 20 605 759 3468 1138
163 1 3 610 13 107 19
164 0 3 614 31 270 46
165 0 5 618 7 56 10
166 1 3 622 5 40 7
167 1 3 626 13 107 19
168 1 1 630 113 1055 169
169 0 10 633 99 385 148
170 0 2 637 77 705 115
171 1 3 641 2 17 3
172 1 13 645 4191 21521 6286
173 1 1 649 1 11 1
174 1 2 652 27787 331914 41680
175 1 1 656 7 56 10
176 0 3 659 454 4539 681
177 1 1 663 12 99 18
178 1 7 666 1 4 1
179 0 4 670 128 1202 192
180 1 5 674 1 9 1
181 0 6 678 1 8 1
182 0 4 682 1 10 1
183 0 16 686 1 4 1
184 0 1 690 864 8901 1296
185 0 2 693 5 41 7
186 1 1 697 66615 823264 99922
187 0 3 700 157 1490 235
188 0 3 704 1 11 1
189 0 3 708 1 9 1
190 1 2 712 4532 50246 6798
191 1 2 715 13 108 19
192 1 6 719 1 9 1
193 0 7 723 4 12 6
194 1 32 727 19 63 28
195 1 9 732 59 219 88
196 1 14 736 264 1113 396
197 0 1 740 16 134 24
198 1 10 743 4 12 6
199 0 1 747 8 64 12
200 0 1 750 1 12 1
201 1 2 753 1 8 1
202 1 1 757 115282 1454624 172923
203 1 3 759 18 152 27
204 0 5 763 22134 262007 33201
205 0 1 767 46 409 69
206 1 1 770 17 143 25
207 1 1 773 1 12 1
208 1 1 776 1 9 1
209 1 6 779 6 48 9
210 1 2 783 7 56 10
211 0 4 787 115 1075 172
212 0 1 791 1 9 1
213 0 7 794 71 268 106
214 1 2 798 1 9 1
215 0 3 801 927 9581 1390
216 0 1 805 1 9 1
217 0 2 808 41 363 61
218 0 6 812 1 9 1
219 1 2 816 4 32 6
220 0 7 819 1 5 1
221 0 6 823 1 8 1
222 0 5 827 2 17 3
223 1 4 831 1 10 1
224 1 1 835 4 33 6
225 1 3 838 468 4685 702
226 0 2 842 3 25 4
227 0 3 846 1 9 1
228 0 4 850 4 33 6
229 0 3 854 136 1281 204
230 1 1 858 36 316 54
231 0 3 861 1 14 1
232 1 11 865 11 34 16
233 0 3 869 107263 1349783 160894
234 1 2 873 85 782 127
235 0 1 876 12 99 18
236 0 23 879 2 7 3
237 1 1 884 38 335 57
238 1 5 887 1 11 1
239 0 21 891 1 5 1
240 1 1 896 3 25 4
241 1 2 899 73 666 109
242 1 29 903 3 10 4
243 1 2 908 5 40 7
244 1 4 912 6 48 9
245 1 3 916 4258 47083 6387
246 0 2 920 1489 15724 2233
247 0 3 924 1 9 1
248 0 2 928 2 17 3
249 1 3 932 4011 44238 6016
250 0 3 936 1 12 1
251 0 4 940 25 215 37
252 1 9 944 158 639 237
253 1 1 948 4 33 6
254 0 13 951 1 3 1
255 1 3 955 259 2520 388
256 1 3 959 1 9 1
257 0 1 963 65 590 97
258 1 7 966 7 21 10
259 1 1 970 6 48 9
260 1 4 973 13 107 19
261 0 1 977 1 8 1
262 1 8 980 15 49 22
263 0 2 984 3 25 4
264 0 1 988 4 33 6
265 0 37 991 1 3 1
266 1 13 996 964 4480 1446
267 1 3 1000 1 9 1
268 1 5 1004 836 8600 1254
269 0 3 1008 1 10 1
270 1 3 1012 1 9 1
271 0 7 1016 21 70 31
272 0 3 1020 6 48 9
273 1 1 1024 4 33 6
274 1 14 1027 218 905 327
275 1 1 1031 332 3270 498
276 0 10 1034 1 3 1
277 1 7 1038 1 5 1
278 1 4 1042 1 9 1
279 0 10 1046 71 268 106
280 1 4 1050 1 11 1
281 1 1 1054 3 25 4
282 0 3 1057 2 17 3
283 1 3 1061 1 9 1
284 0 3 1065 1 10 1
285 0 2 1069 18 152 27
286 0 1 1073 41 362 61
287 0 2 1076 1251 13108 1876
288 1 7 1080 125 496 187
289 0 1 1084 2 17 3
290 1 3 1087 1 11 1
291 0 3 1091 124 1163 186
292 0 4 1095 663 6747 994
293 1 1 1099 2 17 3
294 0 16 1102 9859 53419 14788
295 0 4 1106 864 8901 1296
296 1 3 1110 534 5380 801
297 0 1 1114 728 7441 1092
298 1 1 1117 19724 232404 29586
299 0 4 1120 204 1962 306
300 1 3 1124 146 1381 219
301 1 2 1128 1 9 1
302 1 4 1131 7 56 10
303 0 3 1135 784 8041 1176
304 0 1 1139 20 170 30
305 1 3 1142 1 9 1
306 0 4 1146 102 947 153
307 1 1 1150 1 10 1
308 0 7 1153 7 21 10
309 0 2 1157 4 32 6
310 1 2 1160 23 197 34
311 0 37 1164 1 5 1
312 0 2 1169 227 2195 340
313 1 15 1173 1 6 1
314 0 1 1177 274 2673 411
315 1 9 1180 4 13 6
316 1 4 1184 2 17 3
317 0 15 1188 4957 25730 7435
318 0 13 1192 2 6 3
319 0 9 1196 6 18 9
320 0 1 1200 31 270 46
321 1 4 1203 1 10 1
322 0 2 1207 57 513 85
323 1 4 1210 34 297 51
324 0 9 1214 1 5 1
325 0 2 1218 7 56 10
326 0 5 1222 115 1074 172
327 1 14 1226 120 475 180
328 0 2 1230 21 179 31
329 1 2 1233 1072 11154 1608
330 0 3 1236 1 10 1
331 0 4 1240 70 637 105
332 0 7 1244 2 7 3
333 0 1 1248 1 12 1
334 1 5 1251 2 17 3
335 1 3 1255 546 5506 819
336 1 4 1259 18 152 27
337 1 9 1263 1 4 1
338 0 8 1267 1 3 1
339 1 2 1271 46 410 69
340 1 2 1275 1945 20786 2917
341 0 1 1279 1 10 1
342 0 1 1282 4 33 6
343 0 21 1285 1 3 1
344 0 1 1290 672785 9050565 1009177
345 1 5 1293 1 9 1
346 1 5 1297 229 2215 343
347 0 2 1301 5 40 7
348 1 1 1305 237 2296 355
349 1 4 1308 3 25 4
350 1 2 1312 4400 48721 6600
351 1 2 1316 12 99 18
352 0 2 1320 1 10 1
353 1 2 1323 11 90 16
354 1 2 1326 21 179 31
355 1 2 1330 157 1490 235
356 0 1 1334 9 73 13
357 1 1 1337 1 11 1
358 0 1 1340 1 10 1
359 1 2 1343 97 898 145
360 0 1 1346 2 17 3
361 0 5 1349 156 1480 234
362 0 3 1353 6 48 9
363 0 1 1357 1 9 1
364 0 2 1360 6 48 9
365 0 10 1364 589 2641 883
366 0 2 1368 3 25 4
367 0 6 1372 14 116 21
368 1 3 1376 16 134 24
369 0 56 1380 2 6 3
370 1 1 1385 8 64 12
371 1 1 1388 1 9 1
372 1 2 1391 4202 46437 6303
373 0 6 1395 432 4309 648
374 0 3 1399 1 12 1
375 0 3 1403 6 48 9
376 0 1 1407 47 419 70
377 1 3 1410 146 1381 219
378 0 3 1414 952 9852 1428
379 1 2 1418 2 17 3
380 1 24 1421 222 923 333
381 0 3 1426 1 10 1
382 1 11 1430 181 740 271
383 0 1 1434 1 9 1
384 0 2 1437 340 3353 510
385 1 7 1441 1 6 1
386 0 1 1445 1 8 1
387 0 1 1448 11 90 16
388 0 6 1451 7 56 10
389 0 3 1455 6 48 9
390 0 1 1459 2 17 3
391 1 1 1462 1 9 1
392 0 2 1465 1 9 1
393 1 1 1469 1 9 1
394 1 6 1472 1 12 1
395 0 2 1476 1 9 1
396 0 3 1480 3 25 4
397 1 4 1484 1 9 1
398 1 4 1488 63 570 94
399 1 1 1492 120 1123 180
400 1 7 1495 187 767 280
401 0 1 1499 954 9873 1431
402 1 1 1502 1 8 1
403 0 1 1504 1 9 1
404 1 1 1507 1 9 1
405 1 17 1510 81 310 121
406 0 1 1515 4 33 6
407 0 1 1518 7 56 10
408 0 2 1521 6 48 9
409 1 11 1525 716418 4898492 1074627
410 1 7 1529 1 3 1
411 0 1 1533 1962 20976 2943
412 1 2 1536 8 64 12
413 1 4 1540 9 73 13
414 1 4 1544 320 3146 480
415 0 14 1548 3 9 4
416 1 2 1552 842 8664 1263
417 0 3 1556 1 12 1
418 0 1 1560 1 9 1
419 1 3 1563 107 996 160
420 1 8 1567 1 3 1
421 0 1 1571 62 561 93
422 0 1 1573 22 188 33
423 0 4 1576 13 108 19
424 1 1 1580 1 10 1
425 1 3 1583 1 9 1
426 0 9 1587 1 4 1
427 1 3 1591 1 11 1
428 1 2 1595 4 33 6
429 0 1 1599 1 11 1
430 1 3 1602 303 2971 454
431 1 4 1606 13 108 19
432 1 6 1610 115 1075 172
433 1 2 1614 1099 11448 1648
434 1 4 1618 1 10 1
435 1 1 1622 3669 40312 5503
436 0 3 1625 1 10 1
437 0 14 1629 6501 34328 9751
438 1 3 1633 926 9570 1389
439 1 1 1637 17331 203147 25996
440 0 10 1640 1 3 1
441 1 1 1644 1 9 1
442 0 2 1647 2 17 3
443 0 11 1650 3 10 4
444 0 3 1654 2 17 3
445 1 11 1658 1 4 1
446 0 2 1662 29 252 43
447 0 2 1666 864 8901 1296
448 1 4 1670 21 179 31
449 1 3 1674 92 849 138
450 0 2 1678 1 10 1
451 0 1 1681 121 1133 181
452 1 1 1684 1 9 1
453 0 3 1687 726 7420 1089
454 1 2 1691 875 9020 1312
455 1 5 1695 48 428 72
456 0 1 1699 613 6216 919
457 0 5 1702 3041 33141 4561
458 0 3 1706 20 170 30
459 0 3 1710 7 56 10
460 1 17 1714 50 183 75
461 0 2 1719 4 33 6
462 1 3 1723 1 9 1
463 0 102 1727 1 4 1
464 0 5 1732 1 9 1
465 0 9 1736 29 101 43
466 0 5 1740 1 9 1
467 1 6 1744 96 889 144
468 1 4 1748 470 4707 705
469 0 3 1752 1 9 1
470 1 4 1756 1 9 1
471 0 11 1760 48 175 72
472 0 2 1764 7 56 10
473 1 1 1767 4 33 6
474 1 1 1770 1 9 1
475 1 4 1773 3 25 4
476 0 2 1777 531 5348 796
477 0 2 1781 29 252 43
478 0 6 1784 3 25 4
479 0 7 1788 2 6 3
480 1 1 1792 1 9 1
481 1 11 1795 55 203 82
482 1 1 1799 16 134 24
483 1 1 1801 1 11 1
484 0 7 1804 62 231 93
485 1 2 1808 17 143 25
486 1 50 1811 2 7 3
487 0 3 1816 246 2388 369
488 0 3 1820 79 724 118
489 0 2 1824 1 9 1
490 0 4 1828 303 2971 454
491 0 2 1832 88 811 132
492 1 2 1835 747 7644 1120
493 1 1 1839 47 419 70
494 1 1 1841 486 4875 729
495 1 3 1844 4435 49126 6652
496 1 1 1848 2 17 3
497 1 1 1851 1 9 1
498 1 2 1854 26 224 39
499 1 4 1858 2 17 3
500 1 6 1862 4 33 6
501 0 2 1866 2 17 3
502 0 7 1869 1 3 1
503 1 1 1873 5 40 7
504 0 1 1876 1 12 1
505 1 2 1879 30 261 45
506 1 2 1882 2 17 3
507 0 1 1885 15 125 22
508 0 6 1888 1 10 1
509 0 4 1892 1 9 1
510 0 3 1896 1 9 1
511 1 4 1900 1 11 1
512 1 3 1904 7952 90280 11928
513 0 5 1908 38 334 57
514 1 16 1912 1 4 1
515 0 19 1917 1 3 1
516 0 1 1922 6 48 9
517 0 2 1925 267 2602 400
518 1 2 1929 14 116 21
519 0 1 1933 13 107 19
520 0 4 1936 1 11 1
521 0 2 1940 1 10 1
522 1 4 1944 11 90 16
523 1 2 1948 2 17 3
524 0 2 1952 187 1791 280
525 1 2 1956 27 233 40
526 1 1 1960 1 9 1
527 0 14 1963 1 3 1
528 1 4 1967 106 986 159
529 1 7 1971 2461 12203 3691
530 0 9 1975 257 1081 385
531 0 6 1979 5 40 7
532 0 9 1983 1 5 1
533 0 1 1987 1 9 1
534 0 5 1990 1 10 1
535 0 8 1994 8 24 12
536 0 2 1998 2 17 3
537 0 1 2002 24 206 36
538 0 2 2005 29 251 43
539 1 1 2009 1 9 1
540 0 6 2012 1 9 1
541 0 1 2016 1 9 1
542 0 6 2019 3416 37416 5124
543 0 2 2023 691 7046 1036
544 0 4 2027 7 56 10
545 0 2 2031 1 10 1
546 1 1 2034 1 9 1
547 1 2 2037 629 6386 943
548 0 2 2041 799 8202 1198
549 0 2 2045 3 25 4
550 1 1 2049 1 9 1
551 1 3 2051 76 695 114
552 0 1 2055 1 10 1
553 0 4 2058 150 1420 225
554 0 4 2062 38 335 57
555 1 5 2066 241 2337 361
556 0 9 2070 32 112 48
557 1 2 2074 9100 103893 13650
558 0 6 2077 27 93 40
559 0 2 2081 2 17 3
560 0 1 2084 1 11 1
561 0 4 2087 1 10 1
562 1 8 2091 2 6 3
563 1 2 2095 85 782 127
564 1 1 2098 1 9 1
565 1 1 2101 84 772 126
566 0 1 2104 7 56 10
567 1 10 2107 6 18 9
568 1 3 2111 1 9 1
569 1 41 2115 5 15 7
570 1 10 2120 44 159 66
571 1 4 2124 2 17 3
572 1 1 2128 167 1590 250
573 1 2 2131 1919 20495 2878
574 1 1 2135 26 224 39
575 0 18 2138 23 78 34
576 0 6 2143 21 179 31
577 0 9 2147 10 31 15
578 1 7 2151 443 1945 664
579 1 2 2155 5734 64211 8601
580 0 3 2158 1 9 1
581 0 5 2162 213 2053 319
582 0 1 2166 8 64 12
583 0 2 2169 30 261 45
584 0 4 2173 1 9 1
585 0 1 2177 4 33 6
586 1 2 2180 4 32 6
587 1 7 2183 1 4 1
588 0 1 2187 286 2796 429
589 1 1 2189 1 10 1
590 0 1 2192 20 170 30
591 1 1 2195 2250 24200 3375
592 0 1 2198 1 11 1
593 1 2 2201 9 73 13
594 1 1 2204 9 72 13
595 1 2 2207 1 9 1
596 1 1 2211 3 25 4
597 0 7 2213 487 2153 730
598 0 2 2217 3 25 4
599 1 2 2221 21 179 31
600 0 9 2225 7 21 10
601 0 1 2229 1 9 1
602 1 5 2232 28 242 42
603 1 8 2236 1 4 1
604 0 1 2240 1 9 1
605 0 9 2243 1 3 1
606 1 4 2247 1 11 1
607 1 14 2251 12 38 18
608 1 16 2255 5 15 7
609 1 3 2259 51 457 76
610 0 4 2263 2 17 3
611 0 3 2267 408 4058 612
612 0 1 2271 1 9 1
613 1 7 2274 1 3 1
614 1 12 2278 2434 12060 3651
615 0 2 2282 2772 30089 4158
616 0 5 2285 2 17 3
617 1 4 2289 1 9 1
618 1 3 2293 1 12 1
619 1 4 2297 220 2124 330
620 1 2 2301 33 288 49
621 0 2 2304 269 2622 403
622 0 6 2308 2 17 3
623 1 5 2312 1 9 1
624 1 11 2316 1 6 1
625 1 1 2320 1 9 1
626 0 3 2323 101 937 151
627 0 1 2327 1592 16862 2388
628 1 1 2330 6 48 9
629 1 1 2333 5 40 7
630 0 4 2336 24 206 36
631 1 3 2340 1 9 1
632 0 2 2344 1 11 1
633 0 17 2348 155 626 232
634 0 1 2353 2817309 39808009 4225963
635 1 2 2356 297 2909 445
636 0 1 2359 628543 8435181 942814
637 1 2 2362 1 10 1
638 0 8 2366 197 812 295
639 1 5 2370 1 11 1
640 1 2 2374 448 4476 672
641 1 2 2378 34083 410412 51124
642 0 1 2381 1 9 1
643 0 3 2384 701 7153 1051
644 1 4 2388 507 5095 760
645 1 3 2392 1 9 1
646 0 7 2396 137 548 205
647 1 3 2400 143 1351 214
648 0 8 2404 1 6 1
649 0 1 2408 2 17 3
650 1 16 2411 2 6 3
651 0 1 2415 1682 17859 2523
652 0 1 2418 724 7398 1086
653 1 1 2421 2 17 3
654 0 2 2424 20 170 30
655 0 9 2428 12 38 18
656 1 6 2432 370 1602 555
657 1 4 2436 6 48 9
658 1 33 2440 4 13 6
659 1 2 2445 2 17 3
660 0 2 2449 1839 19604 2758
661 0 2 2453 1 9 1
662 0 3 2457 553 5580 829
663 0 6 2461 9 72 13
664 0 4 2465 36 316 54
665 0 1 2469 1 10 1
666 1 1 2472 5 40 7
667 1 3 2475 100 927 150
668 0 7 2479 51827 309296 77740
669 1 1 2483 7 56 10
670 0 6 2486 23 197 34
671 1 2 2490 1 9 1
672 0 2 2493 1618 17150 2427
673 1 1 2497 129 1212 193
674 0 2 2500 4 33 6
675 1 2 2504 10 81 15
676 0 1 2507 1 11 1
677 1 8 2510 193 794 289
678 1 1 2514 1 8 1
679 0 1 2517 17253 202197 25879
680 1 4 2520 1 9 1
681 1 4 2524 321 3156 481
682 1 9 2528 9 27 13
683 0 1 2532 1274 13359 1911
684 1 5 2535 1 9 1
685 0 1 2539 1 10 1
686 0 1 2542 940 9722 1410
687 1 48 2545 309 1319 463
688 1 7 2550 40 143 60
689 1 2 2554 1 9 1
690 0 2 2557 48 428 72
691 0 44 2561 1 5 1
692 0 16 2566 48 175 72
693 1 3 2570 22 188 33
694 1 1 2574 1 9 1
695 0 7 2577 390 1695 585
696 1 2 2581 6 48 9
697 1 2 2585 366 3621 549
698 0 1 2588 1 9 1
699 0 1 2591 3 25 4
700 1 1 2594 1871 19960 2806
701 1 2 2597 33 288 49
702 1 2 2601 4 33 6
703 1 2 2605 7 56 10
704 1 5 2609 1345 14139 2017
705 1 1 2613 4 33 6
706 1 3 2616 4 33 6
707 0 1 2620 18 152 27
708 1 13 2622 1 3 1
709 0 4 2626 1 9 1
710 1 3 2630 5 40 7
711 0 7 2634 2 7 3
712 1 19 2638 7 21 10
713 1 1 2643 1 10 1
714 1 2 2646 72 657 108
715 0 5 2650 10 81 15
716 1 2 2654 13 107 19
717 1 1 2658 5 40 7
718 1 5 2661 1 10 1
719 1 3 2665 1 11 1
720 1 3 2669 1 12 1
721 1 12 2673 44 159 66
722 0 3 2677 1 10 1
723 1 1 2681 1 9 1
724 0 6 2684 2 17 3
725 0 1 2688 1 9 1
726 1 3 2691 1 9 1
727 1 10 2695 30 104 45
728 1 2 2699 4 32 6
729 1 8 2703 9 27 13
730 0 8 2707 76 289 114
731 1 5 2711 1 10 1
732 1 6 2715 150 1420 225
733 1 3 2719 228 2205 342
734 0 3 2723 12 99 18
735 0 1 2727 4 33 6
736 0 4 2730 6 48 9
737 0 1 2734 1 9 1
738 0 8 2737 1 3 1
739 0 4 2741 2586 27984 3879
740 1 2 2745 1 9 1
741 1 2 2749 1 9 1
742 1 4 2753 2 17 3
743 0 8 2757 423483 2821835 635224
744 1 1 2761 97 899 145
745 0 7 2764 15 48 22
746 0 10 2768 36 127 54
747 1 1 2772 1 10 1
748 1 4 2775 1 8 1
749 1 2 2779 9 72 13
750 0 2 2783 9 73 13
751 0 1 2787 1 9 1
752 1 4 2790 136 1281 204
753 0 9 2794 13 41 19
754 0 13 2798 4 13 6
755 0 8 2802 1 5 1
756 0 4 2806 1 10 1
757 1 3 2810 2 17 3
758 1 2 2814 1 11 1
759 1 1 2818 3 25 4
760 0 6 2821 1 14 1
761 1 11 2825 61 227 91
762 0 2 2829 105 976 157
763 1 10 2833 4 12 6
764 0 4 2837 3 25 4
765 0 2 2841 48 428 72
766 1 1 2845 3411 37359 5116
767 1 1 2848 47 419 70
768 1 3 2850 1112 11589 1668
769 0 3 2854 4 33 6
770 0 2 2858 74 676 111
771 1 3 2862 1 10 1
772 1 2 2866 56 504 84
773 0 4 2870 121 1134 181
774 1 10 2874 10 31 15
775 1 11 2878 4620 23873 6930
776 0 2 2882 39 344 58
777 1 2 2886 2 17 3
778 0 4 2890 38 335 57
779 1 1 2894 6 48 9
780 1 7 2897 1 3 1
781 0 1 2901 2 17 3
782 1 1 2903 962 9960 1443
783 0 1 2906 76 695 114
784 1 2 2909 1 10 1
785 0 5 2912 63 570 94
786 1 1 2916 1 10 1
787 1 1 2919 2114 22675 3171
788 0 4 2922 1 10 1
789 0 3 2926 150 1420 225
790 1 3 2930 4 33 6
791 0 1 2934 1 9 1
792 0 5 2937 1 9 1
793 0 21 2941 1 4 1
794 0 1 2946 1 9 1
795 0 4 2949 1 9 1
796 0 1 2953 1 11 1
797 1 2 2956 778 7977 1167
798 1 1 2959 490 4916 735
799 0 3 2962 2 17 3
800 0 5 2966 13 107 19
801 1 11 2970 394 1714 591
802 1 2 2974 1 11 1
803 1 4 2977 1 10 1
804 1 1 2981 18 152 27
805 1 3 2984 2 17 3
806 1 2 2988 1 12 1
807 1 6 2992 1 9 1
808 1 3 2996 7 56 10
809 1 1 3000 1 10 1
810 0 22 3003 1 6 1
811 1 13 3008 666 3014 999
812 1 2 3012 800 8213 1200
813 1 3 3016 28 242 42
814 1 2 3020 101 937 151
815 1 9 3024 121 479 181
816 1 2 3028 5 40 7
817 1 2 3031 1 10 1
818 0 11 3035 1 4 1
819 0 1 3039 288 2817 432
820 0 4 3042 1 11 1
821 1 2 3046 5 41 7
822 1 3 3050 212 2043 318
823 1 2 3054 1 9 1
824 1 5 3057 1 9 1
825 1 1 3061 113 1055 169
826 0 3 3064 71 647 106
827 0 1 3068 1 10 1
828 0 7 3071 3 9 4
829 0 16 3075 1 4 1
830 0 4 3079 35 307 52
831 0 6 3083 1 9 1
832 1 1 3087 1 10 1
833 0 6 3089 1148 11982 1722
834 0 2 3093 6 48 9
835 1 2 3096 25 215 37
836 1 2 3100 25 215 37
837 0 8 3103 23 78 34
838 0 2 3107 16 134 24
839 0 4 3111 274408 3575037 411612
840 0 1 3115 434 4330 651
841 0 2 3118 1228 12856 1842
842 1 5 3121 1 9 1
843 0 2 3125 224 2164 336
844 1 3 3128 1 9 1
845 1 1 3132 118 1104 177
846 0 10 3135 122 483 183
847 0 4 3139 16 134 24
848 1 11 3143 38 135 57
849 0 9 3147 4 12 6
850 1 1 3151 7 56 10
851 1 2 3154 11 90 16
852 0 39 3158 56 207 84
853 1 3 3163 139 1311 208
854 1 6 3167 1 11 1
855 1 1 3171 39 344 58
856 1 1 3174 32 279 48
857 1 3 3177 2 17 3
858 1 6 3181 1 9 1
859 0 1 3185 3 25 4
860 1 29 3188 1 4 1
861 0 9 3193 2 7 3
862 0 5 3197 1 12 1
863 1 7 3201 1515 7269 2272
864 0 1 3205 22723 269262 34084
865 0 1 3208 1 10 1
866 1 4 3211 1 9 1
867 0 19 3215 1 5 1
868 0 3 3220 167 1590 250
869 1 8 3224 3 9 4
870 1 1 3228 100 927 150
871 0 2 3231 10 81 15
872 0 1 3235 1 11 1
873 1 5 3238 1 10 1
874 0 3 3242 2840 30859 4260
875 1 4 3246 6 48 9
876 0 4 3250 497251 6618103 745876
877 0 3 3254 25 215 37
878 1 6 3258 1 5 1
879 0 4 3262 2 17 3
880 0 4 3266 8 64 12
881 0 9 3270 2 6 3
882 1 9 3274 1 4 1
883 1 2 3278 8 64 12
884 1 17 3281 1 4 1
885 1 2 3286 4 33 6
886 0 19 3289 2 7 3
887 1 1 3294 140 1321 210
888 1 12 3297 1 3 1
889 0 1 3301 1 9 1
890 0 2 3304 1 12 1
891 1 5 3308 284 2776 426
892 1 16 3312 1 4 1
893 0 1 3316 1902 20306 2853
894 1 2 3319 20 170 30
895 0 1 3322 1 10 1
896 0 1 3325 1 9 1
897 0 8 3328 1 3 1
898 0 1 3332 1 12 1
899 1 17 3335 779 3566 1168
900 1 3 3340 1 9 1
901 1 13 3344 89 343 133
902 1 4 3348 1 10 1
903 0 2 3352 5 41 7
904 1 5 3355 3 25 4
905 0 5 3359 1 8 1
906 0 9 3363 1 4 1
907 0 7 3367 138 552 207
908 1 3 3371 1 9 1
909 1 2 3375 28 243 42
910 0 1 3379 1 12 1
911 0 2 3382 13 108 19
912 1 2 3386 1 9 1
913 0 6 3390 1 11 1
914 0 20 3394 1 3 1
915 1 2 3399 4 33 6
916 1 2 3403 1 12 1
917 0 14 3407 1 4 1
918 0 1 3411 5 40 7
919 0 2 3414 2 17 3
920 0 3 3418 3 25 4
921 1 6 3422 6 48 9
922 1 7 3426 1 3 1
923 1 4 3430 1232 12899 1848
924 1 5 3434 199 1911 298
925 0 3 3438 870 8966 1305
926 0 3 3442 1 10 1
927 0 3 3446 142 1341 213
928 0 1 3450 13 107 19
929 1 4 3453 1 9 1
930 0 38 3457 1410 6731 2115
931 1 1 3462 1 11 1
932 0 4 3465 1 9 1
933 1 1 3469 31 270 46
934 0 2 3472 2499 27003 3748
935 0 2 3475 12 98 18
936 0 1 3479 31 270 46
937 1 3 3482 1 10 1
938 0 2 3486 1 9 1
939 1 6 3490 2 6 3
940 0 2 3494 1 11 1
941 1 1 3497 22 188 33
942 0 3 3500 1 11 1
943 0 1 3504 3 25 4
944 1 1 3507 1 9 1
945 0 6 3510 1 12 1
946 1 1 3514 1 9 1
947 0 3 3517 171 1630 256
948 1 34 3521 5 15 7
949 0 1 3526 1678 17815 2517
950 0 9 3529 2 7 3
951 0 5 3533 1 10 1
952 1 1 3537 1 9 1
953 0 2 3540 1 9 1
954 1 6 3544 689 3126 1033
955 1 2 3548 11 90 16
956 0 4 3552 4156 45908 6234
957 0 2 3556 1 9 1
958 0 6 3560 1 9 1
959 1 2 3564 1 10 1
960 1 4 3567 1 9 1
961 1 14 3571 1 3 1
962 0 14 3575 1 4 1
963 1 1 3579 1 10 1
964 1 4 3582 2 17 3
965 1 6 3586 2 17 3
966 1 6 3590 18262 102677 27393
967 0 4 3594 40 353 60
968 0 4 3598 593 6003 889
969 0 2 3602 1 10 1
970 1 2 3606 1 9 1
