0 0 6 5 1 9 1
1 0 5 13 1 9 1
2 0 8 21 805 3693 1207
3 1 1 29 1 9 1
4 0 1 35 1 10 1
5 0 4 42 1 12 1
6 1 3 50 1 9 1
7 1 3 58 4 33 6
8 1 12 66 41592 245185 62388
9 1 4 75 1 10 1
10 0 2 83 2 17 3
11 0 3 90 68 618 102
12 0 1 98 1 10 1
13 1 4 102 2 17 3
14 0 5 110 256 2490 384
15 1 1 118 1 9 1
16 0 7 124 1 4 1
17 0 3 132 3 25 4
18 0 1 140 2 17 3
19 0 5 147 1049 10904 1573
20 1 1 155 1 10 1
21 1 9 161 1 5 1
22 0 8 170 516 2291 774
23 1 3 178 2 17 3
24 1 5 186 6 48 9
25 1 112 194 1 4 1
26 0 9 204 1 4 1
27 0 1 213 1 10 1
28 0 4 218 90 830 135
29 1 1 226 860 8858 1290
30 1 4 232 1 9 1
31 0 4 240 4 33 6
32 0 8 248 85 326 127
33 0 14 257 10 31 15
34 0 1 266 197 1891 295
35 1 7 272 577 2583 865
36 1 1 280 3 25 4
37 0 39 287 176 718 264
38 0 1 297 129 1212 193
39 1 4 303 10 81 15
40 1 3 311 41 363 61
41 1 8 319 833 3831 1249
42 0 4 327 2 17 3
43 1 4 335 7 56 10
44 0 10 343 1 3 1
45 1 1 352 70 637 105
46 0 2 358 537 5411 805
47 0 1 365 3 25 4
48 0 9 372 11771 64470 17656
49 0 3 381 1 9 1
50 0 1 389 1 11 1
51 0 2 395 1 11 1
52 0 2 402 4 33 6
53 1 2 409 1 11 1
54 1 4 416 1 8 1
55 1 1 424 1 11 1
56 0 1 430 25 215 37
57 1 3 436 491 4927 736
58 1 2 443 7 56 10
59 0 1 450 1 9 1
60 0 24 456 1 3 1
61 1 3 465 750 7676 1125
62 0 6 473 189 1811 283
63 0 1 481 1 9 1
64 0 1 487 1 9 1
65 1 1 493 196 1881 294
66 0 1 499 179 1710 268
67 1 3 505 44 391 66
68 1 2 513 1 9 1
69 1 3 520 183 1750 274
70 0 1 528 2 17 3
71 1 1 534 15349 179034 23023
72 1 3 540 1484 15669 2226
73 1 3 548 1 10 1
74 0 3 556 2 17 3
75 0 5 564 1 10 1
76 1 3 572 1 9 1
77 0 5 580 2 17 3
78 0 2 588 54 485 81
79 0 1 595 329 3239 493
80 0 10 601 3 10 4
81 0 1 610 2 17 3
82 0 3 617 1 11 1
83 0 16 625 6871 36408 10306
84 0 8 634 41 147 61
85 1 1 642 347 3425 520
86 0 4 645 1 11 1
87 0 1 653 1 10 1
88 0 1 660 3 25 4
89 1 5 667 15 125 22
90 1 5 675 119 1114 178
91 1 1 683 1145 11949 1717
92 1 1 689 6 48 9
93 0 2 695 16033 187342 24049
94 1 6 702 454 4539 681
95 1 2 710 3 25 4
96 0 3 717 3 25 4
97 1 2 725 54 485 81
98 0 2 732 1 9 1
99 1 4 739 2 17 3
100 1 3 747 1 9 1
101 0 6 755 1 9 1
102 1 15 763 1 5 1
103 0 5 772 74 676 111
104 1 9 780 3 10 4
105 0 4 789 1 11 1
106 1 2 797 1 9 1
107 0 1 804 2 17 3
108 0 5 810 1 9 1
109 0 10 818 2 6 3
110 1 3 827 101 937 151
111 1 2 835 34 297 51
112 1 1 842 4 33 6
113 0 26 849 1 4 1
114 1 2 858 8 64 12
115 1 1 865 94 869 141
116 1 4 871 72 657 108
117 0 4 879 17 143 25
118 1 8 887 1 3 1
119 1 1 895 82 753 123
120 0 2 901 1 9 1
121 0 1 908 5 40 7
122 0 1 915 6084 68301 9126
123 1 1 920 2 17 3
124 0 3 926 1672 17749 2508
125 1 2 934 1 10 1
126 1 1 941 1 9 1
127 1 3 947 1 8 1
128 1 5 955 53289 652947 79933
129 0 1 963 7877 89393 11815
130 1 9 969 11 34 16
131 0 5 978 18 152 27
132 1 7 986 181 740 271
133 1 6 994 2 17 3
134 0 1 1002 5 40 7
135 1 30 1008 2 7 3
136 1 5 1017 38 335 57
137 0 2 1025 6 48 9
138 0 3 1032 1 11 1
139 0 4 1040 1 9 1
140 1 10 1048 31 108 46
141 1 4 1057 9 73 13
142 1 8 1065 17 56 25
143 0 4 1074 4783 53151 7174
144 0 1 1082 2 17 3
145 0 9 1088 1 5 1
146 0 1 1097 512 5148 768
147 0 145 1104 26614 152955 39921
148 0 1 1114 17 143 25
149 1 2 1120 284 2776 426
150 0 3 1127 180068806 2147483647 270103209
151 1 6 1135 9 72 13
152 0 3 1143 1 8 1
153 1 1 1151 24039 285497 36058
154 0 1 1156 250 2428 375
155 1 2 1162 1 9 1
156 1 6 1169 2 6 3
157 0 1 1177 1 9 1
158 1 14 1184 1 3 1
159 1 3 1193 1 11 1
160 0 2 1201 1 8 1
161 0 3 1208 2076 22250 3114
162 1 2 1216 1 9 1
163 1 4 1223 5 40 7
164 0 8 1231 3 9 4
165 1 5 1239 1 10 1
166 0 9 1247 3 10 4
167 1 8 1256 1387 6614 2080
168 0 2 1265 1 9 1
169 1 2 1272 11056 127243 16584
170 1 2 1279 7 56 10
171 0 1 1286 1 9 1
172 0 1 1292 40 353 60
173 0 4 1298 29 251 43
174 1 4 1306 239189 3100657 358783
175 1 19 1314 7 21 10
176 1 1 1323 1 9 1
177 1 3 1328 1 12 1
178 0 5 1336 25 215 37
179 0 4 1344 1 9 1
180 0 1 1352 4 33 6
181 1 2 1357 1 10 1
182 1 3 1364 28 243 42
183 0 1 1371 1 10 1
184 1 3 1378 5 41 7
185 1 4 1386 82 753 123
186 1 11 1394 421 1841 631
187 1 1 1403 3 25 4
188 0 2 1409 1 11 1
189 0 2 1416 1 10 1
190 1 2 1423 28978 346715 43467
191 0 1 1430 270 2633 405
192 0 7 1436 450 1978 675
193 0 1 1444 113 1055 169
194 1 3 1449 3 25 4
195 0 3 1457 245 2378 367
196 1 3 1465 45 400 67
197 0 2 1473 851 8761 1276
198 0 1 1480 92 850 138
199 1 5 1486 1 10 1
200 0 4 1494 23436 278054 35154
201 0 10 1502 229 955 343
202 0 3 1511 1 9 1
203 0 4 1519 141 1331 211
204 0 10 1527 1 4 1
205 0 1 1536 108 1006 162
206 0 4 1543 3 25 4
207 0 1 1551 1 9 1
208 0 10 1558 10 31 15
209 1 3 1567 50 447 75
210 0 1 1575 99 918 148
211 1 1 1581 5 40 7
212 1 3 1586 33 288 49
213 1 7 1594 1 6 1
214 1 3 1602 276 2694 414
215 0 1 1610 9 73 13
216 0 22 1616 2 6 3
217 1 1 1625 2 17 3
218 0 3 1632 1 8 1
219 1 2 1640 1 9 1
220 0 3 1647 4 33 6
221 1 12 1655 1500893 10629851 2251339
222 1 1 1664 5 40 7
223 0 1 1670 135 1272 202
224 1 2 1677 1 9 1
225 1 3 1684 1 9 1
226 0 1 1692 24 206 36
227 1 1 1698 1 12 1
228 1 3 1703 1 11 1
229 0 4 1711 22 188 33
230 1 2 1719 75 685 112
231 1 9 1726 2 7 3
232 0 3 1735 15 125 22
233 1 8 1743 22 74 33
234 0 13 1751 1 5 1
235 0 8 1760 638 2878 957
236 0 2 1769 597 6046 895
237 0 7 1776 1 4 1
238 1 8 1784 1 3 1
239 0 7 1793 1 4 1
240 1 3 1801 93 859 139
241 0 1 1809 17 143 25
242 1 1 1815 4 33 6
243 0 4 1821 17 143 25
244 1 4 1829 1 9 1
245 0 4 1837 1 9 1
246 1 2 1845 15 125 22
247 1 1 1852 43203 525076 64804
248 0 2 1858 41299 501055 61948
249 1 2 1865 4822 53603 7233
250 1 1 1872 1 10 1
251 1 2 1879 633 6428 949
252 1 4 1886 52 466 78
253 0 1 1894 1465 15459 2197
254 0 2 1900 37 325 55
255 0 1 1907 1 10 1
256 0 2 1914 2 17 3
257 0 6 1921 5 40 7
258 1 2 1929 1586 16796 2379
259 0 2 1936 1 8 1
260 0 6 1943 1 9 1
261 1 2 1951 43800 532616 65700
262 0 6 1958 89 820 133
263 1 2 1966 1 10 1
264 0 4 1973 27 233 40
265 0 9 1981 1 3 1
266 0 2 1990 1 11 1
267 0 1 1997 29 251 43
268 1 8 2002 1 5 1
269 1 1 2011 57 513 85
270 0 1 2017 1 9 1
271 0 3 2023 10233 117397 15349
272 0 3 2031 14436 167965 21654
273 0 3 2038 540 5443 810
274 1 1 2046 1 9 1
275 0 3 2052 165 1570 247
276 0 7 2059 2 7 3
277 0 8 2067 2 7 3
278 0 5 2075 16 134 24
279 1 7 2083 42 151 63
280 0 3 2091 1757 18692 2635
281 0 2 2099 2 17 3
282 0 1 2106 422 4204 633
283 1 1 2112 1 9 1
284 0 3 2118 15 125 22
285 0 1 2126 106 986 159
286 0 6 2132 290 2837 435
287 0 5 2140 1 9 1
288 1 3 2148 1 8 1
289 1 4 2155 4 33 6
290 0 1 2163 79 724 118
291 1 12 2168 1 4 1
292 1 5 2177 1 11 1
293 1 3 2185 1 9 1
294 0 1 2192 1 9 1
295 0 6 2198 2706 29341 4059
296 1 1 2206 1 10 1
297 1 1 2213 1 10 1
298 1 4 2219 1 9 1
299 1 2 2227 1 10 1
300 0 2 2234 4900 54507 7350
301 0 4 2241 4 33 6
302 0 5 2249 2 17 3
303 0 6 2257 1 9 1
304 1 20 2265 37 131 55
305 1 2 2274 4 33 6
306 1 1 2281 111 1035 166
307 1 2 2287 1 10 1
308 1 5 2294 2 17 3
309 1 1 2302 1 8 1
310 1 7 2308 31753 184346 47629
311 0 5 2316 13 107 19
312 0 3 2324 12394 143312 18591
313 0 2 2331 168 1600 252
314 1 6 2338 11 90 16
315 0 1 2346 89865 1123326 134797
316 0 2 2352 2577 27883 3865
317 1 2 2359 6299 70819 9448
318 0 1 2366 2 17 3
319 0 7 2371 268 1132 402
320 1 5 2379 1 9 1
321 0 2 2387 1 9 1
322 0 2 2394 1 11 1
323 1 1 2401 3 25 4
324 1 2 2408 1 9 1
325 1 6 2415 12 98 18
326 0 21 2423 22 74 33
327 1 4 2432 1 9 1
328 0 1 2440 2640 28595 3960
329 0 1 2446 212 2043 318
330 0 1 2452 56 504 84
331 0 4 2459 1 9 1
332 0 3 2467 5552 62088 8328
333 1 2 2475 38 334 57
334 0 2 2482 304 2981 456
335 0 6 2489 71 647 106
336 1 2 2497 73 666 109
337 0 9 2504 1 4 1
338 1 6 2513 1 10 1
339 1 2 2521 30 261 45
340 1 5 2528 9409 107570 14113
341 1 2 2536 3 25 4
342 1 3 2543 139 1311 208
343 1 2 2551 9 72 13
344 1 2 2558 6 48 9
345 0 2 2565 1 9 1
346 0 5 2572 1 10 1
347 1 1 2580 2413 26033 3619
348 0 7 2587 18 59 27
349 0 7 2595 5 15 7
350 0 2 2603 217 2093 325
351 1 1 2610 24 206 36
352 1 2 2615 109 1016 163
353 1 1 2622 11 90 16
354 0 1 2628 23 197 34
355 1 3 2635 209 2013 313
356 0 1 2643 5 40 7
357 1 9 2649 1 4 1
358 0 1 2658 21942 259645 32913
359 1 6 2662 2 17 3
360 1 2 2670 1 11 1
361 1 5 2677 2 17 3
362 1 2 2685 2 17 3
363 0 1 2692 16 134 24
364 1 1 2698 1 11 1
365 1 5 2705 1 9 1
366 1 14 2713 39269 230744 58903
367 0 4 2722 1 10 1
368 0 2 2730 1 12 1
369 0 6 2737 1244 5887 1866
370 0 20 2745 55 203 82
371 1 9 2754 1 5 1
372 0 5 2763 1 9 1
373 0 3 2771 8 64 12
374 1 8 2779 84 322 126
375 0 11 2788 3 9 4
376 1 4 2797 11 90 16
377 0 2 2805 1 9 1
378 1 4 2812 3 25 4
379 1 4 2820 1 8 1
380 1 5 2828 64 580 96
381 1 5 2836 1 9 1
382 1 1 2844 4568 50663 6852
383 1 1 2850 295 2889 442
384 0 1 2855 80 733 120
385 1 3 2862 23 197 34
386 1 5 2870 1 9 1
387 0 8 2878 6 18 9
388 1 1 2886 20 170 30
389 0 4 2892 1 9 1
390 1 32 2900 729 3321 1093
391 0 1 2909 3213363 45604102 4820044
392 0 17 2915 14 45 21
393 0 1 2924 2 17 3
394 1 8 2930 6 18 9
395 1 1 2939 4 33 6
396 1 2 2944 13 108 19
397 0 6 2951 110368 1390345 165552
398 0 6 2959 3 25 4
399 0 9 2967 52 191 78
400 0 2 2976 2 17 3
401 0 3 2983 6 48 9
402 0 1 2990 19 161 28
403 1 1 2995 1 9 1
404 0 2 2999 584 5908 876
405 0 2 3006 79 724 118
406 0 3 3013 2 17 3
407 0 2 3021 93 860 139
408 0 2 3028 11 90 16
409 0 2 3035 3 25 4
410 1 4 3042 1 12 1
411 1 1 3050 1078 11219 1617
412 0 6 3056 1 9 1
413 1 4 3064 5 40 7
414 1 5 3072 2 17 3
415 1 3 3080 2490 26901 3735
416 0 15 3088 204 843 306
417 0 2 3097 2547 27544 3820
418 0 2 3104 1 9 1
419 1 10 3111 1 4 1
420 1 2 3120 1 10 1
421 1 2 3127 1979 21165 2968
422 1 1 3134 2 17 3
423 1 7 3141 1549 7443 2323
424 0 2 3149 3 25 4
425 1 2 3156 1 11 1
426 0 1 3163 2 17 3
427 0 2 3169 267 2602 400
428 0 23 3176 115 453 172
429 1 1 3185 1 9 1
430 1 2 3191 6 48 9
431 1 7 3198 2 6 3
432 0 10 3206 427 1869 640
433 1 10 3215 1 4 1
434 1 8 3224 96 372 144
435 1 2 3232 36 316 54
436 0 2 3239 1 11 1
437 0 3 3246 23 197 34
438 1 1 3254 1 11 1
439 0 3 3260 26 224 39
440 1 3 3267 1 9 1
441 0 14 3275 1 5 1
442 0 4 3284 10 81 15
443 1 2 3292 7 56 10
444 1 1 3299 41 362 61
445 0 4 3304 17 143 25
446 1 1 3312 1 8 1
447 1 1 3317 1 10 1
448 1 1 3323 111 1035 166
449 1 2 3329 1 11 1
450 0 1 3336 800 8213 1200
451 1 1 3342 1 11 1
452 1 1 3348 1 9 1
453 0 2 3354 1 11 1
454 1 6 3361 1 11 1
455 0 1 3369 1 9 1
456 0 2 3374 12 98 18
457 0 1 3381 1 9 1
458 0 6 3387 3 25 4
459 0 1 3395 24 206 36
460 1 1 3400 635 6449 952
461 1 21 3407 1 4 1
462 0 3 3416 1 10 1
463 0 8 3424 1 4 1
464 0 2 3433 1 8 1
465 1 3 3440 2 17 3
466 0 5 3448 1 10 1
467 1 3 3456 171 1630 256
468 0 12 3464 4 12 6
469 1 2 3473 16 134 24
470 0 5 3480 1 9 1
471 0 3 3488 1 10 1
472 1 1 3496 1 9 1
473 0 8 3502 1985 9701 2977
474 0 2 3511 197052 2536363 295578
475 0 3 3518 1 10 1
476 0 3 3526 1 10 1
477 1 3 3534 1 10 1
478 0 3 3541 10 81 15
479 0 4 3548 5 40 7
480 0 16 3556 1 4 1
481 0 3 3565 27 233 40
482 1 1 3572 1 10 1
483 0 4 3578 10 81 15
484 1 2 3586 147 1391 220
485 1 15 3593 1 4 1
486 0 5 3602 614 6226 921
487 1 10 3610 1 5 1
