0 0 5 5 1 5 1
1 0 4 9 1 3 1
2 0 2 13 770 7891 1155
3 0 2 16 298 2920 447
4 1 1 20 106 986 159
5 1 1 23 90 830 135
6 1 5 26 1 5 1
7 0 3 30 2 7 3
8 1 14 34 1 3 1
9 1 2 38 14 116 21
10 1 1 42 81 743 121
11 0 2 45 9 73 13
12 0 3 49 7 56 10
13 0 1 53 1211 12670 1816
14 0 12 56 2 7 3
15 0 2 60 16 134 24
16 0 7 63 1 4 1
17 1 1 67 24635 292860 36952
18 1 1 69 1 8 1
19 0 13 72 808 3708 1212
20 1 3 76 1 3 1
21 1 2 80 3 25 4
22 1 4 84 1 4 1
23 1 1 88 2 17 3
24 1 12 91 22 74 33
25 0 5 95 1 4 1
26 1 6 99 1 3 1
27 0 3 103 3 10 4
28 0 2 107 1 9 1
29 1 9 111 365 1579 547
30 1 10 115 2 6 3
31 0 5 119 26 89 39
32 0 5 123 6730 35614 10095
33 1 1 127 1 9 1
34 1 1 130 1 11 1
35 0 12 133 2 7 3
36 1 7 137 82 314 123
37 1 1 141 1504 15890 2256
38 0 7 144 243871 1580446 365806
39 1 1 148 2 17 3
40 0 2 150 5487 61331 8230
41 1 3 153 6516 34412 9774
42 1 5 157 60 223 90
43 0 3 161 166 674 249
44 0 2 165 2 17 3
45 0 1 169 2 17 3
46 1 2 172 3857 42468 5785
47 1 3 176 15 49 22
48 0 2 180 28 242 42
49 1 2 184 1 10 1
50 0 2 188 27 233 40
51 1 1 191 4 33 6
52 0 8 194 1 4 1
53 0 6 198 1 3 1
54 0 1 202 10 81 15
55 0 3 205 39 344 58
56 1 2 209 1 12 1
57 1 6 213 1 4 1
58 0 9 217 1 4 1
59 1 9 221 36 127 54
60 0 1 225 1 9 1
61 0 4 228 157027 994750 235540
62 0 7 232 180 736 270
63 0 4 236 225 937 337
64 0 2 240 1 9 1
65 0 1 244 27 233 40
66 1 3 247 1695 8195 2542
67 1 3 251 8 24 12
68 1 7 255 204 843 306
69 1 2 259 1 10 1
70 0 1 263 2 17 3
71 1 6 266 1 3 1
72 0 3 270 1 3 1
73 0 2 274 32 279 48
74 1 2 278 1 9 1
75 0 2 281 227 2195 340
76 0 9 284 13741 75964 20611
77 0 2 288 9 73 13
78 1 8 291 532 2368 798
79 1 13 295 73 276 109
80 1 1 299 1 9 1
81 0 3 302 1 9 1
82 0 2 306 3 25 4
83 1 5 310 1 3 1
84 0 5 314 15 48 22
85 0 8 318 330 1416 495
86 0 9 322 1 5 1
87 0 2 326 10685 122801 16027
88 1 5 329 1 4 1
89 1 1 333 21 179 31
90 1 2 336 8 64 12
91 1 3 339 78 714 117
92 1 1 343 1 10 1
93 1 2 346 71939 891677 107908
94 0 6 350 1 4 1
95 1 6 354 229 955 343
96 1 4 358 5 15 7
97 1 11 362 4071 20865 6106
98 1 2 366 965 9993 1447
99 0 1 370 21 179 31
100 1 3 373 32 112 48
101 1 2 377 4 33 6
102 1 1 381 1 8 1
103 1 1 384 37 325 55
104 0 8 387 1 4 1
105 0 2 391 197 1891 295
106 0 3 395 1 9 1
107 0 1 399 1 12 1
108 1 3 402 17 56 25
109 0 2 406 3 25 4
110 1 5 410 1 4 1
111 0 1 414 1 9 1
112 1 3 417 1 4 1
113 1 1 421 998 10350 1497
114 0 1 424 6 48 9
115 0 2 427 1 9 1
116 0 58 431 209 865 313
117 1 1 436 3 25 4
118 0 1 439 27 233 40
119 0 5 442 15 48 22
120 1 8 446 33 116 49
121 1 1 450 159 1510 238
122 0 5 453 10 31 15
123 0 2 457 45 400 67
124 0 3 460 69 260 103
125 0 4 464 2 7 3
126 0 6 468 2 6 3
127 1 1 472 2 17 3
128 1 1 475 1 9 1
129 0 1 478 31 270 46
130 1 1 481 1 11 1
131 0 8 484 3 10 4
132 0 7 488 1 4 1
133 1 5 492 47 171 70
134 0 4 496 5 15 7
135 0 2 500 8 64 12
136 0 3 503 4 13 6
137 1 13 507 1 3 1
138 1 1 511 1 8 1
139 0 4 514 5 15 7
140 1 1 518 46 410 69
141 1 2 521 13 107 19
142 0 12 524 1 4 1
143 0 1 528 818 8406 1227
144 0 2 531 39 344 58
145 0 1 534 16 134 24
146 1 2 537 5962 66875 8943
147 1 1 541 1 10 1
148 1 1 544 1 9 1
149 1 5 547 1 4 1
150 1 6 551 1974 9644 2961
151 0 9 555 224 932 336
152 0 9 559 1 4 1
153 1 2 563 1 10 1
154 1 5 566 179 732 268
155 1 3 570 6 18 9
156 0 6 574 71 268 106
157 0 2 578 22 188 33
158 0 5 582 7 21 10
159 0 27 586 4 12 6
160 1 28 591 176 718 264
161 1 2 596 1 9 1
162 1 4 600 11 34 16
163 0 13 604 1 3 1
164 1 17 608 1 4 1
165 1 4 613 904 4182 1356
166 0 1 617 4 33 6
167 1 1 620 11 90 16
168 0 1 623 6370 71650 9555
169 1 2 626 1 11 1
170 0 4 630 1 4 1
171 1 2 634 5275 58863 7912
172 0 1 637 1573 16652 2359
173 0 1 640 9 73 13
174 1 1 643 12501 144600 18751
175 1 2 646 1 10 1
176 0 2 649 1 9 1
177 1 4 653 544 2425 816
178 1 19 657 4 12 6
179 0 1 662 5 40 7
180 1 4 665 3 9 4
181 1 7 669 318 1361 477
182 1 2 673 2 17 3
183 1 2 676 456 4560 684
184 1 4 680 1 4 1
185 1 5 684 3 10 4
186 1 1 688 1 10 1
187 0 3 691 2028 9926 3042
188 0 1 695 337 3321 505
189 1 2 698 18 152 27
190 0 3 701 21 70 31
191 0 60 705 1925 9389 2887
192 0 2 710 5 40 7
193 1 6 713 4 12 6
194 0 2 717 92 850 138
195 0 13 721 60 223 90
196 1 1 725 15 125 22
197 1 5 728 38 135 57
198 1 4 732 2 7 3
199 0 2 736 28 242 42
200 0 10 739 8 24 12
201 0 1 743 2 17 3
202 1 2 746 1 13 1
203 0 3 750 624 2810 936
204 1 1 754 1897 20250 2845
205 1 13 757 6 18 9
206 1 4 761 291 1237 436
207 1 2 765 5 40 7
208 0 6 768 1 6 1
209 1 11 772 3 10 4
210 1 1 776 5726 64118 8589
211 0 3 779 1 10 1
212 1 1 783 229 2215 343
213 1 1 785 2 17 3
214 1 2 788 1 9 1
215 0 3 792 306 1306 459
216 0 5 796 7 21 10
217 1 2 800 1974 21109 2961
218 1 10 803 420 1836 630
219 0 6 807 1 5 1
220 0 3 811 1 4 1
221 0 1 815 33 288 49
222 1 34 818 17825 100077 26737
223 0 7 823 3 10 4
224 0 1 827 580 5866 870
225 0 6 830 12 38 18
226 1 4 834 62 231 93
227 1 1 838 1 10 1
228 1 6 841 1 3 1
229 1 3 845 22 74 33
230 1 4 849 9 27 13
231 1 1 853 60 542 90
232 0 1 855 2 17 3
233 1 15 858 4 12 6
234 1 4 862 1 5 1
235 1 2 866 14 116 21
236 1 1 870 2 17 3
237 1 2 873 1 9 1
238 0 2 877 5 40 7
239 1 1 881 1 10 1
240 0 5 884 8 24 12
241 1 13 888 37 132 55
242 1 7 892 501 2220 751
243 1 9 896 3 10 4
244 0 1 900 89 821 133
245 1 1 903 22250 263436 33375
246 1 7 906 5 15 7
247 1 11 910 8 24 12
248 0 2 914 32024 384674 48036
249 1 1 918 4 33 6
250 0 8 921 1 4 1
251 1 1 925 5 41 7
252 0 3 928 475 4759 712
253 1 27 932 1 3 1
254 1 3 937 19 63 28
255 0 3 941 898 9268 1347
256 1 1 945 12 99 18
257 0 3 948 2997 15057 4495
258 1 1 952 1 11 1
259 1 3 955 2105 10329 3157
260 1 15 959 10 31 15
261 0 2 963 303 2971 454
262 0 4 966 144 578 216
263 1 3 970 67 252 100
264 0 2 974 2 17 3
265 1 4 978 6 18 9
266 0 1 982 101 938 151
267 1 4 985 1 5 1
268 0 5 989 927 4296 1390
269 0 1 993 4 33 6
270 1 3 996 1 4 1
271 1 1 1000 306 3002 459
272 0 2 1003 1 9 1
273 1 4 1007 640 2888 960
274 0 8 1011 71 268 106
275 0 2 1015 196 1881 294
276 1 2 1019 388 3850 582
277 1 3 1022 42 151 63
278 0 1 1026 2 17 3
279 1 2 1029 3 25 4
280 1 1 1033 1 10 1
281 0 5 1036 1 3 1
282 1 2 1040 8 64 12
283 1 6 1044 891 4118 1336
284 0 10 1048 24 82 36
285 0 2 1052 1 9 1
286 1 3 1055 3 25 4
287 1 1 1059 15428 179992 23142
288 1 14 1062 1 4 1
289 1 5 1066 204 843 306
290 1 6 1070 817 3753 1225
291 1 3 1074 3704 40713 5556
292 1 5 1078 1 3 1
293 1 8 1082 183 749 274
294 1 3 1086 1 7 1
295 1 8 1090 12 38 18
296 1 3 1094 2 17 3
297 1 1 1098 1 9 1
298 0 1 1101 214884 2774694 322326
299 1 4 1104 6198 32630 9297
300 0 2 1108 149667 1906973 224500
301 0 2 1112 1 9 1
302 0 19 1116 1 4 1
303 0 2 1121 1 9 1
304 0 2 1125 108 1006 162
305 1 3 1129 1 4 1
306 1 9 1133 70 264 105
307 1 3 1137 252 1059 378
308 0 5 1141 856 3945 1284
309 0 13 1145 2 6 3
310 0 1 1149 6258 70338 9387
311 0 4 1152 1 6 1
312 0 2 1156 48 428 72
313 1 1 1160 26694 318351 40041
314 1 3 1163 2 17 3
315 0 1 1167 1 9 1
316 0 4 1170 5 15 7
317 1 2 1174 56 504 84
318 0 1 1178 1 8 1
319 1 1 1181 17 143 25
320 0 3 1184 648 6588 972
321 1 1 1188 11 90 16
322 1 1 1191 25 215 37
323 0 2 1194 72731 901870 109096
324 0 22 1197 1 5 1
325 0 3 1202 1 5 1
326 0 2 1206 49 438 73
327 1 5 1210 1 4 1
328 0 5 1214 1 4 1
329 1 14 1218 1 5 1
330 0 1 1222 1 8 1
331 1 3 1225 1 5 1
332 1 5 1229 156 630 234
333 0 2 1233 1 10 1
334 1 2 1236 1 12 1
335 0 14 1239 11 34 16
336 1 4 1243 23 78 34
337 0 2 1247 1 9 1
338 1 2 1250 1598 16929 2397
339 1 1 1253 1 9 1
340 0 1 1256 896 9246 1344
341 1 2 1259 387 3840 580
342 1 10 1263 9 27 13
343 0 5 1267 1 3 1
344 1 6 1271 423 1850 634
345 1 4 1275 69 260 103
346 1 3 1279 3232 35316 4848
347 1 1 1283 1 11 1
348 1 2 1286 134786 1710690 202179
349 1 9 1290 1 5 1
350 1 3 1294 1 4 1
351 1 2 1298 7 56 10
352 1 5 1301 35 124 52
353 0 1 1305 436 4351 654
354 0 2 1308 2 17 3
355 0 2 1312 1 10 1
356 0 5 1316 53 195 79
357 0 1 1320 2 17 3
358 1 3 1323 1 4 1
359 0 3 1327 4 33 6
360 0 5 1331 231 964 346
361 1 8 1335 1 3 1
362 0 2 1339 1 9 1
363 0 3 1343 1 12 1
364 1 2 1347 1009 10469 1513
365 1 3 1351 7 21 10
366 1 7 1355 3 9 4
367 1 5 1359 220 914 330
368 0 2 1363 532 5358 798
369 0 6 1367 1 3 1
370 0 2 1371 1 9 1
371 0 1 1374 1 12 1
372 1 1 1377 62 561 93
373 0 9 1380 1 4 1
374 0 1 1384 3 25 4
375 0 3 1387 28 97 42
376 1 3 1391 32 279 48
377 1 3 1395 1 4 1
378 1 3 1399 1 9 1
379 1 2 1403 532806 7108723 799209
380 0 1 1407 26 224 39
381 1 9 1410 1 5 1
382 0 4 1414 1 4 1
383 1 9 1418 1 4 1
384 1 4 1422 9747 52775 14620
385 1 1 1426 1 9 1
386 0 12 1429 1 4 1
387 0 2 1433 2 17 3
388 1 1 1436 1 10 1
389 0 3 1439 4 33 6
390 0 3 1443 1 9 1
391 1 2 1447 1 10 1
392 1 3 1451 4 12 6
393 1 3 1455 9 27 13
394 0 2 1459 3 25 4
395 0 6 1463 50518 301056 75777
396 0 3 1467 1 3 1
397 1 4 1471 1 5 1
398 1 3 1475 2 7 3
399 0 5 1479 16354 91352 24531
400 0 2 1483 1 10 1
401 1 5 1487 133 530 199
402 1 4 1491 1 3 1
403 0 3 1495 1 12 1
404 1 2 1499 32 279 48
405 1 10 1503 1 4 1
406 0 16 1507 58 215 87
407 0 5 1511 17 56 25
408 1 2 1515 5 40 7
409 0 4 1518 751 3428 1126
410 0 2 1522 5 40 7
411 1 2 1525 2636 28550 3954
412 0 3 1529 1 10 1
413 1 16 1533 1 4 1
414 1 1 1538 150 1420 225
415 0 12 1541 7 21 10
416 0 1 1545 14 116 21
417 0 2 1548 5 41 7
418 0 2 1552 1 9 1
419 0 4 1556 47 171 70
420 1 3 1560 1 9 1
421 0 3 1564 9 27 13
422 1 32 1568 28 97 42
423 0 8 1573 96 372 144
424 1 7 1577 39 139 58
425 1 3 1581 185 758 277
426 1 2 1585 32 279 48
427 1 1 1589 1 10 1
428 1 3 1592 29 101 43
429 1 6 1596 2600 12940 3900
430 0 1 1600 1299 13634 1948
431 0 6 1603 2 7 3
432 0 9 1607 3 10 4
433 0 3 1611 360 1555 540
434 1 1 1615 1 10 1
435 0 5 1618 1 5 1
436 0 3 1622 1 3 1
437 1 4 1626 2 7 3
438 0 14 1630 50 183 75
439 1 9 1634 1 3 1
440 0 1 1638 1 10 1
441 1 3 1641 323 1384 484
442 1 4 1645 1 3 1
443 0 1 1649 1 10 1
444 0 1 1652 1 9 1
445 1 4 1655 1 3 1
446 0 3 1659 5 15 7
447 1 4 1663 1 3 1
448 1 2 1667 1 12 1
449 1 6 1671 5 15 7
450 0 6 1675 70 264 105
451 0 1 1679 1 9 1
452 0 2 1682 1 10 1
453 1 7 1686 82 314 123
454 1 3 1690 736 3355 1104
455 0 2 1694 1801 19181 2701
456 0 3 1698 135 1271 202
457 1 5 1702 41 147 61
458 0 4 1706 201 829 301
459 0 4 1710 1 4 1
460 0 2 1714 57 513 85
461 1 3 1717 39 139 58
462 1 1 1721 9 73 13
463 1 2 1723 22 188 33
464 1 9 1726 23 78 34
465 1 4 1730 2 7 3
466 0 7 1734 1 4 1
467 0 3 1738 1004 4680 1506
468 0 4 1742 2 6 3
469 0 5 1746 1 4 1
470 1 14 1750 2 6 3
471 0 2 1754 1 9 1
472 1 14 1757 25 85 37
473 0 1 1761 1 9 1
474 1 3 1764 37 131 55
475 0 2 1768 30907 370738 46360
476 1 10 1772 715 3252 1072
477 0 1 1776 28 242 42
478 1 3 1779 91048 560349 136572
479 0 4 1783 1 5 1
480 0 20 1787 147 591 220
481 0 15 1792 1 4 1
482 0 3 1796 35 124 52
483 1 2 1800 7 56 10
484 0 6 1803 60 223 90
485 1 2 1807 404 4016 606
486 0 3 1811 1 3 1
487 1 4 1815 1 4 1
488 1 2 1819 292 2858 438
489 0 8 1823 5 15 7
490 1 1 1827 220 2124 330
491 0 2 1830 2 17 3
492 0 3 1834 1 5 1
493 0 1 1838 1 10 1
494 0 1 1841 9 73 13
495 0 9 1844 1 3 1
496 1 3 1848 1 3 1
497 0 1 1852 1 9 1
498 1 4 1855 234 978 351
499 0 5 1859 1 4 1
500 0 1 1863 1 9 1
501 1 3 1866 1 4 1
502 1 1 1870 1 10 1
503 1 6 1873 50 183 75
504 1 8 1877 1 4 1
505 1 2 1881 1 8 1
506 0 10 1884 2 6 3
507 0 3 1888 131 1232 196
508 0 2 1892 5 40 7
509 0 1 1895 7 56 10
510 1 2 1898 7 56 10
511 0 1 1901 284 2776 426
512 1 2 1904 1 11 1
513 0 8 1908 68 256 102
514 0 2 1912 1 10 1
515 0 1 1916 1 9 1
516 1 1 1919 2 17 3
517 1 3 1922 4 12 6
518 0 4 1926 173 705 259
519 1 1 1930 15 125 22
520 0 3 1933 1178 5554 1767
521 0 4 1937 1 4 1
522 1 9 1941 5 15 7
523 1 5 1945 3479 17650 5218
524 0 75 1949 1 3 1
525 1 2 1954 1 9 1
526 0 2 1957 1 9 1
527 1 7 1960 239 1000 358
528 1 5 1964 6893 36531 10339
529 0 2 1968 47 419 70
530 0 7 1972 21 70 31
531 0 1 1976 2 17 3
532 1 4 1978 1 5 1
533 1 7 1982 150 604 225
534 0 7 1986 12 38 18
535 0 4 1990 1 6 1
536 0 3 1994 13 41 19
537 0 16 1998 4794 24831 7191
538 1 4 2002 76 289 114
539 1 3 2006 8 24 12
540 0 1 2010 2 17 3
541 1 7 2013 4 12 6
542 1 6 2017 1 3 1
543 0 2 2021 10 81 15
544 1 2 2025 125712 1591380 188568
545 0 2 2029 1 11 1
546 0 1 2033 40 353 60
547 0 2 2036 219 2114 328
548 0 2 2039 117 1094 175
549 0 5 2042 8 24 12
550 1 1 2046 1 9 1
551 1 1 2049 1 9 1
552 1 2 2052 222 2144 333
553 1 1 2056 3 25 4
554 0 1 2059 191 1831 286
555 0 8 2062 101 393 151
556 1 1 2066 19 161 28
557 1 1 2069 9362 107010 14043
558 1 4 2072 16 52 24
559 1 2 2076 207 1992 310
560 1 4 2079 20 66 30
561 1 9 2083 947 4396 1420
562 0 4 2087 96 372 144
563 1 9 2091 13 41 19
564 1 2 2095 8 64 12
565 1 10 2098 1 4 1
566 0 3 2102 1 10 1
567 0 2 2106 1058 11001 1587
568 0 1 2110 1 10 1
569 1 2 2113 1 11 1
570 1 3 2117 307 3012 460
571 1 3 2121 345 1486 517
572 1 2 2125 1 9 1
573 0 6 2128 1 4 1
574 1 1 2132 36 316 54
575 1 3 2134 4186 46253 6279
576 0 2 2138 10962 126117 16443
577 1 1 2142 1 9 1
578 0 4 2145 30 104 45
579 0 6 2149 178 727 267
580 0 9 2153 1944 9487 2916
581 0 1 2157 32 279 48
582 1 1 2159 7 56 10
583 1 3 2162 1 4 1
584 0 1 2166 1 8 1
585 1 4 2169 1 4 1
586 0 4 2173 1 4 1
587 0 3 2177 1 6 1
588 0 2 2181 2 17 3
589 0 15 2185 173 705 259
590 0 6 2189 48 175 72
591 1 7 2193 1 4 1
592 1 59 2197 3 9 4
593 1 11 2202 11 34 16
594 1 1 2206 77 705 115
595 1 5 2209 84 322 126
596 1 4 2213 31 108 46
597 0 5 2217 2 7 3
598 0 7 2221 1 3 1
599 0 2 2225 1 9 1
600 1 7 2229 2 7 3
601 0 5 2233 192 789 288
602 1 4 2237 1 5 1
603 1 1 2241 4 33 6
604 0 1 2244 5 40 7
605 0 1 2247 3039 33119 4558
606 1 22 2250 56 207 84
607 1 4 2255 1 4 1
608 1 3 2259 8 24 12
609 0 1 2263 121 1133 181
610 0 1 2266 2 17 3
611 0 1 2269 1 11 1
612 0 5 2271 26 89 39
613 1 21 2275 18 59 27
614 0 1 2280 3258 35613 4887
615 1 1 2283 2 17 3
616 0 5 2286 48 175 72
617 0 2 2290 7889 89534 11833
618 0 5 2294 1 4 1
619 0 4 2298 8384 44977 12576
620 1 1 2302 27497 328313 41245
621 0 1 2305 964 9981 1446
622 0 13 2308 1 4 1
623 0 4 2312 23 78 34
624 1 19 2316 2 6 3
625 0 7 2321 1 3 1
626 1 1 2325 1 9 1
627 1 1 2328 486 4874 729
628 1 1 2331 1 10 1
629 1 2 2334 3 25 4
630 1 1 2338 3 25 4
631 1 19 2341 14261 79014 21391
632 0 2 2346 6031 67681 9046
633 0 4 2349 1 4 1
634 1 3 2353 1 4 1
635 0 1 2357 3 25 4
636 1 5 2360 207803 1335689 311704
637 1 7 2364 202 834 303
638 1 1 2368 1 9 1
639 1 1 2371 12 99 18
640 1 5 2374 1 4 1
641 1 1 2378 1 9 1
642 1 2 2381 2 17 3
643 0 2 2384 1 9 1
644 1 1 2388 16 134 24
645 1 8 2391 777 3556 1165
646 1 4 2395 973 4525 1459
647 0 2 2399 66 599 99
648 0 11 2403 109 427 163
649 0 13 2407 12 38 18
650 0 3 2411 53 475 79
651 1 4 2415 6 18 9
652 1 3 2419 1 10 1
653 0 1 2423 3 25 4
654 0 1 2426 3940 43422 5910
655 0 3 2429 1 11 1
656 0 16 2433 4 12 6
657 0 4 2437 1 5 1
658 0 14 2441 77 293 115
659 1 2 2445 4957 55168 7435
660 1 5 2449 26 89 39
661 0 13 2453 19 63 28
662 0 3 2457 37 325 55
663 0 3 2461 3438 17428 5157
664 0 10 2465 13 41 19
665 1 20 2469 1856 9030 2784
666 1 2 2474 40 353 60
667 1 1 2478 351 3466 526
668 1 1 2481 40 353 60
669 0 3 2484 938 9700 1407
670 0 6 2488 3 10 4
671 1 5 2492 1 4 1
672 0 1 2496 136 1282 204
673 1 4 2499 41 147 61
674 1 1 2503 94151 1178976 141226
675 1 2 2506 27 233 40
676 1 3 2509 20 170 30
677 0 2 2513 1 9 1
678 1 8 2516 2 6 3
679 0 1 2520 1482 15647 2223
680 1 2 2523 477 4780 715
681 0 1 2527 3 25 4
682 1 1 2530 1 10 1
683 1 19 2533 1 4 1
684 0 2 2538 11 90 16
685 0 1 2542 3705 40724 5557
686 0 5 2545 1 5 1
687 1 1 2549 1 8 1
688 0 1 2551 38 335 57
689 1 2 2554 44 391 66
690 0 3 2558 1 13 1
691 1 8 2562 2 6 3
692 1 1 2566 48 428 72
693 1 1 2569 1 9 1
694 1 4 2572 4 13 6
695 1 2 2576 18283 214769 27424
696 1 4 2580 9392 50738 14088
697 1 4 2584 3 9 4
698 0 2 2588 2 17 3
699 1 1 2592 1 12 1
700 0 1 2594 4 33 6
701 0 1 2596 2913 31687 4369
702 1 2 2599 2 17 3
703 1 1 2603 218 2103 327
704 0 2 2605 190 1821 285
705 1 2 2608 50 447 75
706 1 2 2611 2695 29217 4042
707 1 1 2615 29 252 43
708 1 5 2617 14 45 21
709 0 6 2621 17 56 25
710 1 1 2625 602 6099 903
711 0 22 2628 78675 480395 118012
712 0 4 2633 8 24 12
713 0 1 2637 1 9 1
714 1 8 2639 45 163 67
715 0 8 2643 1 3 1
716 0 2 2647 683 6960 1024
717 0 2 2651 61 551 91
718 1 2 2654 1 9 1
719 1 3 2657 390 1695 585
720 0 2 2661 1 11 1
721 0 1 2665 2080 22294 3120
722 0 1 2668 29 252 43
723 0 2 2671 1 12 1
724 1 7 2675 2 6 3
725 1 15 2679 8 24 12
726 1 3 2683 3 25 4
727 1 13 2687 348 1500 522
728 1 4 2691 3 9 4
729 1 7 2695 1 4 1
730 0 6 2699 10308 56004 15462
731 0 1 2703 13 107 19
732 0 3 2706 72 272 108
733 0 3 2710 439 1926 658
734 0 2 2714 18007 211397 27010
735 0 17 2717 10 31 15
736 1 4 2722 2539 12616 3808
737 1 1 2726 1 10 1
738 0 2 2729 1 9 1
739 1 6 2733 1284745 9032867 1927117
740 1 15 2737 1 3 1
741 0 2 2741 10 81 15
742 1 1 2744 7227 81722 10840
743 0 1 2747 339 3342 508
744 1 1 2750 3 25 4
745 1 8 2753 2 7 3
746 0 7 2757 1 4 1
747 1 6 2761 2 7 3
748 1 1 2765 12432 143769 18648
749 0 5 2767 8755 47093 13132
750 0 5 2771 62055 374036 93082
751 1 1 2775 1 9 1
752 1 5 2778 1 3 1
753 1 3 2782 564 2521 846
754 0 3 2786 101 393 151
755 0 1 2790 230 2225 345
756 1 2 2793 1 11 1
757 0 7 2796 705 3204 1057
758 1 3 2800 375 3715 562
759 0 1 2804 12 98 18
760 1 1 2807 2 17 3
761 0 4 2808 421 1841 631
762 0 3 2812 3 10 4
763 0 5 2816 1438 6874 2157
764 0 69 2820 3 10 4
765 1 3 2825 1 5 1
766 0 1 2829 40 353 60
767 1 1 2832 68 618 102
768 0 1 2835 87 801 130
769 1 3 2838 945 4386 1417
770 1 19 2842 369 1597 553
771 0 1 2847 10 81 15
772 0 2 2850 14098 163874 21147
773 1 2 2854 1 11 1
774 1 3 2857 1 4 1
775 1 2 2861 1 13 1
776 1 2 2865 1 9 1
777 0 2 2869 1 12 1
778 1 10 2873 1 4 1
779 1 2 2877 1 11 1
780 1 5 2881 150 604 225
781 1 9 2885 1269 6014 1903
782 1 5 2889 109 427 163
783 1 2 2893 1 9 1
784 0 8 2896 3 9 4
785 0 3 2900 4805 24891 7207
786 0 3 2904 24 81 36
787 1 2 2908 7 56 10
788 1 2 2911 1 12 1
789 0 4 2914 1 5 1
790 0 9 2918 1 3 1
791 0 4 2922 6 18 9
792 0 2 2926 1 9 1
793 0 3 2930 91 840 136
794 0 12 2934 1900259 13606748 2850388
795 1 2 2938 1 9 1
796 0 7 2942 1 5 1
797 1 5 2946 254 1068 381
798 0 4 2950 1 4 1
799 1 8 2954 72 272 108
800 1 1 2958 1 12 1
801 0 16 2961 111 436 166
802 0 2 2966 1 9 1
803 0 1 2970 7 56 10
804 0 1 2973 297 2909 445
805 1 2 2976 1 9 1
806 1 1 2980 1 10 1
807 1 2 2983 1 9 1
808 1 1 2987 492 4937 738
809 1 3 2990 85 326 127
810 0 15 2994 1 3 1
811 0 13 2998 364 1574 546
812 0 8 3002 25 85 37
813 1 3 3006 1 3 1
814 0 2 3010 2 17 3
815 0 4 3014 1 4 1
816 1 3 3018 3 9 4
817 1 5 3022 89 343 133
818 0 2 3026 1 12 1
819 0 2 3030 401 3985 601
820 1 1 3033 1 10 1
821 0 1 3036 83 763 124
822 1 2 3039 7 56 10
823 1 1 3043 1 10 1
824 1 3 3046 115 1074 172
825 0 1 3050 3 25 4
826 0 2 3053 4 32 6
827 1 1 3057 5 40 7
828 1 2 3060 48 428 72
829 0 1 3064 15 125 22
830 0 4 3067 71346 433333 107019
831 0 9 3071 13 41 19
832 1 1 3075 5 40 7
833 1 4 3077 33 116 49
834 1 1 3081 1 10 1
835 1 2 3084 10 81 15
836 1 1 3087 1 9 1
837 0 1 3089 1 9 1
838 0 2 3092 134 1262 201
839 1 3 3096 3 25 4
840 1 2 3100 15 125 22
841 1 10 3104 1 6 1
842 0 3 3108 1 4 1
843 1 1 3112 89 820 133
844 0 1 3115 473 4738 709
845 0 1 3118 15 125 22
846 0 1 3121 130 1222 195
847 1 3 3124 1 3 1
848 0 6 3128 1 3 1
849 1 13 3132 510 2263 765
850 0 5 3136 9 27 13
851 1 4 3140 1 4 1
852 1 3 3144 1 12 1
853 1 1 3148 20 170 30
854 1 5 3151 8 24 12
855 1 3 3155 1 4 1
856 0 1 3159 1 10 1
857 0 1 3162 2 17 3
858 0 24 3165 5 15 7
859 0 5 3170 1 4 1
860 1 1 3174 1 9 1
861 1 37 3177 1 4 1
862 0 3 3182 46 167 69
863 1 3 3186 34 120 51
864 0 2 3190 16791 196566 25186
865 0 7 3193 65 244 97
866 0 3 3197 1 4 1
867 1 2 3201 4 33 6
868 1 2 3204 143 1351 214
869 1 3 3207 7 21 10
870 0 3 3211 1 4 1
871 0 4 3215 1 4 1
872 0 3 3219 169 687 253
873 1 1 3223 1 8 1
874 0 4 3226 3894 19901 5841
875 1 1 3230 1 10 1
876 0 6 3233 1 5 1
877 1 1 3237 8 64 12
878 0 1 3240 2 17 3
879 0 2 3243 349 3445 523
880 1 1 3246 1298 13623 1947
881 1 2 3249 21 179 31
882 0 1 3253 208 2002 312
883 1 1 3256 1 10 1
884 0 2 3259 2 17 3
885 0 1 3262 1222 12790 1833
886 1 2 3265 147 1391 220
887 1 2 3269 1 10 1
888 1 3 3273 58283 716608 87424
889 1 14 3277 7418 39494 11127
890 0 1 3281 1 9 1
891 1 7 3284 1 4 1
892 0 1 3288 597 6046 895
893 1 2 3291 3 25 4
894 0 5 3295 514344 3460381 771516
895 0 1 3299 1 9 1
896 1 4 3302 1 6 1
897 0 2 3306 1 10 1
898 0 14 3310 90 347 135
899 0 8 3314 1 4 1
900 0 3 3318 1851 19737 2776
901 1 4 3322 12 38 18
902 1 7 3326 15 48 22
903 0 30 3330 50 183 75
904 1 28 3335 3 10 4
905 0 3 3340 2152 23101 3228
906 0 4 3344 1 5 1
907 0 1 3348 1 11 1
908 0 3 3351 43 155 64
909 0 7 3355 2 6 3
910 1 2 3359 1384 14567 2076
911 1 3 3362 8 64 12
912 1 2 3366 1 10 1
913 0 1 3370 1 9 1
914 0 6 3373 1 4 1
915 1 1 3377 1138 11873 1707
916 0 1 3379 1 10 1
917 1 8 3382 15 48 22
918 0 2 3386 1 12 1
919 1 3 3389 1134 11829 1701
920 1 2 3393 1 9 1
921 1 4 3396 5 15 7
922 0 5 3400 1 4 1
923 1 16 3404 3 10 4
924 1 3 3409 6 18 9
925 1 2 3413 39 344 58
926 1 15 3417 3 10 4
927 0 2 3421 61 551 91
928 0 1 3425 1 10 1
929 0 1 3428 1 8 1
930 0 2 3430 133 1252 199
931 0 2 3434 1 10 1
932 0 4 3438 2724 13599 4086
933 0 12 3442 11330 61911 16995
934 0 6 3446 1 4 1
935 0 3 3450 5277 27500 7915
936 0 2 3454 2 17 3
937 1 2 3458 681793 9176033 1022689
938 0 2 3462 1 10 1
939 0 3 3466 1 4 1
940 0 4 3470 700 3179 1050
941 1 1 3474 11 90 16
942 1 24 3477 1 3 1
943 0 1 3482 1 9 1
944 0 2 3485 2 17 3
945 0 1 3488 1 9 1
946 1 4 3491 8 24 12
947 1 2 3495 1 10 1
948 0 1 3499 1 8 1
949 0 2 3502 1593 16873 2389
950 1 4 3506 1 6 1
951 0 1 3510 3 25 4
952 0 3 3513 476 2101 714
953 0 1 3517 148 1401 222
954 1 3 3520 2 6 3
955 0 6 3524 1 3 1
956 0 1 3528 1 9 1
957 0 1 3531 14148 164479 21222
958 0 2 3534 1 10 1
959 0 1 3538 5 41 7
960 0 1 3541 12 99 18
961 1 3 3544 11 90 16
962 0 2 3548 1 11 1
963 1 3 3552 2 7 3
964 0 3 3556 183 749 274
965 0 3 3560 1 3 1
966 1 3 3564 1 5 1
967 0 4 3568 1 3 1
968 0 4 3572 1 6 1
969 1 4 3576 4 12 6
970 1 2 3580 673 6854 1009
971 1 2 3584 38 335 57
972 0 1 3587 1 10 1
973 1 5 3590 64967 392575 97450
974 0 3 3594 193 794 289
975 1 1 3598 15 125 22
976 1 1 3601 316 3105 474
977 0 3 3603 13682 158845 20523
978 0 13 3607 162 657 243
