0 1 1 5 97 899 145
1 0 2 11 10 81 15
2 1 1 18 1 10 1
3 1 1 24 1 12 1
4 1 3 29 8 24 12
5 0 4 37 1830 8894 2745
6 1 3 45 1 11 1
7 0 1 53 1 10 1
8 0 4 59 1 3 1
9 0 4 67 1 5 1
10 0 3 75 1 4 1
11 1 4 83 52 191 78
12 1 6 91 16 52 24
13 0 2 99 1 10 1
14 1 2 106 5 41 7
15 0 7 113 116 457 174
16 0 3 121 3 9 4
17 1 1 129 222190 2872547 333285
18 0 3 135 1 5 1
19 1 2 143 1 10 1
20 0 12 150 63 235 94
21 1 1 159 882 9095 1323
22 0 4 165 718648 4914479 1077972
23 1 4 173 17 56 25
24 0 2 181 1 9 1
25 1 1 188 1 12 1
26 1 2 195 716 7313 1074
27 0 3 202 692 7056 1038
28 1 3 210 1 4 1
29 0 4 218 226 941 339
30 0 2 226 118 1104 177
31 0 2 233 2372 25571 3558
32 0 5 240 89 343 133
33 0 2 248 2296 24717 3444
34 1 2 255 79336 987035 119004
35 0 2 262 3 25 4
36 0 3 269 13 108 19
37 0 89 276 94 364 141
38 1 2 286 182 1740 273
39 1 2 293 6 48 9
40 0 2 300 1 9 1
41 1 3 307 1 4 1
42 1 2 315 73 666 109
43 1 1 322 11 90 16
44 0 1 328 4 33 6
45 1 1 333 527258 7032091 790887
46 0 1 339 1 11 1
47 1 3 345 9 27 13
48 1 6 353 123 487 184
49 0 5 361 19 63 28
50 1 1 369 39 344 58
51 0 2 375 1 10 1
52 1 3 382 1 5 1
53 1 2 390 52 466 78
54 1 4 397 41 147 61
55 0 3 405 1 9 1
56 0 1 413 1 9 1
57 0 2 419 1 10 1
58 0 2 426 1 10 1
59 1 6 433 3203 16162 4804
60 1 5 441 36934 216274 55401
61 1 2 449 2 17 3
62 1 2 456 25 215 37
63 0 8 463 2743 13700 4114
64 0 5 472 477032 3197460 715548
65 1 5 480 245 1027 367
66 1 4 488 2 6 3
67 1 2 496 38 334 57
68 1 2 503 6 48 9
69 1 3 510 37 131 55
70 1 2 518 9 72 13
71 0 1 525 591 5982 886
72 1 2 532 17 143 25
73 1 3 539 70 637 105
74 0 6 546 1 3 1
75 1 1 554 93 860 139
76 1 3 560 24 81 36
77 0 1 568 46 410 69
78 1 3 573 508 5106 762
79 1 1 580 2 17 3
80 1 2 586 1 9 1
81 1 1 593 5 41 7
82 0 6 599 1 4 1
83 0 1 607 1 8 1
84 1 2 614 3 25 4
85 1 1 621 3 25 4
86 1 1 627 400598 5290756 600897
87 0 9 633 1 3 1
88 1 24 642 1 4 1
89 1 7 651 1770 8583 2655
90 1 1 659 1 10 1
91 0 24 666 1 3 1
92 1 1 675 2178 23392 3267
93 0 4 681 1 3 1
94 0 15 689 1 3 1
95 0 3 698 12129 66551 18193
96 0 7 706 1 5 1
97 1 4 714 77 293 115
98 0 8 722 46 167 69
99 0 7 730 7 21 10
100 1 2 738 2 17 3
101 0 3 745 6878 36447 10317
102 1 4 753 1 5 1
103 0 2 761 2 17 3
104 0 92 768 24 82 36
105 1 2 778 1 10 1
106 1 6 785 12 38 18
107 0 4 793 5428 28338 8142
108 0 1 801 230 2225 345
109 1 4 808 100 389 150
110 1 3 816 13 41 19
111 1 2 824 5 41 7
112 1 7 831 304 1296 456
113 0 28 839 251 1054 376
114 1 5 848 1 5 1
115 0 2 856 1 9 1
116 1 1 863 1 9 1
117 0 8 867 14 45 21
118 0 1 876 1 9 1
119 1 3 881 86 330 129
120 0 3 889 6 18 9
121 1 2 897 27 233 40
122 1 5 904 175 714 262
123 0 3 912 1 4 1
124 1 2 920 1 9 1
125 0 7 927 258 1086 387
126 0 14 935 6 18 9
127 1 1 944 1 10 1
128 0 3 951 2154 23123 3231
129 1 1 958 37 325 55
130 0 1 965 176462 2262126 264693
131 0 2 972 6 48 9
132 0 1 979 82 753 123
133 1 6 985 218 906 327
134 1 28 993 18078 101582 27117
135 0 16 1002 898 4153 1347
136 1 2 1011 4 33 6
137 0 2 1018 32 279 48
138 0 12 1025 1 3 1
139 1 6 1034 2 7 3
140 1 1 1042 1 8 1
141 0 1 1046 4 33 6
142 1 5 1053 696 3160 1044
143 1 4 1061 1 3 1
144 1 10 1069 1 3 1
145 0 2 1078 4 33 6
146 1 31 1085 775 3546 1162
147 1 4 1094 1 4 1
148 0 6 1102 33 116 49
149 0 2 1110 1 9 1
150 1 3 1117 6 18 9
151 1 1 1125 3 25 4
152 0 2 1130 1 8 1
153 1 6 1137 2 6 3
154 1 5 1145 1 4 1
155 0 1 1153 1 10 1
156 1 3 1159 49 179 73
157 0 8 1167 26 89 39
158 1 1 1175 75 685 112
159 1 2 1182 121 1133 181
160 1 2 1189 10389 119261 15583
161 1 3 1196 20 67 30
162 1 2 1204 1 9 1
163 1 1 1211 90138 1126868 135207
164 0 2 1218 3 25 4
165 0 2 1225 2 17 3
166 1 9 1232 33 116 49
167 0 14 1241 1 4 1
168 1 4 1250 2 7 3
169 0 1 1258 1521 16077 2281
170 1 8 1264 1 4 1
171 0 6 1273 134 535 201
172 1 10 1281 31 108 46
173 0 8 1290 1526 7325 2289
174 0 14 1299 1 3 1
175 0 4 1308 9 27 13
176 0 1 1316 8 64 12
177 1 4 1323 1 4 1
178 0 14 1331 1 4 1
179 1 4 1340 1 5 1
180 1 2 1348 3 25 4
181 0 4 1355 29 100 43
182 0 2 1363 2 17 3
183 1 8 1370 13 41 19
184 1 3 1379 10 31 15
185 0 31 1387 4 12 6
186 0 9 1396 2 7 3
187 0 5 1405 671 3038 1006
188 0 4 1413 5 15 7
189 0 4 1421 10 31 15
190 0 8 1429 1 4 1
191 1 9 1438 1 5 1
192 0 1 1447 9 73 13
193 1 2 1453 17 143 25
194 0 2 1460 27 233 40
195 0 1 1467 1 9 1
196 0 2 1474 3709 40770 5563
197 0 3 1481 1970 21065 2955
198 0 3 1488 1 4 1
199 1 2 1496 101 937 151
200 1 1 1503 2 17 3
201 1 1 1509 431 4298 646
202 0 1 1515 1 9 1
203 0 1 1520 41 363 61
204 0 5 1527 1 3 1
205 0 11 1535 4242 21800 6363
206 1 2 1544 4 33 6
207 1 8 1551 17 56 25
208 0 3 1559 1 3 1
209 1 1 1567 1 9 1
210 1 1 1574 1 10 1
211 0 1 1581 876 9031 1314
212 0 6 1586 1 3 1
213 0 2 1594 99 918 148
214 0 2 1601 16 134 24
215 1 1 1608 1 10 1
216 1 1 1615 1840 19615 2760
217 1 1 1621 120 1124 180
218 0 1 1627 1047 10882 1570
219 0 1 1631 1 9 1
220 0 18 1637 8 24 12
221 1 3 1646 187 1790 280
222 1 6 1653 1 4 1
223 1 32 1661 24 82 36
224 0 3 1670 1 9 1
225 1 11 1678 5 15 7
226 0 3 1687 19 63 28
227 0 4 1695 2 7 3
228 0 6 1703 1 4 1
229 1 1 1711 1 10 1
230 1 14 1717 42434 250430 63651
231 0 2 1726 1 9 1
232 1 2 1733 24 206 36
233 1 15 1740 24 82 36
234 0 6 1749 1469 7033 2203
235 1 1 1757 16653 194886 24979
236 1 4 1762 1 4 1
237 0 1 1770 12 99 18
238 0 8 1776 1 4 1
239 1 1 1785 1 10 1
240 0 3 1791 98 381 147
241 1 4 1799 59 219 88
242 1 2 1807 36 316 54
243 0 1 1814 1 8 1
244 0 2 1819 53 475 79
245 1 9 1826 1 3 1
246 0 2 1835 2238 24066 3357
247 1 2 1842 1 10 1
248 1 6 1849 3881 19830 5821
249 1 2 1857 2 17 3
250 0 1 1864 1 9 1
251 0 5 1869 3923 20059 5884
252 0 4 1877 31 108 46
253 1 1 1885 23 197 34
254 1 8 1891 2 6 3
255 1 2 1899 1170 12222 1755
256 1 3 1906 27519 158461 41278
257 1 2 1914 311 3053 466
258 1 5 1921 55 203 82
259 0 1 1929 73 666 109
260 1 4 1935 1 4 1
261 0 7 1943 1 4 1
262 1 4 1951 1 3 1
263 0 2 1959 1 9 1
264 1 6 1966 19 63 28
265 1 1 1974 1 9 1
266 0 2 1981 1 9 1
267 0 7 1988 17 56 25
268 0 1 1996 1 8 1
269 1 12 2003 1 3 1
270 0 2 2012 1209 12648 1813
271 1 2 2019 210 2022 315
272 1 1 2026 35 307 52
273 1 11 2032 5 15 7
274 1 1 2041 14 116 21
275 0 4 2048 2 6 3
276 0 3 2056 40 353 60
277 1 1 2063 1 9 1
278 0 10 2069 47 171 70
279 1 2 2078 1 10 1
280 1 10 2085 9 27 13
281 1 3 2094 287 1218 430
282 1 1 2102 30 261 45
283 0 4 2107 1 3 1
284 0 1 2115 37856 457725 56784
285 1 9 2121 17 56 25
286 0 2 2130 1 9 1
287 1 10 2137 201 829 301
288 0 4 2146 1 6 1
289 0 4 2154 1 3 1
290 1 2 2162 1 13 1
291 1 3 2169 3463 17563 5194
292 0 1 2177 506 5085 759
293 0 1 2183 1 9 1
294 0 2 2189 27 233 40
295 0 2 2196 1 11 1
296 0 9 2203 2 7 3
297 0 2 2212 2 17 3
298 1 1 2219 79 724 118
299 0 1 2224 1 12 1
300 0 4 2230 144 578 216
301 1 5 2238 2565 12754 3847
302 1 1 2246 1 10 1
303 1 1 2252 1 10 1
304 1 1 2259 12 99 18
305 1 8 2266 11511 62961 17266
306 0 1 2274 1 10 1
307 0 7 2281 1 4 1
308 0 2 2289 2 17 3
309 1 4 2296 60 223 90
310 1 1 2304 10948 125949 16422
311 0 3 2311 39 139 58
312 0 4 2319 103 402 154
313 0 2 2327 384 3808 576
314 0 7 2334 1 3 1
315 1 9 2342 13 41 19
316 1 2 2351 2 17 3
317 0 24 2358 1 4 1
318 1 1 2367 1 9 1
319 1 1 2373 4 33 6
320 1 3 2380 1 5 1
321 1 1 2388 8286 94233 12429
322 0 2 2394 5 40 7
323 1 2 2401 2 17 3
324 1 25 2408 1576 7582 2364
325 0 2 2417 59 532 88
326 1 1 2424 1 9 1
327 0 1 2431 1 10 1
328 1 5 2437 1 4 1
329 0 5 2445 1 5 1
330 1 5 2453 308 1315 462
331 0 8 2461 1 4 1
332 0 2 2469 2 17 3
333 1 9 2476 1 5 1
334 0 11 2485 422 1846 633
335 1 2 2494 15 125 22
336 0 7 2501 817 3752 1225
337 0 7 2509 2839 14212 4258
338 1 2 2517 771 7901 1156
339 0 2 2524 2677 29013 4015
340 0 1 2531 76 695 114
341 1 4 2536 1 4 1
342 0 2 2544 25 215 37
343 1 12 2551 23 78 34
344 0 2 2560 1 10 1
345 1 8 2567 361 1560 541
346 0 2 2575 944 9765 1416
347 0 7 2582 12 38 18
348 0 3 2590 1 9 1
349 0 1 2597 2 17 3
350 0 1 2603 383 3798 574
351 1 8 2610 1 3 1
352 1 2 2619 213 2053 319
353 0 3 2626 84 772 126
354 0 5 2633 1 3 1
355 1 1 2641 1637 17361 2455
356 0 4 2648 94 364 141
357 1 3 2656 6 18 9
358 0 3 2664 163 661 244
359 0 3 2672 1 10 1
360 1 1 2679 414 4121 621
361 0 7 2685 2 6 3
362 0 1 2693 1033 10730 1549
363 0 4 2700 1 4 1
364 1 2 2708 35 307 52
365 1 5 2715 22 74 33
366 0 7 2723 1 6 1
367 1 6 2731 1 3 1
368 0 3 2739 157 1490 235
369 1 4 2746 1 4 1
370 0 2 2754 1 10 1
371 1 2 2761 7 56 10
372 0 4 2768 2 7 3
373 0 4 2776 13 41 19
374 0 3 2784 3 25 4
375 1 2 2791 6 48 9
376 0 4 2798 13 41 19
377 1 4 2806 292 1241 438
378 0 5 2814 3 10 4
379 1 1 2822 11 90 16
380 0 2 2828 1 10 1
381 0 2 2835 2589 28018 3883
382 0 2 2842 1 10 1
383 0 1 2849 1195 12495 1792
384 1 12 2856 583 2612 874
385 1 2 2865 1 9 1
386 1 1 2872 6 48 9
387 1 10 2879 1 7 1
388 1 1 2888 12 99 18
389 1 53 2894 1 3 1
390 1 1 2904 1 10 1
391 0 5 2910 43 155 64
392 1 34 2918 3 10 4
393 0 2 2927 1 9 1
394 1 3 2934 24 82 36
395 1 8 2942 12 38 18
396 0 14 2950 1 4 1
397 1 4 2959 166 674 249
398 1 3 2967 1 3 1
399 0 2 2975 50 447 75
400 1 4 2982 508 2253 762
401 1 19 2990 15 49 22
402 1 1 2999 7 56 10
403 1 2 3006 5525 61774 8287
404 1 4 3013 65 243 97
405 1 6 3021 4 12 6
406 1 4 3029 1 4 1
407 1 4 3037 1 3 1
408 0 87 3045 1 4 1
409 1 11 3055 2483 12320 3724
410 0 2 3064 2 17 3
411 0 5 3071 1 3 1
412 1 3 3079 1 5 1
413 0 5 3087 1 5 1
414 0 1 3095 3 25 4
415 0 2 3101 3 25 4
416 0 2 3108 31 270 46
417 0 2 3115 88 811 132
418 1 2 3122 1 9 1
419 1 2 3129 7157 80897 10735
420 1 2 3136 47 419 70
421 0 7 3143 1 3 1
422 1 1 3151 1 9 1
423 1 1 3157 1 12 1
424 0 5 3163 1 3 1
425 1 2 3171 282 2755 423
426 1 1 3178 1 10 1
427 0 3 3184 1 8 1
428 1 9 3191 1 4 1
429 1 5 3200 1 5 1
430 1 44 3208 1138 5352 1707
431 1 1 3218 1 10 1
432 1 1 3224 5 40 7
433 1 4 3230 2 7 3
434 1 1 3238 2 17 3
435 0 2 3245 37 325 55
436 1 4 3252 6 18 9
437 0 2 3260 51 456 76
438 1 1 3267 1 9 1
439 1 3 3273 1 4 1
440 0 2 3281 433 4319 649
441 0 5 3288 1 4 1
442 1 8 3296 103 402 154
443 0 23 3305 1 5 1
444 0 1 3314 19 161 28
445 1 4 3320 6 18 9
446 0 2 3328 1 9 1
447 1 4 3335 848 3905 1272
448 1 1 3343 1 10 1
449 0 1 3349 1277 13392 1915
450 0 12 3356 1 4 1
451 0 1 3365 1 10 1
452 0 4 3370 11 34 16
453 0 3 3378 217 901 325
454 0 1 3386 219 2114 328
455 0 6 3393 74990 456703 112485
456 0 1 3401 1 9 1
457 0 1 3407 118 1104 177
458 1 9 3413 89 343 133
459 0 3 3422 120 1124 180
460 0 15 3430 23 78 34
461 1 2 3439 2 17 3
462 1 27 3446 75 285 112
463 1 2 3455 18 152 27
464 1 30 3462 1 4 1
465 0 3 3471 154 622 231
466 0 2 3479 1115 11622 1672
467 0 1 3486 9 72 13
468 0 1 3492 49 438 73
469 1 15 3499 1 3 1
470 1 13 3508 1 5 1
471 1 2 3517 2027641 28334700 3041461
472 0 1 3524 287 2807 430
473 1 77 3530 1 5 1
474 1 4 3540 13 41 19
475 1 2 3548 1 9 1
476 0 4 3555 1066 4990 1599
477 0 2 3563 7 56 10
478 1 1 3570 187 1791 280
479 1 4 3577 1 4 1
480 0 3 3585 2 6 3
481 1 3 3593 1 4 1
482 0 2 3601 354 3497 531
483 1 13 3608 1 3 1
