0 0 13 5 1 4 1
1 1 3 9 9 73 13
2 1 1 13 227 2195 340
3 0 2 16 23 197 34
4 1 2 20 13 107 19
5 0 10 24 1 4 1
6 1 34 28 1 4 1
7 0 4 33 1143 11927 1714
8 1 4 37 2 17 3
9 1 2 41 8 64 12
10 0 25 44 6 18 9
11 1 3 49 1 9 1
12 0 3 53 106 986 159
13 1 14 57 5 15 7
14 0 1 61 563655 7535319 845482
15 0 3 64 1 13 1
16 0 3 68 1 10 1
17 0 3 72 1 8 1
18 1 6 76 26 224 39
19 1 4 80 165 1570 247
20 0 2 84 2 17 3
21 1 1 88 2 17 3
22 1 8 91 5 15 7
23 1 6 95 3070 33471 4605
24 0 3 99 1 9 1
25 0 1 103 28 242 42
26 0 8 106 1 4 1
27 1 2 110 1 9 1
28 1 6 114 2 17 3
29 0 4 118 243 2357 364
30 0 4 122 15 125 22
31 1 1 126 18 152 27
32 1 1 129 1 9 1
33 1 1 132 419 4173 628
34 0 5 135 14 116 21
35 0 1 139 1313 13787 1969
36 0 3 142 1 9 1
37 1 1 146 1 9 1
38 0 5 149 1 9 1
39 0 6 153 1 9 1
40 1 5 157 216 2083 324
41 0 6 161 4 32 6
42 1 2 165 16 134 24
43 0 1 169 343 3383 514
44 0 6 171 31 270 46
45 0 16 175 47 171 70
46 0 1 180 40 353 60
47 0 3 183 1 16 1
48 0 2 187 451 4507 676
49 0 1 191 9438 107915 14157
50 1 1 194 232 2245 348
51 1 1 197 2 17 3
52 0 3 200 13 107 19
53 0 3 204 550 5549 825
54 1 2 208 1 9 1
55 0 2 212 67 609 100
56 0 8 216 6 18 9
57 0 24 220 5 15 7
58 0 7 225 741 3379 1111
59 1 9 229 1 3 1
60 0 1 233 1 11 1
61 0 4 236 89 821 133
62 1 2 240 8 64 12
63 1 1 244 8 64 12
64 1 7 247 9 27 13
65 1 2 251 93 859 139
66 1 4 254 1 9 1
67 0 19 258 50 183 75
68 0 1 263 11 90 16
69 1 1 266 24 206 36
70 1 1 269 1 9 1
71 1 4 272 2 17 3
72 1 1 276 1 10 1
73 1 15 279 14 45 21
74 1 5 283 1 9 1
75 0 2 287 1 9 1
76 0 1 291 1 11 1
77 0 1 294 1 11 1
78 0 3 297 2 17 3
79 1 1 301 72 656 108
80 0 7 304 1 5 1
81 1 1 308 3 25 4
82 0 2 311 1 9 1
83 1 1 315 1 10 1
84 1 2 318 2 17 3
85 1 1 322 321 3156 481
86 1 8 324 2 6 3
87 1 4 328 10 81 15
88 0 1 332 1 8 1
89 0 10 335 19 63 28
90 0 7 339 1 4 1
91 0 2 343 25 215 37
92 1 6 347 155 626 232
93 0 6 351 39 344 58
94 0 3 355 1079 11230 1618
95 0 3 359 10 81 15
96 1 1 363 25 215 37
97 1 6 365 4 33 6
98 1 5 369 4 33 6
99 1 1 373 3 25 4
100 1 6 376 2 17 3
101 0 3 380 51 456 76
102 1 4 384 20 170 30
103 1 5 388 14 116 21
104 1 21 392 5 15 7
105 1 1 397 1 9 1
106 0 4 400 4 33 6
107 0 1 404 7 56 10
108 1 18 407 58 215 87
109 1 2 412 12 99 18
110 1 11 416 3 9 4
111 0 2 420 1 12 1
112 0 22 423 2 7 3
113 1 15 428 1 5 1
114 0 8 432 133 530 199
115 1 2 436 132 1242 198
116 0 14 440 1 6 1
117 1 2 444 1802 19192 2703
118 0 1 447 1 10 1
119 0 2 450 7 56 10
120 1 1 453 1 11 1
121 1 3 456 1 9 1
122 0 1 460 68 618 102
123 1 4 463 1 9 1
124 1 6 467 248 2408 372
125 1 10 471 787 3605 1180
126 1 6 475 1 11 1
127 1 1 479 320 3146 480
128 0 1 482 30 261 45
129 1 2 485 1 9 1
130 1 3 488 1 8 1
131 1 9 492 23 78 34
132 0 44 496 6 18 9
133 1 3 501 27398 327084 41097
134 0 1 505 1 9 1
135 0 2 508 131 1232 196
136 1 3 512 12 99 18
137 0 4 516 18 152 27
138 1 3 520 20 169 30
139 1 5 524 29 252 43
140 1 1 528 37 325 55
141 1 1 531 1 10 1
142 0 42 534 5 15 7
143 1 8 539 47 171 70
144 1 3 543 26 224 39
145 1 3 547 41 362 61
146 0 8 551 64 239 96
147 1 3 555 3 25 4
148 0 5 559 2 17 3
149 1 3 563 58 523 87
150 1 1 567 1 10 1
151 0 6 570 2 17 3
152 1 2 574 123 1153 184
153 1 2 578 1 11 1
154 1 4 581 3 25 4
155 0 2 585 1 9 1
156 1 2 589 1 9 1
157 0 9 593 1 5 1
158 1 10 597 1 4 1
159 0 2 601 45 400 67
160 0 3 604 77 704 115
161 1 2 608 1 9 1
162 1 6 611 13 107 19
163 1 2 615 1214 12703 1821
164 1 2 618 1 9 1
165 0 1 621 1 9 1
166 1 1 624 73 666 109
167 0 1 627 5293 59073 7939
168 1 2 630 27 233 40
169 0 6 634 1 5 1
170 1 4 638 5 40 7
171 1 1 642 2366 25504 3549
172 0 1 645 140 1321 210
173 0 1 648 1 9 1
174 0 1 651 1 10 1
175 1 5 654 18 152 27
176 1 2 658 83 763 124
177 0 35 662 2162 10628 3243
178 0 6 667 1 11 1
179 1 1 671 4 33 6
180 0 7 674 14701 81600 22051
181 0 4 678 13 107 19
182 1 2 682 1 10 1
183 1 5 686 7 56 10
184 0 4 690 1 11 1
185 0 12 694 1 5 1
186 0 3 698 5 41 7
187 0 4 702 1 9 1
188 0 7 706 227 946 340
189 0 1 710 550 5549 825
190 0 6 712 21 179 31
191 1 2 716 2 17 3
192 1 2 720 335565 4403738 503347
193 0 7 724 25407 145628 38110
194 0 3 728 20 170 30
195 0 1 732 3 25 4
196 0 5 735 162 1540 243
197 1 5 739 31 270 46
198 1 2 743 350 3456 525
199 0 2 747 16 134 24
200 0 1 750 1 11 1
201 1 1 753 8 64 12
202 0 1 756 126 1183 189
203 1 1 759 2 17 3
204 0 3 762 239 2316 358
205 0 4 766 1 8 1
206 0 1 770 446 4455 669
207 1 1 773 5 41 7
208 0 7 776 1 4 1
209 0 9 780 18 59 27
210 1 3 784 390 3871 585
211 0 1 788 1 10 1
212 0 2 791 1 9 1
213 0 6 794 21 179 31
214 1 9 798 71 268 106
215 0 2 802 635 6449 952
216 0 2 806 75 685 112
217 0 2 810 3 25 4
218 1 5 813 2 17 3
219 1 3 817 120 1123 180
220 0 2 821 4 33 6
221 0 3 824 2 17 3
222 1 8 828 3 9 4
223 0 3 832 1 8 1
224 0 3 836 1 12 1
225 1 3 840 2293 24683 3439
226 0 3 844 3324 36366 4986
227 0 13 848 1 5 1
228 0 2 852 12 99 18
229 0 2 855 1 9 1
230 1 1 858 34 298 51
231 0 9 861 1226 5796 1839
232 0 1 865 2 17 3
233 0 17 867 2 7 3
234 1 3 872 7 56 10
235 0 3 876 1 9 1
236 1 1 880 2 17 3
237 1 7 883 10 31 15
238 1 1 887 20 170 30
239 1 1 890 255 2479 382
240 1 1 893 3405 37290 5107
241 1 2 896 5 41 7
242 1 1 900 1266 13272 1899
243 1 2 903 4 33 6
244 1 5 907 67956039 1062522713 101934058
245 1 3 911 222 2144 333
246 0 1 915 3 25 4
247 0 5 918 8 64 12
248 0 1 922 7392 83666 11088
249 1 4 925 60 542 90
250 0 1 929 1 12 1
251 1 3 932 1 9 1
252 0 7 936 160 648 240
253 1 2 940 1 10 1
254 1 2 944 578 5844 867
255 1 5 948 6 48 9
256 1 2 952 1 10 1
257 0 1 955 1 10 1
258 1 5 958 1 10 1
259 1 1 962 17 143 25
260 0 1 964 4 33 6
261 0 9 967 1 3 1
262 0 2 971 28 243 42
263 0 1 974 1 10 1
264 0 1 977 4 33 6
265 0 2 980 1 9 1
266 1 11 984 1 5 1
267 0 2 988 2 17 3
268 1 2 992 9 72 13
269 1 1 996 1 10 1
270 1 1 999 1 9 1
271 1 1 1002 1 9 1
272 0 1 1005 68 618 102
273 0 8 1008 17 56 25
274 0 1 1012 1514 16000 2271
275 1 4 1015 33130 398492 49695
276 0 4 1019 66 599 99
277 0 1 1023 1 9 1
278 0 9 1026 207 856 310
279 1 34 1030 25 85 37
280 1 5 1035 4 33 6
281 1 12 1039 1 4 1
282 1 14 1043 1 4 1
283 1 1 1047 2 17 3
284 0 5 1050 16 134 24
285 1 11 1054 1 4 1
286 0 3 1058 102 947 153
287 0 2 1062 44 391 66
288 0 2 1066 1 9 1
289 0 3 1070 328 3229 492
290 1 2 1074 2 17 3
291 1 13 1078 1 4 1
292 0 2 1082 3 25 4
293 1 1 1086 72 657 108
294 0 1 1089 2 17 3
295 1 1 1092 18 152 27
296 0 6 1095 1 4 1
297 0 8 1099 1 4 1
298 0 3 1103 352 3476 528
299 1 10 1107 1 3 1
300 1 20 1111 68 256 102
301 1 2 1116 32 279 48
302 0 2 1120 75 685 112
303 0 1 1124 1 8 1
304 1 1 1127 42 372 63
305 0 3 1130 2 17 3
306 1 4 1134 2 17 3
307 1 1 1138 9 72 13
308 0 1 1140 26 224 39
309 0 3 1143 5 41 7
310 1 3 1147 2 17 3
311 0 3 1151 5 40 7
312 1 15 1155 38 135 57
313 0 11 1159 1077 5045 1615
314 0 34 1163 1 4 1
315 0 2 1168 2 17 3
316 0 2 1172 1 11 1
317 0 2 1175 5214 58154 7821
318 1 4 1179 312 3064 468
319 0 3 1183 2035 21791 3052
320 0 2 1187 104 967 156
321 0 5 1191 213 2053 319
322 1 1 1195 1 10 1
323 0 3 1198 27 233 40
324 0 4 1202 77 704 115
325 0 4 1206 1 10 1
326 1 7 1210 366 1583 549
327 0 2 1214 4464 49460 6696
328 1 2 1218 180 1720 270
329 1 1 1221 3 25 4
330 1 1 1223 1 10 1
331 0 5 1226 7667 86911 11500
332 1 4 1230 2 17 3
333 1 15 1234 290 1232 435
334 1 2 1238 8 64 12
335 1 7 1242 1 4 1
336 1 4 1246 1 9 1
337 1 12 1250 3 9 4
338 0 6 1254 1 10 1
339 0 3 1258 188 1801 282
340 0 3 1262 1 9 1
341 0 7 1266 1 3 1
342 1 82 1270 1 3 1
343 1 14 1275 3 9 4
344 1 5 1279 2 17 3
345 0 7 1283 548 2444 822
346 1 1 1287 1 9 1
347 1 2 1290 26 224 39
348 1 2 1294 575449 7698626 863173
349 0 2 1298 3517 38571 5275
350 0 1 1302 2287 24616 3430
351 0 7 1305 45 163 67
352 1 2 1309 2203 23673 3304
353 1 7 1312 22 74 33
354 0 1 1316 1 11 1
355 1 2 1319 33 288 49
356 0 3 1323 1 9 1
357 0 7 1327 2420 11986 3630
358 1 7 1331 4 12 6
359 1 3 1335 1 10 1
360 0 2 1339 75 686 112
361 1 9 1343 1 7 1
362 0 1 1347 2 17 3
363 0 2 1350 4 33 6
364 1 11 1353 8 24 12
365 0 1 1357 1 9 1
366 0 5 1360 1 11 1
367 0 2 1364 6029 67658 9043
368 0 4 1367 84 772 126
369 1 10 1371 2 7 3
370 0 4 1375 3 25 4
371 1 1 1379 3 25 4
372 0 9 1382 75 285 112
373 0 1 1386 14 116 21
374 0 1 1389 1 10 1
375 1 1 1392 43298 526276 64947
376 0 4 1395 499 5011 748
377 1 5 1399 22 188 33
378 1 1 1403 69 628 103
379 0 4 1406 1 9 1
380 0 1 1410 3 25 4
381 0 2 1413 40 353 60
382 1 1 1416 1 9 1
383 0 6 1419 454 4539 681
384 1 1 1423 564 5697 846
385 1 6 1426 21 179 31
386 0 24 1430 13 41 19
387 0 2 1435 989 10252 1483
388 1 1 1439 617 6258 925
389 1 4 1442 1 9 1
390 1 1 1446 6301 70842 9451
391 1 1 1449 5179 57747 7768
392 0 22 1452 103 402 154
393 1 4 1457 5723 64083 8584
394 0 2 1461 26 224 39
395 1 1 1465 1 9 1
396 1 8 1468 161 652 241
397 1 4 1472 245 2377 367
398 1 3 1476 4 33 6
399 0 2 1480 2 17 3
400 1 5 1484 1296 13601 1944
401 1 26 1488 95 368 142
402 1 2 1493 1 8 1
403 0 2 1497 366253 4821628 549379
404 1 2 1500 2 17 3
405 1 1 1503 1 12 1
406 1 8 1506 1 5 1
407 0 2 1510 67 608 100
408 1 2 1514 14 116 21
409 1 1 1517 36 316 54
410 0 2 1518 1 10 1
411 0 6 1522 3 9 4
412 1 2 1526 1105 11513 1657
413 1 2 1530 17 143 25
414 1 1 1534 70 637 105
415 0 4 1537 1 11 1
416 0 4 1541 62 561 93
417 1 2 1545 1 11 1
418 0 20 1549 281 1191 421
419 1 1 1554 530116 7071564 795174
420 0 4 1557 171 1630 256
421 1 1 1561 414 4121 621
422 1 1 1564 1050 10914 1575
423 1 1 1567 185 1770 277
424 1 3 1569 16 134 24
425 0 7 1573 1 5 1
426 0 13 1577 2113 10371 3169
427 1 4 1581 153 1450 229
428 0 5 1585 27 233 40
429 0 2 1589 41 363 61
430 1 7 1592 9 27 13
431 1 6 1596 88 811 132
432 1 12 1600 4307 22155 6460
433 1 4 1604 1158 12091 1737
434 1 7 1608 1 5 1
435 1 19 1612 4 12 6
436 0 4 1617 1 9 1
437 0 1 1621 12 99 18
438 0 10 1624 1 4 1
439 0 2 1628 1 10 1
440 1 3 1632 4 33 6
441 1 3 1636 1 9 1
442 1 1 1640 1 10 1
443 0 2 1643 27 233 40
444 0 1 1647 17540 205697 26310
445 0 2 1650 2 17 3
446 0 5 1654 1 10 1
447 0 2 1658 2 17 3
448 0 4 1662 1 10 1
449 1 2 1666 1 11 1
450 0 1 1669 3 25 4
451 1 6 1672 20 170 30
452 0 8 1676 1 4 1
453 0 8 1680 10 31 15
454 0 3 1684 1 9 1
455 0 8 1688 1 4 1
456 1 3 1692 101 937 151
457 1 3 1696 1 10 1
458 1 1 1700 1 9 1
459 0 1 1703 1 9 1
460 1 14 1706 94 364 141
461 1 5 1710 6 48 9
462 0 3 1714 18 152 27
463 1 16 1718 49 179 73
464 1 3 1722 46 409 69
465 0 2 1726 315 3094 472
466 0 35 1730 315 1347 472
467 1 6 1735 1 9 1
468 1 1 1739 11903 137407 17854
469 0 5 1742 1 9 1
470 1 7 1746 2 7 3
471 0 8 1750 420 1836 630
472 1 1 1754 150 1421 225
473 0 2 1757 1 10 1
474 0 3 1761 130 1222 195
475 0 2 1765 327 3218 490
476 1 1 1769 3052 33267 4578
477 0 2 1772 1 9 1
478 1 2 1776 12601 145804 18901
479 1 7 1779 544 2425 816
480 1 5 1783 1 9 1
481 0 1 1787 1 9 1
482 1 5 1790 1 12 1
483 0 2 1794 24 206 36
484 1 1 1797 1 10 1
485 1 2 1800 14 116 21
486 1 1 1804 1205 12604 1807
487 1 1 1806 140 1321 210
488 0 1 1809 241 2337 361
489 0 1 1812 154 1460 231
490 1 3 1815 203 1952 304
491 0 1 1819 7 56 10
492 1 2 1822 1 10 1
493 0 5 1825 102 947 153
494 0 2 1829 1 12 1
495 0 2 1833 2 17 3
496 1 2 1837 1989 21277 2983
497 1 2 1841 2 17 3
498 0 2 1844 32 279 48
499 0 10 1847 28 97 42
500 1 2 1851 250 2429 375
501 1 1 1854 66 599 99
502 0 33 1857 35 124 52
503 0 6 1862 7 56 10
504 0 5 1866 14 116 21
505 1 13 1870 178 727 267
506 1 1 1874 1 9 1
507 0 2 1877 2 17 3
508 1 4 1881 1 10 1
509 0 1 1885 2 17 3
510 0 3 1887 1177 12298 1765
511 0 2 1891 7 56 10
512 1 1 1895 574 5802 861
513 0 5 1897 331 3259 496
514 1 3 1901 10 81 15
515 1 4 1905 1 9 1
516 0 5 1909 5 41 7
517 1 2 1913 7 56 10
518 1 2 1917 1 9 1
519 1 1 1921 3 25 4
520 1 8 1924 9 27 13
521 0 3 1928 4 33 6
522 0 1 1932 100 927 150
523 0 2 1935 61 551 91
524 1 2 1939 1 9 1
525 0 5 1943 4 33 6
526 1 2 1947 1 14 1
527 1 5 1951 785 8052 1177
528 1 3 1955 2515 27183 3772
529 1 2 1959 4603 51067 6904
530 1 2 1963 513 5158 769
531 1 1 1966 16 134 24
532 0 2 1969 2 17 3
533 1 2 1972 74 675 111
534 1 1 1976 6 48 9
535 0 15 1979 77 293 115
536 1 1 1983 1 9 1
537 1 9 1986 3 10 4
538 1 1 1990 47 419 70
539 1 10 1993 1 5 1
540 1 2 1997 1 9 1
541 0 32 2001 18 59 27
542 1 25 2006 1 3 1
543 0 1 2011 1 10 1
544 1 1 2014 1146 11960 1719
545 0 1 2017 1 10 1
546 0 3 2019 47 419 70
547 1 4 2023 986 10220 1479
548 1 2 2027 95 879 142
549 0 2 2030 6 48 9
550 0 1 2034 10 81 15
551 0 1 2037 1 10 1
552 0 3 2040 18 152 27
553 1 1 2044 123 1153 184
554 1 2 2047 3189 34826 4783
555 0 2 2051 1 9 1
556 0 5 2055 2 17 3
557 1 3 2059 1 10 1
558 0 2 2063 1 9 1
559 1 13 2066 1 6 1
560 0 10 2070 1 4 1
561 1 2 2074 24 206 36
562 0 4 2078 161 1530 241
563 1 4 2082 1 9 1
564 0 4 2086 35 307 52
565 1 14 2090 7482 39856 11223
566 1 7 2094 61 227 91
567 1 2 2098 19 161 28
568 0 2 2102 1 10 1
569 0 3 2105 23 197 34
570 0 7 2109 34 120 51
571 0 3 2113 568 5739 852
572 0 3 2117 1 11 1
573 0 4 2121 3 25 4
574 1 6 2125 1 3 1
575 0 1 2129 2 17 3
576 1 12 2132 1 4 1
577 1 3 2136 1 10 1
578 0 70 2140 1 3 1
579 0 26 2145 33 116 49
580 1 13 2150 1 5 1
581 1 1 2154 1 9 1
582 0 4 2157 80482 1001839 120723
583 0 5 2161 1 8 1
584 1 2 2165 1 11 1
585 0 6 2169 1 11 1
586 1 7 2173 3887 19863 5830
587 1 5 2177 56 504 84
588 1 1 2181 2 17 3
589 1 3 2184 2 17 3
590 1 2 2188 1 9 1
591 1 1 2191 2688 29137 4032
592 0 2 2194 22 188 33
593 0 1 2198 9 73 13
594 0 2 2201 1 9 1
595 1 5 2204 1 9 1
596 0 2 2208 2 17 3
597 1 3 2211 59 532 88
598 0 4 2215 28 242 42
599 1 1 2219 94 869 141
600 0 2 2222 788 8084 1182
601 1 5 2226 1 9 1
602 1 11 2230 6 18 9
603 1 6 2234 1 4 1
604 1 2 2238 1 10 1
605 0 1 2241 88 811 132
606 1 2 2244 66 599 99
607 1 4 2247 16 134 24
608 1 2 2251 1 10 1
609 0 2 2255 1 10 1
610 0 6 2259 67926 840092 101889
611 0 5 2263 4 33 6
612 0 4 2267 3 25 4
613 0 3 2271 15 125 22
614 1 7 2275 404 1761 606
615 1 3 2279 9 73 13
616 1 25 2283 16 52 24
617 1 14 2288 24 81 36
618 0 2 2292 2 17 3
619 0 2 2295 3 25 4
620 1 1 2299 19 161 28
621 1 2 2302 1 12 1
622 1 1 2305 1 9 1
623 1 1 2308 2 17 3
624 0 1 2311 3 25 4
625 0 3 2314 1914 20440 2871
626 0 6 2318 755 7730 1132
627 1 2 2322 920 9506 1380
628 0 4 2326 1 10 1
629 1 3 2330 430 4288 645
630 1 1 2334 1 12 1
631 0 5 2337 55 494 82
632 1 1 2341 2264 24357 3396
633 1 3 2344 759 7773 1138
634 1 1 2348 4 33 6
635 1 1 2351 1 9 1
636 0 1 2354 3 25 4
637 1 35 2357 1 3 1
638 0 1 2362 1 9 1
639 0 2 2365 1 10 1
640 1 1 2368 1 9 1
641 0 3 2370 4 33 6
642 0 2 2374 1 9 1
643 1 1 2378 1 8 1
644 1 8 2381 3 10 4
645 0 5 2385 3 25 4
646 0 7 2389 6 18 9
647 1 4 2393 5712 63954 8568
648 0 6 2397 39 139 58
649 0 1 2401 4 33 6
650 0 1 2404 1 9 1
651 1 3 2407 53 475 79
652 0 2 2411 61 551 91
653 0 2 2414 421 4194 631
654 1 2 2417 3 25 4
655 1 15 2421 132 526 198
656 1 1 2425 1745 18558 2617
657 1 14 2428 1 4 1
658 1 1 2432 11 90 16
659 0 1 2435 74 675 111
660 1 13 2438 1 4 1
661 1 8 2442 1 5 1
662 0 64 2446 1 3 1
663 0 3 2451 1 10 1
664 0 10 2455 1 4 1
665 0 4 2459 1 8 1
666 0 2 2463 8 64 12
667 0 16 2466 10 31 15
668 1 1 2470 131 1232 196
669 0 1 2473 266 2592 399
670 0 11 2476 30 104 45
671 0 3 2480 38 335 57
672 0 6 2484 91 840 136
673 0 1 2488 33 288 49
674 0 3 2491 1 12 1
675 0 3 2495 3 25 4
676 0 9 2499 1 3 1
677 1 1 2503 2873 31233 4309
678 0 2 2506 916 9462 1374
679 1 2 2510 1 10 1
680 1 1 2514 1 9 1
681 0 2 2517 8599 97943 12898
682 0 5 2521 1 10 1
683 0 1 2525 375 3715 562
684 0 2 2528 19 161 28
685 1 39 2532 1 3 1
686 0 3 2537 1 9 1
687 0 1 2541 10 81 15
688 0 11 2544 2 6 3
689 1 4 2548 1 9 1
690 0 17 2552 1 3 1
691 1 1 2557 17 143 25
692 1 1 2560 1 9 1
693 0 1 2562 1 11 1
694 1 2 2565 70 637 105
695 1 5 2569 31 270 46
696 1 9 2573 2 7 3
697 0 2 2577 7 56 10
698 1 6 2581 1 10 1
699 1 13 2585 2 7 3
700 1 4 2589 3024 32948 4536
701 0 6 2593 42 372 63
702 0 2 2597 1 13 1
703 1 4 2601 1 9 1
704 1 2 2605 3 25 4
705 0 1 2609 1 10 1
706 0 1 2612 2 17 3
707 0 3 2615 1 9 1
708 1 3 2619 2 17 3
709 1 7 2623 1 3 1
710 1 16 2627 6 18 9
711 1 6 2632 1 9 1
712 0 2 2636 135 1272 202
713 1 1 2640 230 2225 345
714 0 2 2643 57 513 85
715 0 4 2646 449 4487 673
716 0 4 2650 1 9 1
717 1 1 2654 2286 24605 3429
718 0 3 2656 63 570 94
719 1 6 2660 540078 7209210 810117
720 1 3 2664 1 9 1
721 1 3 2668 334 3290 501
722 0 8 2672 86 330 129
723 1 2 2676 17 143 25
724 1 2 2680 79 724 118
725 1 6 2683 1 9 1
726 1 2 2687 1 11 1
727 1 2 2691 388 3850 582
728 0 5 2694 10 81 15
729 0 17 2698 3 9 4
730 1 1 2703 227 2194 340
731 0 2 2706 1 10 1
732 0 6 2709 1 9 1
733 1 2 2713 2 17 3
734 1 2 2717 13 107 19
735 0 1 2721 2 17 3
736 0 5 2724 6 48 9
737 0 3 2728 6 48 9
738 0 9 2732 4 12 6
739 0 5 2736 3 25 4
740 0 5 2740 14 116 21
741 0 6 2744 5 41 7
742 1 9 2748 108 423 162
743 1 2 2752 1 10 1
744 0 5 2755 1 8 1
745 0 4 2759 95 879 142
746 1 2 2763 16 134 24
747 0 3 2767 3259 35624 4888
748 1 3 2771 3 25 4
749 1 3 2775 768 7869 1152
750 1 2 2779 13 107 19
751 1 2 2782 2 17 3
752 0 1 2786 1 10 1
753 1 1 2789 1 11 1
754 0 6 2792 8 64 12
755 1 8 2796 1 3 1
756 1 4 2800 10921 125626 16381
757 1 2 2804 1 11 1
758 0 1 2807 64843 800537 97264
759 1 2 2810 1 10 1
760 1 6 2814 3 25 4
761 1 5 2818 10 81 15
762 1 6 2822 159 1510 238
763 1 1 2826 289 2827 433
764 1 2 2829 5 41 7
765 0 1 2832 2 17 3
766 0 2 2835 6 48 9
767 0 4 2838 2 17 3
768 1 1 2842 1 9 1
769 0 1 2844 119 1114 178
770 0 3 2847 6113 68640 9169
771 1 7 2851 1 4 1
772 0 6 2855 51 457 76
773 1 2 2859 5 40 7
774 1 1 2863 975 10101 1462
775 0 2 2866 1 10 1
776 1 4 2870 1 9 1
777 1 5 2874 1 9 1
778 0 1 2878 1 13 1
779 1 1 2881 1 9 1
780 1 2 2884 1 9 1
781 0 3 2888 1 11 1
782 1 10 2892 1 4 1
783 1 1 2896 1 10 1
784 0 1 2899 2115 22686 3172
785 1 3 2902 6 48 9
786 0 1 2906 1382 14545 2073
787 1 1 2909 1 11 1
788 1 1 2911 18 152 27
789 0 1 2914 75 685 112
790 1 10 2917 7 21 10
791 1 6 2921 1 9 1
792 0 8 2925 1 6 1
793 0 27 2929 99 385 148
794 0 3 2934 2381834 33465658 3572751
795 0 4 2938 1 10 1
796 0 9 2942 1354 6446 2031
797 0 4 2946 24 206 36
798 1 5 2950 1 10 1
799 1 1 2954 13 107 19
800 0 3 2957 1 9 1
801 1 1 2961 43 381 64
802 0 2 2964 1 9 1
803 0 2 2968 20 170 30
804 1 5 2972 76 695 114
805 0 2 2976 5 40 7
806 1 4 2980 14 116 21
807 1 3 2984 14 116 21
808 1 2 2988 1 10 1
809 0 2 2992 1 9 1
810 1 3 2996 1 10 1
811 1 12 3000 710 3228 1065
812 0 4 3004 20 170 30
813 1 11 3008 43 155 64
814 1 4 3012 1611 17072 2416
815 0 5 3016 34577 416596 51865
816 1 1 3020 377 3736 565
817 1 1 3023 21 179 31
818 1 1 3026 6 48 9
819 0 11 3029 24 81 36
820 1 12 3033 1 4 1
821 1 4 3037 32 279 48
822 0 8 3041 1 4 1
823 1 5 3045 455 4549 682
824 1 9 3049 1 4 1
825 1 6 3053 2 17 3
826 1 3 3057 1 10 1
827 0 2 3061 1 9 1
828 1 1 3064 3 25 4
829 0 4 3067 4345 48087 6517
830 0 7 3071 1 3 1
831 0 2 3075 4 33 6
832 0 2 3078 1 11 1
833 1 1 3082 6 48 9
834 1 4 3085 7 56 10
835 1 1 3089 24 206 36
836 0 2 3092 4 33 6
837 0 4 3096 1 11 1
838 1 1 3100 89 820 133
839 0 2 3103 10 81 15
840 0 2 3106 1 10 1
841 1 1 3110 1 11 1
842 1 4 3113 6 48 9
843 1 4 3117 669 6811 1003
844 1 4 3121 187 1791 280
845 1 5 3125 3 25 4
846 1 7 3129 5 15 7
847 0 4 3133 1 10 1
848 1 1 3137 1 9 1
849 0 9 3139 125 496 187
850 0 2 3143 8 64 12
851 1 1 3147 7 56 10
852 0 2 3149 1 9 1
853 1 1 3152 1 9 1
854 0 9 3155 32 112 48
855 0 1 3159 1 9 1
856 0 1 3161 53 475 79
857 1 1 3164 6 48 9
858 1 1 3167 2 17 3
859 0 2 3170 1 11 1
860 0 4 3173 28 242 42
861 0 3 3177 2962 32244 4443
862 0 4 3181 1 8 1
863 0 2 3185 1 10 1
864 0 2 3188 7 56 10
865 1 4 3192 1 11 1
866 0 3 3196 1 9 1
867 1 2 3200 45 400 67
868 0 5 3204 1 9 1
869 0 2 3208 104036 1307671 156054
870 0 2 3212 22 188 33
871 0 11 3216 1 4 1
872 0 17 3220 5240 27295 7860
873 1 2 3225 22 188 33
874 1 5 3229 1 9 1
875 1 9 3233 2 7 3
876 0 1 3237 42 372 63
877 1 1 3240 1 11 1
878 1 12 3243 41 147 61
879 0 2 3247 16 134 24
880 1 2 3251 1 13 1
881 1 15 3254 254 1068 381
882 1 1 3258 6 48 9
883 1 6 3261 8 64 12
884 1 3 3265 6 48 9
885 0 5 3269 1 9 1
886 1 1 3273 1 9 1
887 0 2 3276 1 12 1
888 1 24 3279 115 453 172
889 1 3 3284 28 242 42
890 1 6 3288 25 215 37
891 1 3 3292 222 2144 333
892 0 1 3296 34 298 51
893 1 8 3299 5 15 7
894 1 1 3303 5 40 7
895 1 2 3306 332 3270 498
896 0 3 3310 1 12 1
897 0 3 3314 3 25 4
898 1 3 3318 5 41 7
899 1 7 3322 21095 119613 31642
900 1 4 3326 2606 28211 3909
901 0 9 3330 1173 5528 1759
902 0 4 3334 1 9 1
903 0 10 3338 40 143 60
904 0 11 3342 8 24 12
905 0 8 3346 139 556 208
906 0 3 3350 1 10 1
907 1 11 3354 2 7 3
908 0 1 3358 117 1094 175
909 1 1 3361 7023 79320 10534
910 0 2 3364 1 10 1
911 0 1 3367 1 9 1
912 1 2 3370 1 10 1
913 0 1 3374 13 107 19
914 0 13 3377 1 4 1
915 0 1 3381 11 90 16
916 1 4 3384 1 9 1
917 1 1 3388 1 10 1
918 1 3 3391 1 11 1
919 1 2 3395 182 1740 273
920 0 5 3399 146 1381 219
921 1 1 3403 1 11 1
922 0 19 3406 37 131 55
923 1 6 3411 235 2276 352
924 1 1 3415 5 40 7
925 0 2 3418 11 90 16
926 0 2 3422 6707 75605 10060
927 1 7 3425 29 101 43
928 0 1 3429 17 143 25
929 0 30 3432 1 5 1
930 1 4 3437 317 3115 475
931 0 2 3441 51 456 76
932 0 2 3445 1 12 1
933 1 15 3448 1013 4725 1519
934 0 1 3452 69 628 103
935 1 11 3455 1 3 1
936 1 2 3459 6467 72788 9700
937 0 5 3463 414 4121 621
938 0 51 3467 20 66 30
939 1 9 3472 1 6 1
940 0 9 3476 834 3836 1251
941 0 4 3480 31 270 46
942 0 2 3484 2 17 3
943 1 14 3487 6 18 9
944 1 7 3491 145 582 217
945 0 9 3495 52 191 78
946 1 9 3499 205020 1316885 307530
947 1 14 3503 280 1186 420
948 0 7 3507 30 104 45
949 0 8 3511 39 139 58
950 1 1 3515 75 685 112
951 0 5 3518 32923 395904 49384
952 1 2 3522 1 11 1
953 0 6 3526 180 1720 270
954 1 6 3530 23 197 34
955 1 1 3534 37 326 55
956 1 3 3537 3 25 4
957 0 1 3541 177 1690 265
958 0 3 3544 1593 16873 2389
959 0 1 3548 2434 26270 3651
960 0 2 3551 1 10 1
961 0 15 3555 41 147 61
962 1 3 3559 554 5591 831
963 1 4 3563 10 81 15
964 0 4 3567 20 170 30
965 0 44 3571 35 124 52
966 1 3 3576 960 9938 1440
967 0 15 3580 155 626 232
968 1 2 3584 3 25 4
969 0 3 3588 50 447 75
970 1 2 3592 1 9 1
971 1 3 3596 399 3965 598
972 1 17 3600 7684 41000 11526
973 1 2 3605 65837 813283 98755
974 1 2 3609 3652 40117 5478
