0 0 5 5 1 3 1
1 0 1 9 103 957 154
2 1 7 12 1 4 1
3 0 1 16 195 1871 292
4 0 5 19 26 89 39
5 0 2 23 1 9 1
6 1 2 27 6 48 9
7 1 8 31 7 21 10
8 0 17 35 1 3 1
9 0 2 40 2 17 3
10 1 9 43 1 5 1
11 1 5 47 137 548 205
12 1 5 51 114 449 171
13 0 2 55 103617 1302207 155425
14 0 3 59 1 11 1
15 0 2 63 417 4152 625
16 0 1 67 7 56 10
17 0 25 70 61 227 91
18 1 4 75 1 3 1
19 0 2 79 65 589 97
20 0 1 83 62 561 93
21 1 1 86 31 270 46
22 0 3 89 1 4 1
23 1 1 93 1 11 1
24 0 7 96 704 3199 1056
25 0 2 100 11 90 16
26 1 1 103 2525 27296 3787
27 0 2 106 1 10 1
28 1 1 109 1 11 1
29 1 5 111 641 2893 961
30 1 3 115 1 4 1
31 1 4 119 11 34 16
32 1 1 123 2 17 3
33 1 3 126 1 10 1
34 0 9 130 1 4 1
35 0 18 134 211 874 316
36 0 2 139 1 9 1
37 1 4 143 660 2985 990
38 1 4 147 1 4 1
39 0 2 151 2 17 3
40 1 1 155 296 2899 444
41 0 1 158 5 40 7
42 1 10 161 581 2603 871
43 0 3 165 1 9 1
44 0 42 169 84 322 126
45 0 1 174 10 81 15
46 1 1 177 9 73 13
47 0 11 180 32 112 48
48 0 4 184 2 7 3
49 0 7 188 4 13 6
50 1 5 192 16 52 24
51 1 2 196 10 81 15
52 1 4 200 1 4 1
53 0 1 204 1 9 1
54 1 8 207 38 135 57
55 1 4 211 60 223 90
56 1 1 215 2120 22742 3180
57 1 3 218 1 4 1
58 0 2 222 8953 102146 13429
59 0 5 225 1591 7659 2386
60 0 1 229 138 1301 207
61 0 2 232 26 224 39
62 0 2 236 1 10 1
63 0 1 240 1 9 1
64 1 13 243 1 4 1
65 1 4 247 866 3994 1299
66 1 1 251 1 9 1
67 1 2 254 1 10 1
68 0 6 258 63 235 94
69 1 4 262 11 34 16
70 0 1 266 29 251 43
71 0 1 269 1 10 1
72 1 2 272 2 17 3
73 1 4 275 25 85 37
74 0 2 279 10155 116465 15232
75 0 2 283 311 3053 466
76 0 1 287 1 10 1
77 1 2 290 1181 12342 1771
78 1 6 294 665 3009 997
79 1 4 298 5559 29066 8338
80 1 4 302 1 4 1
81 1 2 306 14 116 21
82 1 4 309 9587 51856 14380
83 1 6 313 75 284 112
84 0 1 317 6 48 9
85 0 2 320 13 107 19
86 1 6 324 3 9 4
87 1 1 328 76 695 114
88 0 2 330 1 9 1
89 0 8 334 1 4 1
90 1 8 338 78803 481219 118204
91 0 1 342 1 10 1
92 1 2 345 23 197 34
93 0 2 349 1 10 1
94 0 4 353 7 21 10
95 1 2 357 130516 1654508 195774
96 0 2 361 2565 27747 3847
97 1 2 365 183 1751 274
98 0 11 369 21 70 31
99 1 2 373 1 9 1
100 0 2 377 59 532 88
101 0 2 380 241 2337 361
102 1 4 384 1 4 1
103 0 1 388 1293 13568 1939
104 0 23 390 1 4 1
105 0 9 395 6 18 9
106 1 4 399 228 950 342
107 1 1 403 1 9 1
108 0 1 406 1006 10437 1509
109 0 11 409 1 5 1
110 0 5 413 5354 27927 8031
111 0 6 417 4 13 6
112 1 2 421 3 25 4
113 0 3 425 21 70 31
114 0 2 429 9209 105190 13813
115 1 7 433 11 34 16
116 1 3 437 2177 10706 3265
117 0 2 441 788 8084 1182
118 0 9 445 14 45 21
119 1 8 449 1 5 1
120 1 1 453 5 41 7
121 1 1 456 2048 21936 3072
122 1 2 459 10 81 15
123 0 2 462 1 10 1
124 1 2 466 25 215 37
125 0 8 470 10 31 15
126 1 2 474 1 11 1
127 0 1 477 1 10 1
128 0 4 480 1 4 1
129 1 2 484 1 9 1
130 0 10 487 8 24 12
131 0 3 491 21 70 31
132 1 2 495 44 391 66
133 1 17 498 4 12 6
134 1 17 503 1 3 1
135 0 1 508 2 17 3
136 0 1 511 11 90 16
137 0 5 514 1 5 1
138 0 2 518 1 9 1
139 1 4 522 1 3 1
140 1 2 526 1 10 1
141 0 3 529 1 4 1
142 1 7 533 17 56 25
143 0 1 537 89 820 133
144 1 2 540 1 9 1
145 1 3 543 5 40 7
146 0 2 547 1 9 1
147 1 2 551 1 8 1
148 1 3 555 261 2541 391
149 0 4 559 157133 995457 235699
150 1 3 563 22 74 33
151 1 1 567 681 6939 1021
152 1 3 570 3 25 4
153 1 7 574 3 10 4
154 1 1 578 2 17 3
155 0 2 581 643 6534 964
156 0 4 585 1 4 1
157 0 3 589 43 155 64
158 0 6 593 24 81 36
159 0 5 597 2 6 3
160 0 2 601 40496 490937 60744
161 0 1 605 4 33 6
162 1 1 607 4 33 6
163 1 4 610 1 6 1
164 0 1 614 43 381 64
165 1 25 617 62 231 93
166 0 7 622 162741 1032874 244111
167 0 7 626 2 6 3
168 1 3 630 1 12 1
169 0 5 634 1 5 1
170 1 1 638 3 25 4
171 0 5 640 7 21 10
172 0 6 644 152 613 228
173 1 5 648 2016 9863 3024
174 1 4 652 7 21 10
175 1 5 656 17 56 25
176 1 1 660 2 17 3
177 0 1 663 1 8 1
178 0 2 666 2101 22530 3151
179 1 1 670 1750 18614 2625
180 0 13 673 1 4 1
181 1 3 677 3647 18559 5470
182 1 7 681 1296 6151 1944
183 0 6 685 1 5 1
184 1 3 689 210 2023 315
185 1 2 693 63 570 94
186 1 8 697 45 163 67
187 1 10 701 24 82 36
188 0 2 705 119 1114 178
189 0 34 709 1 3 1
190 1 6 714 4 12 6
191 0 20 718 4 12 6
192 1 2 723 1 9 1
193 0 1 727 2 17 3
194 1 6 730 1 3 1
195 1 9 734 1 4 1
196 0 9 738 3 9 4
197 0 1 742 1 9 1
198 1 4 745 1146 5392 1719
199 0 1 749 1 9 1
200 1 6 752 3 10 4
201 0 2 756 1 12 1
202 1 1 760 1 10 1
203 0 8 763 1 4 1
204 0 2 767 1 9 1
205 0 3 771 32 112 48
206 1 3 775 61 227 91
207 0 4 779 1 4 1
208 0 6 783 13 41 19
209 1 26 787 122 483 183
210 0 1 792 14 116 21
211 1 1 795 2 17 3
212 0 2 798 246 2388 369
213 0 3 802 193 794 289
214 1 3 806 1 5 1
215 1 3 810 838 3856 1257
216 1 34 814 1 3 1
217 0 3 819 3 10 4
218 0 2 823 4 33 6
219 1 2 827 1 9 1
220 0 3 830 5 40 7
221 1 1 834 2150 23079 3225
222 0 6 836 48 175 72
223 0 8 840 1 3 1
224 1 2 844 5 40 7
225 0 1 847 7057 79720 10585
226 0 2 850 46 409 69
227 1 2 854 31 270 46
228 1 5 858 172 701 258
229 1 24 862 55 203 82
230 0 10 867 2 7 3
231 0 1 871 1 9 1
232 0 4 874 413 1803 619
233 1 2 878 11154 128418 16731
234 1 8 881 1 3 1
235 0 19 885 981 4565 1471
236 0 2 890 1 10 1
237 0 4 894 41 147 61
238 0 1 898 1 12 1
239 0 2 901 1 8 1
240 1 1 904 1754 18659 2631
241 1 2 907 1 9 1
242 1 1 910 2 17 3
243 0 5 913 48 175 72
244 1 6 917 6 18 9
245 1 9 921 3 10 4
246 1 8 925 12 38 18
247 1 4 929 15 48 22
248 1 5 933 262 1104 393
249 0 7 937 2 7 3
250 0 4 941 1 5 1
251 1 12 945 87 335 130
252 1 1 949 5 41 7
253 1 4 952 1 4 1
254 1 3 956 1 4 1
255 1 4 960 1 4 1
256 0 4 964 1 4 1
257 0 4 968 13009 71681 19513
258 1 9 972 1 3 1
259 0 2 976 105 977 157
260 0 2 979 48 428 72
261 1 7 983 1 4 1
262 0 2 987 8 64 12
263 1 1 991 358 3539 537
264 1 2 994 5 40 7
265 0 13 998 1 4 1
266 0 2 1002 20 170 30
267 0 2 1005 248 2408 372
268 0 4 1008 1 5 1
269 0 2 1012 1 10 1
270 1 10 1016 17 56 25
271 1 5 1020 1 4 1
272 1 3 1024 5 15 7
273 0 9 1028 394 1714 591
274 0 3 1032 3 10 4
275 1 1 1036 1 10 1
276 1 1 1039 1 9 1
277 0 7 1042 1 3 1
278 0 3 1046 1 4 1
279 0 2 1050 3 25 4
280 1 1 1053 1388 14612 2082
281 0 1 1056 1354 14238 2031
282 0 2 1059 1 9 1
283 1 1 1062 1 9 1
284 0 1 1064 8 64 12
285 1 2 1067 6 48 9
286 1 8 1070 75 285 112
287 1 1 1074 3 25 4
288 1 5 1077 203 838 304
289 1 8 1081 1 3 1
290 1 2 1085 1 11 1
291 1 2 1089 1144 11938 1716
292 1 4 1093 1 4 1
293 1 1 1097 27 233 40
294 1 7 1100 21 70 31
295 1 2 1104 1 9 1
296 1 4 1108 13 41 19
297 0 3 1112 52 191 78
298 0 2 1116 11 90 16
299 0 1 1119 1 8 1
300 0 1 1122 105 976 157
301 1 4 1125 7 21 10
302 1 6 1129 191 785 286
303 0 1 1133 416 4142 624
304 1 4 1136 1 4 1
305 0 23 1140 1 3 1
306 0 24 1145 1 4 1
307 1 1 1150 162 1540 243
308 1 1 1152 11 90 16
309 1 2 1154 1 10 1
310 1 1 1158 2 17 3
311 1 1 1161 1 11 1
312 0 1 1164 1 9 1
313 0 4 1167 1 5 1
314 0 5 1171 108 423 162
315 0 2 1175 1 11 1
316 0 3 1179 2 7 3
317 0 9 1183 237 991 355
318 0 6 1187 1 5 1
319 1 32 1191 5 15 7
320 1 5 1196 17 56 25
321 0 6 1200 62 231 93
322 1 3 1204 2 7 3
323 1 2 1208 141 1331 211
324 1 6 1212 1 4 1
325 0 1 1216 1 10 1
326 0 2 1219 3 25 4
327 0 7 1223 2 6 3
328 1 3 1227 290 2837 435
329 1 1 1231 1 13 1
330 0 1 1234 42 372 63
331 0 2 1237 1 9 1
332 0 3 1240 7322 38952 10983
333 1 7 1244 351985 2323863 527977
334 0 7 1248 43 155 64
335 0 1 1252 1 10 1
336 1 2 1255 40 353 60
337 0 1 1259 5 41 7
338 0 4 1262 4 12 6
339 1 4 1266 81557 498964 122335
340 1 1 1270 1 13 1
341 1 6 1273 1 4 1
342 0 2 1277 122 1143 183
343 0 11 1281 10 31 15
344 0 3 1285 1 4 1
345 0 1 1289 2 17 3
346 0 3 1292 186 763 279
347 1 6 1296 1560 7500 2340
348 0 7 1300 1 5 1
349 0 5 1304 285261 1863488 427891
350 0 31 1308 10 31 15
351 1 4 1313 22 74 33
352 1 9 1317 7 21 10
353 0 3 1321 14 45 21
354 1 18 1325 4 12 6
355 1 27 1330 1 4 1
356 1 2 1335 62 561 93
357 1 2 1339 14 116 21
358 1 6 1343 1 4 1
359 1 6 1347 9 27 13
360 0 1 1351 2 17 3
361 0 7 1354 435 1907 652
362 0 18 1358 1 5 1
363 0 8 1363 2 6 3
364 0 1 1367 4 33 6
365 1 4 1370 1 3 1
366 0 1 1374 1 8 1
367 1 1 1377 7 56 10
368 1 1 1380 1 10 1
369 1 5 1383 95 368 142
370 1 14 1387 3819 19493 5728
371 1 8 1391 4 12 6
372 0 4 1395 4 12 6
373 1 2 1399 1 13 1
374 0 8 1403 4 13 6
375 0 2 1407 2 17 3
376 1 2 1411 1 11 1
377 0 11 1414 2 6 3
378 0 2 1418 25 215 37
379 0 1 1422 3 25 4
380 0 2 1425 45 400 67
381 1 17 1429 1 3 1
382 0 1 1434 8 64 12
383 1 3 1437 3 10 4
384 1 2 1441 7 56 10
385 1 2 1444 1 9 1
386 1 2 1447 32837 394830 49255
387 0 57 1451 3 9 4
388 0 6 1456 4 12 6
389 1 4 1460 70 264 105
390 0 6 1464 11 34 16
391 0 2 1468 5 41 7
392 0 3 1471 53 475 79
393 0 8 1475 1 5 1
394 1 3 1479 4 12 6
395 1 5 1483 95 368 142
396 0 3 1487 1 3 1
397 0 5 1491 1 4 1
398 1 2 1495 3 25 4
399 0 4 1499 60 223 90
400 0 4 1503 2 6 3
401 0 1 1507 2 17 3
402 1 12 1510 1 4 1
403 1 1 1514 2 17 3
404 1 6 1517 359 1551 538
405 1 3 1521 15 48 22
406 0 1 1525 2 17 3
407 0 1 1528 2632 28504 3948
408 1 2 1531 1 11 1
409 0 1 1535 8518 96982 12777
410 0 6 1538 2491 12362 3736
411 1 1 1542 1 10 1
412 0 4 1545 91 351 136
413 0 1 1549 2 17 3
414 0 4 1552 1 3 1
415 0 4 1556 2264480 16346222 3396720
416 0 5 1560 378 1639 567
417 0 11 1564 6 18 9
418 0 3 1568 1 9 1
419 1 3 1572 2542 12632 3813
420 1 2 1576 1 9 1
421 0 8 1580 2 7 3
422 1 3 1584 1 11 1
423 0 3 1588 1 9 1
424 1 2 1592 8 64 12
425 0 6 1596 60 223 90
426 0 1 1600 3 25 4
427 1 4 1603 1 5 1
428 0 3 1607 4758 24632 7137
429 1 2 1611 1 9 1
430 0 3 1615 4105 21051 6157
431 1 3 1619 21 70 31
432 0 1 1623 1 12 1
433 0 2 1626 3 25 4
434 0 7 1630 1 3 1
435 1 4 1634 44 159 66
436 1 17 1638 16 52 24
437 1 1 1643 2 17 3
438 1 1 1646 1 10 1
439 1 7 1649 8 24 12
440 1 2 1653 54 485 81
441 0 2 1657 12 99 18
442 1 3 1660 1 5 1
443 1 3 1664 1 10 1
444 0 2 1668 13 107 19
445 1 1 1672 16 134 24
446 0 3 1675 7108 80320 10662
447 0 1 1679 68 618 102
448 1 13 1681 1 3 1
449 0 1 1685 4 33 6
450 1 1 1688 15 125 22
451 0 5 1691 31 108 46
452 1 3 1695 37 131 55
453 0 9 1699 12 38 18
454 1 1 1703 13685 158881 20527
455 1 2 1706 1 9 1
456 0 1 1710 12 99 18
457 1 1 1713 2 17 3
458 0 6 1716 1 3 1
459 0 3 1720 14 116 21
460 0 4 1724 1 4 1
461 0 1 1728 12 99 18
462 1 5 1731 1216 5746 1824
463 1 3 1735 39 139 58
464 0 4 1739 1 4 1
465 0 13 1743 57 211 85
466 1 20 1747 1 4 1
467 0 3 1752 1541 7402 2311
468 0 14 1756 6 18 9
469 1 1 1760 4 33 6
470 0 5 1763 1 4 1
471 0 2 1767 11 90 16
472 1 1 1771 7 56 10
473 0 3 1774 495852 3329960 743778
474 0 1 1778 1 10 1
475 1 16 1781 1 4 1
476 1 19 1786 6 18 9
477 1 5 1791 111 436 166
478 1 3 1795 3 10 4
479 0 3 1799 1 4 1
480 1 4 1803 9 27 13
481 0 13 1807 1 3 1
482 1 5 1811 1 3 1
483 1 3 1815 1817 8827 2725
484 1 1 1819 1 8 1
485 1 7 1822 1 4 1
486 0 1 1826 2 17 3
487 0 5 1828 1 4 1
488 0 2 1832 1 9 1
489 1 8 1835 3 10 4
490 0 2 1839 1 12 1
491 1 29 1843 93 360 139
492 0 23 1848 24 81 36
493 0 37 1853 1 3 1
494 0 3 1858 11 34 16
495 1 12 1862 83962 514486 125943
496 0 2 1866 1 12 1
497 1 3 1870 10 31 15
498 0 4 1874 1 4 1
499 1 1 1878 36735 443648 55102
500 0 5 1881 1 4 1
501 1 1 1885 219893 2841770 329839
502 0 1 1887 2064 22115 3096
503 0 1 1890 1 9 1
504 1 1 1893 1 10 1
505 1 8 1896 1 4 1
506 0 3 1900 5168 57619 7752
507 1 4 1904 2 6 3
508 0 3 1908 4 12 6
509 1 1 1912 1 9 1
510 0 4 1915 1 5 1
511 0 6 1919 785 3595 1177
512 0 5 1923 1 4 1
513 1 1 1927 4 33 6
514 0 6 1930 9 27 13
515 1 9 1934 3 10 4
516 0 7 1938 1 3 1
517 1 4 1942 165 670 247
518 1 1 1946 1 9 1
519 1 2 1949 23 197 34
520 1 3 1953 1 4 1
521 0 1 1957 1 9 1
522 0 3 1960 1312 6232 1968
523 1 2 1964 1 10 1
524 1 15 1968 19 63 28
525 1 1 1972 1 10 1
526 1 2 1975 2 17 3
527 0 4 1979 5211 27134 7816
528 1 1 1983 350 3456 525
529 1 5 1986 3 9 4
530 0 3 1990 1 7 1
531 1 3 1994 1 9 1
532 1 1 1998 49 437 73
533 0 3 2001 10 31 15
534 1 7 2005 9122 49191 13683
535 0 1 2009 4 33 6
536 0 4 2012 1 4 1
537 1 2 2016 1 9 1
538 1 8 2019 39710 233482 59565
539 0 5 2023 105 410 157
540 0 1 2027 5 41 7
541 0 20 2030 74 281 111
542 0 4 2035 55 203 82
543 1 3 2039 32 112 48
544 0 2 2043 39 344 58
545 1 24 2047 206 852 309
546 0 3 2052 2 17 3
547 0 1 2056 1 9 1
548 0 3 2059 1 4 1
549 0 5 2063 50 183 75
550 1 2 2067 1 11 1
551 1 3 2070 1 5 1
552 1 1 2074 1 10 1
553 1 2 2077 11 90 16
554 0 4 2081 19 63 28
555 0 3 2085 5869 30792 8803
556 0 8 2089 10 31 15
557 1 2 2093 1 9 1
558 1 2 2096 652 6630 978
559 0 12 2099 13 41 19
560 1 7 2103 2 6 3
561 1 3 2107 43 381 64
562 1 1 2111 3 25 4
563 0 12 2114 82 314 123
564 1 1 2118 1 9 1
565 0 2 2121 20 170 30
566 1 4 2125 10 31 15
567 0 4 2129 2 6 3
568 1 1 2133 165 1570 247
569 0 1 2136 6 48 9
570 1 2 2139 6 48 9
571 0 2 2142 186 1781 279
572 0 1 2146 1 9 1
573 1 4 2148 2 7 3
574 1 1 2152 18 152 27
575 1 1 2155 1 9 1
576 0 14 2158 4 12 6
577 0 3 2162 3 10 4
578 0 2 2166 1 9 1
579 1 1 2169 3 25 4
580 1 1 2172 279 2725 418
581 0 2 2175 2 17 3
582 1 40 2179 1 4 1
583 0 4 2184 1 5 1
584 0 2 2188 4 33 6
585 0 3 2192 205 847 307
586 1 12 2196 1 4 1
587 0 1 2200 21 179 31
588 0 2 2202 6 48 9
589 1 15 2206 35 124 52
590 1 13 2210 1 3 1
591 1 2 2214 63 570 94
592 0 1 2218 3 25 4
593 1 7 2221 1 5 1
594 0 8 2225 75 285 112
595 1 3 2229 1 9 1
596 1 6 2233 31 108 46
597 1 44 2237 1 3 1
598 1 1 2242 1 10 1
599 1 2 2245 104 967 156
600 1 6 2249 54 199 81
601 1 2 2253 1 10 1
602 0 9 2257 42 151 63
603 1 45 2261 324 1389 486
604 0 4 2266 870 4014 1305
605 0 2 2270 11 90 16
606 1 5 2274 1 4 1
607 0 16 2278 7 21 10
608 0 8 2282 6 18 9
609 0 3 2286 1 9 1
610 0 10 2290 20647 116926 30970
611 0 31 2294 9 27 13
612 0 3 2299 34 120 51
613 1 2 2303 291 2848 436
614 1 4 2307 1 3 1
615 1 1 2311 968 10025 1452
616 1 4 2313 59 219 88
617 0 4 2317 1 3 1
618 1 1 2321 31 270 46
619 0 13 2324 456 2006 684
620 1 3 2328 926 4292 1389
621 1 1 2332 1382 14545 2073
622 1 3 2335 1 3 1
623 0 8 2339 1 5 1
624 1 3 2343 1 13 1
625 0 16 2347 1 4 1
626 0 4 2352 219 910 328
627 0 1 2356 18 152 27
628 0 4 2359 12 38 18
629 1 6 2363 1 4 1
630 1 3 2367 3917 20026 5875
631 0 6 2371 1 4 1
632 0 11 2375 1 4 1
633 0 4 2379 1 5 1
634 0 4 2383 1 4 1
635 0 3 2387 33 288 49
636 0 2 2391 541 5454 811
637 1 10 2395 181 740 271
638 0 11 2399 100 389 150
639 0 1 2403 1 10 1
640 0 3 2406 1 13 1
641 1 2 2410 1 9 1
642 0 4 2414 1 4 1
643 0 3 2418 9 73 13
644 0 3 2422 1 4 1
645 0 2 2426 1 10 1
646 1 3 2430 31 108 46
647 0 2 2434 1 8 1
648 0 2 2438 1 11 1
649 1 4 2441 2 6 3
650 1 5 2445 436 1912 654
651 0 4 2449 6 18 9
652 1 1 2453 125497 1588556 188245
653 1 16 2456 3 9 4
654 0 8 2460 1 3 1
655 0 1 2464 196 1881 294
656 1 2 2467 611 6195 916
657 1 3 2470 3 10 4
658 1 3 2474 1 4 1
659 1 9 2478 1 4 1
660 1 4 2482 67422 408238 101133
661 1 2 2486 33 289 49
662 1 10 2490 14 45 21
663 1 3 2494 1 4 1
664 0 5 2498 1020802 7099390 1531203
665 1 16 2502 1 3 1
666 0 2 2506 10 81 15
667 1 25 2510 434 1902 651
668 0 5 2515 1 5 1
669 1 1 2519 6 48 9
670 1 9 2522 334 1435 501
671 1 2 2526 8816 100519 13224
672 1 6 2530 1 4 1
673 0 5 2534 99 385 148
674 1 2 2538 1 11 1
675 0 4 2542 656 2965 984
676 0 2 2546 20 170 30
677 0 7 2550 7 21 10
678 0 3 2554 1 4 1
679 0 2 2558 3 25 4
680 1 6 2561 335 1439 502
681 1 1 2565 1 9 1
682 0 1 2568 1 10 1
683 0 3 2571 3 10 4
684 1 3 2575 1 4 1
685 0 3 2579 3144 15845 4716
686 0 1 2583 1128 11764 1692
687 1 1 2586 6 48 9
688 0 1 2589 7 56 10
689 1 2 2592 16 134 24
690 1 2 2596 1 9 1
691 0 3 2599 2 7 3
692 0 6 2603 27 93 40
693 1 4 2607 8 24 12
694 0 2 2611 7 56 10
695 1 2 2615 16 134 24
696 0 3 2619 2 7 3
697 0 1 2623 1 9 1
698 0 1 2626 223 2154 334
699 1 19 2629 2 6 3
700 0 1 2634 2210 23751 3315
701 1 1 2637 9 73 13
702 0 2 2640 282 2756 423
703 0 1 2644 82 753 123
704 0 5 2647 1 7 1
705 1 9 2651 348 1500 522
706 0 8 2655 7 21 10
707 1 2 2659 4 33 6
708 0 3 2662 1 4 1
709 1 3 2666 1 4 1
710 0 9 2670 782 3580 1173
711 0 3 2674 406 4037 609
712 1 3 2678 1 11 1
713 0 2 2682 18504 217470 27756
714 1 3 2685 2 17 3
715 1 11 2689 1 4 1
716 0 1 2693 1 9 1
717 1 2 2696 3852 42411 5778
718 0 6 2700 42 151 63
719 0 1 2704 1 9 1
720 1 4 2707 1 4 1
721 1 1 2711 1 9 1
722 0 10 2714 34 120 51
723 1 2 2718 451 4507 676
724 0 2 2722 1 8 1
725 0 20 2726 7 21 10
726 0 1 2731 1210 12659 1815
727 1 3 2734 1140 5362 1710
728 1 3 2738 8 24 12
729 0 1 2742 1 10 1
730 0 3 2743 22 74 33
731 0 1 2747 1 10 1
732 1 8 2750 2 7 3
733 0 6 2754 75 285 112
734 1 1 2758 4 33 6
735 1 1 2760 1 10 1
736 1 2 2763 1 9 1
737 1 10 2767 82 313 123
738 0 6 2771 798 3659 1197
739 0 11 2775 1 4 1
740 0 1 2779 2 17 3
741 0 10 2782 1 3 1
742 0 1 2786 402 3996 603
743 0 2 2789 22 188 33
744 0 12 2792 4949 25685 7423
745 0 4 2796 1 6 1
746 1 1 2800 66 599 99
747 0 4 2803 1 4 1
748 0 4 2807 395 1719 592
749 0 4 2811 541 2411 811
750 1 1 2815 1 9 1
751 0 1 2818 1364 14347 2046
752 1 3 2821 4387 22594 6580
753 0 1 2825 1 11 1
754 0 10 2828 926 4292 1389
755 0 2 2832 1 10 1
756 1 3 2836 1 4 1
757 1 1 2840 28 242 42
758 1 7 2843 1 4 1
759 1 1 2847 2 17 3
760 1 3 2850 16610 92868 24915
761 0 5 2854 7 21 10
762 0 2 2858 2467 26642 3700
763 0 7 2861 431 1888 646
764 1 1 2865 1 11 1
765 0 2 2868 1 10 1
766 0 2 2871 110 1025 165
767 1 9 2874 76 289 114
768 1 6 2878 202 834 303
769 1 2 2882 6 48 9
770 1 2 2886 1 9 1
771 0 7 2890 680 3082 1020
772 1 2 2894 1 10 1
773 1 1 2898 1290 13535 1935
774 0 1 2901 1 9 1
775 0 3 2904 1 9 1
776 0 9 2908 74 280 111
777 0 3 2912 82 753 123
778 0 3 2916 8 24 12
779 0 17 2920 9 27 13
780 0 2 2925 9453 108094 14179
781 0 1 2929 1 9 1
782 1 2 2931 158 1500 237
783 1 3 2934 1 9 1
784 1 2 2938 244 2367 366
785 0 1 2942 46 409 69
786 0 4 2945 1 4 1
787 1 1 2949 1 8 1
788 0 1 2952 36 316 54
789 0 6 2955 83 318 124
790 0 2 2959 1 9 1
791 0 1 2963 2 17 3
792 0 2 2966 68 618 102
793 1 2 2970 3336 36503 5004
794 0 6 2974 1 5 1
795 0 1 2978 5599 62636 8398
796 1 11 2981 71 268 106
797 1 6 2985 5 15 7
798 0 11 2989 58 215 87
799 1 15 2993 77 293 115
800 0 3 2997 58 215 87
801 1 5 3001 97 376 145
802 1 3 3005 1 3 1
803 0 3 3009 1 4 1
804 0 1 3013 1 11 1
805 0 2 3016 12 99 18
806 1 2 3020 1 10 1
807 1 12 3024 29 100 43
808 0 2 3028 1583 16763 2374
809 0 4 3032 375 1625 562
810 0 3 3036 1 4 1
811 1 4 3040 35 123 52
812 1 9 3044 72 272 108
813 1 2 3048 1 10 1
814 1 2 3051 1 12 1
815 0 2 3054 6 48 9
816 1 2 3057 5 40 7
817 0 6 3061 43 155 64
818 1 3 3065 4 12 6
819 0 3 3069 1180 5564 1770
820 0 9 3073 1 6 1
821 0 3 3077 57 513 85
822 1 4 3081 4128 21177 6192
823 0 5 3085 12 38 18
824 0 1 3089 3 25 4
825 0 8 3092 1 3 1
826 1 4 3096 1 3 1
827 0 28 3100 132 526 198
828 0 5 3105 8 24 12
829 0 3 3109 1 4 1
830 0 1 3113 17 143 25
831 0 3 3116 294 1251 441
832 0 2 3120 21 179 31
833 0 3 3124 2432 12050 3648
834 0 5 3128 2 7 3
835 1 1 3132 30 261 45
836 1 1 3135 1 9 1
837 0 3 3138 8440 45296 12660
838 0 18 3142 1 4 1
839 0 1 3147 4 33 6
840 1 5 3150 2752 13748 4128
841 1 4 3154 15 49 22
842 0 1 3158 22 188 33
843 0 9 3161 1 4 1
844 1 2 3165 4 33 6
845 0 3 3169 1 9 1
846 1 2 3173 23 197 34
847 0 10 3177 6 18 9
848 1 5 3181 1 5 1
849 1 1 3185 1 9 1
850 0 2 3188 749 7666 1123
851 1 3 3192 2133 10475 3199
852 1 3 3196 9 73 13
853 1 1 3200 1 10 1
854 0 4 3203 374 1621 561
855 1 3 3207 707 3213 1060
856 0 2 3211 19 161 28
857 0 2 3215 12 99 18
858 1 6 3219 9 27 13
859 1 2 3223 5 40 7
860 0 4 3227 55 203 82
861 0 2 3231 1127 11753 1690
862 0 1 3235 5 41 7
863 0 3 3237 2 17 3
864 1 55 3241 10 31 15
865 0 2 3246 2 17 3
866 1 10 3250 56 207 84
867 0 4 3254 1 3 1
868 0 2 3258 62801 774377 94201
869 1 5 3261 9903 53672 14854
870 0 7 3265 2 6 3
871 1 3 3269 1 4 1
872 0 4 3273 151 608 226
873 0 2 3277 1 9 1
874 1 1 3280 1 11 1
875 0 3 3283 3 9 4
876 1 5 3287 4 12 6
877 0 25 3291 1 5 1
878 0 3 3296 113 445 169
879 0 1 3300 2 17 3
880 1 9 3302 1 5 1
881 1 5 3306 1 3 1
882 1 1 3310 1 9 1
883 1 2 3312 5 41 7
884 0 3 3316 1559 7495 2338
885 0 1 3320 1 9 1
886 1 1 3322 3 25 4
887 1 1 3325 1 9 1
888 1 2 3328 136 1282 204
889 0 1 3331 2 17 3
890 1 4 3334 21 70 31
891 0 8 3338 3 9 4
892 1 1 3342 3 25 4
893 0 4 3345 1 3 1
894 1 1 3349 1113 11600 1669
895 1 6 3352 1 4 1
896 0 1 3356 126 1183 189
897 1 3 3359 1 9 1
898 1 1 3363 834 8578 1251
899 1 2 3366 4 33 6
900 1 3 3369 2 7 3
901 0 3 3373 1 10 1
902 0 1 3377 1 9 1
903 1 1 3380 4 33 6
904 0 2 3383 1985 21232 2977
905 0 54 3387 10 31 15
906 0 3 3392 2 7 3
907 1 34 3396 1 4 1
908 1 5 3401 2 7 3
909 1 5 3405 2 7 3
910 1 2 3409 2 17 3
911 0 2 3412 1 9 1
912 1 3 3416 151 608 226
913 0 2 3420 50 447 75
914 1 4 3424 652 2946 978
915 1 8 3428 1 4 1
916 0 1 3432 11 90 16
917 1 10 3435 7 21 10
918 1 4 3439 3408 17266 5112
919 0 2 3443 1 12 1
920 0 2 3446 1983 21210 2974
921 1 8 3449 13 41 19
922 1 6 3453 237 991 355
923 1 4 3457 1 4 1
924 0 2 3461 1 10 1
925 0 1 3465 83 763 124
926 0 20 3468 1 3 1
927 1 3 3473 1 9 1
928 0 2 3477 2 17 3
929 0 2 3481 6662 75076 9993
930 0 3 3485 14 116 21
931 1 8 3489 2 6 3
932 0 2 3493 1024 10632 1536
933 1 8 3497 1 4 1
934 0 6 3501 481289 3227410 721933
935 0 1 3505 1376 14479 2064
936 0 3 3508 4 12 6
937 0 6 3512 12173 66807 18259
938 1 7 3516 20 67 30
939 1 2 3520 1 10 1
940 0 2 3523 2 17 3
941 0 4 3526 20 67 30
942 1 5 3530 1 3 1
943 1 8 3534 107 419 160
944 1 1 3538 1 10 1
945 1 2 3541 76 695 114
946 0 3 3545 1 9 1
947 0 3 3549 1 4 1
948 1 2 3553 484 4853 726
949 0 7 3557 1 3 1
950 0 2 3561 3 25 4
951 1 2 3564 3 25 4
952 0 4 3567 1 5 1
953 1 2 3571 14 116 21
954 0 2 3574 1425 15019 2137
955 0 4 3578 24 82 36
956 0 2 3582 1 10 1
957 1 4 3585 2959 14853 4438
958 0 6 3589 4 12 6
959 1 2 3593 66 599 99
960 0 7 3597 2 6 3
961 0 4 3601 1 4 1
962 0 2 3605 2 17 3
963 0 3 3608 1 4 1
