0 1 1 5 120 1124 180
1 1 1 14 1 9 1
2 1 2 24 16480 192780 24720
3 1 6 36 776 3551 1164
4 1 2 53 502 5043 753
5 0 2 66 1850 19726 2775
6 0 2 80 301 2950 451
7 0 2 93 104 967 156
8 1 1 105 13803 160307 20704
9 1 2 116 3 25 4
10 1 2 128 1763 18759 2644
11 0 3 140 1 4 1
12 1 2 155 1 9 1
13 0 4 168 1 3 1
14 1 1 184 3 25 4
15 1 35 192 1 3 1
16 1 5 215 150 604 225
17 0 7 232 961 4466 1441
18 1 4 250 1 6 1
19 0 12 266 4494 23181 6741
20 1 1 286 1 9 1
21 0 12 296 6 18 9
22 0 2 316 8 64 12
23 1 2 329 2 17 3
24 1 10 341 3 10 4
25 0 1 360 462 4623 693
26 0 3 367 262 1104 393
27 0 3 382 94 869 141
28 1 14 396 1 4 1
29 0 3 416 7 21 10
30 0 3 431 1 10 1
31 0 24 445 20 67 30
32 0 4 467 1 3 1
33 0 1 482 1 10 1
34 0 1 492 2 17 3
35 0 2 503 9 73 13
36 0 7 515 1 5 1
37 1 3 533 1 4 1
38 0 11 547 1 3 1
39 0 8 567 3 9 4
40 1 6 586 197 811 295
41 1 2 603 91 840 136
42 0 4 617 50 183 75
43 0 5 633 6 18 9
44 1 22 650 8 24 12
45 1 2 672 4 33 6
46 1 4 685 2 7 3
47 0 3 701 44 159 66
48 0 11 716 1 5 1
49 0 4 736 280 1186 420
50 1 1 752 2 17 3
51 1 2 763 335 3301 502
52 0 1 775 44 391 66
53 1 3 782 46 167 69
54 1 2 797 924 9549 1386
55 1 26 810 31 108 46
56 0 6 832 66 247 99
57 0 1 850 3 25 4
58 0 5 860 1 3 1
59 0 2 877 1 11 1
60 1 4 890 19 63 28
61 1 1 906 5 40 7
62 0 1 916 304 2981 456
63 0 1 927 707 7217 1060
64 0 1 938 1 8 1
65 0 2 949 53 475 79
66 1 1 962 38579 466812 57868
67 0 5 971 1 4 1
68 1 1 987 1 9 1
69 0 1 998 6 48 9
70 1 1 1007 1 9 1
71 1 6 1014 5 15 7
72 0 3 1031 9970 54058 14955
73 0 5 1046 1 6 1
74 0 1 1063 691 7046 1036
75 0 4 1070 1 4 1
76 0 2 1086 14 116 21
77 1 2 1098 1 10 1
78 0 7 1110 1 3 1
79 1 1 1128 36 316 54
80 0 2 1139 496 4979 744
81 0 3 1152 7 21 10
82 1 18 1167 2 7 3
83 1 3 1188 1 4 1
84 0 11 1203 406 1770 609
85 1 3 1222 7 21 10
86 0 3 1237 11 90 16
87 0 3 1251 821 3772 1231
88 0 2 1266 7970 90493 11955
89 0 4 1278 17911 100589 26866
90 1 2 1294 2906 31608 4359
91 0 8 1308 153 617 229
92 0 8 1326 14765 81976 22147
93 1 2 1344 21 179 31
94 0 13 1356 8 24 12
95 1 6 1376 2 7 3
96 0 1 1394 1 9 1
97 0 3 1404 1 4 1
98 0 4 1418 1 4 1
99 0 7 1434 2931 14703 4396
100 1 1 1452 1 11 1
101 1 1 1460 5 41 7
102 1 14 1470 1 5 1
103 1 25 1490 1 5 1
104 1 1 1512 2 17 3
105 0 3 1521 85 326 127
106 0 3 1535 1 11 1
107 1 1 1549 8 64 12
108 1 1 1559 5 40 7
109 0 7 1566 5 15 7
110 0 2 1584 14 116 21
111 1 2 1598 754 7719 1131
112 0 2 1612 39 344 58
113 1 2 1624 1794 19103 2691
114 1 12 1637 28 97 42
115 0 9 1657 1 3 1
116 0 2 1676 29005 347051 43507
117 0 3 1688 4 33 6
118 1 3 1702 1 9 1
119 1 21 1716 60 223 90
120 0 10 1737 1 5 1
121 0 21 1756 1211 5720 1816
122 1 1 1777 1 9 1
123 0 22 1788 451 1982 676
124 1 4 1810 1 3 1
125 1 5 1826 2 7 3
126 1 1 1843 9280 106034 13920
127 0 1 1849 185 1771 277
128 1 4 1856 4 12 6
129 0 2 1872 21 179 31
130 1 6 1885 16 52 24
131 0 3 1902 5435 28377 8152
132 1 3 1917 1 3 1
133 1 3 1932 32 112 48
134 0 5 1947 1 3 1
135 0 1 1963 1 9 1
136 1 5 1972 12 38 18
137 0 3 1989 2 17 3
138 1 7 2003 12410 68187 18615
139 0 9 2021 20 67 30
140 1 2 2040 254 2469 381
141 0 1 2054 9 72 13
142 0 2 2064 1 11 1
143 1 1 2077 2 17 3
144 0 2 2088 91 840 136
145 0 9 2100 5 15 7
146 0 2 2119 121 1133 181
147 1 3 2131 1 5 1
148 1 7 2146 22 74 33
149 1 1 2164 1 9 1
150 0 4 2175 1015 4735 1522
151 1 2 2191 135 1271 202
152 1 4 2204 145 583 217
153 1 1 2220 3 25 4
154 1 8 2231 81 309 121
155 1 6 2249 202 834 303
156 0 2 2266 177 1690 265
157 0 2 2278 1 14 1
158 1 5 2292 5 15 7
159 0 1 2309 149 1411 223
160 1 3 2318 1 10 1
161 0 2 2332 1 9 1
162 0 9 2344 40349 237452 60523
163 0 2 2363 9970 114257 14955
164 0 6 2375 5 15 7
165 1 6 2392 4 12 6
166 0 2 2409 20 170 30
167 1 15 2422 137 548 205
168 0 2 2442 10 81 15
169 0 3 2454 1 8 1
170 0 1 2468 205 1972 307
171 0 3 2477 19 161 28
172 1 8 2491 1 4 1
173 1 30 2509 2 7 3
174 0 9 2531 6 18 9
175 0 9 2550 4 12 6
176 1 5 2569 20321 114973 30481
177 1 3 2586 15 48 22
178 0 1 2601 26 224 39
179 1 3 2609 56 207 84
180 1 11 2624 1 4 1
181 1 1 2644 108 1006 162
182 0 1 2652 1 8 1
183 1 7 2660 3 9 4
184 0 2 2678 247 2398 370
185 0 4 2692 1 4 1
186 1 2 2708 122740 1552368 184110
187 0 10 2720 363 1570 544
188 0 1 2739 1 9 1
189 1 2 2751 222 2144 333
190 0 1 2764 3 25 4
191 0 4 2773 28 97 42
192 1 2 2789 10 81 15
193 1 1 2801 9167 104690 13750
194 0 3 2812 3 25 4
195 0 3 2826 1 3 1
196 0 3 2841 1521 7299 2281
197 0 1 2856 1 11 1
198 0 5 2864 139 557 208
199 0 4 2881 1 5 1
200 1 6 2897 206 852 309
201 0 1 2914 1 9 1
202 1 2 2922 1 10 1
203 1 2 2936 2 17 3
204 0 5 2950 2 6 3
205 1 13 2967 1 4 1
206 0 2 2987 7 56 10
207 1 1 3000 2 17 3
208 1 2 3009 3 25 4
209 0 18 3023 1 4 1
210 0 14 3044 1 5 1
211 1 6 3064 3 9 4
212 1 1 3081 1 9 1
213 0 2 3090 5 41 7
214 1 8 3103 938 4351 1407
215 0 4 3122 1 4 1
216 1 5 3138 2 6 3
217 0 14 3155 1 4 1
218 0 8 3175 1 4 1
219 1 19 3194 4 13 6
220 1 2 3215 62 561 93
221 1 3 3227 1 9 1
222 1 2 3241 4968 55296 7452
223 1 1 3253 1 9 1
224 1 5 3263 1 5 1
225 0 2 3280 2 17 3
226 1 11 3293 1 3 1
227 0 5 3313 7 21 10
228 0 2 3329 8 64 12
229 0 5 3342 1 4 1
230 0 2 3359 1 8 1
231 1 3 3372 20 170 30
232 1 5 3386 1 3 1
233 0 1 3403 979 10144 1468
234 1 10 3414 1 4 1
235 1 1 3433 806 8277 1209
236 1 5 3439 102 398 153
237 1 1 3456 108 1006 162
238 0 3 3465 23 197 34
239 0 2 3479 5 40 7
240 0 32 3491 853 3930 1279
241 0 7 3514 1 3 1
242 0 4 3532 654 2955 981
243 0 12 3548 5 15 7
244 1 1 3568 1 8 1
245 0 1 3577 70 637 105
246 0 2 3586 301 2950 451
247 0 1 3600 4 33 6
248 0 2 3605 11 90 16
249 0 4 3619 6 18 9
