0 0 33 5 1 4 1
1 0 11 10 9 27 13
2 0 12 14 2 6 3
3 0 3 18 14 116 21
4 0 10 22 211 874 316
5 0 9 26 1 4 1
6 1 12 30 6 18 9
7 1 2 34 1 10 1
8 0 2 37 179 1710 268
9 1 5 41 18 152 27
10 0 3 45 4 33 6
11 0 7 49 1 6 1
12 0 1 53 108 1006 162
13 1 2 56 39 344 58
14 1 3 60 1 11 1
15 1 3 64 2 17 3
16 1 1 68 240 2327 360
17 1 2 71 9108 103988 13662
18 0 1 74 4 33 6
19 0 1 77 8 64 12
20 0 5 80 4 33 6
21 1 3 84 1 11 1
22 0 2 88 10 81 15
23 0 2 92 4 33 6
24 1 43 96 1 4 1
25 1 2 101 4 33 6
26 1 3 105 1 11 1
27 1 5 109 344 3394 516
28 0 30 113 114 449 171
29 0 2 118 1774 18881 2661
30 0 2 122 1 10 1
31 1 14 125 579 2593 868
32 1 8 129 3 9 4
33 1 3 133 1 8 1
34 1 4 137 1 9 1
35 1 2 141 13 107 19
36 1 2 145 6 48 9
37 1 2 149 1047 10882 1570
38 1 4 152 1 9 1
39 1 2 156 118 1104 177
40 0 4 160 238 2306 357
41 0 12 164 1 4 1
42 0 11 168 30 104 45
43 1 2 172 63 570 94
44 1 3 176 165 1570 247
45 0 1 180 125 1173 187
46 1 5 183 166 1580 249
47 0 1 187 1 9 1
48 0 1 190 555 5602 832
49 1 1 193 410578 5427342 615867
50 1 2 196 165566 2117455 248349
51 0 5 200 15 125 22
52 0 2 204 1 11 1
53 0 1 207 55 494 82
54 0 1 210 19 161 28
55 0 2 213 1 9 1
56 0 1 216 5 40 7
57 0 5 219 10 81 15
58 1 3 223 1 9 1
59 0 2 227 1 9 1
60 1 2 231 60 542 90
61 1 3 235 17 143 25
62 0 5 239 20 170 30
63 0 2 243 1 9 1
64 0 2 247 11 90 16
65 0 11 251 5 15 7
66 0 8 255 187 767 280
67 1 1 259 27 233 40
68 0 5 262 188 1801 282
69 1 7 266 5 15 7
70 1 1 270 1 9 1
71 1 2 273 9 73 13
72 1 2 277 1 9 1
73 1 11 281 8 24 12
74 1 1 285 1 9 1
75 1 6 288 1 9 1
76 0 1 292 223 2154 334
77 0 2 295 7 56 10
78 1 1 299 265 2582 397
79 1 3 302 1 11 1
80 0 17 306 1 4 1
81 1 13 311 1 3 1
82 0 9 315 1 3 1
83 0 1 319 1 8 1
84 0 9 322 351426 2319987 527139
85 1 3 326 1 9 1
86 1 19 330 1 3 1
87 1 3 335 1 11 1
88 0 5 339 6 48 9
89 1 6 343 2558 27668 3837
90 1 1 347 17896 210042 26844
91 0 3 350 2153 23112 3229
92 0 2 354 442 4413 663
93 1 5 358 1 10 1
94 1 2 362 3 25 4
95 0 1 365 2 17 3
96 1 7 367 765 3497 1147
97 0 4 371 263 2561 394
98 1 11 375 2 7 3
99 0 33 379 894 4133 1341
100 1 7 384 1 4 1
101 1 5 388 7 56 10
102 0 17 392 1 4 1
103 0 2 397 11 90 16
104 1 1 400 444 4434 666
105 0 9 403 15159 84296 22738
106 1 2 407 2443 26371 3664
107 1 3 411 144 1361 216
108 1 1 415 1 9 1
109 1 1 418 1 10 1
110 1 3 421 1 9 1
111 0 4 425 1 11 1
112 1 3 429 1 11 1
113 0 1 433 10 81 15
114 0 2 436 3 25 4
115 0 2 440 1877 20027 2815
116 1 8 444 14231 78838 21346
117 1 1 448 5033 56051 7549
118 1 2 451 48 428 72
119 0 5 455 1 9 1
120 1 9 459 5 15 7
121 1 1 463 95 879 142
122 1 5 466 4 33 6
123 0 11 470 20 67 30
124 0 2 474 1 9 1
125 1 2 477 1 9 1
126 1 1 481 1 9 1
127 0 1 484 6 48 9
128 1 4 486 248 2408 372
129 0 1 490 2 17 3
130 0 8 493 1064 4980 1596
131 1 3 497 2 17 3
132 0 12 501 50598 301559 75897
133 0 2 505 5 40 7
134 1 1 509 1 10 1
135 1 1 512 4571 50697 6856
136 0 2 515 1 9 1
137 0 2 519 7 56 10
138 0 2 523 66 599 99
139 1 2 526 1 10 1
140 1 5 530 1 11 1
141 1 5 534 2 17 3
142 1 1 538 225 2175 337
143 0 1 541 1 10 1
144 1 3 544 2 17 3
145 1 5 548 661 6726 991
146 0 61 552 23 78 34
147 0 4 557 1 9 1
148 1 5 561 4 33 6
149 0 3 565 1 9 1
150 0 3 569 49 437 73
151 0 1 573 465 4654 697
152 1 2 576 20 170 30
153 0 2 580 1 9 1
154 1 1 584 11 90 16
155 0 7 587 1 4 1
156 1 3 591 1 8 1
157 1 1 595 7929 90007 11893
158 0 5 598 2563 27725 3844
159 0 1 602 1381 14534 2071
160 0 6 605 1 9 1
161 0 7 609 16 52 24
162 0 14 613 747 3409 1120
163 1 3 617 1 10 1
164 0 2 621 91332 1142363 136998
165 0 18 624 75 285 112
166 1 1 629 620 6290 930
167 0 4 632 322 3167 483
168 0 1 636 1 9 1
169 0 3 639 1097 11426 1645
170 1 2 643 15945 186273 23917
171 1 3 647 12 99 18
172 0 4 651 143 1351 214
173 1 2 655 175966 2255534 263949
174 1 11 659 1 5 1
175 1 3 663 1 9 1
176 0 1 667 68 618 102
177 0 1 670 3 25 4
178 0 2 673 134 1262 201
179 1 6 677 7 56 10
180 1 6 681 1 11 1
181 0 3 685 112 1045 168
182 1 2 689 9 73 13
183 0 5 693 55 494 82
184 1 3 697 8 64 12
185 0 1 701 1 9 1
186 0 1 704 14416 167723 21624
187 1 1 707 348 3435 522
188 1 2 710 1 10 1
189 1 10 714 1 3 1
190 1 51 718 1 4 1
191 0 1 723 5 40 7
192 0 3 726 1 9 1
193 1 12 730 2018 9874 3027
194 0 12 734 14 45 21
195 1 8 738 2 7 3
196 0 2 742 33 289 49
197 1 1 746 25 215 37
198 0 2 749 1 8 1
199 1 9 753 3 9 4
200 0 3 757 269 2622 403
201 0 8 761 1 4 1
202 0 3 765 431 4298 646
203 1 2 769 5 41 7
204 0 6 772 28 97 42
205 0 1 776 88 811 132
206 1 2 779 13 107 19
207 1 2 783 2 17 3
208 1 9 787 278 1177 417
209 0 2 791 69 628 103
210 0 2 795 1 9 1
211 0 4 799 1 9 1
212 1 2 803 3506 38445 5259
213 0 3 807 7 56 10
214 0 2 811 29 251 43
215 0 2 814 421 4194 631
216 1 4 817 1 9 1
217 0 2 821 57 513 85
218 1 2 824 1 12 1
219 1 3 827 1 9 1
220 0 10 831 76 289 114
221 0 7 835 2 7 3
222 0 3 839 1 9 1
223 1 2 843 154 1460 231
224 0 4 847 15 125 22
225 1 3 851 15 125 22
226 1 1 855 1 11 1
227 1 4 858 12 99 18
228 1 1 862 2662 28843 3993
229 0 3 865 4 33 6
230 1 1 869 1914 20440 2871
231 0 15 872 1 4 1
232 0 5 876 43 381 64
233 1 2 880 1 11 1
234 1 7 884 36 128 54
235 0 12 888 21 70 31
236 1 1 892 90542 1132110 135813
237 1 37 895 2516 12494 3774
238 0 2 900 39 344 58
239 1 1 904 21 179 31
240 0 3 907 1 12 1
241 1 18 911 1 4 1
242 1 2 916 6464 72752 9696
243 0 2 920 70 637 105
244 0 6 924 4 33 6
245 1 4 928 1 10 1
246 0 10 932 16 52 24
247 0 3 936 1 10 1
248 1 1 940 1 12 1
249 1 1 943 36 316 54
250 1 1 946 16 134 24
251 0 6 948 2 7 3
252 1 4 952 9 73 13
253 1 2 956 70 637 105
254 1 2 959 1 9 1
255 0 13 962 4 12 6
256 0 1 966 60 542 90
257 1 1 969 1 10 1
258 1 11 972 342378 2257299 513567
259 0 5 976 403 4006 604
260 0 2 980 1 11 1
261 0 5 984 51 457 76
262 0 1 988 24 206 36
263 0 3 991 14 116 21
264 0 2 995 1 8 1
265 0 1 998 12 99 18
266 1 2 1001 36 316 54
267 1 15 1005 4 13 6
268 1 1 1009 85 782 127
269 1 2 1012 742 7591 1113
270 1 5 1015 1 9 1
271 1 7 1019 1 5 1
272 1 1 1023 1 10 1
273 1 3 1026 7036 79473 10554
274 1 2 1030 82 753 123
275 0 1 1034 1 9 1
276 1 7 1037 86 330 129
277 0 1 1041 1 10 1
278 1 1 1044 90 830 135
279 0 7 1046 168 683 252
280 0 7 1050 4 12 6
281 0 2 1054 16 134 24
282 0 4 1057 7 56 10
283 0 3 1061 2 17 3
284 1 1 1065 1 10 1
285 1 1 1068 4702 52213 7053
286 1 9 1071 1 3 1
287 0 15 1075 2 7 3
288 0 1 1079 29 252 43
289 1 5 1082 12 99 18
290 0 6 1086 16 134 24
291 0 2 1090 84 772 126
292 0 1 1093 733 7494 1099
293 0 1 1096 405 4027 607
294 0 5 1099 29 251 43
295 1 3 1103 258 2510 387
296 0 8 1107 1 3 1
297 0 1 1111 6 48 9
298 1 1 1113 2950508 41754555 4425762
299 0 1 1116 1 10 1
300 0 1 1119 7 56 10
301 0 3 1122 42 372 63
302 1 2 1126 1 10 1
303 1 4 1130 1 10 1
304 1 2 1134 257 2500 385
305 0 5 1138 1395 14688 2092
306 1 1 1142 23 197 34
307 0 1 1145 1 9 1
308 1 2 1148 47 419 70
309 0 3 1152 76 695 114
310 0 1 1156 16 134 24
311 0 2 1159 1 9 1
312 0 4 1162 1 12 1
313 1 3 1166 3 25 4
314 1 2 1170 5 40 7
315 1 2 1173 1 9 1
316 0 3 1177 1 9 1
317 0 7 1181 6455 34070 9682
318 1 2 1185 86 791 129
319 0 25 1189 1 5 1
320 0 2 1194 1233 12911 1849
321 0 7 1198 493 2181 739
322 0 1 1202 1 11 1
323 1 10 1205 2 7 3
324 0 1 1209 11 90 16
325 0 13 1212 216 897 324
326 0 1 1216 154 1460 231
327 1 1 1219 1 10 1
328 1 4 1222 152 1440 228
329 0 3 1226 1 9 1
330 0 2 1230 25 215 37
331 1 12 1233 2 6 3
332 1 2 1237 1 11 1
333 0 1 1241 1 10 1
334 0 11 1244 32 112 48
335 0 3 1248 1 10 1
336 1 2 1252 1 10 1
337 1 7 1256 12 38 18
338 0 2 1260 1 9 1
339 1 3 1264 1 11 1
340 1 5 1268 1 9 1
341 1 2 1272 1 8 1
342 0 1 1276 1 9 1
343 1 2 1279 8 64 12
344 0 15 1282 115 453 172
345 1 2 1286 42 372 63
346 1 1 1290 7104 80273 10656
347 1 5 1293 18 152 27
348 0 2 1297 1 9 1
349 1 1 1301 1 9 1
350 0 4 1304 9 73 13
351 1 5 1308 99 918 148
352 1 4 1312 19 161 28
353 0 2 1316 4 33 6
354 1 1 1320 1 10 1
355 0 6 1323 18 152 27
356 1 2 1327 7363 83324 11044
357 1 6 1331 299 2930 448
358 0 1 1335 35 307 52
359 0 20 1338 1 5 1
360 0 2 1343 1 9 1
361 0 1 1346 12654 146443 18981
362 0 6 1349 341 3363 511
363 0 1 1353 1 9 1
364 1 3 1356 332 3270 498
365 0 24 1360 270 1141 405
366 0 28 1365 1 3 1
367 1 1 1370 4 33 6
368 0 4 1373 202 1941 303
369 1 2 1377 467 4675 700
370 1 7 1381 2 6 3
371 0 6 1385 1 5 1
372 1 1 1389 1728 18370 2592
373 0 2 1392 1 9 1
374 1 2 1396 1 9 1
375 1 1 1400 67 608 100
376 1 2 1403 28 243 42
377 0 2 1406 1 10 1
378 0 2 1409 124923 1581020 187384
379 1 1 1413 1 10 1
380 0 15 1416 1 3 1
381 0 3 1420 501 5032 751
382 1 3 1424 77 705 115
383 1 3 1428 5 40 7
384 0 14 1432 1 4 1
385 1 1 1436 108 1006 162
386 0 3 1439 1 9 1
387 0 1 1443 2992 32584 4488
388 0 4 1446 4323 47833 6484
389 1 4 1450 1 10 1
390 0 2 1454 44 391 66
391 0 2 1458 35 307 52
392 1 2 1461 31 270 46
393 0 9 1465 1 3 1
394 1 22 1469 18 59 27
395 1 1 1474 3 25 4
396 1 1 1477 1 9 1
397 0 1 1480 393 3902 589
398 0 2 1483 6 48 9
399 0 9 1487 1 5 1
400 1 4 1491 11 90 16
401 1 3 1495 1 11 1
402 0 3 1499 43959 534626 65938
403 0 16 1503 2 6 3
404 0 4 1507 26853 320323 40279
405 0 2 1511 3 25 4
406 1 8 1514 1 4 1
407 0 10 1518 62 231 93
408 0 11 1522 1 4 1
409 0 1 1526 1 10 1
410 1 2 1529 1 10 1
411 1 5 1533 102 947 153
412 1 1 1537 1042 10828 1563
413 1 34 1540 20 67 30
414 1 1 1545 184 1761 276
415 1 18 1548 806 3698 1209
416 0 2 1553 197 1891 295
417 0 2 1556 1 9 1
418 1 5 1560 6 48 9
419 1 3 1564 18 152 27
420 1 2 1568 1 9 1
421 0 1 1572 160 1520 240
422 0 2 1575 37 326 55
423 0 6 1578 2 17 3
424 1 1 1582 2393 25808 3589
425 1 5 1585 473 4738 709
426 1 1 1589 2 17 3
427 0 7 1592 19407 109506 29110
428 1 4 1596 3 25 4
429 1 3 1600 31 270 46
430 1 2 1604 87 801 130
431 0 7 1608 3990 20423 5985
432 0 7 1612 6869 36396 10303
433 0 3 1616 836 8600 1254
434 1 4 1620 2043 21881 3064
435 1 5 1624 9 73 13
436 1 10 1628 2 7 3
437 0 1 1632 15 125 22
438 1 8 1635 19 63 28
439 0 5 1639 311 3053 466
440 0 11 1643 1 5 1
441 1 3 1647 14547 169309 21820
442 0 1 1651 382 3788 573
443 0 2 1654 2 17 3
444 1 2 1657 9348 106844 14022
445 0 3 1660 1 10 1
446 1 5 1664 903806 12284546 1355709
447 1 6 1668 3 9 4
448 0 3 1672 1 9 1
449 0 1 1676 34 297 51
450 0 1 1679 2002 21422 3003
451 0 6 1682 26324 313765 39486
452 1 8 1686 16 52 24
453 1 2 1690 93 860 139
454 0 2 1694 55 494 82
455 0 2 1698 1 11 1
456 1 3 1702 4757 52850 7135
457 0 4 1706 1 10 1
458 0 3 1710 91 840 136
459 1 2 1714 96 889 144
460 1 1 1718 73 666 109
461 0 5 1721 541 5454 811
462 0 2 1725 187204 2405064 280806
463 1 2 1728 12 99 18
464 0 1 1731 23 197 34
465 0 11 1734 6 18 9
466 1 1 1738 4374 48421 6561
467 1 1 1741 1 10 1
468 0 14 1744 6 18 9
469 1 4 1748 1 9 1
470 0 2 1752 11 90 16
471 1 2 1755 79 724 118
472 1 3 1758 1 9 1
473 1 6 1762 73944 917490 110916
474 0 2 1766 4 33 6
475 0 4 1769 1718 18259 2577
476 1 7 1773 102 398 153
477 1 2 1777 1 9 1
478 1 2 1780 17 143 25
479 1 7 1784 55 203 82
480 1 2 1788 5 40 7
481 1 3 1792 2 17 3
482 0 4 1796 1 9 1
483 0 1 1800 1111 11578 1666
484 1 1 1803 4 33 6
485 0 3 1806 1 11 1
486 1 6 1810 2 17 3
487 0 2 1814 16 134 24
488 0 4 1817 7 56 10
489 0 2 1821 14 116 21
490 0 1 1824 6 48 9
491 0 4 1826 193 1851 289
492 0 2 1830 2 17 3
493 1 4 1834 2 17 3
494 0 1 1838 1 9 1
495 1 2 1840 483 4843 724
496 1 1 1844 15 125 22
497 0 1 1847 2 17 3
498 1 1 1850 28 242 42
499 0 11 1853 1 4 1
500 1 1 1857 1 10 1
501 0 8 1860 1 3 1
502 0 1 1864 1 9 1
503 1 9 1867 2 7 3
504 0 5 1871 39497 478359 59245
505 0 1 1875 877 9041 1315
506 1 3 1878 1282 13447 1923
507 1 5 1882 24 206 36
508 1 3 1886 4 33 6
509 0 5 1890 7790 88364 11685
510 0 2 1894 33 288 49
511 0 3 1898 4 33 6
512 1 2 1902 1 11 1
513 1 3 1906 23 197 34
514 1 7 1910 1 3 1
515 0 2 1914 1 11 1
516 0 4 1918 1 10 1
517 1 4 1922 1 11 1
518 0 6 1926 1 8 1
519 0 2 1930 1028 10676 1542
520 1 1 1934 1 9 1
521 1 2 1937 1 9 1
522 0 2 1941 2 17 3
523 0 2 1945 44 391 66
524 1 1 1948 1 10 1
525 0 5 1951 22 188 33
526 0 4 1955 30 261 45
527 0 1 1959 324 3187 486
528 1 6 1961 3 25 4
529 1 2 1965 1 11 1
530 1 1 1968 78 714 117
531 0 6 1971 2 17 3
532 1 2 1975 2294 24694 3441
533 0 2 1978 1 10 1
534 0 3 1982 12 99 18
535 1 2 1986 1 10 1
536 1 5 1989 1 11 1
537 0 1 1993 1 9 1
538 1 2 1996 2 17 3
539 0 2 2000 8 64 12
540 0 1 2003 100 927 150
541 1 1 2006 93 859 139
542 0 2 2008 2 17 3
543 0 2 2012 1 9 1
544 1 1 2016 1 10 1
545 0 3 2019 2 17 3
546 1 8 2023 5 15 7
547 1 22 2027 1 3 1
548 1 13 2032 8 24 12
549 1 2 2036 1 10 1
550 1 2 2040 135 1272 202
551 1 1 2044 3 25 4
552 0 2 2047 1358 14282 2037
553 0 44 2051 1 6 1
554 1 4 2056 5577 62380 8365
555 1 1 2060 104 967 156
556 1 3 2062 1 9 1
557 0 2 2066 18 152 27
558 0 1 2070 1 10 1
559 0 4 2073 2 17 3
560 0 10 2077 1 5 1
561 0 1 2081 1 10 1
562 1 8 2084 205 847 307
563 0 1 2088 1 8 1
564 0 2 2090 43112 523927 64668
565 0 3 2094 3 25 4
566 0 1 2098 78249 973001 117373
567 1 1 2100 1 10 1
568 1 2 2103 4 33 6
569 1 3 2107 8 64 12
570 1 9 2111 1 5 1
571 1 2 2115 1 9 1
572 0 2 2118 27 233 40
573 1 2 2122 1 9 1
574 0 2 2126 5 41 7
575 1 1 2130 5 41 7
576 1 2 2133 298 2920 447
577 1 5 2137 1 10 1
578 0 2 2141 15400 179652 23100
579 1 4 2145 1 10 1
580 0 2 2149 463 4633 694
581 1 1 2152 1 10 1
582 1 6 2155 1 4 1
583 0 10 2159 6 18 9
584 1 1 2163 168 1600 252
585 0 7 2166 1 4 1
586 1 1 2170 1 9 1
587 1 1 2173 2 17 3
588 0 2 2176 2 17 3
589 1 1 2180 1 12 1
590 1 2 2183 32 279 48
591 0 3 2187 1 9 1
592 0 1 2191 333 3280 499
593 0 3 2193 1427 15040 2140
594 1 1 2197 52 466 78
595 0 15 2200 1 4 1
596 1 2 2204 18 152 27
597 1 4 2208 3 25 4
598 1 3 2212 1 9 1
599 0 12 2216 3 10 4
600 1 2 2220 4 33 6
601 1 1 2224 10 81 15
602 0 3 2227 2 17 3
603 0 2 2231 8 64 12
604 1 34 2235 2 7 3
605 1 6 2240 1 9 1
606 0 3 2244 12 99 18
607 0 1 2248 1 9 1
608 1 20 2251 9 27 13
609 0 1 2256 3 25 4
610 0 1 2259 2288 24627 3432
611 1 1 2262 1 11 1
612 1 1 2265 1 9 1
613 0 6 2268 1 9 1
614 1 1 2272 2924 31812 4386
615 1 6 2275 8 64 12
616 1 1 2279 2522 27262 3783
617 1 5 2281 753 7709 1129
618 1 2 2285 77 705 115
619 0 1 2289 31 270 46
620 1 4 2292 1 9 1
621 1 18 2296 1 4 1
622 1 4 2301 4529 50212 6793
623 0 1 2305 1 11 1
624 0 7 2308 659 2980 988
625 1 1 2312 38 335 57
626 0 3 2315 3 25 4
627 1 5 2319 242 2347 363
628 1 11 2323 121 479 181
629 0 2 2327 2 17 3
630 1 3 2330 4658 51704 6987
631 0 1 2334 155 1470 232
632 0 3 2336 31 270 46
633 1 1 2340 2 17 3
634 0 7 2343 878 4054 1317
635 0 7 2347 16 52 24
636 1 5 2351 1404 14788 2106
637 0 1 2355 5 40 7
638 0 2 2358 15 125 22
639 0 12 2361 6759 35777 10138
640 1 2 2365 301 2951 451
641 0 9 2369 13 41 19
642 0 6 2373 1 9 1
643 0 4 2377 17 143 25
644 1 8 2381 1 3 1
645 1 6 2385 28 242 42
646 0 2 2389 85 782 127
647 1 2 2393 1 9 1
648 1 1 2397 13 107 19
649 1 2 2400 1 10 1
650 0 3 2404 1 9 1
651 1 2 2408 18 152 27
652 1 1 2411 1 10 1
653 0 4 2414 158 1500 237
654 1 6 2418 6 48 9
655 1 2 2422 22 188 33
656 0 3 2426 4 33 6
657 1 5 2430 12 99 18
658 1 4 2434 13 107 19
659 0 4 2438 1 10 1
660 1 1 2442 866 8923 1299
661 1 1 2445 1 10 1
662 0 4 2448 16 134 24
663 0 1 2452 10 81 15
664 1 6 2455 3057 33323 4585
665 1 7 2459 81 309 121
666 1 7 2463 8 24 12
667 0 1 2467 898 9268 1347
668 0 5 2470 46 409 69
669 0 30 2474 72 272 108
670 0 6 2479 29862 357717 44793
671 1 2 2483 1 9 1
672 1 2 2487 2 17 3
673 0 1 2491 4236 46829 6354
674 0 7 2494 291 1237 436
675 0 48 2498 3195 16119 4792
676 1 3 2503 64607 797512 96910
677 1 5 2507 3 25 4
678 1 1 2511 1 11 1
679 0 5 2514 2 17 3
680 0 2 2518 42519 516442 63778
681 0 4 2522 1 8 1
682 1 1 2526 1 9 1
683 1 10 2528 1 3 1
684 1 1 2532 2 17 3
685 0 22 2535 2 6 3
686 1 3 2540 1 11 1
687 0 8 2544 2012 9842 3018
688 0 1 2548 1 10 1
689 1 13 2551 1 3 1
690 1 6 2555 81 743 121
691 0 1 2559 1 10 1
692 1 4 2561 11 90 16
693 1 3 2565 85 782 127
694 0 21 2569 14398 79819 21597
695 0 3 2574 2 17 3
696 1 1 2578 349 3446 523
697 1 1 2581 178 1700 267
698 1 5 2584 7 56 10
699 0 9 2588 3 9 4
700 0 7 2592 407 1775 610
701 1 3 2596 18 152 27
702 0 3 2600 73 666 109
703 1 16 2604 25 85 37
704 0 3 2609 1 10 1
705 1 6 2613 5 15 7
706 1 1 2617 1 10 1
707 0 14 2620 1 5 1
708 1 1 2624 1 9 1
709 0 1 2627 377 3735 565
710 0 1 2630 14 116 21
711 0 9 2633 2 7 3
712 1 1 2637 1 9 1
713 1 4 2640 51 457 76
714 0 2 2644 2 17 3
715 1 3 2648 1305 13700 1957
716 1 2 2652 76 695 114
717 1 2 2655 187584 2410126 281376
718 0 9 2659 10 31 15
719 0 2 2663 4599 51021 6898
720 1 1 2667 6 48 9
721 1 8 2670 1 4 1
722 1 6 2674 1 10 1
723 1 3 2678 29 252 43
724 0 4 2682 711 7259 1066
725 1 3 2686 1102 11480 1653
726 1 1 2690 1 10 1
727 0 5 2693 33 288 49
728 1 2 2697 1 9 1
729 1 3 2701 6 48 9
730 0 2 2705 3 25 4
731 0 3 2709 2 17 3
732 0 38 2713 7 21 10
733 0 2 2718 1 12 1
734 1 4 2722 2 17 3
735 0 3 2726 50 447 75
736 0 2 2730 1 11 1
737 1 9 2733 1 4 1
738 1 7 2737 1 5 1
739 1 8 2741 123 487 184
740 0 39 2745 1 5 1
741 0 1 2750 1 9 1
742 0 2 2753 1 10 1
743 0 5 2757 270 2633 405
744 1 27 2761 1 4 1
745 1 1 2766 2828 30723 4242
746 1 6 2768 11 34 16
747 0 10 2772 76 289 114
748 1 2 2776 3 25 4
749 1 3 2780 8 64 12
750 1 2 2784 44 390 66
751 1 5 2787 5 40 7
752 1 7 2791 8 24 12
753 1 3 2795 165 1570 247
754 1 2 2799 96 888 144
755 0 6 2802 1427 15041 2140
756 1 8 2806 1248 5907 1872
757 1 5 2810 1334 14018 2001
758 1 5 2814 1 10 1
759 0 116 2818 20 67 30
760 0 3 2823 1 8 1
761 1 4 2827 10 81 15
762 0 2 2831 1 9 1
763 0 9 2834 3 9 4
764 1 2 2838 2 17 3
765 0 2 2842 218 2103 327
766 0 2 2845 1 9 1
767 0 7 2849 1 3 1
768 0 1 2853 376 3725 564
769 1 1 2856 132 1242 198
770 1 1 2859 258 2510 387
771 1 8 2862 1 4 1
772 0 10 2866 3 9 4
773 1 4 2870 1 9 1
774 1 13 2874 1 4 1
775 0 2 2878 1 9 1
776 0 23 2881 65 243 97
777 1 2 2886 1 11 1
778 0 4 2890 1 8 1
779 1 9 2894 100 389 150
780 1 2 2898 2 17 3
781 0 11 2902 4 12 6
782 1 2 2906 3 25 4
783 1 20 2910 1 4 1
784 1 2 2915 1 11 1
785 0 4 2919 6 48 9
786 0 9 2923 1788 8677 2682
787 0 1 2927 58 523 87
788 0 7 2930 50 183 75
789 0 6 2934 21 179 31
790 1 1 2938 42851 520633 64276
791 1 16 2940 3042 15298 4563
792 1 16 2944 1 6 1
793 0 1 2949 26 224 39
794 1 1 2952 2 17 3
795 1 3 2955 1262 13228 1893
796 1 2 2959 26435 315140 39652
797 1 2 2963 4333 47948 6499
798 0 1 2967 728 7441 1092
799 1 2 2970 1 9 1
800 0 22 2973 1875 9128 2812
801 1 1 2978 2 17 3
802 0 5 2981 1 12 1
803 1 6 2985 1 11 1
804 0 2 2989 1 9 1
805 0 4 2993 1 11 1
806 0 1 2997 64 580 96
807 0 2 3000 1 9 1
808 0 13 3004 19 63 28
809 1 1 3008 1 10 1
810 1 4 3011 419816 5553875 629724
811 1 1 3015 41 362 61
812 0 16 3018 102 397 153
813 1 1 3022 24 206 36
814 0 1 3025 25 215 37
815 1 5 3028 161 1530 241
816 0 2 3032 1941 20741 2911
817 1 2 3035 528 5316 792
818 1 1 3039 2 17 3
819 1 6 3042 1 10 1
820 1 1 3046 1425 15019 2137
821 0 2 3049 3 25 4
822 0 1 3053 44 391 66
823 1 3 3056 1 10 1
824 1 3 3060 1321 13875 1981
825 1 2 3064 6454 72635 9681
826 0 1 3067 1 10 1
827 0 2 3070 158 1500 237
828 1 11 3074 1 4 1
829 1 2 3078 35950 433800 53925
830 0 9 3082 149 600 223
831 1 2 3086 1 9 1
832 1 1 3089 1 9 1
833 0 6 3092 207 856 310
834 1 2 3096 7 56 10
835 0 9 3100 7 21 10
836 0 10 3104 39 139 58
837 1 2 3108 1483 15658 2224
838 0 2 3112 2633 28516 3949
839 0 1 3115 4 33 6
840 1 6 3117 27 233 40
841 1 2 3121 431 4298 646
842 1 78 3125 1 4 1
843 1 4 3130 4 33 6
844 1 3 3134 577 5834 865
845 1 1 3138 669 6811 1003
846 0 10 3140 1 3 1
847 0 1 3144 4 33 6
848 1 3 3147 1 10 1
849 0 6 3151 21 70 31
850 0 1 3155 408 4058 612
851 1 1 3158 1 9 1
852 1 6 3161 12 99 18
853 0 1 3165 1 12 1
854 0 2 3168 37119 448468 55678
855 0 4 3171 1 11 1
856 0 1 3175 4 33 6
857 1 2 3178 1 9 1
858 0 2 3181 1636 17350 2454
859 1 2 3184 8 64 12
860 1 3 3188 86 792 129
861 1 1 3192 1 9 1
862 0 1 3195 1 10 1
863 0 1 3198 12 99 18
864 0 2 3201 1 10 1
865 0 3 3205 7 56 10
866 1 3 3209 1 9 1
867 0 1 3213 30 260 45
868 0 2 3216 20172 237897 30258
869 1 16 3219 31 108 46
870 0 2 3223 25 215 37
871 0 2 3227 1037 10773 1555
872 0 2 3230 12 98 18
873 1 3 3234 1 8 1
874 1 5 3238 2 17 3
875 0 3 3242 71 647 106
876 0 2 3246 1 9 1
877 1 3 3250 65 589 97
878 0 6 3254 1 11 1
879 0 7 3258 18 59 27
880 0 8 3262 19 63 28
881 0 6 3266 1 4 1
882 1 4 3270 14 116 21
883 1 2 3274 43 381 64
884 1 6 3278 1 3 1
885 1 4 3282 2365 25493 3547
886 1 10 3286 1 5 1
887 0 9 3290 1 4 1
888 1 1 3294 195 1871 292
889 1 1 3297 5 40 7
890 1 2 3300 1 10 1
891 1 6 3304 11 90 16
892 0 2 3308 27 233 40
893 0 1 3312 2 17 3
894 0 2 3315 4 33 6
895 1 3 3318 290 2837 435
896 1 1 3322 206 1982 309
897 1 2 3325 1 9 1
898 1 3 3328 6085 68313 9127
899 0 38 3332 14 45 21
900 1 1 3337 4 33 6
901 0 2 3340 1 9 1
902 0 1 3344 27 233 40
903 1 2 3347 52 466 78
904 0 1 3350 51 456 76
905 0 1 3353 323 3177 484
906 1 8 3355 55 203 82
907 1 3 3359 1466 15470 2199
908 1 3 3363 14 116 21
909 0 3 3367 94 869 141
910 1 11 3371 44 159 66
911 0 12 3375 140 561 210
912 1 5 3379 77 704 115
913 1 1 3383 8918 101730 13377
914 0 7 3386 1082 5070 1623
915 1 1 3390 10 81 15
916 0 2 3393 13 107 19
917 1 14 3397 1 4 1
918 1 7 3401 1 4 1
919 1 1 3405 62 561 93
920 1 3 3408 54 485 81
921 1 1 3412 1 10 1
922 0 3 3415 1 9 1
923 1 2 3419 51387 628759 77080
924 1 3 3423 6 48 9
925 1 1 3427 6 48 9
926 1 3 3430 3393 37154 5089
927 1 10 3434 3 9 4
928 1 6 3438 1 9 1
929 1 2 3442 150 1420 225
930 0 2 3446 1 11 1
931 0 2 3450 11 90 16
932 1 7 3453 907 4197 1360
933 1 2 3457 1 11 1
934 1 13 3461 1 5 1
935 0 3 3465 45 400 67
936 0 6 3469 1 10 1
937 0 10 3473 9 27 13
938 0 3 3477 41 363 61
939 0 4 3481 1 9 1
940 1 5 3485 1 9 1
941 1 1 3489 211 2032 316
942 1 4 3492 1 15 1
943 1 3 3496 1 10 1
944 0 5 3500 3 25 4
945 0 2 3504 4 33 6
946 0 4 3508 17 143 25
947 1 3 3512 15 125 22
948 1 5 3516 1 9 1
949 1 2 3520 23 197 34
950 0 19 3523 1 6 1
951 0 1 3528 387 3840 580
952 0 4 3531 1 9 1
953 1 2 3535 42 372 63
954 1 2 3538 9114 104060 13671
955 0 1 3542 361 3570 541
956 1 35 3545 862 3975 1293
957 1 3 3550 3 25 4
958 0 1 3554 3 25 4
959 1 3 3557 12 99 18
960 1 3 3561 2 17 3
961 1 1 3565 1 11 1
962 0 1 3568 14 116 21
963 1 1 3571 51 457 76
964 0 2 3574 1 11 1
965 0 1 3578 1 9 1
966 1 2 3581 4 33 6
967 0 2 3585 1 9 1
968 1 8 3589 4 12 6
969 1 2 3593 1 9 1
970 0 1 3597 1 10 1
971 1 5 3600 122 1143 183
972 0 18 3604 35 124 52
973 1 2 3609 27 233 40
