0 0 5 5 2 7 3
1 0 1 9 116 1084 174
2 1 2 12 60 542 90
3 0 7 16 1 4 1
4 1 1 20 81 743 121
5 1 2 23 14 116 21
6 0 2 27 66 599 99
7 0 1 30 299 2930 448
8 1 3 33 1 5 1
9 0 3 37 1 5 1
10 1 6 41 3 10 4
11 1 1 45 28 242 42
12 1 12 48 1 3 1
13 1 1 52 81 743 121
14 1 6 55 374 1621 561
15 1 1 59 5 40 7
16 0 1 62 1 14 1
17 0 9 65 31 108 46
18 0 1 69 2 17 3
19 0 3 72 46 167 69
20 0 3 76 17 56 25
21 1 3 80 43 381 64
22 1 6 84 5889 30904 8833
23 0 1 88 1 11 1
24 0 2 91 1 10 1
25 1 1 94 3 25 4
26 1 2 97 1 9 1
27 1 3 101 1 3 1
28 0 6 105 1 5 1
29 0 3 109 4 12 6
30 1 7 113 716 3257 1074
31 1 4 117 2 6 3
32 1 4 121 897 4148 1345
33 1 3 125 1 3 1
34 0 1 129 7606 86191 11409
35 1 4 132 339 1458 508
36 1 4 136 1 4 1
37 0 1 140 1 10 1
38 0 1 142 163 1550 244
39 1 4 145 4 12 6
40 0 13 149 1 5 1
41 1 12 153 31 108 46
42 1 2 157 10 81 15
43 1 2 161 2355 25380 3532
44 0 1 165 68 618 102
45 0 1 168 4 33 6
46 1 9 171 1 3 1
47 0 1 175 42 372 63
48 1 1 178 92 850 138
49 0 2 181 238 2307 357
50 1 4 184 187 767 280
51 0 5 188 7 21 10
52 1 1 192 2 17 3
53 0 3 195 1 4 1
54 0 4 199 14 45 21
55 1 3 203 70 637 105
56 0 3 207 1 9 1
57 1 1 211 1 10 1
58 0 1 214 216 2083 324
59 0 4 217 43 155 64
60 0 8 221 19 63 28
61 1 2 225 237 2296 355
62 0 2 228 29 251 43
63 1 1 231 111 1035 166
64 0 2 234 6317 71029 9475
65 0 1 237 1 9 1
66 0 1 240 38 335 57
67 0 3 243 7309 38878 10963
68 1 4 247 9 27 13
69 0 9 251 1526 7325 2289
70 0 2 255 1 9 1
71 0 1 259 9 73 13
72 0 4 262 4 13 6
73 0 4 266 1 3 1
74 1 1 270 39857 482890 59785
75 1 2 273 3 25 4
76 1 2 276 422 4204 633
77 1 1 280 1316 13820 1974
78 0 14 283 1 6 1
79 1 29 287 1 3 1
80 0 2 292 1 9 1
81 1 1 295 3 25 4
82 0 2 298 7 56 10
83 0 4 302 435 1907 652
84 1 2 306 15 125 22
85 1 2 310 116910 1475942 175365
86 1 3 313 193 1851 289
87 1 1 317 1 9 1
88 1 14 320 405 1766 607
89 1 2 324 4 33 6
90 1 4 328 5 15 7
91 0 13 332 1 4 1
92 0 2 336 101 937 151
93 0 3 340 122 483 183
94 1 2 344 5 40 7
95 0 2 348 22 188 33
96 1 4 351 2 6 3
97 0 3 355 79 301 118
98 1 5 359 82 313 123
99 0 1 363 26674 318103 40011
100 0 11 366 1 4 1
101 0 4 370 10 31 15
102 0 3 374 21 70 31
103 1 1 378 4 33 6
104 1 3 381 3417 37428 5125
105 1 2 385 12 98 18
106 0 1 389 1 10 1
107 1 1 392 2 17 3
108 0 2 395 12048 139150 18072
109 1 5 398 2254 11111 3381
110 1 1 402 159 1510 238
111 1 3 405 25 85 37
112 1 3 409 4965 25774 7447
113 1 9 413 4 12 6
114 1 1 417 1 9 1
115 1 1 420 76 695 114
116 1 4 423 319 1365 478
117 0 1 427 2 17 3
118 0 5 430 1 4 1
119 0 1 434 2 17 3
120 0 2 437 19 161 28
121 1 2 441 1614 17106 2421
122 1 11 445 4 12 6
123 1 3 449 1272 13338 1908
124 1 1 453 1 9 1
125 1 5 456 5114 26598 7671
126 1 1 460 841 8654 1261
127 1 11 463 1 3 1
128 1 1 467 10438 119846 15657
129 0 3 470 3 25 4
130 1 7 474 15 48 22
131 0 3 478 1 4 1
132 1 2 482 1 10 1
133 0 2 486 6 48 9
134 0 1 490 1 13 1
135 1 2 493 1 9 1
136 0 1 497 9 73 13
137 1 3 500 1 4 1
138 0 1 504 13 108 19
139 1 1 507 11 90 16
140 1 6 510 354 1528 531
141 1 1 514 8 64 12
142 1 1 517 1 10 1
143 0 4 520 207 856 310
144 0 4 524 2 6 3
145 1 31 528 138 552 207
146 0 9 533 1 3 1
147 0 4 537 1 5 1
148 1 2 541 14 116 21
149 0 1 545 1 9 1
150 1 3 548 23 78 34
151 0 1 552 1 10 1
152 1 3 555 3 10 4
153 0 2 559 361 3570 541
154 1 1 562 3 25 4
155 1 4 565 2 6 3
156 0 2 569 14 116 21
157 1 3 572 18 59 27
158 0 2 576 43 381 64
159 0 11 580 1 4 1
160 1 8 584 2 7 3
161 0 3 588 110 432 165
162 1 3 592 2 7 3
163 0 3 596 1 3 1
164 1 3 600 838 8621 1257
165 0 10 604 10 31 15
166 0 1 608 1 12 1
167 1 11 611 9 27 13
168 1 1 615 110 1025 165
169 0 1 618 1 10 1
170 1 18 620 857 3950 1285
171 0 7 625 1 4 1
172 1 1 629 1 9 1
173 0 1 632 10 81 15
174 1 1 635 504 5063 756
175 0 3 638 20 170 30
176 0 5 642 31 108 46
177 0 2 646 1 10 1
178 1 4 650 40 143 60
179 1 1 654 2 17 3
180 0 3 657 1 4 1
181 0 5 661 1 4 1
182 0 2 665 204 1962 306
183 1 11 669 1879 9149 2818
184 1 2 673 1 12 1
185 0 7 677 4 13 6
186 0 17 681 1 4 1
187 1 6 686 92 355 138
188 1 4 690 1 5 1
189 1 1 694 1 8 1
190 1 6 697 103 402 154
191 0 9 701 130 517 195
192 0 1 705 92 850 138
193 1 1 708 24 206 36
194 0 2 711 1 8 1
195 0 8 714 2 6 3
196 0 1 718 1 11 1
197 0 1 720 1 9 1
198 1 5 723 57 211 85
199 0 1 727 1 10 1
200 0 1 730 17 143 25
201 0 1 733 200 1922 300
202 0 6 735 4576 23631 6864
203 0 8 739 1 6 1
204 0 1 743 1 12 1
205 1 3 746 10 81 15
206 1 4 750 5 15 7
207 1 3 754 63088 778052 94632
208 1 2 758 62 561 93
209 1 6 762 114 449 171
210 1 2 766 787 8073 1180
211 1 4 769 686 3111 1029
212 1 6 773 183 749 274
213 1 1 777 30 260 45
214 1 2 780 1 9 1
215 0 25 784 12 38 18
216 1 12 789 186 763 279
217 0 3 793 21 179 31
218 0 1 797 320 3146 480
219 1 1 800 1 9 1
220 1 1 803 1 9 1
221 0 2 806 1 9 1
222 0 2 810 8 64 12
223 1 8 814 1 4 1
224 0 1 818 641 6513 961
225 1 1 821 1 11 1
226 0 6 824 3000 15073 4500
227 1 17 828 1 5 1
228 1 1 833 49 437 73
229 0 7 836 227 946 340
230 1 5 840 1665 8040 2497
231 0 5 844 1 5 1
232 0 13 848 296 1260 444
233 0 6 852 2 6 3
234 1 2 856 17 143 25
235 1 2 860 93 860 139
236 0 4 863 17 56 25
237 0 3 867 3 10 4
238 1 1 871 2 17 3
239 1 1 874 2370 25549 3555
240 1 6 877 1 3 1
241 0 2 881 97 898 145
242 1 5 885 65 244 97
243 1 3 889 43 155 64
244 0 1 893 1 12 1
245 0 1 896 1 9 1
246 1 10 899 1 4 1
247 1 1 903 1 9 1
248 1 1 906 1 9 1
249 0 2 909 1 9 1
250 0 24 912 488 2158 732
251 1 6 917 732 3335 1098
252 1 9 921 1 4 1
253 0 6 925 111 436 166
254 0 1 929 1 9 1
255 1 7 932 3 9 4
256 1 4 936 47 171 70
257 0 3 940 5 15 7
258 1 20 944 2 7 3
259 0 5 949 13 41 19
260 0 11 953 1 3 1
261 0 1 957 127 1193 190
262 0 2 960 1 8 1
263 0 6 964 316 1351 474
264 1 2 968 1 9 1
265 1 1 972 95 879 142
266 1 3 975 1 9 1
267 0 3 979 286 1214 429
268 1 4 983 2472 12261 3708
269 1 3 987 40 353 60
270 1 3 991 4 12 6
271 1 2 995 5 40 7
272 1 2 999 5 41 7
273 1 1 1002 1 10 1
274 0 1 1005 4 33 6
275 1 2 1008 4 33 6
276 1 2 1012 1 9 1
277 1 2 1015 1 9 1
278 1 1 1019 1 9 1
279 1 2 1022 39 344 58
280 0 11 1026 1 4 1
281 1 2 1030 4 33 6
282 1 1 1034 9080 103656 13620
283 0 2 1037 588 5950 882
284 1 2 1041 1 9 1
285 1 5 1044 13 41 19
286 0 1 1048 35 307 52
287 0 1 1051 36 316 54
288 0 1 1054 1 10 1
289 0 1 1057 1 10 1
290 0 7 1060 1 4 1
291 0 4 1064 4 12 6
292 0 3 1068 1 11 1
293 0 7 1072 6 18 9
294 0 2 1076 2 17 3
295 1 4 1080 43 155 64
296 1 2 1084 1 9 1
297 0 3 1088 19840 112094 29760
298 1 2 1092 17 143 25
299 0 1 1095 1 9 1
300 0 2 1098 1222 12790 1833
301 0 4 1102 1 5 1
302 1 1 1106 1 10 1
303 1 4 1109 5 15 7
304 0 2 1113 228161 2952604 342241
305 0 1 1117 288168 3760974 432252
306 1 1 1120 1 11 1
307 1 9 1123 2 7 3
308 1 3 1127 28 97 42
309 0 1 1131 82 753 123
310 0 22 1134 12 38 18
311 1 1 1139 2 17 3
312 1 38 1142 49 179 73
313 0 42 1147 3 10 4
314 0 5 1152 293 1246 439
315 0 1 1156 71 647 106
316 1 1 1159 48 428 72
317 0 1 1162 1 9 1
318 0 4 1165 1 3 1
319 1 3 1169 1 4 1
320 0 5 1173 1 4 1
321 1 5 1177 59 219 88
322 0 6 1181 1 3 1
323 0 5 1185 9 27 13
324 0 2 1189 20 170 30
325 1 2 1192 57 513 85
326 0 6 1195 1 4 1
327 0 2 1199 1 9 1
328 1 12 1202 3 10 4
329 1 4 1206 2 6 3
330 0 1 1210 1 10 1
331 0 3 1213 81 309 121
332 1 15 1217 586 2627 879
333 1 2 1221 1 9 1
334 0 5 1225 130 517 195
335 1 1 1229 1 10 1
336 1 4 1232 6478 34199 9717
337 1 1 1236 1 9 1
338 1 1 1239 733 7494 1099
339 1 1 1242 1 10 1
340 0 6 1245 1 4 1
341 1 2 1249 1 10 1
342 0 5 1252 21 70 31
343 0 1 1256 1 8 1
344 1 25 1259 734 3345 1101
345 0 1 1264 20 170 30
346 1 1 1267 1 10 1
347 1 2 1270 5 40 7
348 1 12 1274 86760 532573 130140
349 1 5 1278 54 199 81
350 1 2 1282 1 10 1
351 0 1 1285 31 270 46
352 0 3 1288 1782 8645 2673
353 0 9 1292 1 4 1
354 1 10 1296 1 4 1
355 0 6 1300 1 4 1
356 0 10 1304 10 31 15
357 1 10 1308 2 7 3
358 1 7 1312 1 4 1
359 0 5 1316 1 4 1
360 0 8 1320 22334 127061 33501
361 0 2 1324 1 9 1
362 0 7 1328 6 18 9
363 0 3 1332 1 5 1
364 1 2 1336 1489 15724 2233
365 0 2 1340 1 10 1
366 0 11 1344 198 816 297
367 1 2 1348 747 7644 1120
368 1 1 1352 1 10 1
369 0 10 1354 1 5 1
370 0 1 1358 1 10 1
371 1 1 1361 44 391 66
372 0 4 1364 2 7 3
373 0 4 1368 30 104 45
374 0 9 1372 38395 225322 57592
375 1 3 1376 1 4 1
376 0 5 1380 1 3 1
377 1 3 1384 1 6 1
378 1 7 1388 6 18 9
379 1 1 1392 1 10 1
380 0 10 1395 1 3 1
381 1 1 1399 1 10 1
382 0 3 1402 1 5 1
383 1 2 1406 29 252 43
384 1 10 1410 4 12 6
385 0 8 1414 1 3 1
386 1 9 1418 9 27 13
387 0 38 1422 2 6 3
388 1 2 1427 6 48 9
389 0 9 1431 332 1426 498
390 0 1 1435 1 9 1
391 1 6 1438 22 74 33
392 1 2 1442 1209 12648 1813
393 1 4 1446 115 453 172
394 1 7 1450 311 1328 466
395 1 3 1454 1 6 1
396 0 3 1458 57 513 85
397 1 3 1462 3 25 4
398 1 5 1466 23 78 34
399 0 3 1470 5459 28510 8188
400 1 2 1474 399 3964 598
401 1 1 1477 8 64 12
402 1 2 1480 1 9 1
403 0 14 1483 433 1898 649
404 0 1 1487 3 25 4
405 0 5 1490 10 31 15
406 0 1 1494 1256 13162 1884
407 1 2 1497 6 48 9
408 1 2 1500 1 10 1
409 0 8 1503 1 4 1
410 1 4 1507 1 3 1
411 1 6 1511 3 10 4
412 0 6 1515 1428504 10093786 2142756
413 1 2 1519 3 25 4
414 1 16 1523 3 9 4
415 0 3 1528 1 11 1
416 1 2 1532 3 25 4
417 0 1 1535 1 9 1
418 0 6 1538 1 3 1
419 1 6 1542 1 3 1
420 1 18 1546 1 4 1
421 1 2 1551 40 353 60
422 0 31 1554 221100 1425698 331650
423 0 1 1559 1 11 1
424 0 6 1562 1116 5241 1674
425 0 9 1566 48 175 72
426 1 5 1570 316 1351 474
427 1 2 1574 24327 289054 36490
428 1 2 1578 11 90 16
429 0 5 1581 1 4 1
430 0 2 1585 3 25 4
431 0 5 1589 837 3851 1255
432 0 2 1593 2282 24560 3423
433 1 4 1597 91 351 136
434 1 2 1601 30 261 45
435 0 4 1605 36460 213342 54690
436 1 4 1609 5 15 7
437 0 4 1613 1 3 1
438 1 19 1617 3 9 4
439 1 2 1622 106 986 159
440 1 2 1625 498 5000 747
441 1 10 1628 2 6 3
442 1 1 1632 2998 32653 4497
443 0 2 1635 1 9 1
444 1 9 1639 1 4 1
445 0 3 1643 60 223 90
446 0 2 1647 2 17 3
447 0 3 1651 1759 18714 2638
448 1 6 1655 1 4 1
449 1 2 1659 1 9 1
450 1 2 1663 17 143 25
451 1 4 1667 1 4 1
452 0 5 1671 26 89 39
453 1 5 1675 10374 56385 15561
454 0 2 1679 3 25 4
455 0 20 1683 33 116 49
456 1 4 1688 4808 24908 7212
457 1 5 1692 91 351 136
458 0 2 1696 1 10 1
459 0 3 1700 1 3 1
460 0 3 1704 10203 55399 15304
461 1 6 1708 3414 17299 5121
462 0 7 1712 20446 115721 30669
463 1 1 1716 108 1006 162
464 0 2 1719 25 215 37
465 1 4 1723 7 21 10
466 0 24 1727 1 4 1
467 0 6 1732 2 6 3
468 1 2 1736 203 1952 304
469 0 2 1740 5 41 7
470 1 4 1743 29558 170901 44337
471 1 4 1747 1 4 1
472 0 6 1751 138 552 207
473 1 2 1755 2 17 3
474 0 2 1759 1 10 1
475 1 89 1763 657 2970 985
476 1 8 1768 1 4 1
477 1 1 1772 1 11 1
478 1 2 1775 1 11 1
479 0 3 1779 203 838 304
480 0 3 1783 47706 283394 71559
481 0 3 1787 1 3 1
482 1 3 1791 1 4 1
483 0 6 1795 47 171 70
484 0 4 1799 1 6 1
485 1 6 1803 1 4 1
486 0 5 1807 1 3 1
487 1 3 1811 1 9 1
488 1 4 1815 547 2439 820
489 0 13 1819 20 67 30
490 1 2 1823 15 125 22
491 1 21 1827 1 5 1
492 0 13 1832 24 82 36
493 0 1 1836 96 889 144
494 1 3 1839 1 4 1
495 1 1 1843 406 4038 609
496 1 1 1846 3 25 4
497 1 1 1849 3 25 4
498 1 10 1852 1 3 1
499 1 2 1856 1 12 1
500 0 1 1859 1 10 1
501 1 2 1862 269 2622 403
502 0 3 1866 128 1202 192
503 1 4 1870 1 3 1
504 0 1 1874 130 1222 195
505 0 4 1877 283 1200 424
506 0 13 1881 4865 25222 7297
507 0 1 1885 1 10 1
508 1 3 1888 1 10 1
509 1 2 1892 3700 40667 5550
510 0 1 1895 5 40 7
511 1 3 1898 3 25 4
512 0 4 1902 17 56 25
513 0 1 1906 23 197 34
514 0 18 1909 4 13 6
515 1 2 1914 1 9 1
516 0 1 1918 7582563 110691134 11373844
517 0 3 1921 22 74 33
518 0 5 1925 1 5 1
519 1 4 1929 1 4 1
520 0 10 1933 6 18 9
521 1 5 1937 1 3 1
522 1 7 1941 2 6 3
523 0 11 1945 1 3 1
524 1 2 1949 1 9 1
525 1 3 1953 2 7 3
526 0 3 1957 4 13 6
527 0 4 1961 1943 9482 2914
528 1 17 1965 1 4 1
529 1 5 1970 27 93 40
530 1 4 1974 7 21 10
531 0 12 1978 26 89 39
532 1 1 1982 15 125 22
533 0 14 1985 1 4 1
534 0 6 1989 6 18 9
535 1 6 1993 1 3 1
536 0 5 1997 6478 34199 9717
537 1 16 2001 1 5 1
538 1 11 2005 564 2521 846
539 0 20 2009 1 3 1
540 0 8 2014 5 15 7
541 0 2 2018 22 188 33
542 1 1 2022 7 56 10
543 0 1 2025 25 215 37
544 1 2 2027 1 10 1
545 0 3 2031 1 4 1
546 1 1 2035 3421 37474 5131
547 1 2 2038 65 590 97
548 1 2 2042 1 11 1
549 0 2 2046 9 73 13
550 1 2 2050 3 25 4
551 1 12 2054 21 70 31
552 1 3 2058 389 1691 583
553 1 1 2062 160 1520 240
554 1 2 2065 2 17 3
555 0 2 2068 1016 10545 1524
556 1 3 2072 7 56 10
557 1 2 2076 1 11 1
558 1 1 2080 83 763 124
559 0 6 2082 1545 7422 2317
560 0 3 2086 3 9 4
561 0 18 2090 2474 12272 3711
562 1 1 2095 80 733 120
563 1 1 2098 1 10 1
564 1 4 2101 9 27 13
565 0 1 2105 220 2124 330
566 1 1 2108 1 8 1
567 1 4 2111 1 3 1
568 1 2 2115 1 10 1
569 0 4 2118 1 3 1
570 0 2 2122 6 48 9
571 0 16 2125 67445 408384 101167
572 1 6 2129 1 5 1
573 1 2 2133 44 391 66
574 1 43 2137 1 4 1
575 1 9 2142 19 63 28
576 1 3 2146 1 4 1
577 0 1 2150 529 5327 793
578 1 6 2153 1 5 1
579 0 6 2157 56 207 84
580 0 2 2161 3 25 4
581 1 9 2165 20 67 30
582 0 3 2169 111 1035 166
583 0 2 2173 1 9 1
584 1 5 2176 1 4 1
585 1 1 2180 20 170 30
586 0 2 2183 9 72 13
587 1 2 2186 1 9 1
588 1 1 2190 2 17 3
589 0 1 2192 1096 11415 1644
590 0 5 2195 8317 44596 12475
591 0 4 2199 2 7 3
592 1 2 2203 1 9 1
593 1 2 2207 1 9 1
594 0 2 2211 1 9 1
595 1 2 2215 25 215 37
596 1 1 2219 35 307 52
597 1 3 2221 507 2248 760
598 1 10 2225 31 108 46
599 1 4 2229 1 5 1
600 1 4 2233 4 12 6
601 1 1 2237 7 56 10
602 0 1 2239 3 25 4
603 1 3 2242 6 18 9
604 1 2 2246 1 9 1
605 1 3 2250 1 3 1
606 0 1 2254 1543 16320 2314
607 1 4 2257 1 5 1
608 1 5 2261 21 70 31
609 0 2 2265 89 820 133
610 1 4 2268 1 5 1
611 1 4 2272 104 406 156
612 1 4 2276 1 4 1
613 0 2 2280 2 17 3
614 0 1 2284 36 316 54
615 0 11 2287 1 4 1
616 0 1 2291 6 48 9
617 1 26 2294 1 4 1
618 1 6 2299 1 3 1
619 1 29 2303 129 513 193
620 0 2 2308 2375 25605 3562
621 0 3 2312 13 41 19
622 1 1 2316 9577 109571 14365
623 1 2 2319 7 56 10
624 0 6 2322 9 27 13
625 1 2 2326 1 9 1
626 0 3 2330 1339 6369 2008
627 0 3 2334 1 6 1
628 0 1 2338 59 532 88
629 0 1 2340 4893 54426 7339
630 1 1 2343 13 107 19
631 1 10 2346 19759 111609 29638
632 1 1 2350 399 3964 598
633 0 18 2353 53374 319048 80061
634 1 6 2358 13 41 19
635 1 6 2362 8 24 12
636 0 17 2366 1 4 1
637 0 1 2371 84 772 126
638 0 1 2374 8793 100246 13189
639 1 2 2377 1 9 1
640 0 3 2381 1 9 1
641 0 4 2385 2 6 3
642 0 16 2389 1 4 1
643 1 23 2393 258 1086 387
644 0 1 2398 1 10 1
645 1 1 2400 1 11 1
646 0 2 2403 3 25 4
647 1 1 2406 7 56 10
648 1 5 2409 25 85 37
649 0 2 2413 1 9 1
650 1 7 2416 1 4 1
651 0 7 2420 1 3 1
652 0 3 2424 21 70 31
653 1 4 2428 1 3 1
654 1 5 2432 1 3 1
655 0 2 2436 1 9 1
656 0 1 2439 1 12 1
657 0 1 2442 12 99 18
658 0 1 2445 136 1282 204
659 0 6 2448 31 108 46
660 1 2 2452 4 33 6
661 0 1 2455 11 90 16
662 0 2 2458 12119 140004 18178
663 0 4 2462 5 15 7
664 0 4 2466 23 78 34
665 0 2 2470 1 10 1
666 1 4 2474 153872 973730 230808
667 1 20 2478 31 108 46
668 0 1 2483 25 215 37
669 0 1 2486 364 3601 546
670 1 3 2489 1205 5690 1807
671 1 9 2493 117 461 175
672 0 3 2497 1 9 1
673 0 3 2501 4 32 6
674 1 1 2505 1 9 1
675 1 1 2507 5658 63324 8487
676 1 5 2510 1 6 1
677 1 4 2514 1 4 1
678 1 3 2518 1 4 1
679 1 18 2522 5495 28710 8242
680 0 1 2527 1 9 1
681 0 5 2530 1 3 1
682 1 1 2534 3 25 4
683 1 9 2537 1 5 1
684 0 5 2541 103 402 154
685 1 10 2545 7 21 10
686 1 8 2549 1680 8118 2520
687 0 5 2553 2 7 3
688 0 3 2557 374633 2481124 561949
689 0 1 2561 1 8 1
690 1 8 2564 20 67 30
691 0 2 2568 3 25 4
692 1 3 2572 134 535 201
693 0 1 2576 53 475 79
694 1 2 2578 367 3632 550
695 1 11 2582 1 3 1
696 0 15 2586 59 219 88
697 1 1 2590 2 17 3
698 0 3 2593 1047 4895 1570
699 0 14 2597 3 9 4
700 1 2 2601 14723 171442 22084
701 1 3 2605 122 483 183
702 1 1 2609 3856 42457 5784
703 0 4 2612 1 3 1
704 0 4 2616 76699 467683 115048
705 1 1 2620 1 11 1
706 0 3 2623 3 25 4
707 1 1 2627 13 107 19
708 0 4 2629 8257 44254 12385
709 1 4 2633 1 4 1
710 0 9 2637 2648 13195 3972
711 1 1 2641 3248 35499 4872
712 0 2 2643 18 152 27
713 1 2 2646 1 10 1
714 0 5 2650 57 211 85
715 0 3 2654 157 1490 235
716 0 1 2658 3 25 4
717 0 1 2661 1 9 1
718 0 7 2664 59 219 88
719 0 1 2668 1 9 1
720 0 1 2671 6 48 9
721 1 2 2674 131 1232 196
722 1 3 2677 2 6 3
723 1 1 2681 5 40 7
724 0 3 2684 53 195 79
725 1 6 2688 53 195 79
726 0 2 2692 6 48 9
727 1 1 2696 1 9 1
728 1 3 2699 1 3 1
729 1 1 2703 1 10 1
730 1 1 2706 22 188 33
731 0 2 2709 24 206 36
732 0 2 2712 120 1123 180
733 1 6 2716 407 1775 610
734 1 3 2720 425 4235 637
735 0 1 2724 3 25 4
736 1 6 2727 1 5 1
737 1 7 2731 1 3 1
738 0 6 2735 4 12 6
739 1 4 2739 255 1073 382
740 1 1 2743 25 215 37
741 1 8 2746 26 89 39
742 1 3 2750 70 264 105
743 0 2 2754 1 10 1
744 0 5 2758 26 89 39
745 1 2 2762 1 11 1
746 0 8 2766 7 21 10
747 0 2 2770 1 8 1
748 0 5 2774 1 4 1
749 1 2 2778 2699 29262 4048
750 0 5 2781 1 4 1
751 0 2 2785 13 107 19
752 0 7 2789 10 31 15
753 0 1 2793 5 40 7
754 0 2 2796 7 56 10
755 0 6 2799 169 688 253
756 0 4 2803 1 7 1
757 1 19 2807 4 12 6
758 1 9 2812 1 5 1
759 0 2 2816 3 25 4
760 0 2 2820 1 13 1
761 1 18 2824 4 12 6
762 1 3 2829 7 21 10
763 0 1 2833 12 98 18
764 0 14 2836 1 3 1
765 0 11 2840 2 6 3
766 1 2 2844 8 64 12
767 0 3 2847 892 4123 1338
768 0 4 2851 60 223 90
769 1 7 2855 25 85 37
770 0 10 2859 164 666 246
771 1 2 2863 1 10 1
772 0 2 2866 1 12 1
773 0 1 2870 1 9 1
774 0 2 2873 458 4581 687
775 0 6 2877 1 6 1
776 1 51 2881 4 12 6
777 1 3 2886 35 307 52
778 0 29 2890 20 67 30
779 1 3 2895 3 9 4
780 1 7 2899 292 1241 438
781 0 5 2903 292 1241 438
782 0 1 2907 1 9 1
783 0 1 2910 310 3043 465
784 1 2 2912 3 25 4
785 0 4 2916 1 5 1
786 0 2 2920 1 10 1
787 1 1 2924 2 17 3
788 0 4 2927 2 6 3
789 0 2 2931 157 1490 235
790 0 6 2935 1 5 1
791 1 3 2939 124495 779094 186742
792 1 2 2943 1 9 1
793 0 8 2947 1231 5821 1846
794 1 1 2951 1 11 1
795 1 10 2954 35 124 52
796 0 3 2958 4 12 6
797 1 6 2962 2 6 3
798 0 9 2966 8463 45427 12694
799 1 1 2970 188 1801 282
800 1 5 2973 1 4 1
801 0 1 2977 34 297 51
802 1 1 2980 1 9 1
803 1 3 2983 3 25 4
804 1 13 2987 28 97 42
805 0 2 2991 1 9 1
806 0 2 2994 1 10 1
807 0 3 2997 1 9 1
808 1 3 3001 7 56 10
809 1 13 3005 3 10 4
810 0 3 3009 1 10 1
811 0 3 3013 3 10 4
812 1 2 3017 232 2245 348
813 1 2 3021 281 2745 421
814 1 3 3024 4 33 6
815 0 2 3028 1 10 1
816 1 1 3031 440 4392 660
817 0 2 3033 54 485 81
818 0 1 3036 450 4497 675
819 0 10 3039 276 1168 414
820 0 2 3043 6 48 9
821 0 2 3047 1 10 1
822 0 6 3051 25771 147836 38656
823 0 11 3055 6 18 9
824 0 1 3059 2050 21959 3075
825 1 2 3061 16 134 24
826 1 6 3065 4 12 6
827 1 2 3069 132194 1676579 198291
828 0 1 3073 1 9 1
829 0 1 3076 16 134 24
830 1 2 3079 17 143 25
831 1 3 3083 4 12 6
832 1 9 3087 3 10 4
833 1 5 3091 1 3 1
834 1 8 3095 20 67 30
835 1 1 3099 32 279 48
836 0 5 3101 9 27 13
837 0 2 3105 8 64 12
838 0 4 3108 2 7 3
839 0 4 3112 25 85 37
840 0 1 3116 2 17 3
841 1 1 3119 8 64 12
842 1 12 3122 5 15 7
843 1 6 3126 7 21 10
844 0 26 3130 1 3 1
845 1 2 3135 143 1351 214
846 1 36 3138 1 5 1
847 0 3 3143 751 7687 1126
848 0 2 3147 1 10 1
849 1 9 3151 249 1045 373
850 0 6 3155 18 59 27
851 1 5 3159 1 4 1
852 0 2 3163 1 12 1
853 1 11 3167 1 4 1
854 1 5 3171 1 5 1
855 0 7 3175 2 6 3
856 1 1 3179 1 9 1
857 1 28 3182 2 7 3
858 0 35 3187 1 4 1
859 1 14 3192 1 4 1
860 1 1 3196 184 1761 276
861 1 10 3198 1 3 1
862 0 5 3202 1 5 1
863 0 1 3206 1 11 1
864 1 4 3208 1 3 1
865 1 3 3212 65 589 97
866 0 1 3216 75 685 112
867 1 2 3219 1 10 1
868 1 8 3222 1 4 1
869 1 1 3226 12 98 18
870 0 2 3229 360 3559 540
871 0 3 3232 543 2420 814
872 0 2 3236 1 9 1
873 0 6 3240 1 3 1
874 0 2 3244 1 9 1
875 0 3 3248 90 830 135
876 0 2 3252 15 125 22
877 1 1 3256 1 10 1
878 1 1 3259 243 2357 364
879 1 2 3262 2 17 3
880 1 14 3266 29 100 43
881 0 3 3270 37 131 55
882 0 4 3274 2 7 3
883 0 2 3278 2 17 3
884 1 3 3281 1 4 1
885 1 3 3285 652 2946 978
886 1 3 3289 1 4 1
887 0 2 3293 513 5158 769
888 0 7 3296 712 3238 1068
889 0 4 3300 1 5 1
890 0 3 3304 13 41 19
891 0 5 3308 264 1113 396
892 1 1 3312 6 48 9
893 1 3 3315 1 3 1
894 1 1 3319 19 161 28
895 1 3 3322 1 5 1
896 0 2 3326 1 9 1
897 0 3 3330 2 7 3
898 1 1 3334 1 9 1
899 0 6 3337 2 7 3
900 1 1 3341 1 11 1
901 1 2 3344 1 9 1
902 0 1 3347 60 542 90
903 0 4 3350 5 15 7
904 0 1 3354 8 64 12
905 0 6 3357 2 7 3
906 0 1 3361 11629 134116 17443
907 1 3 3364 10 31 15
908 1 2 3368 8 64 12
909 1 2 3372 152 1441 228
910 0 2 3376 1 9 1
911 0 3 3379 1 3 1
912 0 1 3383 24 206 36
913 0 9 3385 353 1523 529
914 0 3 3389 3 25 4
915 1 3 3393 7 21 10
916 1 12 3397 1 5 1
917 0 2 3401 8 64 12
918 0 2 3404 1312 13777 1968
919 0 4 3408 3 10 4
920 0 2 3412 1 11 1
921 1 2 3416 1 9 1
922 0 2 3420 1393 14667 2089
923 1 8 3424 1 6 1
924 0 2 3428 1 11 1
925 0 1 3431 106 986 159
926 1 4 3434 3 9 4
927 1 12 3438 1814 8811 2721
928 1 2 3442 6 48 9
929 0 7 3445 6 18 9
930 0 5 3449 1 3 1
931 1 17 3453 4 12 6
932 0 3 3458 4 12 6
933 1 1 3462 1 10 1
934 0 21 3465 13 41 19
935 0 4 3470 1 4 1
936 1 1 3474 193 1851 289
937 1 1 3477 121 1133 181
938 1 3 3480 1 3 1
939 1 15 3484 2759 13785 4138
940 0 4 3488 2 6 3
941 1 7 3492 1 4 1
942 0 1 3496 2 17 3
943 1 1 3499 2399 25876 3598
944 0 2 3502 1 10 1
945 1 1 3505 4 33 6
946 1 1 3508 46 409 69
947 1 3 3511 2 6 3
948 1 5 3515 55 203 82
949 1 3 3519 2 6 3
950 0 3 3523 5 15 7
951 1 1 3527 8 64 12
952 0 1 3530 82 753 123
953 1 1 3533 4 33 6
954 1 2 3536 1 11 1
955 1 7 3540 1 4 1
956 1 2 3544 271 2643 406
957 1 5 3548 493 2181 739
958 0 1 3552 1 10 1
959 1 1 3555 2134 22899 3201
960 0 3 3557 1 3 1
961 0 20 3561 1 4 1
962 0 1 3566 1 10 1
963 0 1 3568 10 81 15
964 0 75 3571 60 223 90
965 1 1 3576 969 10036 1453
966 0 4 3579 9 27 13
967 0 2 3583 1 11 1
968 0 7 3587 14 45 21
969 0 3 3591 377 3736 565
970 0 1 3595 257 2500 385
971 1 8 3598 3 10 4
972 0 2 3602 1 9 1
973 0 1 3605 467 4675 700
974 1 3 3607 18 152 27
