0 0 53 5 9522 51484 14283
1 0 1 24 20882 246612 31323
2 1 1 35 5 40 7
3 1 5 43 51 457 76
4 1 25 59 1 3 1
5 0 6 78 6 48 9
6 0 2 94 1 11 1
7 1 2 109 2 17 3
8 0 3 124 1 8 1
9 1 1 139 406 4037 609
10 0 15 150 1084 5081 1626
11 0 3 168 1 11 1
12 1 6 183 52 466 78
13 1 3 199 8648 98525 12972
14 1 4 214 47 419 70
15 1 1 230 28 242 42
16 0 2 243 1 11 1
17 1 1 257 1 9 1
18 1 2 268 664 6758 996
19 1 4 283 3 25 4
20 0 2 299 288 2817 432
21 0 2 314 57 513 85
22 0 2 328 4 33 6
23 1 1 342 1 9 1
24 0 1 352 2686 29115 4029
25 0 1 364 18 152 27
26 0 4 377 1 9 1
27 1 3 393 131 1232 196
28 0 18 409 15 49 22
29 0 7 427 2811 14063 4216
30 1 1 444 7 56 10
31 0 3 457 12769 147828 19153
32 1 1 472 25 215 37
33 0 2 485 70 637 105
34 1 3 499 1896 20239 2844
35 1 11 515 3 10 4
36 1 1 532 6 48 9
37 0 2 545 211 2033 316
38 0 6 560 90 830 135
39 1 2 577 4 33 6
40 1 3 591 1 10 1
41 0 1 606 1 9 1
42 1 3 619 1 8 1
43 0 2 634 13 107 19
44 1 2 648 2 17 3
45 0 1 662 926 9571 1389
46 1 1 674 569 5750 853
47 1 17 685 21 70 31
48 1 1 703 3 25 4
49 0 3 716 8 64 12
50 1 9 731 1 4 1
51 1 1 748 41 363 61
52 0 1 760 1 14 1
53 1 1 772 1723 18314 2584
54 0 3 784 365 3611 547
55 0 1 799 6 48 9
56 0 1 811 1 9 1
57 0 4 822 1 9 1
58 0 5 838 1 10 1
59 0 16 854 1 3 1
60 1 5 872 2 17 3
61 1 4 888 4338 48006 6507
62 0 15 904 1 4 1
63 0 2 922 391 3881 586
64 1 4 936 564 5697 846
65 1 1 952 1 11 1
66 1 1 965 258 2510 387
67 0 2 978 378 3746 567
68 0 28 993 1 4 1
69 1 2 1012 4 33 6
70 0 8 1027 1 3 1
71 1 2 1044 11 90 16
72 1 3 1058 239 2316 358
73 1 3 1073 2 17 3
74 1 1 1088 233 2255 349
75 1 1 1101 1 11 1
76 0 1 1111 91 840 136
77 1 3 1123 12 99 18
78 1 5 1138 1 10 1
79 0 6 1154 1 4 1
80 1 30 1171 1 3 1
81 1 1 1190 49 438 73
82 1 22 1202 7 21 10
83 0 1 1220 671 6833 1006
84 0 1 1232 6 48 9
85 1 11 1245 1 3 1
86 1 7 1262 37 131 55
87 0 4 1279 8 64 12
88 1 3 1295 81 743 121
89 0 2 1310 1 9 1
90 1 5 1323 17 143 25
91 0 2 1339 1 9 1
92 1 2 1353 1077 11208 1615
93 0 4 1368 2 17 3
94 0 8 1384 12 38 18
95 1 11 1401 383 1663 574
96 1 1 1418 221 2134 331
97 0 1 1431 3 25 4
98 0 2 1442 1 11 1
99 0 2 1456 211 2032 316
100 0 10 1470 14 45 21
101 1 3 1487 8662 98691 12993
102 1 17 1502 6 18 9
103 0 2 1520 3820 42043 5730
104 1 1 1534 2 17 3
105 0 1 1546 7 56 10
106 1 1 1557 2 17 3
107 0 4 1570 6 48 9
108 0 2 1586 1 10 1
109 1 5 1600 61 551 91
110 1 1 1616 266 2592 399
111 0 2 1627 11 90 16
112 1 5 1642 21 179 31
113 1 4 1658 1 10 1
114 0 7 1674 1 4 1
115 0 1 1691 1 9 1
116 0 3 1704 33 288 49
117 1 1 1719 15 125 22
118 0 3 1731 5 40 7
119 0 16 1746 10 31 15
120 0 18 1764 13 41 19
121 0 11 1782 4091 20974 6136
122 0 1 1799 1 11 1
123 0 3 1809 1 10 1
124 0 2 1824 1 14 1
125 0 7 1838 16851 94295 25276
126 1 2 1855 225324 2914557 337986
127 0 9 1870 1 4 1
128 0 1 1887 555 5601 832
129 0 4 1900 1 12 1
130 1 2 1916 3 25 4
131 0 1 1931 1 9 1
132 1 1 1943 1 10 1
133 0 4 1955 515 5179 772
134 1 4 1971 2 17 3
135 0 2 1987 1 10 1
136 0 3 2002 9 73 13
137 1 2 2017 6 48 9
138 1 3 2031 158 1500 237
139 1 1 2046 21175 250212 31762
140 0 22 2059 430 1883 645
141 1 3 2077 1 11 1
142 1 21 2092 2 7 3
143 1 3 2110 288 2817 432
144 0 6 2125 63 235 94
145 1 2 2142 1 8 1
146 1 1 2156 1 11 1
147 1 2 2168 621 6301 931
148 1 2 2183 447 4465 670
149 1 8 2198 227 946 340
150 1 6 2215 1 10 1
151 1 5 2232 223 2154 334
152 1 11 2248 3 9 4
153 1 16 2265 22 74 33
154 0 1 2283 103 957 154
155 0 2 2295 1 9 1
156 0 9 2309 3 10 4
157 1 1 2326 2 17 3
158 0 3 2339 435 4340 652
159 0 1 2354 219 2114 328
160 0 4 2367 1 11 1
161 0 3 2383 31 270 46
162 1 3 2398 1 10 1
163 0 3 2413 1 10 1
164 0 2 2428 1 10 1
165 1 3 2443 147 1391 220
166 1 1 2458 637 6471 955
167 1 12 2469 4390 22610 6585
168 1 7 2487 20 67 30
169 0 1 2504 11 90 16
170 0 3 2516 1 11 1
171 0 3 2531 3 25 4
172 0 4 2546 1724 18325 2586
173 1 9 2562 325 1393 487
174 0 5 2579 16 134 24
175 1 2 2595 4258 47083 6387
176 0 3 2609 1 10 1
177 1 6 2624 76 695 114
178 1 13 2641 10 31 15
179 0 7 2659 3 10 4
180 0 1 2676 64 580 96
181 1 9 2689 5 15 7
182 1 1 2706 23 197 34
183 0 1 2718 1 10 1
184 1 12 2730 120 474 180
185 0 1 2748 13 107 19
186 0 2 2759 1 9 1
187 0 2 2774 1 9 1
188 0 2 2788 1 10 1
189 1 4 2803 6 48 9
190 0 1 2819 6 48 9
191 0 11 2831 1 4 1
192 1 4 2848 1 11 1
193 0 1 2864 1 11 1
194 1 1 2877 142 1341 213
195 1 6 2890 15 125 22
196 1 1 2907 3 25 4
197 0 1 2920 1 9 1
198 1 4 2931 1 10 1
199 0 2 2947 6233 70045 9349
200 0 2 2961 2 17 3
201 1 2 2975 1 9 1
202 0 5 2989 272 2653 408
203 1 2 3005 2057 22037 3085
204 0 21 3019 210 869 315
205 1 1 3037 4 33 6
206 1 6 3048 1810 19281 2715
207 1 1 3065 4 33 6
208 1 1 3077 25 215 37
209 1 5 3090 55 494 82
210 1 7 3106 19 63 28
211 1 7 3123 1 4 1
212 1 2 3140 1224 12812 1836
213 1 2 3154 1 8 1
214 0 5 3168 111 1035 166
215 0 3 3184 1 9 1
216 1 4 3199 1367 14380 2050
217 0 4 3215 1848 19704 2772
218 0 6 3231 37 325 55
219 0 2 3247 1 10 1
220 1 2 3261 11 90 16
221 1 2 3275 7 56 10
222 1 1 3289 19 161 28
223 1 2 3300 10 81 15
224 0 1 3314 1 9 1
225 0 1 3326 60 542 90
226 0 1 3338 48 428 72
227 1 1 3349 120 1124 180
228 0 5 3359 1 9 1
229 0 3 3375 2 17 3
230 1 2 3390 21 179 31
231 0 2 3404 15 125 22
232 0 3 3418 1 13 1
233 1 1 3433 64301 793591 96451
234 1 6 3446 6657 75018 9985
235 0 2 3463 1 9 1
236 0 2 3477 129 1213 193
237 0 20 3491 4 12 6
238 0 1 3509 33 288 49
239 0 4 3520 1 9 1
240 0 2 3536 6 48 9
241 1 8 3551 118 466 177
242 0 1 3568 8892 101422 13338
243 1 2 3579 1 8 1
244 1 1 3594 69 628 103
245 0 14 3607 23258 132629 34887
