0 0 7 5 16168 90252 24252
1 0 1 22 689 7024 1033
2 1 2 33 1 9 1
3 1 2 47 1 9 1
4 1 6 62 4 12 6
5 0 5 78 5 15 7
6 1 10 94 648 2926 972
7 1 6 111 49 179 73
8 0 1 128 156 1480 234
9 0 2 141 1 11 1
10 0 2 155 1 10 1
11 1 5 170 1 3 1
12 0 6 186 1 4 1
13 0 4 202 78 297 117
14 0 6 218 2 6 3
15 1 2 235 1 10 1
16 1 4 249 1 3 1
17 0 8 265 43279 255700 64918
18 1 3 282 1 4 1
19 0 2 297 2821 30644 4231
20 1 4 311 15 48 22
21 1 2 327 5 41 7
22 0 1 341 13 107 19
23 1 6 353 70914 430567 106371
24 0 3 369 1 12 1
25 0 2 384 2 17 3
26 0 1 398 2 17 3
27 0 14 409 1397 6665 2095
28 0 4 427 1 5 1
29 1 3 443 94 364 141
30 1 3 458 156 631 234
31 1 1 474 1 11 1
32 0 5 487 1 4 1
33 1 2 503 15 125 22
34 0 2 518 2 17 3
35 0 4 533 339 1458 508
36 0 8 549 12 38 18
37 0 1 566 108 1006 162
38 1 8 576 1 3 1
39 1 1 593 359 3549 538
40 0 1 606 309 3033 463
41 1 1 619 15 125 22
42 1 10 632 16 52 24
43 1 2 649 3988 43974 5982
44 1 4 664 1204 5685 1806
45 1 1 680 8000 90847 12000
46 0 2 692 145 1371 217
47 1 1 707 3 25 4
48 1 4 718 15 48 22
49 0 1 734 226 2184 339
50 1 1 747 502 5043 753
51 0 2 759 44 391 66
52 1 3 774 1 11 1
53 0 1 789 1 8 1
54 0 2 802 9 72 13
55 0 2 817 191 1831 286
56 0 1 831 1 13 1
57 1 14 841 10 31 15
58 0 1 859 546 5507 819
59 1 4 871 6 18 9
60 0 2 887 1 9 1
61 1 1 902 482 4832 723
62 1 1 914 11 90 16
63 1 2 927 132 1242 198
64 0 5 941 3 9 4
65 0 3 957 813 3733 1219
66 1 3 972 4 33 6
67 1 1 987 1 10 1
68 1 3 999 3 9 4
69 1 3 1015 180743 2319055 271114
70 0 1 1030 36 316 54
71 1 15 1040 69 260 103
72 0 1 1058 2 17 3
73 0 3 1070 1 4 1
74 1 5 1085 6300 33201 9450
75 0 2 1101 1 9 1
76 0 10 1115 2 7 3
77 1 11 1132 159 644 238
78 1 2 1149 1 9 1
79 1 1 1164 118 1104 177
80 1 3 1175 1393 6645 2089
81 0 1 1190 2739 29715 4108
82 1 3 1203 3 10 4
83 0 7 1218 35 123 52
84 0 3 1235 1 4 1
85 1 2 1250 89 821 133
86 1 2 1264 6 48 9
87 1 1 1278 1 10 1
88 0 3 1291 9 27 13
89 0 8 1307 121 479 181
90 1 2 1324 9 73 13
91 0 3 1338 1 4 1
92 1 4 1353 1 4 1
93 1 1 1369 1 9 1
94 1 6 1381 36 127 54
95 0 1 1397 12 98 18
96 0 1 1410 2 17 3
97 1 1 1423 5 40 7
98 1 2 1434 850 8750 1275
99 1 2 1448 13 108 19
100 1 5 1462 27 93 40
101 1 1 1478 24 206 36
102 1 6 1490 1 4 1
103 0 2 1507 1 8 1
104 1 3 1521 1 4 1
105 1 7 1536 1 4 1
106 1 3 1553 4 33 6
107 1 1 1568 67 609 100
108 1 3 1579 3 25 4
109 0 9 1594 5 15 7
110 1 7 1611 25 85 37
111 0 5 1628 12 38 18
112 1 1 1644 159 1510 238
113 0 2 1655 5 40 7
114 0 22 1669 19 63 28
115 1 4 1687 10 31 15
116 1 1 1703 1 9 1
117 0 2 1716 1 10 1
118 0 1 1731 2 17 3
119 1 1 1744 66 599 99
120 1 7 1757 1 5 1
121 0 4 1774 6203 32658 9304
122 1 4 1790 2 7 3
123 0 5 1806 1 5 1
124 1 1 1822 17 143 25
125 0 4 1832 79 301 118
126 1 4 1848 25 85 37
127 1 1 1864 138734 1762693 208101
128 0 14 1875 1 3 1
129 0 5 1893 1911 9316 2866
130 0 1 1909 1 9 1
131 0 2 1920 1 9 1
132 1 1 1934 40 353 60
133 1 3 1946 91 351 136
134 1 1 1961 1 10 1
135 1 2 1971 1300 13645 1950
136 0 15 1985 299 1273 448
137 0 2 2003 46 410 69
138 1 1 2017 6 48 9
139 1 19 2030 12 38 18
140 1 1 2048 2 17 3
141 1 1 2060 1 11 1
142 0 4 2073 49 179 73
143 1 5 2089 757 3458 1135
144 1 5 2105 1 4 1
145 1 1 2121 2 17 3
146 0 3 2133 120 474 180
147 1 2 2149 53 475 79
148 0 3 2164 1 3 1
149 0 5 2179 95 368 142
150 1 2 2195 1 12 1
151 1 1 2209 3 25 4
152 0 3 2221 231 2235 346
153 1 2 2236 2 17 3
154 0 4 2250 22 74 33
155 1 1 2266 14 116 21
156 1 1 2279 18657 219341 27985
157 0 7 2289 61 227 91
158 1 1 2306 1 9 1
159 0 7 2318 3 9 4
160 0 4 2335 2 7 3
161 1 7 2351 2 7 3
162 1 2 2368 1 9 1
163 1 1 2382 9180 104845 13770
164 0 4 2395 4 12 6
165 0 2 2411 9 72 13
166 0 1 2425 300 2940 450
167 1 2 2438 2045 21903 3067
168 0 4 2452 2 6 3
169 0 1 2468 90 830 135
170 1 3 2479 8 24 12
171 0 5 2494 4 12 6
172 1 2 2510 1 9 1
173 1 1 2524 4 33 6
174 1 9 2537 5 15 7
175 1 4 2554 11 34 16
176 0 1 2570 13304 154280 19956
177 1 2 2583 1 12 1
178 0 6 2597 1 4 1
179 1 1 2613 7 56 10
180 1 4 2626 1 3 1
181 1 3 2642 1336 6354 2004
182 0 1 2657 1001 10383 1501
183 1 4 2670 4 12 6
184 0 1 2686 186 1781 279
185 0 2 2698 24578593 372473660 36867889
186 1 2 2712 1 11 1
187 0 2 2726 1 9 1
188 0 11 2741 1 5 1
189 1 4 2759 522 2320 783
190 1 8 2775 10 31 15
191 0 6 2792 1 6 1
192 1 3 2809 1 4 1
193 1 2 2825 1 10 1
194 1 22 2839 1 4 1
195 1 2 2857 1551 16409 2326
196 1 2 2871 70 637 105
197 0 2 2885 24 206 36
198 1 14 2899 5 15 7
199 0 19 2917 1 4 1
200 0 5 2935 46 167 69
201 1 1 2951 46 409 69
202 1 2 2963 22 188 33
203 1 24 2977 522 2320 783
204 0 13 2995 47 171 70
205 1 4 3013 2 6 3
206 1 7 3029 8 24 12
207 1 1 3046 342 3373 513
208 0 3 3058 256 2490 384
209 1 3 3073 271 1145 406
210 0 13 3088 161 652 241
211 1 3 3106 2 17 3
212 1 4 3121 123 487 184
213 1 1 3137 1 10 1
214 1 1 3150 23 197 34
215 1 3 3163 6 18 9
216 1 3 3178 1239 12976 1858
217 1 3 3193 8 64 12
218 0 4 3208 1 4 1
219 0 3 3224 348 1500 522
220 0 8 3239 45024 266599 67536
221 1 13 3256 285 1209 427
222 0 4 3274 1 3 1
223 1 2 3290 14246 165665 21369
224 1 3 3304 3 25 4
225 0 4 3319 1103 5176 1654
226 1 5 3335 12 38 18
227 0 4 3351 8 24 12
228 0 4 3367 1 3 1
229 1 2 3383 8 64 12
230 0 1 3397 552 5570 828
231 1 2 3409 1 9 1
232 1 3 3423 1 3 1
233 0 8 3438 3 9 4
234 1 1 3455 41 362 61
235 1 1 3468 858 8836 1287
236 1 1 3481 1787 19025 2680
237 0 1 3491 136 1281 204
238 1 2 3504 1 9 1
239 0 1 3519 8 64 12
240 0 1 3532 25 215 37
241 0 16 3544 1634 7880 2451
242 0 1 3562 1 9 1
243 1 6 3575 61 227 91
244 0 3 3591 1 9 1
245 1 1 3606 1 10 1
