0 0 6 5 1 10 1
1 0 3 13 2 17 3
2 0 15 21 205 847 307
3 0 6 30 46 410 69
4 0 1 38 1 10 1
5 1 2 44 22 188 33
6 0 7 51 49 179 73
7 0 2 59 7 56 10
8 1 1 66 1 10 1
9 0 3 71 1 10 1
10 1 4 79 1 9 1
11 0 4 87 1 9 1
12 0 5 95 191 1831 286
13 0 7 103 3 9 4
14 1 1 111 27 233 40
15 0 4 117 29 252 43
16 1 1 125 30 260 45
17 1 1 131 163 1550 244
18 0 2 137 1 9 1
19 0 1 144 49 438 73
20 0 7 150 1517 7279 2275
21 0 2 158 3 25 4
22 0 1 165 1 10 1
23 0 3 171 1 9 1
24 0 6 179 1 10 1
25 1 4 187 1 9 1
26 0 5 195 1 13 1
27 0 5 203 23 197 34
28 1 3 211 18701 219879 28051
29 1 3 219 7230 81757 10845
30 0 2 227 647788 8702694 971682
31 1 2 234 1994 21333 2991
32 1 1 241 1 12 1
33 0 1 247 1 10 1
34 1 3 252 1 11 1
35 1 3 259 458 4581 687
36 1 3 266 1 9 1
37 1 3 274 8 64 12
38 1 13 282 1 3 1
39 0 1 291 1 8 1
40 0 4 297 1435 15129 2152
41 1 2 305 131 1232 196
42 1 10 312 7810 41714 11715
43 1 3 321 25 215 37
44 1 7 328 568 2540 852
45 0 7 336 348 1500 522
46 0 1 344 3 25 4
47 1 12 351 15567 86702 23350
48 0 2 360 23 197 34
49 1 2 367 3 25 4
50 0 2 374 2 17 3
51 0 3 381 1 10 1
52 0 2 388 1 10 1
53 0 2 395 1 9 1
54 0 3 402 61 551 91
55 1 2 410 5 40 7
56 0 1 417 1 10 1
57 0 7 423 7 21 10
58 1 4 431 1 8 1
59 1 7 439 1 4 1
60 1 6 447 436 4350 654
61 0 4 455 1 10 1
62 1 1 463 5535 61890 8302
63 1 3 468 1 11 1
64 1 9 476 217 901 325
65 1 3 485 62 561 93
66 1 4 493 728 7441 1092
67 1 7 501 1 3 1
68 1 7 509 2764541 20138571 4146811
69 0 1 517 4197 46380 6295
70 1 2 521 1 9 1
71 0 5 528 1 10 1
72 0 2 536 5186 57828 7779
73 0 3 543 1399 14733 2098
74 0 1 551 8 64 12
75 1 2 557 1 13 1
76 0 1 564 52 466 78
77 1 4 571 1 9 1
78 1 3 579 234 2266 351
79 1 3 586 5 41 7
80 0 4 593 8 64 12
81 0 5 601 1 10 1
82 1 2 609 9 72 13
83 0 2 616 46365 565056 69547
84 0 3 623 27 233 40
85 1 3 631 6 48 9
86 1 2 639 38187 461884 57280
87 1 7 646 43 155 64
88 0 1 654 1 10 1
89 1 3 660 32 279 48
90 0 3 668 2 17 3
91 1 6 676 2473 12267 3709
92 1 3 684 3095 33756 4642
93 1 2 692 46 409 69
94 0 11 699 1 4 1
95 0 7 708 2 6 3
96 1 1 716 88 811 132
97 1 3 721 1 9 1
98 1 2 729 19 161 28
99 1 3 736 52 466 78
100 1 10 743 1 4 1
101 0 1 752 1 10 1
102 1 8 758 1 3 1
103 0 2 766 1073 11165 1609
104 1 14 773 1 4 1
105 1 1 782 2 17 3
106 1 3 788 96 889 144
107 0 1 796 1 10 1
108 0 1 803 316 3105 474
109 0 2 810 2 17 3
110 1 10 817 1 4 1
111 1 4 826 1 9 1
112 1 1 834 1 9 1
113 1 6 841 830 8535 1245
114 0 2 849 1 9 1
115 0 1 856 1 9 1
116 0 4 862 1 9 1
117 1 4 870 1 8 1
118 0 4 878 3 25 4
119 1 1 886 278 2714 417
120 0 6 893 10 81 15
121 1 3 901 7849 89062 11773
122 0 2 909 82 753 123
123 0 6 916 241 2337 361
124 1 1 924 197 1891 295
125 0 4 930 23569 279694 35353
126 0 5 938 1 9 1
127 0 5 946 1 10 1
128 0 4 954 4173 46103 6259
129 1 1 962 1 10 1
130 0 7 969 20 67 30
131 0 6 977 18 152 27
132 0 8 985 2 6 3
133 0 5 993 1 8 1
134 0 4 1001 39 344 58
135 1 1 1009 4 33 6
136 0 3 1015 116 1084 174
137 1 2 1022 1 10 1
138 1 2 1029 791 8116 1186
139 1 1 1036 1 10 1
140 1 2 1043 1 9 1
141 0 2 1050 5 40 7
142 0 4 1057 1 11 1
143 1 6 1065 162 657 243
144 1 6 1073 1 10 1
145 1 1 1081 1 11 1
146 0 1 1086 456 4560 684
147 1 9 1092 1 3 1
148 1 1 1101 4 33 6
149 0 7 1107 2 6 3
150 1 2 1115 15 125 22
151 1 4 1122 1 13 1
152 1 7 1130 1 4 1
153 0 10 1138 552 2463 828
154 0 1 1147 1 11 1
155 0 1 1153 88 811 132
156 1 1 1157 2 17 3
157 0 2 1162 1 11 1
158 1 1 1169 11 90 16
159 0 1 1175 162 1540 243
160 0 6 1181 611 6195 916
161 0 9 1189 7324 38963 10986
162 0 1 1198 1 10 1
163 0 4 1204 12 99 18
164 1 2 1212 18582 218424 27873
165 1 6 1219 59252 728985 88878
166 1 2 1227 4 33 6
167 1 4 1234 1 10 1
168 1 10 1242 279 1182 418
169 0 3 1251 116 1084 174
170 0 4 1259 1035 10752 1552
171 1 2 1267 7 56 10
172 1 4 1274 75448 936870 113172
173 0 4 1282 840 8643 1260
174 0 1 1290 1 9 1
175 0 2 1295 1 9 1
176 1 1 1302 2 17 3
177 0 4 1308 58 523 87
178 0 1 1316 1 11 1
179 1 8 1322 18 59 27
180 1 5 1330 11 90 16
181 1 14 1338 1 4 1
182 0 3 1347 1 9 1
183 1 3 1355 69 628 103
184 1 1 1363 6 48 9
185 0 5 1369 777 7966 1165
186 1 5 1377 5 41 7
187 0 2 1385 20 170 30
188 0 5 1392 1 9 1
189 1 2 1400 1 10 1
190 0 3 1407 1 8 1
191 1 4 1415 73 666 109
192 1 2 1423 1 9 1
193 0 1 1430 2 17 3
194 0 1 1436 1471485 20339705 2207227
195 1 10 1442 2 6 3
196 1 2 1451 1 11 1
197 0 2 1458 79224 985589 118836
198 1 8 1465 18 59 27
199 1 3 1473 5018 55877 7527
200 0 3 1480 1 10 1
201 0 2 1487 65 589 97
202 1 3 1494 1 10 1
203 1 7 1502 2 7 3
204 0 15 1510 227019 1465851 340528
205 1 1 1519 498 5001 747
206 1 1 1526 906 9354 1359
207 0 2 1533 18 152 27
208 0 1 1540 984 10198 1476
209 1 3 1546 19 161 28
210 1 1 1554 2 17 3
211 1 12 1560 21 70 31
212 0 13 1569 10 31 15
213 0 1 1578 1 10 1
214 1 2 1584 4 33 6
215 0 2 1591 8 64 12
216 1 2 1598 106 986 159
217 0 1 1605 529 5327 793
218 1 1 1610 2 17 3
219 0 1 1616 1 10 1
220 0 6 1622 2681 29058 4021
221 1 1 1630 1 9 1
222 0 6 1636 49 437 73
223 1 5 1644 16 134 24
224 1 1 1652 106 986 159
225 1 1 1658 4093010 58556520 6139515
226 0 6 1664 1 9 1
227 1 1 1672 2 17 3
228 1 5 1678 2 17 3
229 1 3 1686 6 48 9
230 1 1 1693 1 10 1
231 0 1 1699 1309 13743 1963
232 0 2 1705 4 33 6
233 1 11 1712 123 487 184
234 0 5 1721 150 1421 225
235 1 23 1729 956 4441 1434
236 0 6 1738 139 1311 208
237 0 1 1746 6458 72682 9687
238 1 7 1751 2535 12595 3802
239 0 2 1759 6 48 9
240 0 3 1766 59 532 88
241 1 1 1774 22 188 33
242 0 5 1780 5 40 7
243 0 1 1788 2228 23953 3342
244 1 4 1794 2 17 3
245 1 6 1802 1 11 1
246 0 6 1810 173 1650 259
247 0 1 1818 1 9 1
248 1 8 1824 1 3 1
249 1 4 1832 5 40 7
250 0 1 1840 49 438 73
251 1 6 1845 159 1510 238
252 0 2 1853 1 9 1
253 1 3 1860 6 48 9
254 0 3 1868 25 215 37
255 0 2 1876 3 25 4
256 0 3 1883 1 9 1
257 1 2 1890 1 11 1
258 1 1 1897 1 9 1
259 0 1 1903 1 11 1
260 0 6 1908 1598 7695 2397
261 1 2 1916 1 9 1
262 0 7 1923 1 3 1
263 0 4 1931 11 90 16
264 0 2 1939 9 72 13
265 0 3 1946 18 152 27
266 0 8 1953 78 297 117
267 1 1 1961 1 10 1
268 0 1 1967 1 12 1
269 0 2 1973 2491 26912 3736
270 1 1 1980 3 25 4
271 0 2 1986 10 81 15
272 1 9 1993 19 63 28
273 1 1 2002 1 10 1
274 1 3 2009 523 5264 784
275 1 8 2016 423 1850 634
276 1 28 2025 1 5 1
277 1 2 2034 1 9 1
278 1 2 2041 1 9 1
279 1 1 2048 25 215 37
280 1 3 2055 1 9 1
281 1 7 2063 39 139 58
282 1 2 2071 9 72 13
283 1 4 2078 45 400 67
284 0 1 2086 6 48 9
285 0 2 2092 16 134 24
286 0 3 2099 1 11 1
287 0 3 2107 8 64 12
288 0 8 2114 25 85 37
289 1 5 2123 1 9 1
290 1 22 2131 1 4 1
291 1 3 2140 5 40 7
292 1 4 2148 5 40 7
293 1 2 2156 8 64 12
294 0 3 2163 461 4612 691
295 0 1 2171 12 99 18
296 1 2 2177 34 297 51
297 0 2 2184 2 17 3
298 0 2 2191 54 485 81
299 1 2 2198 122 1143 183
300 1 1 2205 5 41 7
301 0 15 2210 26 89 39
302 0 1 2219 1 9 1
303 0 3 2226 1 9 1
304 0 1 2234 15 125 22
305 1 2 2240 190 1821 285
306 0 3 2247 1594 16884 2391
307 1 1 2255 2458 26540 3687
308 1 3 2262 1 9 1
309 1 5 2270 2 17 3
310 1 1 2278 176 1680 264
311 1 5 2285 509 5116 763
312 1 17 2293 1 4 1
313 0 3 2302 223 2154 334
314 1 6 2310 2 17 3
315 0 1 2318 83 762 124
316 1 2 2323 1 8 1
317 1 1 2330 38 335 57
318 1 1 2336 1 9 1
319 1 1 2342 32 279 48
320 0 14 2348 980 4560 1470
321 1 3 2357 2 17 3
322 0 1 2365 127 1193 190
323 0 6 2371 4 33 6
324 1 3 2379 4 33 6
325 0 4 2387 6 48 9
326 0 3 2395 50 447 75
327 0 5 2403 1 9 1
328 1 2 2411 75 685 112
329 0 4 2418 30 261 45
330 0 16 2426 1 4 1
331 1 2 2435 4014 44273 6021
332 1 2 2442 1 10 1
333 1 1 2449 1 9 1
334 0 2 2454 1 8 1
335 0 6 2461 80 733 120
336 0 3 2469 1 12 1
337 0 3 2477 286 2796 429
338 0 19 2484 7466890 56849848 11200335
339 0 2 2493 24 206 36
340 0 2 2500 202 1941 303
341 1 6 2507 1 8 1
342 1 2 2515 1384 14567 2076
343 0 2 2522 11 90 16
344 0 4 2529 69 628 103
345 1 3 2537 1 9 1
346 0 10 2545 1 5 1
347 1 2 2554 1 9 1
348 1 8 2561 574 2569 861
349 0 2 2570 24 206 36
350 1 2 2577 11 90 16
351 1 1 2584 1 9 1
352 1 4 2589 672 6843 1008
353 1 1 2597 9 72 13
354 0 6 2602 1 9 1
355 1 3 2610 105 977 157
356 1 2 2618 2 17 3
357 0 10 2625 1 5 1
358 0 31 2634 8 24 12
359 0 1 2643 1 10 1
360 0 1 2649 25 215 37
361 1 10 2655 15 48 22
362 0 8 2664 3 10 4
363 0 3 2673 10989 126440 16483
364 1 28 2681 467 2058 700
365 1 2 2690 171 1630 256
366 0 1 2697 1 9 1
367 0 2 2703 1 9 1
368 1 1 2710 512 5148 768
369 0 7 2717 14 45 21
370 0 2 2725 5345 59677 8017
371 0 1 2732 1 9 1
372 0 4 2738 2 17 3
373 0 1 2746 1 9 1
374 1 1 2751 5704 63861 8556
375 0 1 2756 52 466 78
376 0 15 2763 87 334 130
377 1 2 2772 4 33 6
378 1 5 2779 1 12 1
379 0 6 2787 1 9 1
380 0 2 2795 3 25 4
381 1 1 2802 1 11 1
382 0 2 2808 8 64 12
383 1 2 2815 2 17 3
384 1 1 2822 7 56 10
385 0 1 2827 1 10 1
386 1 8 2833 1 6 1
387 1 4 2842 1 10 1
388 1 2 2850 84042 1047874 126063
389 1 2 2857 25120 298858 37680
390 0 5 2864 334 3291 501
391 0 2 2872 61179 753619 91768
392 1 5 2879 2 17 3
393 0 1 2887 3146 34336 4719
394 1 8 2893 71491 434262 107236
395 0 1 2901 4 33 6
396 0 9 2908 7 21 10
397 1 2 2917 55570 681999 83355
398 1 1 2924 164075 2097685 246112
399 1 1 2930 7 56 10
400 1 1 2936 16 134 24
401 0 3 2942 1 11 1
402 1 1 2950 1 9 1
403 0 4 2956 2 17 3
404 0 20 2964 1 3 1
405 1 4 2973 5 41 7
406 0 2 2981 190852 2453674 286278
407 1 8 2988 1 3 1
408 0 1 2996 2 17 3
409 1 2 3002 65 590 97
410 1 4 3009 8 64 12
411 0 2 3017 410 4079 615
412 1 5 3024 1 12 1
413 0 5 3032 1 10 1
414 1 6 3040 1 12 1
415 0 1 3048 1 9 1
416 1 1 3054 5 40 7
417 0 1 3059 1 9 1
418 0 3 3065 1 9 1
419 0 3 3073 43 381 64
420 1 3 3080 15 125 22
421 0 3 3087 1 9 1
422 0 1 3095 1 9 1
423 1 5 3101 1 9 1
424 0 1 3109 67 609 100
425 1 3 3115 18 152 27
426 1 2 3122 2048 21936 3072
427 0 7 3129 51 187 76
428 1 4 3137 2 17 3
429 0 3 3145 136 1282 204
430 1 1 3153 280 2735 420
431 1 2 3159 1 9 1
432 1 3 3166 152670 1946670 229005
433 0 9 3173 3 10 4
434 1 1 3182 1 9 1
435 0 3 3188 12 99 18
436 1 6 3195 83 763 124
437 1 2 3203 7 56 10
438 1 3 3210 1 12 1
439 1 5 3218 1 9 1
440 0 1 3226 2955 32164 4432
441 0 8 3232 1 3 1
442 1 3 3241 1 9 1
443 1 6 3249 1 12 1
444 0 1 3257 1 13 1
445 0 2 3263 1 10 1
446 0 3 3270 1 9 1
447 0 2 3278 1 10 1
448 1 5 3285 1 9 1
449 0 1 3293 6 48 9
450 1 1 3298 1 10 1
451 1 2 3305 225 2174 337
452 0 6 3312 8 64 12
453 1 7 3320 3 9 4
454 1 1 3328 1 9 1
455 1 2 3334 1 9 1
456 0 2 3341 6 48 9
457 0 3 3348 2 17 3
458 1 2 3356 39 344 58
459 0 17 3363 19 63 28
460 1 4 3372 2 17 3
461 0 10 3380 1 4 1
462 1 2 3389 7468327 108969878 11202490
463 0 2 3396 2 17 3
464 1 1 3403 1 12 1
465 1 3 3409 1 12 1
466 0 4 3417 497 4990 745
467 1 3 3425 63 570 94
468 0 3 3433 45 400 67
469 1 4 3441 1877 20027 2815
470 0 3 3449 606 6141 909
471 1 23 3456 7 21 10
472 0 3 3465 1 9 1
473 0 6 3473 2 7 3
474 1 3 3481 99 918 148
475 1 3 3489 1 10 1
476 0 10 3497 5 15 7
477 0 1 3506 1 9 1
478 1 1 3512 61 551 91
479 0 8 3517 3 9 4
480 0 3 3526 1 10 1
481 1 3 3533 53 475 79
482 1 2 3540 7 56 10
483 0 2 3547 26 224 39
484 0 3 3554 518 5211 777
485 1 1 3562 16 134 24
486 1 2 3569 14085 163717 21127
487 1 3 3576 1 9 1
488 0 3 3584 2443 26371 3664
489 1 2 3592 454 4539 681
490 0 2 3599 1 9 1
491 0 3 3606 67 609 100
