0 0 4 5 1 9 1
1 0 6 9 1 10 1
2 0 1 13 2267 24391 3400
3 1 3 16 2 17 3
4 1 5 20 2 17 3
5 1 9 24 1 3 1
6 0 4 29 2 17 3
7 0 1 33 175 1670 262
8 0 1 35 198 1901 297
9 0 4 37 2 17 3
10 0 6 41 48 428 72
11 1 13 45 1 3 1
12 0 1 50 308 3022 462
13 1 7 53 17 56 25
14 1 1 57 29 251 43
15 1 1 59 1 10 1
16 1 1 61 221 2134 331
17 0 2 63 43 381 64
18 0 2 66 5 40 7
19 0 7 69 1144 5382 1716
20 0 8 73 13 41 19
21 0 1 78 312 3064 468
22 0 1 80 42 372 63
23 1 2 83 216 2083 324
24 1 3 86 58 523 87
25 1 1 90 2 17 3
26 0 2 93 1 9 1
27 0 1 96 1 9 1
28 1 14 98 438 1921 657
29 0 1 103 1 9 1
30 1 2 106 14 116 21
31 1 1 109 1 9 1
32 1 16 112 3652 18586 5478
33 0 6 117 1 10 1
34 1 1 121 7397 83725 11095
35 1 5 123 1 9 1
36 1 1 127 1 8 1
37 1 6 128 38 335 57
38 0 6 132 29 252 43
39 1 6 136 502 2225 753
40 0 1 140 102 947 153
41 0 4 143 40 353 60
42 1 2 147 2 17 3
43 0 10 150 11 34 16
44 1 5 155 1 9 1
45 0 1 159 1 12 1
46 1 2 160 2 17 3
47 0 4 163 59638 733917 89457
48 0 20 167 133 530 199
49 1 13 172 293 1246 439
50 1 2 177 1 10 1
51 1 3 180 2 17 3
52 1 7 184 1 3 1
53 1 1 189 1 11 1
54 1 2 192 1 12 1
55 1 1 195 1337 14051 2005
56 0 1 198 170 1620 255
57 0 2 201 1803 19204 2704
58 1 17 204 29 101 43
59 0 2 209 1 11 1
60 1 3 212 203 1952 304
61 1 4 216 975 10101 1462
62 1 3 220 1 11 1
63 1 2 224 394 3912 591
64 0 1 227 1 9 1
65 0 9 230 5 15 7
66 0 2 235 530 5337 795
67 1 1 238 1 9 1
68 1 7 241 134 535 201
69 0 3 245 96 889 144
70 0 3 249 5184 57805 7776
71 1 5 253 27 233 40
72 1 3 257 29 251 43
73 1 2 261 2 17 3
74 0 2 264 1 10 1
75 1 2 267 1 11 1
76 0 2 270 2 17 3
77 0 5 273 1614 17106 2421
78 0 1 277 4 33 6
79 0 5 279 504 5064 756
80 1 2 283 29 252 43
81 0 2 286 5288 59014 7932
82 0 4 289 35 307 52
83 1 2 293 1019 10578 1528
84 1 2 296 1 9 1
85 1 25 299 7 21 10
86 0 12 304 8 24 12
87 0 3 309 18 152 27
88 0 1 313 1 10 1
89 0 5 316 135 1272 202
90 1 1 320 1 9 1
91 0 1 323 7 56 10
92 1 2 326 13 107 19
93 1 2 329 12 99 18
94 0 1 332 1 9 1
95 0 7 335 2 7 3
96 0 3 340 1 10 1
97 0 4 344 1 11 1
98 0 20 348 15 49 22
99 1 1 353 27 233 40
100 1 3 355 3 25 4
101 0 1 359 9788 112086 14682
102 0 3 362 1 9 1
103 0 1 366 100 928 150
104 0 9 368 55 203 82
105 1 1 373 154 1460 231
106 1 2 374 13 107 19
107 1 2 377 4 33 6
108 1 2 380 1 10 1
109 0 1 383 2 17 3
110 1 12 386 1 4 1
111 1 3 391 12 99 18
112 1 3 395 7 56 10
113 1 1 398 58 523 87
114 1 6 399 17 143 25
115 1 2 403 2 17 3
116 0 10 406 1 5 1
117 1 21 411 5 15 7
118 1 1 416 15 125 22
119 0 12 419 1228 5806 1842
120 0 16 424 3 9 4
121 0 3 429 4627 51345 6940
122 0 1 433 11 90 16
123 1 1 435 1 8 1
124 0 9 438 224 932 336
125 1 5 443 2250 24200 3375
126 1 4 447 12 99 18
127 0 4 451 7 56 10
128 1 115 455 1 5 1
129 0 5 461 1 10 1
130 0 2 465 41 362 61
131 1 1 468 1 12 1
132 1 3 470 2 17 3
133 1 2 474 1 10 1
134 1 6 477 1 10 1
135 0 1 481 69 628 103
136 0 2 484 11 90 16
137 1 1 487 1 8 1
138 0 1 490 9 72 13
139 1 7 493 3 9 4
140 0 8 498 1 4 1
141 0 1 503 10 81 15
142 0 8 505 1 4 1
143 0 4 510 13 107 19
144 0 8 514 1 3 1
145 1 3 519 1 10 1
146 1 3 523 6 48 9
147 0 1 527 183 1750 274
148 1 2 529 1 11 1
149 0 11 532 1 4 1
150 1 1 537 1 10 1
151 1 1 538 1 10 1
152 1 6 541 36 316 54
153 1 3 545 1 9 1
154 0 2 549 2 17 3
155 1 1 552 1 12 1
156 1 3 555 2 17 3
157 1 1 559 28 242 42
158 0 2 562 3239 35396 4858
159 1 17 565 15486 86224 23229
160 1 11 570 533 2372 799
161 0 1 575 75 685 112
162 1 1 577 747 7644 1120
163 1 12 580 18 59 27
164 0 2 585 210 2023 315
165 0 2 588 1 10 1
166 1 1 591 512 5148 768
167 0 3 592 1 10 1
168 1 4 596 1 11 1
169 0 4 600 5 41 7
170 0 3 604 7438 84209 11157
171 1 4 608 125534 1589042 188301
172 0 9 612 1 5 1
173 1 1 617 45 400 67
174 0 3 619 283 2766 424
175 1 6 623 4660 51727 6990
176 1 1 627 1 9 1
177 1 8 629 1 3 1
178 0 26 634 1 3 1
179 1 45 639 263 1109 394
180 1 25 645 58 215 87
181 1 2 650 694 7078 1041
182 1 6 653 109 427 163
183 1 2 657 1451 15305 2176
184 1 1 660 1 8 1
185 1 9 662 1 5 1
186 1 10 667 1 4 1
187 0 1 672 1 10 1
188 1 2 674 1 10 1
189 1 17 677 1 3 1
190 0 2 682 1 9 1
191 0 26 685 1 4 1
192 0 9 690 1 5 1
193 0 3 695 184 1760 276
194 0 1 699 64 580 96
195 1 1 701 67 608 100
196 0 10 703 1 4 1
197 1 2 708 1918 20484 2877
198 1 3 711 3 25 4
199 0 6 715 1 9 1
200 0 3 719 3 25 4
201 0 1 723 1405 14798 2107
202 1 4 725 2 17 3
203 0 4 729 3102 33835 4653
204 0 4 733 12 99 18
205 1 4 737 1 11 1
206 1 2 741 42 372 63
207 0 8 744 55 203 82
208 0 3 749 1 9 1
209 0 4 753 2 17 3
210 1 8 757 36 127 54
211 0 1 762 1500 15846 2250
212 1 2 765 579 5855 868
213 0 2 768 1 9 1
214 1 1 771 19 161 28
215 0 2 774 28863 345285 43294
216 1 1 777 1 9 1
217 0 2 780 4 33 6
218 1 2 783 1 11 1
219 1 5 786 583 5898 874
220 0 2 790 22 188 33
221 1 5 793 862 8880 1293
222 1 6 797 1 10 1
223 1 3 801 1 9 1
224 1 3 805 1 10 1
225 1 2 809 375 3715 562
226 1 5 812 2 17 3
227 1 2 816 56 504 84
228 0 2 819 1 10 1
229 1 2 822 180 1720 270
230 1 1 825 639 6492 958
231 0 1 827 4 33 6
232 0 7 830 104 406 156
233 1 6 834 1 9 1
234 0 5 838 32962 396392 49443
235 0 1 842 23 197 34
236 1 2 845 1 9 1
237 0 1 848 204 1962 306
238 0 1 851 84 772 126
239 0 11 853 387 1681 580
240 0 2 858 1025 10643 1537
241 0 1 861 71 647 106
242 0 3 864 6 48 9
243 0 5 868 281 2745 421
244 1 4 872 1 10 1
245 0 4 876 953 9862 1429
246 1 6 880 1 10 1
247 1 4 884 1 10 1
248 0 5 888 2 17 3
249 1 6 892 1477 15592 2215
250 0 4 896 880 9074 1320
251 1 2 900 17 143 25
252 0 1 903 307 3012 460
253 1 1 906 6148 69050 9222
254 0 4 909 9090 103775 13635
255 1 2 913 114 1065 171
256 0 21 916 1 3 1
257 0 1 921 1513 15989 2269
258 0 4 924 1 9 1
259 0 10 928 24 81 36
260 1 3 933 5 40 7
261 1 1 937 2 17 3
262 1 3 940 1 9 1
263 0 1 944 2079 22283 3118
264 0 1 947 32 279 48
265 0 1 949 34 298 51
266 1 3 952 68 618 102
267 1 6 956 2 17 3
268 0 15 960 1 4 1
269 0 2 965 1 10 1
270 1 6 968 1 11 1
271 0 13 972 1 3 1
272 1 1 977 1 10 1
273 0 7 979 1 3 1
274 1 1 984 16 134 24
275 0 1 987 415 4131 622
276 1 6 990 756 7741 1134
277 1 1 994 1 10 1
278 0 9 996 1 3 1
279 1 4 1001 2 17 3
280 0 2 1005 5 41 7
281 1 1 1008 128 1203 192
282 1 2 1011 391 3881 586
283 0 5 1014 1 9 1
284 0 2 1018 4 33 6
285 1 27 1021 32 112 48
286 0 3 1027 1 9 1
287 0 2 1031 6 48 9
288 0 11 1034 52 191 78
289 0 3 1039 2 17 3
290 1 4 1043 24 206 36
291 1 2 1047 56 504 84
292 0 2 1050 2 17 3
293 1 1 1053 1 12 1
294 1 6 1056 1 4 1
295 1 4 1060 1 11 1
296 1 5 1064 83 762 124
297 1 19 1068 1 3 1
298 0 4 1073 3 25 4
299 0 2 1077 1460 15404 2190
300 1 5 1080 5 41 7
301 1 1 1084 78 714 117
302 1 5 1086 4 33 6
303 0 2 1090 17 143 25
304 0 1 1093 5 40 7
305 0 5 1094 1 9 1
306 0 1 1098 501 5032 751
307 1 3 1100 10 81 15
308 1 1 1104 2 17 3
309 0 5 1107 1 9 1
310 1 1 1111 2 17 3
311 0 1 1114 108 1006 162
312 0 1 1115 12 98 18
313 1 1 1118 16 134 24
314 1 2 1120 13102 151843 19653
315 0 3 1123 1 11 1
316 1 5 1127 7 56 10
317 1 1 1131 1 11 1
318 0 2 1134 2 17 3
319 0 1 1137 55 494 82
320 0 1 1140 7 56 10
321 0 2 1143 1 11 1
322 1 3 1146 50 447 75
323 0 1 1150 337 3322 505
324 1 9 1152 1 4 1
325 0 1 1157 3 25 4
326 0 1 1159 10 81 15
327 0 1 1161 1 8 1
328 1 1 1162 79 724 118
329 0 1 1164 25 215 37
330 1 4 1166 1 9 1
331 1 2 1170 1 9 1
332 1 4 1173 3 25 4
333 1 4 1177 572 5781 858
334 1 3 1181 64 580 96
335 0 1 1185 1 11 1
336 0 1 1188 126 1183 189
337 0 2 1191 1 10 1
338 0 2 1194 20 170 30
339 1 2 1197 15 125 22
340 1 2 1200 2629 28470 3943
341 0 2 1203 13 107 19
342 0 4 1206 1 10 1
343 1 1 1210 1 9 1
344 0 9 1213 837 3851 1255
345 1 2 1218 453 4528 679
346 1 1 1221 1138 11873 1707
347 0 1 1224 312 3064 468
348 0 4 1226 1 9 1
349 1 20 1230 48 175 72
350 0 4 1235 1 10 1
351 0 2 1239 6 48 9
352 1 1 1242 230 2225 345
353 0 1 1245 1 8 1
354 0 1 1248 1 11 1
355 1 6 1251 57 513 85
356 0 29 1255 1 4 1
357 1 1 1261 1 9 1
358 0 4 1263 20 170 30
359 1 6 1267 3 25 4
360 0 5 1271 5 41 7
361 0 3 1275 5648 63208 8472
362 1 6 1279 1 12 1
363 0 4 1283 139 1311 208
364 0 37 1287 1 4 1
365 1 1 1293 1 9 1
366 1 2 1295 7 56 10
367 0 1 1298 7 56 10
368 1 2 1300 185 1771 277
369 1 4 1303 1 10 1
370 0 8 1307 7 21 10
371 1 6 1312 1 10 1
372 0 3 1316 29 252 43
373 1 1 1320 1135 11840 1702
374 1 11 1322 1 6 1
375 1 7 1327 172 701 258
376 1 1 1331 6456 72659 9684
377 0 4 1334 1 10 1
378 0 5 1338 2619 28357 3928
379 0 1 1342 2 17 3
380 1 10 1344 5 15 7
381 0 3 1349 1 10 1
382 0 1 1353 1 10 1
383 1 6 1355 1519 16056 2278
384 0 2 1359 1 10 1
385 1 1 1362 2774 30111 4161
386 1 3 1364 1 10 1
387 1 4 1368 2 17 3
388 1 1 1372 1 9 1
389 0 1 1374 49 438 73
390 1 3 1376 100 927 150
391 0 4 1380 1 10 1
392 0 1 1384 1 8 1
393 0 6 1387 1781 18959 2671
394 1 3 1391 742 7591 1113
395 1 1 1395 5 40 7
396 0 3 1398 1 9 1
397 1 1 1402 1 9 1
398 0 6 1404 3 10 4
399 1 1 1408 1 9 1
400 0 3 1410 1 9 1
401 1 13 1414 4 12 6
402 1 1 1419 261 2541 391
403 1 3 1421 2 17 3
404 0 4 1425 1 10 1
405 1 10 1429 1 5 1
406 0 5 1434 689 7024 1033
407 1 1 1438 8 64 12
408 0 2 1441 1 10 1
409 0 1 1444 59 532 88
410 0 2 1446 1 10 1
411 0 3 1449 2 17 3
412 1 14 1453 9 27 13
413 1 1 1458 1 9 1
414 0 29 1461 17 56 25
415 0 7 1467 62 231 93
416 0 3 1471 1 12 1
417 1 5 1475 1 10 1
418 0 6 1479 2 17 3
419 1 1 1483 1 11 1
420 0 3 1486 1 8 1
421 0 5 1490 11941 137864 17911
422 1 2 1494 37 325 55
423 0 1 1497 1 9 1
424 1 1 1500 1 9 1
425 1 8 1502 21 70 31
426 1 6 1507 12 99 18
427 0 3 1511 10 81 15
428 1 15 1515 3576 18175 5364
429 1 1 1520 2 17 3
430 1 4 1522 1 12 1
431 0 1 1526 2 17 3
432 1 2 1527 1 8 1
433 0 18 1530 1 4 1
434 1 1 1535 2 17 3
435 0 2 1537 7 56 10
436 1 7 1540 1 5 1
437 0 6 1544 2545 27522 3817
438 0 3 1548 10 81 15
439 0 1 1552 1 9 1
440 1 2 1554 99 918 148
441 1 4 1557 1 10 1
442 0 2 1561 436 4350 654
443 0 6 1564 2 17 3
444 0 1 1568 1 9 1
445 0 1 1570 10 81 15
446 0 1 1573 428 4267 642
447 1 3 1576 162 1540 243
448 1 5 1580 13 107 19
449 1 4 1584 14 116 21
450 1 2 1588 1 10 1
451 0 2 1591 1 9 1
452 0 2 1594 1 10 1
453 0 2 1597 33 288 49
454 1 8 1600 1825 8869 2737
455 1 2 1605 9 72 13
456 1 8 1608 1 3 1
457 1 3 1613 1 11 1
458 1 1 1617 191008 2455753 286512
459 0 5 1620 948 9808 1422
460 1 5 1624 1006 10437 1509
461 1 2 1628 571 5771 856
462 1 5 1631 1 9 1
463 1 4 1635 83 763 124
464 0 1 1639 3 25 4
465 0 7 1642 256 1077 384
466 0 3 1647 16 134 24
467 1 2 1651 1 8 1
468 0 4 1654 825 8481 1237
469 0 3 1658 1 11 1
470 1 7 1662 3679 18733 5518
471 1 5 1666 16 134 24
472 1 3 1670 15957 186418 23935
473 0 76 1674 36 128 54
474 1 2 1680 8 64 12
475 1 6 1683 1 11 1
476 1 3 1687 1 9 1
477 0 7 1691 1 3 1
478 0 2 1695 58 523 87
479 0 1 1698 6 48 9
480 1 3 1701 1 9 1
481 0 3 1705 5 40 7
482 1 2 1709 134 1262 201
483 0 22 1712 71746 435896 107619
484 0 2 1717 1 11 1
485 1 4 1720 65 590 97
486 0 1 1724 1 9 1
487 0 3 1727 3 25 4
488 0 3 1731 145 1371 217
489 0 7 1735 1 5 1
490 0 4 1739 1 11 1
491 0 2 1743 652 6630 978
492 0 4 1746 2 17 3
493 1 2 1750 1 10 1
494 0 1 1753 1 9 1
495 0 35 1754 2801 14009 4201
496 0 6 1760 1 10 1
497 1 12 1764 1 5 1
498 0 16 1769 1 5 1
499 0 1 1774 130 1222 195
500 0 7 1775 2 6 3
501 1 4 1780 514 5169 771
502 1 6 1784 55 495 82
503 1 12 1788 113 444 169
504 1 4 1793 1 10 1
505 1 1 1797 4 33 6
506 1 7 1799 1 4 1
507 0 2 1804 10 81 15
508 0 2 1807 3 25 4
509 1 6 1810 10 81 15
510 1 4 1814 1 11 1
511 1 1 1818 419 4173 628
512 0 1 1821 10 81 15
513 0 3 1823 1 10 1
514 1 6 1827 1 9 1
515 1 6 1831 1 10 1
516 0 4 1835 2 17 3
517 1 10 1839 1 4 1
518 0 14 1844 37447 219449 56170
519 0 4 1849 1 11 1
520 0 1 1853 24 206 36
521 0 4 1855 106299 1337198 159448
522 1 9 1859 12739 70105 19108
523 0 12 1864 69 260 103
524 0 1 1869 221 2134 331
525 1 1 1872 18188 213608 27282
526 1 3 1873 1837 19582 2755
527 0 4 1877 24 206 36
528 1 1 1881 58103 714310 87154
529 0 3 1883 63899 788440 95848
530 1 6 1887 5 15 7
531 0 2 1891 2768 30043 4152
532 1 7 1894 1 5 1
533 0 4 1898 741 7580 1111
534 0 3 1902 2 17 3
535 1 10 1906 2 6 3
536 0 2 1911 2690698 37960498 4036047
537 1 1 1914 4 33 6
538 1 4 1916 87401 1091376 131101
539 1 3 1920 1 10 1
540 0 1 1924 1 9 1
541 0 1 1927 88 811 132
542 0 3 1929 732 7484 1098
543 0 5 1933 8 64 12
544 1 3 1937 1 10 1
545 0 2 1941 243 2357 364
546 0 1 1944 5 41 7
547 1 8 1947 2 6 3
548 1 10 1952 1 5 1
549 0 2 1957 1 8 1
550 1 1 1960 46 409 69
551 1 1 1962 1 10 1
552 0 7 1965 655 2960 982
553 0 9 1970 252 1059 378
554 1 11 1975 5 15 7
555 0 11 1980 1 5 1
556 0 1 1985 37 326 55
557 0 3 1988 27 233 40
558 0 4 1992 248 2408 372
559 1 3 1996 1619 17161 2428
560 1 9 2000 1 3 1
561 0 1 2005 10 81 15
562 1 9 2007 27994 161355 41991
563 1 1 2012 569599 7617608 854398
564 1 4 2014 119 1114 178
565 1 7 2018 1 5 1
566 0 22 2022 1 3 1
567 1 3 2027 998 10350 1497
568 1 4 2031 4 33 6
569 1 2 2035 150 1421 225
570 0 6 2038 1 11 1
571 0 11 2042 2 7 3
572 1 3 2047 116 1084 174
573 0 12 2050 2064 10114 3096
574 1 18 2055 1 4 1
575 0 5 2060 45 400 67
576 0 1 2064 37 325 55
577 1 1 2066 69 628 103
578 0 1 2068 1 10 1
579 1 1 2070 1 10 1
580 0 2 2073 223 2154 334
581 1 6 2076 192 1841 288
582 1 1 2080 1499 15835 2248
583 1 4 2082 1 10 1
584 1 11 2086 3051 15346 4576
585 1 3 2091 1300 13645 1950
586 1 1 2094 60 542 90
587 0 28 2096 48 175 72
588 0 1 2102 266 2592 399
589 0 2 2105 1 9 1
590 0 29 2108 293 1246 439
591 0 1 2114 771 7901 1156
592 0 17 2116 6008 31568 9012
593 0 10 2121 66 247 99
594 0 8 2126 56 207 84
595 0 1 2131 1703 18092 2554
596 0 1 2133 1 10 1
597 1 1 2136 1 11 1
598 1 6 2139 6004 31545 9006
599 1 4 2143 3 25 4
600 0 7 2147 1 5 1
601 1 2 2151 1 9 1
602 1 1 2154 5401 60329 8101
603 1 3 2157 9 73 13
604 0 3 2161 3 25 4
605 0 5 2165 1 9 1
606 1 2 2169 25 215 37
607 0 3 2172 22 188 33
608 1 2 2176 1 11 1
609 0 2 2179 5978 67061 8967
610 0 1 2182 58 523 87
611 1 1 2185 4 32 6
612 1 7 2186 7940 42452 11910
613 1 2 2190 66993 828115 100489
614 0 4 2193 4 33 6
615 0 1 2197 2 17 3
616 1 2 2199 12 99 18
617 1 12 2202 37 131 55
618 0 2 2207 1 10 1
619 1 4 2210 18 152 27
620 1 1 2214 112 1045 168
621 1 3 2217 140 1321 210
622 1 1 2221 9 72 13
623 1 14 2223 11 34 16
624 1 1 2228 1 9 1
625 1 2 2230 2 17 3
626 1 2 2233 956 9895 1434
627 1 3 2236 41 363 61
628 1 3 2239 3 25 4
629 0 5 2243 110 1025 165
630 1 7 2247 9 27 13
631 1 5 2252 1 10 1
632 0 1 2256 1 9 1
633 0 35 2259 158717 1006019 238075
634 1 1 2265 20 170 30
635 1 3 2267 1 10 1
636 1 14 2271 2 6 3
637 1 3 2276 3 25 4
638 1 1 2280 1 9 1
639 1 17 2282 26 89 39
640 1 3 2287 11529 132915 17293
641 1 2 2291 24 206 36
642 1 4 2294 2 17 3
643 1 3 2298 1 13 1
644 0 11 2301 45 163 67
645 0 4 2306 2 17 3
646 1 2 2310 23 197 34
647 0 5 2313 2 17 3
648 0 1 2317 299818 3918643 449727
649 0 1 2319 4 33 6
650 1 4 2321 12 99 18
651 1 2 2325 1 9 1
652 1 3 2328 52 466 78
653 0 6 2332 1 9 1
654 1 4 2336 47 419 70
655 1 2 2340 1 9 1
656 1 3 2343 475 4759 712
657 1 4 2347 2 17 3
658 1 5 2351 3 25 4
659 0 2 2355 1 10 1
660 0 4 2358 930 9613 1395
661 1 1 2362 22 188 33
662 1 1 2364 1 8 1
663 1 1 2366 7 56 10
664 0 8 2369 1 5 1
665 1 1 2374 2787 30258 4180
666 0 4 2376 3 25 4
667 1 1 2380 21 179 31
668 0 2 2383 442 4413 663
669 0 1 2386 80 733 120
670 1 26 2389 1 4 1
671 0 1 2394 1 13 1
672 1 2 2396 425 4236 637
673 0 1 2399 4 33 6
674 1 8 2400 2 7 3
675 0 3 2405 1 10 1
676 1 8 2409 352 1518 528
677 1 3 2414 1 9 1
678 1 21 2418 8036 42997 12054
679 0 2 2423 1 9 1
680 1 4 2426 1 10 1
681 0 51 2430 65 243 97
682 1 4 2436 1 9 1
683 0 2 2440 1 13 1
684 0 3 2443 403 4006 604
685 0 7 2447 1 3 1
686 1 5 2452 4 33 6
687 0 5 2456 257 2500 385
688 0 4 2460 2 17 3
689 1 9 2464 1 3 1
690 1 1 2469 270 2632 405
691 0 8 2472 54 199 81
692 1 6 2477 7 56 10
693 1 11 2481 2 6 3
694 1 1 2486 1 10 1
695 1 3 2487 20 170 30
696 0 2 2491 1 10 1
697 0 3 2494 14 116 21
698 0 3 2498 556 5612 834
699 1 2 2502 1 9 1
700 0 2 2505 2 17 3
701 1 2 2508 465 4654 697
702 1 2 2511 1 9 1
703 0 2 2514 2 17 3
704 1 1 2517 1 9 1
705 1 2 2520 221 2134 331
706 1 3 2523 3465 37976 5197
707 1 3 2527 2 17 3
708 1 1 2531 13 107 19
709 1 8 2533 86 330 129
710 0 1 2538 48 428 72
711 1 1 2540 59 532 88
712 0 3 2542 1 9 1
713 0 1 2546 1 11 1
714 1 4 2549 2188 23505 3282
715 1 2 2553 1 10 1
716 0 2 2556 3 25 4
717 1 21 2559 141 565 211
718 0 8 2564 7 21 10
719 0 7 2569 316 1351 474
720 0 2 2573 591 5982 886
721 0 3 2576 1 10 1
722 0 2 2580 6 48 9
723 1 3 2583 1 10 1
724 0 6 2587 1 3 1
725 0 2 2591 1 9 1
726 0 1 2594 475 4759 712
727 1 3 2596 1 12 1
728 0 1 2600 1 9 1
729 0 1 2602 14806 172447 22209
730 1 5 2605 1 9 1
731 0 2 2609 1 10 1
732 1 4 2612 122828 1553523 184242
733 1 17 2616 14 45 21
734 1 5 2621 1 12 1
735 0 3 2625 54 485 81
736 1 14 2629 9 27 13
737 1 7 2634 29 101 43
738 0 2 2638 1 10 1
739 1 7 2641 1 3 1
740 0 2 2646 520 5232 780
741 1 2 2649 1 10 1
742 0 3 2652 1 10 1
743 0 5 2656 1 9 1
744 0 1 2660 4 33 6
745 0 1 2662 1 11 1
746 1 10 2665 36 128 54
747 1 9 2670 4852 25150 7278
748 0 2 2675 1474 15559 2211
749 1 2 2678 110842 1396541 166263
750 0 1 2681 12739 147467 19108
751 1 14 2684 92 356 138
752 1 16 2689 2 7 3
753 0 2 2694 108 1006 162
754 0 3 2697 1 12 1
755 0 3 2701 241 2337 361
756 0 2 2705 1 9 1
757 1 5 2708 12 99 18
758 1 4 2712 32 279 48
759 1 1 2716 3387 37085 5080
760 0 9 2719 11 34 16
761 1 1 2724 1 9 1
762 0 3 2726 3 25 4
763 0 1 2730 25 215 37
764 1 1 2732 1 9 1
765 0 1 2733 1883 20094 2824
766 0 12 2736 1 4 1
767 0 1 2741 3426 37531 5139
768 1 5 2744 42 372 63
769 0 3 2748 1413 14887 2119
770 1 1 2752 1 10 1
771 1 4 2753 1204 12593 1806
772 0 8 2757 2 7 3
773 0 13 2762 74 280 111
774 0 2 2767 252 2449 378
775 0 2 2770 1 13 1
776 1 1 2773 362 3580 543
777 1 1 2776 1 11 1
778 1 7 2778 3 9 4
779 0 2 2783 546 5507 819
780 0 19 2786 18 59 27
781 0 1 2791 43 381 64
782 0 2 2793 1 9 1
783 0 1 2796 4178 46161 6267
784 1 4 2799 181 1731 271
785 1 5 2803 36 316 54
786 0 2 2807 1 9 1
787 1 2 2810 439 4382 658
788 0 2 2813 1 10 1
789 0 4 2816 53 475 79
790 1 2 2820 328 3228 492
791 1 2 2823 1 10 1
792 0 1 2826 156 1480 234
793 0 1 2829 31 270 46
794 1 2 2832 105 977 157
795 0 5 2835 36691 443096 55036
796 0 2 2839 3 25 4
797 0 2 2842 8 64 12
798 1 2 2845 3837 42239 5755
799 1 2 2848 1 10 1
800 0 2 2851 16 134 24
801 1 1 2854 2033 21769 3049
802 0 8 2857 1479972 10474803 2219958
803 1 7 2862 171 696 256
804 1 3 2867 12 98 18
805 0 4 2871 8 64 12
806 1 2 2875 1 10 1
807 0 3 2878 228 2205 342
808 0 5 2882 1 11 1
809 0 3 2886 57 513 85
810 0 1 2890 1 10 1
811 0 1 2893 1 9 1
812 0 5 2895 15465 180441 23197
813 1 1 2899 1 12 1
814 1 1 2901 10 81 15
815 1 3 2904 1 9 1
816 1 4 2908 11 90 16
817 1 12 2912 9 27 13
818 1 1 2917 17 143 25
819 1 1 2920 27 233 40
820 1 3 2923 500 5022 750
821 0 2 2927 3 25 4
822 0 1 2930 11463 132123 17194
823 1 4 2932 34 298 51
824 0 3 2936 17 143 25
825 1 2 2939 1 10 1
826 1 1 2942 282374 3682642 423561
827 0 1 2943 8 64 12
828 0 4 2946 1 11 1
829 0 15 2950 3 9 4
830 0 2 2955 6 48 9
831 0 1 2958 89 821 133
832 1 8 2960 3 9 4
833 0 2 2965 1 12 1
834 0 2 2968 4386 48560 6579
835 1 1 2971 4133 45642 6199
836 0 41 2973 287 1218 430
837 1 6 2979 1 3 1
838 1 1 2983 117 1094 175
839 0 1 2984 1 10 1
840 0 1 2985 33 288 49
841 1 1 2988 2116 22698 3174
842 0 2 2991 10 81 15
843 1 1 2994 624 6332 936
844 1 10 2996 451 1982 676
845 1 5 3001 109 1015 163
846 1 1 3005 968 10025 1452
847 0 2 3008 1 10 1
848 1 1 3011 19 161 28
849 0 2 3012 386 3829 579
850 0 4 3015 3 25 4
851 1 1 3019 10 81 15
852 0 3 3021 2 17 3
853 1 6 3025 175 1670 262
854 0 8 3029 3 9 4
855 0 1 3034 1 10 1
856 0 3 3036 281 2745 421
857 0 2 3040 1839834 25625656 2759751
858 1 2 3043 2 17 3
859 0 7 3046 2 6 3
860 0 8 3050 1 3 1
861 1 6 3055 2 7 3
862 1 43 3059 139 556 208
863 0 1 3065 1 10 1
864 1 9 3067 53329 318764 79993
865 1 2 3072 831 8546 1246
866 0 2 3075 2 17 3
867 0 3 3078 102 947 153
868 1 17 3082 1946 9498 2919
869 0 2 3087 1 9 1
870 1 3 3090 4 33 6
871 0 3 3094 83 762 124
872 0 1 3098 22 188 33
873 0 8 3100 8 24 12
874 0 1 3105 12 99 18
875 1 6 3108 2 17 3
876 0 2 3112 10 81 15
877 1 10 3115 4763065 35554985 7144597
878 1 2 3120 2 17 3
879 1 3 3123 21 179 31
880 1 2 3127 1 10 1
881 0 9 3130 2 7 3
882 0 2 3135 1 11 1
883 0 7 3138 18 59 27
884 1 1 3143 128 1202 192
885 0 7 3146 30 104 45
886 0 1 3150 13 107 19
887 0 4 3153 18 152 27
888 1 3 3157 10 81 15
889 0 7 3161 1 6 1
890 1 1 3166 7 56 10
891 1 2 3169 12064 139342 18096
892 1 20 3172 3 9 4
893 0 3 3177 9 73 13
894 1 1 3181 1 10 1
895 0 1 3183 14 116 21
896 0 19 3184 10 31 15
897 1 15 3189 1768 8573 2652
898 0 1 3194 1 10 1
899 1 39 3197 890 4113 1335
900 1 4 3203 27 233 40
901 0 2 3207 1 9 1
902 1 7 3210 9 27 13
903 0 1 3215 9 72 13
904 1 1 3218 261 2541 391
905 0 2 3221 1 13 1
906 1 1 3224 28 242 42
907 1 1 3226 1 9 1
908 0 38 3228 1 4 1
909 1 2 3234 32 279 48
910 1 3 3237 1 8 1
911 0 3 3241 41850 508002 62775
912 0 1 3245 18790 220968 28185
913 1 3 3247 5 40 7
914 0 3 3251 97 898 145
915 1 6 3255 2 17 3
916 1 2 3259 1 10 1
917 1 5 3262 7 56 10
918 0 2 3266 1 9 1
919 0 3 3269 17 143 25
920 0 7 3273 1 3 1
921 0 2 3277 55 494 82
922 1 3 3280 54 485 81
923 1 3 3284 4 33 6
924 0 1 3288 1 12 1
925 0 5 3291 1 9 1
926 0 3 3295 227 2194 340
927 1 1 3299 1 9 1
928 1 5 3301 900 9289 1350
929 1 1 3305 1 9 1
930 0 5 3307 2 17 3
931 1 9 3311 1 3 1
932 0 1 3316 51 456 76
933 0 2 3319 84 772 126
934 1 3 3322 24 206 36
935 1 26 3326 6 18 9
936 0 8 3331 1 5 1
937 0 2 3336 401 3985 601
938 1 8 3339 38 135 57
939 0 2 3344 37 325 55
940 0 1 3347 4 33 6
941 0 33 3350 17 56 25
942 0 2 3356 2 17 3
943 0 5 3359 1 9 1
944 0 4 3363 2521 27251 3781
945 1 1 3367 730 7462 1095
946 0 8 3369 9 27 13
947 0 5 3374 4 33 6
948 1 5 3378 5 40 7
949 0 1 3382 165 1570 247
950 0 2 3385 1 9 1
951 1 3 3388 2 17 3
952 0 2 3392 9101 103905 13651
953 1 1 3395 3 25 4
954 0 7 3396 86 330 129
955 0 1 3400 156 1480 234
956 1 1 3402 1 12 1
957 0 7 3404 936 4341 1404
958 1 2 3408 118 1104 177
959 0 1 3411 1274 13360 1911
960 0 1 3413 249 2418 373
961 0 1 3415 186 1780 279
962 1 1 3417 4 33 6
963 1 1 3420 2 17 3
964 1 3 3423 3 25 4
965 0 4 3427 1 9 1
966 0 2 3431 1 9 1
967 0 4 3434 1 10 1
968 1 12 3438 1 3 1
969 1 1 3443 7899 89653 11848
970 0 4 3445 4 33 6
971 0 1 3449 1 9 1
972 1 1 3451 1 11 1
973 1 2 3453 1127 11753 1690
974 0 1 3456 1 9 1
975 1 9 3458 1 3 1
976 0 3 3463 31 270 46
977 1 1 3467 138 1301 207
978 0 2 3469 19 161 28
979 1 4 3472 1 12 1
980 0 1 3476 2 17 3
981 0 13 3479 8 24 12
982 1 3 3484 237 2296 355
983 1 7 3488 59 219 88
984 0 6 3493 1 9 1
985 1 6 3497 6 48 9
986 1 2 3501 1 10 1
987 0 4 3504 1 9 1
988 1 3 3508 182 1740 273
989 1 2 3512 365 3611 547
990 0 4 3515 703 7174 1054
991 0 5 3519 3 25 4
992 0 2 3523 1 10 1
993 1 3 3526 9 73 13
994 0 1 3530 134 1262 201
995 0 10 3533 736 3355 1104
996 0 4 3538 67415 833531 101122
997 1 3 3542 21 179 31
998 1 1 3546 4 33 6
999 1 7 3548 1 5 1
1000 0 2 3552 1334 14018 2001
1001 1 1 3555 1 14 1
1002 0 1 3557 38 334 57
1003 1 28 3559 1 3 1
1004 0 6 3565 717564 9674820 1076346
1005 1 4 3569 1 9 1
1006 0 2 3573 1 10 1
1007 1 5 3576 1 10 1
1008 0 5 3580 52 466 78
1009 1 4 3584 2 17 3
1010 1 3 3588 127 1193 190
1011 0 5 3592 213 2053 319
1012 0 2 3596 1 8 1
1013 0 2 3599 11 90 16
1014 1 3 3602 3 25 4
1015 1 2 3605 1777 18914 2665
1016 1 2 3608 1 10 1
