0 1 1 5 7 56 10
1 1 8 7 9 27 13
2 0 3 12 4 12 6
3 1 1 16 1 9 1
4 0 3 17 96 372 144
5 0 10 21 13 41 19
6 1 1 26 713118 9612779 1069677
7 0 2 28 1 9 1
8 0 2 31 4 32 6
9 1 3 34 1 4 1
10 0 3 38 6 18 9
11 1 11 42 18 59 27
12 1 2 47 113 1055 169
13 0 1 50 20 170 30
14 1 3 51 2 7 3
15 1 1 55 5 40 7
16 1 1 56 965 9992 1447
17 1 2 58 35786 431744 53679
18 0 19 61 9219 49746 13828
19 0 4 66 1 5 1
20 0 2 70 578 5845 867
21 0 2 73 2 17 3
22 0 2 76 1 12 1
23 0 3 79 1 3 1
24 1 1 83 1 11 1
25 0 4 86 1 4 1
26 1 4 90 4868 25238 7302
27 0 3 94 28 97 42
28 0 4 98 1 4 1
29 1 3 102 1 4 1
30 1 2 106 34 298 51
31 1 2 109 1 9 1
32 1 1 112 3 25 4
33 0 26 115 1135 5337 1702
34 1 5 120 1 4 1
35 1 4 124 2 6 3
36 0 9 128 82 313 123
37 1 1 133 1 9 1
38 0 36 134 39 139 58
39 0 1 140 1 14 1
40 1 53 142 3785 19308 5677
41 1 6 148 381 1653 571
42 1 1 152 25 215 37
43 0 1 154 10 81 15
44 1 1 157 1 9 1
45 0 8 160 190 780 285
46 0 13 165 112 440 168
47 1 1 170 37592 454408 56388
48 1 3 172 135 539 202
49 0 1 176 10 81 15
50 0 8 179 76 289 114
51 0 4 184 1 5 1
52 0 1 188 2 17 3
53 0 6 191 33 116 49
54 0 3 195 1 9 1
55 0 3 199 999 4655 1498
56 0 2 203 1 9 1
57 0 2 206 928 9592 1392
58 0 1 209 5 40 7
59 0 14 211 4 12 6
60 1 1 216 1 10 1
61 0 2 218 4 33 6
62 1 6 221 27 93 40
63 1 2 225 1 11 1
64 1 13 228 99 385 148
65 0 11 233 1 4 1
66 0 1 238 3 25 4
67 1 2 239 43 381 64
68 0 2 242 21 179 31
69 1 2 245 5 40 7
70 0 1 248 1 11 1
71 1 2 250 38 335 57
72 0 2 253 76 695 114
73 0 4 256 1 3 1
74 1 1 260 1 8 1
75 0 1 262 1 11 1
76 0 15 264 90 347 135
77 1 1 269 44413 540363 66619
78 1 8 271 1 5 1
79 0 1 276 670 6822 1005
80 0 4 279 1 5 1
81 1 1 283 1 9 1
82 0 4 286 3800 19390 5700
83 1 1 290 5 41 7
84 1 6 293 2183 10738 3274
85 0 11 297 186 763 279
86 1 7 302 5 15 7
87 1 3 306 32 112 48
88 1 3 310 28 242 42
89 0 5 314 383 1663 574
90 0 2 318 4 33 6
91 0 5 321 75 284 112
92 0 5 325 2 6 3
93 1 1 329 2398 25864 3597
94 1 1 331 4669 51831 7003
95 1 4 333 3 10 4
96 0 5 337 1 4 1
97 0 2 341 80 734 120
98 1 1 344 120 1124 180
99 1 7 347 53 195 79
100 0 3 351 8 24 12
101 1 5 355 22 74 33
102 0 3 359 1 9 1
103 1 2 362 207 1992 310
104 1 4 365 20 67 30
105 1 2 369 2 17 3
106 0 1 372 2 17 3
107 1 1 374 10 81 15
108 1 4 376 26 89 39
109 1 3 380 114 449 171
110 0 1 384 1 12 1
111 0 3 387 30803 178521 46204
112 1 109 391 3 10 4
113 0 11 397 1 5 1
114 1 2 402 1 9 1
115 1 2 405 1 9 1
116 1 3 408 1 5 1
117 1 1 412 5 40 7
118 0 2 414 1 8 1
119 1 1 417 3 25 4
120 1 4 419 39 139 58
121 0 1 423 49 438 73
122 1 3 425 80 305 120
123 0 1 429 1 10 1
124 0 1 432 1 10 1
125 1 3 435 2 7 3
126 1 1 439 1 10 1
127 1 7 441 24 82 36
128 0 7 445 451 1982 676
129 1 2 449 531 5348 796
130 0 1 452 9246 105630 13869
131 1 2 455 7 56 10
132 1 2 458 71 647 106
133 0 1 461 1 13 1
134 1 5 462 1161 5468 1741
135 0 1 466 2 17 3
136 1 1 469 193 1851 289
137 0 8 472 625 2815 937
138 1 20 477 1 4 1
139 0 2 482 8 64 12
140 1 2 485 28 242 42
141 0 1 488 1535 16232 2302
142 1 3 490 31 108 46
143 0 2 494 29 251 43
144 1 1 497 17 143 25
145 1 1 498 302 2961 453
146 0 12 501 181 741 271
147 0 1 506 1 9 1
148 1 3 509 9 27 13
149 0 5 513 1 5 1
150 1 1 517 1 12 1
151 1 2 518 30319 363409 45478
152 0 10 521 194 798 291
153 1 1 526 12 98 18
154 1 1 528 196 1881 294
155 1 15 530 1 4 1
156 0 7 535 7 21 10
157 0 5 539 837 3851 1255
158 1 1 543 1 10 1
159 0 1 546 2 17 3
160 0 6 548 2 7 3
161 1 3 552 2760 13791 4140
162 1 12 556 11727 64214 17590
163 1 5 561 257 1081 385
164 0 1 565 1 9 1
165 0 10 567 1 3 1
166 1 4 572 24 82 36
167 1 1 576 1 9 1
168 0 1 577 2655 28764 3982
169 0 1 580 206 1982 309
170 0 2 583 1 12 1
171 0 6 586 5 15 7
172 0 6 590 110 432 165
173 1 3 594 3 10 4
174 0 7 598 2 6 3
175 0 2 602 1 9 1
176 1 2 605 4 33 6
177 1 2 608 1 9 1
178 0 2 611 2 17 3
179 1 3 614 2 17 3
180 1 3 618 1 10 1
181 1 3 622 46 167 69
182 0 1 626 26 224 39
183 0 4 629 2 7 3
184 0 2 633 9 73 13
185 1 2 636 1 12 1
186 1 13 639 244 1022 366
187 1 3 644 1 10 1
188 1 2 648 3 25 4
189 0 1 651 172 1640 258
190 0 1 654 1 10 1
191 0 1 657 97 898 145
192 0 2 660 1 10 1
193 0 1 663 1 9 1
194 1 1 665 259 2520 388
195 1 5 668 1512 7253 2268
196 1 3 672 6 48 9
197 1 4 676 189 776 283
198 0 1 680 12 99 18
199 1 11 682 1083 5075 1624
200 0 8 687 1 3 1
201 1 1 692 3 25 4
202 0 3 694 34610 201920 51915
203 0 3 698 28 242 42
204 1 1 702 30 261 45
205 0 1 704 1 10 1
206 1 1 706 33 288 49
207 0 2 708 8 64 12
208 0 2 711 7 56 10
209 1 5 714 3 9 4
210 1 3 718 197 1891 295
211 0 1 722 16 134 24
212 1 7 725 74 281 111
213 0 3 729 5 15 7
214 1 3 733 2 7 3
215 1 1 737 1 8 1
216 0 1 740 294 2879 441
217 1 7 742 1154837 8078739 1732255
218 0 2 746 5 40 7
219 0 2 749 1 9 1
220 1 6 752 1 4 1
221 0 7 756 2 6 3
222 0 2 760 244 2367 366
223 1 10 763 58 215 87
224 0 6 768 1 4 1
225 0 14 772 33 116 49
226 0 2 777 1 8 1
227 0 2 780 2 17 3
228 1 4 783 1 3 1
229 0 3 787 15 49 22
230 1 1 791 590 5972 885
231 0 4 793 3 9 4
232 0 4 797 1 5 1
233 1 9 801 26 89 39
234 1 4 806 9 27 13
235 0 15 810 2 6 3
236 1 8 815 1 4 1
237 1 6 820 806 3698 1209
238 1 6 824 1 4 1
239 1 2 828 1 11 1
240 0 1 831 75516 937747 113274
241 1 9 834 30 104 45
242 1 2 839 3 25 4
243 1 1 842 69 628 103
244 0 3 844 527 5306 790
245 0 4 848 19 63 28
246 1 2 852 1 8 1
247 1 5 855 386 1677 579
248 1 4 859 31 108 46
249 0 1 863 1 9 1
250 0 5 865 173 705 259
251 0 2 869 141 1331 211
252 1 5 872 16 52 24
253 1 4 876 57 211 85
254 0 2 880 4 33 6
255 0 2 883 5 40 7
256 0 3 886 59711 359146 89566
257 1 1 890 2 17 3
258 1 3 892 1 9 1
259 0 1 896 1 13 1
260 1 12 899 1 4 1
261 1 4 904 3 10 4
262 1 2 908 1 11 1
263 1 3 911 305 2991 457
264 1 2 915 1 10 1
265 0 6 918 162 657 243
266 1 27 922 16993 95137 25489
267 0 16 928 1409 6726 2113
268 0 1 933 1 9 1
269 1 2 935 7 56 10
270 1 17 938 48 175 72
271 1 1 943 1 11 1
272 1 3 946 209 865 313
273 0 38 950 211 874 316
274 0 1 956 206 1982 309
275 1 6 958 14 45 21
276 0 1 962 1 8 1
277 1 2 964 1 12 1
278 1 1 967 98 908 147
279 1 3 969 6279 33083 9418
280 1 10 973 1 3 1
281 1 1 978 11 90 16
282 1 6 979 4 12 6
283 0 8 983 44 159 66
284 0 18 988 1 5 1
285 1 2 993 6 48 9
286 1 3 996 1 8 1
287 0 2 1000 1680 17837 2520
288 1 3 1003 23 78 34
289 1 11 1007 30 104 45
290 1 7 1012 2 6 3
291 1 3 1017 1 4 1
292 0 1 1021 58 523 87
293 0 2 1024 92 850 138
294 1 9 1027 1 5 1
295 1 2 1032 2621058 36945503 3931587
296 0 1 1035 1 9 1
297 1 12 1037 250 1050 375
298 0 6 1042 1 4 1
299 1 43 1046 67 252 100
300 1 8 1052 920 4262 1380
301 0 6 1057 9 27 13
302 1 13 1061 1 4 1
303 1 2 1066 1 11 1
304 0 1 1069 1 9 1
305 1 3 1071 307 1310 460
306 1 5 1075 1 3 1
307 0 2 1079 29553 353870 44329
308 1 2 1082 43 381 64
309 0 23 1085 1 4 1
310 0 4 1090 4 12 6
311 0 2 1094 1 9 1
312 0 3 1097 1598 7695 2397
313 1 4 1101 3472 17612 5208
314 0 2 1105 22 188 33
315 1 3 1108 1 8 1
316 1 4 1112 1 5 1
317 0 1 1116 112 1045 168
318 1 1 1118 1 9 1
319 1 2 1120 1 9 1
320 0 4 1123 3 10 4
321 1 1 1127 1 11 1
322 0 2 1130 2 17 3
323 0 9 1133 30 104 45
324 0 1 1138 4 33 6
325 1 2 1141 1 11 1
326 0 10 1144 466 2053 699
327 1 1 1149 1 10 1
328 1 2 1151 2 17 3
329 1 1 1154 7 56 10
330 0 15 1156 319 1365 478
331 0 5 1161 1 5 1
332 0 2 1165 2 17 3
333 0 3 1168 90 347 135
334 1 1 1172 68 618 102
335 1 9 1174 1749 8475 2623
336 1 1 1179 1 9 1
337 0 26 1181 26704 153502 40056
338 1 3 1186 49334 293613 74001
339 0 3 1190 871 4019 1306
340 1 10 1194 18 59 27
341 1 4 1199 9732 52689 14598
342 0 1 1203 8 64 12
343 0 3 1204 4 13 6
344 0 4 1208 1 4 1
345 1 2 1212 3 25 4
346 0 5 1215 3 9 4
347 1 2 1219 21 179 31
348 0 8 1222 1 4 1
349 1 1 1227 54 485 81
350 1 2 1229 87 801 130
351 1 2 1232 133 1252 199
352 1 19 1235 1 5 1
353 0 3 1240 1 10 1
354 1 2 1244 102 947 153
355 0 4 1247 859 3960 1288
356 1 2 1251 1 10 1
357 1 2 1254 295 2889 442
358 1 1 1257 41 362 61
359 1 2 1259 1 10 1
360 1 3 1262 1 4 1
361 1 4 1266 1 4 1
362 0 1 1270 728 7441 1092
363 1 17 1273 1 3 1
364 1 2 1278 2 17 3
365 0 2 1281 1 10 1
366 0 15 1284 1 3 1
367 1 2 1289 28 242 42
368 1 4 1292 2 7 3
369 0 1 1296 1 10 1
370 1 5 1298 58 215 87
371 0 3 1302 1 4 1
372 0 11 1306 13 41 19
373 0 23 1311 1 4 1
374 1 9 1316 1 4 1
375 0 20 1321 2 7 3
376 1 4 1326 1 4 1
377 0 1 1330 1 11 1
378 1 1 1333 53 475 79
379 1 1 1336 4974 55366 7461
380 1 4 1338 1381 6583 2071
381 1 7 1342 30 104 45
382 1 1 1347 2 17 3
383 1 1 1350 5 40 7
384 1 7 1353 27 93 40
385 1 18 1358 1 3 1
386 1 3 1363 1 4 1
387 1 3 1367 49 438 73
388 1 5 1371 5 15 7
389 0 1 1375 367 3632 550
390 0 6 1378 1 4 1
391 0 2 1382 1 10 1
392 1 1 1385 1 12 1
393 0 3 1388 4 33 6
394 0 4 1392 5 15 7
395 1 4 1396 1 4 1
396 1 11 1400 761 3477 1141
397 0 1 1405 3 25 4
398 0 5 1407 1 4 1
399 0 1 1411 45 400 67
400 0 3 1414 6 18 9
401 1 2 1418 2 17 3
402 1 2 1421 1 9 1
403 1 8 1424 27 93 40
404 0 3 1429 1940 9467 2910
405 1 10 1433 194 798 291
406 1 2 1438 3087 33665 4630
407 1 2 1441 2543 27499 3814
408 1 2 1444 2273 24459 3409
409 1 10 1447 15 48 22
410 1 4 1452 13 41 19
411 1 2 1456 3638 39956 5457
412 1 6 1459 3 10 4
413 1 5 1463 1687 8154 2530
414 1 3 1467 77994 476012 116991
415 0 6 1471 10 31 15
416 1 7 1475 1 4 1
417 1 1 1480 9 73 13
418 0 3 1483 43 155 64
419 1 4 1487 1 6 1
420 1 2 1491 94 869 141
421 0 1 1494 4 33 6
422 1 13 1495 513408 3453775 770112
423 0 6 1500 171 696 256
424 0 2 1504 3819 42032 5728
425 0 5 1507 189 776 283
426 0 22 1511 9 27 13
427 1 3 1516 136 1281 204
428 0 2 1520 1958 20931 2937
429 0 4 1523 755 3448 1132
430 1 5 1527 1205 5690 1807
431 0 1 1531 1 12 1
432 1 2 1533 2363 25470 3544
433 1 1 1536 602 6099 903
434 0 3 1539 131 522 196
435 0 2 1543 131 1232 196
436 1 2 1546 3339 36537 5008
437 0 2 1549 5767 64596 8650
438 1 3 1552 605 6131 907
439 1 2 1556 1 9 1
440 0 3 1559 146 1381 219
441 0 40 1563 79 301 118
442 0 10 1569 1 4 1
443 0 4 1574 2 7 3
444 1 6 1578 1 4 1
445 1 1 1582 883 9106 1324
446 0 7 1584 1 4 1
447 1 2 1588 64 580 96
448 0 2 1591 2 17 3
449 0 1 1594 709 7238 1063
450 0 4 1597 1 5 1
451 1 4 1601 1 3 1
452 1 2 1605 4 33 6
453 1 1 1608 97 898 145
454 1 5 1611 2 6 3
455 0 2 1615 3 25 4
456 0 2 1618 1 11 1
457 1 6 1621 13 41 19
458 0 19 1625 1 4 1
459 1 16 1630 1330 6324 1995
460 1 4 1635 1 5 1
461 0 4 1639 1 4 1
462 0 1 1643 1 10 1
463 0 32 1646 2031 9942 3046
464 0 1 1652 3 25 4
465 0 4 1655 1 4 1
466 0 4 1659 1 4 1
467 1 7 1663 4 12 6
468 0 9 1667 10 31 15
469 1 2 1672 1 10 1
470 0 4 1675 1 3 1
471 1 7 1679 177 723 265
472 0 2 1684 1 9 1
473 1 6 1687 12 38 18
474 0 3 1691 2 17 3
475 1 7 1695 835 3841 1252
476 0 6 1699 175007 1114934 262510
477 1 3 1703 1 6 1
478 1 3 1707 290 1232 435
479 0 4 1711 1 5 1
480 1 2 1715 1 9 1
481 0 2 1718 1 9 1
482 0 1 1721 21 179 31
483 0 1 1724 214 2063 321
484 1 1 1726 1 12 1
485 0 2 1729 2 17 3
486 1 19 1732 1 4 1
487 0 3 1737 8 24 12
488 1 1 1741 1 9 1
489 1 9 1744 2 7 3
490 0 1 1749 26 224 39
491 0 6 1751 173 705 259
492 1 7 1755 102 398 153
493 0 2 1760 4943 55006 7414
494 0 3 1763 3 10 4
495 1 1 1767 353 3487 529
496 0 5 1769 1 4 1
497 0 5 1773 128 509 192
498 1 4 1777 26557 152609 39835
499 0 3 1781 27 93 40
500 0 3 1785 7838 41873 11757
501 0 13 1789 1 4 1
502 1 1 1794 3503 38411 5254
503 0 3 1797 42 151 63
504 0 6 1801 338 1453 507
505 1 2 1805 1 9 1
506 0 3 1808 1 3 1
507 1 24 1812 368 1593 552
508 1 9 1817 73990 450284 110985
509 0 2 1822 1 10 1
510 1 5 1825 1294 6141 1941
511 1 1 1829 2 17 3
512 0 12 1831 128 509 192
513 1 1 1836 1 11 1
514 1 1 1839 1 9 1
515 1 18 1841 23 78 34
516 1 2 1846 1 9 1
517 1 2 1849 1 10 1
518 1 2 1852 1 12 1
519 0 2 1855 1111 11578 1666
520 0 1 1858 2 17 3
521 1 3 1861 1 9 1
522 0 32 1865 2 6 3
523 1 4 1871 239 1000 358
524 1 3 1875 3 25 4
525 1 1 1879 9438 107915 14157
526 1 3 1882 2 6 3
527 0 1 1886 1218 12747 1827
528 1 1 1889 1 12 1
529 0 20 1892 888 4103 1332
530 0 2 1897 1 10 1
531 0 3 1900 1 9 1
532 0 12 1904 1 4 1
533 0 9 1909 7 21 10
534 0 1 1914 32 279 48
535 0 7 1916 1 6 1
536 1 7 1921 1 4 1
537 0 3 1926 3 25 4
538 1 3 1930 30 261 45
539 1 3 1934 3 10 4
540 0 1 1938 32 279 48
541 1 3 1940 2 7 3
542 1 2 1944 2042 21869 3063
543 0 3 1947 1 10 1
544 0 2 1951 18 152 27
545 0 2 1954 89 821 133
546 0 3 1957 1 12 1
547 1 1 1961 299 2930 448
548 1 8 1963 13 41 19
549 1 10 1968 315 1347 472
550 0 2 1973 2 17 3
551 1 2 1976 401 3985 601
552 1 16 1979 1 4 1
553 0 1 1984 1 9 1
554 1 2 1987 29 251 43
555 1 3 1990 179 732 268
556 1 2 1994 162 1540 243
557 0 2 1997 14 116 21
558 0 1 2000 1 9 1
559 1 1 2003 1 10 1
560 0 2 2006 1 9 1
561 1 2 2009 1 9 1
562 1 2 2012 51754 633424 77631
563 1 4 2015 1 3 1
564 0 1 2019 1 11 1
565 0 2 2022 30 261 45
566 0 1 2025 1 10 1
567 0 1 2026 1 9 1
568 0 8 2028 10 31 15
569 1 4 2033 5 15 7
570 1 11 2037 1 4 1
571 1 1 2042 54 485 81
572 1 4 2044 21 70 31
573 0 2 2048 114 1064 171
574 1 6 2051 135 539 202
575 1 2 2055 1 8 1
576 0 4 2058 1 5 1
577 1 1 2062 2 17 3
578 0 1 2065 3 25 4
579 1 2 2067 132 1242 198
580 0 5 2070 2 7 3
581 1 3 2074 59878 360206 89817
582 0 4 2078 166 674 249
583 0 1 2082 16 134 24
584 1 72 2084 15 48 22
585 1 21 2090 1 4 1
586 1 10 2095 60 223 90
587 0 6 2100 3 10 4
588 0 5 2104 13 41 19
589 0 3 2108 1 10 1
590 1 2 2112 491 4927 736
591 0 1 2115 4 33 6
592 1 4 2117 4 12 6
593 1 2 2121 8 64 12
594 0 5 2124 1 4 1
595 0 4 2128 16 52 24
596 0 4 2132 45 163 67
597 1 2 2136 180244 2312417 270366
598 0 7 2139 2 6 3
599 0 16 2143 33 116 49
600 0 3 2148 14 45 21
601 1 7 2152 5083 26426 7624
602 0 11 2156 9 27 13
603 0 1 2161 8 64 12
604 0 12 2163 1 4 1
605 0 3 2168 1156 5442 1734
606 1 3 2172 3 25 4
607 1 6 2176 47 171 70
608 1 15 2180 4 12 6
609 0 26 2185 1 4 1
610 0 5 2190 12 38 18
611 1 1 2194 231 2235 346
612 0 1 2197 1 9 1
613 0 1 2200 11 90 16
614 1 10 2202 482 2129 723
615 1 7 2207 64 239 96
616 1 9 2212 1 4 1
617 1 2 2217 1430 15074 2145
618 0 4 2220 75 284 112
619 1 1 2224 1 10 1
620 0 254 2227 11 34 16
621 0 5 2234 173 705 259
622 1 3 2238 5 41 7
623 0 3 2242 1 3 1
624 0 2 2246 23798 282521 35697
625 1 4 2249 9 27 13
626 0 10 2253 271 1145 406
627 1 12 2258 1 5 1
628 1 9 2263 1 3 1
629 1 11 2268 165 670 247
630 1 5 2273 178 727 267
631 1 7 2277 1 5 1
632 0 2 2282 45 400 67
633 1 1 2285 681 6939 1021
634 1 4 2287 102 398 153
635 1 3 2291 2 6 3
636 1 9 2295 5543 28977 8314
637 0 3 2300 5850 65566 8775
638 1 7 2304 215909 1390527 323863
639 0 6 2309 227 946 340
640 0 2 2313 28 242 42
641 0 1 2316 1 9 1
642 1 2 2318 27 233 40
643 0 2 2321 1 9 1
644 1 4 2324 8 24 12
645 0 1 2328 1 9 1
646 0 5 2330 160 648 240
647 0 2 2334 10128 116143 15192
648 1 2 2337 1 10 1
649 0 3 2340 1 11 1
650 1 2 2344 98894 1240668 148341
651 0 4 2347 23 78 34
652 0 2 2351 1 10 1
653 1 2 2354 338 3332 507
654 1 1 2357 6 48 9
655 1 8 2359 34 120 51
656 1 1 2364 1 9 1
657 1 8 2366 44 159 66
658 1 1 2371 164 1560 246
659 1 5 2374 1 4 1
660 0 4 2378 135 539 202
661 0 1 2382 2 17 3
662 0 2 2385 1 9 1
663 1 3 2388 3 9 4
664 1 1 2392 1 10 1
665 0 4 2395 37 131 55
666 0 12 2399 161 652 241
667 0 104 2404 45714 270915 68571
668 1 2 2410 9 73 13
669 0 5 2413 2479 12298 3718
670 0 10 2417 1 3 1
671 1 2 2422 33 288 49
672 1 4 2425 83 318 124
673 0 5 2429 156 630 234
674 0 3 2433 74 281 111
675 0 3 2437 13 107 19
676 0 4 2441 1 4 1
677 0 9 2445 29 101 43
678 0 4 2450 148 595 222
679 1 1 2454 42 372 63
680 0 7 2456 196 807 294
681 1 14 2461 21 70 31
682 0 3 2466 1 4 1
683 0 2 2470 129 1212 193
684 1 1 2473 3 25 4
685 0 1 2476 1 9 1
686 0 1 2478 1 10 1
687 0 1 2480 1 11 1
688 0 3 2483 18 59 27
689 1 1 2487 1 11 1
690 1 4 2490 643 2902 964
691 0 2 2494 1 11 1
692 0 5 2497 1 4 1
693 0 4 2501 3 10 4
694 1 6 2505 7 21 10
695 0 3 2509 100 389 150
696 0 1 2513 208 2002 312
697 1 7 2515 154 622 231
698 1 3 2520 1255 13151 1882
699 0 4 2524 220 915 330
700 1 6 2528 4 12 6
701 1 3 2532 72 272 108
702 1 1 2536 1 9 1
703 1 6 2538 1 4 1
704 0 1 2542 7 56 10
705 0 8 2545 51 187 76
706 1 2 2550 95 879 142
707 1 4 2553 1 5 1
708 1 2 2557 23 197 34
709 1 1 2560 14 116 21
710 0 4 2562 380 1649 570
711 1 2 2566 33 288 49
712 1 2 2569 1 9 1
713 0 1 2572 1130 11785 1695
714 1 4 2574 129 513 193
715 0 1 2578 1 11 1
716 1 5 2581 8413 45142 12619
717 0 6 2585 1 4 1
718 1 2 2589 4 33 6
719 0 1 2592 109 1016 163
720 0 1 2594 14 116 21
721 0 22 2597 37 131 55
722 0 7 2602 5872 30808 8808
723 0 13 2606 13 41 19
724 1 1 2611 1 10 1
725 1 2 2613 1756 18681 2634
726 0 4 2616 182 745 273
727 0 5 2620 202 834 303
728 1 6 2624 4 12 6
729 0 1 2628 11 90 16
730 1 12 2630 13 41 19
731 1 1 2635 1 10 1
732 0 1 2636 15 125 22
733 0 69 2638 14 45 21
734 1 6 2644 1 4 1
735 0 5 2648 1 5 1
736 0 1 2652 28 242 42
737 0 1 2654 2 17 3
738 1 2 2656 148 1401 222
739 1 3 2659 104 406 156
740 0 32 2663 57 211 85
741 1 4 2669 81 309 121
742 0 5 2673 35 124 52
743 0 3 2677 1 11 1
744 0 5 2681 374 1621 561
745 0 4 2685 1 4 1
746 0 10 2689 1 3 1
747 1 1 2694 1 9 1
748 0 1 2696 1339 14073 2008
749 0 7 2698 1 4 1
750 0 7 2702 653 2951 979
751 1 2 2706 1 10 1
752 0 2 2709 2 17 3
753 1 1 2712 29 251 43
754 1 1 2714 48 428 72
755 0 4 2716 94 364 141
756 1 1 2720 1 13 1
757 0 5 2723 598 2685 897
758 1 5 2727 1 3 1
759 1 3 2731 12203 66982 18304
760 0 4 2735 2 6 3
761 0 1 2739 337 3321 505
762 0 3 2741 133 530 199
763 1 2 2745 1 9 1
764 1 1 2748 2 17 3
765 1 2 2750 85 782 127
766 1 2 2753 62 561 93
767 0 12 2756 3027 15217 4540
768 0 1 2761 12 99 18
769 1 4 2763 7 21 10
770 0 5 2767 3660 18630 5490
771 1 1 2771 172675 2211807 259012
772 0 3 2773 1 8 1
773 0 6 2777 2 7 3
774 1 24 2781 1 5 1
775 1 4 2786 20 67 30
776 0 1 2790 366 3622 549
777 1 3 2792 802 3679 1203
778 1 32 2796 10 31 15
779 1 2 2802 3873 42652 5809
780 0 8 2805 2357 11654 3535
781 0 2 2810 157 1490 235
782 1 3 2813 2 17 3
783 0 2 2817 1 11 1
784 1 7 2820 1 4 1
785 0 1 2824 29 252 43
786 1 3 2827 1 10 1
787 1 1 2831 5 41 7
788 0 11 2834 1 4 1
789 0 7 2839 5 15 7
790 0 1 2844 178 1700 267
791 0 2 2846 2131 22866 3196
792 0 4 2849 42 151 63
793 0 2 2853 24022 285287 36033
794 1 5 2856 2790 13951 4185
795 1 1 2860 45 400 67
796 0 3 2862 52 191 78
797 0 7 2866 64 239 96
798 1 2 2871 35 307 52
799 0 1 2874 23 197 34
800 0 10 2876 460 2025 690
801 1 2 2881 1 9 1
802 1 1 2884 3833 42193 5749
803 1 2 2887 29 251 43
804 1 14 2890 1 4 1
805 0 12 2895 1 3 1
806 0 4 2900 1 4 1
807 1 2 2904 6 48 9
808 0 2 2907 1633 17316 2449
809 0 6 2910 3 10 4
810 0 2 2914 1 11 1
811 0 1 2917 4732 52561 7098
812 1 3 2919 2 6 3
813 1 17 2923 66 247 99
814 1 2 2928 37 326 55
815 1 3 2931 4 32 6
816 1 2 2935 1 11 1
817 1 4 2938 1 3 1
818 0 5 2942 5 15 7
819 0 1 2946 487 4885 730
820 0 2 2949 1 9 1
821 0 5 2952 14 45 21
822 1 2 2956 34 298 51
823 1 1 2959 1 8 1
824 0 1 2962 9 73 13
825 1 5 2964 1971 9628 2956
826 0 2 2968 313 3074 469
827 0 2 2971 13 108 19
828 0 2 2974 1 10 1
829 0 3 2977 9 73 13
830 0 2 2981 337 3321 505
831 0 9 2984 1 4 1
832 0 2 2989 1 10 1
833 0 9 2992 53 195 79
834 1 3 2997 12 99 18
835 0 12 3001 180 736 270
836 0 2 3006 9439 107927 14158
837 1 2 3009 81 743 121
838 0 3 3012 1 4 1
839 1 4 3016 3 10 4
840 1 2 3020 54 485 81
841 0 3 3023 1 9 1
842 1 5 3027 1 4 1
843 1 2 3031 10 81 15
844 0 3 3034 73 276 109
845 1 1 3038 1 9 1
846 0 8 3040 7 21 10
847 0 2 3045 9 73 13
848 1 2 3048 1844 19660 2766
849 1 5 3051 212 879 318
850 0 21 3055 1 4 1
851 1 1 3060 23 197 34
852 0 1 3062 4005 44169 6007
853 1 5 3064 125 496 187
854 1 20 3068 43 155 64
855 1 5 3073 61 227 91
856 1 11 3077 1 4 1
857 0 4 3082 1 5 1
858 0 7 3086 784 3590 1176
859 0 2 3091 350 3456 525
860 0 2 3094 941 9733 1411
861 1 2 3097 1 11 1
862 1 3 3100 16 134 24
863 1 1 3104 30913 370813 46369
864 1 9 3107 375 1625 562
865 1 2 3112 1600 16951 2400
866 1 2 3115 5327 59468 7990
867 1 1 3118 1 10 1
868 0 1 3121 12 99 18
869 0 2 3123 25 215 37
870 1 6 3126 3 10 4
871 0 2 3130 6 48 9
872 1 1 3133 2 17 3
873 1 2 3136 71 647 106
874 1 1 3139 7 56 10
875 1 2 3141 1 9 1
876 1 6 3144 866 3994 1299
877 1 2 3148 7 56 10
878 1 4 3151 1 3 1
879 1 11 3155 18 59 27
880 1 4 3160 55634 333321 83451
881 1 4 3164 9 27 13
882 0 3 3168 42 372 63
883 1 6 3172 1359 6471 2038
884 0 2 3176 238 2306 357
885 0 4 3179 2 6 3
886 0 9 3183 16 52 24
887 0 1 3188 180 1720 270
888 0 8 3190 1 4 1
889 0 3 3195 1 3 1
890 1 3 3199 1 4 1
891 0 1 3203 5 40 7
892 0 1 3205 1 10 1
893 1 2 3208 2 17 3
894 1 2 3211 3 25 4
895 1 2 3214 1 9 1
896 1 4 3217 112 440 168
897 1 1 3221 90 830 135
898 1 4 3223 2 7 3
899 0 6 3227 1403 6695 2104
900 0 1 3231 484 4853 726
901 1 15 3234 12594 69259 18891
902 0 3 3239 2 6 3
903 0 1 3243 17801 208882 26701
904 1 1 3245 1 10 1
905 1 1 3247 289 2827 433
906 1 2 3248 8 64 12
907 0 5 3251 1 4 1
908 0 1 3255 789 8095 1183
909 1 2 3257 11 90 16
910 1 1 3260 192 1841 288
911 0 2 3263 1 9 1
912 1 4 3266 1 4 1
913 0 2 3270 12 98 18
914 0 2 3273 4 33 6
915 1 5 3276 10 31 15
916 0 1 3280 228 2205 342
917 1 1 3283 1 9 1
918 0 7 3285 48 175 72
919 1 1 3290 1 9 1
920 0 2 3292 1 9 1
921 1 4 3295 1 3 1
922 0 3 3299 2 7 3
923 0 1 3303 2 17 3
924 1 1 3305 1 11 1
925 0 22 3307 9 27 13
926 0 1 3312 63 570 94
927 0 1 3315 9 72 13
928 1 1 3316 1 12 1
929 1 10 3319 1 4 1
930 0 1 3324 4 33 6
931 0 7 3326 40 143 60
932 0 2 3330 1 10 1
933 0 1 3333 1 10 1
934 0 2 3335 2 17 3
935 0 3 3338 1 9 1
936 0 4 3342 590 2646 885
937 1 2 3346 1 11 1
938 1 2 3349 50 447 75
939 1 2 3352 94 869 141
940 0 8 3355 79 301 118
941 0 1 3360 1 12 1
942 0 7 3363 3 10 4
943 0 55 3367 1 3 1
944 1 2 3373 254 2469 381
945 0 9 3376 1 4 1
946 0 1 3381 1 9 1
947 0 1 3384 1 12 1
948 1 4 3387 16 52 24
949 0 4 3391 1 4 1
950 0 1 3395 1 9 1
951 0 8 3398 1 4 1
952 0 1 3403 250 2428 375
953 1 2 3406 2 17 3
954 0 1 3409 3 25 4
955 1 1 3412 73 666 109
956 0 3 3415 11 90 16
957 1 4 3419 1 4 1
958 0 1 3423 3 25 4
959 1 22 3426 868834 5996123 1303251
960 1 2 3431 11 90 16
961 1 5 3434 1 4 1
962 1 5 3438 1 4 1
963 1 6 3442 7 21 10
964 1 2 3446 16 134 24
965 1 4 3449 187 767 280
966 1 2 3453 1623 17205 2434
967 1 5 3456 1 4 1
968 1 8 3460 23 78 34
969 1 1 3465 402 3996 603
970 1 2 3468 1 9 1
971 0 1 3471 1 9 1
972 0 3 3474 97 377 145
973 0 3 3478 513 5158 769
974 0 3 3482 70 264 105
975 0 2 3486 3827 42124 5740
976 1 4 3489 5 15 7
977 0 1 3493 1 11 1
978 0 2 3495 183 1750 274
979 0 6 3498 211 874 316
980 1 5 3502 1 4 1
981 0 1 3506 1 9 1
982 0 2 3508 298 2920 447
983 0 2 3511 3 25 4
984 0 1 3514 1 9 1
985 0 3 3515 1 3 1
986 1 3 3519 1 11 1
987 1 2 3523 50 447 75
988 0 7 3526 1 3 1
989 1 6 3530 14 45 21
990 1 5 3534 1 4 1
991 0 3 3538 1 10 1
992 0 2 3542 1 9 1
993 0 2 3545 1 11 1
994 0 3 3548 1 10 1
995 0 1 3552 2 17 3
996 0 9 3555 1288 6110 1932
997 0 13 3560 1 4 1
998 0 2 3565 1 9 1
999 1 2 3568 11 90 16
1000 0 3 3571 64649 390548 96973
1001 0 5 3575 1235 5842 1852
1002 0 9 3579 1 5 1
1003 0 2 3584 1 10 1
1004 1 8 3587 14 45 21
1005 1 3 3592 63 235 94
1006 0 1 3596 15 125 22
1007 0 1 3598 4 33 6
1008 0 12 3600 1 4 1
1009 0 3 3605 16 52 24
1010 1 2 3609 14 116 21
