0 0 6 5 1 10 1
1 1 2 22 71 647 106
2 1 1 35 120 1124 180
3 0 6 46 1 9 1
4 1 1 63 150 1421 225
5 0 2 74 72 656 108
6 0 3 86 90 830 135
7 1 2 100 39117 473578 58675
8 1 1 113 309 3033 463
9 0 2 123 47 419 70
10 1 2 136 272 2653 408
11 1 5 148 1 9 1
12 1 3 165 7 56 10
13 0 1 179 80 734 120
14 1 2 186 843 8675 1264
15 1 4 198 1 9 1
16 1 5 214 1 10 1
17 1 4 231 1 9 1
18 1 7 247 2 7 3
19 1 7 265 2 7 3
20 1 2 283 30 261 45
21 1 9 295 1 3 1
22 0 1 314 43654 530772 65481
23 1 10 323 1 4 1
24 1 2 342 1 11 1
25 0 3 356 580 5866 870
26 1 4 371 56 504 84
27 0 2 387 3 25 4
28 1 13 400 2 7 3
29 0 1 420 1 9 1
30 0 1 429 30 261 45
31 1 5 438 271 2643 406
32 0 5 454 6 48 9
33 0 8 471 1 6 1
34 0 2 489 1 9 1
35 0 1 502 42 372 63
36 0 1 512 55 494 82
37 1 7 521 4 12 6
38 0 3 539 24 206 36
39 1 4 553 70 637 105
40 1 8 569 1 4 1
41 1 2 587 1 9 1
42 0 4 599 5 40 7
43 1 1 615 2 17 3
44 1 1 621 4721 52433 7081
45 0 4 629 1 10 1
46 0 2 645 5711 63943 8566
47 1 1 657 4 33 6
48 1 1 666 71 647 106
49 0 1 673 81 743 121
50 0 6 682 1 10 1
51 1 5 699 541 5453 811
52 0 1 716 300 2940 450
53 0 1 726 1 9 1
54 1 3 733 100 927 150
55 0 19 748 1 4 1
56 0 28 769 1 3 1
57 1 18 791 1 4 1
58 1 2 812 1 9 1
59 1 4 825 2 17 3
60 1 2 841 1 9 1
61 0 3 853 221029 2856989 331543
62 0 9 868 2 7 3
63 0 7 887 1 3 1
64 0 1 905 3 25 4
65 0 1 916 126 1183 189
66 0 5 927 87 801 130
67 1 2 943 2 17 3
68 1 1 955 1 11 1
69 1 5 966 121 1134 181
70 1 1 983 1 9 1
71 0 15 994 301 1282 451
72 1 8 1014 5 15 7
73 0 1 1032 1 9 1
74 0 2 1039 16 134 24
75 1 6 1051 1 4 1
76 0 4 1069 11 90 16
77 1 7 1085 2 6 3
78 0 11 1103 2911 14596 4366
79 0 1 1122 1 9 1
80 0 9 1130 1 5 1
81 1 5 1149 238 2306 357
82 1 3 1166 1 11 1
83 1 2 1181 1 9 1
84 0 5 1195 6157 69156 9235
85 0 8 1212 39 139 58
86 1 4 1230 1 11 1
87 1 1 1246 2855 31029 4282
88 1 20 1255 4616 23851 6924
89 0 6 1276 24 206 36
90 0 1 1293 1 12 1
91 0 5 1303 2 17 3
92 1 4 1320 2 17 3
93 0 2 1336 66 599 99
94 1 5 1350 1 12 1
95 1 1 1366 949 9819 1423
96 1 3 1377 1 9 1
97 0 12 1392 1 4 1
98 1 2 1412 1 9 1
99 0 11 1425 3089 15550 4633
100 0 2 1445 1 10 1
101 1 16 1458 8 24 12
102 0 2 1479 1 9 1
103 1 4 1491 1 10 1
104 1 4 1506 1 9 1
105 1 2 1522 1 9 1
106 1 5 1535 5739 64270 8608
107 0 4 1552 1 9 1
108 0 4 1567 1649 17494 2473
109 1 31 1583 1 4 1
110 0 2 1605 1 10 1
111 1 2 1617 242 2347 363
112 0 4 1631 1 9 1
113 1 2 1647 1 9 1
114 0 2 1660 26 224 39
115 0 2 1672 1724 18326 2586
116 1 4 1686 1 9 1
117 1 3 1702 776 7955 1164
118 0 5 1717 2 17 3
119 1 1 1734 38 335 57
120 1 3 1743 6 48 9
121 0 3 1758 2 17 3
122 0 1 1772 289 2827 433
123 1 1 1781 2 17 3
124 0 5 1789 8640 98429 12960
125 1 5 1806 179 1710 268
126 0 4 1823 115864 1462244 173796
127 1 2 1839 3 25 4
128 1 9 1851 16 52 24
129 0 3 1870 13 107 19
130 1 4 1884 27 233 40
131 0 5 1900 1 9 1
132 0 5 1917 67 608 100
133 1 6 1934 946 9787 1419
134 1 2 1951 12 98 18
135 1 4 1963 15 125 22
136 1 2 1978 8 64 12
137 1 4 1990 1 10 1
138 0 5 2006 4 33 6
139 0 2 2023 55 494 82
140 1 5 2035 1 9 1
141 0 6 2052 1 11 1
142 0 2 2069 663094 8915647 994641
143 1 1 2083 3291 35989 4936
144 0 4 2094 380 3767 570
145 1 1 2110 1 12 1
146 1 6 2121 12 38 18
147 0 1 2139 21 179 31
148 1 6 2149 63 570 94
149 0 29 2166 1 5 1
150 0 3 2188 4 33 6
151 0 24 2203 1 4 1
152 0 3 2225 2 17 3
153 0 68 2240 1 5 1
154 0 2 2264 68 618 102
155 0 1 2277 9 73 13
156 0 1 2283 49 438 73
157 1 4 2293 34827 419726 52240
158 1 2 2309 22 188 33
159 1 2 2321 36 316 54
160 0 2 2335 286 2796 429
161 0 3 2348 77 705 115
162 0 1 2363 484 4853 726
163 0 1 2372 1 9 1
164 0 1 2383 1047 10882 1570
165 1 1 2392 11 90 16
166 1 2 2403 463 4633 694
167 1 9 2416 1 6 1
168 0 2 2435 46 410 69
169 1 1 2448 101 937 151
170 0 1 2459 8 64 12
171 1 1 2470 3 25 4
172 0 3 2479 78 714 117
173 0 7 2493 290 1232 435
174 1 4 2511 1252 13119 1878
175 0 1 2527 263 2561 394
176 0 3 2535 6438 72448 9657
177 1 5 2550 1 9 1
178 0 19 2567 1 4 1
179 0 11 2588 2 7 3
180 1 3 2608 70 637 105
181 1 3 2622 1 10 1
182 0 1 2636 1 11 1
183 1 10 2645 1 4 1
184 0 3 2664 1 10 1
185 0 3 2678 48 428 72
186 1 2 2693 57 513 85
187 0 1 2705 1 10 1
188 0 2 2713 1 10 1
189 1 5 2727 1026 10654 1539
190 1 1 2744 803 8245 1204
191 0 1 2750 7956 90327 11934
192 0 3 2760 81 743 121
193 1 7 2775 5145 26769 7717
194 0 3 2793 1 9 1
195 0 4 2808 1 10 1
196 1 1 2824 60 542 90
197 0 2 2831 3 25 4
198 0 3 2845 639 6492 958
199 1 2 2859 24 206 36
200 1 1 2872 1 9 1
201 0 1 2883 1 11 1
202 0 1 2893 168561 2157188 252841
203 0 2 2904 335 3301 502
204 1 1 2916 2467 26642 3700
205 1 4 2927 880 9074 1320
206 0 1 2943 270 2633 405
207 0 25 2953 16 52 24
208 0 2 2975 658 6694 987
209 1 1 2987 112 1045 168
210 1 1 2995 626 6354 939
211 1 3 3005 61 551 91
212 0 2 3019 1 10 1
213 1 4 3033 48 428 72
214 0 2 3048 1 10 1
215 1 1 3060 225 2174 337
216 0 3 3070 3 25 4
217 0 35 3084 1 6 1
218 0 2 3107 26 224 39
219 0 1 3119 1 11 1
220 1 2 3130 36 316 54
221 1 2 3142 12 99 18
222 1 2 3155 268 2612 402
223 1 4 3168 1 10 1
224 0 71 3183 1 3 1
225 1 2 3208 31 270 46
226 1 9 3221 182 745 273
227 1 4 3240 2 17 3
228 1 2 3256 17 143 25
229 0 6 3269 3 25 4
230 1 4 3286 3 25 4
231 1 3 3302 2440 26337 3660
232 0 7 3317 54 199 81
233 1 2 3335 273 2663 409
234 0 2 3348 1 9 1
235 0 5 3362 1 9 1
236 0 8 3379 2 7 3
237 1 1 3397 294 2879 441
238 1 4 3406 352 3477 528
239 0 2 3422 1 9 1
240 0 2 3435 231913 3002948 347869
241 0 2 3448 3 25 4
242 1 1 3461 1 9 1
243 1 4 3467 1 13 1
244 1 2 3483 1 9 1
245 0 2 3497 46 409 69
246 1 4 3509 2 17 3
247 1 6 3525 4624 51310 6936
248 0 1 3542 10044 115140 15066
249 1 4 3550 49 437 73
250 0 1 3566 601 6088 901
251 0 2 3576 8 64 12
252 0 5 3589 1 11 1
253 1 15 3606 1 5 1
