0 0 6 5 1 4 1
1 1 2 13 94 869 141
2 1 3 20 7 56 10
3 0 29 28 2 6 3
4 1 4 37 1 4 1
5 0 2 45 2392 25797 3588
6 0 2 52 2173 23336 3259
7 0 2 59 563 5686 844
8 0 4 66 2 7 3
9 0 1 74 1101 11469 1651
10 1 1 81 202 1942 303
11 1 3 87 3 9 4
12 1 3 95 1 5 1
13 0 2 103 1319 13853 1978
14 1 2 110 487 4885 730
15 1 2 117 2335 25155 3502
16 0 19 124 1 3 1
17 1 7 133 1 5 1
18 1 3 141 6 18 9
19 1 5 149 35 124 52
20 1 3 157 1 3 1
21 1 1 165 20 170 30
22 0 11 170 431 1888 646
23 1 2 179 541 5454 811
24 0 2 186 3 25 4
25 0 2 193 220 2123 330
26 1 4 200 7 21 10
27 0 1 208 17 143 25
28 1 3 214 6 18 9
29 1 1 222 196 1881 294
30 1 3 226 1 4 1
31 0 1 234 1 9 1
32 0 5 240 6 18 9
33 0 5 248 6 18 9
34 0 35 256 56 207 84
35 0 9 265 5 15 7
36 0 27 274 25 85 37
37 0 2 283 426 4246 639
38 0 10 290 1 3 1
39 1 6 299 21 70 31
40 0 1 307 1 10 1
41 1 3 312 84 322 126
42 1 2 320 1 11 1
43 0 1 327 1 9 1
44 0 11 333 55 203 82
45 0 2 342 1 9 1
46 1 6 349 1 4 1
47 1 2 357 1 9 1
48 1 4 364 9 27 13
49 1 3 372 1 4 1
50 1 2 380 1 8 1
51 1 7 387 4797 24847 7195
52 0 5 395 1 3 1
53 1 5 403 2 6 3
54 1 4 411 21 70 31
55 1 1 419 5 41 7
56 0 13 423 1 4 1
57 1 2 432 1 11 1
58 1 3 439 108 1006 162
59 1 13 446 1 4 1
60 0 3 455 1 3 1
61 0 2 463 121 1133 181
62 1 29 470 6 18 9
63 1 4 479 182 745 273
64 0 9 487 1 5 1
65 1 5 496 7 21 10
66 0 1 504 1 10 1
67 1 1 510 3 25 4
68 0 1 515 1 11 1
69 1 4 520 981 4565 1471
70 0 2 528 33451 402506 50176
71 0 14 535 2 7 3
72 0 4 544 1 4 1
73 1 4 552 18 59 27
74 1 15 560 411 1794 616
75 1 1 569 1 11 1
76 0 2 575 1 8 1
77 0 6 582 1 4 1
78 0 1 590 1 11 1
79 1 1 596 9 73 13
80 1 1 602 457 4570 685
81 0 1 608 720 7356 1080
82 0 6 613 1 4 1
83 0 1 621 1 9 1
84 1 3 628 2 7 3
85 0 1 636 1 9 1
86 1 4 642 1038 4850 1557
87 0 3 650 159 643 238
88 0 1 658 5 40 7
89 0 1 663 50 447 75
90 1 8 669 3 9 4
91 0 3 678 14 45 21
92 0 4 686 1 5 1
93 1 2 694 15 125 22
94 1 2 701 8 64 12
95 0 3 708 18 59 27
96 0 11 716 1 4 1
97 1 2 725 9 73 13
98 0 2 732 1 9 1
99 0 4 739 1 4 1
100 1 1 747 13 108 19
101 1 1 753 9 72 13
102 0 5 759 62 231 93
103 0 7 767 316 1352 474
104 0 6 775 28 97 42
105 0 3 783 5 40 7
106 0 2 791 1 12 1
107 0 2 798 17 143 25
108 0 5 805 2 6 3
109 0 5 813 877 4049 1315
110 1 5 821 36 127 54
111 0 8 829 84 322 126
112 0 2 838 4 33 6
113 1 2 845 8 64 12
114 1 3 852 1 5 1
115 0 1 860 1 9 1
116 1 1 865 1 9 1
117 0 1 870 13 108 19
118 0 9 876 1425 6808 2137
119 1 1 885 76 695 114
120 0 4 892 64 239 96
121 0 3 900 1264 13250 1896
122 1 13 907 1 5 1
123 1 1 916 5 40 7
124 0 3 921 2 17 3
125 0 1 928 19 161 28
126 0 8 932 5426 28327 8139
127 1 3 940 550 5548 825
128 0 5 947 146 587 219
129 0 7 955 1 4 1
130 0 1 963 1 10 1
131 0 2 968 8 64 12
132 1 2 975 3 25 4
133 0 1 982 152 1440 228
134 1 1 988 23242 275660 34863
135 0 4 993 9 27 13
136 1 4 1001 232 968 348
137 0 3 1009 199 1912 298
138 0 3 1016 17 56 25
139 1 1 1024 1 9 1
140 1 2 1030 21 179 31
141 1 1 1037 34 297 51
142 0 1 1043 50 447 75
143 0 1 1049 2143 23000 3214
144 0 22 1054 5 15 7
145 1 2 1063 23 197 34
146 0 4 1070 56 207 84
147 1 3 1078 1 4 1
148 0 13 1086 393 1709 589
149 0 2 1095 1 10 1
150 1 1 1102 66 599 99
151 1 2 1109 1 9 1
152 1 1 1116 1 12 1
153 1 1 1122 55 494 82
154 0 2 1128 192 1841 288
155 0 1 1135 4 33 6
156 1 1 1142 5323 59421 7984
157 1 1 1148 13 108 19
158 1 1 1154 1 9 1
159 1 1 1158 2 17 3
160 1 6 1165 1 3 1
161 0 3 1173 703 3194 1054
162 1 9 1181 1 4 1
163 1 1 1190 1 11 1
164 0 2 1197 1 8 1
165 0 2 1204 299 2930 448
166 1 21 1211 1 5 1
167 0 1 1220 1 10 1
168 0 2 1226 1 9 1
169 1 6 1233 908 4202 1362
170 1 8 1241 1 6 1
171 1 3 1249 2 17 3
172 0 4 1256 46 167 69
173 0 1 1264 1 10 1
174 0 2 1270 33575 404056 50362
175 1 3 1277 2 17 3
176 1 2 1285 75 685 112
177 1 2 1292 36 316 54
178 1 2 1299 1 10 1
179 1 12 1306 98 381 147
180 0 1 1315 63 570 94
181 0 1 1322 356 3518 534
182 0 1 1328 301 2950 451
183 1 8 1334 2 6 3
184 0 2 1342 37 325 55
185 1 1 1349 4 33 6
186 1 4 1356 1 3 1
187 0 1 1364 1 9 1
188 1 5 1369 1 3 1
189 0 1 1377 20 170 30
190 0 2 1381 8031 91214 12046
191 0 6 1388 8 24 12
192 0 14 1396 1 4 1
193 1 1 1405 163 1550 244
194 1 2 1411 50 447 75
195 1 5 1418 3 9 4
196 1 2 1426 1 8 1
197 0 7 1433 1 3 1
198 0 4 1441 82 314 123
199 0 3 1449 322 3167 483
200 1 1 1456 27 233 40
201 0 3 1462 4 12 6
202 1 1 1470 1 14 1
203 0 3 1477 2 17 3
204 0 10 1484 1 3 1
205 1 4 1493 20720 117364 31080
206 0 4 1501 176 718 264
207 0 1 1509 35800 431919 53700
208 0 3 1516 1 4 1
209 1 4 1524 8 24 12
210 1 4 1532 34434 200835 51651
211 0 1 1540 1 9 1
212 1 4 1546 1 3 1
213 0 4 1554 2 7 3
214 1 4 1562 63 235 94
215 0 1 1570 11 90 16
216 0 4 1577 12713 69953 19069
217 1 3 1585 1 5 1
218 0 1 1593 3 25 4
219 0 1 1598 1 9 1
220 0 1 1604 1 10 1
221 1 9 1610 4 13 6
222 0 2 1619 954 9873 1431
223 1 6 1626 1 4 1
224 1 2 1634 8 64 12
225 1 1 1641 11 90 16
226 1 2 1647 37 325 55
227 0 3 1654 1 5 1
228 0 7 1662 2 6 3
229 0 1 1670 1 11 1
230 1 5 1675 143 574 214
231 0 13 1683 3 10 4
232 1 1 1692 1 10 1
233 0 2 1698 3 25 4
234 1 6 1705 61 227 91
235 1 2 1713 1 11 1
236 0 1 1720 9 73 13
237 0 1 1725 2 17 3
238 1 2 1731 1023 10621 1534
239 0 1 1738 1 11 1
240 0 1 1744 82 753 123
241 0 4 1750 1 4 1
242 1 1 1758 12 98 18
243 1 4 1763 7328 38985 10992
244 0 1 1771 1 13 1
245 1 1 1776 24 206 36
246 1 6 1782 802 3678 1203
247 1 7 1790 508 2253 762
248 1 11 1798 1 4 1
249 0 2 1807 1 10 1
250 1 2 1814 1 10 1
251 0 3 1821 56 504 84
252 0 13 1829 1 4 1
253 1 1 1838 98 908 147
254 1 5 1844 19 63 28
255 0 2 1852 319 3135 478
256 0 1 1859 2 17 3
257 1 4 1865 264 1113 396
258 0 1 1873 1 10 1
259 0 8 1878 193 794 289
260 1 5 1886 3 9 4
261 1 8 1894 1 4 1
262 1 2 1902 24 206 36
263 0 1 1909 1 9 1
264 1 31 1916 68 256 102
265 1 11 1925 1 4 1
266 1 1 1934 86 792 129
267 1 5 1940 8060 43134 12090
268 1 3 1948 10 31 15
269 0 3 1956 393 1709 589
270 0 3 1964 5 15 7
271 1 2 1972 289 2827 433
272 0 2 1979 38819 469830 58228
273 1 2 1986 2764 29998 4146
274 1 12 1993 66 248 99
275 0 3 2002 1 10 1
276 0 2 2010 2 17 3
277 0 3 2017 100 389 150
278 1 9 2025 25 85 37
279 0 5 2034 25 85 37
280 1 1 2042 1 11 1
281 1 1 2048 1410 14853 2115
282 1 1 2053 2 17 3
283 0 2 2058 68 618 102
284 1 2 2065 2 17 3
285 0 3 2072 9 27 13
286 1 4 2080 410 1789 615
287 0 9 2088 57 211 85
288 0 7 2097 2 6 3
289 0 3 2105 2967 14896 4450
290 1 2 2113 24 206 36
291 1 4 2120 20238 114476 30357
292 0 2 2128 6 48 9
293 0 1 2135 1 11 1
294 0 2 2139 66 599 99
295 0 5 2146 1 4 1
296 0 1 2154 67 609 100
297 0 1 2160 3268 35727 4902
298 1 3 2166 10 31 15
299 0 5 2174 7 21 10
300 1 14 2182 424 1855 636
301 1 1 2191 29 252 43
302 1 13 2197 9 27 13
303 1 1 2206 547 5517 820
304 1 1 2212 1 10 1
305 1 4 2218 314 1342 471
306 1 7 2226 10 31 15
307 1 3 2234 1 4 1
308 1 2 2242 1 9 1
309 0 5 2249 11 34 16
310 1 2 2257 16 134 24
311 0 21 2264 2 6 3
312 1 2 2273 1 9 1
313 1 4 2280 1 5 1
314 1 2 2288 1 12 1
315 0 6 2295 2 6 3
316 1 3 2303 1990 21288 2985
317 1 2 2310 148 1401 222
318 1 3 2317 3 10 4
319 1 3 2325 155 1470 232
320 0 2 2333 1 9 1
321 0 2 2340 47 419 70
322 0 4 2347 105898 657040 158847
323 0 5 2355 11 34 16
324 0 6 2363 60 223 90
325 0 2 2371 6 48 9
326 1 6 2378 286 1214 429
327 0 2 2386 1 10 1
328 1 2 2393 46 409 69
329 0 1 2400 11134 128178 16701
330 1 4 2406 2 7 3
331 1 1 2414 1 13 1
332 0 4 2419 50 183 75
333 1 1 2427 232 2246 348
334 1 1 2433 1440 15184 2160
335 1 28 2439 1 4 1
336 1 10 2448 3 10 4
337 0 1 2457 1 9 1
338 0 5 2463 1 3 1
339 1 2 2471 6 48 9
340 0 3 2478 10 31 15
341 1 7 2486 1 4 1
342 1 1 2494 7 56 10
343 1 1 2500 1 10 1
344 0 2 2507 1 10 1
345 0 9 2514 1 6 1
346 1 2 2523 3 25 4
347 0 6 2530 2 6 3
348 1 7 2538 164 665 246
349 0 1 2546 43 381 64
350 1 2 2552 14 116 21
351 0 2 2559 1 9 1
352 1 9 2566 93 360 139
353 0 39 2575 283 1200 424
354 1 3 2585 1 9 1
355 1 1 2592 237 2296 355
356 1 3 2598 1 5 1
357 0 1 2606 1 10 1
358 0 2 2612 4 33 6
359 1 2 2619 1 9 1
360 1 2 2626 8587 97801 12880
361 0 5 2633 1 4 1
362 1 5 2641 4 12 6
363 1 1 2649 2 17 3
364 1 57 2655 11660 63826 17490
365 1 11 2665 2 6 3
366 0 1 2674 2 17 3
367 0 1 2680 15310 178560 22965
368 1 1 2686 1 9 1
369 0 1 2692 1 12 1
370 1 4 2698 33 116 49
371 0 2 2706 1562 16531 2343
372 0 5 2713 64 239 96
373 1 1 2721 133 1252 199
374 1 25 2727 1 5 1
375 0 2 2736 1 11 1
376 0 2 2743 4660 51727 6990
377 0 62 2750 54 199 81
378 1 1 2760 65 589 97
379 0 2 2766 1 13 1
380 1 3 2773 229 955 343
381 1 1 2781 2 17 3
382 0 3 2788 30 260 45
383 0 2 2795 1 9 1
384 0 3 2802 2 6 3
385 0 5 2810 65 243 97
386 1 2 2818 1355 14249 2032
387 1 6 2825 13 41 19
388 1 2 2833 100 928 150
389 0 2 2840 70 637 105
390 0 1 2847 4122 45516 6183
391 1 4 2852 1 6 1
392 1 1 2860 62 561 93
393 1 2 2866 18 152 27
394 0 3 2873 20 170 30
395 0 1 2880 17 143 25
396 0 5 2886 10307 55998 15460
397 1 2 2894 2388 25752 3582
398 1 3 2901 1 10 1
399 1 8 2908 2 7 3
400 1 16 2916 736 3355 1104
401 1 2 2925 1 9 1
402 0 1 2932 38 335 57
403 1 10 2939 1 5 1
404 1 4 2948 254 1068 381
405 0 4 2956 1 3 1
406 1 1 2964 1 9 1
407 1 12 2971 17 56 25
408 0 4 2980 1 4 1
409 0 3 2988 12682 69773 19023
410 0 2 2996 3 25 4
411 0 2 3003 1 10 1
412 0 4 3010 10 31 15
413 1 1 3018 10 81 15
414 1 7 3024 11 34 16
415 1 1 3032 4777977 68705692 7166965
416 0 2 3039 92 850 138
417 0 3 3046 48 428 72
418 0 35 3054 5 15 7
419 0 7 3063 1 6 1
420 0 1 3071 1 11 1
421 0 3 3076 1 6 1
422 1 2 3084 40 353 60
423 1 5 3091 810 3718 1215
424 0 2 3099 2 17 3
425 1 2 3106 61943 763394 92914
426 0 3 3113 30124 174363 45186
427 0 3 3121 4 12 6
428 0 2 3129 29 251 43
429 0 1 3136 6081 68266 9121
430 1 2 3142 324 3187 486
431 0 4 3149 1045 4885 1567
432 0 4 3157 2 7 3
433 1 11 3165 6692 35400 10038
434 0 19 3174 1 3 1
435 0 3 3183 2574 12802 3861
436 1 3 3191 1 9 1
437 1 11 3198 1 5 1
438 1 3 3207 1 4 1
439 1 6 3215 1 3 1
440 1 3 3223 2 6 3
441 0 3 3231 7 21 10
442 0 6 3239 2017 9868 3025
443 1 9 3247 670 3033 1005
444 1 1 3256 1 10 1
445 1 2 3262 4 33 6
446 0 2 3269 23 197 34
447 0 11 3276 1 3 1
448 1 2 3285 13429 155789 20143
449 0 1 3292 167 1590 250
450 1 5 3299 10 31 15
451 0 1 3307 7 56 10
452 1 4 3314 1 4 1
453 1 3 3322 551 2459 826
454 0 4 3330 1 4 1
455 1 13 3338 4 12 6
456 0 8 3347 492 2177 738
457 1 1 3355 10741 123471 16111
458 1 2 3360 1 10 1
459 1 3 3367 22 74 33
460 0 1 3375 5682 63605 8523
461 1 19 3382 273 1154 409
462 0 4 3391 267 1127 400
463 1 14 3399 1 5 1
464 1 2 3408 3 25 4
465 0 3 3415 1 4 1
466 1 3 3423 41 147 61
467 0 2 3431 6 48 9
468 0 3 3438 80 305 120
469 0 4 3446 301334 1973955 452001
470 1 2 3454 1 10 1
471 1 1 3461 187 1791 280
472 1 2 3468 1 8 1
473 1 1 3475 29 252 43
474 1 4 3481 53 195 79
475 1 4 3489 20 67 30
476 1 2 3497 6273 70514 9409
477 1 2 3504 1 9 1
478 1 3 3511 160 1520 240
479 0 3 3519 1 5 1
480 1 15 3527 14 45 21
481 1 41 3536 38226 224274 57339
482 0 1 3546 377 3736 565
483 1 4 3552 2 7 3
484 1 2 3560 123 1153 184
485 0 9 3567 3 9 4
486 0 5 3576 23 78 34
487 0 1 3584 6929505 100862513 10394257
488 1 1 3590 4872 54183 7308
489 1 3 3596 1 12 1
490 1 1 3603 92 850 138
491 0 1 3610 64053 790413 96079
