0 1 1 5 2 17 3
1 1 7 7 3158 15920 4737
2 0 3 11 2 6 3
3 1 1 15 1507 15923 2260
4 0 3 18 16 52 24
5 1 1 22 24 206 36
6 1 11 25 1 3 1
7 1 10 30 1 3 1
8 0 1 35 380 3767 570
9 1 1 38 57 513 85
10 1 6 40 4 12 6
11 1 6 44 1 6 1
12 0 1 48 1 12 1
13 0 2 51 7 56 10
14 0 3 54 2 6 3
15 1 4 58 24 82 36
16 1 4 62 10630 57862 15945
17 0 3 66 1 3 1
18 1 5 70 1 4 1
19 0 17 74 1 4 1
20 0 8 79 1 4 1
21 0 1 84 1 9 1
22 0 2 87 232 2245 348
23 0 3 90 206 852 309
24 1 7 94 83 318 124
25 1 12 98 2 6 3
26 1 1 103 5 41 7
27 0 1 106 1 9 1
28 0 17 108 84 322 126
29 1 5 113 7 21 10
30 0 5 117 2 7 3
31 1 4 121 52 191 78
32 0 6 125 3 9 4
33 1 6 129 2 7 3
34 0 2 133 1 10 1
35 0 2 136 3 25 4
36 0 1 139 722 7377 1083
37 1 5 141 1 3 1
38 0 3 145 26 89 39
39 0 12 149 4 12 6
40 0 1 154 8 64 12
41 1 3 156 116 457 174
42 1 6 160 7 21 10
43 0 1 164 132 1242 198
44 1 5 167 1 4 1
45 0 12 171 1 4 1
46 0 15 176 1 4 1
47 0 1 181 1 10 1
48 0 9 183 24 82 36
49 1 3 188 11 34 16
50 0 1 192 1 9 1
51 1 4 195 576 2579 864
52 1 1 199 1 10 1
53 0 5 201 3 10 4
54 1 3 205 32 279 48
55 1 1 209 31 270 46
56 0 5 211 11 34 16
57 0 31 215 1 3 1
58 0 3 221 21 179 31
59 1 1 225 9 73 13
60 0 5 227 1 6 1
61 1 5 231 32 112 48
62 0 5 235 112 440 168
63 1 1 239 124 1163 186
64 0 5 241 307 1310 460
65 0 22 245 4 12 6
66 0 4 250 2 7 3
67 1 5 254 1 3 1
68 1 1 258 1 9 1
69 0 2 260 17 143 25
70 1 4 263 9 27 13
71 1 1 267 71 647 106
72 1 6 270 4 12 6
73 0 3 274 13 41 19
74 0 1 278 6 48 9
75 0 1 281 2 17 3
76 0 2 284 3 25 4
77 1 16 287 1 3 1
78 0 1 292 3 25 4
79 1 2 294 235 2276 352
80 1 3 297 4100 21024 6150
81 0 3 301 1444 15228 2166
82 0 1 305 1 9 1
83 1 1 308 9 72 13
84 0 1 311 1 9 1
85 1 3 313 132 526 198
86 1 5 317 48 175 72
87 1 9 321 1 4 1
88 0 63 326 1 4 1
89 0 4 332 4 12 6
90 0 10 336 2 7 3
91 0 2 341 41 363 61
92 0 1 344 430 4288 645
93 0 2 346 543 5475 814
94 1 1 349 874 9009 1311
95 0 9 352 89 343 133
96 0 9 357 1 5 1
97 1 10 362 1 4 1
98 0 8 367 1 4 1
99 1 1 372 1 12 1
100 1 12 375 2899 14532 4348
101 0 20 380 1 4 1
102 0 3 385 21 179 31
103 0 1 389 1 9 1
104 1 8 391 5 15 7
105 0 1 396 1 9 1
106 0 5 399 1 4 1
107 1 1 403 870 8966 1305
108 1 3 405 5 15 7
109 1 27 409 2 6 3
110 1 4 415 6 18 9
111 0 11 419 2702 13482 4053
112 0 3 424 2881 14436 4321
113 0 1 428 89 821 133
114 0 2 430 1 9 1
115 0 2 433 1 10 1
116 1 15 436 1 3 1
117 0 3 441 79 724 118
118 1 6 445 1 4 1
119 1 1 449 162677 2079153 244015
120 0 1 452 20 170 30
121 0 12 455 44 159 66
122 0 2 460 15 125 22
123 0 8 463 1 3 1
124 0 9 468 23815 135992 35722
125 0 3 473 8858 47681 13287
126 1 7 477 1 4 1
127 1 1 481 4 33 6
128 0 2 484 1 9 1
129 1 2 487 13 107 19
130 0 1 490 5901 66161 8851
131 0 17 492 32 112 48
132 0 1 497 565 5707 847
133 0 2 500 8 64 12
134 0 4 503 22 74 33
135 1 3 507 10446 56800 15669
136 1 3 511 1 4 1
137 0 3 515 1 5 1
138 1 2 519 5 40 7
139 1 4 522 60 223 90
140 0 2 526 1 9 1
141 1 10 529 1 5 1
142 1 3 534 4 13 6
143 1 16 538 4 12 6
144 0 4 543 1 4 1
145 0 2 547 9861 112956 14791
146 0 4 550 1 4 1
147 0 17 554 1 5 1
148 1 3 559 1 4 1
149 1 1 563 1 9 1
150 1 2 566 10470 120229 15705
151 1 2 569 2 17 3
152 1 4 572 1 3 1
153 1 6 576 458 2015 687
154 0 6 580 140 561 210
155 1 1 584 60 542 90
156 1 2 587 294 2878 441
157 0 28 590 29151 168415 43726
158 1 3 596 2 6 3
159 1 2 600 6 48 9
160 0 8 603 148 595 222
161 1 68 608 28 97 42
162 1 1 614 1 11 1
163 1 1 616 1 9 1
164 1 2 619 7 56 10
165 1 1 622 19 161 28
166 1 2 624 1 10 1
167 1 13 627 8 24 12
168 1 2 632 4 33 6
169 0 2 635 3 25 4
170 0 9 638 1 5 1
171 1 3 643 28 97 42
172 0 12 647 1 4 1
173 1 2 652 34 298 51
174 0 2 655 3794 41745 5691
175 1 2 658 444 4434 666
176 0 1 661 191 1831 286
177 0 3 663 120 1123 180
178 0 3 667 69 627 103
179 0 2 671 4 33 6
180 0 4 674 99 385 148
181 0 4 678 1 3 1
182 1 3 682 153 617 229
183 1 1 686 1 10 1
184 1 3 688 9 27 13
185 0 4 692 87 334 130
186 1 1 696 1 9 1
187 1 23 699 210 870 315
188 1 8 704 1 3 1
189 1 7 709 1 4 1
190 0 3 713 2333 11527 3499
191 1 2 717 1 9 1
192 0 3 720 6 18 9
193 1 4 724 2411 11939 3616
194 0 5 728 1 4 1
195 0 5 732 3 10 4
196 0 2 736 5299 59142 7948
197 0 3 739 1 4 1
198 1 4 743 1 3 1
199 1 1 747 1 9 1
200 0 9 750 6 18 9
201 0 24 755 2 6 3
202 0 10 760 55723 333884 83584
203 0 10 765 1 3 1
204 1 1 770 2 17 3
205 0 2 773 219 2114 328
206 1 2 776 1 10 1
207 0 2 779 1 9 1
208 0 24 782 1 5 1
209 0 3 787 30241 175079 45361
210 1 1 791 1 9 1
211 0 2 793 1651 17516 2476
212 0 5 796 5 15 7
213 1 3 800 1 3 1
214 1 3 804 1 5 1
215 0 1 808 611 6194 916
216 0 4 809 1931 9420 2896
217 1 29 813 1 4 1
218 0 6 819 76 289 114
219 1 3 823 12 99 18
220 0 1 827 2 17 3
221 1 1 829 4 33 6
222 0 2 831 53 475 79
223 1 1 834 3472 38056 5208
224 0 5 836 441 1935 661
225 1 11 840 15 48 22
226 1 5 845 90 347 135
227 1 2 849 3 25 4
228 1 8 852 20 67 30
229 1 2 857 9460 108177 14190
230 1 2 860 3 25 4
231 0 2 863 31 270 46
232 0 1 866 981 10166 1471
233 0 5 868 392 1705 588
234 1 1 872 1 9 1
235 1 6 874 8427 45222 12640
236 0 1 878 1 10 1
237 1 2 881 261 2541 391
238 1 4 884 4 12 6
239 0 1 888 1 10 1
240 1 1 889 3652 40117 5478
241 1 4 891 494 2186 741
242 0 1 895 1 10 1
243 1 6 898 2986 14998 4479
244 1 2 902 1 10 1
245 0 5 905 43 155 64
246 0 3 909 1 11 1
247 1 1 913 1 9 1
248 0 5 915 1 4 1
249 1 2 919 10 81 15
250 0 5 922 12 38 18
251 1 6 926 14 45 21
252 0 2 930 7 56 10
253 0 4 933 2179 10717 3268
254 1 3 937 34 120 51
255 0 1 941 1 10 1
256 1 10 944 1 3 1
257 0 4 949 2 6 3
258 1 2 953 13575 157552 20362
259 1 38 956 1034878 7201977 1552317
260 1 2 962 30 261 45
261 1 4 965 11064 60371 16596
262 0 4 969 4 12 6
263 1 7 973 1 3 1
264 1 3 978 7 21 10
265 1 23 982 191 785 286
266 1 2 987 1 9 1
267 1 3 990 61 227 91
268 0 6 994 1471 7043 2206
269 1 1 998 5120 57061 7680
270 0 2 999 1 10 1
271 0 1 1002 8 64 12
272 0 4 1003 1 5 1
273 1 1 1007 1 10 1
274 0 6 1009 2 7 3
275 1 4 1013 3 10 4
276 1 3 1017 11 34 16
277 1 2 1021 15768 184122 23652
278 0 4 1024 205 847 307
279 1 1 1028 396 3933 594
280 1 3 1031 67986 411840 101979
281 1 17 1035 161 652 241
282 0 8 1040 13 41 19
283 1 1 1045 12 99 18
284 0 4 1047 7 21 10
285 1 2 1051 4 32 6
286 0 1 1054 2 17 3
287 0 1 1057 1 12 1
288 0 2 1059 114 1064 171
289 0 4 1062 1 5 1
290 1 1 1066 1 10 1
291 1 2 1068 1 9 1
292 0 1 1071 1 14 1
293 1 1 1073 137111 1741308 205666
294 0 16 1076 217 901 325
295 1 4 1081 4208 21614 6312
296 0 2 1085 37 325 55
297 0 2 1088 13 108 19
298 1 15 1091 2 6 3
299 0 9 1096 3 10 4
300 1 1 1101 2 17 3
301 1 2 1103 608 6162 912
302 1 4 1106 1 4 1
303 0 34 1110 1 6 1
304 0 1 1116 1717 18248 2575
305 1 4 1118 142 569 213
306 0 1 1122 96 889 144
307 1 8 1124 586 2627 879
308 0 3 1129 2 17 3
309 0 2 1133 106 986 159
310 1 6 1136 85 326 127
311 0 1 1140 31356 376337 47034
312 1 2 1142 3 25 4
313 1 2 1145 3 25 4
314 0 3 1148 24 82 36
315 1 2 1152 593 6003 889
316 0 5 1155 8 24 12
317 1 2 1159 2400 25887 3600
318 1 3 1162 83 318 124
319 1 6 1166 256 1077 384
320 0 2 1170 13 108 19
321 0 2 1173 1 12 1
322 0 4 1176 2 7 3
323 0 2 1180 1 10 1
324 1 6 1183 56 207 84
325 1 2 1187 126 1183 189
326 1 4 1190 15 48 22
327 0 4 1194 1 4 1
328 1 12 1198 1 4 1
329 1 1 1203 5 40 7
330 1 11 1205 1 4 1
331 0 3 1210 1 10 1
332 1 17 1214 1 4 1
333 1 1 1219 1 10 1
334 0 1 1220 1 11 1
335 0 1 1223 88 811 132
336 1 1 1225 3425 37519 5137
337 1 2 1226 2 17 3
338 1 3 1229 1 9 1
339 0 1 1233 1 11 1
340 0 2 1236 1729 18381 2593
341 1 7 1239 10 31 15
342 0 10 1244 11 34 16
343 0 4 1249 52 191 78
344 0 3 1253 3 25 4
345 0 3 1257 808659 10948757 1212988
346 1 3 1261 322 3166 483
347 0 2 1264 34 297 51
348 1 4 1267 1 4 1
349 1 13 1271 209 865 313
350 1 3 1276 1 10 1
351 0 1 1280 1 10 1
352 1 7 1282 2 6 3
353 1 1 1286 11 90 16
354 1 2 1289 76 695 114
355 1 2 1292 1916 20462 2874
356 1 8 1295 1 4 1
357 0 3 1300 7 56 10
358 1 2 1304 3074 33517 4611
359 0 1 1307 1 9 1
360 0 1 1309 1 9 1
361 0 1 1311 2 17 3
362 0 4 1313 8 24 12
363 0 3 1317 1404 6701 2106
364 0 10 1321 649 2931 973
365 0 5 1326 7 21 10
366 1 3 1330 1 8 1
367 1 2 1334 2 17 3
368 0 2 1337 1 9 1
369 1 2 1340 19 161 28
370 0 2 1343 39 344 58
371 0 3 1346 1 10 1
372 1 1 1349 2 17 3
373 1 1 1351 481 4822 721
374 0 3 1354 1 9 1
375 1 51 1358 103 402 154
376 0 2 1364 8 64 12
377 0 1 1367 2 17 3
378 0 3 1368 85858 526739 128787
379 0 4 1372 1 4 1
380 0 2 1376 1 11 1
381 0 4 1379 1 3 1
382 1 9 1383 1 3 1
383 1 1 1388 4 33 6
384 0 5 1390 3 10 4
385 1 4 1394 1362 6486 2043
386 0 3 1398 10 31 15
387 1 3 1402 6 48 9
388 0 1 1406 1 9 1
389 0 1 1409 24 206 36
390 0 2 1411 1 10 1
391 0 2 1414 34 298 51
392 1 1 1417 1 9 1
393 0 1 1419 4478 49622 6717
394 0 1 1422 101 937 151
395 1 2 1424 1377 14491 2065
396 0 5 1427 305 1301 457
397 0 19 1431 1 3 1
398 1 14 1436 1 3 1
399 1 1 1441 211 2033 316
400 0 9 1444 1 5 1
401 0 6 1449 43 155 64
402 0 4 1453 1 4 1
403 0 1 1457 19363 227981 29044
404 0 1 1460 1 9 1
405 0 46 1463 1 4 1
406 0 3 1469 1 5 1
407 0 4 1473 1 3 1
408 1 2 1477 2618 28346 3927
409 1 2 1480 1 10 1
410 1 2 1483 483 4843 724
411 1 1 1486 11 90 16
412 1 5 1489 1 5 1
413 1 1 1493 31 270 46
414 1 2 1495 157 1490 235
415 1 2 1498 15 125 22
416 0 9 1501 235 982 352
417 0 6 1506 28 97 42
418 0 1 1510 11 90 16
419 1 1 1512 1 10 1
420 1 2 1513 1 9 1
421 0 1 1516 31 270 46
422 1 3 1519 57946 712306 86919
423 0 1 1523 1 13 1
424 0 2 1526 1 9 1
425 1 1 1529 3 25 4
426 0 3 1532 2 17 3
427 1 4 1536 473 2087 709
428 0 3 1540 48 175 72
429 1 6 1544 3 10 4
430 1 9 1548 13 41 19
431 0 7 1553 8 24 12
432 0 2 1557 1 9 1
433 0 1 1560 1 9 1
434 0 2 1563 3 25 4
435 1 11 1566 1 4 1
436 0 12 1571 248 1041 372
437 0 3 1576 4845 25112 7267
438 1 4 1580 1 4 1
439 0 5 1584 1 3 1
440 1 1 1588 83 763 124
441 0 1 1591 72 656 108
442 1 4 1593 1 3 1
443 0 5 1597 5 15 7
444 1 1 1601 112 1045 168
445 0 5 1603 77 293 115
446 1 5 1607 1 4 1
447 0 2 1611 1 8 1
448 0 1 1614 5 41 7
449 0 3 1617 1 4 1
450 0 3 1621 1 4 1
451 0 4 1625 1 5 1
452 0 7 1629 1 5 1
453 0 11 1633 1445 6910 2167
454 1 21 1638 5 15 7
455 1 10 1643 20 66 30
456 0 1 1648 111 1035 166
457 1 3 1651 1 10 1
458 1 2 1655 9 72 13
459 1 1 1658 1 9 1
460 1 3 1660 3 9 4
461 1 2 1664 69 628 103
462 1 1 1667 2 17 3
463 0 2 1670 920 9506 1380
464 1 5 1673 91 351 136
465 0 2 1677 1 9 1
466 0 4 1680 1 3 1
467 0 4 1684 21 70 31
468 1 17 1688 5384 28093 8076
469 1 2 1693 1 10 1
470 0 2 1696 535 5390 802
471 1 1 1699 1143 11927 1714
472 1 10 1702 10 31 15
473 1 3 1707 1 9 1
474 1 2 1711 25176 299550 37764
475 1 3 1714 1 4 1
476 0 8 1718 40 143 60
477 1 4 1723 1 4 1
478 1 3 1727 1 10 1
479 0 1 1731 2 17 3
480 1 1 1734 457 4570 685
481 0 3 1736 269 2623 403
482 0 8 1740 1 4 1
483 1 6 1745 72 272 108
484 1 11 1749 1 4 1
485 0 2 1754 1436 15140 2154
486 0 2 1757 517 5200 775
487 0 6 1760 5 15 7
488 1 4 1764 9 27 13
489 0 1 1768 2 17 3
490 0 6 1771 152 613 228
491 1 1 1775 1 10 1
492 1 1 1778 13 107 19
493 0 1 1781 1266 13272 1899
494 1 3 1783 6966 78649 10449
495 0 30 1787 1 4 1
496 0 2 1793 1 8 1
497 1 3 1796 65 244 97
498 1 4 1800 1 4 1
499 0 3 1804 2246 11069 3369
500 0 14 1808 1 4 1
501 0 4 1813 31 108 46
502 0 3 1817 1 4 1
503 1 1 1821 1 10 1
504 1 1 1824 1 9 1
505 0 5 1826 1 4 1
506 0 10 1830 235 982 352
507 0 2 1835 93 860 139
508 0 11 1838 3 10 4
509 0 11 1843 2 6 3
510 1 1 1848 1 9 1
511 0 17 1849 1 4 1
512 0 1 1854 1 11 1
513 1 1 1856 3 25 4
514 0 11 1858 58 215 87
515 1 1 1863 475 4759 712
516 1 6 1865 1 4 1
517 0 2 1869 2 17 3
518 0 6 1872 1 4 1
519 1 1 1876 1926 20574 2889
520 1 4 1878 1 3 1
521 1 2 1882 1 12 1
522 0 2 1885 521 5242 781
523 1 1 1888 160013 2043855 240019
524 0 1 1891 1 9 1
525 0 4 1894 16 52 24
526 0 4 1898 158 639 237
527 1 1 1902 34 297 51
528 0 13 1905 33 116 49
529 1 21 1910 1 4 1
530 0 1 1915 59562 732946 89343
531 1 6 1916 1 4 1
532 1 4 1920 1 3 1
533 1 3 1924 1 9 1
534 0 3 1928 16 52 24
535 0 2 1932 1 8 1
536 0 5 1935 8 24 12
537 1 5 1939 53 195 79
538 1 5 1943 20999 119037 31498
539 1 3 1947 157 635 235
540 1 2 1951 1 10 1
541 0 4 1954 593 2661 889
542 1 1 1958 1 9 1
543 0 3 1960 261 2541 391
544 0 4 1964 650 2936 975
545 1 3 1968 45 400 67
546 1 1 1972 47535 579875 71302
547 1 2 1974 3 25 4
548 0 1 1977 12 98 18
549 1 2 1979 7 56 10
550 0 3 1982 1 11 1
551 0 9 1985 6 18 9
552 0 8 1990 1 5 1
553 1 2 1995 1 13 1
554 1 3 1998 657 6683 985
555 1 3 2002 412 1798 618
556 0 10 2006 38 135 57
557 1 4 2011 1 4 1
558 1 4 2015 140 561 210
559 0 1 2019 33 288 49
560 0 1 2022 33 288 49
561 1 5 2024 231 964 346
562 0 2 2028 326 3208 489
563 1 1 2031 1290 13535 1935
564 0 48 2032 4 12 6
565 0 6 2038 1 5 1
566 1 1 2042 1 11 1
567 0 2 2043 1 10 1
568 0 7 2046 1 4 1
569 0 5 2050 66 247 99
570 1 5 2054 1 4 1
571 0 1 2058 1 10 1
572 1 3 2059 23 78 34
573 0 7 2063 1 3 1
574 1 27 2067 178 727 267
575 0 2 2073 5630 62998 8445
576 1 2 2076 1 12 1
577 1 2 2079 86 792 129
578 0 6 2082 10 31 15
579 0 4 2086 2 7 3
580 1 1 2090 342 3373 513
581 1 1 2093 5 41 7
582 1 17 2096 1694 8190 2541
583 1 3 2101 1 4 1
584 1 1 2105 1 11 1
585 1 1 2108 1 9 1
586 1 8 2111 1 3 1
587 1 5 2116 1 5 1
588 0 3 2120 1 4 1
589 1 7 2124 52 191 78
590 0 4 2128 19176 108126 28764
591 1 4 2132 1187 5599 1780
592 1 21 2136 5 15 7
593 0 1 2141 1 9 1
594 1 4 2144 48587 288921 72880
595 0 2 2148 1 11 1
596 0 5 2151 2 7 3
597 0 1 2155 1 10 1
598 0 2 2157 143 1351 214
599 0 6 2160 1 5 1
600 1 3 2164 1697 18026 2545
601 0 12 2168 855 3940 1282
602 1 4 2173 1 6 1
603 1 1 2177 1 10 1
604 0 1 2179 811 8331 1216
605 0 1 2181 1 9 1
606 0 4 2184 24 81 36
607 1 1 2188 1 11 1
608 1 2 2191 10 81 15
609 0 6 2194 1 4 1
610 0 11 2198 50 183 75
611 0 2 2203 1 10 1
612 1 2 2206 37 325 55
613 1 4 2209 293 1246 439
614 0 2 2213 1 9 1
615 1 2 2216 48 428 72
616 1 2 2219 1 9 1
617 0 12 2222 1 4 1
618 1 10 2227 1 3 1
619 1 1 2232 101 937 151
620 0 2 2234 133 1252 199
621 1 3 2237 1 3 1
622 1 1 2241 185 1770 277
623 0 1 2244 1 9 1
624 1 24 2246 29 100 43
625 0 2 2251 127336 1612711 191004
626 1 2 2254 1 9 1
627 1 7 2257 1 4 1
628 0 7 2261 8 24 12
629 0 3 2266 1 4 1
630 1 2 2270 3 25 4
631 0 2 2273 106 986 159
632 0 7 2276 43 155 64
633 0 2 2280 835 8589 1252
634 1 25 2283 2 7 3
635 0 2 2288 1 14 1
636 0 4 2291 1 3 1
637 1 2 2295 6 48 9
638 0 1 2298 27 233 40
639 1 3 2300 5 15 7
640 1 5 2304 56 207 84
641 0 55 2308 1 6 1
642 1 2 2314 3 25 4
643 1 1 2317 3 25 4
644 0 2 2318 29 251 43
645 1 24 2321 3 9 4
646 1 2 2326 1 9 1
647 1 5 2329 1 4 1
648 0 3 2333 46 409 69
649 1 1 2337 83 763 124
650 1 1 2340 1 9 1
651 1 12 2342 3 9 4
652 0 2 2347 103 957 154
653 0 4 2350 121 479 181
654 0 6 2354 1 3 1
655 0 1 2358 26 224 39
656 0 4 2361 525 2334 787
657 1 2 2365 37 325 55
658 1 9 2368 1 4 1
659 1 2 2373 10 81 15
660 0 1 2376 6 48 9
661 1 10 2377 1 3 1
662 1 5 2382 23 78 34
663 0 5 2386 5 15 7
664 0 5 2390 102 398 153
665 1 7 2394 1 4 1
666 1 1 2398 1 11 1
667 1 2 2401 2 17 3
668 1 6 2404 1683 8133 2524
669 0 9 2408 138 552 207
670 1 5 2413 1 3 1
671 0 6 2417 3 9 4
672 1 5 2421 7 21 10
673 1 3 2425 1 4 1
674 1 2 2429 680 6929 1020
675 1 1 2432 1 9 1
676 1 7 2435 2 7 3
677 0 4 2439 44 159 66
678 1 4 2443 1 5 1
679 1 2 2447 1 9 1
680 1 3 2450 1 4 1
681 0 4 2454 1 4 1
682 0 3 2458 10062 115355 15093
683 0 2 2462 1 9 1
684 0 10 2465 7 21 10
685 1 2 2470 65 590 97
686 0 1 2473 1 9 1
687 1 2 2475 1 9 1
688 1 1 2478 90 830 135
689 0 14 2480 1134 5332 1701
690 1 2 2485 216486 2796141 324729
691 1 7 2488 8 24 12
692 1 2 2492 1813 19315 2719
693 1 3 2495 1 4 1
694 1 5 2499 29 101 43
695 1 6 2503 1 3 1
696 0 2 2507 3962 43675 5943
697 1 12 2510 280 1186 420
698 0 3 2515 6 48 9
699 1 1 2519 1 9 1
700 1 2 2521 8212 93356 12318
701 1 2 2524 1 8 1
702 1 4 2527 460 2025 690
703 1 2 2531 24 206 36
704 0 5 2534 39252 230638 58878
705 1 2 2538 7 56 10
706 1 1 2541 1 9 1
707 1 2 2544 304 2981 456
708 1 2 2547 64663 798230 96994
709 1 3 2550 1 3 1
710 1 1 2554 141 1331 211
711 1 1 2556 1 9 1
712 0 7 2558 2 7 3
713 1 1 2562 1 10 1
714 1 1 2564 742 7591 1113
715 0 3 2565 3220 35179 4830
716 1 6 2569 5 15 7
717 1 3 2573 19 63 28
718 1 3 2577 339 1458 508
719 1 3 2581 1 4 1
720 1 2 2585 2327 25066 3490
721 1 2 2588 1 12 1
722 1 1 2591 1 9 1
723 0 1 2593 352 3476 528
724 0 2 2595 175 1670 262
725 0 8 2598 1284 6090 1926
726 0 1 2603 91 840 136
727 0 2 2605 2215 23808 3322
728 0 28 2608 313 1338 469
729 1 1 2614 2 17 3
730 0 2 2616 1 10 1
731 1 1 2619 1 11 1
732 1 2 2621 1 9 1
733 0 2 2624 73950 917567 110925
734 1 3 2627 32 112 48
735 1 6 2631 29 100 43
736 1 4 2635 8 24 12
737 1 3 2639 30 104 45
738 1 7 2643 22 74 33
739 0 2 2647 1 11 1
740 1 7 2650 71 268 106
741 0 11 2654 8 24 12
742 1 4 2659 1932 9425 2898
743 0 5 2663 4 13 6
744 1 2 2667 3277 35830 4915
745 1 10 2670 2 7 3
746 1 2 2675 344 3394 516
747 0 2 2678 1 9 1
748 1 4 2681 36 127 54
749 1 3 2685 3 25 4
750 0 2 2689 8191 93108 12286
751 1 20 2692 1 6 1
752 1 1 2697 1 10 1
753 0 3 2699 4 12 6
754 1 2 2703 25812 307422 38718
755 1 4 2706 1413 6747 2119
756 0 19 2710 136 543 204
757 1 2 2715 7 56 10
758 0 4 2718 71 268 106
759 1 4 2722 27146 156190 40719
760 1 3 2726 706 3208 1059
761 1 4 2730 21 70 31
762 0 7 2734 1 3 1
763 1 2 2738 190 1821 285
764 0 2 2741 25 215 37
765 1 2 2744 6 48 9
766 1 3 2747 39 139 58
767 1 17 2751 46 167 69
768 0 2 2756 1 9 1
769 0 3 2759 387 1681 580
770 0 3 2763 13 41 19
771 1 7 2767 1 4 1
772 0 3 2771 2 17 3
773 0 4 2774 1 5 1
774 1 2 2778 28147 336385 42220
775 1 2 2781 388 3850 582
776 1 6 2784 12 38 18
777 1 69 2788 16 52 24
778 1 3 2794 1 4 1
779 1 3 2798 1 3 1
780 1 1 2802 1 9 1
781 1 4 2805 1 4 1
782 1 2 2809 20 170 30
783 0 6 2812 18 59 27
784 1 1 2816 11 90 16
785 1 4 2817 1 4 1
786 1 2 2821 1 11 1
787 1 12 2824 234 977 351
788 1 2 2829 24 206 36
789 0 7 2832 1 4 1
790 1 2 2836 409 4069 613
791 1 1 2839 1 9 1
792 0 8 2842 57 211 85
793 1 2 2847 1 9 1
794 0 4 2850 4 12 6
795 0 6 2854 1 4 1
796 0 6 2858 206 852 309
797 0 1 2862 2189 23516 3283
798 1 7 2865 12 38 18
799 0 1 2870 1 9 1
800 0 1 2871 58 523 87
801 1 5 2874 3 10 4
802 0 1 2878 1 11 1
803 1 1 2880 1 10 1
804 0 12 2883 177 723 265
805 1 1 2888 3 25 4
806 1 1 2890 10 81 15
807 0 1 2892 1 11 1
808 1 1 2894 5172 57666 7758
809 1 5 2897 2 6 3
810 0 3 2901 34 298 51
811 1 2 2905 8 64 12
812 0 4 2908 4 12 6
813 0 5 2912 487 2153 730
814 0 3 2916 6 48 9
815 1 7 2920 20 66 30
816 1 4 2925 52 191 78
817 0 1 2929 4 33 6
818 1 2 2931 62 561 93
819 1 1 2934 9 72 13
820 1 3 2937 1 3 1
821 1 3 2941 1 6 1
822 1 18 2945 1534 7366 2301
823 1 3 2950 353 1523 529
824 0 1 2954 1 9 1
825 0 9 2956 1 3 1
826 1 1 2961 1 11 1
827 0 4 2963 1787 8671 2680
828 1 3 2967 63 570 94
829 0 4 2971 18 59 27
830 1 9 2975 24166 138114 36249
831 0 6 2980 26984 155205 40476
832 0 1 2984 1 10 1
833 1 5 2986 3 9 4
834 0 4 2990 66 247 99
835 0 6 2994 8 24 12
836 1 2 2998 94 869 141
837 0 1 3001 1 9 1
838 1 12 3004 22 74 33
839 1 4 3009 1 4 1
840 1 1 3013 82 753 123
841 0 1 3016 43 381 64
842 1 10 3019 26392 151606 39588
843 0 2 3024 10994 126500 16491
844 1 23 3027 229321 1481481 343981
845 0 8 3032 1 4 1
846 1 1 3037 12 99 18
847 1 2 3040 381 3777 571
848 1 12 3043 4 12 6
849 1 2 3048 1 9 1
850 1 3 3051 3 10 4
851 0 18 3055 1 4 1
852 1 1 3060 1 9 1
853 1 4 3062 1 4 1
854 0 30 3066 2 7 3
855 1 4 3072 84 322 126
856 0 2 3076 25 215 37
857 1 6 3079 1 3 1
858 0 1 3083 2 17 3
859 1 1 3085 12 99 18
860 0 5 3087 3 10 4
861 0 3 3091 1 3 1
862 0 2 3095 1 10 1
863 0 2 3098 1 9 1
864 1 12 3101 4 12 6
865 0 4 3106 34 120 51
866 1 3 3110 3 25 4
867 1 10 3114 101 393 151
868 1 2 3119 13765 159848 20647
869 0 5 3122 27 93 40
870 0 6 3126 1 5 1
871 1 1 3130 2 17 3
872 0 1 3133 7628 86451 11442
873 1 7 3135 1 3 1
874 0 5 3139 1 5 1
875 1 3 3143 1 3 1
876 0 4 3147 32945 191668 49417
877 1 5 3151 59 219 88
878 0 2 3155 210 2023 315
879 1 1 3158 2596 28098 3894
880 1 2 3159 1 9 1
881 0 3 3162 1 4 1
882 1 3 3166 87 335 130
883 0 1 3170 47 419 70
884 0 5 3172 126 500 189
885 0 7 3176 12 38 18
886 0 5 3180 56 207 84
887 1 1 3184 73 666 109
888 1 1 3185 1 9 1
889 1 1 3187 53 475 79
890 0 2 3190 110 1025 165
891 1 1 3193 663 6747 994
892 0 2 3196 4862 54067 7293
893 0 3 3199 4 33 6
894 1 6 3203 263 1109 394
895 1 22 3207 2 6 3
896 1 4 3212 1 4 1
897 0 29 3216 1 4 1
898 0 2 3222 11 90 16
899 0 4 3225 1 3 1
900 0 2 3229 676 6886 1014
901 0 9 3232 127 504 190
902 0 2 3237 152 1440 228
903 1 2 3240 1 10 1
904 0 3 3243 272 1150 408
905 1 15 3247 1652 7973 2478
906 0 2 3252 3 25 4
907 1 3 3255 456 2006 684
908 0 1 3259 4 33 6
909 0 2 3261 1 11 1
910 0 11 3264 7 21 10
911 0 10 3269 42 151 63
912 1 2 3274 15 125 22
913 0 3 3277 2 17 3
914 1 1 3281 1 11 1
915 0 1 3284 28402 339554 42603
916 1 5 3286 431 1888 646
917 1 2 3290 2 17 3
918 1 2 3293 1 11 1
919 1 3 3296 1 3 1
920 0 1 3300 29 252 43
921 0 5 3303 1 4 1
922 1 4 3307 1 6 1
923 1 8 3311 85 326 127
924 1 2 3316 1 9 1
925 0 2 3319 1 9 1
926 1 5 3322 1 4 1
927 0 1 3326 88 811 132
928 0 2 3328 1 8 1
929 0 5 3331 9 27 13
930 1 3 3335 1 9 1
931 1 3 3338 2 7 3
932 0 5 3342 1 4 1
933 0 2 3346 17 143 25
934 0 2 3349 1 9 1
935 1 2 3352 467 4675 700
936 0 2 3355 1 10 1
937 0 2 3358 1 9 1
938 1 1 3361 7975 90552 11962
939 0 4 3363 1933 9430 2899
940 1 4 3367 15 48 22
941 1 4 3371 8 24 12
942 1 3 3375 1 5 1
943 0 2 3379 3867 42583 5800
944 0 1 3382 5 40 7
945 0 1 3385 44 391 66
946 1 2 3388 1 12 1
947 1 1 3391 5979 67073 8968
948 1 3 3393 11 90 16
949 1 5 3397 3 9 4
950 0 1 3401 4 33 6
951 0 3 3403 1 9 1
952 0 1 3407 1 9 1
953 1 3 3410 388 1686 582
954 0 11 3414 891 4118 1336
955 1 6 3419 2 7 3
956 1 1 3423 5 41 7
957 1 3 3426 394 1714 591
958 1 1 3430 31 270 46
959 0 5 3433 1181 5569 1771
960 1 1 3437 5 40 7
961 1 5 3439 2 6 3
962 1 10 3443 1 5 1
963 0 18 3448 1 5 1
964 0 3 3453 10 81 15
965 0 3 3457 74 281 111
966 0 1 3461 1 9 1
967 1 8 3462 11 34 16
968 0 8 3467 79983 488818 119974
969 0 3 3472 54 199 81
970 1 7 3476 4 12 6
971 1 1 3481 1 9 1
972 1 14 3483 1 4 1
973 0 1 3488 6 48 9
974 0 2 3491 1070 11132 1605
975 1 2 3494 851 8761 1276
976 0 12 3497 2 7 3
977 1 1 3502 1 10 1
978 1 1 3503 1 11 1
979 0 3 3505 6 18 9
980 0 2 3509 271 2643 406
981 1 2 3512 2724 29545 4086
982 1 1 3515 1 10 1
983 1 2 3518 5 40 7
984 1 5 3521 2 6 3
985 0 1 3525 708 7227 1062
986 1 13 3528 4 12 6
987 1 6 3533 64 239 96
988 1 1 3537 3 25 4
989 1 4 3539 3890 19879 5835
990 0 1 3543 5 40 7
991 0 1 3546 1 9 1
992 1 5 3549 989 4605 1483
993 1 1 3553 262 2551 393
994 0 2 3556 1 10 1
995 1 11 3559 1 3 1
996 0 1 3564 50 447 75
997 0 2 3566 348 3435 522
998 0 12 3569 5 15 7
999 0 1 3574 426 4246 639
1000 0 3 3577 2 7 3
1001 0 5 3581 1 5 1
1002 0 2 3585 1 9 1
1003 0 2 3588 91 840 136
1004 0 1 3591 171 1630 256
1005 1 1 3594 1 11 1
1006 1 1 3596 2255 24256 3382
1007 0 1 3598 459 4591 688
1008 1 4 3599 1 4 1
1009 0 21 3603 1 6 1
1010 0 6 3608 1 4 1
